1,273,154,577,231,147,1,-1,-1,-1
2,273,154,577,231,147,1,-1,-1,-1
3,273,154,577,231,147,1,-1,-1,-1
4,273,154,577,231,147,1,-1,-1,-1
5,273,154,577,231,147,1,-1,-1,-1
6,273,154,577,231,147,1,-1,-1,-1
7,273,154,577,231,147,1,-1,-1,-1
8,273,154,577,231,147,1,-1,-1,-1
9,273,154,577,231,147,1,-1,-1,-1
10,273,154,577,231,147,1,-1,-1,-1
11,273,154,577,231,147,1,-1,-1,-1
12,273,154,577,231,147,1,-1,-1,-1
13,273,154,577,231,147,1,-1,-1,-1
14,273,154,577,231,147,1,-1,-1,-1
15,273,154,577,231,147,1,-1,-1,-1
16,273,154,577,231,147,1,-1,-1,-1
17,273,154,577,231,147,1,-1,-1,-1
18,273,154,577,231,147,1,-1,-1,-1
19,273,154,577,231,147,1,-1,-1,-1
20,273,154,577,231,147,1,-1,-1,-1
21,273,154,577,231,147,1,-1,-1,-1
22,273,154,577,231,147,1,-1,-1,-1
23,273,154,577,231,147,1,-1,-1,-1
24,273,154,577,231,147,1,-1,-1,-1
25,270,1147,208,451,287,1,-1,-1,-1
25,271,460,507,100,87,1,-1,-1,-1
25,273,154,577,231,147,1,-1,-1,-1
26,270,1081,225,438,277,1,-1,-1,-1
26,273,154,577,231,147,1,-1,-1,-1
27,270,1047,234,437,271,1,-1,-1,-1
27,273,154,577,231,147,1,-1,-1,-1
28,270,1011,263,369,236,1,-1,-1,-1
28,271,475,506,106,94,1,-1,-1,-1
28,273,154,577,231,147,1,-1,-1,-1
29,270,968,274,338,232,1,-1,-1,-1
29,271,477,507,108,93,1,-1,-1,-1
29,273,154,577,231,147,1,-1,-1,-1
30,270,932,287,307,220,1,-1,-1,-1
30,271,474,503,116,99,1,-1,-1,-1
30,273,154,577,231,147,1,-1,-1,-1
31,270,920,293,299,215,1,-1,-1,-1
31,271,477,503,117,100,1,-1,-1,-1
31,273,154,577,231,147,1,-1,-1,-1
32,270,875,305,289,205,1,-1,-1,-1
32,271,481,502,120,101,1,-1,-1,-1
32,273,154,577,231,147,1,-1,-1,-1
33,270,863,311,280,194,1,-1,-1,-1
33,271,486,501,120,102,1,-1,-1,-1
33,273,154,577,231,147,1,-1,-1,-1
34,270,822,334,267,176,1,-1,-1,-1
34,271,498,507,121,101,1,-1,-1,-1
34,273,154,577,231,147,1,-1,-1,-1
35,270,804,339,269,170,1,-1,-1,-1
35,271,502,505,122,107,1,-1,-1,-1
35,273,154,577,231,147,1,-1,-1,-1
36,270,779,344,238,172,1,-1,-1,-1
36,271,507,504,126,110,1,-1,-1,-1
36,273,154,577,231,147,1,-1,-1,-1
37,270,770,349,221,167,1,-1,-1,-1
37,271,510,503,131,114,1,-1,-1,-1
37,273,154,577,231,147,1,-1,-1,-1
38,270,742,356,216,167,1,-1,-1,-1
38,271,512,500,136,118,1,-1,-1,-1
38,273,154,577,231,147,1,-1,-1,-1
39,270,731,359,210,165,1,-1,-1,-1
39,271,521,500,139,122,1,-1,-1,-1
39,273,154,577,231,147,1,-1,-1,-1
40,270,724,372,185,158,1,-1,-1,-1
40,271,526,500,142,125,1,-1,-1,-1
40,273,154,577,231,147,1,-1,-1,-1
41,270,718,374,180,154,1,-1,-1,-1
41,271,531,500,148,127,1,-1,-1,-1
41,273,154,577,231,147,1,-1,-1,-1
42,270,696,382,175,147,1,-1,-1,-1
42,271,534,501,152,126,1,-1,-1,-1
42,273,154,577,231,147,1,-1,-1,-1
43,270,681,386,163,144,1,-1,-1,-1
43,271,546,503,160,139,1,-1,-1,-1
43,273,154,577,231,147,1,-1,-1,-1
44,270,671,390,166,142,1,-1,-1,-1
44,271,553,505,162,139,1,-1,-1,-1
44,273,154,577,231,147,1,-1,-1,-1
45,270,663,397,164,136,1,-1,-1,-1
45,271,566,505,173,145,1,-1,-1,-1
45,273,154,577,231,147,1,-1,-1,-1
46,270,651,401,154,134,1,-1,-1,-1
46,271,572,507,177,151,1,-1,-1,-1
46,273,157,577,228,144,1,-1,-1,-1
47,270,644,404,151,131,1,-1,-1,-1
47,271,581,510,174,152,1,-1,-1,-1
47,273,161,577,226,142,1,-1,-1,-1
48,270,627,403,147,131,1,-1,-1,-1
48,271,588,514,202,158,1,-1,-1,-1
48,273,165,578,224,139,1,-1,-1,-1
49,270,624,405,140,129,1,-1,-1,-1
49,271,597,510,217,167,1,-1,-1,-1
49,272,478,513,101,89,1,-1,-1,-1
49,273,169,578,222,137,1,-1,-1,-1
50,270,618,410,135,124,1,-1,-1,-1
50,271,613,521,218,165,1,-1,-1,-1
50,272,479,513,104,89,1,-1,-1,-1
50,273,173,579,220,135,1,-1,-1,-1
51,270,605,414,131,121,1,-1,-1,-1
51,271,633,514,232,187,1,-1,-1,-1
51,272,482,514,105,88,1,-1,-1,-1
51,273,177,579,218,132,1,-1,-1,-1
52,270,600,418,129,125,1,-1,-1,-1
52,271,641,513,246,196,1,-1,-1,-1
52,272,487,514,107,91,1,-1,-1,-1
52,273,181,580,215,130,1,-1,-1,-1
53,270,593,419,126,125,1,-1,-1,-1
53,271,648,513,269,203,1,-1,-1,-1
53,272,492,513,103,91,1,-1,-1,-1
53,273,185,579,213,129,1,-1,-1,-1
54,270,588,419,125,125,1,-1,-1,-1
54,271,675,509,293,232,1,-1,-1,-1
54,272,499,515,120,96,1,-1,-1,-1
54,273,186,576,216,132,1,-1,-1,-1
55,270,577,421,123,123,1,-1,-1,-1
55,271,691,515,297,235,1,-1,-1,-1
55,272,503,516,122,97,1,-1,-1,-1
55,273,186,574,218,133,1,-1,-1,-1
56,270,572,427,121,114,1,-1,-1,-1
56,271,717,517,346,262,1,-1,-1,-1
56,272,509,516,123,98,1,-1,-1,-1
56,273,185,574,222,131,1,-1,-1,-1
57,270,565,429,121,113,1,-1,-1,-1
57,271,752,519,362,316,1,-1,-1,-1
57,272,516,515,123,100,1,-1,-1,-1
57,273,222,575,193,132,1,-1,-1,-1
58,270,561,432,120,111,1,-1,-1,-1
58,271,786,532,467,323,1,-1,-1,-1
58,272,529,515,126,103,1,-1,-1,-1
58,273,221,573,200,132,1,-1,-1,-1
59,270,553,436,115,109,1,-1,-1,-1
59,271,825,539,443,332,1,-1,-1,-1
59,272,537,516,128,111,1,-1,-1,-1
59,273,217,569,204,137,1,-1,-1,-1
60,270,549,439,114,105,1,-1,-1,-1
60,271,874,542,572,382,1,-1,-1,-1
60,272,540,515,137,114,1,-1,-1,-1
60,273,217,565,209,141,1,-1,-1,-1
61,270,544,442,111,102,1,-1,-1,-1
61,271,907,550,619,406,1,-1,-1,-1
61,272,553,515,148,119,1,-1,-1,-1
61,273,217,562,212,145,1,-1,-1,-1
62,270,539,443,111,103,1,-1,-1,-1
62,272,560,514,153,122,1,-1,-1,-1
62,273,222,562,213,146,1,-1,-1,-1
63,270,535,444,111,103,1,-1,-1,-1
63,272,576,513,166,125,1,-1,-1,-1
63,273,227,564,209,144,1,-1,-1,-1
64,270,542,448,94,95,1,-1,-1,-1
64,272,583,512,169,127,1,-1,-1,-1
64,273,235,559,227,148,1,-1,-1,-1
65,270,532,446,94,102,1,-1,-1,-1
65,272,602,510,181,135,1,-1,-1,-1
65,273,244,559,223,147,1,-1,-1,-1
66,270,529,447,94,103,1,-1,-1,-1
66,272,623,512,191,137,1,-1,-1,-1
66,273,241,559,240,137,1,-1,-1,-1
67,270,525,447,94,102,1,-1,-1,-1
67,272,633,511,187,137,1,-1,-1,-1
67,273,261,558,231,148,1,-1,-1,-1
68,270,521,448,94,100,1,-1,-1,-1
68,272,652,501,236,165,1,-1,-1,-1
68,273,268,556,233,140,1,-1,-1,-1
69,270,516,449,95,100,1,-1,-1,-1
69,272,692,501,250,171,1,-1,-1,-1
69,273,283,554,218,140,1,-1,-1,-1
70,270,514,451,94,97,1,-1,-1,-1
70,272,707,502,252,176,1,-1,-1,-1
70,273,299,551,224,140,1,-1,-1,-1
71,272,748,500,277,182,1,-1,-1,-1
71,273,309,551,220,138,1,-1,-1,-1
72,270,505,454,91,98,1,-1,-1,-1
72,272,774,495,348,194,1,-1,-1,-1
72,273,330,541,216,144,1,-1,-1,-1
73,270,503,455,91,97,1,-1,-1,-1
73,272,789,493,333,194,1,-1,-1,-1
73,273,337,538,217,144,1,-1,-1,-1
74,272,873,509,404,205,1,-1,-1,-1
74,273,335,530,241,153,1,-1,-1,-1
75,272,910,469,501,275,1,-1,-1,-1
75,273,366,526,213,154,1,-1,-1,-1
76,272,914,469,528,283,1,-1,-1,-1
76,273,363,526,234,154,1,-1,-1,-1
77,272,1046,484,546,283,1,-1,-1,-1
77,273,394,522,213,159,1,-1,-1,-1
78,273,383,509,240,167,1,-1,-1,-1
79,273,395,502,244,172,1,-1,-1,-1
80,273,408,497,246,176,1,-1,-1,-1
81,273,418,494,250,178,1,-1,-1,-1
82,273,446,490,241,182,1,-1,-1,-1
83,273,459,487,243,184,1,-1,-1,-1
84,273,475,487,242,182,1,-1,-1,-1
85,273,483,483,246,186,1,-1,-1,-1
86,273,509,478,247,194,1,-1,-1,-1
87,273,522,473,252,201,1,-1,-1,-1
88,273,531,473,264,200,1,-1,-1,-1
89,273,558,469,268,205,1,-1,-1,-1
90,273,567,464,281,213,1,-1,-1,-1
91,273,578,459,294,216,1,-1,-1,-1
92,273,601,450,318,233,1,-1,-1,-1
93,273,609,446,337,242,1,-1,-1,-1
94,273,644,444,351,246,1,-1,-1,-1
94,274,1282,300,310,179,1,-1,-1,-1
95,273,656,441,360,252,1,-1,-1,-1
95,274,1217,308,323,175,1,-1,-1,-1
96,273,688,436,399,258,1,-1,-1,-1
96,274,1151,316,336,171,1,-1,-1,-1
97,273,724,427,411,290,1,-1,-1,-1
97,274,1106,321,301,167,1,-1,-1,-1
98,273,725,423,472,304,1,-1,-1,-1
99,273,803,420,478,314,1,-1,-1,-1
100,273,814,414,524,322,1,-1,-1,-1
101,273,886,400,571,352,1,-1,-1,-1
102,273,953,393,626,382,1,-1,-1,-1
103,274,906,393,176,118,1,-1,-1,-1
104,274,882,395,178,122,1,-1,-1,-1
105,274,852,394,178,123,1,-1,-1,-1
106,274,849,393,171,124,1,-1,-1,-1
107,274,818,394,173,127,1,-1,-1,-1
108,274,789,389,174,135,1,-1,-1,-1
109,274,773,398,162,126,1,-1,-1,-1
110,274,768,406,155,118,1,-1,-1,-1
111,274,746,415,149,113,1,-1,-1,-1
112,274,738,416,147,109,1,-1,-1,-1
113,274,719,417,142,110,1,-1,-1,-1
114,274,711,420,140,107,1,-1,-1,-1
115,274,695,426,134,108,1,-1,-1,-1
116,274,687,428,131,105,1,-1,-1,-1
117,274,678,431,132,102,1,-1,-1,-1
118,274,665,432,126,104,1,-1,-1,-1
119,274,656,434,126,103,1,-1,-1,-1
120,274,642,434,120,103,1,-1,-1,-1
121,274,634,436,123,102,1,-1,-1,-1
122,274,626,444,124,90,1,-1,-1,-1
123,274,625,446,117,87,1,-1,-1,-1
125,274,610,450,105,86,1,-1,-1,-1
126,274,604,451,104,85,1,-1,-1,-1
129,275,464,505,100,90,1,-1,-1,-1
130,275,467,505,99,92,1,-1,-1,-1
131,275,469,503,96,92,1,-1,-1,-1
132,275,468,501,116,103,1,-1,-1,-1
134,275,473,506,117,100,1,-1,-1,-1
135,275,476,507,117,100,1,-1,-1,-1
136,275,480,509,118,103,1,-1,-1,-1
137,275,482,507,119,108,1,-1,-1,-1
138,275,485,507,120,111,1,-1,-1,-1
139,275,487,507,122,112,1,-1,-1,-1
140,275,499,514,122,115,1,-1,-1,-1
141,275,502,513,125,120,1,-1,-1,-1
142,275,505,513,131,124,1,-1,-1,-1
143,275,509,513,134,127,1,-1,-1,-1
144,275,510,514,140,129,1,-1,-1,-1
145,275,518,514,149,134,1,-1,-1,-1
146,275,521,515,156,138,1,-1,-1,-1
147,275,525,515,160,143,1,-1,-1,-1
148,275,528,519,160,142,1,-1,-1,-1
149,275,541,521,170,148,1,-1,-1,-1
150,275,546,527,178,155,1,-1,-1,-1
151,275,556,526,194,162,1,-1,-1,-1
152,275,561,530,199,167,1,-1,-1,-1
153,275,566,528,210,178,1,-1,-1,-1
154,275,582,532,220,188,1,-1,-1,-1
155,275,592,535,234,195,1,-1,-1,-1
156,275,599,539,252,202,1,-1,-1,-1
157,275,625,540,269,215,1,-1,-1,-1
158,275,628,552,302,229,1,-1,-1,-1
159,275,659,543,333,260,1,-1,-1,-1
160,275,687,551,306,257,1,-1,-1,-1
161,275,729,539,377,330,1,-1,-1,-1
162,275,744,551,415,338,1,-1,-1,-1
163,275,816,565,454,363,1,-1,-1,-1
164,275,849,609,631,385,1,-1,-1,-1
165,275,923,566,675,558,1,-1,-1,-1
187,276,1271,322,327,157,1,-1,-1,-1
188,276,1205,329,352,146,1,-1,-1,-1
189,276,1097,353,336,141,1,-1,-1,-1
190,276,1090,357,335,140,1,-1,-1,-1
191,276,1048,361,300,138,1,-1,-1,-1
192,276,1054,373,193,123,1,-1,-1,-1
193,276,1006,381,191,119,1,-1,-1,-1
194,276,957,390,190,116,1,-1,-1,-1
195,276,909,398,189,112,1,-1,-1,-1
196,276,882,400,182,112,1,-1,-1,-1
197,276,881,401,171,111,1,-1,-1,-1
198,276,852,404,165,111,1,-1,-1,-1
199,276,828,411,159,108,1,-1,-1,-1
200,276,800,415,156,107,1,-1,-1,-1
201,276,779,419,146,103,1,-1,-1,-1
202,276,774,421,141,102,1,-1,-1,-1
203,276,747,429,139,99,1,-1,-1,-1
204,276,737,432,143,95,1,-1,-1,-1
205,276,717,435,133,93,1,-1,-1,-1
206,276,703,437,132,93,1,-1,-1,-1
207,276,688,440,130,93,1,-1,-1,-1
208,276,678,441,133,92,1,-1,-1,-1
209,276,661,447,129,88,1,-1,-1,-1
210,276,654,447,129,86,1,-1,-1,-1
211,276,646,450,106,85,1,-1,-1,-1
212,276,634,449,120,87,1,-1,-1,-1
213,276,626,451,119,84,1,-1,-1,-1
243,277,1196,386,384,187,1,-1,-1,-1
244,260,454,505,103,86,1,-1,-1,-1
244,277,1137,392,379,179,1,-1,-1,-1
245,260,457,505,106,87,1,-1,-1,-1
245,277,1082,399,366,168,1,-1,-1,-1
246,260,457,494,116,102,1,-1,-1,-1
246,277,1038,402,334,163,1,-1,-1,-1
247,260,461,493,116,103,1,-1,-1,-1
247,277,991,407,313,158,1,-1,-1,-1
248,260,466,496,120,106,1,-1,-1,-1
248,277,976,407,315,156,1,-1,-1,-1
249,260,467,495,122,107,1,-1,-1,-1
249,277,936,416,287,145,1,-1,-1,-1
250,260,472,496,122,107,1,-1,-1,-1
250,277,922,427,219,131,1,-1,-1,-1
251,260,480,494,123,112,1,-1,-1,-1
251,277,883,418,264,145,1,-1,-1,-1
252,260,486,495,123,111,1,-1,-1,-1
252,277,867,426,209,135,1,-1,-1,-1
253,260,488,494,125,114,1,-1,-1,-1
253,277,842,428,199,133,1,-1,-1,-1
254,260,496,499,134,113,1,-1,-1,-1
254,277,832,429,206,131,1,-1,-1,-1
255,260,500,499,141,115,1,-1,-1,-1
255,277,806,434,203,128,1,-1,-1,-1
256,260,505,499,146,118,1,-1,-1,-1
256,277,784,437,189,126,1,-1,-1,-1
257,260,515,500,150,121,1,-1,-1,-1
257,277,764,441,177,121,1,-1,-1,-1
258,260,521,497,154,127,1,-1,-1,-1
258,277,753,443,182,119,1,-1,-1,-1
259,260,528,497,158,129,1,-1,-1,-1
259,277,730,446,175,115,1,-1,-1,-1
260,260,540,496,166,137,1,-1,-1,-1
260,277,722,455,175,112,1,-1,-1,-1
261,260,544,499,177,149,1,-1,-1,-1
261,277,700,458,169,110,1,-1,-1,-1
262,260,553,499,174,152,1,-1,-1,-1
262,277,697,461,159,105,1,-1,-1,-1
263,260,563,499,195,158,1,-1,-1,-1
264,260,574,502,187,157,1,-1,-1,-1
265,260,585,497,229,176,1,-1,-1,-1
266,260,593,493,246,187,1,-1,-1,-1
267,260,629,511,256,192,1,-1,-1,-1
267,268,1294,319,304,161,1,-1,-1,-1
268,260,634,506,282,205,1,-1,-1,-1
268,268,1249,324,333,155,1,-1,-1,-1
269,260,664,501,310,230,1,-1,-1,-1
269,268,1204,329,356,149,1,-1,-1,-1
269,277,563,483,142,101,1,-1,-1,-1
270,260,671,505,327,238,1,-1,-1,-1
270,268,1160,334,320,145,1,-1,-1,-1
270,277,550,490,147,103,1,-1,-1,-1
271,260,715,503,387,279,1,-1,-1,-1
271,268,1105,352,314,141,1,-1,-1,-1
271,277,527,494,147,107,1,-1,-1,-1
272,260,729,517,430,315,1,-1,-1,-1
272,268,1054,357,304,139,1,-1,-1,-1
272,277,520,498,147,101,1,-1,-1,-1
273,260,796,515,483,339,1,-1,-1,-1
273,268,1040,361,304,138,1,-1,-1,-1
273,277,494,504,143,102,1,-1,-1,-1
274,260,843,518,633,381,1,-1,-1,-1
274,268,1014,373,222,127,1,-1,-1,-1
274,277,486,518,106,85,1,-1,-1,-1
275,260,852,526,739,432,1,-1,-1,-1
275,268,983,377,223,123,1,-1,-1,-1
275,277,438,523,147,105,1,-1,-1,-1
276,268,992,379,196,119,1,-1,-1,-1
276,277,431,526,144,104,1,-1,-1,-1
277,268,931,395,202,112,1,-1,-1,-1
277,277,400,535,150,101,1,-1,-1,-1
278,268,905,396,196,113,1,-1,-1,-1
278,277,376,542,142,98,1,-1,-1,-1
279,268,901,398,193,113,1,-1,-1,-1
279,277,343,556,149,99,1,-1,-1,-1
280,268,871,400,194,112,1,-1,-1,-1
280,277,336,560,150,96,1,-1,-1,-1
281,268,849,402,178,112,1,-1,-1,-1
281,277,311,566,148,97,1,-1,-1,-1
282,268,824,407,177,109,1,-1,-1,-1
282,277,282,573,147,95,1,-1,-1,-1
283,268,820,411,168,106,1,-1,-1,-1
284,268,796,414,162,106,1,-1,-1,-1
284,277,244,588,149,99,1,-1,-1,-1
285,268,778,420,153,101,1,-1,-1,-1
285,277,218,594,146,98,1,-1,-1,-1
286,268,771,422,149,101,1,-1,-1,-1
286,277,189,602,149,98,1,-1,-1,-1
287,268,750,423,148,101,1,-1,-1,-1
287,277,182,603,149,96,1,-1,-1,-1
288,268,739,429,148,98,1,-1,-1,-1
288,277,127,619,157,102,1,-1,-1,-1
289,268,721,433,143,96,1,-1,-1,-1
289,277,125,624,148,99,1,-1,-1,-1
290,268,716,434,134,93,1,-1,-1,-1
290,277,93,631,155,95,1,-1,-1,-1
291,268,707,436,136,92,1,-1,-1,-1
291,277,89,636,152,90,1,-1,-1,-1
292,268,690,437,132,96,1,-1,-1,-1
292,277,28,647,163,97,1,-1,-1,-1
293,268,680,438,132,94,1,-1,-1,-1
293,277,30,650,150,94,1,-1,-1,-1
294,268,667,448,120,86,1,-1,-1,-1
294,277,0,656,154,98,1,-1,-1,-1
295,268,655,447,135,87,1,-1,-1,-1
295,277,0,658,145,97,1,-1,-1,-1
296,268,652,449,128,85,1,-1,-1,-1
296,277,0,669,117,91,1,-1,-1,-1
297,268,642,451,116,86,1,-1,-1,-1
298,268,633,452,122,86,1,-1,-1,-1
299,268,626,453,121,85,1,-1,-1,-1
300,268,627,453,110,84,1,-1,-1,-1
302,268,609,455,107,83,1,-1,-1,-1
305,278,488,512,104,86,1,-1,-1,-1
306,278,494,511,99,88,1,-1,-1,-1
307,278,511,512,101,89,1,-1,-1,-1
308,278,511,512,109,90,1,-1,-1,-1
309,278,514,513,113,91,1,-1,-1,-1
310,278,517,514,120,97,1,-1,-1,-1
311,278,529,515,124,98,1,-1,-1,-1
312,278,535,513,129,101,1,-1,-1,-1
313,278,540,509,135,107,1,-1,-1,-1
314,278,557,507,137,112,1,-1,-1,-1
315,278,564,506,142,116,1,-1,-1,-1
316,278,578,505,152,121,1,-1,-1,-1
317,278,584,510,160,125,1,-1,-1,-1
318,278,605,508,166,131,1,-1,-1,-1
319,278,609,503,176,140,1,-1,-1,-1
320,278,630,502,182,143,1,-1,-1,-1
321,278,658,504,185,143,1,-1,-1,-1
322,278,669,502,178,149,1,-1,-1,-1
323,278,695,496,243,164,1,-1,-1,-1
324,278,711,497,243,172,1,-1,-1,-1
325,278,753,499,260,179,1,-1,-1,-1
326,278,758,496,280,187,1,-1,-1,-1
327,278,808,493,291,197,1,-1,-1,-1
328,278,865,517,413,188,1,-1,-1,-1
329,278,915,516,439,195,1,-1,-1,-1
330,278,973,495,475,243,1,-1,-1,-1
331,278,1032,474,512,291,1,-1,-1,-1
339,279,1158,357,434,201,1,-1,-1,-1
340,279,1117,367,405,192,1,-1,-1,-1
341,279,1076,377,376,184,1,-1,-1,-1
342,279,1035,387,348,176,1,-1,-1,-1
343,279,1007,390,332,172,1,-1,-1,-1
343,280,1237,283,362,201,1,-1,-1,-1
344,279,979,394,316,168,1,-1,-1,-1
344,280,1196,298,349,187,1,-1,-1,-1
345,279,951,398,300,164,1,-1,-1,-1
345,280,1155,313,315,173,1,-1,-1,-1
346,279,923,402,284,160,1,-1,-1,-1
346,280,1115,328,282,159,1,-1,-1,-1
347,279,896,406,268,156,1,-1,-1,-1
348,279,878,409,258,153,1,-1,-1,-1
349,279,861,413,249,150,1,-1,-1,-1
349,282,0,680,146,97,1,-1,-1,-1
350,279,844,417,240,147,1,-1,-1,-1
350,282,0,678,152,98,1,-1,-1,-1
351,279,827,421,231,144,1,-1,-1,-1
351,282,7,669,150,100,1,-1,-1,-1
352,279,810,425,222,141,1,-1,-1,-1
352,282,22,670,151,97,1,-1,-1,-1
353,279,798,427,216,138,1,-1,-1,-1
353,282,29,670,153,95,1,-1,-1,-1
354,279,787,429,210,136,1,-1,-1,-1
354,282,35,668,155,94,1,-1,-1,-1
355,279,776,431,204,134,1,-1,-1,-1
355,282,51,663,160,97,1,-1,-1,-1
356,279,765,433,198,132,1,-1,-1,-1
356,281,475,509,105,87,1,-1,-1,-1
356,282,60,659,159,100,1,-1,-1,-1
357,279,754,436,192,130,1,-1,-1,-1
357,281,477,510,107,86,1,-1,-1,-1
357,282,69,654,157,104,1,-1,-1,-1
358,279,748,432,187,131,1,-1,-1,-1
358,281,480,510,107,87,1,-1,-1,-1
358,282,78,651,164,100,1,-1,-1,-1
359,279,736,435,180,129,1,-1,-1,-1
359,281,485,510,107,88,1,-1,-1,-1
359,282,86,650,159,99,1,-1,-1,-1
360,279,729,435,180,128,1,-1,-1,-1
360,281,489,510,107,89,1,-1,-1,-1
360,282,97,649,152,98,1,-1,-1,-1
361,279,721,436,178,126,1,-1,-1,-1
361,281,494,510,103,88,1,-1,-1,-1
361,282,107,648,143,99,1,-1,-1,-1
362,279,707,438,175,123,1,-1,-1,-1
362,281,500,511,118,96,1,-1,-1,-1
362,282,117,638,148,102,1,-1,-1,-1
363,279,700,437,177,124,1,-1,-1,-1
363,281,504,512,120,96,1,-1,-1,-1
363,282,125,637,144,101,1,-1,-1,-1
364,279,694,438,175,121,1,-1,-1,-1
364,281,510,511,121,99,1,-1,-1,-1
364,282,131,637,143,101,1,-1,-1,-1
365,279,694,457,169,110,1,-1,-1,-1
365,281,515,508,126,106,1,-1,-1,-1
365,282,136,630,170,106,1,-1,-1,-1
366,279,692,458,163,107,1,-1,-1,-1
366,281,526,509,128,107,1,-1,-1,-1
366,282,142,630,167,104,1,-1,-1,-1
367,279,681,457,164,113,1,-1,-1,-1
367,281,532,509,134,108,1,-1,-1,-1
367,282,148,629,167,102,1,-1,-1,-1
368,279,678,459,162,111,1,-1,-1,-1
368,281,538,509,139,110,1,-1,-1,-1
368,282,155,629,166,100,1,-1,-1,-1
368,283,1295,325,303,158,1,-1,-1,-1
369,279,675,462,160,106,1,-1,-1,-1
369,281,551,508,147,114,1,-1,-1,-1
369,282,159,628,164,100,1,-1,-1,-1
369,283,1254,320,344,159,1,-1,-1,-1
370,279,672,463,155,104,1,-1,-1,-1
370,281,558,511,151,122,1,-1,-1,-1
370,282,163,623,178,97,1,-1,-1,-1
370,283,1158,350,334,143,1,-1,-1,-1
371,279,671,463,148,102,1,-1,-1,-1
371,281,573,512,162,122,1,-1,-1,-1
371,282,168,620,178,98,1,-1,-1,-1
371,283,1105,353,320,144,1,-1,-1,-1
372,279,673,462,140,101,1,-1,-1,-1
372,281,579,512,169,124,1,-1,-1,-1
372,282,174,618,173,97,1,-1,-1,-1
372,283,1089,358,334,140,1,-1,-1,-1
373,280,603,451,113,86,1,-1,-1,-1
373,281,599,513,177,129,1,-1,-1,-1
373,282,180,618,167,95,1,-1,-1,-1
373,283,1059,366,304,135,1,-1,-1,-1
374,280,598,451,110,86,1,-1,-1,-1
374,281,607,512,178,131,1,-1,-1,-1
374,282,184,619,161,93,1,-1,-1,-1
374,283,1029,374,274,129,1,-1,-1,-1
375,279,666,457,135,95,1,-1,-1,-1
375,281,625,513,193,136,1,-1,-1,-1
375,282,190,607,161,102,1,-1,-1,-1
375,283,1000,381,243,123,1,-1,-1,-1
376,280,584,452,101,87,1,-1,-1,-1
376,281,653,513,196,139,1,-1,-1,-1
376,282,206,605,153,103,1,-1,-1,-1
376,283,970,389,213,118,1,-1,-1,-1
377,281,654,501,238,162,1,-1,-1,-1
377,282,206,604,156,103,1,-1,-1,-1
377,283,941,397,183,112,1,-1,-1,-1
378,281,692,504,250,164,1,-1,-1,-1
378,282,204,604,163,103,1,-1,-1,-1
378,283,913,400,177,112,1,-1,-1,-1
379,281,705,506,259,167,1,-1,-1,-1
379,282,203,604,168,102,1,-1,-1,-1
379,283,884,404,175,110,1,-1,-1,-1
380,279,644,465,148,104,1,-1,-1,-1
380,281,740,503,292,176,1,-1,-1,-1
380,282,204,605,171,102,1,-1,-1,-1
380,283,858,407,166,108,1,-1,-1,-1
381,279,643,464,145,104,1,-1,-1,-1
381,281,772,512,355,186,1,-1,-1,-1
381,282,205,605,172,101,1,-1,-1,-1
381,283,854,408,160,106,1,-1,-1,-1
382,279,641,464,145,103,1,-1,-1,-1
382,281,783,512,351,191,1,-1,-1,-1
382,282,205,605,174,102,1,-1,-1,-1
382,283,831,416,151,103,1,-1,-1,-1
383,279,640,465,145,101,1,-1,-1,-1
383,281,832,514,374,195,1,-1,-1,-1
383,282,205,604,178,102,1,-1,-1,-1
383,283,805,420,149,102,1,-1,-1,-1
384,279,639,465,144,100,1,-1,-1,-1
384,281,917,472,480,281,1,-1,-1,-1
384,282,207,605,178,102,1,-1,-1,-1
384,283,800,419,141,100,1,-1,-1,-1
385,279,640,466,141,99,1,-1,-1,-1
385,281,987,481,517,281,1,-1,-1,-1
385,282,208,605,180,102,1,-1,-1,-1
385,283,779,423,136,100,1,-1,-1,-1
386,279,641,466,138,99,1,-1,-1,-1
386,281,1058,490,541,281,1,-1,-1,-1
386,282,210,605,179,102,1,-1,-1,-1
386,283,766,425,135,99,1,-1,-1,-1
387,279,643,466,136,99,1,-1,-1,-1
387,282,211,605,180,102,1,-1,-1,-1
387,283,754,428,133,99,1,-1,-1,-1
388,279,643,465,136,100,1,-1,-1,-1
388,282,211,605,180,103,1,-1,-1,-1
388,283,741,430,132,98,1,-1,-1,-1
389,279,636,469,138,101,1,-1,-1,-1
389,282,213,605,178,103,1,-1,-1,-1
389,283,729,432,130,97,1,-1,-1,-1
390,279,635,468,140,102,1,-1,-1,-1
390,282,214,605,175,102,1,-1,-1,-1
391,279,634,467,141,103,1,-1,-1,-1
391,282,214,605,174,102,1,-1,-1,-1
392,279,633,465,143,105,1,-1,-1,-1
392,282,214,605,175,102,1,-1,-1,-1
393,279,633,462,143,110,1,-1,-1,-1
393,282,231,598,165,107,1,-1,-1,-1
394,279,638,457,143,109,1,-1,-1,-1
394,282,231,598,166,107,1,-1,-1,-1
395,279,633,457,143,116,1,-1,-1,-1
395,282,231,598,166,107,1,-1,-1,-1
396,279,632,456,144,116,1,-1,-1,-1
396,282,230,598,167,107,1,-1,-1,-1
397,279,630,457,146,115,1,-1,-1,-1
397,282,230,598,167,108,1,-1,-1,-1
398,279,627,459,151,112,1,-1,-1,-1
398,282,229,598,168,108,1,-1,-1,-1
399,279,624,461,155,108,1,-1,-1,-1
399,282,229,598,168,108,1,-1,-1,-1
400,279,625,463,153,106,1,-1,-1,-1
400,282,229,598,168,108,1,-1,-1,-1
401,279,629,464,148,106,1,-1,-1,-1
401,282,229,598,168,107,1,-1,-1,-1
401,284,1285,283,313,193,1,-1,-1,-1
402,279,632,464,144,107,1,-1,-1,-1
402,282,214,604,176,102,1,-1,-1,-1
402,284,1232,292,303,188,1,-1,-1,-1
403,279,633,465,142,106,1,-1,-1,-1
403,282,214,604,175,102,1,-1,-1,-1
403,284,1179,302,287,183,1,-1,-1,-1
404,279,634,465,141,106,1,-1,-1,-1
404,282,214,604,175,102,1,-1,-1,-1
404,284,1131,313,266,174,1,-1,-1,-1
405,279,634,465,141,106,1,-1,-1,-1
405,282,214,605,175,102,1,-1,-1,-1
405,284,1063,319,288,167,1,-1,-1,-1
406,279,634,465,142,107,1,-1,-1,-1
406,282,215,605,174,101,1,-1,-1,-1
406,284,1067,324,257,161,1,-1,-1,-1
407,279,632,465,144,106,1,-1,-1,-1
407,282,215,605,174,101,1,-1,-1,-1
407,284,1020,342,239,156,1,-1,-1,-1
408,279,632,464,145,106,1,-1,-1,-1
408,282,215,605,173,101,1,-1,-1,-1
408,284,996,361,197,134,1,-1,-1,-1
409,279,632,464,145,107,1,-1,-1,-1
409,282,215,605,172,100,1,-1,-1,-1
409,284,963,345,226,157,1,-1,-1,-1
410,279,632,464,145,107,1,-1,-1,-1
410,282,230,600,164,104,1,-1,-1,-1
410,284,968,358,180,138,1,-1,-1,-1
411,279,633,464,145,107,1,-1,-1,-1
411,282,230,599,165,105,1,-1,-1,-1
411,284,942,365,173,134,1,-1,-1,-1
412,279,633,465,144,106,1,-1,-1,-1
412,282,230,599,165,105,1,-1,-1,-1
412,284,916,370,168,132,1,-1,-1,-1
413,279,633,465,145,107,1,-1,-1,-1
413,282,230,599,164,105,1,-1,-1,-1
413,284,891,374,164,129,1,-1,-1,-1
413,286,0,681,153,100,1,-1,-1,-1
414,279,632,464,145,107,1,-1,-1,-1
414,282,231,599,164,104,1,-1,-1,-1
414,284,861,394,155,118,1,-1,-1,-1
414,286,0,679,159,103,1,-1,-1,-1
415,279,632,464,146,108,1,-1,-1,-1
415,282,231,599,164,104,1,-1,-1,-1
415,284,838,397,152,117,1,-1,-1,-1
415,286,3,677,159,106,1,-1,-1,-1
416,279,632,464,145,108,1,-1,-1,-1
416,282,231,599,163,104,1,-1,-1,-1
416,284,827,395,159,118,1,-1,-1,-1
416,286,12,673,168,104,1,-1,-1,-1
417,279,632,464,145,108,1,-1,-1,-1
417,282,231,599,163,104,1,-1,-1,-1
417,284,801,400,156,116,1,-1,-1,-1
417,286,22,669,158,99,1,-1,-1,-1
418,279,632,464,145,108,1,-1,-1,-1
418,282,231,600,163,104,1,-1,-1,-1
418,284,796,401,150,114,1,-1,-1,-1
418,286,24,667,162,101,1,-1,-1,-1
419,279,633,464,145,107,1,-1,-1,-1
419,282,231,600,163,103,1,-1,-1,-1
419,284,777,409,142,109,1,-1,-1,-1
419,286,29,666,164,103,1,-1,-1,-1
420,279,633,464,143,106,1,-1,-1,-1
420,282,230,600,164,103,1,-1,-1,-1
420,284,771,407,138,111,1,-1,-1,-1
420,286,34,665,160,103,1,-1,-1,-1
421,279,634,464,142,107,1,-1,-1,-1
421,282,231,600,164,103,1,-1,-1,-1
421,284,752,411,132,110,1,-1,-1,-1
421,286,43,665,169,98,1,-1,-1,-1
422,279,635,464,140,107,1,-1,-1,-1
422,282,231,600,164,103,1,-1,-1,-1
422,284,753,412,118,107,1,-1,-1,-1
422,286,45,665,169,97,1,-1,-1,-1
423,279,634,463,142,107,1,-1,-1,-1
423,282,231,600,163,103,1,-1,-1,-1
423,284,725,416,129,106,1,-1,-1,-1
423,286,48,664,170,98,1,-1,-1,-1
424,279,634,463,141,107,1,-1,-1,-1
424,282,231,600,164,103,1,-1,-1,-1
424,284,715,419,126,104,1,-1,-1,-1
424,286,52,662,169,100,1,-1,-1,-1
425,279,634,462,141,108,1,-1,-1,-1
425,282,231,600,163,104,1,-1,-1,-1
425,286,57,660,165,101,1,-1,-1,-1
426,279,634,462,141,108,1,-1,-1,-1
426,282,231,600,164,104,1,-1,-1,-1
426,286,62,659,161,102,1,-1,-1,-1
427,279,634,463,141,107,1,-1,-1,-1
427,282,231,600,163,104,1,-1,-1,-1
427,286,64,658,159,103,1,-1,-1,-1
428,279,634,463,141,108,1,-1,-1,-1
428,282,231,600,163,104,1,-1,-1,-1
428,286,66,657,157,104,1,-1,-1,-1
429,279,634,462,141,108,1,-1,-1,-1
429,282,231,599,163,105,1,-1,-1,-1
429,286,68,655,154,105,1,-1,-1,-1
430,279,634,460,141,109,1,-1,-1,-1
430,282,231,599,163,105,1,-1,-1,-1
430,286,69,655,151,105,1,-1,-1,-1
431,279,632,459,143,111,1,-1,-1,-1
431,282,231,599,163,106,1,-1,-1,-1
431,286,71,653,151,107,1,-1,-1,-1
432,279,630,458,145,111,1,-1,-1,-1
432,282,231,598,163,106,1,-1,-1,-1
432,286,75,650,168,106,1,-1,-1,-1
433,279,627,459,148,110,1,-1,-1,-1
433,282,231,598,163,106,1,-1,-1,-1
433,285,447,503,101,92,1,-1,-1,-1
433,286,75,648,171,108,1,-1,-1,-1
434,279,627,462,148,107,1,-1,-1,-1
434,282,231,598,163,106,1,-1,-1,-1
434,285,447,502,105,92,1,-1,-1,-1
434,286,75,648,172,108,1,-1,-1,-1
435,279,627,463,148,106,1,-1,-1,-1
435,282,231,598,163,106,1,-1,-1,-1
435,285,449,503,106,92,1,-1,-1,-1
435,286,76,648,171,108,1,-1,-1,-1
436,279,629,465,145,107,1,-1,-1,-1
436,282,231,598,163,106,1,-1,-1,-1
436,285,452,504,105,91,1,-1,-1,-1
436,286,77,649,172,106,1,-1,-1,-1
437,279,630,466,144,106,1,-1,-1,-1
437,282,231,599,163,106,1,-1,-1,-1
437,285,456,506,103,90,1,-1,-1,-1
437,286,77,649,173,107,1,-1,-1,-1
438,279,629,468,144,103,1,-1,-1,-1
438,282,230,599,164,106,1,-1,-1,-1
438,285,452,498,115,103,1,-1,-1,-1
438,286,77,649,173,107,1,-1,-1,-1
439,279,628,469,144,101,1,-1,-1,-1
439,282,229,599,166,106,1,-1,-1,-1
439,285,456,499,114,102,1,-1,-1,-1
439,286,77,648,172,108,1,-1,-1,-1
440,279,626,469,146,100,1,-1,-1,-1
440,282,228,600,167,105,1,-1,-1,-1
440,285,459,499,115,102,1,-1,-1,-1
440,286,78,649,172,107,1,-1,-1,-1
441,279,625,470,145,100,1,-1,-1,-1
441,282,229,601,167,104,1,-1,-1,-1
441,285,462,497,115,103,1,-1,-1,-1
441,286,78,649,172,106,1,-1,-1,-1
442,279,624,470,145,99,1,-1,-1,-1
442,282,230,602,167,102,1,-1,-1,-1
442,285,466,503,122,100,1,-1,-1,-1
442,286,79,649,173,105,1,-1,-1,-1
443,279,623,471,144,98,1,-1,-1,-1
443,282,231,602,168,101,1,-1,-1,-1
443,285,467,504,124,100,1,-1,-1,-1
443,286,79,648,173,105,1,-1,-1,-1
444,279,623,470,142,99,1,-1,-1,-1
444,282,232,602,169,101,1,-1,-1,-1
444,285,472,502,120,105,1,-1,-1,-1
444,286,80,648,174,105,1,-1,-1,-1
445,279,621,469,142,100,1,-1,-1,-1
445,282,233,601,170,102,1,-1,-1,-1
445,285,473,502,124,108,1,-1,-1,-1
445,286,81,648,174,105,1,-1,-1,-1
446,279,620,468,140,102,1,-1,-1,-1
446,282,234,600,171,102,1,-1,-1,-1
446,285,476,502,129,110,1,-1,-1,-1
446,286,81,648,173,105,1,-1,-1,-1
447,279,618,468,139,101,1,-1,-1,-1
447,282,237,598,172,104,1,-1,-1,-1
447,285,479,500,133,113,1,-1,-1,-1
447,286,83,648,172,105,1,-1,-1,-1
448,279,617,467,136,102,1,-1,-1,-1
448,282,240,597,171,105,1,-1,-1,-1
448,285,483,501,135,113,1,-1,-1,-1
448,286,84,649,171,104,1,-1,-1,-1
449,279,616,468,133,101,1,-1,-1,-1
449,282,244,596,170,107,1,-1,-1,-1
449,285,492,509,132,108,1,-1,-1,-1
449,286,86,649,168,104,1,-1,-1,-1
450,279,615,467,131,102,1,-1,-1,-1
450,282,246,597,170,105,1,-1,-1,-1
450,285,493,506,142,111,1,-1,-1,-1
450,286,88,649,166,104,1,-1,-1,-1
451,279,613,468,132,101,1,-1,-1,-1
451,282,252,596,183,102,1,-1,-1,-1
451,285,495,503,152,115,1,-1,-1,-1
451,286,89,650,165,104,1,-1,-1,-1
452,279,602,470,140,101,1,-1,-1,-1
452,282,256,595,183,103,1,-1,-1,-1
452,285,497,503,160,117,1,-1,-1,-1
452,286,90,649,164,105,1,-1,-1,-1
453,282,264,592,180,105,1,-1,-1,-1
453,285,507,503,165,118,1,-1,-1,-1
453,286,92,650,163,104,1,-1,-1,-1
454,282,271,590,177,107,1,-1,-1,-1
454,285,511,502,167,122,1,-1,-1,-1
454,286,93,649,161,105,1,-1,-1,-1
455,282,277,587,172,110,1,-1,-1,-1
455,285,516,499,172,127,1,-1,-1,-1
455,286,96,650,160,103,1,-1,-1,-1
456,282,285,584,185,111,1,-1,-1,-1
456,285,523,497,170,131,1,-1,-1,-1
456,286,98,649,157,104,1,-1,-1,-1
457,282,292,583,181,111,1,-1,-1,-1
457,285,530,491,194,147,1,-1,-1,-1
457,286,101,643,188,110,1,-1,-1,-1
458,282,301,582,174,110,1,-1,-1,-1
458,285,537,489,195,150,1,-1,-1,-1
458,286,102,643,190,109,1,-1,-1,-1
459,282,314,580,184,109,1,-1,-1,-1
459,285,554,492,200,142,1,-1,-1,-1
459,286,107,643,183,107,1,-1,-1,-1
459,287,1219,359,380,198,1,-1,-1,-1
460,282,321,581,176,106,1,-1,-1,-1
460,285,558,495,204,136,1,-1,-1,-1
460,286,111,642,177,107,1,-1,-1,-1
460,287,1190,377,387,177,1,-1,-1,-1
461,282,334,575,169,104,1,-1,-1,-1
461,285,586,501,208,145,1,-1,-1,-1
461,286,117,641,170,108,1,-1,-1,-1
461,287,1144,381,363,174,1,-1,-1,-1
462,282,345,576,158,101,1,-1,-1,-1
462,285,583,491,239,156,1,-1,-1,-1
462,286,123,635,161,106,1,-1,-1,-1
462,287,1100,385,340,170,1,-1,-1,-1
463,282,355,573,177,99,1,-1,-1,-1
463,285,595,493,249,155,1,-1,-1,-1
463,286,128,636,153,104,1,-1,-1,-1
463,287,1071,400,365,160,1,-1,-1,-1
464,279,511,492,139,107,1,-1,-1,-1
464,282,366,572,169,99,1,-1,-1,-1
464,285,620,489,257,168,1,-1,-1,-1
464,286,126,632,188,111,1,-1,-1,-1
464,287,1038,403,333,153,1,-1,-1,-1
465,279,503,496,143,102,1,-1,-1,-1
465,282,378,564,180,100,1,-1,-1,-1
465,285,629,487,270,175,1,-1,-1,-1
465,286,131,632,185,108,1,-1,-1,-1
465,287,1017,405,341,152,1,-1,-1,-1
466,279,495,499,143,96,1,-1,-1,-1
466,282,385,562,180,102,1,-1,-1,-1
466,285,642,481,280,183,1,-1,-1,-1
466,286,136,632,182,105,1,-1,-1,-1
466,287,988,407,308,148,1,-1,-1,-1
467,279,491,501,139,91,1,-1,-1,-1
467,282,395,560,175,105,1,-1,-1,-1
467,285,678,478,286,194,1,-1,-1,-1
467,286,140,631,183,104,1,-1,-1,-1
467,287,975,409,301,147,1,-1,-1,-1
468,282,415,554,174,110,1,-1,-1,-1
468,285,689,473,298,202,1,-1,-1,-1
468,286,147,630,178,102,1,-1,-1,-1
468,287,943,414,280,141,1,-1,-1,-1
469,279,484,511,119,76,1,-1,-1,-1
469,282,421,550,176,114,1,-1,-1,-1
469,285,714,473,344,213,1,-1,-1,-1
469,286,153,631,170,99,1,-1,-1,-1
470,282,429,533,172,116,1,-1,-1,-1
470,285,727,471,346,216,1,-1,-1,-1
470,286,166,623,174,98,1,-1,-1,-1
471,282,441,535,180,116,1,-1,-1,-1
471,285,765,464,373,227,1,-1,-1,-1
471,286,166,622,178,98,1,-1,-1,-1
472,282,447,533,181,116,1,-1,-1,-1
472,285,800,452,454,266,1,-1,-1,-1
472,286,170,621,179,96,1,-1,-1,-1
473,282,459,533,170,114,1,-1,-1,-1
473,285,823,445,481,278,1,-1,-1,-1
473,286,176,621,175,93,1,-1,-1,-1
474,279,378,539,146,99,1,-1,-1,-1
474,282,480,531,172,116,1,-1,-1,-1
474,285,890,440,512,298,1,-1,-1,-1
474,286,184,617,175,95,1,-1,-1,-1
475,279,368,544,151,95,1,-1,-1,-1
475,282,486,530,174,117,1,-1,-1,-1
475,285,920,441,522,300,1,-1,-1,-1
475,286,192,613,175,98,1,-1,-1,-1
476,279,350,550,143,92,1,-1,-1,-1
476,282,491,529,173,118,1,-1,-1,-1
476,285,994,436,571,331,1,-1,-1,-1
476,286,201,609,175,100,1,-1,-1,-1
476,287,832,431,198,122,1,-1,-1,-1
477,279,337,555,147,97,1,-1,-1,-1
477,282,510,526,174,120,1,-1,-1,-1
477,286,209,605,175,103,1,-1,-1,-1
477,287,811,433,194,123,1,-1,-1,-1
478,282,516,525,175,121,1,-1,-1,-1
478,286,218,602,175,105,1,-1,-1,-1
478,287,808,434,183,118,1,-1,-1,-1
479,282,532,522,181,122,1,-1,-1,-1
479,286,226,598,175,108,1,-1,-1,-1
479,287,784,437,186,120,1,-1,-1,-1
480,282,539,519,182,128,1,-1,-1,-1
480,286,234,594,174,110,1,-1,-1,-1
480,287,783,440,173,114,1,-1,-1,-1
481,282,549,517,178,132,1,-1,-1,-1
481,286,243,590,174,113,1,-1,-1,-1
481,287,759,440,175,117,1,-1,-1,-1
482,282,560,518,193,130,1,-1,-1,-1
482,286,245,590,173,112,1,-1,-1,-1
482,287,754,442,168,114,1,-1,-1,-1
483,282,569,515,193,134,1,-1,-1,-1
483,286,255,591,183,109,1,-1,-1,-1
483,287,733,446,169,114,1,-1,-1,-1
484,282,584,515,205,135,1,-1,-1,-1
484,286,261,591,183,109,1,-1,-1,-1
484,287,727,448,164,109,1,-1,-1,-1
485,282,594,512,202,139,1,-1,-1,-1
485,286,272,590,173,109,1,-1,-1,-1
485,287,709,451,162,106,1,-1,-1,-1
486,279,189,603,142,97,1,-1,-1,-1
486,282,608,514,219,140,1,-1,-1,-1
486,286,278,588,169,110,1,-1,-1,-1
486,287,707,454,152,102,1,-1,-1,-1
486,288,1281,316,317,160,1,-1,-1,-1
487,279,181,605,146,95,1,-1,-1,-1
487,282,618,514,215,143,1,-1,-1,-1
487,286,292,586,171,111,1,-1,-1,-1
487,287,685,456,150,98,1,-1,-1,-1
487,288,1226,324,310,153,1,-1,-1,-1
488,279,155,615,146,101,1,-1,-1,-1
488,282,643,515,219,143,1,-1,-1,-1
488,286,298,585,171,111,1,-1,-1,-1
488,287,674,463,156,95,1,-1,-1,-1
488,288,1171,332,298,146,1,-1,-1,-1
489,279,131,620,148,101,1,-1,-1,-1
489,282,649,510,244,152,1,-1,-1,-1
489,286,307,584,167,110,1,-1,-1,-1
489,288,1117,349,291,144,1,-1,-1,-1
490,279,123,625,148,96,1,-1,-1,-1
490,282,677,505,221,155,1,-1,-1,-1
490,286,322,583,172,108,1,-1,-1,-1
490,288,1078,352,283,144,1,-1,-1,-1
491,279,99,631,150,93,1,-1,-1,-1
491,282,695,505,255,162,1,-1,-1,-1
491,286,328,583,172,109,1,-1,-1,-1
491,288,1039,354,275,144,1,-1,-1,-1
492,279,93,636,147,90,1,-1,-1,-1
492,282,705,503,273,168,1,-1,-1,-1
492,286,335,581,171,112,1,-1,-1,-1
492,288,1000,357,267,143,1,-1,-1,-1
493,279,71,643,143,88,1,-1,-1,-1
493,282,742,498,277,179,1,-1,-1,-1
493,286,340,579,170,115,1,-1,-1,-1
493,287,613,474,150,99,1,-1,-1,-1
493,288,977,367,245,136,1,-1,-1,-1
494,279,53,646,143,91,1,-1,-1,-1
494,282,753,497,291,184,1,-1,-1,-1
494,286,354,579,169,114,1,-1,-1,-1
494,287,596,477,145,101,1,-1,-1,-1
494,288,954,377,223,129,1,-1,-1,-1
495,279,35,649,143,95,1,-1,-1,-1
495,282,787,495,323,188,1,-1,-1,-1
495,286,361,579,166,114,1,-1,-1,-1
495,287,586,478,146,100,1,-1,-1,-1
495,288,930,387,201,122,1,-1,-1,-1
496,279,4,655,154,97,1,-1,-1,-1
496,282,806,491,311,197,1,-1,-1,-1
496,286,371,578,161,115,1,-1,-1,-1
496,287,569,482,138,99,1,-1,-1,-1
496,288,907,398,179,114,1,-1,-1,-1
497,279,1,659,148,95,1,-1,-1,-1
497,282,847,500,343,205,1,-1,-1,-1
497,286,377,577,158,117,1,-1,-1,-1
497,287,561,484,138,98,1,-1,-1,-1
497,288,880,401,175,112,1,-1,-1,-1
498,279,0,661,142,94,1,-1,-1,-1
498,282,893,499,368,209,1,-1,-1,-1
498,286,386,578,159,116,1,-1,-1,-1
498,287,536,491,142,103,1,-1,-1,-1
498,288,851,402,173,113,1,-1,-1,-1
499,282,919,467,457,267,1,-1,-1,-1
499,286,390,578,162,118,1,-1,-1,-1
499,287,528,493,141,101,1,-1,-1,-1
499,288,826,409,165,109,1,-1,-1,-1
500,282,938,470,485,265,1,-1,-1,-1
500,286,396,577,162,119,1,-1,-1,-1
500,287,520,497,142,99,1,-1,-1,-1
500,288,795,416,168,103,1,-1,-1,-1
501,282,1041,468,491,280,1,-1,-1,-1
501,286,403,576,161,123,1,-1,-1,-1
501,287,499,502,143,102,1,-1,-1,-1
501,288,796,417,151,103,1,-1,-1,-1
502,282,1087,463,512,295,1,-1,-1,-1
502,286,418,578,161,123,1,-1,-1,-1
502,287,491,506,141,97,1,-1,-1,-1
502,288,765,411,157,109,1,-1,-1,-1
503,286,421,578,163,125,1,-1,-1,-1
503,287,469,514,144,94,1,-1,-1,-1
503,288,745,407,154,116,1,-1,-1,-1
504,286,426,578,164,127,1,-1,-1,-1
504,288,740,414,147,111,1,-1,-1,-1
505,286,428,579,167,130,1,-1,-1,-1
505,287,449,531,116,85,1,-1,-1,-1
505,288,721,428,137,104,1,-1,-1,-1
506,286,432,580,167,133,1,-1,-1,-1
506,288,714,429,133,102,1,-1,-1,-1
507,286,445,582,173,137,1,-1,-1,-1
507,288,696,432,127,103,1,-1,-1,-1
508,286,451,581,173,141,1,-1,-1,-1
508,288,688,434,125,101,1,-1,-1,-1
509,286,459,583,171,141,1,-1,-1,-1
509,287,377,548,142,90,1,-1,-1,-1
509,288,678,435,129,100,1,-1,-1,-1
510,286,465,587,187,140,1,-1,-1,-1
510,287,349,556,145,97,1,-1,-1,-1
510,288,658,444,132,91,1,-1,-1,-1
511,286,471,589,188,152,1,-1,-1,-1
511,287,343,557,142,96,1,-1,-1,-1
511,288,653,445,128,89,1,-1,-1,-1
512,286,480,589,186,156,1,-1,-1,-1
512,287,317,564,149,96,1,-1,-1,-1
512,288,646,448,107,87,1,-1,-1,-1
513,286,490,591,201,160,1,-1,-1,-1
513,287,310,566,145,96,1,-1,-1,-1
513,288,634,449,117,88,1,-1,-1,-1
514,286,495,592,206,165,1,-1,-1,-1
514,287,287,574,144,92,1,-1,-1,-1
514,288,627,450,116,87,1,-1,-1,-1
515,286,496,591,222,175,1,-1,-1,-1
515,287,280,575,144,92,1,-1,-1,-1
516,286,518,596,224,182,1,-1,-1,-1
516,287,251,586,145,98,1,-1,-1,-1
516,288,611,452,106,86,1,-1,-1,-1
517,286,531,598,230,192,1,-1,-1,-1
517,287,244,588,142,95,1,-1,-1,-1
517,288,604,454,106,84,1,-1,-1,-1
518,286,541,602,241,198,1,-1,-1,-1
518,287,225,592,141,96,1,-1,-1,-1
519,286,563,603,256,211,1,-1,-1,-1
519,287,216,596,142,93,1,-1,-1,-1
520,286,572,603,274,224,1,-1,-1,-1
520,287,190,602,143,96,1,-1,-1,-1
521,286,575,622,301,228,1,-1,-1,-1
521,287,182,605,144,93,1,-1,-1,-1
522,286,603,624,335,245,1,-1,-1,-1
522,287,158,616,142,97,1,-1,-1,-1
523,286,633,621,354,292,1,-1,-1,-1
523,287,135,620,143,96,1,-1,-1,-1
524,286,635,647,402,295,1,-1,-1,-1
524,287,128,625,141,93,1,-1,-1,-1
525,286,689,645,434,317,1,-1,-1,-1
525,287,99,631,151,91,1,-1,-1,-1
526,286,703,659,480,329,1,-1,-1,-1
526,287,94,634,147,90,1,-1,-1,-1
527,286,779,667,523,381,1,-1,-1,-1
527,287,70,642,143,87,1,-1,-1,-1
528,286,816,682,642,441,1,-1,-1,-1
528,287,81,646,114,79,1,-1,-1,-1
529,286,853,698,746,501,1,-1,-1,-1
529,287,31,649,151,95,1,-1,-1,-1
530,287,0,654,166,97,1,-1,-1,-1
531,287,0,658,153,95,1,-1,-1,-1
532,287,0,661,143,92,1,-1,-1,-1
615,262,1283,309,315,168,1,-1,-1,-1
616,262,1232,317,322,160,1,-1,-1,-1
617,262,1202,320,354,155,1,-1,-1,-1
618,262,1166,331,305,148,1,-1,-1,-1
619,262,1116,337,297,142,1,-1,-1,-1
620,262,1055,351,315,142,1,-1,-1,-1
621,262,1058,352,279,141,1,-1,-1,-1
622,262,1041,360,226,131,1,-1,-1,-1
623,262,1016,363,216,131,1,-1,-1,-1
624,262,985,367,218,130,1,-1,-1,-1
625,262,963,372,203,127,1,-1,-1,-1
626,262,956,377,202,122,1,-1,-1,-1
627,262,932,383,198,117,1,-1,-1,-1
628,262,902,393,195,112,1,-1,-1,-1
629,262,881,397,186,111,1,-1,-1,-1
630,262,873,397,188,112,1,-1,-1,-1
631,262,850,400,174,111,1,-1,-1,-1
632,262,844,395,187,121,1,-1,-1,-1
