1,2,122.445,372.316,33.446,29.959,1,-1,-1,-1
1,4,134.010,448.054,178.473,117.217,1,-1,-1,-1
1,1,37.220,370.447,62.971,46.191,1,-1,-1,-1
2,4,131.119,445.808,169.742,113.332,1,-1,-1,-1
2,2,121.620,372.883,34.461,29.755,1,-1,-1,-1
2,1,35.829,370.190,62.184,44.544,1,-1,-1,-1
3,1,84.378,367.605,33.730,32.873,1,-1,-1,-1
3,3,33.327,369.802,61.764,44.330,1,-1,-1,-1
3,4,123.241,440.979,168.444,109.731,1,-1,-1,-1
3,2,122.193,373.385,33.595,28.802,1,-1,-1,-1
4,2,123.677,373.471,31.560,27.911,1,-1,-1,-1
4,3,31.265,366.194,58.836,45.013,1,-1,-1,-1
4,1,86.371,368.716,30.716,32.620,1,-1,-1,-1
4,4,121.612,437.891,160.834,107.803,1,-1,-1,-1
5,2,124.770,373.169,31.268,28.323,1,-1,-1,-1
5,1,82.773,368.949,37.084,32.823,1,-1,-1,-1
5,3,28.296,369.603,62.078,40.738,1,-1,-1,-1
5,4,113.624,435.249,159.732,105.774,1,-1,-1,-1
6,1,85.461,373.191,40.851,31.004,1,-1,-1,-1
6,2,122.189,372.880,33.556,28.860,1,-1,-1,-1
6,3,27.584,366.934,59.315,42.209,1,-1,-1,-1
6,4,108.658,431.136,154.713,102.564,1,-1,-1,-1
7,1,84.695,368.885,54.606,34.933,1,-1,-1,-1
7,3,27.040,365.584,56.408,41.774,1,-1,-1,-1
7,4,107.942,431.526,147.025,99.221,1,-1,-1,-1
7,2,119.607,372.591,35.844,29.397,1,-1,-1,-1
8,1,83.930,364.579,68.362,38.862,1,-1,-1,-1
8,4,107.631,422.280,140.666,103.327,1,-1,-1,-1
8,3,26.879,367.596,58.767,38.350,1,-1,-1,-1
9,1,89.969,367.151,63.838,38.151,1,-1,-1,-1
9,4,93.882,420.462,145.686,100.212,1,-1,-1,-1
9,3,24.502,368.936,58.429,37.731,1,-1,-1,-1
10,3,23.481,368.411,58.033,37.480,1,-1,-1,-1
10,1,79.110,366.162,73.007,38.732,1,-1,-1,-1
10,4,91.173,421.955,136.918,91.552,1,-1,-1,-1
11,4,87.225,416.860,137.909,91.314,1,-1,-1,-1
11,3,23.252,366.821,56.507,37.858,1,-1,-1,-1
11,2,109.282,371.437,44.997,31.545,1,-1,-1,-1
12,4,85.174,416.893,129.913,87.817,1,-1,-1,-1
12,3,22.858,366.586,54.180,38.561,1,-1,-1,-1
12,2,106.700,371.148,47.285,32.082,1,-1,-1,-1
13,3,22.917,367.030,53.915,36.565,1,-1,-1,-1
13,4,84.661,413.303,123.400,85.855,1,-1,-1,-1
13,1,76.482,368.230,48.233,34.243,1,-1,-1,-1
13,2,104.119,370.859,49.573,32.619,1,-1,-1,-1
14,3,22.249,366.863,49.598,35.799,1,-1,-1,-1
14,5,1.252,669.428,62.297,187.692,1,-1,-1,-1
14,4,78.042,410.308,124.519,86.464,1,-1,-1,-1
14,2,105.478,370.789,48.320,32.361,1,-1,-1,-1
15,5,3.403,647.474,112.630,235.420,1,-1,-1,-1
15,4,76.265,409.519,121.373,82.533,1,-1,-1,-1
15,3,17.947,365.494,55.852,36.666,1,-1,-1,-1
15,2,106.838,370.718,47.067,32.102,1,-1,-1,-1
16,5,2.954,627.472,179.949,300.439,1,-1,-1,-1
16,4,73.591,408.748,117.067,79.810,1,-1,-1,-1
16,3,20.398,364.359,51.279,38.238,1,-1,-1,-1
16,1,83.986,365.875,68.747,37.191,1,-1,-1,-1
17,5,4.079,599.305,255.221,351.736,1,-1,-1,-1
17,4,68.063,407.213,112.823,77.885,1,-1,-1,-1
17,1,72.732,363.667,74.252,37.738,1,-1,-1,-1
17,2,109.556,370.577,44.561,31.586,1,-1,-1,-1
17,3,18.464,366.102,52.269,35.522,1,-1,-1,-1
18,2,110.916,370.507,43.308,31.328,1,-1,-1,-1
18,4,64.460,404.920,109.539,76.012,1,-1,-1,-1
18,5,8.754,601.927,352.324,391.466,1,-1,-1,-1
18,3,18.177,367.161,51.507,34.683,1,-1,-1,-1
19,2,112.275,370.437,42.055,31.069,1,-1,-1,-1
19,4,64.637,404.874,105.364,73.493,1,-1,-1,-1
19,3,17.443,366.743,51.356,35.250,1,-1,-1,-1
19,5,5.498,617.605,466.803,416.957,1,-1,-1,-1
20,5,7.004,619.606,596.152,460.654,1,-1,-1,-1
20,4,61.876,403.672,103.857,71.622,1,-1,-1,-1
20,3,16.354,367.197,52.069,34.000,1,-1,-1,-1
20,2,113.634,370.366,40.802,30.811,1,-1,-1,-1
21,5,9.694,629.781,742.692,516.057,1,-1,-1,-1
21,2,114.994,370.296,39.550,30.553,1,-1,-1,-1
21,4,62.839,395.982,96.741,73.902,1,-1,-1,-1
21,3,15.493,367.107,52.745,34.966,1,-1,-1,-1
22,2,116.353,370.225,38.297,30.295,1,-1,-1,-1
22,3,15.096,366.892,50.881,35.818,1,-1,-1,-1
22,5,14.532,628.286,912.401,575.033,1,-1,-1,-1
22,4,57.865,394.047,97.257,74.808,1,-1,-1,-1
23,2,117.712,370.155,37.044,30.036,1,-1,-1,-1
23,3,14.666,367.198,53.024,35.742,1,-1,-1,-1
23,4,52.041,394.183,97.084,69.684,1,-1,-1,-1
23,5,35.623,635.968,1093.592,627.318,1,-1,-1,-1
24,4,50.155,392.628,95.397,68.305,1,-1,-1,-1
24,5,103.817,671.044,1292.804,648.567,1,-1,-1,-1
24,2,119.072,370.085,35.791,29.778,1,-1,-1,-1
24,3,15.022,367.162,52.144,35.410,1,-1,-1,-1
25,4,45.297,390.681,96.205,68.049,1,-1,-1,-1
25,2,120.431,370.014,34.538,29.520,1,-1,-1,-1
25,3,14.675,368.507,53.582,33.552,1,-1,-1,-1
25,5,217.190,674.854,1426.317,723.961,1,-1,-1,-1
26,4,44.358,390.581,92.726,65.716,1,-1,-1,-1
26,2,121.790,369.944,33.285,29.262,1,-1,-1,-1
26,3,15.012,367.816,51.833,34.966,1,-1,-1,-1
26,5,366.172,699.281,1592.956,783.063,1,-1,-1,-1
27,4,41.195,392.572,92.552,60.663,1,-1,-1,-1
27,2,123.150,369.873,32.032,29.003,1,-1,-1,-1
27,5,540.677,724.904,1816.170,811.688,1,-1,-1,-1
27,3,16.604,368.140,49.857,34.357,1,-1,-1,-1
27,6,1727.145,500.355,827.628,480.279,1,-1,-1,-1
28,5,747.984,731.470,1792.900,861.724,1,-1,-1,-1
28,3,14.348,367.462,50.568,34.928,1,-1,-1,-1
28,4,36.550,389.342,92.352,60.876,1,-1,-1,-1
28,2,124.509,369.803,30.779,28.745,1,-1,-1,-1
28,6,1739.393,498.120,819.296,454.911,1,-1,-1,-1
29,4,36.428,388.401,89.325,59.448,1,-1,-1,-1
29,5,1008.969,778.904,541.062,828.641,1,-1,-1,-1
29,3,15.256,369.785,48.850,33.502,1,-1,-1,-1
29,6,1740.375,500.895,796.848,410.849,1,-1,-1,-1
29,2,126.420,368.546,28.558,27.953,1,-1,-1,-1
30,4,35.675,385.792,85.739,59.525,1,-1,-1,-1
30,2,127.162,370.503,29.730,27.149,1,-1,-1,-1
30,6,1740.375,500.895,796.848,410.849,1,-1,-1,-1
30,3,15.849,369.046,43.053,32.640,1,-1,-1,-1
31,7,1635.449,830.278,911.124,761.227,1,-1,-1,-1
31,6,1721.577,502.427,816.679,463.896,1,-1,-1,-1
31,4,34.826,379.544,80.712,61.479,1,-1,-1,-1
31,2,124.907,370.506,31.482,28.287,1,-1,-1,-1
31,3,11.449,370.959,41.539,30.173,1,-1,-1,-1
32,4,30.963,379.418,81.134,58.700,1,-1,-1,-1
32,2,122.653,370.510,33.233,29.426,1,-1,-1,-1
32,3,11.607,372.316,38.472,28.524,1,-1,-1,-1
32,6,1717.054,498.264,826.841,486.835,1,-1,-1,-1
32,7,1979.013,859.286,561.749,798.855,1,-1,-1,-1
33,6,1723.875,499.949,828.515,483.398,1,-1,-1,-1
33,3,10.906,372.953,34.886,25.831,1,-1,-1,-1
33,2,120.398,370.513,34.985,30.564,1,-1,-1,-1
33,7,2338.458,944.138,221.332,546.852,1,-1,-1,-1
33,4,30.624,380.106,77.613,56.453,1,-1,-1,-1
34,4,28.513,376.675,76.200,58.076,1,-1,-1,-1
34,6,1753.334,531.841,805.666,477.719,1,-1,-1,-1
34,3,10.205,373.591,31.299,23.139,1,-1,-1,-1
34,2,118.585,370.579,36.639,30.064,1,-1,-1,-1
35,6,1789.731,554.795,769.269,476.923,1,-1,-1,-1
35,2,118.634,370.658,36.979,30.051,1,-1,-1,-1
35,3,9.504,374.228,27.713,20.446,1,-1,-1,-1
35,4,25.276,377.889,75.550,55.150,1,-1,-1,-1
36,2,121.489,371.215,34.336,30.104,1,-1,-1,-1
36,4,23.485,376.090,73.562,55.212,1,-1,-1,-1
36,6,1833.490,578.352,725.510,475.545,1,-1,-1,-1
37,4,20.969,375.766,76.980,54.085,1,-1,-1,-1
37,6,1881.232,602.237,677.768,473.850,1,-1,-1,-1
37,2,104.245,369.789,50.633,32.900,1,-1,-1,-1
37,3,6.218,371.864,33.143,25.195,1,-1,-1,-1
38,6,1717.367,499.048,828.446,490.131,1,-1,-1,-1
38,2,87.001,368.363,66.931,35.696,1,-1,-1,-1
38,4,17.760,373.697,76.048,53.830,1,-1,-1,-1
38,3,5.755,370.979,43.839,27.934,1,-1,-1,-1
39,6,1717.078,499.232,827.946,490.108,1,-1,-1,-1
39,4,15.709,373.442,74.188,51.378,1,-1,-1,-1
39,2,86.353,368.434,67.623,36.360,1,-1,-1,-1
40,6,1738.082,487.281,820.918,490.267,1,-1,-1,-1
40,2,85.705,368.504,68.315,37.024,1,-1,-1,-1
40,4,15.232,372.608,72.846,51.210,1,-1,-1,-1
41,6,1743.995,472.616,815.005,490.059,1,-1,-1,-1
41,2,88.765,375.632,40.658,25.387,1,-1,-1,-1
41,3,10.930,367.375,65.455,42.186,1,-1,-1,-1
42,2,82.670,372.329,41.967,30.603,1,-1,-1,-1
42,6,1750.201,457.974,808.799,489.828,1,-1,-1,-1
42,4,12.534,366.970,72.154,53.681,1,-1,-1,-1
43,2,76.575,369.026,43.277,35.818,1,-1,-1,-1
43,6,1756.564,443.344,802.436,489.584,1,-1,-1,-1
43,3,24.365,367.006,60.433,41.451,1,-1,-1,-1
44,6,1696.669,495.863,848.336,493.570,1,-1,-1,-1
44,2,73.278,366.298,42.346,38.774,1,-1,-1,-1
44,4,9.667,365.980,71.345,52.178,1,-1,-1,-1
45,6,1710.325,486.571,845.392,493.244,1,-1,-1,-1
45,2,76.683,367.705,43.382,37.231,1,-1,-1,-1
45,4,10.818,364.164,66.747,51.736,1,-1,-1,-1
46,2,81.487,366.925,55.654,37.685,1,-1,-1,-1
46,6,1708.657,493.195,845.392,493.244,1,-1,-1,-1
46,4,7.091,364.791,70.995,50.078,1,-1,-1,-1
47,6,1674.042,492.761,880.776,492.064,1,-1,-1,-1
47,4,8.130,364.662,69.437,49.935,1,-1,-1,-1
47,2,86.291,366.145,67.926,38.138,1,-1,-1,-1
48,4,6.575,363.701,67.003,47.869,1,-1,-1,-1
48,3,57.951,366.082,47.879,39.613,1,-1,-1,-1
48,6,1666.150,482.460,881.398,498.353,1,-1,-1,-1
48,2,91.716,368.621,62.984,36.920,1,-1,-1,-1
49,4,7.160,364.769,65.397,47.104,1,-1,-1,-1
49,6,1632.966,493.465,907.736,491.335,1,-1,-1,-1
49,2,102.969,369.863,50.029,34.154,1,-1,-1,-1
49,3,64.669,365.897,45.368,39.245,1,-1,-1,-1
50,4,5.573,365.373,64.176,45.506,1,-1,-1,-1
50,6,1633.383,491.541,905.648,494.396,1,-1,-1,-1
50,2,101.979,370.130,51.657,34.158,1,-1,-1,-1
50,3,71.386,365.712,42.857,38.878,1,-1,-1,-1
51,6,1584.023,499.166,963.938,484.474,1,-1,-1,-1
51,4,6.686,365.691,61.470,44.022,1,-1,-1,-1
51,2,96.528,370.685,46.939,33.129,1,-1,-1,-1
51,3,72.919,367.738,39.843,37.352,1,-1,-1,-1
52,3,84.763,369.418,37.801,35.168,1,-1,-1,-1
52,4,6.316,365.962,60.954,43.533,1,-1,-1,-1
52,6,1582.658,494.198,959.306,490.397,1,-1,-1,-1
53,6,1525.129,496.358,1018.283,493.890,1,-1,-1,-1
53,2,83.678,369.146,44.174,34.946,1,-1,-1,-1
53,4,6.756,366.061,60.460,43.123,1,-1,-1,-1
54,6,1467.601,498.519,1077.259,497.383,1,-1,-1,-1
54,2,77.254,368.376,42.792,35.854,1,-1,-1,-1
54,4,6.178,365.062,59.187,43.241,1,-1,-1,-1
55,4,6.032,364.937,58.429,41.736,1,-1,-1,-1
55,2,70.829,367.607,41.410,36.762,1,-1,-1,-1
55,6,1410.072,500.679,1136.236,500.876,1,-1,-1,-1
56,6,1343.301,508.893,1204.178,495.674,1,-1,-1,-1
56,8,85.737,369.447,41.870,35.329,1,-1,-1,-1
56,4,6.353,364.774,58.624,42.572,1,-1,-1,-1
57,2,70.598,367.500,41.092,36.854,1,-1,-1,-1
57,8,90.149,373.732,36.152,30.634,1,-1,-1,-1
57,6,1277.135,510.748,1251.026,494.000,1,-1,-1,-1
57,4,6.489,364.583,58.387,41.863,1,-1,-1,-1
58,4,6.527,364.182,58.075,41.575,1,-1,-1,-1
58,8,102.392,370.688,51.413,33.672,1,-1,-1,-1
58,6,1210.970,512.604,1297.875,492.326,1,-1,-1,-1
58,2,71.033,367.460,41.266,36.793,1,-1,-1,-1
59,8,102.249,370.552,51.517,33.532,1,-1,-1,-1
59,6,1144.804,514.459,1344.723,490.652,1,-1,-1,-1
59,2,70.784,367.191,41.415,36.851,1,-1,-1,-1
59,4,6.481,363.533,57.427,41.877,1,-1,-1,-1
60,8,101.346,370.749,52.903,34.013,1,-1,-1,-1
60,2,73.570,367.175,39.539,36.294,1,-1,-1,-1
60,6,1025.739,510.195,1396.741,498.693,1,-1,-1,-1
60,4,6.050,363.027,57.536,42.233,1,-1,-1,-1
61,8,102.624,372.071,51.267,31.454,1,-1,-1,-1
61,4,8.650,364.640,54.555,37.788,1,-1,-1,-1
61,6,922.945,511.230,1390.802,497.351,1,-1,-1,-1
62,6,820.151,512.266,1384.863,496.008,1,-1,-1,-1
62,4,8.300,365.070,55.241,36.834,1,-1,-1,-1
62,8,119.941,374.659,36.219,28.225,1,-1,-1,-1
63,6,717.357,513.302,1378.923,494.666,1,-1,-1,-1
63,8,111.604,374.698,43.050,28.411,1,-1,-1,-1
63,4,7.493,365.226,59.054,36.649,1,-1,-1,-1
64,8,103.267,374.737,49.882,28.597,1,-1,-1,-1
64,6,614.563,514.337,1372.984,493.324,1,-1,-1,-1
64,4,6.694,364.927,59.491,36.499,1,-1,-1,-1
65,6,511.769,515.372,1367.045,491.981,1,-1,-1,-1
65,8,103.234,374.957,50.165,28.652,1,-1,-1,-1
65,4,9.316,370.607,40.102,27.480,1,-1,-1,-1
66,6,408.975,516.408,1361.106,490.639,1,-1,-1,-1
66,8,102.664,375.621,49.738,28.372,1,-1,-1,-1
66,4,3.188,364.280,64.562,37.548,1,-1,-1,-1
67,8,102.914,375.327,49.611,28.860,1,-1,-1,-1
67,6,282.264,526.288,1375.642,487.417,1,-1,-1,-1
67,4,5.980,365.883,61.361,35.075,1,-1,-1,-1
68,8,102.852,375.581,50.036,28.518,1,-1,-1,-1
68,6,153.363,524.321,1267.964,477.768,1,-1,-1,-1
68,4,4.971,365.837,62.220,35.176,1,-1,-1,-1
69,6,58.134,507.563,1319.423,502.115,1,-1,-1,-1
69,8,102.680,375.348,50.444,28.017,1,-1,-1,-1
69,4,2.040,365.416,65.199,36.287,1,-1,-1,-1
70,6,14.570,524.887,1123.202,475.543,1,-1,-1,-1
70,8,103.666,373.482,50.127,30.170,1,-1,-1,-1
70,4,2.182,365.902,62.933,35.775,1,-1,-1,-1
71,4,1.660,368.876,60.377,33.853,1,-1,-1,-1
71,8,101.539,371.714,52.387,32.620,1,-1,-1,-1
71,6,14.706,531.448,1082.227,472.932,1,-1,-1,-1
72,4,4.307,370.850,51.994,30.776,1,-1,-1,-1
72,8,101.491,372.132,52.525,32.364,1,-1,-1,-1
72,6,0.000,529.056,1036.102,472.429,1,-1,-1,-1
73,4,2.014,370.784,52.322,31.144,1,-1,-1,-1
73,8,102.510,371.891,51.764,31.953,1,-1,-1,-1
73,6,0.000,491.399,916.717,505.636,1,-1,-1,-1
73,9,79.720,370.722,36.599,32.510,1,-1,-1,-1
74,8,103.470,372.362,50.573,31.345,1,-1,-1,-1
74,6,7.516,529.154,777.678,472.568,1,-1,-1,-1
74,4,3.017,372.860,48.717,28.251,1,-1,-1,-1
74,9,84.267,373.845,35.744,28.877,1,-1,-1,-1
75,8,104.430,372.833,49.381,30.736,1,-1,-1,-1
75,9,83.636,373.567,34.882,28.880,1,-1,-1,-1
75,6,0.161,538.265,668.416,464.119,1,-1,-1,-1
75,10,3.811,363.647,69.103,39.330,1,-1,-1,-1
76,8,105.390,373.304,48.190,30.128,1,-1,-1,-1
76,10,4.264,363.809,72.018,39.163,1,-1,-1,-1
76,9,85.293,374.045,34.446,28.554,1,-1,-1,-1
76,11,0.000,565.412,556.187,439.948,1,-1,-1,-1
76,4,1.655,375.231,44.257,25.601,1,-1,-1,-1
77,8,105.829,373.187,48.240,30.558,1,-1,-1,-1
77,10,2.366,368.756,64.329,33.229,1,-1,-1,-1
77,9,86.949,374.523,34.010,28.228,1,-1,-1,-1
77,11,0.000,615.718,432.338,390.997,1,-1,-1,-1
78,11,2.387,610.955,307.417,309.860,1,-1,-1,-1
78,10,2.366,368.756,64.329,33.229,1,-1,-1,-1
78,8,104.722,373.246,49.638,30.639,1,-1,-1,-1
79,8,91.682,367.549,64.038,35.981,1,-1,-1,-1
79,4,0.835,376.991,42.264,23.725,1,-1,-1,-1
79,9,90.262,375.478,33.137,27.577,1,-1,-1,-1
79,11,0.199,614.108,174.049,291.265,1,-1,-1,-1
80,9,91.919,375.956,32.701,27.251,1,-1,-1,-1
80,8,123.934,372.520,34.448,29.544,1,-1,-1,-1
80,4,1.187,379.715,37.355,21.163,1,-1,-1,-1
81,8,122.019,374.068,35.901,28.631,1,-1,-1,-1
81,4,0.000,380.210,39.799,20.819,1,-1,-1,-1
81,13,1534.820,500.741,1007.786,481.008,1,-1,-1,-1
81,9,92.895,376.031,30.941,26.109,1,-1,-1,-1
82,4,0.362,379.438,37.910,21.317,1,-1,-1,-1
82,8,122.075,373.763,35.916,28.755,1,-1,-1,-1
82,12,81.461,368.760,33.302,33.478,1,-1,-1,-1
82,13,1409.689,511.807,1099.296,484.048,1,-1,-1,-1
83,4,0.200,380.337,37.225,20.068,1,-1,-1,-1
83,8,122.605,373.647,35.585,28.860,1,-1,-1,-1
83,14,2.019,936.155,133.101,374.807,1,-1,-1,-1
83,12,81.591,368.946,32.827,33.226,1,-1,-1,-1
83,13,1301.603,509.944,1236.169,496.880,1,-1,-1,-1
84,12,92.281,374.797,31.048,27.385,1,-1,-1,-1
84,8,125.620,372.474,32.677,29.754,1,-1,-1,-1
84,13,1181.096,490.090,1305.895,516.353,1,-1,-1,-1
84,4,0.000,380.945,35.805,19.157,1,-1,-1,-1
84,14,9.060,853.406,447.908,616.690,1,-1,-1,-1
85,14,9.974,725.164,774.304,840.928,1,-1,-1,-1
85,4,0.000,380.664,35.284,19.641,1,-1,-1,-1
85,13,1019.360,500.531,1346.390,504.101,1,-1,-1,-1
85,8,124.071,372.295,33.624,29.760,1,-1,-1,-1
85,12,90.037,374.714,34.287,27.716,1,-1,-1,-1
86,12,90.982,374.566,34.218,27.652,1,-1,-1,-1
86,8,124.776,372.855,32.827,29.291,1,-1,-1,-1
86,4,0.000,381.704,34.538,18.222,1,-1,-1,-1
86,13,857.625,510.971,1386.885,491.848,1,-1,-1,-1
86,14,6.918,692.913,1104.818,886.855,1,-1,-1,-1
87,8,122.465,373.337,34.639,28.535,1,-1,-1,-1
87,4,0.000,381.669,34.171,18.519,1,-1,-1,-1
87,13,735.074,514.778,1366.683,480.515,1,-1,-1,-1
87,14,28.751,714.168,1457.239,840.525,1,-1,-1,-1
87,12,91.928,374.419,34.150,27.589,1,-1,-1,-1
88,4,0.000,378.537,30.924,23.308,1,-1,-1,-1
88,8,122.900,370.696,32.540,29.165,1,-1,-1,-1
88,12,92.873,374.271,34.081,27.525,1,-1,-1,-1
88,14,28.885,723.938,1855.691,839.325,1,-1,-1,-1
89,8,119.639,374.720,37.259,27.391,1,-1,-1,-1
89,4,0.000,381.586,32.694,18.859,1,-1,-1,-1
89,12,94.319,376.754,34.716,25.348,1,-1,-1,-1
89,14,202.134,683.900,2163.903,865.271,1,-1,-1,-1
89,15,445.596,518.354,1345.225,333.129,1,-1,-1,-1
90,8,106.317,373.356,48.771,29.929,1,-1,-1,-1
90,12,92.330,376.630,34.759,26.155,1,-1,-1,-1
90,14,662.610,699.302,1233.780,859.747,1,-1,-1,-1
90,15,245.417,538.000,1093.916,460.885,1,-1,-1,-1
90,4,0.000,378.495,31.101,23.482,1,-1,-1,-1
91,4,0.000,382.733,28.251,16.516,1,-1,-1,-1
91,8,106.435,373.816,48.055,28.976,1,-1,-1,-1
91,14,1079.591,700.816,399.818,866.425,1,-1,-1,-1
91,15,117.574,515.942,1232.962,497.239,1,-1,-1,-1
92,4,0.394,385.226,13.566,14.292,1,-1,-1,-1
92,8,120.971,373.569,35.251,28.735,1,-1,-1,-1
92,16,1485.539,679.199,1066.527,849.194,1,-1,-1,-1
92,15,29.949,523.204,1293.537,495.919,1,-1,-1,-1
93,17,2254.941,533.122,302.181,154.020,1,-1,-1,-1
93,8,117.889,374.139,36.301,28.476,1,-1,-1,-1
93,16,1874.501,676.460,674.536,832.441,1,-1,-1,-1
93,15,0.000,527.075,1160.911,474.158,1,-1,-1,-1
93,4,0.160,384.260,15.634,15.336,1,-1,-1,-1
94,15,7.697,530.996,993.902,464.409,1,-1,-1,-1
94,8,121.100,374.623,34.618,27.910,1,-1,-1,-1
94,4,0.034,387.728,17.425,15.012,1,-1,-1,-1
94,16,2220.631,683.293,330.538,712.059,1,-1,-1,-1
94,17,2114.362,528.740,438.700,298.453,1,-1,-1,-1
95,4,0.000,384.553,14.427,15.098,1,-1,-1,-1
95,8,120.611,374.521,34.766,28.066,1,-1,-1,-1
95,17,2002.621,517.033,551.004,312.109,1,-1,-1,-1
95,15,0.000,521.712,845.499,481.017,1,-1,-1,-1
96,17,1898.724,519.669,648.898,308.493,1,-1,-1,-1
96,4,0.000,384.921,25.909,16.406,1,-1,-1,-1
96,15,0.862,527.000,702.784,484.928,1,-1,-1,-1
96,8,105.166,373.931,49.613,29.105,1,-1,-1,-1
97,4,0.000,384.975,24.967,16.289,1,-1,-1,-1
97,15,0.266,546.600,557.569,459.719,1,-1,-1,-1
97,17,1780.503,517.039,769.393,316.603,1,-1,-1,-1
97,8,120.592,374.026,36.213,27.743,1,-1,-1,-1
98,4,0.000,385.175,24.967,16.289,1,-1,-1,-1
98,8,102.159,372.777,52.019,30.395,1,-1,-1,-1
98,17,1684.541,517.249,864.753,314.625,1,-1,-1,-1
98,15,0.000,618.418,414.106,384.512,1,-1,-1,-1
99,8,103.233,371.760,50.839,30.970,1,-1,-1,-1
99,17,1566.069,509.539,910.953,324.411,1,-1,-1,-1
99,4,0.205,389.991,10.939,13.392,1,-1,-1,-1
99,18,0.952,616.505,274.434,307.327,1,-1,-1,-1
100,17,1462.929,509.424,911.105,323.194,1,-1,-1,-1
100,8,104.307,370.742,49.659,31.545,1,-1,-1,-1
100,15,0.091,626.882,128.898,261.807,1,-1,-1,-1
101,17,1383.230,516.451,868.098,316.581,1,-1,-1,-1
101,8,102.366,372.058,52.005,31.696,1,-1,-1,-1
102,8,102.403,372.374,51.814,31.540,1,-1,-1,-1
102,17,1265.827,513.754,873.390,320.020,1,-1,-1,-1
103,8,102.426,372.486,51.887,31.529,1,-1,-1,-1
103,17,1177.172,514.272,855.914,318.565,1,-1,-1,-1
104,8,102.270,372.296,52.091,31.753,1,-1,-1,-1
104,17,1090.055,511.288,837.079,319.633,1,-1,-1,-1
105,17,993.016,514.638,822.329,311.317,1,-1,-1,-1
105,8,102.880,371.938,51.343,31.756,1,-1,-1,-1
106,8,102.244,372.178,51.776,31.721,1,-1,-1,-1
106,17,907.757,516.353,814.462,309.450,1,-1,-1,-1
107,8,102.428,372.291,51.615,31.691,1,-1,-1,-1
107,17,832.674,517.410,793.324,302.471,1,-1,-1,-1
107,19,2.973,932.641,172.794,374.202,1,-1,-1,-1
108,8,102.054,372.277,52.014,31.819,1,-1,-1,-1
108,17,760.585,514.874,789.081,300.617,1,-1,-1,-1
108,19,8.097,846.502,564.315,578.691,1,-1,-1,-1
109,17,692.524,512.328,770.950,301.943,1,-1,-1,-1
109,19,13.344,760.028,925.738,664.492,1,-1,-1,-1
109,8,102.131,371.437,51.963,31.872,1,-1,-1,-1
110,19,14.169,763.690,1340.916,655.036,1,-1,-1,-1
110,17,619.160,515.664,752.248,295.689,1,-1,-1,-1
110,8,102.152,371.015,51.688,32.010,1,-1,-1,-1
111,8,102.846,371.854,51.144,31.095,1,-1,-1,-1
111,19,65.421,754.048,1737.807,692.337,1,-1,-1,-1
111,17,579.478,513.795,704.385,267.510,1,-1,-1,-1
112,17,508.003,513.649,709.374,286.364,1,-1,-1,-1
112,19,510.892,753.548,1726.103,695.126,1,-1,-1,-1
112,8,103.539,372.693,50.599,30.180,1,-1,-1,-1
113,8,103.099,372.671,51.253,30.261,1,-1,-1,-1
113,19,981.209,771.445,1544.838,676.406,1,-1,-1,-1
113,17,473.320,509.704,670.394,281.925,1,-1,-1,-1
114,8,101.484,373.084,53.091,30.468,1,-1,-1,-1
114,19,1412.308,772.699,1142.663,637.092,1,-1,-1,-1
114,17,423.748,505.659,645.500,291.424,1,-1,-1,-1
115,8,96.562,373.255,47.798,30.729,1,-1,-1,-1
115,19,1836.516,746.567,719.379,674.775,1,-1,-1,-1
115,17,380.012,504.650,618.816,286.751,1,-1,-1,-1
116,8,91.640,373.427,42.504,30.989,1,-1,-1,-1
116,17,344.095,502.558,594.635,280.346,1,-1,-1,-1
117,17,316.664,496.902,559.932,281.214,1,-1,-1,-1
117,8,96.846,373.060,47.425,30.755,1,-1,-1,-1
118,17,287.554,500.015,539.488,271.225,1,-1,-1,-1
118,8,102.053,372.694,52.347,30.520,1,-1,-1,-1
119,17,263.103,496.685,502.174,261.844,1,-1,-1,-1
119,8,102.198,372.555,52.146,30.557,1,-1,-1,-1
120,17,244.707,494.016,471.015,249.116,1,-1,-1,-1
120,8,102.343,372.415,51.944,30.595,1,-1,-1,-1
121,17,233.121,483.370,443.258,247.581,1,-1,-1,-1
121,8,119.811,370.129,36.047,30.268,1,-1,-1,-1
121,20,86.619,374.419,33.313,27.692,1,-1,-1,-1
122,8,121.807,370.223,34.085,29.709,1,-1,-1,-1
122,17,208.720,491.803,429.011,233.015,1,-1,-1,-1
122,20,88.531,375.643,31.451,26.513,1,-1,-1,-1
123,21,1.741,897.431,158.819,318.933,1,-1,-1,-1
123,17,201.386,485.388,393.431,228.187,1,-1,-1,-1
123,8,111.633,369.362,43.784,31.731,1,-1,-1,-1
123,20,88.480,375.751,31.752,26.473,1,-1,-1,-1
124,21,7.159,781.824,565.495,556.173,1,-1,-1,-1
124,8,101.459,368.502,53.484,33.752,1,-1,-1,-1
124,20,88.428,375.858,32.053,26.433,1,-1,-1,-1
124,17,183.985,481.588,377.434,220.293,1,-1,-1,-1
125,17,165.804,473.079,356.542,222.316,1,-1,-1,-1
125,21,9.813,719.413,960.835,615.153,1,-1,-1,-1
125,8,91.285,367.641,63.183,35.774,1,-1,-1,-1
125,20,88.377,375.966,32.353,26.394,1,-1,-1,-1
126,21,20.009,726.302,1393.444,598.704,1,-1,-1,-1
126,8,111.441,371.671,43.529,31.253,1,-1,-1,-1
126,17,157.514,468.525,339.599,222.426,1,-1,-1,-1
126,20,88.325,376.073,32.654,26.354,1,-1,-1,-1
127,8,111.180,371.317,44.315,31.366,1,-1,-1,-1
127,17,151.805,465.753,313.167,214.727,1,-1,-1,-1
127,21,387.583,740.657,1485.455,595.509,1,-1,-1,-1
127,20,88.274,376.181,32.955,26.314,1,-1,-1,-1
128,8,104.416,371.563,50.189,32.030,1,-1,-1,-1
128,17,143.027,461.519,296.483,204.248,1,-1,-1,-1
128,21,876.342,736.860,1454.755,606.810,1,-1,-1,-1
129,8,104.694,371.600,50.102,32.017,1,-1,-1,-1
129,17,137.807,456.207,282.604,201.423,1,-1,-1,-1
129,21,851.762,760.676,1455.695,597.820,1,-1,-1,-1
129,20,90.069,376.589,32.030,25.861,1,-1,-1,-1
130,21,1768.970,722.817,775.303,599.482,1,-1,-1,-1
130,17,125.055,452.420,278.493,197.763,1,-1,-1,-1
130,8,104.360,371.539,50.079,31.974,1,-1,-1,-1
131,21,2178.119,711.892,370.401,560.180,1,-1,-1,-1
131,20,91.864,376.998,31.105,25.409,1,-1,-1,-1
131,17,118.617,450.981,265.352,189.037,1,-1,-1,-1
131,8,110.667,370.647,44.907,32.608,1,-1,-1,-1
132,17,116.112,441.439,255.262,187.162,1,-1,-1,-1
132,20,92.761,377.202,30.642,25.182,1,-1,-1,-1
132,8,113.763,370.770,41.574,32.194,1,-1,-1,-1
133,17,113.538,442.415,243.233,174.971,1,-1,-1,-1
133,20,93.659,377.406,30.180,24.956,1,-1,-1,-1
133,8,114.968,384.394,42.444,21.093,1,-1,-1,-1
134,8,126.655,371.671,30.895,30.436,1,-1,-1,-1
134,20,93.922,377.364,30.008,24.863,1,-1,-1,-1
134,17,113.114,438.422,230.109,168.877,1,-1,-1,-1
135,17,112.791,434.149,217.079,164.396,1,-1,-1,-1
135,8,125.263,369.886,31.318,30.592,1,-1,-1,-1
135,20,99.380,374.883,30.497,27.176,1,-1,-1,-1
136,17,108.878,427.571,214.661,160.781,1,-1,-1,-1
136,8,121.052,370.829,33.098,30.219,1,-1,-1,-1
136,20,99.212,374.020,31.967,28.077,1,-1,-1,-1
137,20,100.042,374.846,27.224,26.465,1,-1,-1,-1
137,8,126.359,369.094,30.393,30.372,1,-1,-1,-1
137,22,0.343,1332.502,289.630,566.469,1,-1,-1,-1
137,17,100.454,425.642,208.495,155.319,1,-1,-1,-1
138,20,99.616,374.228,29.378,27.389,1,-1,-1,-1
138,22,28.690,1167.382,1163.637,737.394,1,-1,-1,-1
138,17,100.406,420.865,200.355,153.424,1,-1,-1,-1
138,8,119.873,372.350,38.212,29.921,1,-1,-1,-1
139,17,93.616,419.820,196.200,146.438,1,-1,-1,-1
139,22,11.361,1092.082,2174.514,811.210,1,-1,-1,-1
139,20,91.570,375.308,33.026,27.797,1,-1,-1,-1
139,8,121.018,368.923,36.216,31.700,1,-1,-1,-1
140,20,91.587,374.182,36.600,29.244,1,-1,-1,-1
140,17,89.077,413.895,193.009,144.482,1,-1,-1,-1
140,22,41.032,1118.278,2467.791,783.810,1,-1,-1,-1
140,8,120.798,368.539,36.151,30.675,1,-1,-1,-1
141,22,713.681,1086.745,1131.638,819.295,1,-1,-1,-1
141,20,98.523,373.802,29.676,28.260,1,-1,-1,-1
141,17,89.420,409.940,180.879,140.402,1,-1,-1,-1
141,8,116.507,371.049,37.120,29.667,1,-1,-1,-1
142,8,126.971,370.169,28.420,25.023,1,-1,-1,-1
142,20,95.699,378.336,28.166,23.450,1,-1,-1,-1
142,17,85.565,407.188,177.397,138.800,1,-1,-1,-1
143,20,94.173,378.667,23.892,22.640,1,-1,-1,-1
143,17,83.650,407.113,174.297,128.940,1,-1,-1,-1
144,17,80.689,405.041,169.565,126.944,1,-1,-1,-1
144,20,93.092,378.386,24.533,22.460,1,-1,-1,-1
145,17,78.121,404.495,168.569,123.784,1,-1,-1,-1
145,20,92.012,378.104,25.173,22.281,1,-1,-1,-1
146,20,90.931,377.823,25.814,22.101,1,-1,-1,-1
146,17,74.622,399.733,160.996,120.745,1,-1,-1,-1
147,20,89.138,376.224,27.208,22.751,1,-1,-1,-1
147,17,76.629,399.748,151.693,116.472,1,-1,-1,-1
148,20,87.931,376.351,28.734,22.208,1,-1,-1,-1
148,17,72.194,397.267,147.582,114.222,1,-1,-1,-1
149,17,70.796,399.504,143.187,105.681,1,-1,-1,-1
150,23,2497.260,619.090,61.246,153.460,1,-1,-1,-1
150,17,70.646,393.337,136.913,108.075,1,-1,-1,-1
151,23,2374.023,603.619,180.653,198.695,1,-1,-1,-1
151,17,67.162,392.210,135.317,103.328,1,-1,-1,-1
152,23,2262.474,528.551,290.665,310.036,1,-1,-1,-1
152,17,66.674,399.826,131.383,91.342,1,-1,-1,-1
153,17,63.907,386.905,128.861,100.527,1,-1,-1,-1
153,23,2145.230,494.474,410.174,344.151,1,-1,-1,-1
154,17,61.068,385.654,127.587,97.194,1,-1,-1,-1
154,23,2031.054,489.692,513.156,363.336,1,-1,-1,-1
155,17,58.461,384.186,125.410,95.160,1,-1,-1,-1
155,23,1923.586,484.231,599.338,363.838,1,-1,-1,-1
156,23,1807.638,498.735,748.102,346.488,1,-1,-1,-1
156,17,54.831,383.015,123.219,92.737,1,-1,-1,-1
157,23,1677.758,495.875,873.928,350.703,1,-1,-1,-1
157,17,54.901,377.721,116.437,96.217,1,-1,-1,-1
158,17,51.192,381.242,116.267,87.046,1,-1,-1,-1
158,23,1577.589,476.522,973.676,381.418,1,-1,-1,-1
159,17,53.348,383.357,109.661,82.661,1,-1,-1,-1
159,23,1466.473,479.650,991.975,377.978,1,-1,-1,-1
159,24,77.496,351.139,30.637,25.288,1,-1,-1,-1
160,23,1355.357,482.778,1010.273,374.537,1,-1,-1,-1
160,17,52.995,378.284,106.257,84.842,1,-1,-1,-1
160,24,78.425,356.486,27.245,19.387,1,-1,-1,-1
161,17,49.672,376.154,105.191,83.655,1,-1,-1,-1
161,24,79.335,356.157,26.012,18.815,1,-1,-1,-1
161,23,1244.241,485.906,1028.572,371.097,1,-1,-1,-1
162,23,1139.909,503.413,1038.896,351.693,1,-1,-1,-1
162,24,80.409,344.759,26.804,23.287,1,-1,-1,-1
162,17,45.752,372.446,106.859,84.534,1,-1,-1,-1
163,23,1036.020,486.033,1032.025,369.084,1,-1,-1,-1
163,24,80.927,345.395,24.617,21.495,1,-1,-1,-1
163,17,43.271,375.246,105.768,77.385,1,-1,-1,-1
164,17,40.037,374.244,105.874,75.687,1,-1,-1,-1
164,24,80.607,345.642,24.984,21.773,1,-1,-1,-1
164,23,939.235,522.051,995.680,319.905,1,-1,-1,-1
165,17,37.063,377.623,104.057,69.718,1,-1,-1,-1
165,23,856.916,506.205,959.418,332.560,1,-1,-1,-1
165,24,80.999,345.432,25.259,22.025,1,-1,-1,-1
165,25,125.707,369.361,31.916,29.975,1,-1,-1,-1
166,17,36.703,377.879,99.905,67.831,1,-1,-1,-1
166,23,772.858,505.609,952.830,331.737,1,-1,-1,-1
166,24,81.391,345.223,25.535,22.278,1,-1,-1,-1
166,25,124.425,369.686,31.782,29.499,1,-1,-1,-1
167,17,34.067,378.080,98.961,64.416,1,-1,-1,-1
167,23,688.799,505.013,946.242,330.914,1,-1,-1,-1
167,25,124.913,372.454,33.337,27.941,1,-1,-1,-1
167,24,81.783,345.013,25.810,22.530,1,-1,-1,-1
168,17,33.665,379.679,94.861,59.673,1,-1,-1,-1
168,25,123.329,371.651,34.537,28.670,1,-1,-1,-1
168,23,604.740,504.417,939.654,330.090,1,-1,-1,-1
169,17,33.204,387.425,91.751,51.298,1,-1,-1,-1
169,23,520.682,503.821,933.066,329.267,1,-1,-1,-1
169,25,121.746,370.849,35.737,29.400,1,-1,-1,-1
170,23,482.532,502.629,873.932,318.740,1,-1,-1,-1
170,17,32.544,382.307,90.594,54.138,1,-1,-1,-1
170,25,120.163,370.047,36.936,30.129,1,-1,-1,-1
171,17,30.519,374.266,85.323,60.162,1,-1,-1,-1
171,26,6.289,904.019,321.952,463.504,1,-1,-1,-1
171,23,429.380,501.279,844.573,313.005,1,-1,-1,-1
171,25,118.579,369.244,38.136,30.859,1,-1,-1,-1
172,17,28.667,377.210,84.980,56.166,1,-1,-1,-1
172,25,126.012,369.385,30.331,31.296,1,-1,-1,-1
172,23,376.227,499.929,815.215,307.270,1,-1,-1,-1
172,26,18.116,785.183,767.542,662.676,1,-1,-1,-1
173,17,27.059,374.475,84.866,56.384,1,-1,-1,-1
173,25,123.871,370.009,32.207,31.059,1,-1,-1,-1
173,26,25.622,776.487,1266.730,656.447,1,-1,-1,-1
173,23,328.547,494.974,770.091,309.224,1,-1,-1,-1
174,26,14.017,762.251,1796.568,678.052,1,-1,-1,-1
174,25,124.439,369.935,31.863,30.891,1,-1,-1,-1
174,23,274.073,496.591,743.893,280.291,1,-1,-1,-1
174,17,25.739,375.496,83.882,52.620,1,-1,-1,-1
175,26,466.887,766.647,1873.893,675.285,1,-1,-1,-1
175,25,123.501,370.459,32.234,30.268,1,-1,-1,-1
175,17,24.410,378.986,79.789,47.847,1,-1,-1,-1
175,23,254.139,494.521,704.279,276.794,1,-1,-1,-1
176,26,372.829,755.902,1853.686,661.993,1,-1,-1,-1
176,23,234.205,492.451,664.665,273.296,1,-1,-1,-1
176,25,122.856,370.464,33.278,30.839,1,-1,-1,-1
176,17,22.408,374.410,80.257,50.633,1,-1,-1,-1
177,26,1564.728,749.438,978.741,680.455,1,-1,-1,-1
177,17,21.979,371.345,77.294,52.227,1,-1,-1,-1
177,25,121.434,371.203,34.172,30.277,1,-1,-1,-1
177,23,214.271,490.381,625.051,269.799,1,-1,-1,-1
178,17,19.869,361.331,78.264,59.688,1,-1,-1,-1
178,23,194.338,488.310,585.437,266.301,1,-1,-1,-1
178,25,121.992,370.693,33.957,31.291,1,-1,-1,-1
178,26,2020.877,747.563,535.083,646.735,1,-1,-1,-1
179,17,15.320,360.013,78.326,59.981,1,-1,-1,-1
179,25,122.535,370.417,33.138,31.342,1,-1,-1,-1
179,23,174.404,486.240,545.823,262.804,1,-1,-1,-1
180,17,16.015,362.163,73.741,56.639,1,-1,-1,-1
180,25,113.998,372.002,43.913,30.092,1,-1,-1,-1
180,23,154.470,484.170,506.209,259.306,1,-1,-1,-1
181,25,117.655,371.229,39.852,30.999,1,-1,-1,-1
181,17,15.857,362.399,73.630,55.514,1,-1,-1,-1
181,27,85.378,369.864,38.130,36.418,1,-1,-1,-1
181,23,134.536,482.100,466.595,255.809,1,-1,-1,-1
182,23,122.447,478.336,441.949,251.490,1,-1,-1,-1
182,25,121.312,370.455,35.791,31.906,1,-1,-1,-1
182,27,86.226,369.570,36.273,35.696,1,-1,-1,-1
182,17,16.504,364.964,70.801,52.328,1,-1,-1,-1
183,27,84.168,368.119,39.665,38.526,1,-1,-1,-1
183,25,124.969,369.682,31.730,32.813,1,-1,-1,-1
183,17,15.750,365.925,69.975,49.508,1,-1,-1,-1
183,23,122.550,471.609,393.439,242.676,1,-1,-1,-1
184,27,82.924,367.973,42.375,37.751,1,-1,-1,-1
184,25,123.796,369.642,33.131,32.771,1,-1,-1,-1
184,17,15.009,364.198,69.274,50.542,1,-1,-1,-1
184,23,119.391,466.950,368.653,235.456,1,-1,-1,-1
185,27,86.837,368.091,38.464,36.254,1,-1,-1,-1
185,17,14.482,365.642,69.738,46.874,1,-1,-1,-1
185,25,122.622,369.601,34.532,32.729,1,-1,-1,-1
185,28,102.528,460.820,355.360,234.680,1,-1,-1,-1
186,27,85.076,367.760,38.170,36.117,1,-1,-1,-1
186,17,13.554,365.769,69.267,45.040,1,-1,-1,-1
186,25,121.449,369.560,35.932,32.688,1,-1,-1,-1
186,28,93.645,460.491,339.729,225.955,1,-1,-1,-1
187,28,91.042,454.045,317.366,220.154,1,-1,-1,-1
187,27,84.610,368.245,40.096,35.989,1,-1,-1,-1
187,25,120.275,369.520,37.333,32.646,1,-1,-1,-1
187,17,9.652,364.211,68.688,46.354,1,-1,-1,-1
188,25,119.936,374.219,37.151,27.357,1,-1,-1,-1
188,28,103.720,447.573,287.110,213.600,1,-1,-1,-1
188,17,9.321,363.960,67.990,45.420,1,-1,-1,-1
188,27,79.773,366.682,42.780,37.419,1,-1,-1,-1
189,17,8.565,362.133,67.456,46.781,1,-1,-1,-1
189,29,76.226,345.574,31.082,21.900,1,-1,-1,-1
189,28,99.925,445.455,275.574,206.070,1,-1,-1,-1
189,27,80.440,366.845,42.167,36.982,1,-1,-1,-1
189,25,118.098,369.726,39.609,32.878,1,-1,-1,-1
190,17,7.825,362.562,66.435,45.854,1,-1,-1,-1
190,29,76.040,344.405,30.509,22.147,1,-1,-1,-1
190,25,119.210,369.171,38.795,32.870,1,-1,-1,-1
190,28,96.130,443.336,264.037,198.540,1,-1,-1,-1
190,27,85.294,367.017,40.903,36.214,1,-1,-1,-1
191,29,76.199,345.324,30.197,22.358,1,-1,-1,-1
191,27,90.147,367.189,39.639,35.446,1,-1,-1,-1
191,28,92.334,441.218,252.501,191.010,1,-1,-1,-1
191,17,6.670,362.511,65.619,44.856,1,-1,-1,-1
192,28,88.539,439.099,240.964,183.480,1,-1,-1,-1
192,17,5.281,362.946,66.506,43.646,1,-1,-1,-1
192,29,78.078,345.651,27.265,22.169,1,-1,-1,-1
192,25,89.262,370.736,36.939,33.325,1,-1,-1,-1
193,17,4.605,363.144,66.067,42.967,1,-1,-1,-1
193,28,84.744,436.981,229.428,175.950,1,-1,-1,-1
193,25,112.181,378.418,47.794,27.216,1,-1,-1,-1
193,29,75.708,345.014,30.591,22.605,1,-1,-1,-1
194,25,105.638,376.430,44.626,28.573,1,-1,-1,-1
194,29,79.050,345.473,26.052,21.002,1,-1,-1,-1
194,28,79.918,422.055,225.559,178.420,1,-1,-1,-1
194,17,4.008,362.768,64.544,42.518,1,-1,-1,-1
195,29,77.979,345.574,28.052,19.937,1,-1,-1,-1
195,28,78.072,419.163,218.741,168.751,1,-1,-1,-1
195,27,109.562,367.878,34.584,32.373,1,-1,-1,-1
195,17,4.820,362.769,60.336,41.744,1,-1,-1,-1
196,29,78.519,345.597,27.417,20.594,1,-1,-1,-1
196,28,76.226,416.271,211.922,159.082,1,-1,-1,-1
196,25,92.553,372.455,38.290,31.288,1,-1,-1,-1
196,17,4.228,360.219,58.751,43.917,1,-1,-1,-1
196,27,114.416,368.050,33.320,31.605,1,-1,-1,-1
197,27,119.269,368.222,32.056,30.837,1,-1,-1,-1
197,28,87.726,409.404,192.223,164.554,1,-1,-1,-1
197,25,86.010,370.467,35.122,32.645,1,-1,-1,-1
197,29,79.878,345.929,26.153,19.925,1,-1,-1,-1
197,17,3.893,361.093,59.674,42.976,1,-1,-1,-1
198,29,82.462,346.888,22.423,19.084,1,-1,-1,-1
198,25,88.114,371.795,35.839,31.072,1,-1,-1,-1
198,27,124.123,368.394,30.792,30.069,1,-1,-1,-1
198,17,4.525,360.671,58.746,42.422,1,-1,-1,-1
198,28,86.809,407.005,186.492,158.857,1,-1,-1,-1
199,30,65.077,367.125,39.949,36.367,1,-1,-1,-1
199,25,78.364,347.244,26.266,18.034,1,-1,-1,-1
199,28,85.892,404.605,180.761,153.160,1,-1,-1,-1
199,17,4.875,360.190,56.878,42.226,1,-1,-1,-1
199,27,121.990,369.960,34.168,29.564,1,-1,-1,-1
200,28,88.312,406.279,172.299,146.108,1,-1,-1,-1
200,17,4.190,360.662,58.399,41.888,1,-1,-1,-1
200,27,119.857,371.526,37.543,29.059,1,-1,-1,-1
200,25,78.987,344.090,26.796,21.363,1,-1,-1,-1
200,30,65.552,367.916,39.563,35.526,1,-1,-1,-1
201,28,85.647,405.543,168.378,140.694,1,-1,-1,-1
201,27,117.724,373.091,40.919,28.554,1,-1,-1,-1
201,30,67.693,367.843,41.492,35.194,1,-1,-1,-1
201,17,4.251,359.803,58.279,42.502,1,-1,-1,-1
201,31,2467.554,610.986,90.271,189.075,1,-1,-1,-1
201,25,85.685,346.939,20.557,19.504,1,-1,-1,-1
202,28,82.983,404.807,164.458,135.279,1,-1,-1,-1
202,30,69.833,367.770,43.421,34.863,1,-1,-1,-1
202,31,2319.387,583.805,238.979,236.243,1,-1,-1,-1
202,17,3.507,360.786,58.053,41.113,1,-1,-1,-1
202,25,82.808,347.766,22.677,17.636,1,-1,-1,-1
202,27,115.591,374.657,44.295,28.049,1,-1,-1,-1
203,17,2.131,359.907,57.240,42.178,1,-1,-1,-1
203,28,84.849,403.256,155.360,130.236,1,-1,-1,-1
203,30,84.577,372.610,32.229,26.284,1,-1,-1,-1
203,25,82.991,346.935,22.582,18.596,1,-1,-1,-1
203,27,127.255,369.753,24.000,21.152,1,-1,-1,-1
203,31,2167.986,483.930,390.325,363.125,1,-1,-1,-1
204,27,121.895,371.048,35.652,24.464,1,-1,-1,-1
204,25,85.765,346.729,20.711,19.844,1,-1,-1,-1
204,30,84.629,372.348,33.303,25.217,1,-1,-1,-1
204,31,2033.452,491.219,516.949,352.954,1,-1,-1,-1
204,28,80.158,398.175,151.465,129.401,1,-1,-1,-1
204,17,2.129,360.682,57.276,41.489,1,-1,-1,-1
205,32,1890.116,484.676,669.225,361.265,1,-1,-1,-1
205,30,83.031,366.353,32.967,24.878,1,-1,-1,-1
205,17,2.106,361.416,54.272,40.395,1,-1,-1,-1
205,25,85.994,346.191,20.800,20.140,1,-1,-1,-1
205,27,123.940,371.017,33.188,25.174,1,-1,-1,-1
205,28,81.091,400.479,147.087,121.530,1,-1,-1,-1
206,30,84.208,370.576,32.967,24.878,1,-1,-1,-1
206,27,122.025,370.172,33.936,24.465,1,-1,-1,-1
206,17,1.722,362.628,54.462,39.138,1,-1,-1,-1
206,28,76.833,395.340,145.477,120.162,1,-1,-1,-1
206,25,86.136,347.500,19.767,18.987,1,-1,-1,-1
206,32,1753.116,461.978,778.185,377.394,1,-1,-1,-1
207,30,85.386,374.798,32.967,24.878,1,-1,-1,-1
207,17,2.357,363.312,49.658,39.048,1,-1,-1,-1
207,28,72.574,390.201,143.866,118.795,1,-1,-1,-1
207,32,1656.453,481.940,886.488,376.730,1,-1,-1,-1
207,27,119.529,368.487,33.318,21.166,1,-1,-1,-1
208,28,65.983,389.408,146.599,115.330,1,-1,-1,-1
208,32,1482.932,446.975,1041.596,393.536,1,-1,-1,-1
208,27,115.320,368.090,37.893,20.983,1,-1,-1,-1
208,30,73.361,378.131,65.361,42.153,1,-1,-1,-1
208,17,1.677,363.622,48.044,38.129,1,-1,-1,-1
209,32,1350.833,498.747,1119.265,339.854,1,-1,-1,-1
209,28,63.865,387.128,141.671,113.834,1,-1,-1,-1
209,17,1.814,364.279,45.755,37.942,1,-1,-1,-1
209,27,105.156,369.512,57.961,24.851,1,-1,-1,-1
210,32,1230.086,508.676,1084.912,326.070,1,-1,-1,-1
210,17,1.293,364.398,46.485,39.119,1,-1,-1,-1
210,28,61.748,384.848,136.742,112.337,1,-1,-1,-1
211,17,1.259,364.564,46.086,38.906,1,-1,-1,-1
211,28,59.630,382.568,131.814,110.841,1,-1,-1,-1
211,32,1080.831,476.503,1074.149,360.998,1,-1,-1,-1
212,32,978.045,481.517,1049.368,354.167,1,-1,-1,-1
212,17,1.055,365.344,42.793,37.454,1,-1,-1,-1
212,28,61.522,383.697,122.112,103.261,1,-1,-1,-1
213,28,49.560,376.366,130.462,105.788,1,-1,-1,-1
213,32,875.959,501.918,999.533,330.048,1,-1,-1,-1
213,17,0.139,366.887,44.642,36.986,1,-1,-1,-1
214,17,0.503,366.693,41.302,35.549,1,-1,-1,-1
214,32,775.714,504.827,986.242,313.542,1,-1,-1,-1
214,28,48.986,379.994,124.973,97.309,1,-1,-1,-1
215,32,698.257,506.949,915.635,300.069,1,-1,-1,-1
215,28,45.130,375.411,123.849,100.091,1,-1,-1,-1
215,17,0.156,368.531,37.895,34.479,1,-1,-1,-1
216,28,48.903,380.056,116.439,92.340,1,-1,-1,-1
216,32,606.820,493.848,916.626,313.980,1,-1,-1,-1
216,17,0.488,370.881,38.497,32.043,1,-1,-1,-1
217,32,527.584,481.916,879.838,315.772,1,-1,-1,-1
217,28,46.783,369.896,112.106,93.867,1,-1,-1,-1
217,17,0.040,372.385,39.717,31.281,1,-1,-1,-1
218,32,451.671,482.302,838.102,308.533,1,-1,-1,-1
218,28,43.913,368.804,110.740,94.185,1,-1,-1,-1
218,17,0.000,374.163,40.782,28.285,1,-1,-1,-1
219,32,391.110,482.405,797.714,300.799,1,-1,-1,-1
219,28,41.043,367.712,109.373,94.503,1,-1,-1,-1
219,17,0.000,375.063,36.934,27.198,1,-1,-1,-1
220,32,352.730,481.391,745.856,300.327,1,-1,-1,-1
220,28,37.824,367.704,109.698,89.984,1,-1,-1,-1
220,17,0.000,376.243,35.674,25.724,1,-1,-1,-1
221,28,40.877,369.681,101.620,85.940,1,-1,-1,-1
221,32,295.876,475.691,718.336,303.794,1,-1,-1,-1
221,17,0.000,373.577,34.958,28.544,1,-1,-1,-1
222,32,270.979,469.373,660.752,301.084,1,-1,-1,-1
222,28,38.130,363.856,102.688,89.742,1,-1,-1,-1
222,17,0.000,376.385,35.897,26.740,1,-1,-1,-1
223,17,0.000,376.062,37.610,26.643,1,-1,-1,-1
223,32,239.509,466.971,623.876,290.641,1,-1,-1,-1
223,28,33.783,364.042,102.801,83.279,1,-1,-1,-1
224,32,208.039,464.568,586.999,280.197,1,-1,-1,-1
224,17,0.000,376.676,39.531,26.361,1,-1,-1,-1
224,28,33.159,363.904,100.300,81.181,1,-1,-1,-1
225,28,32.534,363.767,97.799,79.083,1,-1,-1,-1
225,32,176.569,462.166,550.123,269.754,1,-1,-1,-1
225,17,0.000,376.649,36.503,28.132,1,-1,-1,-1
226,17,0.000,375.542,33.748,25.792,1,-1,-1,-1
226,28,31.910,363.629,95.298,76.985,1,-1,-1,-1
226,32,149.338,459.751,518.948,260.144,1,-1,-1,-1
227,28,30.674,362.760,92.062,75.604,1,-1,-1,-1
227,17,0.000,375.801,32.831,26.688,1,-1,-1,-1
227,33,115.651,368.554,38.416,31.800,1,-1,-1,-1
227,32,123.908,455.952,493.098,253.458,1,-1,-1,-1
228,33,118.359,370.119,40.025,31.854,1,-1,-1,-1
228,17,0.000,377.596,31.834,25.641,1,-1,-1,-1
228,28,29.438,361.890,88.826,74.222,1,-1,-1,-1
228,32,133.386,450.117,431.210,245.237,1,-1,-1,-1
229,33,117.771,369.470,35.957,32.420,1,-1,-1,-1
229,17,0.000,377.818,32.541,25.598,1,-1,-1,-1
229,32,129.619,450.282,398.941,239.464,1,-1,-1,-1
229,28,29.138,361.804,87.365,71.987,1,-1,-1,-1
229,34,2487.466,666.626,70.339,134.578,1,-1,-1,-1
230,28,29.225,356.427,73.682,29.015,1,-1,-1,-1
230,32,112.645,444.109,373.887,235.791,1,-1,-1,-1
230,34,2354.688,641.734,201.850,176.187,1,-1,-1,-1
230,33,119.566,369.390,38.323,32.819,1,-1,-1,-1
230,17,0.000,376.562,32.111,27.255,1,-1,-1,-1
231,32,111.600,440.216,331.066,214.630,1,-1,-1,-1
231,34,2224.150,586.377,335.595,245.708,1,-1,-1,-1
231,35,24.102,358.894,85.930,57.535,1,-1,-1,-1
231,33,118.571,369.339,35.486,31.560,1,-1,-1,-1
232,32,105.787,434.841,315.111,209.964,1,-1,-1,-1
232,34,2086.800,575.384,472.270,257.840,1,-1,-1,-1
232,33,123.996,368.473,32.639,33.215,1,-1,-1,-1
232,35,21.177,357.930,85.421,61.412,1,-1,-1,-1
233,32,99.974,429.465,299.156,205.298,1,-1,-1,-1
233,35,18.311,360.645,86.058,64.572,1,-1,-1,-1
233,33,125.290,368.531,31.783,33.628,1,-1,-1,-1
233,34,1897.091,523.076,429.336,234.400,1,-1,-1,-1
234,32,94.161,424.089,283.200,200.631,1,-1,-1,-1
234,35,18.507,357.623,86.445,64.372,1,-1,-1,-1
234,34,1897.091,523.076,429.336,234.400,1,-1,-1,-1
235,35,16.793,356.908,84.243,64.385,1,-1,-1,-1
235,34,1713.370,575.250,836.509,257.875,1,-1,-1,-1
235,32,88.348,418.714,267.245,195.965,1,-1,-1,-1
236,32,85.620,417.243,260.652,190.157,1,-1,-1,-1
236,35,15.079,356.193,82.042,64.398,1,-1,-1,-1
236,34,1594.285,572.513,834.880,251.470,1,-1,-1,-1
237,32,85.765,412.312,242.821,177.520,1,-1,-1,-1
237,36,105.711,370.618,51.579,32.820,1,-1,-1,-1
237,35,15.295,357.777,80.683,61.133,1,-1,-1,-1
237,34,1462.265,572.069,838.482,250.908,1,-1,-1,-1
238,32,85.910,407.380,224.990,164.882,1,-1,-1,-1
238,34,1341.831,575.694,836.275,246.458,1,-1,-1,-1
238,36,101.786,368.939,52.360,34.417,1,-1,-1,-1
238,35,13.512,359.857,79.329,58.025,1,-1,-1,-1
239,35,11.728,361.937,77.976,54.918,1,-1,-1,-1
239,32,85.515,404.505,215.025,160.858,1,-1,-1,-1
239,36,95.247,369.319,65.721,38.098,1,-1,-1,-1
239,34,1232.043,578.768,824.784,241.209,1,-1,-1,-1
240,34,1130.418,569.457,801.990,247.101,1,-1,-1,-1
240,36,93.890,369.833,67.229,38.194,1,-1,-1,-1
240,32,85.119,401.629,205.061,156.834,1,-1,-1,-1
240,35,9.945,364.017,76.622,51.810,1,-1,-1,-1
241,32,84.724,398.754,195.096,152.810,1,-1,-1,-1
241,34,1032.665,576.562,783.015,238.671,1,-1,-1,-1
241,35,8.729,356.236,75.770,57.646,1,-1,-1,-1
241,36,92.533,370.347,68.736,38.289,1,-1,-1,-1
242,34,933.690,570.181,772.159,237.702,1,-1,-1,-1
242,35,8.650,356.876,75.018,55.254,1,-1,-1,-1
242,32,78.996,388.871,197.167,166.263,1,-1,-1,-1
242,36,85.813,370.656,41.942,33.337,1,-1,-1,-1
243,32,77.374,395.018,184.200,140.240,1,-1,-1,-1
243,34,850.210,567.671,754.652,236.399,1,-1,-1,-1
243,35,6.769,356.039,72.252,54.693,1,-1,-1,-1
244,32,79.167,387.504,179.740,148.363,1,-1,-1,-1
244,35,4.525,354.391,72.267,53.656,1,-1,-1,-1
244,34,759.925,570.048,739.682,243.713,1,-1,-1,-1
245,34,672.843,567.160,721.442,242.861,1,-1,-1,-1
245,35,6.006,355.085,67.990,52.997,1,-1,-1,-1
245,32,77.011,386.383,173.517,142.691,1,-1,-1,-1
246,32,74.855,385.263,167.294,137.020,1,-1,-1,-1
246,34,610.761,563.899,686.281,235.355,1,-1,-1,-1
246,35,4.587,355.042,64.671,50.207,1,-1,-1,-1
247,34,549.499,561.788,662.477,235.889,1,-1,-1,-1
247,35,4.466,355.617,62.998,48.275,1,-1,-1,-1
247,32,71.331,383.641,162.862,132.986,1,-1,-1,-1
248,34,498.796,560.105,628.015,233.458,1,-1,-1,-1
248,35,3.050,356.485,63.824,47.270,1,-1,-1,-1
248,32,67.249,382.417,157.583,126.072,1,-1,-1,-1
249,34,450.926,559.399,598.384,229.745,1,-1,-1,-1
249,35,3.215,356.960,61.105,46.653,1,-1,-1,-1
249,32,63.167,381.193,152.305,119.159,1,-1,-1,-1
250,32,57.557,376.714,150.723,119.112,1,-1,-1,-1
250,35,2.463,356.093,60.636,47.671,1,-1,-1,-1
250,34,407.500,548.821,569.069,235.735,1,-1,-1,-1
251,32,56.691,377.280,146.551,113.273,1,-1,-1,-1
251,35,2.287,357.519,61.104,46.953,1,-1,-1,-1
251,34,373.736,542.307,529.992,232.445,1,-1,-1,-1
252,35,2.198,357.601,60.090,46.351,1,-1,-1,-1
252,34,347.481,540.803,490.467,224.586,1,-1,-1,-1
252,32,53.747,374.251,140.891,112.076,1,-1,-1,-1
253,32,59.986,372.754,128.870,111.938,1,-1,-1,-1
253,34,315.403,535.190,458.709,218.023,1,-1,-1,-1
253,35,2.131,357.769,56.520,46.249,1,-1,-1,-1
254,32,54.536,371.556,128.634,111.255,1,-1,-1,-1
254,34,299.906,535.157,421.549,206.168,1,-1,-1,-1
254,35,1.652,356.173,55.305,47.955,1,-1,-1,-1
255,34,280.354,533.390,405.747,197.146,1,-1,-1,-1
255,32,46.789,372.242,129.013,104.265,1,-1,-1,-1
255,35,0.776,357.250,53.623,45.287,1,-1,-1,-1
256,34,270.407,525.312,365.125,195.511,1,-1,-1,-1
256,35,0.884,358.907,51.988,43.823,1,-1,-1,-1
256,32,43.556,369.178,129.325,105.611,1,-1,-1,-1
257,32,44.578,369.504,121.299,98.244,1,-1,-1,-1
257,35,0.318,363.657,50.204,39.646,1,-1,-1,-1
257,34,256.856,518.310,334.408,193.237,1,-1,-1,-1
258,34,244.411,515.575,319.045,184.508,1,-1,-1,-1
258,32,41.603,364.777,122.080,101.287,1,-1,-1,-1
258,35,0.291,362.483,50.324,40.673,1,-1,-1,-1
259,32,42.798,365.889,116.295,96.048,1,-1,-1,-1
259,35,0.000,361.206,48.683,41.598,1,-1,-1,-1
259,34,230.540,507.030,306.767,186.701,1,-1,-1,-1
260,32,40.837,366.343,114.873,91.459,1,-1,-1,-1
260,35,1.046,362.851,45.239,38.329,1,-1,-1,-1
260,34,225.229,504.613,286.692,183.683,1,-1,-1,-1
261,34,215.143,498.727,271.167,176.811,1,-1,-1,-1
261,35,0.000,361.214,42.632,39.650,1,-1,-1,-1
261,32,36.507,365.458,113.272,90.194,1,-1,-1,-1
262,34,199.281,492.468,271.613,173.146,1,-1,-1,-1
262,32,33.381,365.088,113.282,86.426,1,-1,-1,-1
262,35,0.000,360.984,39.863,39.649,1,-1,-1,-1
263,34,195.288,486.782,255.004,168.763,1,-1,-1,-1
263,32,32.854,366.800,108.507,82.698,1,-1,-1,-1
263,38,125.962,366.406,30.395,31.487,1,-1,-1,-1
263,35,0.887,360.136,36.120,39.301,1,-1,-1,-1
264,32,32.011,366.602,104.700,79.444,1,-1,-1,-1
264,34,185.745,483.012,243.005,161.164,1,-1,-1,-1
264,38,129.755,366.950,27.921,31.173,1,-1,-1,-1
264,35,0.979,358.705,34.651,39.106,1,-1,-1,-1
265,38,129.804,368.734,29.631,31.897,1,-1,-1,-1
265,35,1.290,358.306,34.001,39.175,1,-1,-1,-1
265,34,174.011,477.382,241.213,156.152,1,-1,-1,-1
265,32,31.329,363.412,101.577,76.909,1,-1,-1,-1
266,35,0.000,360.103,33.176,38.214,1,-1,-1,-1
266,34,166.911,473.367,232.275,153.701,1,-1,-1,-1
266,38,128.452,368.644,30.973,32.698,1,-1,-1,-1
266,32,28.360,361.947,100.496,77.234,1,-1,-1,-1
267,35,0.000,360.951,28.374,38.633,1,-1,-1,-1
267,34,157.401,470.252,218.366,145.476,1,-1,-1,-1
267,38,119.079,368.324,38.246,31.741,1,-1,-1,-1
267,32,29.143,361.799,96.395,72.076,1,-1,-1,-1
268,34,146.320,464.887,217.313,142.452,1,-1,-1,-1
268,35,0.357,359.629,24.395,39.784,1,-1,-1,-1
268,38,119.845,368.111,37.741,32.282,1,-1,-1,-1
268,32,26.767,359.685,92.539,76.398,1,-1,-1,-1
269,35,0.537,359.273,24.637,40.068,1,-1,-1,-1
269,38,118.754,368.500,37.063,30.697,1,-1,-1,-1
269,32,25.912,359.844,91.055,73.805,1,-1,-1,-1
269,34,138.804,462.956,212.280,136.855,1,-1,-1,-1
270,34,126.573,456.416,206.067,134.086,1,-1,-1,-1
270,32,25.057,360.002,89.572,71.211,1,-1,-1,-1
270,38,117.700,368.040,40.077,33.200,1,-1,-1,-1
271,32,22.558,360.095,88.850,67.887,1,-1,-1,-1
271,34,117.032,453.148,199.753,128.724,1,-1,-1,-1
271,38,125.149,369.276,31.333,31.548,1,-1,-1,-1
272,32,20.801,359.486,87.702,66.475,1,-1,-1,-1
272,38,117.144,369.396,40.348,31.977,1,-1,-1,-1
272,34,109.338,450.466,190.766,123.991,1,-1,-1,-1
273,32,19.045,358.876,86.555,65.062,1,-1,-1,-1
273,34,102.363,446.075,186.959,121.434,1,-1,-1,-1
273,38,115.961,370.151,42.374,31.766,1,-1,-1,-1
274,34,92.386,438.206,187.710,124.456,1,-1,-1,-1
274,38,110.071,369.840,38.819,32.461,1,-1,-1,-1
274,32,17.288,358.266,85.407,63.649,1,-1,-1,-1
275,32,15.531,357.657,84.259,62.237,1,-1,-1,-1
275,34,85.445,436.434,180.335,117.016,1,-1,-1,-1
275,39,114.394,370.338,43.570,32.373,1,-1,-1,-1
276,39,124.219,369.348,30.338,30.772,1,-1,-1,-1
276,34,79.322,431.819,175.720,118.393,1,-1,-1,-1
276,38,98.290,369.219,31.710,33.852,1,-1,-1,-1
276,32,13.775,357.047,83.112,60.825,1,-1,-1,-1
277,39,125.841,369.049,28.731,29.647,1,-1,-1,-1
277,34,77.276,431.281,163.080,111.106,1,-1,-1,-1
277,38,96.403,369.397,32.134,33.633,1,-1,-1,-1
277,32,12.018,356.438,81.964,59.412,1,-1,-1,-1
278,34,70.717,428.640,162.849,106.313,1,-1,-1,-1
278,39,126.317,368.471,28.418,28.959,1,-1,-1,-1
278,38,88.142,367.937,37.024,35.417,1,-1,-1,-1
278,32,8.557,354.042,81.247,61.553,1,-1,-1,-1
279,34,67.017,428.880,160.363,101.189,1,-1,-1,-1
279,39,124.380,367.815,30.972,30.644,1,-1,-1,-1
279,38,88.034,367.288,47.692,36.722,1,-1,-1,-1
279,32,6.185,351.977,82.877,62.377,1,-1,-1,-1
280,38,87.927,366.639,58.360,38.028,1,-1,-1,-1
280,32,7.613,353.202,75.628,59.462,1,-1,-1,-1
280,34,67.181,420.637,146.832,105.160,1,-1,-1,-1
281,34,63.313,418.053,145.465,103.424,1,-1,-1,-1
281,38,87.819,365.990,69.028,39.333,1,-1,-1,-1
281,40,6.134,734.241,472.378,642.778,1,-1,-1,-1
281,32,6.313,353.046,74.832,58.251,1,-1,-1,-1
282,32,5.103,353.124,72.711,56.706,1,-1,-1,-1
282,38,83.843,369.260,41.452,34.384,1,-1,-1,-1
282,40,0.000,573.007,888.845,901.893,1,-1,-1,-1
282,34,58.588,415.568,144.764,99.854,1,-1,-1,-1
283,43,0.857,1394.101,440.966,516.214,1,-1,-1,-1
283,41,86.050,370.464,38.563,32.433,1,-1,-1,-1
283,42,120.385,369.803,37.351,32.013,1,-1,-1,-1
283,32,3.497,352.541,69.881,57.461,1,-1,-1,-1
283,38,80.191,347.635,25.303,18.120,1,-1,-1,-1
283,40,0.000,581.298,1380.247,885.718,1,-1,-1,-1
283,34,56.786,414.738,141.763,96.411,1,-1,-1,-1
284,38,78.877,348.451,26.193,17.716,1,-1,-1,-1
284,43,20.584,1057.878,1812.785,850.346,1,-1,-1,-1
284,42,117.570,369.659,38.212,33.535,1,-1,-1,-1
284,32,3.290,352.194,68.601,57.355,1,-1,-1,-1
284,41,78.541,367.507,42.566,35.883,1,-1,-1,-1
284,34,56.853,412.369,131.276,89.403,1,-1,-1,-1
284,40,104.247,573.289,1764.065,888.702,1,-1,-1,-1
285,34,51.490,409.712,132.446,88.424,1,-1,-1,-1
285,40,714.692,616.469,1698.141,797.616,1,-1,-1,-1
285,43,119.996,1725.457,1742.646,169.064,1,-1,-1,-1
285,38,84.134,348.740,21.835,18.423,1,-1,-1,-1
285,41,79.255,368.354,40.878,34.696,1,-1,-1,-1
285,42,110.668,372.381,45.245,32.267,1,-1,-1,-1
285,32,2.099,352.850,68.153,55.132,1,-1,-1,-1
286,34,52.064,410.373,121.924,84.003,1,-1,-1,-1
286,38,79.363,348.638,26.264,17.390,1,-1,-1,-1
286,41,74.197,363.770,42.438,37.289,1,-1,-1,-1
286,42,114.327,370.391,42.422,33.579,1,-1,-1,-1
286,32,1.545,353.202,67.365,55.043,1,-1,-1,-1
286,40,640.609,591.558,1895.853,889.454,1,-1,-1,-1
287,34,50.991,408.342,121.365,82.612,1,-1,-1,-1
287,42,113.134,371.233,44.363,32.435,1,-1,-1,-1
287,38,84.989,349.060,21.126,17.886,1,-1,-1,-1
287,32,0.374,354.697,66.541,53.193,1,-1,-1,-1
288,42,119.569,370.364,38.366,30.634,1,-1,-1,-1
288,34,47.703,406.444,119.685,78.585,1,-1,-1,-1
288,32,1.072,354.355,64.289,53.286,1,-1,-1,-1
288,38,85.704,348.878,20.218,18.057,1,-1,-1,-1
289,34,48.862,404.216,114.508,77.015,1,-1,-1,-1
289,32,0.000,355.381,63.429,50.756,1,-1,-1,-1
289,38,85.336,349.432,20.039,17.973,1,-1,-1,-1
289,44,2053.015,708.218,505.789,561.805,1,-1,-1,-1
289,42,126.004,369.495,32.369,28.832,1,-1,-1,-1
290,42,127.914,368.493,28.453,26.510,1,-1,-1,-1
290,34,48.371,401.786,109.866,75.142,1,-1,-1,-1
290,38,84.705,349.715,20.141,17.692,1,-1,-1,-1
290,44,2438.648,721.257,117.045,342.904,1,-1,-1,-1
290,32,0.152,354.970,62.676,49.868,1,-1,-1,-1
291,44,2381.986,606.020,171.275,288.016,1,-1,-1,-1
291,38,80.206,349.601,24.187,17.158,1,-1,-1,-1
291,42,116.431,369.188,39.663,28.389,1,-1,-1,-1
291,34,46.894,398.681,106.255,75.569,1,-1,-1,-1
291,32,0.000,355.596,63.301,50.322,1,-1,-1,-1
292,38,78.820,349.326,25.572,18.093,1,-1,-1,-1
292,42,114.661,370.580,45.051,31.186,1,-1,-1,-1
292,34,41.973,398.794,108.179,73.656,1,-1,-1,-1
292,32,0.000,355.289,61.983,49.929,1,-1,-1,-1
293,34,40.896,395.023,103.783,72.641,1,-1,-1,-1
293,38,78.650,349.316,25.825,18.115,1,-1,-1,-1
293,32,0.000,356.939,62.434,48.846,1,-1,-1,-1
293,42,116.493,370.908,44.265,32.293,1,-1,-1,-1
294,34,38.591,394.540,103.402,70.692,1,-1,-1,-1
294,42,119.957,369.435,40.909,32.156,1,-1,-1,-1
294,32,0.098,356.841,60.839,49.874,1,-1,-1,-1
295,34,36.119,391.185,97.943,70.420,1,-1,-1,-1
295,32,0.697,357.741,54.743,47.253,1,-1,-1,-1
295,45,1201.309,367.736,1325.517,617.131,1,-1,-1,-1
295,42,119.451,370.101,41.085,32.302,1,-1,-1,-1
296,32,0.362,358.377,52.257,44.932,1,-1,-1,-1
296,34,33.742,389.554,95.296,66.646,1,-1,-1,-1
296,45,873.065,371.470,1366.280,626.768,1,-1,-1,-1
296,42,118.875,369.973,40.985,32.111,1,-1,-1,-1
297,42,117.301,369.734,42.058,31.472,1,-1,-1,-1
297,32,0.353,357.995,49.112,44.832,1,-1,-1,-1
297,34,31.859,387.937,94.371,66.245,1,-1,-1,-1
297,45,578.272,359.227,1345.344,621.347,1,-1,-1,-1
298,42,123.372,372.246,36.760,28.784,1,-1,-1,-1
298,34,30.652,386.593,90.325,64.699,1,-1,-1,-1
298,45,216.997,349.393,1370.664,646.233,1,-1,-1,-1
298,32,0.310,358.749,46.737,45.650,1,-1,-1,-1
299,42,123.952,372.663,35.727,27.920,1,-1,-1,-1
299,34,31.180,385.509,87.788,62.909,1,-1,-1,-1
299,32,0.138,359.594,45.483,42.538,1,-1,-1,-1
299,45,197.270,317.630,1246.058,587.484,1,-1,-1,-1
300,42,95.750,370.757,79.209,40.814,1,-1,-1,-1
300,34,38.735,383.019,68.183,38.521,1,-1,-1,-1
300,32,0.397,359.551,43.841,53.017,1,-1,-1,-1
300,45,197.270,317.630,1246.058,587.484,1,-1,-1,-1
301,45,0.000,350.261,678.186,652.665,1,-1,-1,-1
301,32,0.000,363.513,43.925,49.285,1,-1,-1,-1
301,34,34.212,369.104,70.051,47.565,1,-1,-1,-1
301,42,99.873,374.497,75.531,37.641,1,-1,-1,-1
302,45,1.189,380.730,388.217,605.750,1,-1,-1,-1
302,32,0.000,366.119,43.925,49.285,1,-1,-1,-1
302,42,99.845,377.595,75.531,37.641,1,-1,-1,-1
303,32,0.000,361.716,38.339,44.388,1,-1,-1,-1
303,42,91.391,367.940,66.451,34.060,1,-1,-1,-1
303,34,29.368,364.179,70.898,48.558,1,-1,-1,-1
304,32,0.000,363.055,37.595,40.387,1,-1,-1,-1
304,34,27.504,369.386,71.745,49.551,1,-1,-1,-1
304,42,92.138,369.489,69.016,34.059,1,-1,-1,-1
305,42,92.885,371.038,71.582,34.057,1,-1,-1,-1
305,47,0.000,1387.881,307.107,523.620,1,-1,-1,-1
305,32,0.000,363.393,35.303,38.865,1,-1,-1,-1
305,34,25.639,374.593,72.593,50.545,1,-1,-1,-1
306,32,0.000,364.435,33.238,36.593,1,-1,-1,-1
306,48,89.129,370.979,31.783,29.938,1,-1,-1,-1
306,34,23.775,379.800,73.440,51.538,1,-1,-1,-1
306,42,117.806,370.016,35.754,31.031,1,-1,-1,-1
306,46,27.123,1050.690,1362.073,845.677,1,-1,-1,-1
307,34,23.776,377.269,67.654,49.848,1,-1,-1,-1
307,32,0.685,364.882,32.209,35.516,1,-1,-1,-1
307,48,84.305,368.428,33.209,33.545,1,-1,-1,-1
307,47,44.235,1031.329,2470.530,873.357,1,-1,-1,-1
307,46,0.000,1060.890,1313.491,842.616,1,-1,-1,-1
308,32,0.310,365.952,31.066,34.930,1,-1,-1,-1
308,47,3.900,878.172,2551.200,997.297,1,-1,-1,-1
308,34,19.334,377.223,68.786,49.195,1,-1,-1,-1
308,48,85.680,371.325,32.627,32.675,1,-1,-1,-1
309,34,18.635,375.983,69.076,49.284,1,-1,-1,-1
309,49,118.337,370.120,34.702,31.300,1,-1,-1,-1
309,47,894.357,959.914,770.286,931.951,1,-1,-1,-1
309,48,85.721,372.182,34.229,31.533,1,-1,-1,-1
309,32,0.751,367.812,32.334,35.931,1,-1,-1,-1
310,34,17.743,373.691,67.952,49.745,1,-1,-1,-1
310,49,116.460,369.972,37.077,31.869,1,-1,-1,-1
310,32,0.660,368.674,32.269,28.702,1,-1,-1,-1
310,48,79.127,348.244,24.854,19.639,1,-1,-1,-1
311,48,79.274,347.983,24.790,19.571,1,-1,-1,-1
311,50,116.395,370.025,36.993,31.983,1,-1,-1,-1
311,34,12.710,371.984,69.768,49.769,1,-1,-1,-1
311,32,2.579,368.668,49.050,36.857,1,-1,-1,-1
312,48,79.486,347.341,24.669,19.747,1,-1,-1,-1
312,50,120.803,370.656,36.721,31.999,1,-1,-1,-1
312,32,12.971,372.219,68.354,47.656,1,-1,-1,-1
312,49,93.701,371.189,34.947,33.328,1,-1,-1,-1
313,49,88.207,372.189,32.904,32.917,1,-1,-1,-1
313,32,11.889,369.251,68.130,49.370,1,-1,-1,-1
313,50,108.910,371.496,38.101,32.322,1,-1,-1,-1
313,48,79.151,347.030,24.695,20.097,1,-1,-1,-1
314,49,87.484,372.296,32.941,32.318,1,-1,-1,-1
314,32,8.038,368.758,68.994,47.328,1,-1,-1,-1
314,50,108.121,371.566,37.567,32.273,1,-1,-1,-1
314,48,81.629,347.488,22.822,19.638,1,-1,-1,-1
315,50,108.898,371.300,38.224,32.410,1,-1,-1,-1
315,49,85.558,371.341,33.968,33.300,1,-1,-1,-1
315,48,80.803,347.049,23.498,20.253,1,-1,-1,-1
315,32,6.737,368.159,69.180,46.142,1,-1,-1,-1
316,49,86.509,371.960,34.173,32.396,1,-1,-1,-1
316,50,107.674,372.099,37.049,31.920,1,-1,-1,-1
316,48,81.182,347.324,22.595,19.986,1,-1,-1,-1
316,32,7.638,367.832,66.534,46.158,1,-1,-1,-1
317,50,107.359,371.128,39.750,32.932,1,-1,-1,-1
317,49,82.872,369.987,35.962,34.325,1,-1,-1,-1
317,48,80.841,347.137,23.474,20.302,1,-1,-1,-1
317,32,6.306,365.243,66.850,46.417,1,-1,-1,-1
318,49,79.234,368.013,37.752,36.254,1,-1,-1,-1
318,48,81.746,347.153,23.315,20.607,1,-1,-1,-1
318,32,5.278,364.361,65.033,47.174,1,-1,-1,-1
318,50,106.813,369.271,41.086,34.628,1,-1,-1,-1
319,32,2.748,366.162,65.579,44.083,1,-1,-1,-1
319,48,81.000,347.116,24.336,20.829,1,-1,-1,-1
319,49,75.597,366.040,39.541,38.183,1,-1,-1,-1
319,50,114.641,368.561,42.762,35.464,1,-1,-1,-1
320,48,82.196,347.148,24.027,20.761,1,-1,-1,-1
320,32,1.895,364.871,63.463,44.077,1,-1,-1,-1
320,49,71.851,367.747,35.415,36.206,1,-1,-1,-1
320,50,115.225,368.690,41.946,35.147,1,-1,-1,-1
321,49,77.803,369.177,34.681,34.682,1,-1,-1,-1
321,48,84.070,346.947,23.003,20.398,1,-1,-1,-1
321,32,2.650,364.730,62.565,41.883,1,-1,-1,-1
321,50,116.311,371.193,41.205,32.152,1,-1,-1,-1
322,32,3.375,363.913,62.683,43.565,1,-1,-1,-1
322,49,83.756,370.608,33.947,33.158,1,-1,-1,-1
322,50,117.397,373.695,40.464,29.156,1,-1,-1,-1
322,48,83.580,347.199,23.108,20.290,1,-1,-1,-1
323,50,117.499,373.761,40.610,29.142,1,-1,-1,-1
323,32,1.386,364.696,62.186,41.619,1,-1,-1,-1
323,49,89.708,372.038,33.213,31.634,1,-1,-1,-1
323,48,83.598,346.955,22.991,20.431,1,-1,-1,-1
324,50,117.695,374.089,40.733,29.015,1,-1,-1,-1
324,48,83.457,346.881,23.223,20.654,1,-1,-1,-1
324,32,2.847,363.965,59.647,40.257,1,-1,-1,-1
324,49,84.081,370.282,33.627,33.268,1,-1,-1,-1
325,50,118.723,373.929,38.856,28.798,1,-1,-1,-1
325,49,78.455,368.526,34.040,34.902,1,-1,-1,-1
325,32,2.817,363.972,60.471,39.722,1,-1,-1,-1
325,48,83.711,346.383,22.785,20.701,1,-1,-1,-1
326,48,83.858,346.256,22.592,20.542,1,-1,-1,-1
326,49,84.661,370.507,33.101,32.694,1,-1,-1,-1
326,50,118.552,374.354,39.127,28.426,1,-1,-1,-1
326,32,2.410,363.555,58.533,40.371,1,-1,-1,-1
327,32,1.440,364.217,54.249,39.361,1,-1,-1,-1
327,50,126.104,368.604,28.636,30.781,1,-1,-1,-1
327,48,83.956,346.354,22.420,19.952,1,-1,-1,-1
327,49,90.868,372.487,32.161,30.486,1,-1,-1,-1
328,32,1.171,365.327,51.785,39.054,1,-1,-1,-1
328,48,83.951,346.509,22.199,19.811,1,-1,-1,-1
328,49,91.271,372.989,32.319,30.009,1,-1,-1,-1
328,50,112.331,371.781,34.009,29.599,1,-1,-1,-1
329,32,1.029,367.117,49.217,37.281,1,-1,-1,-1
329,50,98.558,374.959,39.382,28.417,1,-1,-1,-1
329,48,84.077,346.791,21.788,19.547,1,-1,-1,-1
330,32,0.680,367.403,46.249,36.213,1,-1,-1,-1
330,50,102.753,373.295,39.631,29.875,1,-1,-1,-1
331,32,0.168,369.662,45.904,34.330,1,-1,-1,-1
331,51,40.270,368.516,30.416,28.752,1,-1,-1,-1
331,50,106.948,371.631,39.880,31.333,1,-1,-1,-1
332,51,38.940,368.749,33.274,28.074,1,-1,-1,-1
332,32,0.000,369.596,44.649,33.830,1,-1,-1,-1
332,50,99.267,374.693,40.577,28.601,1,-1,-1,-1
333,51,37.361,368.127,32.603,29.596,1,-1,-1,-1
333,32,0.014,371.350,42.699,32.119,1,-1,-1,-1
333,50,99.348,374.881,40.445,28.497,1,-1,-1,-1
334,50,99.547,374.977,40.438,28.423,1,-1,-1,-1
334,32,0.557,371.881,40.916,31.094,1,-1,-1,-1
335,50,99.489,374.845,40.660,28.546,1,-1,-1,-1
335,32,0.605,370.183,38.578,32.781,1,-1,-1,-1
336,32,0.339,370.566,36.546,32.061,1,-1,-1,-1
336,50,99.838,375.028,41.386,28.465,1,-1,-1,-1
337,32,0.452,371.671,35.593,31.936,1,-1,-1,-1
337,50,100.310,375.300,41.005,28.211,1,-1,-1,-1
338,32,0.125,372.553,33.578,30.468,1,-1,-1,-1
338,50,100.256,375.279,41.502,28.298,1,-1,-1,-1
339,32,0.261,373.903,32.221,29.035,1,-1,-1,-1
339,50,100.202,375.257,41.998,28.385,1,-1,-1,-1
340,32,0.000,374.390,33.276,28.604,1,-1,-1,-1
340,50,100.270,375.234,41.409,28.329,1,-1,-1,-1
341,32,0.000,375.670,32.480,25.878,1,-1,-1,-1
341,50,100.468,375.107,43.975,28.708,1,-1,-1,-1
342,32,0.000,375.269,32.645,26.541,1,-1,-1,-1
342,50,91.327,374.218,30.553,28.247,1,-1,-1,-1
342,52,121.312,370.745,37.585,31.120,1,-1,-1,-1
343,50,91.788,374.209,30.334,28.182,1,-1,-1,-1
343,32,0.000,375.899,31.630,27.524,1,-1,-1,-1
343,52,117.702,370.501,37.641,32.340,1,-1,-1,-1
344,50,91.970,374.692,29.947,27.730,1,-1,-1,-1
344,32,0.000,376.702,31.196,24.048,1,-1,-1,-1
344,52,117.868,370.667,37.271,32.150,1,-1,-1,-1
345,50,91.821,374.754,29.901,27.596,1,-1,-1,-1
345,32,0.000,377.594,30.595,22.665,1,-1,-1,-1
345,52,118.023,370.690,37.058,32.088,1,-1,-1,-1
346,50,92.178,374.461,29.606,27.735,1,-1,-1,-1
346,32,0.000,378.999,29.313,21.912,1,-1,-1,-1
346,52,118.356,370.531,36.566,32.106,1,-1,-1,-1
347,32,0.000,379.558,28.395,21.009,1,-1,-1,-1
347,52,93.058,370.074,68.356,35.615,1,-1,-1,-1
348,32,0.000,379.978,28.156,20.802,1,-1,-1,-1
348,52,93.192,370.148,68.201,35.542,1,-1,-1,-1
349,32,0.000,380.017,28.305,21.195,1,-1,-1,-1
349,52,92.932,369.978,68.811,35.632,1,-1,-1,-1
350,32,0.000,380.249,26.527,20.299,1,-1,-1,-1
350,52,92.898,369.952,68.737,35.641,1,-1,-1,-1
351,32,0.000,380.651,26.504,20.502,1,-1,-1,-1
351,52,92.786,369.833,68.863,35.700,1,-1,-1,-1
352,52,92.588,369.819,68.985,35.641,1,-1,-1,-1
352,32,0.000,381.422,26.364,20.903,1,-1,-1,-1
353,52,92.777,369.931,68.808,35.599,1,-1,-1,-1
353,32,0.000,379.274,23.623,24.735,1,-1,-1,-1
354,52,92.849,369.934,68.707,35.565,1,-1,-1,-1
354,32,0.000,381.848,22.484,21.047,1,-1,-1,-1
355,52,92.688,369.914,68.883,35.582,1,-1,-1,-1
355,32,0.000,382.015,22.023,21.049,1,-1,-1,-1
356,52,92.859,369.829,68.805,35.677,1,-1,-1,-1
356,32,0.000,381.885,22.188,21.029,1,-1,-1,-1
357,52,92.855,369.825,68.845,35.675,1,-1,-1,-1
357,32,0.000,381.943,22.179,21.145,1,-1,-1,-1
358,52,92.956,369.902,68.755,35.581,1,-1,-1,-1
358,32,0.000,383.065,19.788,21.055,1,-1,-1,-1
359,52,93.021,369.978,68.811,35.507,1,-1,-1,-1
360,52,92.906,369.856,68.903,35.613,1,-1,-1,-1
361,52,92.684,369.716,69.265,35.725,1,-1,-1,-1
362,52,92.692,369.665,69.262,35.756,1,-1,-1,-1
363,52,92.725,369.691,69.225,35.731,1,-1,-1,-1
364,52,92.748,369.668,69.166,35.758,1,-1,-1,-1
365,52,92.723,369.610,69.218,35.803,1,-1,-1,-1
366,52,92.648,369.610,69.279,35.852,1,-1,-1,-1
367,52,92.633,369.622,69.253,35.801,1,-1,-1,-1
368,52,92.741,369.620,69.096,35.793,1,-1,-1,-1
369,52,92.776,369.626,68.955,35.748,1,-1,-1,-1
370,52,92.809,369.714,68.987,35.666,1,-1,-1,-1
371,52,92.801,369.419,69.069,35.982,1,-1,-1,-1
372,52,92.741,369.437,69.166,35.898,1,-1,-1,-1
373,52,92.790,369.357,69.132,36.039,1,-1,-1,-1
374,52,92.804,369.388,69.099,35.984,1,-1,-1,-1
375,52,92.782,369.370,69.161,35.985,1,-1,-1,-1
376,52,92.641,369.338,69.276,35.999,1,-1,-1,-1
377,52,92.894,369.431,68.972,35.956,1,-1,-1,-1
378,52,92.933,369.376,69.122,36.065,1,-1,-1,-1
379,52,98.917,371.467,34.266,31.241,1,-1,-1,-1
380,52,92.617,369.215,69.370,36.245,1,-1,-1,-1
381,52,92.615,369.277,69.346,36.232,1,-1,-1,-1
382,52,92.739,368.927,68.507,36.555,1,-1,-1,-1
383,52,92.772,368.988,68.462,36.477,1,-1,-1,-1
384,52,92.709,368.944,68.530,36.520,1,-1,-1,-1
385,52,93.069,369.036,68.014,36.446,1,-1,-1,-1
386,52,93.062,369.010,68.033,36.472,1,-1,-1,-1
387,52,93.103,369.049,67.998,36.420,1,-1,-1,-1
388,52,93.063,369.006,68.052,36.450,1,-1,-1,-1
389,52,93.115,369.050,67.988,36.412,1,-1,-1,-1
390,52,92.998,369.087,67.973,36.320,1,-1,-1,-1
391,52,92.962,369.094,68.007,36.312,1,-1,-1,-1
392,52,92.788,369.083,68.074,36.314,1,-1,-1,-1
393,52,92.735,369.078,68.155,36.326,1,-1,-1,-1
394,52,92.729,369.087,68.164,36.317,1,-1,-1,-1
395,52,92.709,369.088,68.194,36.315,1,-1,-1,-1
396,52,92.764,369.090,68.119,36.307,1,-1,-1,-1
397,52,92.913,369.055,68.063,36.389,1,-1,-1,-1
398,52,92.986,369.082,67.974,36.352,1,-1,-1,-1
399,52,92.959,369.056,68.027,36.381,1,-1,-1,-1
400,52,92.995,369.086,67.972,36.354,1,-1,-1,-1
401,52,93.047,369.108,67.912,36.350,1,-1,-1,-1
402,52,92.986,369.055,68.020,36.394,1,-1,-1,-1
403,52,93.101,369.001,67.911,36.426,1,-1,-1,-1
404,52,93.187,369.038,68.065,36.412,1,-1,-1,-1
405,52,93.210,369.067,68.058,36.379,1,-1,-1,-1
406,52,93.248,369.075,68.011,36.358,1,-1,-1,-1
407,52,93.204,369.063,68.082,36.374,1,-1,-1,-1
408,52,93.154,369.077,68.110,36.365,1,-1,-1,-1
409,52,93.432,369.167,67.885,36.229,1,-1,-1,-1
410,52,93.435,369.146,67.868,36.246,1,-1,-1,-1
411,52,93.433,369.066,67.850,36.323,1,-1,-1,-1
412,52,93.403,369.045,67.915,36.336,1,-1,-1,-1
413,52,93.321,368.972,68.034,36.415,1,-1,-1,-1
414,52,93.228,369.003,68.020,36.371,1,-1,-1,-1
415,52,93.156,368.908,68.092,36.444,1,-1,-1,-1
416,52,93.070,368.938,68.253,36.446,1,-1,-1,-1
417,52,93.095,369.022,68.272,36.370,1,-1,-1,-1
418,52,93.388,369.009,68.022,36.408,1,-1,-1,-1
419,52,93.289,369.013,68.298,36.415,1,-1,-1,-1
420,52,93.315,369.031,68.258,36.409,1,-1,-1,-1
421,52,89.387,366.922,71.038,38.261,1,-1,-1,-1
422,52,89.424,366.939,70.963,38.239,1,-1,-1,-1
423,52,89.344,366.926,71.120,38.249,1,-1,-1,-1
424,52,89.337,366.913,71.122,38.258,1,-1,-1,-1
425,52,89.221,366.920,71.247,38.265,1,-1,-1,-1
426,52,89.204,366.916,71.296,38.255,1,-1,-1,-1
427,52,89.145,366.927,71.361,38.260,1,-1,-1,-1
428,52,89.081,366.901,71.449,38.280,1,-1,-1,-1
429,52,89.168,366.980,71.368,38.261,1,-1,-1,-1
430,52,89.199,366.984,71.327,38.237,1,-1,-1,-1
431,52,89.434,367.059,71.012,38.203,1,-1,-1,-1
432,52,89.340,367.050,71.144,38.204,1,-1,-1,-1
433,52,120.475,369.718,38.317,32.057,1,-1,-1,-1
434,52,120.679,369.644,38.046,32.018,1,-1,-1,-1
435,52,93.591,368.584,66.963,37.016,1,-1,-1,-1
436,52,93.603,368.623,66.952,37.024,1,-1,-1,-1
437,52,120.761,369.623,37.899,31.936,1,-1,-1,-1
437,53,1.861,809.000,94.114,299.773,1,-1,-1,-1
438,52,120.722,369.709,37.925,31.830,1,-1,-1,-1
438,53,2.790,754.833,182.652,430.046,1,-1,-1,-1
438,54,91.281,372.889,27.600,29.365,1,-1,-1,-1
439,53,5.438,733.825,289.257,524.629,1,-1,-1,-1
439,54,91.319,372.979,27.348,29.313,1,-1,-1,-1
439,52,120.774,369.814,37.837,31.747,1,-1,-1,-1
440,54,91.332,373.022,27.445,29.265,1,-1,-1,-1
440,53,7.295,694.273,429.279,647.692,1,-1,-1,-1
440,52,120.584,369.918,38.074,31.677,1,-1,-1,-1
441,53,8.579,651.050,585.810,789.385,1,-1,-1,-1
441,52,120.633,369.876,38.094,31.726,1,-1,-1,-1
441,54,91.450,373.064,27.504,29.234,1,-1,-1,-1
442,54,91.464,373.100,27.358,29.195,1,-1,-1,-1
442,53,3.790,641.450,769.313,879.226,1,-1,-1,-1
442,52,120.671,369.894,37.983,31.708,1,-1,-1,-1
443,53,0.000,659.718,978.106,957.898,1,-1,-1,-1
443,52,92.832,368.794,69.183,36.756,1,-1,-1,-1
444,53,0.000,650.034,1225.450,1068.168,1,-1,-1,-1
444,52,92.774,368.767,69.115,36.797,1,-1,-1,-1
445,52,92.142,368.663,70.044,36.959,1,-1,-1,-1
445,53,15.666,688.925,1485.159,1094.061,1,-1,-1,-1
446,52,91.874,368.579,70.312,37.046,1,-1,-1,-1
446,53,0.000,705.479,1833.340,1166.618,1,-1,-1,-1
447,52,91.798,372.390,28.501,29.626,1,-1,-1,-1
447,53,85.505,709.228,2106.996,1201.175,1,-1,-1,-1
448,53,249.374,714.052,2060.252,1181.138,1,-1,-1,-1
448,52,91.647,368.545,70.449,37.006,1,-1,-1,-1
449,52,91.642,368.550,70.449,36.993,1,-1,-1,-1
449,53,509.075,784.281,1972.005,1094.997,1,-1,-1,-1
450,52,91.697,368.598,70.524,36.967,1,-1,-1,-1
450,53,832.370,789.778,1713.769,1115.790,1,-1,-1,-1
451,52,91.874,368.622,70.166,36.956,1,-1,-1,-1
452,52,96.998,371.449,29.339,30.997,1,-1,-1,-1
