3,1,129.94,444.41,169.08,116.18,1,-1,-1,-1
3,2,1765.10,508.65,749.24,466.30,1,-1,-1,-1
3,3,42.75,366.25,58.36,52.33,1,-1,-1,-1
4,1,126.04,443.20,162.72,111.61,1,-1,-1,-1
4,2,1766.18,509.98,750.26,464.99,1,-1,-1,-1
4,3,41.35,365.15,58.84,52.35,1,-1,-1,-1
5,1,124.68,442.48,154.69,105.81,1,-1,-1,-1
5,2,1764.29,509.84,753.93,465.03,1,-1,-1,-1
5,3,40.27,364.77,58.38,51.47,1,-1,-1,-1
5,4,105.63,369.01,42.21,33.36,1,-1,-1,-1
5,5,12.57,371.82,25.28,34.11,1,-1,-1,-1
6,1,116.83,435.27,154.68,105.97,1,-1,-1,-1
6,2,1761.60,509.25,758.78,465.58,1,-1,-1,-1
6,3,39.18,364.94,56.99,49.84,1,-1,-1,-1
6,4,104.83,370.94,43.09,34.00,1,-1,-1,-1
6,5,14.22,371.91,25.47,34.22,1,-1,-1,-1
7,1,111.02,430.58,154.64,106.40,1,-1,-1,-1
7,2,1758.71,508.61,764.03,466.23,1,-1,-1,-1
7,3,39.31,365.42,54.79,47.49,1,-1,-1,-1
7,4,103.28,373.17,43.17,33.93,1,-1,-1,-1
7,5,16.20,372.19,26.01,34.77,1,-1,-1,-1
8,1,103.95,426.05,155.11,107.46,1,-1,-1,-1
8,2,1756.01,508.13,769.00,466.63,1,-1,-1,-1
8,3,39.69,365.98,52.79,45.37,1,-1,-1,-1
8,4,101.95,374.92,43.91,34.32,1,-1,-1,-1
8,5,17.86,372.18,26.99,35.85,1,-1,-1,-1
9,1,96.15,422.08,155.13,108.45,1,-1,-1,-1
9,2,1753.46,507.97,773.52,466.73,1,-1,-1,-1
9,3,40.63,366.00,52.29,44.62,1,-1,-1,-1
9,4,101.13,375.65,44.01,34.21,1,-1,-1,-1
9,5,18.26,372.03,27.92,36.90,1,-1,-1,-1
10,1,89.68,418.62,153.63,108.73,1,-1,-1,-1
10,2,1751.09,507.98,778.03,466.89,1,-1,-1,-1
10,3,41.79,365.92,52.05,44.22,1,-1,-1,-1
10,4,100.23,375.91,44.26,34.26,1,-1,-1,-1
10,5,17.83,371.53,28.78,37.81,1,-1,-1,-1
11,1,88.88,416.85,141.36,100.36,1,-1,-1,-1
11,2,1748.85,508.01,782.34,467.01,1,-1,-1,-1
11,3,43.06,365.42,53.22,45.03,1,-1,-1,-1
11,4,99.24,375.52,43.81,33.82,1,-1,-1,-1
11,5,16.79,370.30,29.71,38.80,1,-1,-1,-1
12,1,85.69,414.53,137.55,98.31,1,-1,-1,-1
12,2,1746.93,507.52,787.02,467.51,1,-1,-1,-1
12,3,43.84,365.09,54.26,45.67,1,-1,-1,-1
12,4,98.11,375.74,43.32,33.27,1,-1,-1,-1
12,5,16.16,368.24,30.44,39.43,1,-1,-1,-1
13,1,86.08,416.14,129.27,91.95,1,-1,-1,-1
13,2,1745.24,506.92,791.32,467.91,1,-1,-1,-1
13,3,42.96,364.59,56.07,46.87,1,-1,-1,-1
13,4,97.91,376.37,42.54,32.48,1,-1,-1,-1
13,5,16.31,366.26,31.15,39.92,1,-1,-1,-1
14,1,81.58,415.11,124.74,88.48,1,-1,-1,-1
14,2,1743.61,506.16,795.55,468.45,1,-1,-1,-1
14,3,41.80,364.41,56.92,47.17,1,-1,-1,-1
14,4,97.83,377.67,41.91,31.84,1,-1,-1,-1
14,5,17.29,365.00,31.26,39.47,1,-1,-1,-1
15,1,79.42,413.58,121.49,85.89,1,-1,-1,-1
15,2,1741.87,505.78,799.07,468.70,1,-1,-1,-1
15,3,41.54,364.69,56.86,46.65,1,-1,-1,-1
15,4,97.46,377.98,41.28,31.29,1,-1,-1,-1
15,5,18.25,364.86,31.37,38.85,1,-1,-1,-1
16,1,71.31,410.63,124.82,87.51,1,-1,-1,-1
16,2,1739.95,505.31,802.58,469.10,1,-1,-1,-1
16,3,42.30,364.86,56.16,45.50,1,-1,-1,-1
16,4,96.67,377.88,40.85,30.82,1,-1,-1,-1
16,5,18.90,365.17,31.46,38.12,1,-1,-1,-1
16,6,63.23,587.01,83.30,367.92,1,-1,-1,-1
17,1,66.89,408.75,123.07,85.94,1,-1,-1,-1
17,2,1738.23,505.02,805.59,469.35,1,-1,-1,-1
17,3,42.29,365.04,55.47,44.30,1,-1,-1,-1
17,4,96.09,378.52,40.53,30.58,1,-1,-1,-1
17,5,19.32,365.81,31.97,37.90,1,-1,-1,-1
17,6,84.65,605.16,89.88,370.60,1,-1,-1,-1
18,1,65.49,407.70,116.67,81.04,1,-1,-1,-1
18,2,1736.79,504.83,808.23,469.51,1,-1,-1,-1
18,3,41.25,365.19,55.06,43.35,1,-1,-1,-1
18,5,19.98,365.38,32.11,38.07,1,-1,-1,-1
18,6,116.65,621.29,102.38,375.34,1,-1,-1,-1
19,1,64.83,406.22,110.73,76.55,1,-1,-1,-1
19,2,1735.73,504.86,810.14,469.32,1,-1,-1,-1
19,3,41.51,365.22,54.33,42.78,1,-1,-1,-1
19,5,20.25,366.64,33.84,39.04,1,-1,-1,-1
19,6,174.18,601.12,138.45,435.26,1,-1,-1,-1
20,1,62.94,404.39,107.44,73.78,1,-1,-1,-1
20,2,1735.12,505.78,811.56,468.73,1,-1,-1,-1
20,5,20.24,367.47,35.21,39.47,1,-1,-1,-1
20,6,208.50,608.73,172.20,463.89,1,-1,-1,-1
21,1,59.23,401.51,107.47,73.41,1,-1,-1,-1
21,2,1734.62,507.04,812.82,467.98,1,-1,-1,-1
21,5,20.08,367.89,36.25,39.45,1,-1,-1,-1
21,6,241.29,641.82,211.09,482.34,1,-1,-1,-1
22,1,54.48,398.18,109.37,74.25,1,-1,-1,-1
22,2,1735.25,507.36,812.46,467.78,1,-1,-1,-1
22,3,42.52,372.33,51.76,40.45,1,-1,-1,-1
22,5,19.86,368.19,36.90,39.08,1,-1,-1,-1
22,6,310.78,641.54,281.05,544.95,1,-1,-1,-1
23,1,49.78,394.39,112.16,75.82,1,-1,-1,-1
23,2,1734.51,508.54,814.39,467.57,1,-1,-1,-1
23,3,44.29,373.51,53.99,41.95,1,-1,-1,-1
23,5,19.21,367.84,37.76,39.17,1,-1,-1,-1
23,6,428.99,663.41,348.47,567.85,1,-1,-1,-1
24,1,45.11,390.53,115.53,77.99,1,-1,-1,-1
24,2,1734.73,510.16,813.44,465.74,1,-1,-1,-1
24,3,46.32,373.57,58.32,45.18,1,-1,-1,-1
24,5,18.14,367.95,38.14,38.99,1,-1,-1,-1
24,6,474.61,686.97,411.46,575.33,1,-1,-1,-1
25,1,40.07,390.06,112.68,77.18,1,-1,-1,-1
25,2,1735.63,512.58,808.75,461.37,1,-1,-1,-1
25,3,47.00,374.30,58.36,45.22,1,-1,-1,-1
25,5,16.54,368.33,38.13,38.68,1,-1,-1,-1
25,6,674.95,679.50,558.05,669.56,1,-1,-1,-1
26,1,37.97,388.98,111.06,77.17,1,-1,-1,-1
26,2,1737.06,513.24,804.74,456.65,1,-1,-1,-1
26,5,14.95,369.44,36.66,37.10,1,-1,-1,-1
26,6,742.10,678.43,664.91,707.30,1,-1,-1,-1
27,1,38.11,388.79,106.45,75.10,1,-1,-1,-1
27,2,1738.25,513.99,802.52,455.39,1,-1,-1,-1
27,5,13.29,371.33,34.70,35.27,1,-1,-1,-1
27,6,861.42,731.44,772.98,737.93,1,-1,-1,-1
28,1,39.07,389.45,99.60,71.29,1,-1,-1,-1
28,5,11.68,373.30,32.50,33.31,1,-1,-1,-1
28,6,1092.14,759.30,909.04,799.92,1,-1,-1,-1
29,1,39.08,390.22,93.83,67.98,1,-1,-1,-1
29,5,10.58,374.74,31.40,32.48,1,-1,-1,-1
29,6,990.36,797.41,864.59,804.63,1,-1,-1,-1
30,1,41.14,382.31,82.17,59.91,1,-1,-1,-1
30,5,9.29,374.99,31.13,32.51,1,-1,-1,-1
30,6,1273.62,795.01,937.82,835.11,1,-1,-1,-1
31,1,41.19,379.62,78.04,57.12,1,-1,-1,-1
31,5,8.22,374.52,31.28,33.01,1,-1,-1,-1
31,6,1502.13,794.71,964.47,859.49,1,-1,-1,-1
32,1,39.45,379.02,76.79,56.26,1,-1,-1,-1
32,5,7.05,373.92,31.64,33.76,1,-1,-1,-1
32,6,1754.87,849.92,845.43,762.97,1,-1,-1,-1
33,1,38.99,379.68,73.16,53.48,1,-1,-1,-1
33,5,7.10,373.83,31.36,33.78,1,-1,-1,-1
33,6,1889.26,889.42,739.79,675.09,1,-1,-1,-1
34,1,39.37,381.38,68.02,49.37,1,-1,-1,-1
34,2,1726.90,506.04,828.67,469.61,1,-1,-1,-1
34,5,7.72,374.65,30.79,33.41,1,-1,-1,-1
34,6,2005.09,909.34,748.93,683.43,1,-1,-1,-1
35,1,39.24,382.55,64.67,46.47,1,-1,-1,-1
35,2,1724.61,504.89,832.82,471.77,1,-1,-1,-1
35,5,8.42,375.67,30.61,33.42,1,-1,-1,-1
36,1,37.51,382.69,64.44,45.95,1,-1,-1,-1
36,2,1724.13,504.28,834.70,472.73,1,-1,-1,-1
36,4,100.93,374.83,35.87,27.07,1,-1,-1,-1
36,5,9.39,377.12,30.98,34.05,1,-1,-1,-1
37,1,35.01,381.57,65.83,46.64,1,-1,-1,-1
37,2,1724.16,503.91,835.64,473.25,1,-1,-1,-1
37,4,102.43,374.55,35.86,27.08,1,-1,-1,-1
37,5,10.55,378.04,31.40,34.74,1,-1,-1,-1
38,1,33.39,380.15,66.66,47.02,1,-1,-1,-1
38,2,1723.73,503.51,836.91,473.97,1,-1,-1,-1
38,4,103.11,374.27,36.49,27.60,1,-1,-1,-1
38,5,12.26,378.79,31.92,35.45,1,-1,-1,-1
39,1,33.53,379.60,65.54,46.02,1,-1,-1,-1
39,4,102.93,374.91,37.15,28.08,1,-1,-1,-1
39,5,13.03,379.11,32.09,35.60,1,-1,-1,-1
40,1,34.03,378.74,64.46,45.31,1,-1,-1,-1
40,2,1720.36,503.49,839.34,475.58,1,-1,-1,-1
40,4,101.55,375.25,37.91,28.79,1,-1,-1,-1
40,5,12.85,378.78,32.63,36.24,1,-1,-1,-1
41,1,34.56,378.54,62.10,43.65,1,-1,-1,-1
41,2,1717.40,503.97,839.46,475.99,1,-1,-1,-1
41,4,100.64,375.82,37.64,28.68,1,-1,-1,-1
41,5,12.82,378.62,32.53,36.17,1,-1,-1,-1
42,1,33.91,378.58,60.93,42.72,1,-1,-1,-1
42,2,1714.84,504.67,838.04,475.72,1,-1,-1,-1
42,4,100.34,375.83,36.48,27.84,1,-1,-1,-1
42,5,13.41,378.54,32.71,36.46,1,-1,-1,-1
43,1,33.05,379.37,60.03,41.71,1,-1,-1,-1
43,2,1713.70,505.95,836.47,475.23,1,-1,-1,-1
43,4,100.50,376.58,35.37,26.91,1,-1,-1,-1
43,5,15.02,379.16,32.91,36.42,1,-1,-1,-1
44,1,33.49,378.98,59.13,40.77,1,-1,-1,-1
44,2,1712.26,507.37,836.55,475.40,1,-1,-1,-1
44,4,100.42,377.13,35.10,26.56,1,-1,-1,-1
44,5,15.31,379.55,33.02,36.54,1,-1,-1,-1
45,1,33.78,377.43,58.54,40.20,1,-1,-1,-1
45,2,1709.94,509.99,834.64,473.73,1,-1,-1,-1
45,4,100.31,377.49,35.47,26.69,1,-1,-1,-1
46,1,15.14,373.78,59.77,41.86,1,-1,-1,-1
46,2,1704.05,511.06,836.64,474.13,1,-1,-1,-1
46,4,100.01,377.24,36.10,27.07,1,-1,-1,-1
47,1,8.76,370.96,61.44,43.86,1,-1,-1,-1
47,2,1695.30,510.52,842.52,476.74,1,-1,-1,-1
47,4,99.69,376.98,36.44,27.26,1,-1,-1,-1
48,1,6.96,369.38,60.75,44.16,1,-1,-1,-1
48,2,1685.46,509.10,849.57,479.61,1,-1,-1,-1
48,4,99.43,376.97,36.48,27.18,1,-1,-1,-1
49,1,7.12,369.12,57.69,42.54,1,-1,-1,-1
49,2,1669.64,504.23,864.73,486.72,1,-1,-1,-1
49,4,99.13,377.34,36.41,26.88,1,-1,-1,-1
50,1,7.90,369.34,54.15,40.40,1,-1,-1,-1
50,2,1647.38,497.76,882.47,493.94,1,-1,-1,-1
50,4,98.67,377.57,37.27,27.22,1,-1,-1,-1
51,1,8.24,369.35,52.15,39.42,1,-1,-1,-1
51,2,1619.60,489.53,906.10,504.07,1,-1,-1,-1
51,4,97.86,377.31,39.01,28.19,1,-1,-1,-1
52,1,8.23,368.96,51.76,39.69,1,-1,-1,-1
52,2,1588.60,487.69,925.01,509.46,1,-1,-1,-1
52,4,97.07,376.74,41.02,29.41,1,-1,-1,-1
53,1,8.28,368.66,51.71,40.22,1,-1,-1,-1
53,2,1559.39,488.85,941.98,513.19,1,-1,-1,-1
53,4,96.85,376.51,41.81,29.77,1,-1,-1,-1
53,7,43.16,368.34,50.98,38.34,1,-1,-1,-1
54,1,8.64,368.47,51.24,40.36,1,-1,-1,-1
54,2,1530.74,494.08,958.65,514.01,1,-1,-1,-1
54,4,97.04,376.64,41.90,29.63,1,-1,-1,-1
54,7,42.65,368.07,51.47,38.71,1,-1,-1,-1
55,1,9.13,368.40,50.46,40.21,1,-1,-1,-1
55,2,1508.76,497.06,974.80,514.00,1,-1,-1,-1
55,4,97.47,376.94,41.57,29.20,1,-1,-1,-1
55,7,42.38,368.33,51.37,38.62,1,-1,-1,-1
56,1,9.61,368.43,49.67,40.01,1,-1,-1,-1
56,2,1446.47,499.17,996.85,512.25,1,-1,-1,-1
56,4,97.92,377.18,41.11,28.73,1,-1,-1,-1
56,7,42.32,368.56,51.15,38.47,1,-1,-1,-1
57,1,9.92,368.47,48.94,39.82,1,-1,-1,-1
57,2,1384.57,495.45,1035.69,519.61,1,-1,-1,-1
57,4,98.31,377.26,40.62,28.27,1,-1,-1,-1
57,7,42.71,368.63,50.71,38.19,1,-1,-1,-1
58,1,10.19,368.51,47.85,39.24,1,-1,-1,-1
58,2,1315.85,490.60,1078.71,528.17,1,-1,-1,-1
58,4,98.64,377.33,40.17,27.83,1,-1,-1,-1
58,7,43.82,368.61,49.70,37.47,1,-1,-1,-1
59,1,10.12,368.20,46.74,38.58,1,-1,-1,-1
59,2,1269.79,492.84,1096.41,523.93,1,-1,-1,-1
59,4,98.62,377.16,40.04,27.57,1,-1,-1,-1
59,7,45.56,368.32,48.45,36.57,1,-1,-1,-1
60,1,9.83,367.67,45.74,38.04,1,-1,-1,-1
60,2,1154.30,490.22,1147.45,534.48,1,-1,-1,-1
60,4,97.73,376.28,40.99,28.10,1,-1,-1,-1
60,7,47.23,367.55,48.12,36.29,1,-1,-1,-1
61,1,9.34,367.10,44.76,37.60,1,-1,-1,-1
61,2,1072.34,488.64,1173.14,534.27,1,-1,-1,-1
61,4,96.75,374.96,42.37,29.00,1,-1,-1,-1
61,7,48.31,366.70,48.31,36.43,1,-1,-1,-1
62,1,8.91,366.93,43.19,36.77,1,-1,-1,-1
62,2,932.68,485.60,1217.79,546.45,1,-1,-1,-1
62,4,96.08,373.73,43.70,29.94,1,-1,-1,-1
62,7,49.25,366.50,48.07,36.18,1,-1,-1,-1
63,1,8.26,366.74,41.62,35.99,1,-1,-1,-1
63,2,855.05,487.91,1221.04,541.25,1,-1,-1,-1
63,4,96.22,372.86,44.04,30.19,1,-1,-1,-1
63,7,50.38,366.79,47.12,35.38,1,-1,-1,-1
64,1,7.30,366.78,40.32,35.49,1,-1,-1,-1
64,2,708.38,490.68,1244.44,544.38,1,-1,-1,-1
64,4,96.38,372.16,44.15,30.26,1,-1,-1,-1
64,7,51.37,367.42,45.93,34.31,1,-1,-1,-1
65,1,6.37,366.79,39.53,35.42,1,-1,-1,-1
65,2,630.86,494.29,1233.64,534.78,1,-1,-1,-1
65,4,96.26,371.75,44.42,30.45,1,-1,-1,-1
65,7,52.11,367.78,45.18,33.53,1,-1,-1,-1
66,1,5.94,367.18,38.74,35.23,1,-1,-1,-1
66,2,489.38,495.06,1252.00,537.75,1,-1,-1,-1
66,7,52.69,368.40,44.04,32.47,1,-1,-1,-1
67,1,5.83,367.18,38.19,35.12,1,-1,-1,-1
67,2,327.27,492.86,1258.37,534.64,1,-1,-1,-1
67,7,53.48,368.43,43.38,31.98,1,-1,-1,-1
68,1,5.96,368.22,37.13,34.46,1,-1,-1,-1
68,2,242.02,494.63,1252.11,529.50,1,-1,-1,-1
69,1,6.76,369.44,36.04,33.61,1,-1,-1,-1
69,2,93.74,492.60,1273.39,537.53,1,-1,-1,-1
70,1,7.96,371.40,34.58,32.34,1,-1,-1,-1
70,2,11.89,496.65,1262.95,534.28,1,-1,-1,-1
70,4,98.77,376.63,39.39,26.39,1,-1,-1,-1
70,7,53.43,372.46,39.91,28.74,1,-1,-1,-1
71,1,9.06,372.40,33.65,31.41,1,-1,-1,-1
71,2,-69.96,496.51,1254.42,537.05,1,-1,-1,-1
71,4,98.57,377.44,40.01,26.23,1,-1,-1,-1
71,7,54.01,372.92,38.96,28.06,1,-1,-1,-1
72,1,9.00,372.45,33.46,31.27,1,-1,-1,-1
72,2,-119.33,490.11,1240.05,540.95,1,-1,-1,-1
72,4,98.75,378.10,40.54,26.20,1,-1,-1,-1
73,1,8.85,371.88,33.59,31.41,1,-1,-1,-1
73,2,-160.79,480.23,1215.51,544.74,1,-1,-1,-1
73,4,98.98,378.39,40.23,26.00,1,-1,-1,-1
74,1,8.25,370.84,34.28,32.16,1,-1,-1,-1
74,2,-203.21,486.08,1133.63,527.03,1,-1,-1,-1
75,1,8.14,370.68,34.11,32.10,1,-1,-1,-1
75,2,-217.78,500.28,1066.74,515.90,1,-1,-1,-1
76,1,7.83,370.86,33.71,31.87,1,-1,-1,-1
76,2,-235.07,510.45,1001.86,506.94,1,-1,-1,-1
77,1,7.70,371.86,32.63,31.07,1,-1,-1,-1
77,2,-172.02,583.31,782.15,409.52,1,-1,-1,-1
78,1,7.08,373.14,31.90,30.70,1,-1,-1,-1
78,2,-167.04,614.96,652.01,358.67,1,-1,-1,-1
78,9,1966.34,503.96,575.30,484.25,1,-1,-1,-1
79,1,6.04,374.35,31.14,30.33,1,-1,-1,-1
79,2,-319.54,500.13,772.44,463.71,1,-1,-1,-1
79,9,1935.21,495.59,598.59,503.85,1,-1,-1,-1
80,1,4.65,374.99,30.73,30.51,1,-1,-1,-1
80,2,-393.36,492.02,775.52,465.57,1,-1,-1,-1
81,1,4.08,375.43,30.44,30.22,1,-1,-1,-1
82,10,1559.20,496.94,910.07,502.28,1,-1,-1,-1
83,1,2.20,375.03,30.26,30.87,1,-1,-1,-1
83,10,1455.64,498.78,919.46,500.14,1,-1,-1,-1
84,1,3.01,375.21,29.63,30.57,1,-1,-1,-1
84,10,1385.27,504.42,921.75,492.58,1,-1,-1,-1
85,1,3.88,375.18,29.69,30.78,1,-1,-1,-1
85,10,1229.43,494.62,962.86,503.35,1,-1,-1,-1
85,11,243.72,659.81,436.19,925.19,1,-1,-1,-1
86,1,4.46,375.78,29.02,30.23,1,-1,-1,-1
86,10,1040.22,491.26,985.56,505.46,1,-1,-1,-1
86,11,288.13,661.28,451.51,913.53,1,-1,-1,-1
87,1,4.38,377.11,28.16,29.56,1,-1,-1,-1
87,10,941.68,490.01,1001.11,502.96,1,-1,-1,-1
87,11,439.90,704.28,462.23,841.75,1,-1,-1,-1
88,1,4.08,378.28,26.83,28.53,1,-1,-1,-1
88,10,856.68,516.17,923.15,446.79,1,-1,-1,-1
88,11,605.57,729.38,508.61,803.29,1,-1,-1,-1
89,1,3.76,378.78,26.52,28.20,1,-1,-1,-1
89,10,664.98,529.62,906.03,414.12,1,-1,-1,-1
89,11,756.92,707.17,646.25,870.32,1,-1,-1,-1
90,10,446.05,536.93,928.14,411.44,1,-1,-1,-1
90,11,1182.16,716.38,694.95,840.67,1,-1,-1,-1
91,10,187.57,512.05,1097.53,486.94,1,-1,-1,-1
91,11,1449.77,710.38,738.06,837.85,1,-1,-1,-1
92,10,51.39,494.78,1183.49,525.79,1,-1,-1,-1
92,11,1656.73,708.31,742.55,842.95,1,-1,-1,-1
93,10,-73.11,486.58,1207.42,543.56,1,-1,-1,-1
94,10,-139.50,480.20,1199.89,550.53,1,-1,-1,-1
94,12,2132.63,502.28,382.27,249.20,1,-1,-1,-1
95,10,-170.90,487.05,1146.18,539.12,1,-1,-1,-1
95,12,2094.82,490.38,413.75,269.72,1,-1,-1,-1
96,10,-212.33,506.69,1059.91,516.03,1,-1,-1,-1
97,10,-244.30,512.94,1003.86,510.02,1,-1,-1,-1
98,1,5.73,378.91,25.91,28.44,1,-1,-1,-1
98,10,-193.52,581.25,797.28,418.85,1,-1,-1,-1
98,14,1804.76,516.73,625.45,325.56,1,-1,-1,-1
99,1,5.74,379.09,25.83,28.35,1,-1,-1,-1
99,10,-373.50,442.53,1035.13,583.58,1,-1,-1,-1
99,14,1735.87,517.16,628.21,322.40,1,-1,-1,-1
100,10,-483.61,430.98,1062.70,599.12,1,-1,-1,-1
100,14,1619.87,519.66,624.71,314.68,1,-1,-1,-1
101,14,1536.05,517.47,645.89,319.28,1,-1,-1,-1
102,14,1398.53,518.46,649.88,315.10,1,-1,-1,-1
103,14,1306.47,517.77,668.18,318.17,1,-1,-1,-1
104,14,1182.05,520.63,669.06,312.52,1,-1,-1,-1
105,14,1100.02,524.51,671.93,307.46,1,-1,-1,-1
106,14,991.30,530.06,667.09,299.40,1,-1,-1,-1
107,14,915.14,533.59,665.17,292.92,1,-1,-1,-1
108,14,803.99,535.58,676.33,291.78,1,-1,-1,-1
109,14,727.10,534.03,687.61,293.13,1,-1,-1,-1
109,15,44.89,729.91,859.03,766.06,1,-1,-1,-1
110,14,679.97,536.26,659.15,277.82,1,-1,-1,-1
110,15,103.25,715.97,883.88,778.77,1,-1,-1,-1
111,14,560.88,528.35,727.83,308.85,1,-1,-1,-1
111,15,219.83,716.89,907.20,776.10,1,-1,-1,-1
112,14,482.13,523.27,752.54,322.65,1,-1,-1,-1
112,15,918.81,722.91,930.95,762.67,1,-1,-1,-1
113,14,476.43,523.73,664.34,284.38,1,-1,-1,-1
113,15,1303.38,731.67,927.06,734.40,1,-1,-1,-1
114,14,430.70,527.95,617.97,261.52,1,-1,-1,-1
114,15,1433.69,739.41,945.21,724.30,1,-1,-1,-1
115,14,339.59,503.15,683.15,292.64,1,-1,-1,-1
115,15,1657.59,777.03,873.14,663.98,1,-1,-1,-1
116,14,316.22,515.48,625.61,267.13,1,-1,-1,-1
116,15,1862.27,815.92,770.90,591.31,1,-1,-1,-1
117,14,300.95,515.35,594.05,255.43,1,-1,-1,-1
117,15,2062.03,816.60,768.47,589.45,1,-1,-1,-1
118,14,253.04,512.87,584.30,252.72,1,-1,-1,-1
119,14,221.89,505.81,575.09,251.32,1,-1,-1,-1
120,14,188.10,499.93,553.31,245.84,1,-1,-1,-1
121,14,161.85,490.07,549.43,249.38,1,-1,-1,-1
122,14,143.20,484.95,535.21,248.25,1,-1,-1,-1
123,14,134.80,480.73,515.46,243.70,1,-1,-1,-1
124,14,115.21,475.02,491.68,237.46,1,-1,-1,-1
125,14,103.59,469.96,468.49,231.23,1,-1,-1,-1
125,16,65.64,728.00,530.86,532.99,1,-1,-1,-1
126,14,95.57,467.93,443.25,223.42,1,-1,-1,-1
126,16,226.12,743.15,511.76,496.59,1,-1,-1,-1
127,14,89.08,466.98,423.22,218.43,1,-1,-1,-1
127,16,737.25,833.63,516.96,469.96,1,-1,-1,-1
128,14,74.13,463.37,411.71,217.60,1,-1,-1,-1
128,16,962.40,875.55,483.60,439.64,1,-1,-1,-1
129,14,72.51,455.25,389.65,210.83,1,-1,-1,-1
130,14,83.10,457.55,348.45,191.13,1,-1,-1,-1
130,17,1308.68,742.12,1546.27,549.61,1,-1,-1,-1
131,14,80.44,451.67,339.17,189.84,1,-1,-1,-1
131,17,1435.42,728.96,1531.52,556.35,1,-1,-1,-1
132,14,80.27,446.00,328.85,188.17,1,-1,-1,-1
132,17,1465.47,717.61,1599.05,580.88,1,-1,-1,-1
133,14,80.97,445.77,300.37,174.82,1,-1,-1,-1
134,14,83.80,445.28,280.16,165.78,1,-1,-1,-1
135,14,86.66,446.14,262.46,157.35,1,-1,-1,-1
136,14,92.25,436.98,234.60,141.13,1,-1,-1,-1
137,14,90.94,431.60,226.52,137.19,1,-1,-1,-1
137,18,101.78,378.73,43.78,30.33,1,-1,-1,-1
138,14,86.85,427.09,226.37,138.49,1,-1,-1,-1
138,18,100.39,378.32,45.30,31.38,1,-1,-1,-1
139,14,79.95,424.44,221.77,137.64,1,-1,-1,-1
139,18,98.40,377.41,47.47,32.91,1,-1,-1,-1
140,14,79.16,423.20,212.87,133.19,1,-1,-1,-1
140,18,97.40,377.08,48.66,33.74,1,-1,-1,-1
141,14,81.49,424.01,200.07,125.55,1,-1,-1,-1
141,18,94.94,377.82,50.33,34.82,1,-1,-1,-1
142,14,80.23,421.74,193.21,121.85,1,-1,-1,-1
142,18,93.88,378.43,51.22,35.26,1,-1,-1,-1
143,14,77.97,418.70,189.55,120.83,1,-1,-1,-1
143,18,93.86,378.57,53.32,36.54,1,-1,-1,-1
144,14,74.40,415.05,187.23,121.04,1,-1,-1,-1
144,18,94.27,379.85,53.80,36.59,1,-1,-1,-1
145,14,71.85,412.92,183.34,120.53,1,-1,-1,-1
145,18,95.40,381.69,53.60,36.11,1,-1,-1,-1
146,14,72.50,406.30,172.66,114.95,1,-1,-1,-1
146,18,96.40,383.28,52.80,35.09,1,-1,-1,-1
147,14,69.88,402.49,170.83,115.75,1,-1,-1,-1
147,18,95.74,383.25,53.28,34.99,1,-1,-1,-1
148,14,67.71,399.68,169.13,116.55,1,-1,-1,-1
148,18,94.91,382.89,54.82,35.50,1,-1,-1,-1
149,14,65.47,394.72,168.75,118.23,1,-1,-1,-1
149,18,93.52,382.01,56.91,36.41,1,-1,-1,-1
150,14,60.96,389.93,164.74,116.87,1,-1,-1,-1
150,18,93.07,382.21,57.61,36.86,1,-1,-1,-1
151,14,59.86,386.34,159.67,114.72,1,-1,-1,-1
152,14,59.94,385.13,153.76,111.71,1,-1,-1,-1
153,14,57.63,382.82,150.65,110.60,1,-1,-1,-1
153,21,2224.59,525.90,249.90,322.22,1,-1,-1,-1
154,14,55.22,382.42,142.55,105.74,1,-1,-1,-1
154,21,2189.89,517.24,258.97,333.91,1,-1,-1,-1
155,14,51.20,381.17,139.80,104.87,1,-1,-1,-1
156,14,47.47,379.07,139.06,105.54,1,-1,-1,-1
157,14,44.08,377.07,138.57,106.21,1,-1,-1,-1
157,22,1806.27,497.40,650.44,365.77,1,-1,-1,-1
158,14,41.58,375.46,136.64,105.52,1,-1,-1,-1
158,22,1724.22,490.31,679.66,376.76,1,-1,-1,-1
159,14,40.25,374.13,133.02,103.21,1,-1,-1,-1
159,22,1602.75,490.13,695.47,378.62,1,-1,-1,-1
160,14,38.75,372.50,130.84,102.22,1,-1,-1,-1
160,22,1511.75,488.04,723.37,384.05,1,-1,-1,-1
161,14,40.52,367.35,126.02,99.49,1,-1,-1,-1
161,22,1377.59,489.49,733.78,380.89,1,-1,-1,-1
162,14,41.85,365.60,121.88,97.16,1,-1,-1,-1
162,22,1272.64,459.00,780.09,395.02,1,-1,-1,-1
163,14,43.46,365.76,116.81,93.41,1,-1,-1,-1
163,22,1141.71,472.45,793.32,394.00,1,-1,-1,-1
164,14,45.21,371.14,93.76,74.78,1,-1,-1,-1
164,22,1054.81,479.74,803.10,390.93,1,-1,-1,-1
165,14,44.64,373.00,88.83,70.51,1,-1,-1,-1
165,22,949.18,497.73,770.94,366.75,1,-1,-1,-1
166,14,43.87,373.38,87.96,69.50,1,-1,-1,-1
166,22,869.00,502.33,770.53,358.67,1,-1,-1,-1
167,14,42.80,373.62,88.60,69.80,1,-1,-1,-1
167,22,760.34,507.17,765.53,350.49,1,-1,-1,-1
168,14,43.51,374.44,84.56,66.14,1,-1,-1,-1
168,22,683.45,505.78,765.90,346.52,1,-1,-1,-1
169,14,41.77,374.18,83.35,64.65,1,-1,-1,-1
169,22,610.71,475.76,798.07,355.06,1,-1,-1,-1
170,14,39.87,373.48,81.99,62.93,1,-1,-1,-1
170,22,501.32,468.29,813.39,362.03,1,-1,-1,-1
171,14,36.60,372.05,82.40,62.77,1,-1,-1,-1
171,22,430.58,466.88,810.21,360.49,1,-1,-1,-1
172,14,35.25,371.58,80.99,61.04,1,-1,-1,-1
172,22,341.84,461.01,817.48,365.16,1,-1,-1,-1
173,14,33.54,371.32,79.56,59.29,1,-1,-1,-1
173,22,298.77,468.19,784.49,353.81,1,-1,-1,-1
174,14,31.91,370.16,79.34,58.44,1,-1,-1,-1
174,22,257.84,471.85,760.26,348.12,1,-1,-1,-1
174,24,105.82,753.10,1091.04,726.54,1,-1,-1,-1
175,14,29.73,368.14,80.56,58.92,1,-1,-1,-1
175,22,234.87,498.48,658.99,298.60,1,-1,-1,-1
175,24,808.67,732.02,1169.92,768.79,1,-1,-1,-1
176,14,26.63,365.46,84.10,61.30,1,-1,-1,-1
176,22,215.02,507.83,624.70,279.44,1,-1,-1,-1
176,24,1097.63,743.41,1154.64,744.43,1,-1,-1,-1
177,14,25.35,364.35,85.19,61.79,1,-1,-1,-1
177,22,134.45,480.42,713.90,326.59,1,-1,-1,-1
177,24,1356.98,730.78,1194.17,769.91,1,-1,-1,-1
178,14,24.84,363.69,84.71,61.06,1,-1,-1,-1
178,22,122.37,490.99,647.17,297.25,1,-1,-1,-1
179,14,25.09,364.00,82.96,59.39,1,-1,-1,-1
179,22,105.76,489.55,622.66,288.89,1,-1,-1,-1
180,14,25.15,365.14,80.27,57.34,1,-1,-1,-1
180,22,101.31,487.71,590.87,277.87,1,-1,-1,-1
181,14,26.05,366.80,76.91,54.87,1,-1,-1,-1
181,22,80.05,483.77,563.56,268.90,1,-1,-1,-1
182,14,26.80,367.96,73.60,52.36,1,-1,-1,-1
182,22,68.17,478.73,538.98,262.07,1,-1,-1,-1
182,25,14.90,371.56,31.41,38.82,1,-1,-1,-1
183,14,26.92,367.20,72.58,51.21,1,-1,-1,-1
183,22,57.61,473.26,515.13,255.77,1,-1,-1,-1
183,25,15.31,371.87,31.34,38.73,1,-1,-1,-1
184,14,25.56,365.67,73.68,51.53,1,-1,-1,-1
184,22,50.42,467.92,497.31,252.69,1,-1,-1,-1
185,14,24.38,363.37,75.80,52.77,1,-1,-1,-1
185,22,37.18,465.22,468.59,243.16,1,-1,-1,-1
186,14,25.01,362.75,75.85,52.90,1,-1,-1,-1
186,22,37.55,465.70,438.67,232.62,1,-1,-1,-1
187,14,31.09,364.77,69.11,48.57,1,-1,-1,-1
187,22,35.03,450.56,409.64,221.88,1,-1,-1,-1
187,25,13.70,368.24,34.41,42.47,1,-1,-1,-1
188,14,38.82,368.59,59.95,42.63,1,-1,-1,-1
188,22,33.94,445.05,387.83,214.63,1,-1,-1,-1
188,25,12.60,370.39,33.01,40.83,1,-1,-1,-1
189,14,44.29,371.46,53.85,38.76,1,-1,-1,-1
189,22,49.91,451.17,334.27,188.63,1,-1,-1,-1
189,25,12.09,371.84,32.66,40.37,1,-1,-1,-1
190,14,43.95,370.93,54.96,39.94,1,-1,-1,-1
190,22,59.33,454.75,307.35,176.31,1,-1,-1,-1
190,25,12.82,371.26,34.53,42.51,1,-1,-1,-1
191,14,41.85,368.49,58.40,42.81,1,-1,-1,-1
191,22,64.54,455.24,289.07,168.42,1,-1,-1,-1
191,25,13.68,369.06,37.52,45.82,1,-1,-1,-1
191,26,93.87,377.34,46.38,30.46,1,-1,-1,-1
192,14,39.83,366.08,60.50,44.64,1,-1,-1,-1
192,22,63.54,450.48,285.03,168.95,1,-1,-1,-1
192,25,14.45,367.26,39.23,47.43,1,-1,-1,-1
192,26,93.45,377.27,46.68,30.65,1,-1,-1,-1
193,14,40.23,365.75,59.78,44.11,1,-1,-1,-1
193,22,61.64,445.33,280.49,169.11,1,-1,-1,-1
193,25,14.74,365.59,39.92,47.84,1,-1,-1,-1
194,22,62.76,442.77,271.03,165.98,1,-1,-1,-1
194,25,15.15,364.12,39.68,47.01,1,-1,-1,-1
195,22,61.59,428.05,253.13,157.75,1,-1,-1,-1
195,25,15.44,362.65,39.12,45.73,1,-1,-1,-1
196,22,62.70,422.05,244.47,155.18,1,-1,-1,-1
196,25,15.24,361.94,38.29,43.97,1,-1,-1,-1
197,22,66.75,420.49,233.18,150.24,1,-1,-1,-1
197,25,15.17,362.20,37.51,42.12,1,-1,-1,-1
198,22,70.70,420.90,220.33,143.56,1,-1,-1,-1
198,25,14.86,363.35,37.17,40.58,1,-1,-1,-1
198,26,106.17,388.43,47.28,30.83,1,-1,-1,-1
199,22,71.76,420.45,211.27,139.05,1,-1,-1,-1
199,25,14.18,364.12,37.31,39.64,1,-1,-1,-1
199,26,106.01,389.66,50.55,32.67,1,-1,-1,-1
200,22,73.25,420.20,200.36,132.88,1,-1,-1,-1
200,25,12.34,364.29,37.81,39.37,1,-1,-1,-1
200,26,105.57,390.60,51.68,32.96,1,-1,-1,-1
201,22,74.12,418.49,191.29,127.95,1,-1,-1,-1
201,25,10.18,363.43,38.65,39.77,1,-1,-1,-1
201,26,103.04,390.16,53.46,33.61,1,-1,-1,-1
202,14,56.23,371.38,47.42,35.88,1,-1,-1,-1
202,22,75.30,417.32,182.11,123.06,1,-1,-1,-1
202,25,8.81,362.60,40.01,40.77,1,-1,-1,-1
202,26,101.21,388.67,54.00,33.34,1,-1,-1,-1
203,14,57.84,372.71,45.64,35.25,1,-1,-1,-1
203,22,76.94,418.29,172.10,117.58,1,-1,-1,-1
203,25,8.48,361.78,41.15,41.39,1,-1,-1,-1
203,26,97.98,387.47,57.87,35.23,1,-1,-1,-1
204,14,59.08,373.12,44.64,34.48,1,-1,-1,-1
204,22,76.53,418.19,165.31,114.29,1,-1,-1,-1
204,25,8.17,360.99,42.45,42.17,1,-1,-1,-1
204,26,95.08,386.39,62.41,37.38,1,-1,-1,-1
205,22,75.11,417.17,160.36,112.17,1,-1,-1,-1
205,25,7.95,361.44,41.72,41.07,1,-1,-1,-1
205,26,92.53,386.19,66.22,38.89,1,-1,-1,-1
206,22,69.01,403.50,165.54,117.34,1,-1,-1,-1
206,25,7.31,362.93,40.35,39.74,1,-1,-1,-1
206,26,90.52,385.18,68.79,39.65,1,-1,-1,-1
207,22,66.08,394.97,167.71,120.51,1,-1,-1,-1
207,25,7.31,365.43,37.88,37.48,1,-1,-1,-1
207,26,90.04,385.37,70.04,40.37,1,-1,-1,-1
207,31,1755.23,458.41,670.34,379.57,1,-1,-1,-1
208,22,60.63,386.44,166.70,121.72,1,-1,-1,-1
208,25,7.70,366.87,36.14,35.93,1,-1,-1,-1
208,31,1690.05,455.76,690.55,382.89,1,-1,-1,-1
209,14,56.16,373.57,41.09,32.47,1,-1,-1,-1
209,22,59.55,382.69,161.07,119.27,1,-1,-1,-1
209,25,8.55,367.57,34.95,34.76,1,-1,-1,-1
209,31,1565.51,460.52,689.41,372.36,1,-1,-1,-1
210,14,56.07,373.71,41.17,32.90,1,-1,-1,-1
210,22,60.33,383.27,152.88,114.61,1,-1,-1,-1
210,25,9.18,367.45,34.59,34.26,1,-1,-1,-1
210,31,1488.60,454.45,705.07,366.53,1,-1,-1,-1
211,14,56.11,373.28,42.23,34.00,1,-1,-1,-1
211,22,58.59,383.95,146.21,110.55,1,-1,-1,-1
211,25,8.92,367.11,35.22,34.68,1,-1,-1,-1
211,31,1339.72,461.87,706.44,353.63,1,-1,-1,-1
212,14,56.20,372.20,44.54,36.03,1,-1,-1,-1
212,22,54.68,383.59,142.87,108.83,1,-1,-1,-1
212,25,7.68,366.41,36.59,35.89,1,-1,-1,-1
212,31,1160.75,460.65,720.49,349.74,1,-1,-1,-1
213,14,56.34,371.88,45.92,37.22,1,-1,-1,-1
213,22,51.71,383.55,135.23,103.60,1,-1,-1,-1
213,25,7.06,367.08,36.95,36.10,1,-1,-1,-1
213,31,1067.66,455.50,746.70,349.40,1,-1,-1,-1
214,14,56.62,371.66,47.03,38.09,1,-1,-1,-1
214,22,48.15,382.41,133.25,102.73,1,-1,-1,-1
214,25,6.55,368.11,36.87,35.82,1,-1,-1,-1
214,31,913.20,465.33,765.45,348.80,1,-1,-1,-1
215,14,56.77,371.63,47.26,38.28,1,-1,-1,-1
215,22,44.36,379.75,133.56,103.76,1,-1,-1,-1
215,25,6.07,368.78,37.13,35.83,1,-1,-1,-1
215,31,758.63,460.77,779.95,348.65,1,-1,-1,-1
216,22,40.58,375.78,134.69,105.58,1,-1,-1,-1
216,25,5.87,368.84,37.17,35.64,1,-1,-1,-1
216,31,665.51,460.51,796.98,352.36,1,-1,-1,-1
217,22,39.62,373.81,131.58,103.68,1,-1,-1,-1
217,25,6.68,369.07,37.40,35.58,1,-1,-1,-1
217,31,539.71,457.72,794.91,346.61,1,-1,-1,-1
218,22,45.80,381.60,117.14,90.24,1,-1,-1,-1
218,25,8.70,370.90,36.57,34.43,1,-1,-1,-1
218,31,467.51,462.27,788.36,342.63,1,-1,-1,-1
219,22,46.47,382.48,113.50,86.12,1,-1,-1,-1
219,25,9.52,371.98,36.59,34.13,1,-1,-1,-1
219,31,413.55,458.72,779.14,335.84,1,-1,-1,-1
220,22,47.27,383.53,109.85,82.49,1,-1,-1,-1
220,25,8.35,372.46,36.75,34.25,1,-1,-1,-1
220,31,325.10,456.30,771.70,333.86,1,-1,-1,-1
221,22,46.26,376.60,88.70,66.47,1,-1,-1,-1
221,25,6.00,371.88,36.33,34.07,1,-1,-1,-1
221,31,267.01,456.73,752.74,327.81,1,-1,-1,-1
222,22,43.92,373.59,87.74,65.52,1,-1,-1,-1
222,25,4.10,371.32,34.79,32.99,1,-1,-1,-1
222,31,268.71,482.29,658.98,285.52,1,-1,-1,-1
223,22,41.80,372.68,90.56,67.26,1,-1,-1,-1
223,25,3.47,371.35,32.79,31.59,1,-1,-1,-1
223,31,215.65,484.85,632.66,274.06,1,-1,-1,-1
224,22,40.67,372.43,92.68,68.49,1,-1,-1,-1
224,25,4.11,371.98,31.27,30.64,1,-1,-1,-1
224,31,153.75,479.52,614.69,270.14,1,-1,-1,-1
225,22,38.36,371.02,95.18,70.20,1,-1,-1,-1
225,25,3.61,372.12,31.73,31.72,1,-1,-1,-1
225,31,120.29,471.42,612.15,272.84,1,-1,-1,-1
226,22,36.46,369.87,94.83,69.64,1,-1,-1,-1
226,25,2.31,371.78,32.33,32.92,1,-1,-1,-1
226,31,104.31,466.72,590.06,266.60,1,-1,-1,-1
227,22,34.70,368.48,93.21,68.06,1,-1,-1,-1
227,25,0.68,371.64,32.64,33.85,1,-1,-1,-1
227,31,81.56,460.33,556.23,255.41,1,-1,-1,-1
228,22,34.43,367.12,89.79,64.99,1,-1,-1,-1
228,25,0.87,371.99,31.33,33.13,1,-1,-1,-1
228,31,79.57,460.56,512.84,238.92,1,-1,-1,-1
229,22,34.20,366.11,87.45,62.66,1,-1,-1,-1
229,25,1.91,372.50,30.08,32.56,1,-1,-1,-1
229,31,84.51,466.10,463.84,219.31,1,-1,-1,-1
230,22,32.65,366.00,86.61,61.46,1,-1,-1,-1
230,25,1.39,372.72,29.95,32.42,1,-1,-1,-1
230,31,90.14,471.76,423.56,203.02,1,-1,-1,-1
231,22,30.01,365.91,87.44,61.35,1,-1,-1,-1
231,31,56.52,453.97,424.94,207.52,1,-1,-1,-1
232,22,27.22,365.68,88.37,61.41,1,-1,-1,-1
232,31,43.31,444.58,419.39,209.50,1,-1,-1,-1
233,22,25.24,365.16,88.67,61.07,1,-1,-1,-1
233,31,35.05,436.18,408.72,209.62,1,-1,-1,-1
233,35,2068.28,576.59,461.62,260.04,1,-1,-1,-1
234,22,23.35,364.37,88.73,60.77,1,-1,-1,-1
234,31,28.17,426.89,400.21,211.47,1,-1,-1,-1
234,35,2056.24,576.59,465.19,262.05,1,-1,-1,-1
235,22,21.98,363.21,88.65,60.49,1,-1,-1,-1
235,31,42.94,432.05,351.09,189.78,1,-1,-1,-1
236,22,19.60,360.95,89.68,61.20,1,-1,-1,-1
236,31,51.08,433.86,324.15,179.10,1,-1,-1,-1
237,22,18.53,360.00,88.92,60.79,1,-1,-1,-1
237,31,51.64,420.81,303.37,171.58,1,-1,-1,-1
237,36,1486.68,569.36,846.79,270.00,1,-1,-1,-1
238,22,19.67,360.16,85.38,58.65,1,-1,-1,-1
238,31,50.02,413.30,296.20,171.73,1,-1,-1,-1
238,36,1441.85,580.87,768.24,244.23,1,-1,-1,-1
239,22,21.19,361.25,81.45,55.82,1,-1,-1,-1
239,31,49.84,408.09,289.68,172.09,1,-1,-1,-1
239,36,1269.39,564.99,838.09,267.40,1,-1,-1,-1
240,22,21.76,362.04,79.72,54.30,1,-1,-1,-1
240,31,53.60,408.12,263.65,159.98,1,-1,-1,-1
240,36,1162.48,574.61,780.24,248.73,1,-1,-1,-1
241,22,20.07,361.92,81.47,54.95,1,-1,-1,-1
241,31,57.99,407.51,244.83,151.14,1,-1,-1,-1
241,36,1060.60,579.26,752.24,239.80,1,-1,-1,-1
242,22,19.46,362.25,83.07,55.86,1,-1,-1,-1
242,31,59.39,405.41,232.85,145.82,1,-1,-1,-1
242,36,956.91,578.90,745.55,237.62,1,-1,-1,-1
243,14,102.84,383.80,52.23,39.37,1,-1,-1,-1
243,22,20.03,363.87,82.85,55.97,1,-1,-1,-1
243,31,61.23,404.99,220.51,139.90,1,-1,-1,-1
243,36,857.95,579.53,740.15,236.17,1,-1,-1,-1
244,14,100.78,383.94,55.38,39.27,1,-1,-1,-1
244,22,20.55,364.79,83.14,56.71,1,-1,-1,-1
244,31,63.63,397.07,202.93,130.34,1,-1,-1,-1
244,36,762.89,578.76,735.34,234.61,1,-1,-1,-1
245,14,99.45,384.12,58.51,38.65,1,-1,-1,-1
245,22,20.07,364.79,82.43,56.23,1,-1,-1,-1
245,25,10.37,364.83,42.35,46.78,1,-1,-1,-1
245,31,60.61,393.74,197.49,128.66,1,-1,-1,-1
245,36,677.94,578.08,718.16,229.77,1,-1,-1,-1
246,14,100.95,384.52,58.39,38.58,1,-1,-1,-1
246,25,11.63,363.86,42.35,46.87,1,-1,-1,-1
246,31,56.67,391.60,195.57,129.26,1,-1,-1,-1
246,36,592.54,576.01,700.52,225.16,1,-1,-1,-1
247,25,13.26,363.21,41.87,45.83,1,-1,-1,-1
247,31,54.70,389.54,191.66,128.44,1,-1,-1,-1
247,36,506.46,572.76,689.27,223.79,1,-1,-1,-1
248,25,14.31,362.58,41.46,44.91,1,-1,-1,-1
248,31,54.39,386.93,187.35,127.21,1,-1,-1,-1
248,36,455.43,566.55,697.02,229.32,1,-1,-1,-1
249,25,14.60,362.11,41.45,44.54,1,-1,-1,-1
249,31,51.68,382.84,180.33,124.13,1,-1,-1,-1
249,36,387.35,561.35,689.04,229.56,1,-1,-1,-1
250,25,14.20,361.07,41.78,44.65,1,-1,-1,-1
250,31,51.69,379.72,174.41,121.72,1,-1,-1,-1
250,36,315.46,555.61,686.78,233.24,1,-1,-1,-1
251,25,13.49,360.55,41.91,44.58,1,-1,-1,-1
251,31,50.98,377.48,169.47,119.85,1,-1,-1,-1
251,36,279.39,544.70,674.90,233.53,1,-1,-1,-1
252,25,12.97,360.40,41.35,43.76,1,-1,-1,-1
252,31,48.62,375.68,166.24,119.16,1,-1,-1,-1
252,36,264.71,540.02,645.17,227.35,1,-1,-1,-1
253,25,12.40,361.38,40.57,42.80,1,-1,-1,-1
253,31,43.93,372.62,165.53,120.48,1,-1,-1,-1
253,36,222.98,535.99,625.04,225.93,1,-1,-1,-1
254,25,12.14,362.57,39.91,42.01,1,-1,-1,-1
254,31,38.83,369.01,166.23,123.20,1,-1,-1,-1
254,36,201.79,532.79,595.32,220.75,1,-1,-1,-1
255,25,12.00,364.18,38.98,40.97,1,-1,-1,-1
255,31,39.32,369.94,154.29,115.56,1,-1,-1,-1
255,36,176.10,529.59,569.06,216.77,1,-1,-1,-1
256,25,12.07,365.63,37.65,39.38,1,-1,-1,-1
256,31,40.59,371.75,144.20,108.57,1,-1,-1,-1
256,36,165.85,526.57,538.19,210.52,1,-1,-1,-1
257,25,11.77,366.67,36.73,38.25,1,-1,-1,-1
257,31,41.60,373.31,135.60,102.10,1,-1,-1,-1
257,36,155.73,522.07,510.29,205.02,1,-1,-1,-1
258,25,10.51,367.18,36.11,37.57,1,-1,-1,-1
258,31,41.17,374.07,129.76,97.27,1,-1,-1,-1
258,36,154.40,519.20,475.62,196.13,1,-1,-1,-1
259,25,8.91,367.40,35.67,37.26,1,-1,-1,-1
259,31,41.70,370.77,125.07,93.72,1,-1,-1,-1
259,36,144.56,513.55,450.81,191.29,1,-1,-1,-1
260,25,7.05,367.01,35.56,37.43,1,-1,-1,-1
260,31,42.02,370.49,120.54,90.02,1,-1,-1,-1
260,36,150.47,513.15,408.28,177.82,1,-1,-1,-1
261,25,4.97,365.98,35.84,38.12,1,-1,-1,-1
261,31,42.20,370.09,117.68,87.60,1,-1,-1,-1
261,36,150.09,506.76,388.19,173.78,1,-1,-1,-1
262,25,2.42,364.80,36.55,39.40,1,-1,-1,-1
262,31,38.44,371.27,105.09,79.35,1,-1,-1,-1
262,36,144.24,500.36,361.20,166.40,1,-1,-1,-1
263,25,0.17,363.86,36.43,39.86,1,-1,-1,-1
263,31,36.30,370.85,104.11,79.30,1,-1,-1,-1
263,36,140.24,494.48,344.84,163.01,1,-1,-1,-1
264,25,-1.07,363.60,35.93,39.92,1,-1,-1,-1
264,31,34.55,370.24,104.28,79.65,1,-1,-1,-1
264,36,139.02,491.85,326.46,158.02,1,-1,-1,-1
265,25,-1.58,363.82,35.43,40.00,1,-1,-1,-1
265,31,33.36,369.21,102.58,78.34,1,-1,-1,-1
265,36,133.88,480.49,319.17,158.51,1,-1,-1,-1
266,25,-2.14,363.77,35.34,40.56,1,-1,-1,-1
266,31,32.48,368.19,99.10,75.58,1,-1,-1,-1
266,36,127.33,475.24,298.38,151.90,1,-1,-1,-1
267,25,-2.14,363.86,35.02,40.82,1,-1,-1,-1
267,31,32.49,367.61,95.21,72.29,1,-1,-1,-1
267,36,122.68,469.87,283.99,147.76,1,-1,-1,-1
268,25,-1.56,364.35,34.59,40.92,1,-1,-1,-1
268,31,32.01,367.34,91.78,69.30,1,-1,-1,-1
268,36,118.30,464.81,272.54,144.61,1,-1,-1,-1
269,25,-0.78,364.74,34.08,41.02,1,-1,-1,-1
269,31,29.82,366.18,90.42,67.80,1,-1,-1,-1
269,36,106.61,461.48,258.21,139.31,1,-1,-1,-1
270,25,-0.13,365.69,34.03,41.92,1,-1,-1,-1
270,31,25.99,364.18,91.05,67.99,1,-1,-1,-1
270,36,102.26,459.69,245.45,134.01,1,-1,-1,-1
271,25,0.39,365.92,34.31,43.35,1,-1,-1,-1
271,31,21.98,361.66,92.94,69.09,1,-1,-1,-1
271,36,98.42,458.90,234.34,129.22,1,-1,-1,-1
272,25,1.85,366.53,34.51,44.63,1,-1,-1,-1
272,31,19.31,360.22,94.21,69.78,1,-1,-1,-1
272,36,92.50,450.87,224.35,125.40,1,-1,-1,-1
273,25,3.01,366.28,34.80,46.01,1,-1,-1,-1
273,31,18.22,358.82,93.53,68.83,1,-1,-1,-1
273,36,86.25,445.61,222.90,126.74,1,-1,-1,-1
274,25,5.24,367.01,34.21,45.96,1,-1,-1,-1
274,31,18.67,358.86,90.18,66.03,1,-1,-1,-1
274,36,81.30,443.52,208.62,119.33,1,-1,-1,-1
275,25,5.20,367.20,34.55,46.42,1,-1,-1,-1
275,31,18.74,358.98,87.25,63.53,1,-1,-1,-1
275,36,77.73,441.26,198.97,114.53,1,-1,-1,-1
276,31,18.96,359.71,85.22,61.74,1,-1,-1,-1
276,36,73.57,438.20,192.39,111.67,1,-1,-1,-1
277,25,8.62,369.72,32.62,44.32,1,-1,-1,-1
277,31,19.46,359.74,83.11,59.92,1,-1,-1,-1
277,36,68.23,433.84,189.04,111.26,1,-1,-1,-1
277,40,110.88,375.79,37.88,32.64,1,-1,-1,-1
278,25,9.90,370.40,31.87,43.40,1,-1,-1,-1
278,31,21.00,360.06,79.74,57.36,1,-1,-1,-1
278,36,62.56,428.94,187.22,112.23,1,-1,-1,-1
278,40,110.48,376.50,36.19,31.08,1,-1,-1,-1
279,25,10.59,369.12,32.68,44.46,1,-1,-1,-1
279,31,21.93,360.06,77.21,55.53,1,-1,-1,-1
279,36,58.69,424.79,184.47,112.81,1,-1,-1,-1
279,40,110.29,376.46,35.32,30.22,1,-1,-1,-1
280,25,10.99,369.34,32.81,44.64,1,-1,-1,-1
280,31,22.65,361.14,76.02,54.86,1,-1,-1,-1
280,36,56.77,420.86,181.40,113.47,1,-1,-1,-1
280,40,109.18,377.38,34.80,29.56,1,-1,-1,-1
281,25,11.64,366.28,34.15,46.55,1,-1,-1,-1
281,31,23.79,362.39,75.55,54.84,1,-1,-1,-1
281,36,53.02,416.92,177.44,113.47,1,-1,-1,-1
281,40,107.19,378.23,34.78,29.28,1,-1,-1,-1
282,25,11.76,365.70,34.02,46.49,1,-1,-1,-1
282,31,25.78,364.50,74.17,54.13,1,-1,-1,-1
282,36,52.88,415.13,170.42,111.22,1,-1,-1,-1
282,40,105.16,378.70,34.16,28.44,1,-1,-1,-1
282,41,247.31,491.75,504.84,991.69,1,-1,-1,-1
283,25,12.59,365.12,34.00,46.36,1,-1,-1,-1
283,31,27.91,365.77,72.26,52.96,1,-1,-1,-1
283,36,56.37,413.43,155.60,102.96,1,-1,-1,-1
283,40,102.40,378.50,34.24,28.22,1,-1,-1,-1
283,41,283.39,527.16,493.05,924.25,1,-1,-1,-1
284,25,13.80,364.59,34.57,46.81,1,-1,-1,-1
284,31,30.74,366.99,69.62,51.51,1,-1,-1,-1
284,36,56.45,412.93,146.95,98.15,1,-1,-1,-1
284,40,100.54,378.38,34.17,27.97,1,-1,-1,-1
284,41,662.71,498.02,593.87,978.12,1,-1,-1,-1
285,25,15.61,363.96,35.47,47.34,1,-1,-1,-1
285,31,32.90,367.98,66.36,49.79,1,-1,-1,-1
285,36,54.32,411.75,142.08,95.44,1,-1,-1,-1
285,40,99.10,379.36,35.08,28.50,1,-1,-1,-1
285,41,1088.60,554.14,579.19,852.09,1,-1,-1,-1
286,25,16.26,363.05,36.69,48.27,1,-1,-1,-1
286,31,35.50,369.14,63.21,48.26,1,-1,-1,-1
286,36,54.57,412.78,131.09,88.14,1,-1,-1,-1
286,40,98.32,380.96,36.22,29.20,1,-1,-1,-1
286,41,1321.06,571.07,629.17,834.10,1,-1,-1,-1
287,25,16.59,362.20,37.75,48.90,1,-1,-1,-1
287,31,37.15,369.91,60.18,46.59,1,-1,-1,-1
287,36,53.21,409.80,124.86,84.19,1,-1,-1,-1
287,40,97.79,381.34,37.64,29.95,1,-1,-1,-1
287,41,1367.95,543.24,718.72,883.90,1,-1,-1,-1
288,25,16.45,362.44,38.46,49.09,1,-1,-1,-1
288,31,40.94,371.15,56.00,43.96,1,-1,-1,-1
288,36,51.57,407.06,121.67,82.19,1,-1,-1,-1
288,40,96.71,381.95,37.47,29.81,1,-1,-1,-1
288,41,1629.77,521.24,777.30,941.47,1,-1,-1,-1
289,25,16.11,362.64,38.97,48.78,1,-1,-1,-1
289,31,43.96,371.74,50.90,40.38,1,-1,-1,-1
289,36,48.56,402.82,121.37,82.22,1,-1,-1,-1
289,41,1840.36,521.14,778.39,942.79,1,-1,-1,-1
290,25,15.06,362.79,39.77,48.75,1,-1,-1,-1
290,31,47.97,372.56,45.67,36.58,1,-1,-1,-1
290,36,46.14,398.78,121.10,82.13,1,-1,-1,-1
291,25,13.29,361.81,40.37,48.42,1,-1,-1,-1
291,31,49.76,373.29,42.97,34.41,1,-1,-1,-1
291,36,44.02,395.29,121.58,82.58,1,-1,-1,-1
292,25,11.42,361.28,40.29,47.36,1,-1,-1,-1
292,36,41.99,392.55,122.20,83.05,1,-1,-1,-1
292,44,2453.50,481.59,87.11,506.00,1,-1,-1,-1
293,25,10.15,361.43,39.49,45.44,1,-1,-1,-1
293,36,33.46,390.54,124.69,86.34,1,-1,-1,-1
293,44,2454.35,458.79,84.54,491.05,1,-1,-1,-1
294,25,9.77,363.16,38.19,43.16,1,-1,-1,-1
294,36,31.15,388.57,124.30,87.23,1,-1,-1,-1
295,25,9.98,366.38,35.95,40.17,1,-1,-1,-1
295,31,56.43,378.44,49.11,39.06,1,-1,-1,-1
295,36,31.94,388.40,118.97,84.38,1,-1,-1,-1
296,25,10.49,369.30,33.83,37.51,1,-1,-1,-1
296,31,56.18,379.17,51.03,40.31,1,-1,-1,-1
296,36,33.33,388.93,112.24,80.09,1,-1,-1,-1
297,25,10.12,370.51,32.70,36.16,1,-1,-1,-1
297,31,57.75,380.14,50.53,39.91,1,-1,-1,-1
297,36,34.24,390.34,104.67,74.87,1,-1,-1,-1
298,25,9.28,370.36,32.54,35.78,1,-1,-1,-1
298,36,34.81,391.87,98.30,70.06,1,-1,-1,-1
299,25,7.46,369.43,35.26,38.63,1,-1,-1,-1
299,36,32.95,395.90,88.04,61.53,1,-1,-1,-1
300,25,6.15,366.87,38.48,42.06,1,-1,-1,-1
300,36,31.07,395.35,83.52,58.38,1,-1,-1,-1
301,25,5.73,366.91,38.56,42.15,1,-1,-1,-1
301,46,-136.33,387.48,981.54,602.66,1,-1,-1,-1
302,25,5.16,363.58,39.24,43.15,1,-1,-1,-1
302,46,-188.14,401.04,963.64,600.61,1,-1,-1,-1
303,25,5.08,365.02,37.56,41.40,1,-1,-1,-1
303,46,-253.34,401.64,972.88,606.37,1,-1,-1,-1
304,25,6.53,369.28,35.40,38.83,1,-1,-1,-1
304,47,39.41,378.87,66.21,52.20,1,-1,-1,-1
305,25,7.39,372.15,33.86,37.08,1,-1,-1,-1
305,47,36.27,380.84,68.79,53.87,1,-1,-1,-1
306,25,9.69,374.45,32.70,35.55,1,-1,-1,-1
306,47,34.56,381.45,67.32,52.12,1,-1,-1,-1
307,25,11.46,375.20,32.86,35.35,1,-1,-1,-1
307,36,28.37,379.46,72.75,49.99,1,-1,-1,-1
307,47,32.02,383.54,69.91,54.12,1,-1,-1,-1
308,25,13.06,376.10,32.90,34.82,1,-1,-1,-1
308,36,27.92,378.71,70.59,47.64,1,-1,-1,-1
309,25,13.40,376.75,33.87,35.35,1,-1,-1,-1
309,36,27.14,378.29,69.80,46.72,1,-1,-1,-1
309,40,102.02,374.33,35.89,27.69,1,-1,-1,-1
310,25,13.42,377.36,34.28,35.26,1,-1,-1,-1
310,36,28.86,378.77,66.56,44.30,1,-1,-1,-1
310,40,102.26,374.58,36.08,27.22,1,-1,-1,-1
311,25,13.31,377.54,35.42,35.98,1,-1,-1,-1
311,36,30.69,378.89,64.23,42.76,1,-1,-1,-1
311,40,102.35,375.01,36.18,26.83,1,-1,-1,-1
312,25,13.68,377.90,35.61,35.65,1,-1,-1,-1
312,36,33.10,379.20,61.21,40.68,1,-1,-1,-1
312,40,101.81,376.17,36.05,26.28,1,-1,-1,-1
313,25,14.14,377.83,36.54,36.03,1,-1,-1,-1
313,36,34.89,379.03,59.53,39.56,1,-1,-1,-1
313,40,101.20,377.28,35.91,25.76,1,-1,-1,-1
314,25,14.27,377.43,38.05,37.01,1,-1,-1,-1
314,36,36.72,377.71,58.07,38.68,1,-1,-1,-1
314,40,100.82,378.07,36.16,25.57,1,-1,-1,-1
315,25,13.83,376.44,40.34,38.82,1,-1,-1,-1
315,36,38.52,375.17,57.31,38.44,1,-1,-1,-1
315,40,100.66,378.10,36.70,25.67,1,-1,-1,-1
316,25,13.51,374.55,42.43,40.57,1,-1,-1,-1
316,36,38.97,372.07,57.92,39.19,1,-1,-1,-1
316,40,100.15,377.54,37.42,26.03,1,-1,-1,-1
317,25,13.48,372.63,43.43,41.34,1,-1,-1,-1
317,36,38.99,369.83,58.96,40.23,1,-1,-1,-1
317,40,99.24,377.08,38.47,26.72,1,-1,-1,-1
318,25,13.15,371.32,43.75,41.57,1,-1,-1,-1
318,36,40.45,369.41,58.13,39.95,1,-1,-1,-1
318,40,98.55,377.15,39.10,27.12,1,-1,-1,-1
319,25,12.57,371.20,43.73,41.51,1,-1,-1,-1
319,36,43.52,370.01,55.07,38.15,1,-1,-1,-1
319,40,98.18,377.68,39.27,27.12,1,-1,-1,-1
320,25,11.76,372.01,43.23,40.93,1,-1,-1,-1
320,36,47.52,371.03,50.47,35.27,1,-1,-1,-1
320,40,98.08,378.42,38.94,26.61,1,-1,-1,-1
321,25,11.38,372.95,42.49,40.00,1,-1,-1,-1
321,36,50.10,371.41,47.26,33.29,1,-1,-1,-1
321,40,97.22,378.43,39.68,26.68,1,-1,-1,-1
322,25,11.03,373.60,41.82,38.99,1,-1,-1,-1
322,36,51.79,371.38,45.67,32.38,1,-1,-1,-1
322,40,96.19,378.05,41.13,27.16,1,-1,-1,-1
323,25,10.93,373.82,41.67,38.45,1,-1,-1,-1
323,36,52.42,371.04,45.43,32.40,1,-1,-1,-1
323,40,95.29,377.39,42.81,27.82,1,-1,-1,-1
324,25,10.86,373.67,41.54,37.99,1,-1,-1,-1
324,36,53.70,370.48,43.97,31.37,1,-1,-1,-1
324,40,95.50,377.23,43.50,27.89,1,-1,-1,-1
325,25,10.92,373.33,41.25,37.44,1,-1,-1,-1
325,40,96.07,377.32,43.76,27.74,1,-1,-1,-1
326,25,10.81,372.28,40.57,36.56,1,-1,-1,-1
326,40,95.99,377.31,43.86,27.81,1,-1,-1,-1
327,25,10.11,370.67,39.83,35.63,1,-1,-1,-1
328,25,8.42,368.73,39.14,34.78,1,-1,-1,-1
329,25,6.06,367.28,39.25,34.74,1,-1,-1,-1
330,25,3.77,366.35,39.97,35.40,1,-1,-1,-1
331,25,2.68,366.33,39.77,35.29,1,-1,-1,-1
332,25,2.39,366.65,38.65,34.32,1,-1,-1,-1
333,25,2.53,367.45,36.89,32.71,1,-1,-1,-1
334,25,2.42,368.25,35.74,31.62,1,-1,-1,-1
335,25,2.18,368.79,35.08,30.96,1,-1,-1,-1
336,25,1.64,368.62,35.07,30.91,1,-1,-1,-1
337,25,0.68,367.75,35.67,31.50,1,-1,-1,-1
338,25,-0.23,367.17,36.27,32.24,1,-1,-1,-1
339,25,-1.09,366.71,36.84,33.05,1,-1,-1,-1
340,25,-1.48,366.71,36.76,33.26,1,-1,-1,-1
341,25,-1.36,367.64,36.23,32.97,1,-1,-1,-1
342,25,-0.91,369.48,35.26,32.18,1,-1,-1,-1
343,25,-0.39,371.93,34.01,31.23,1,-1,-1,-1
344,25,-0.03,373.60,32.64,30.55,1,-1,-1,-1
345,25,-0.36,374.12,32.32,30.25,1,-1,-1,-1
352,49,3.92,377.15,20.82,31.84,1,-1,-1,-1
353,49,4.38,378.17,20.35,31.11,1,-1,-1,-1
438,50,42.05,649.47,40.64,549.62,1,-1,-1,-1
439,50,52.76,690.18,35.27,477.04,1,-1,-1,-1
441,51,135.90,618.41,327.28,761.06,1,-1,-1,-1
442,51,202.81,588.13,439.62,987.91,1,-1,-1,-1
443,51,250.46,607.95,484.85,1036.00,1,-1,-1,-1
444,51,353.24,625.36,552.36,1087.59,1,-1,-1,-1
445,51,488.67,649.09,626.49,1112.97,1,-1,-1,-1
446,51,548.46,735.25,683.60,1083.92,1,-1,-1,-1
447,51,661.62,739.86,834.39,1156.95,1,-1,-1,-1
448,51,872.16,749.62,771.19,709.99,1,-1,-1,-1
449,51,992.01,772.46,613.12,442.07,1,-1,-1,-1
450,51,959.25,818.97,1350.27,973.06,1,-1,-1,-1
451,51,1093.16,839.02,1478.15,1078.37,1,-1,-1,-1
452,51,1435.01,846.77,1033.84,626.03,1,-1,-1,-1
