1,1,35.04,361.01,68.07,48.96,1,-1,-1,-1
1,2,1723.78,512.16,828.16,470.93,1,-1,-1,-1
1,4,130.38,375.56,26.25,22.64,1,-1,-1,-1
1,6,134.83,438.52,176.56,125.83,1,-1,-1,-1
2,1,34.66,361.35,67.40,48.08,1,-1,-1,-1
2,2,1723.16,512.25,828.08,471.98,1,-1,-1,-1
2,4,130.31,375.59,26.32,22.64,1,-1,-1,-1
2,6,130.75,436.33,172.03,122.76,1,-1,-1,-1
3,1,34.28,361.69,66.73,47.21,1,-1,-1,-1
3,2,1722.81,512.35,828.88,472.29,1,-1,-1,-1
3,4,130.24,375.62,26.39,22.65,1,-1,-1,-1
3,6,126.54,434.11,167.70,119.75,1,-1,-1,-1
4,1,33.89,362.03,66.07,46.34,1,-1,-1,-1
4,2,1722.62,512.44,829.48,472.22,1,-1,-1,-1
4,4,130.18,375.64,26.45,22.66,1,-1,-1,-1
4,6,122.22,431.87,163.57,116.80,1,-1,-1,-1
5,1,33.51,362.37,65.40,45.46,1,-1,-1,-1
5,2,1722.52,512.54,829.57,472.10,1,-1,-1,-1
5,4,130.11,375.67,26.52,22.67,1,-1,-1,-1
5,6,117.82,429.63,159.62,113.91,1,-1,-1,-1
6,1,33.13,362.71,64.74,44.59,1,-1,-1,-1
6,2,1722.45,512.64,829.30,472.01,1,-1,-1,-1
6,4,130.04,375.70,26.58,22.67,1,-1,-1,-1
6,6,113.37,427.37,155.83,111.09,1,-1,-1,-1
7,1,32.74,363.04,64.07,43.72,1,-1,-1,-1
7,2,1722.37,512.73,829.00,471.88,1,-1,-1,-1
7,4,129.97,375.72,26.65,22.68,1,-1,-1,-1
7,6,108.90,425.10,152.18,108.34,1,-1,-1,-1
8,1,32.36,363.38,63.40,42.84,1,-1,-1,-1
8,2,1722.27,512.83,828.99,471.57,1,-1,-1,-1
8,4,129.91,375.75,26.71,22.69,1,-1,-1,-1
8,6,104.44,422.82,148.66,105.66,1,-1,-1,-1
9,1,31.98,363.72,62.74,41.97,1,-1,-1,-1
9,2,1722.14,512.92,829.25,470.96,1,-1,-1,-1
9,4,129.84,375.78,26.78,22.69,1,-1,-1,-1
9,6,100.01,420.55,145.24,103.05,1,-1,-1,-1
10,1,31.59,364.06,62.07,41.09,1,-1,-1,-1
10,2,1721.99,513.02,829.57,470.14,1,-1,-1,-1
10,4,129.77,375.81,26.85,22.70,1,-1,-1,-1
10,6,95.64,418.28,141.91,100.51,1,-1,-1,-1
11,1,31.21,364.40,61.41,40.22,1,-1,-1,-1
11,2,1721.85,513.12,829.82,469.31,1,-1,-1,-1
11,4,129.70,375.83,26.91,22.71,1,-1,-1,-1
11,6,91.37,416.01,138.65,98.04,1,-1,-1,-1
12,1,30.83,364.74,60.74,39.35,1,-1,-1,-1
12,2,1721.72,513.21,829.92,469.00,1,-1,-1,-1
12,4,129.64,375.86,26.98,22.71,1,-1,-1,-1
12,6,87.19,413.75,135.44,95.65,1,-1,-1,-1
13,1,30.44,365.08,60.07,38.47,1,-1,-1,-1
13,2,1721.62,513.31,829.99,469.16,1,-1,-1,-1
13,4,129.57,375.89,27.04,22.72,1,-1,-1,-1
13,6,83.15,411.51,132.28,93.33,1,-1,-1,-1
14,1,30.06,365.42,59.41,37.60,1,-1,-1,-1
14,2,1721.54,513.40,830.28,469.28,1,-1,-1,-1
14,4,129.50,375.91,27.11,22.73,1,-1,-1,-1
14,6,79.25,409.29,129.15,91.08,1,-1,-1,-1
15,1,29.68,365.76,58.74,36.73,1,-1,-1,-1
15,2,1721.47,513.50,830.77,469.13,1,-1,-1,-1
15,4,129.43,375.94,27.17,22.74,1,-1,-1,-1
15,6,75.50,407.08,126.05,88.91,1,-1,-1,-1
16,1,29.29,366.09,58.08,35.85,1,-1,-1,-1
16,2,1721.42,513.60,831.20,468.84,1,-1,-1,-1
16,4,129.37,375.97,27.24,22.74,1,-1,-1,-1
16,6,71.91,404.90,122.98,86.81,1,-1,-1,-1
17,1,28.91,366.43,57.41,34.98,1,-1,-1,-1
17,2,1721.41,513.69,831.35,468.59,1,-1,-1,-1
17,4,129.30,375.99,27.30,22.75,1,-1,-1,-1
17,6,68.48,402.75,119.94,84.78,1,-1,-1,-1
18,1,28.53,366.77,56.74,34.11,1,-1,-1,-1
18,2,1721.47,513.79,831.22,468.29,1,-1,-1,-1
18,4,129.23,376.02,27.37,22.76,1,-1,-1,-1
18,6,65.20,400.63,116.93,82.82,1,-1,-1,-1
19,1,28.14,367.11,56.08,33.23,1,-1,-1,-1
19,2,1721.67,513.88,830.95,468.18,1,-1,-1,-1
19,4,129.17,376.05,27.44,22.76,1,-1,-1,-1
19,6,62.08,398.56,113.97,80.94,1,-1,-1,-1
20,1,27.76,367.45,55.41,32.36,1,-1,-1,-1
20,2,1722.08,513.98,830.50,468.54,1,-1,-1,-1
20,4,129.10,376.07,27.50,22.77,1,-1,-1,-1
20,6,59.09,396.52,111.07,79.11,1,-1,-1,-1
21,1,27.38,367.79,54.75,31.49,1,-1,-1,-1
21,2,1722.75,514.08,829.90,469.22,1,-1,-1,-1
21,4,129.03,376.10,27.57,22.78,1,-1,-1,-1
21,6,56.23,394.52,108.24,77.35,1,-1,-1,-1
22,1,26.99,368.13,54.08,30.61,1,-1,-1,-1
22,2,1723.72,514.17,829.23,469.73,1,-1,-1,-1
22,3,-289.95,615.55,1219.33,628.00,1,-1,-1,-1
22,4,128.96,376.13,27.63,22.78,1,-1,-1,-1
22,6,53.48,392.58,105.51,75.65,1,-1,-1,-1
23,1,26.61,368.47,53.41,29.74,1,-1,-1,-1
23,2,1724.97,514.27,828.16,470.49,1,-1,-1,-1
23,3,-90.07,637.76,1248.61,651.87,1,-1,-1,-1
23,4,128.90,376.15,27.70,22.79,1,-1,-1,-1
23,6,50.82,390.69,102.89,74.01,1,-1,-1,-1
24,2,1726.41,514.36,826.06,472.63,1,-1,-1,-1
24,3,109.81,659.98,1311.20,675.75,1,-1,-1,-1
24,4,128.83,376.18,27.76,22.80,1,-1,-1,-1
24,6,48.23,388.85,100.41,72.43,1,-1,-1,-1
25,2,1727.89,514.46,822.44,474.33,1,-1,-1,-1
25,3,309.69,682.20,1387.07,699.62,1,-1,-1,-1
25,4,128.76,376.21,27.83,22.81,1,-1,-1,-1
25,6,45.70,387.07,98.08,70.89,1,-1,-1,-1
26,2,1729.17,514.56,818.00,469.84,1,-1,-1,-1
26,3,509.57,704.42,1470.04,723.49,1,-1,-1,-1
26,4,128.69,376.24,27.90,22.81,1,-1,-1,-1
26,6,43.22,385.35,95.91,69.41,1,-1,-1,-1
27,2,1730.02,514.65,815.06,456.35,1,-1,-1,-1
27,3,709.45,726.64,1665.00,747.36,1,-1,-1,-1
27,4,128.63,376.26,27.96,22.82,1,-1,-1,-1
27,6,40.79,383.70,93.90,67.97,1,-1,-1,-1
28,2,1730.25,514.75,813.96,436.42,1,-1,-1,-1
28,3,909.34,748.85,1630.16,771.24,1,-1,-1,-1
28,4,128.56,376.29,28.03,22.83,1,-1,-1,-1
28,6,38.41,382.12,92.05,66.57,1,-1,-1,-1
29,2,1729.79,514.84,813.18,417.95,1,-1,-1,-1
29,3,1109.22,771.07,1442.69,795.11,1,-1,-1,-1
29,4,128.49,376.32,28.09,22.83,1,-1,-1,-1
29,6,36.10,380.60,90.36,65.21,1,-1,-1,-1
30,2,1728.75,514.94,813.26,410.81,1,-1,-1,-1
30,3,1309.10,793.29,1219.19,818.98,1,-1,-1,-1
30,4,128.43,376.34,28.16,22.84,1,-1,-1,-1
30,5,101.71,373.70,26.57,26.77,1,-1,-1,-1
30,6,33.86,379.16,88.80,63.89,1,-1,-1,-1
31,2,1727.38,515.04,816.22,422.63,1,-1,-1,-1
31,3,1508.98,815.51,1040.71,842.85,1,-1,-1,-1
31,4,128.36,376.37,28.22,22.85,1,-1,-1,-1
31,5,101.72,373.77,26.57,26.73,1,-1,-1,-1
31,6,31.72,377.79,87.37,62.60,1,-1,-1,-1
32,2,1725.94,515.13,821.09,446.85,1,-1,-1,-1
32,3,1708.86,837.73,848.99,866.73,1,-1,-1,-1
32,4,128.29,376.40,28.29,22.85,1,-1,-1,-1
32,5,101.72,373.85,26.59,26.69,1,-1,-1,-1
32,6,29.70,376.49,86.02,61.35,1,-1,-1,-1
33,2,1724.65,515.23,826.16,465.39,1,-1,-1,-1
33,4,128.22,376.42,28.35,22.86,1,-1,-1,-1
33,5,101.69,373.92,26.62,26.65,1,-1,-1,-1
33,6,27.84,375.27,84.73,60.12,1,-1,-1,-1
34,2,1723.64,515.32,829.46,471.47,1,-1,-1,-1
34,4,128.16,376.45,28.42,22.87,1,-1,-1,-1
34,5,101.65,374.00,26.67,26.61,1,-1,-1,-1
34,6,26.17,374.12,83.47,58.92,1,-1,-1,-1
35,2,1722.94,515.42,830.68,471.11,1,-1,-1,-1
35,4,128.09,376.48,28.49,22.88,1,-1,-1,-1
35,5,101.59,374.07,26.74,26.57,1,-1,-1,-1
35,6,24.70,373.04,82.21,57.74,1,-1,-1,-1
36,2,1722.47,515.52,830.92,470.10,1,-1,-1,-1
36,4,128.02,376.50,28.55,22.88,1,-1,-1,-1
36,5,101.51,374.14,26.83,26.53,1,-1,-1,-1
36,6,23.47,372.04,80.93,56.59,1,-1,-1,-1
37,2,1722.10,515.61,831.16,469.92,1,-1,-1,-1
37,4,127.95,376.53,28.62,22.89,1,-1,-1,-1
37,5,101.41,374.22,26.95,26.49,1,-1,-1,-1
37,6,22.50,371.11,79.59,55.45,1,-1,-1,-1
38,2,1721.68,515.71,831.55,469.95,1,-1,-1,-1
38,4,127.89,376.56,28.68,22.90,1,-1,-1,-1
38,5,101.28,374.29,27.08,26.45,1,-1,-1,-1
38,6,21.81,370.25,78.17,54.34,1,-1,-1,-1
39,2,1721.04,515.80,831.56,469.58,1,-1,-1,-1
39,4,127.82,376.59,28.75,22.90,1,-1,-1,-1
39,5,101.14,374.37,27.24,26.40,1,-1,-1,-1
39,6,21.39,369.46,76.67,53.26,1,-1,-1,-1
40,2,1719.99,515.90,830.71,468.52,1,-1,-1,-1
40,4,127.75,376.61,28.81,22.91,1,-1,-1,-1
40,5,100.97,374.44,27.41,26.36,1,-1,-1,-1
40,6,21.26,368.74,75.08,52.19,1,-1,-1,-1
41,2,1718.38,516.00,829.48,466.88,1,-1,-1,-1
41,4,127.69,376.64,28.88,22.92,1,-1,-1,-1
41,5,100.79,374.51,27.61,26.32,1,-1,-1,-1
41,6,21.39,368.09,73.41,51.14,1,-1,-1,-1
42,2,1715.97,516.09,829.39,466.08,1,-1,-1,-1
42,4,127.62,376.67,28.95,22.93,1,-1,-1,-1
42,5,100.58,374.59,27.82,26.28,1,-1,-1,-1
42,6,21.77,367.50,71.66,50.12,1,-1,-1,-1
43,2,1712.46,516.19,831.90,467.07,1,-1,-1,-1
43,4,127.55,376.69,29.01,22.93,1,-1,-1,-1
43,5,100.37,374.66,28.05,26.24,1,-1,-1,-1
43,6,22.37,366.98,69.88,49.13,1,-1,-1,-1
44,2,1707.43,516.28,837.82,468.71,1,-1,-1,-1
44,4,127.48,376.72,29.08,22.94,1,-1,-1,-1
44,5,100.13,374.74,28.29,26.20,1,-1,-1,-1
44,6,23.15,366.51,68.07,48.16,1,-1,-1,-1
45,2,1700.34,516.38,847.21,469.16,1,-1,-1,-1
45,4,127.42,376.75,29.14,22.95,1,-1,-1,-1
45,5,99.89,374.81,28.54,26.16,1,-1,-1,-1
45,6,24.06,366.10,66.28,47.21,1,-1,-1,-1
46,2,1690.53,516.48,859.11,469.90,1,-1,-1,-1
46,4,127.35,376.77,29.21,22.95,1,-1,-1,-1
46,5,99.64,374.88,28.80,26.12,1,-1,-1,-1
46,6,25.07,365.75,64.55,46.30,1,-1,-1,-1
47,2,1677.31,516.57,872.34,472.36,1,-1,-1,-1
47,4,127.28,376.80,29.27,22.96,1,-1,-1,-1
47,5,99.39,374.96,29.07,26.08,1,-1,-1,-1
47,6,26.12,365.45,62.91,45.42,1,-1,-1,-1
48,2,1659.96,516.67,887.25,475.13,1,-1,-1,-1
48,4,127.21,376.83,29.34,22.97,1,-1,-1,-1
48,5,99.13,375.03,29.34,26.04,1,-1,-1,-1
48,6,27.18,365.20,61.39,44.57,1,-1,-1,-1
49,2,1637.82,516.76,907.30,477.32,1,-1,-1,-1
49,4,127.15,376.85,29.40,22.97,1,-1,-1,-1
49,5,98.87,375.11,29.60,25.99,1,-1,-1,-1
49,6,28.20,365.00,60.03,43.76,1,-1,-1,-1
50,2,1610.36,516.86,934.88,478.38,1,-1,-1,-1
50,4,127.08,376.88,29.47,22.98,1,-1,-1,-1
50,5,98.61,375.18,29.87,25.95,1,-1,-1,-1
50,6,29.15,364.84,58.85,42.98,1,-1,-1,-1
51,2,1577.19,516.96,968.61,477.24,1,-1,-1,-1
51,4,127.01,376.91,29.54,22.99,1,-1,-1,-1
51,5,98.36,375.25,30.13,25.91,1,-1,-1,-1
51,6,30.01,364.73,57.86,42.24,1,-1,-1,-1
52,2,1538.12,517.05,1004.85,474.36,1,-1,-1,-1
52,4,126.95,376.93,29.60,23.00,1,-1,-1,-1
52,5,98.12,375.33,30.39,25.87,1,-1,-1,-1
52,6,30.74,364.65,57.08,41.54,1,-1,-1,-1
53,2,1493.06,517.15,1043.13,473.76,1,-1,-1,-1
53,4,126.88,376.96,29.67,23.00,1,-1,-1,-1
53,5,97.88,375.40,30.64,25.83,1,-1,-1,-1
53,6,31.35,364.62,56.51,40.87,1,-1,-1,-1
54,2,1442.04,517.24,1090.13,477.72,1,-1,-1,-1
54,4,126.81,376.99,29.73,23.01,1,-1,-1,-1
54,5,97.65,375.48,30.88,25.79,1,-1,-1,-1
54,6,31.83,364.61,56.14,40.23,1,-1,-1,-1
55,2,1385.12,517.34,1151.15,481.88,1,-1,-1,-1
55,4,126.74,377.02,29.80,23.02,1,-1,-1,-1
55,5,97.43,375.55,31.11,25.75,1,-1,-1,-1
55,6,32.18,364.64,55.95,39.64,1,-1,-1,-1
56,2,1322.34,517.44,1224.30,479.81,1,-1,-1,-1
56,4,126.68,377.04,29.86,23.02,1,-1,-1,-1
56,5,97.22,375.63,31.32,25.71,1,-1,-1,-1
56,6,32.41,364.71,55.93,39.07,1,-1,-1,-1
57,2,1253.72,517.53,1299.83,470.45,1,-1,-1,-1
57,4,126.61,377.07,29.93,23.03,1,-1,-1,-1
57,5,97.03,375.70,31.53,25.67,1,-1,-1,-1
57,6,32.53,364.80,56.05,38.53,1,-1,-1,-1
58,2,1179.27,517.63,1359.37,462.59,1,-1,-1,-1
58,4,126.54,377.10,30.00,23.04,1,-1,-1,-1
58,5,96.85,375.77,31.72,25.63,1,-1,-1,-1
58,6,32.57,364.92,56.27,38.03,1,-1,-1,-1
59,2,1099.00,517.72,1387.91,461.39,1,-1,-1,-1
59,4,126.47,377.12,30.06,23.04,1,-1,-1,-1
59,5,96.68,375.85,31.89,25.58,1,-1,-1,-1
59,6,32.56,365.06,56.58,37.55,1,-1,-1,-1
60,2,1013.03,517.82,1390.59,464.90,1,-1,-1,-1
60,4,126.41,377.15,30.13,23.05,1,-1,-1,-1
60,5,96.53,375.92,32.06,25.54,1,-1,-1,-1
60,6,32.51,365.23,56.92,37.09,1,-1,-1,-1
61,2,921.60,517.92,1388.21,469.00,1,-1,-1,-1
61,4,126.34,377.18,30.19,23.06,1,-1,-1,-1
61,5,96.39,376.00,32.21,25.50,1,-1,-1,-1
61,6,32.46,365.43,57.26,36.65,1,-1,-1,-1
62,2,825.01,518.01,1388.16,471.50,1,-1,-1,-1
62,4,126.27,377.20,30.26,23.07,1,-1,-1,-1
62,5,96.26,376.07,32.34,25.46,1,-1,-1,-1
62,6,32.44,365.64,57.56,36.22,1,-1,-1,-1
63,2,723.60,518.11,1383.26,472.56,1,-1,-1,-1
63,4,126.21,377.23,30.32,23.07,1,-1,-1,-1
63,5,96.15,376.14,32.46,25.42,1,-1,-1,-1
63,6,32.48,365.88,57.78,35.81,1,-1,-1,-1
64,2,617.80,518.20,1376.13,474.00,1,-1,-1,-1
64,4,126.14,377.26,30.39,23.08,1,-1,-1,-1
64,5,96.06,376.22,32.57,25.38,1,-1,-1,-1
64,6,32.62,366.14,57.88,35.41,1,-1,-1,-1
65,2,508.10,518.30,1370.89,476.06,1,-1,-1,-1
65,4,126.07,377.28,30.45,23.09,1,-1,-1,-1
65,5,95.98,376.29,32.66,25.34,1,-1,-1,-1
65,6,32.88,366.42,57.84,35.02,1,-1,-1,-1
66,2,394.95,518.40,1363.81,478.31,1,-1,-1,-1
66,4,126.00,377.31,30.52,23.09,1,-1,-1,-1
66,5,95.91,376.37,32.74,25.30,1,-1,-1,-1
66,6,33.27,366.72,57.61,34.63,1,-1,-1,-1
67,2,278.76,518.49,1355.51,480.39,1,-1,-1,-1
67,4,125.94,377.34,30.59,23.10,1,-1,-1,-1
67,5,95.86,376.44,32.80,25.26,1,-1,-1,-1
67,6,33.82,367.03,57.20,34.24,1,-1,-1,-1
68,2,159.96,518.59,1341.90,482.08,1,-1,-1,-1
68,4,125.87,377.37,30.65,23.11,1,-1,-1,-1
68,5,95.82,376.51,32.84,25.22,1,-1,-1,-1
68,6,34.53,367.36,56.59,33.86,1,-1,-1,-1
69,2,38.86,518.68,1318.50,482.36,1,-1,-1,-1
69,4,125.80,377.39,30.72,23.11,1,-1,-1,-1
69,5,95.80,376.59,32.87,25.17,1,-1,-1,-1
69,6,35.40,367.70,55.79,33.47,1,-1,-1,-1
70,4,125.73,377.42,30.78,23.12,1,-1,-1,-1
70,5,95.79,376.66,32.89,25.13,1,-1,-1,-1
70,6,36.41,368.05,54.79,33.09,1,-1,-1,-1
71,4,125.67,377.45,30.85,23.13,1,-1,-1,-1
71,5,95.80,376.74,32.90,25.09,1,-1,-1,-1
71,6,37.56,368.40,53.63,32.71,1,-1,-1,-1
72,4,125.60,377.47,30.91,23.14,1,-1,-1,-1
72,5,95.82,376.81,32.89,25.05,1,-1,-1,-1
72,6,38.82,368.76,52.33,32.32,1,-1,-1,-1
73,4,125.53,377.50,30.98,23.14,1,-1,-1,-1
73,5,95.84,376.89,32.87,25.01,1,-1,-1,-1
73,6,40.16,369.13,50.91,31.94,1,-1,-1,-1
74,4,125.46,377.53,31.05,23.15,1,-1,-1,-1
74,5,95.88,376.96,32.84,24.97,1,-1,-1,-1
74,6,41.57,369.49,49.41,31.57,1,-1,-1,-1
75,4,125.40,377.55,31.11,23.16,1,-1,-1,-1
75,5,95.93,377.03,32.80,24.93,1,-1,-1,-1
75,6,43.00,369.85,47.85,31.19,1,-1,-1,-1
76,4,125.33,377.58,31.18,23.16,1,-1,-1,-1
76,5,95.99,377.11,32.76,24.89,1,-1,-1,-1
76,6,44.43,370.21,46.29,30.83,1,-1,-1,-1
77,4,125.26,377.61,31.24,23.17,1,-1,-1,-1
77,5,96.05,377.18,32.70,24.85,1,-1,-1,-1
77,6,45.84,370.55,44.73,30.47,1,-1,-1,-1
78,4,125.20,377.63,31.31,23.18,1,-1,-1,-1
78,5,96.12,377.26,32.64,24.80,1,-1,-1,-1
78,6,47.20,370.89,43.23,30.12,1,-1,-1,-1
79,4,125.13,377.66,31.37,23.18,1,-1,-1,-1
79,5,96.20,377.33,32.57,24.76,1,-1,-1,-1
79,6,48.48,371.20,41.79,29.78,1,-1,-1,-1
80,4,125.06,377.69,31.44,23.19,1,-1,-1,-1
80,5,96.29,377.40,32.50,24.72,1,-1,-1,-1
80,6,49.68,371.51,40.45,29.46,1,-1,-1,-1
81,4,124.99,377.72,31.50,23.20,1,-1,-1,-1
81,5,96.38,377.48,32.42,24.68,1,-1,-1,-1
81,6,50.77,371.79,39.22,29.15,1,-1,-1,-1
82,4,124.93,377.74,31.57,23.21,1,-1,-1,-1
82,5,96.47,377.55,32.34,24.64,1,-1,-1,-1
82,6,51.75,372.06,38.11,28.86,1,-1,-1,-1
83,4,124.86,377.77,31.64,23.21,1,-1,-1,-1
83,5,96.57,377.63,32.25,24.60,1,-1,-1,-1
83,6,52.62,372.30,37.13,28.59,1,-1,-1,-1
84,4,124.79,377.80,31.70,23.22,1,-1,-1,-1
84,5,96.67,377.70,32.16,24.56,1,-1,-1,-1
84,6,53.37,372.53,36.27,28.33,1,-1,-1,-1
85,4,124.72,377.82,31.77,23.23,1,-1,-1,-1
85,5,96.77,377.77,32.07,24.52,1,-1,-1,-1
85,6,54.00,372.73,35.55,28.10,1,-1,-1,-1
86,4,124.66,377.85,31.83,23.23,1,-1,-1,-1
86,5,96.87,377.85,31.97,24.48,1,-1,-1,-1
86,6,54.52,372.90,34.96,27.88,1,-1,-1,-1
87,4,124.59,377.88,31.90,23.24,1,-1,-1,-1
87,5,96.98,377.92,31.88,24.44,1,-1,-1,-1
87,6,54.93,373.06,34.50,27.69,1,-1,-1,-1
88,4,124.52,377.90,31.96,23.25,1,-1,-1,-1
88,5,97.08,378.00,31.79,24.39,1,-1,-1,-1
88,6,55.24,373.20,34.14,27.51,1,-1,-1,-1
89,4,124.46,377.93,32.03,23.25,1,-1,-1,-1
89,5,97.18,378.07,31.69,24.35,1,-1,-1,-1
89,6,55.47,373.31,33.88,27.35,1,-1,-1,-1
90,4,124.39,377.96,32.10,23.26,1,-1,-1,-1
90,5,97.28,378.15,31.60,24.31,1,-1,-1,-1
90,6,55.62,373.41,33.71,27.21,1,-1,-1,-1
91,4,124.32,377.98,32.16,23.27,1,-1,-1,-1
91,5,97.38,378.22,31.51,24.27,1,-1,-1,-1
91,6,55.71,373.48,33.61,27.09,1,-1,-1,-1
92,4,124.25,378.01,32.23,23.28,1,-1,-1,-1
92,5,97.48,378.29,31.43,24.23,1,-1,-1,-1
92,6,55.76,373.55,33.56,26.98,1,-1,-1,-1
93,4,124.19,378.04,32.29,23.28,1,-1,-1,-1
93,5,97.57,378.37,31.34,24.19,1,-1,-1,-1
93,6,55.78,373.59,33.55,26.89,1,-1,-1,-1
94,4,124.12,378.06,32.36,23.29,1,-1,-1,-1
94,5,97.67,378.44,31.26,24.15,1,-1,-1,-1
94,6,55.78,373.63,33.56,26.80,1,-1,-1,-1
95,4,124.05,378.09,32.42,23.30,1,-1,-1,-1
95,5,97.76,378.52,31.18,24.11,1,-1,-1,-1
95,6,55.77,373.65,33.59,26.73,1,-1,-1,-1
96,4,123.98,378.12,32.49,23.30,1,-1,-1,-1
96,5,97.85,378.59,31.10,24.07,1,-1,-1,-1
96,6,55.76,373.67,33.62,26.68,1,-1,-1,-1
97,4,123.92,378.15,32.55,23.31,1,-1,-1,-1
97,5,97.93,378.66,31.03,24.03,1,-1,-1,-1
97,6,55.75,373.67,33.65,26.62,1,-1,-1,-1
98,4,123.85,378.17,32.62,23.32,1,-1,-1,-1
98,5,98.01,378.74,30.95,23.98,1,-1,-1,-1
98,6,55.75,373.68,33.68,26.58,1,-1,-1,-1
99,4,123.78,378.20,32.69,23.32,1,-1,-1,-1
99,5,98.09,378.81,30.88,23.94,1,-1,-1,-1
99,6,55.74,373.67,33.71,26.54,1,-1,-1,-1
99,10,1587.93,519.82,903.86,317.60,1,-1,-1,-1
100,4,123.72,378.23,32.75,23.33,1,-1,-1,-1
100,5,98.17,378.89,30.81,23.90,1,-1,-1,-1
100,6,55.74,373.67,33.74,26.51,1,-1,-1,-1
100,10,1480.30,519.62,902.00,316.41,1,-1,-1,-1
101,4,123.65,378.25,32.82,23.34,1,-1,-1,-1
101,5,98.25,378.96,30.75,23.86,1,-1,-1,-1
101,6,55.74,373.66,33.77,26.49,1,-1,-1,-1
101,10,1376.22,519.41,898.02,315.16,1,-1,-1,-1
102,4,123.58,378.28,32.88,23.35,1,-1,-1,-1
102,5,98.32,379.03,30.68,23.82,1,-1,-1,-1
102,6,55.73,373.66,33.80,26.46,1,-1,-1,-1
102,10,1275.94,519.17,891.83,313.81,1,-1,-1,-1
103,4,123.51,378.31,32.95,23.35,1,-1,-1,-1
103,5,98.40,379.11,30.62,23.78,1,-1,-1,-1
103,6,55.71,373.65,33.84,26.44,1,-1,-1,-1
103,10,1179.63,518.89,883.39,312.37,1,-1,-1,-1
104,4,123.45,378.33,33.01,23.36,1,-1,-1,-1
104,5,98.47,379.18,30.56,23.74,1,-1,-1,-1
104,6,55.69,373.65,33.87,26.42,1,-1,-1,-1
104,10,1087.45,518.55,872.76,310.80,1,-1,-1,-1
105,4,123.38,378.36,33.08,23.37,1,-1,-1,-1
105,5,98.54,379.26,30.50,23.70,1,-1,-1,-1
105,6,55.66,373.65,33.91,26.40,1,-1,-1,-1
105,10,999.48,518.14,860.06,309.10,1,-1,-1,-1
106,4,123.31,378.39,33.15,23.37,1,-1,-1,-1
106,5,98.61,379.33,30.44,23.66,1,-1,-1,-1
106,6,55.63,373.65,33.95,26.39,1,-1,-1,-1
106,10,915.76,517.64,845.46,307.23,1,-1,-1,-1
107,4,123.24,378.41,33.21,23.38,1,-1,-1,-1
107,5,98.68,379.41,30.38,23.62,1,-1,-1,-1
107,6,55.60,373.65,33.99,26.37,1,-1,-1,-1
107,10,836.32,517.02,829.16,305.17,1,-1,-1,-1
108,4,123.18,378.44,33.28,23.39,1,-1,-1,-1
108,5,98.75,379.48,30.32,23.57,1,-1,-1,-1
108,6,55.57,373.66,34.01,26.35,1,-1,-1,-1
108,10,761.20,516.26,811.34,302.89,1,-1,-1,-1
109,4,123.11,378.47,33.34,23.39,1,-1,-1,-1
109,5,98.82,379.55,30.26,23.53,1,-1,-1,-1
109,6,55.55,373.68,34.02,26.34,1,-1,-1,-1
109,10,690.49,515.34,792.12,300.37,1,-1,-1,-1
110,4,123.04,378.50,33.41,23.40,1,-1,-1,-1
110,5,98.89,379.63,30.19,23.49,1,-1,-1,-1
110,6,55.54,373.70,34.01,26.32,1,-1,-1,-1
110,10,624.35,514.23,771.58,297.59,1,-1,-1,-1
111,4,122.98,378.52,33.47,23.41,1,-1,-1,-1
111,5,98.97,379.70,30.13,23.45,1,-1,-1,-1
111,6,55.55,373.72,33.98,26.30,1,-1,-1,-1
111,10,562.97,512.91,749.72,294.54,1,-1,-1,-1
112,4,122.91,378.55,33.54,23.42,1,-1,-1,-1
112,5,99.04,379.78,30.06,23.41,1,-1,-1,-1
112,6,55.59,373.75,33.92,26.28,1,-1,-1,-1
112,10,506.55,511.35,726.52,291.22,1,-1,-1,-1
113,4,122.84,378.58,33.60,23.42,1,-1,-1,-1
113,5,99.12,379.85,30.00,23.37,1,-1,-1,-1
113,6,55.65,373.78,33.83,26.26,1,-1,-1,-1
113,10,455.25,509.56,701.94,287.62,1,-1,-1,-1
114,4,122.77,378.60,33.67,23.43,1,-1,-1,-1
114,5,99.20,379.92,29.93,23.33,1,-1,-1,-1
114,6,55.73,373.81,33.71,26.23,1,-1,-1,-1
114,10,409.12,507.50,676.00,283.73,1,-1,-1,-1
115,4,122.71,378.63,33.74,23.44,1,-1,-1,-1
115,5,99.28,380.00,29.85,23.29,1,-1,-1,-1
115,6,55.85,373.85,33.55,26.21,1,-1,-1,-1
115,10,368.08,505.18,648.76,279.58,1,-1,-1,-1
116,4,122.64,378.66,33.80,23.44,1,-1,-1,-1
116,5,99.36,380.07,29.78,23.25,1,-1,-1,-1
116,6,56.00,373.89,33.36,26.19,1,-1,-1,-1
116,10,331.94,502.59,620.41,275.16,1,-1,-1,-1
117,4,122.57,378.68,33.87,23.45,1,-1,-1,-1
117,5,99.44,380.15,29.71,23.20,1,-1,-1,-1
117,6,56.18,373.93,33.15,26.16,1,-1,-1,-1
117,10,300.41,499.75,591.19,270.50,1,-1,-1,-1
118,4,122.50,378.71,33.93,23.46,1,-1,-1,-1
118,5,99.52,380.22,29.64,23.16,1,-1,-1,-1
118,6,56.39,373.98,32.90,26.13,1,-1,-1,-1
118,10,273.11,496.67,561.44,265.62,1,-1,-1,-1
119,4,122.44,378.74,34.00,23.46,1,-1,-1,-1
119,5,99.60,380.29,29.58,23.12,1,-1,-1,-1
119,6,56.61,374.02,32.64,26.10,1,-1,-1,-1
119,10,249.59,493.36,531.55,260.52,1,-1,-1,-1
120,4,122.37,378.76,34.06,23.47,1,-1,-1,-1
120,5,99.67,380.37,29.52,23.08,1,-1,-1,-1
120,6,56.86,374.07,32.37,26.07,1,-1,-1,-1
120,10,229.37,489.85,501.97,255.23,1,-1,-1,-1
121,4,122.30,378.79,34.13,23.48,1,-1,-1,-1
121,5,99.73,380.44,29.46,23.04,1,-1,-1,-1
121,6,57.11,374.12,32.09,26.04,1,-1,-1,-1
121,10,211.90,486.16,473.20,249.73,1,-1,-1,-1
122,4,122.23,378.82,34.20,23.49,1,-1,-1,-1
122,5,99.79,380.52,29.42,23.00,1,-1,-1,-1
122,6,57.36,374.17,31.81,26.01,1,-1,-1,-1
122,10,196.65,482.33,445.70,244.05,1,-1,-1,-1
123,4,122.17,378.84,34.26,23.49,1,-1,-1,-1
123,5,99.84,380.59,29.38,22.96,1,-1,-1,-1
123,6,57.60,374.21,31.55,25.97,1,-1,-1,-1
123,10,183.20,478.38,419.84,238.19,1,-1,-1,-1
124,4,122.10,378.87,34.33,23.50,1,-1,-1,-1
124,5,99.87,380.67,29.35,22.92,1,-1,-1,-1
124,6,57.83,374.26,31.32,25.93,1,-1,-1,-1
124,10,171.23,474.35,395.80,232.17,1,-1,-1,-1
125,4,122.03,378.90,34.39,23.51,1,-1,-1,-1
125,5,99.89,380.74,29.34,22.88,1,-1,-1,-1
125,6,58.03,374.30,31.11,25.89,1,-1,-1,-1
125,10,160.55,470.26,373.62,226.01,1,-1,-1,-1
126,4,121.97,378.93,34.46,23.51,1,-1,-1,-1
126,5,99.91,380.81,29.34,22.84,1,-1,-1,-1
126,6,58.20,374.35,30.94,25.85,1,-1,-1,-1
126,10,151.08,466.13,353.19,219.75,1,-1,-1,-1
127,4,121.90,378.95,34.52,23.52,1,-1,-1,-1
127,5,99.90,380.89,29.35,22.79,1,-1,-1,-1
127,6,58.34,374.38,30.81,25.81,1,-1,-1,-1
127,10,142.79,462.01,334.29,213.41,1,-1,-1,-1
128,4,121.83,378.98,34.59,23.53,1,-1,-1,-1
128,5,99.89,380.96,29.37,22.75,1,-1,-1,-1
128,6,58.43,374.42,30.73,25.76,1,-1,-1,-1
128,10,135.68,457.91,316.71,207.04,1,-1,-1,-1
129,4,121.76,379.01,34.65,23.53,1,-1,-1,-1
129,5,99.87,381.04,29.41,22.71,1,-1,-1,-1
129,6,58.47,374.44,30.70,25.71,1,-1,-1,-1
129,10,129.71,453.85,300.28,200.68,1,-1,-1,-1
130,4,121.70,379.03,34.72,23.54,1,-1,-1,-1
130,5,99.83,381.11,29.45,22.67,1,-1,-1,-1
130,6,58.46,374.46,30.72,25.66,1,-1,-1,-1
130,10,124.79,449.86,284.88,194.38,1,-1,-1,-1
131,4,121.63,379.06,34.79,23.55,1,-1,-1,-1
131,5,99.79,381.18,29.50,22.63,1,-1,-1,-1
131,6,58.41,374.48,30.79,25.60,1,-1,-1,-1
131,10,120.79,445.95,270.47,188.18,1,-1,-1,-1
132,4,121.56,379.09,34.85,23.56,1,-1,-1,-1
132,5,99.74,381.26,29.56,22.59,1,-1,-1,-1
132,6,58.30,374.48,30.90,25.54,1,-1,-1,-1
132,10,117.52,442.13,257.02,182.14,1,-1,-1,-1
133,4,121.49,379.11,34.92,23.56,1,-1,-1,-1
133,5,99.69,381.33,29.63,22.55,1,-1,-1,-1
133,6,58.14,374.48,31.06,25.48,1,-1,-1,-1
133,10,114.74,438.40,244.56,176.28,1,-1,-1,-1
134,4,121.43,379.14,34.98,23.57,1,-1,-1,-1
134,5,99.63,381.41,29.69,22.51,1,-1,-1,-1
134,6,57.93,374.46,31.26,25.41,1,-1,-1,-1
134,10,112.22,434.78,233.15,170.63,1,-1,-1,-1
135,4,121.36,379.17,35.05,23.58,1,-1,-1,-1
135,5,99.57,381.48,29.76,22.47,1,-1,-1,-1
135,6,57.67,374.43,31.49,25.35,1,-1,-1,-1
135,10,109.71,431.26,222.86,165.23,1,-1,-1,-1
136,4,121.29,379.19,35.11,23.58,1,-1,-1,-1
136,5,99.51,381.55,29.83,22.43,1,-1,-1,-1
136,6,57.36,374.39,31.75,25.27,1,-1,-1,-1
136,10,107.04,427.86,213.72,160.07,1,-1,-1,-1
137,4,121.23,379.22,35.18,23.59,1,-1,-1,-1
137,5,99.45,381.63,29.91,22.38,1,-1,-1,-1
137,6,57.01,374.34,32.05,25.19,1,-1,-1,-1
137,10,104.10,424.59,205.73,155.18,1,-1,-1,-1
138,4,121.16,379.25,35.25,23.60,1,-1,-1,-1
138,5,99.39,381.70,29.98,22.34,1,-1,-1,-1
138,6,56.60,374.28,32.37,25.11,1,-1,-1,-1
138,10,100.87,421.43,198.81,150.54,1,-1,-1,-1
139,4,121.09,379.28,35.31,23.60,1,-1,-1,-1
139,5,99.33,381.78,30.04,22.30,1,-1,-1,-1
139,6,56.14,374.20,32.72,25.03,1,-1,-1,-1
139,10,97.44,418.41,192.80,146.14,1,-1,-1,-1
140,5,99.27,381.85,30.11,22.26,1,-1,-1,-1
140,6,55.63,374.10,33.10,24.94,1,-1,-1,-1
140,10,93.92,415.52,187.49,141.97,1,-1,-1,-1
141,5,99.22,381.93,30.18,22.22,1,-1,-1,-1
141,10,90.44,412.76,182.67,138.00,1,-1,-1,-1
142,5,99.16,382.00,30.25,22.18,1,-1,-1,-1
142,10,87.14,410.13,178.11,134.21,1,-1,-1,-1
143,5,99.11,382.07,30.31,22.14,1,-1,-1,-1
143,10,84.09,407.62,173.63,130.58,1,-1,-1,-1
144,10,81.37,405.22,169.12,127.10,1,-1,-1,-1
145,10,78.96,402.93,164.49,123.76,1,-1,-1,-1
146,10,76.84,400.72,159.77,120.54,1,-1,-1,-1
147,10,74.93,398.60,154.99,117.45,1,-1,-1,-1
148,10,73.18,396.55,150.22,114.47,1,-1,-1,-1
149,10,71.52,394.57,145.51,111.60,1,-1,-1,-1
150,10,69.92,392.65,140.93,108.83,1,-1,-1,-1
151,10,68.36,390.79,136.49,106.16,1,-1,-1,-1
152,10,66.83,388.99,132.23,103.59,1,-1,-1,-1
153,10,65.31,387.24,128.17,101.10,1,-1,-1,-1
154,10,63.77,385.55,124.36,98.69,1,-1,-1,-1
155,7,1925.80,505.15,611.59,341.27,1,-1,-1,-1
155,10,62.18,383.92,120.82,96.35,1,-1,-1,-1
156,7,1793.34,504.23,753.79,342.94,1,-1,-1,-1
156,10,60.49,382.35,117.56,94.07,1,-1,-1,-1
157,7,1665.38,503.51,883.27,344.31,1,-1,-1,-1
157,10,58.68,380.83,114.59,91.85,1,-1,-1,-1
158,7,1542.25,503.01,990.12,345.20,1,-1,-1,-1
158,10,56.73,379.38,111.91,89.68,1,-1,-1,-1
159,7,1424.28,502.77,1062.61,345.44,1,-1,-1,-1
159,10,54.63,377.99,109.50,87.58,1,-1,-1,-1
160,7,1311.65,502.80,1097.02,344.92,1,-1,-1,-1
160,10,52.38,376.65,107.36,85.54,1,-1,-1,-1
161,7,1204.38,503.08,1101.82,343.56,1,-1,-1,-1
161,10,50.01,375.37,105.49,83.59,1,-1,-1,-1
162,7,1102.33,503.59,1088.75,341.36,1,-1,-1,-1
162,10,47.52,374.12,103.90,81.73,1,-1,-1,-1
163,7,1005.30,504.27,1066.00,338.41,1,-1,-1,-1
163,10,44.95,372.92,102.56,79.98,1,-1,-1,-1
164,7,913.08,505.04,1039.82,334.87,1,-1,-1,-1
164,10,42.34,371.74,101.45,78.35,1,-1,-1,-1
165,7,825.52,505.80,1014.43,330.95,1,-1,-1,-1
165,10,39.76,370.59,100.50,76.84,1,-1,-1,-1
166,7,742.61,506.43,991.47,326.86,1,-1,-1,-1
166,10,37.27,369.47,99.63,75.47,1,-1,-1,-1
167,7,664.45,506.80,971.69,322.84,1,-1,-1,-1
167,10,34.94,368.36,98.72,74.23,1,-1,-1,-1
168,7,591.17,506.80,954.04,319.05,1,-1,-1,-1
168,10,32.82,367.26,97.70,73.12,1,-1,-1,-1
169,7,523.00,506.36,936.03,315.63,1,-1,-1,-1
169,8,135.21,369.18,26.08,27.68,1,-1,-1,-1
169,10,30.95,366.19,96.49,72.11,1,-1,-1,-1
170,7,460.12,505.46,915.10,312.62,1,-1,-1,-1
170,8,134.56,369.32,26.65,27.71,1,-1,-1,-1
170,10,29.34,365.13,95.06,71.19,1,-1,-1,-1
171,7,402.74,504.10,888.02,309.97,1,-1,-1,-1
171,8,133.90,369.45,27.23,27.74,1,-1,-1,-1
171,10,27.98,364.08,93.40,70.34,1,-1,-1,-1
172,7,351.01,502.32,851.72,307.57,1,-1,-1,-1
172,8,133.24,369.59,27.81,27.77,1,-1,-1,-1
172,9,93.88,364.91,32.69,36.00,1,-1,-1,-1
172,10,26.84,363.07,91.57,69.54,1,-1,-1,-1
173,7,305.01,500.20,805.96,305.27,1,-1,-1,-1
173,8,132.58,369.73,28.39,27.80,1,-1,-1,-1
173,9,93.83,365.15,32.83,35.73,1,-1,-1,-1
173,10,25.88,362.07,89.60,68.75,1,-1,-1,-1
174,7,264.72,497.82,757.66,302.87,1,-1,-1,-1
174,8,131.92,369.87,28.97,27.83,1,-1,-1,-1
174,9,93.78,365.39,32.98,35.46,1,-1,-1,-1
174,10,25.07,361.11,87.56,67.96,1,-1,-1,-1
175,7,229.96,495.26,716.20,300.17,1,-1,-1,-1
175,8,131.27,370.00,29.55,27.86,1,-1,-1,-1
175,9,93.73,365.63,33.12,35.20,1,-1,-1,-1
175,10,24.40,360.19,85.52,67.16,1,-1,-1,-1
176,7,200.42,492.58,682.72,296.94,1,-1,-1,-1
176,8,130.61,370.14,30.12,27.89,1,-1,-1,-1
176,9,93.68,365.87,33.26,34.93,1,-1,-1,-1
176,10,23.82,359.30,83.54,66.33,1,-1,-1,-1
177,7,175.72,489.83,651.03,292.96,1,-1,-1,-1
177,8,129.95,370.28,30.70,27.92,1,-1,-1,-1
177,9,93.63,366.11,33.41,34.66,1,-1,-1,-1
177,10,23.31,358.47,81.68,65.47,1,-1,-1,-1
178,7,155.49,487.01,615.57,288.05,1,-1,-1,-1
178,8,129.29,370.42,31.28,27.95,1,-1,-1,-1
178,9,93.58,366.35,33.55,34.39,1,-1,-1,-1
178,10,22.85,357.69,79.99,64.57,1,-1,-1,-1
179,7,139.34,484.13,575.44,282.14,1,-1,-1,-1
179,8,128.63,370.55,31.86,27.98,1,-1,-1,-1
179,9,93.53,366.59,33.69,34.12,1,-1,-1,-1
179,10,22.42,356.98,78.53,63.64,1,-1,-1,-1
180,7,126.81,481.15,532.64,275.25,1,-1,-1,-1
180,8,127.97,370.69,32.44,28.01,1,-1,-1,-1
180,9,93.48,366.83,33.84,33.85,1,-1,-1,-1
180,10,21.99,356.35,77.32,62.68,1,-1,-1,-1
181,7,117.44,478.04,490.71,267.49,1,-1,-1,-1
181,8,127.32,370.83,33.02,28.04,1,-1,-1,-1
181,9,93.43,367.07,33.98,33.58,1,-1,-1,-1
181,10,21.52,355.80,76.40,61.70,1,-1,-1,-1
182,7,110.71,474.76,452.05,259.06,1,-1,-1,-1
182,8,126.66,370.97,33.59,28.07,1,-1,-1,-1
182,9,93.38,367.31,34.12,33.31,1,-1,-1,-1
182,10,21.02,355.35,75.79,60.70,1,-1,-1,-1
183,7,106.12,471.24,417.25,250.20,1,-1,-1,-1
183,8,126.00,371.10,34.17,28.10,1,-1,-1,-1
183,9,93.33,367.55,34.27,33.04,1,-1,-1,-1
183,10,20.47,355.00,75.45,59.68,1,-1,-1,-1
184,7,103.20,467.47,386.41,241.15,1,-1,-1,-1
184,8,125.34,371.24,34.75,28.13,1,-1,-1,-1
184,9,93.28,367.79,34.41,32.77,1,-1,-1,-1
184,10,19.92,354.77,75.34,58.63,1,-1,-1,-1
185,7,101.52,463.44,359.50,232.16,1,-1,-1,-1
185,8,124.68,371.38,35.33,28.16,1,-1,-1,-1
185,9,93.23,368.03,34.55,32.51,1,-1,-1,-1
185,10,19.38,354.66,75.40,57.56,1,-1,-1,-1
186,7,100.67,459.16,335.80,223.43,1,-1,-1,-1
186,8,124.03,371.52,35.91,28.19,1,-1,-1,-1
186,9,93.18,368.28,34.70,32.24,1,-1,-1,-1
186,10,18.89,354.66,75.55,56.46,1,-1,-1,-1
187,7,100.30,454.69,313.68,215.14,1,-1,-1,-1
187,8,123.37,371.65,36.49,28.22,1,-1,-1,-1
187,9,93.13,368.52,34.84,31.97,1,-1,-1,-1
187,10,18.49,354.78,75.72,55.33,1,-1,-1,-1
188,7,100.14,450.09,291.95,207.41,1,-1,-1,-1
188,8,122.71,371.79,37.06,28.25,1,-1,-1,-1
188,9,93.08,368.76,34.98,31.70,1,-1,-1,-1
188,10,18.21,355.02,75.84,54.16,1,-1,-1,-1
189,7,99.97,445.44,271.13,200.31,1,-1,-1,-1
189,8,122.05,371.93,37.64,28.28,1,-1,-1,-1
189,9,93.03,369.00,35.12,31.43,1,-1,-1,-1
189,10,18.09,355.36,75.83,52.95,1,-1,-1,-1
190,7,99.64,440.80,252.96,193.86,1,-1,-1,-1
190,8,121.39,372.07,38.22,28.31,1,-1,-1,-1
190,9,92.98,369.24,35.27,31.16,1,-1,-1,-1
190,10,18.18,355.81,75.60,51.69,1,-1,-1,-1
191,7,99.02,436.24,238.50,188.03,1,-1,-1,-1
191,8,120.73,372.20,38.80,28.34,1,-1,-1,-1
191,9,92.93,369.48,35.41,30.89,1,-1,-1,-1
191,10,18.54,356.36,75.06,50.39,1,-1,-1,-1
192,7,98.03,431.82,227.18,182.75,1,-1,-1,-1
192,8,120.08,372.34,39.38,28.37,1,-1,-1,-1
192,9,92.88,369.72,35.55,30.62,1,-1,-1,-1
192,10,19.21,357.00,74.14,49.04,1,-1,-1,-1
193,7,96.61,427.59,217.53,177.95,1,-1,-1,-1
193,8,119.42,372.48,39.96,28.40,1,-1,-1,-1
193,9,92.83,369.96,35.70,30.35,1,-1,-1,-1
193,10,20.23,357.71,72.77,47.63,1,-1,-1,-1
194,7,94.81,423.58,208.12,173.53,1,-1,-1,-1
194,8,118.76,372.62,40.53,28.43,1,-1,-1,-1
194,9,92.78,370.20,35.84,30.09,1,-1,-1,-1
194,10,21.59,358.50,70.92,46.18,1,-1,-1,-1
195,7,92.69,419.84,198.79,169.37,1,-1,-1,-1
195,8,118.10,372.75,41.11,28.46,1,-1,-1,-1
195,9,92.73,370.44,35.98,29.82,1,-1,-1,-1
195,10,23.29,359.35,68.59,44.68,1,-1,-1,-1
196,7,90.37,416.37,190.89,165.39,1,-1,-1,-1
196,8,117.44,372.89,41.69,28.49,1,-1,-1,-1
196,9,92.68,370.68,36.13,29.55,1,-1,-1,-1
196,10,25.29,360.23,65.84,43.13,1,-1,-1,-1
197,7,87.96,413.18,186.20,161.50,1,-1,-1,-1
197,8,116.79,373.03,42.27,28.52,1,-1,-1,-1
197,9,92.63,370.92,36.27,29.28,1,-1,-1,-1
197,10,27.50,361.15,62.73,41.54,1,-1,-1,-1
198,7,85.57,410.25,185.13,157.63,1,-1,-1,-1
198,9,92.58,371.16,36.41,29.01,1,-1,-1,-1
198,10,29.81,362.07,59.38,39.91,1,-1,-1,-1
199,7,83.32,407.56,186.00,153.72,1,-1,-1,-1
199,9,92.53,371.40,36.56,28.74,1,-1,-1,-1
199,10,32.12,362.99,55.94,38.26,1,-1,-1,-1
200,7,81.27,405.08,186.18,149.76,1,-1,-1,-1
200,9,92.48,371.65,36.70,28.47,1,-1,-1,-1
200,10,34.29,363.89,52.52,36.57,1,-1,-1,-1
201,7,79.50,402.75,184.18,145.75,1,-1,-1,-1
201,9,92.43,371.89,36.84,28.20,1,-1,-1,-1
201,10,36.20,364.74,49.23,34.87,1,-1,-1,-1
202,7,77.97,400.55,179.88,141.74,1,-1,-1,-1
202,9,92.38,372.13,36.99,27.93,1,-1,-1,-1
202,10,37.79,365.53,46.15,33.15,1,-1,-1,-1
202,11,2329.30,535.29,228.17,302.00,1,-1,-1,-1
203,7,76.63,398.42,173.90,137.77,1,-1,-1,-1
203,10,38.97,366.26,43.32,31.41,1,-1,-1,-1
203,11,2181.11,523.70,373.87,313.64,1,-1,-1,-1
204,7,75.33,396.32,167.32,133.89,1,-1,-1,-1
204,10,39.72,366.90,40.76,29.65,1,-1,-1,-1
204,11,2032.48,512.70,518.27,324.56,1,-1,-1,-1
205,7,73.95,394.24,161.24,130.14,1,-1,-1,-1
205,11,1883.92,502.91,662.85,334.05,1,-1,-1,-1
206,7,72.34,392.16,156.06,126.56,1,-1,-1,-1
206,11,1736.32,494.75,812.07,341.63,1,-1,-1,-1
207,7,70.46,390.06,151.54,123.17,1,-1,-1,-1
207,11,1591.13,488.42,960.93,347.07,1,-1,-1,-1
208,7,68.28,387.97,147.20,119.98,1,-1,-1,-1
208,11,1450.34,483.94,1079.55,350.30,1,-1,-1,-1
209,7,65.87,385.91,142.82,116.97,1,-1,-1,-1
209,11,1316.08,481.15,1133.99,351.46,1,-1,-1,-1
210,7,63.31,383.89,138.45,114.11,1,-1,-1,-1
210,11,1190.03,479.75,1125.22,350.82,1,-1,-1,-1
211,7,60.71,381.97,134.24,111.36,1,-1,-1,-1
211,11,1072.75,479.43,1085.48,348.68,1,-1,-1,-1
212,7,58.15,380.16,130.33,108.66,1,-1,-1,-1
212,11,963.85,479.88,1044.74,345.34,1,-1,-1,-1
213,7,55.70,378.48,126.85,105.99,1,-1,-1,-1
213,11,862.49,480.83,1015.31,341.08,1,-1,-1,-1
214,7,53.42,376.96,123.85,103.29,1,-1,-1,-1
214,11,768.07,481.92,994.42,336.25,1,-1,-1,-1
215,7,51.31,375.58,121.35,100.55,1,-1,-1,-1
215,11,680.36,482.80,974.05,331.17,1,-1,-1,-1
216,7,49.38,374.32,119.19,97.77,1,-1,-1,-1
216,11,599.35,483.21,947.49,326.06,1,-1,-1,-1
217,7,47.58,373.16,116.72,94.97,1,-1,-1,-1
217,11,525.10,482.99,907.69,321.03,1,-1,-1,-1
218,7,45.83,372.08,113.21,92.21,1,-1,-1,-1
218,11,457.67,482.04,858.51,316.09,1,-1,-1,-1
219,7,44.04,371.03,108.74,89.54,1,-1,-1,-1
219,11,396.96,480.37,810.94,311.17,1,-1,-1,-1
220,7,42.13,370.00,104.51,87.02,1,-1,-1,-1
220,11,342.74,478.02,769.91,306.12,1,-1,-1,-1
221,7,40.09,368.96,101.64,84.73,1,-1,-1,-1
221,11,294.73,475.14,731.08,300.79,1,-1,-1,-1
222,7,37.92,367.89,100.33,82.71,1,-1,-1,-1
222,11,252.86,471.86,689.28,295.01,1,-1,-1,-1
223,7,35.68,366.79,99.98,80.96,1,-1,-1,-1
223,11,217.34,468.33,644.28,288.67,1,-1,-1,-1
224,7,33.47,365.65,99.69,79.50,1,-1,-1,-1
224,11,188.39,464.68,601.03,281.73,1,-1,-1,-1
225,7,31.38,364.47,98.96,78.29,1,-1,-1,-1
225,11,165.81,461.01,559.28,274.19,1,-1,-1,-1
226,7,29.49,363.26,97.99,77.28,1,-1,-1,-1
226,11,148.95,457.32,518.92,266.14,1,-1,-1,-1
227,7,27.83,362.03,97.15,76.39,1,-1,-1,-1
227,11,136.91,453.59,480.85,257.75,1,-1,-1,-1
228,7,26.38,360.81,96.46,75.56,1,-1,-1,-1
228,11,128.56,449.75,442.56,249.18,1,-1,-1,-1
229,7,25.12,359.60,95.53,74.70,1,-1,-1,-1
229,11,122.76,445.75,404.65,240.59,1,-1,-1,-1
230,7,23.96,358.43,94.13,73.75,1,-1,-1,-1
230,11,118.47,441.62,369.76,232.07,1,-1,-1,-1
231,7,22.85,357.32,92.23,72.65,1,-1,-1,-1
231,11,114.87,437.42,338.65,223.65,1,-1,-1,-1
232,7,21.75,356.30,89.97,71.36,1,-1,-1,-1
232,11,111.37,433.22,313.26,215.36,1,-1,-1,-1
233,7,20.64,355.41,87.68,69.87,1,-1,-1,-1
233,11,107.69,429.12,294.57,207.20,1,-1,-1,-1
234,7,19.51,354.70,85.63,68.19,1,-1,-1,-1
234,11,103.82,425.18,278.45,199.23,1,-1,-1,-1
235,7,18.41,354.20,83.99,66.35,1,-1,-1,-1
235,11,99.96,421.42,261.69,191.50,1,-1,-1,-1
235,13,1690.09,586.17,871.21,260.86,1,-1,-1,-1
236,7,17.36,353.94,82.95,64.37,1,-1,-1,-1
236,11,96.28,417.80,245.16,184.13,1,-1,-1,-1
236,13,1553.64,584.90,884.93,260.49,1,-1,-1,-1
237,7,16.44,353.95,82.52,62.27,1,-1,-1,-1
237,11,92.85,414.25,230.57,177.23,1,-1,-1,-1
237,13,1424.59,583.52,893.13,259.92,1,-1,-1,-1
238,7,15.69,354.22,82.48,60.10,1,-1,-1,-1
238,11,89.70,410.69,217.64,170.90,1,-1,-1,-1
238,13,1303.20,582.03,895.75,259.13,1,-1,-1,-1
239,7,15.18,354.73,82.42,57.86,1,-1,-1,-1
239,11,86.87,407.10,206.60,165.16,1,-1,-1,-1
239,13,1189.66,580.40,892.77,258.09,1,-1,-1,-1
240,7,14.97,355.46,81.93,55.59,1,-1,-1,-1
240,11,84.40,403.51,198.97,159.96,1,-1,-1,-1
240,13,1083.99,578.64,884.32,256.79,1,-1,-1,-1
241,7,15.09,356.36,80.72,53.31,1,-1,-1,-1
241,11,82.29,400.00,195.00,155.19,1,-1,-1,-1
241,13,986.03,576.72,870.65,255.20,1,-1,-1,-1
242,7,15.57,357.38,78.64,51.06,1,-1,-1,-1
242,11,80.44,396.65,192.84,150.73,1,-1,-1,-1
242,13,895.47,574.65,852.18,253.31,1,-1,-1,-1
243,7,16.41,358.47,75.71,48.86,1,-1,-1,-1
243,11,78.65,393.54,189.64,146.47,1,-1,-1,-1
243,13,811.91,572.41,829.38,251.11,1,-1,-1,-1
244,7,17.59,359.58,72.34,46.75,1,-1,-1,-1
244,11,76.74,390.70,183.49,142.37,1,-1,-1,-1
244,13,734.96,569.99,802.78,248.59,1,-1,-1,-1
245,7,19.08,360.65,69.22,44.75,1,-1,-1,-1
245,11,74.60,388.09,175.06,138.42,1,-1,-1,-1
245,13,664.31,567.37,772.90,245.76,1,-1,-1,-1
246,7,20.82,361.62,66.69,42.89,1,-1,-1,-1
246,11,72.19,385.69,166.90,134.65,1,-1,-1,-1
246,13,599.79,564.54,740.24,242.61,1,-1,-1,-1
247,7,22.77,362.47,64.32,41.18,1,-1,-1,-1
247,11,69.56,383.43,161.72,131.09,1,-1,-1,-1
247,13,541.31,561.51,705.27,239.16,1,-1,-1,-1
248,7,24.86,363.15,61.48,39.63,1,-1,-1,-1
248,11,66.80,381.28,158.66,127.75,1,-1,-1,-1
248,13,488.85,558.25,668.48,235.42,1,-1,-1,-1
249,7,27.00,363.62,58.14,38.22,1,-1,-1,-1
249,11,64.01,379.23,155.72,124.59,1,-1,-1,-1
249,13,442.39,554.78,630.41,231.41,1,-1,-1,-1
250,7,29.15,363.88,54.41,36.92,1,-1,-1,-1
250,11,61.34,377.29,152.04,121.55,1,-1,-1,-1
250,13,401.87,551.10,591.61,227.16,1,-1,-1,-1
251,7,31.23,363.89,50.07,35.71,1,-1,-1,-1
251,11,58.90,375.51,147.72,118.57,1,-1,-1,-1
251,13,367.13,547.20,552.68,222.69,1,-1,-1,-1
252,7,33.19,363.66,44.52,34.54,1,-1,-1,-1
252,11,56.71,373.93,142.91,115.53,1,-1,-1,-1
252,13,337.87,543.10,514.23,218.02,1,-1,-1,-1
253,11,54.69,372.61,137.96,112.37,1,-1,-1,-1
253,13,313.61,538.81,476.90,213.20,1,-1,-1,-1
254,11,52.70,371.54,133.86,109.05,1,-1,-1,-1
254,13,293.73,534.35,441.30,208.24,1,-1,-1,-1
255,11,50.63,370.70,131.00,105.62,1,-1,-1,-1
255,13,277.50,529.73,408.01,203.18,1,-1,-1,-1
256,11,48.44,369.99,128.54,102.14,1,-1,-1,-1
256,13,264.13,524.97,377.49,198.07,1,-1,-1,-1
257,11,46.12,369.32,125.11,98.74,1,-1,-1,-1
257,13,252.78,520.09,350.15,192.93,1,-1,-1,-1
258,11,43.70,368.58,119.96,95.54,1,-1,-1,-1
258,13,242.66,515.11,326.29,187.80,1,-1,-1,-1
259,11,41.21,367.71,114.41,92.61,1,-1,-1,-1
259,13,233.10,510.06,306.03,182.71,1,-1,-1,-1
260,11,38.67,366.66,110.39,90.02,1,-1,-1,-1
260,13,223.57,504.95,289.31,177.70,1,-1,-1,-1
261,11,36.20,365.42,108.04,87.81,1,-1,-1,-1
261,13,213.77,499.81,275.86,172.78,1,-1,-1,-1
262,11,33.92,363.99,106.47,85.98,1,-1,-1,-1
262,13,203.56,494.67,265.21,167.98,1,-1,-1,-1
263,11,31.96,362.42,105.10,84.48,1,-1,-1,-1
263,13,192.96,489.54,256.77,163.32,1,-1,-1,-1
264,11,30.36,360.76,103.90,83.26,1,-1,-1,-1
264,13,182.09,484.44,249.88,158.81,1,-1,-1,-1
265,11,29.08,359.09,103.03,82.23,1,-1,-1,-1
265,13,171.13,479.41,243.90,154.46,1,-1,-1,-1
266,11,28.00,357.49,101.84,81.28,1,-1,-1,-1
266,13,160.32,474.46,238.26,150.28,1,-1,-1,-1
267,11,26.93,356.03,99.73,80.33,1,-1,-1,-1
267,13,149.88,469.61,232.53,146.27,1,-1,-1,-1
268,11,25.74,354.75,97.12,79.29,1,-1,-1,-1
268,13,139.98,464.88,226.45,142.44,1,-1,-1,-1
269,11,24.39,353.69,94.87,78.12,1,-1,-1,-1
269,12,132.26,368.49,32.29,30.86,1,-1,-1,-1
269,13,130.72,460.28,219.90,138.76,1,-1,-1,-1
270,11,22.92,352.83,93.33,76.80,1,-1,-1,-1
270,12,131.43,369.02,32.62,30.55,1,-1,-1,-1
270,13,122.15,455.83,212.94,135.25,1,-1,-1,-1
271,11,21.45,352.16,91.32,75.33,1,-1,-1,-1
271,12,130.60,369.55,32.95,30.24,1,-1,-1,-1
271,13,114.27,451.53,205.69,131.87,1,-1,-1,-1
272,11,20.07,351.67,88.13,73.73,1,-1,-1,-1
272,12,129.76,370.07,33.27,29.93,1,-1,-1,-1
272,13,107.04,447.40,198.33,128.64,1,-1,-1,-1
273,11,18.85,351.35,84.82,72.03,1,-1,-1,-1
273,12,128.93,370.60,33.60,29.63,1,-1,-1,-1
273,13,100.45,443.44,191.02,125.52,1,-1,-1,-1
274,11,17.78,351.20,82.70,70.25,1,-1,-1,-1
274,12,128.10,371.13,33.93,29.32,1,-1,-1,-1
274,13,94.48,439.65,183.90,122.52,1,-1,-1,-1
275,11,16.85,351.22,81.83,68.42,1,-1,-1,-1
275,12,127.27,371.66,34.26,29.01,1,-1,-1,-1
275,13,89.11,436.03,177.07,119.62,1,-1,-1,-1
276,11,16.02,351.39,81.21,66.57,1,-1,-1,-1
276,12,126.44,372.19,34.59,28.70,1,-1,-1,-1
276,13,84.32,432.58,170.57,116.81,1,-1,-1,-1
277,11,15.23,351.68,80.24,64.73,1,-1,-1,-1
277,12,125.61,372.72,34.92,28.40,1,-1,-1,-1
277,13,80.10,429.28,164.43,114.08,1,-1,-1,-1
278,11,14.51,352.10,79.26,62.91,1,-1,-1,-1
278,12,124.78,373.25,35.25,28.09,1,-1,-1,-1
278,13,76.39,426.15,158.66,111.43,1,-1,-1,-1
279,11,13.96,352.64,78.73,61.09,1,-1,-1,-1
279,12,123.95,373.78,35.58,27.78,1,-1,-1,-1
279,13,73.15,423.15,153.25,108.85,1,-1,-1,-1
280,11,13.74,353.33,78.62,59.20,1,-1,-1,-1
280,12,123.12,374.31,35.91,27.47,1,-1,-1,-1
280,13,70.32,420.30,148.17,106.33,1,-1,-1,-1
281,11,14.08,354.19,78.30,57.20,1,-1,-1,-1
281,12,122.29,374.84,36.24,27.16,1,-1,-1,-1
281,13,67.83,417.57,143.40,103.86,1,-1,-1,-1
282,11,15.18,355.22,77.11,55.04,1,-1,-1,-1
282,12,121.46,375.37,36.57,26.86,1,-1,-1,-1
282,13,65.57,414.95,138.89,101.46,1,-1,-1,-1
283,11,17.17,356.37,74.41,52.73,1,-1,-1,-1
283,13,63.46,412.44,134.61,99.10,1,-1,-1,-1
284,11,20.02,357.56,70.23,50.32,1,-1,-1,-1
284,13,61.41,410.02,130.52,96.80,1,-1,-1,-1
285,11,23.58,358.66,65.58,47.90,1,-1,-1,-1
285,13,59.37,407.68,126.57,94.54,1,-1,-1,-1
286,11,27.58,359.52,61.21,45.60,1,-1,-1,-1
286,13,57.32,405.43,122.74,92.34,1,-1,-1,-1
287,11,31.70,359.99,57.00,43.55,1,-1,-1,-1
287,13,55.26,403.24,119.00,90.19,1,-1,-1,-1
288,11,35.66,359.95,51.24,41.85,1,-1,-1,-1
288,13,53.20,401.11,115.37,88.09,1,-1,-1,-1
289,13,51.16,399.03,111.90,86.05,1,-1,-1,-1
290,13,49.11,397.01,108.67,84.07,1,-1,-1,-1
291,13,47.05,395.03,105.72,82.16,1,-1,-1,-1
292,13,44.98,393.10,103.07,80.30,1,-1,-1,-1
293,13,42.92,391.21,100.69,78.52,1,-1,-1,-1
294,13,40.90,389.37,98.51,76.79,1,-1,-1,-1
295,13,38.96,387.56,96.46,75.14,1,-1,-1,-1
296,13,37.15,385.80,94.46,73.55,1,-1,-1,-1
297,13,35.49,384.08,92.46,72.03,1,-1,-1,-1
298,13,33.97,382.41,90.47,70.57,1,-1,-1,-1
299,13,32.57,380.79,88.53,69.16,1,-1,-1,-1
300,13,31.24,379.23,86.67,67.80,1,-1,-1,-1
301,13,29.90,377.72,84.97,66.49,1,-1,-1,-1
302,13,28.48,376.28,83.48,65.22,1,-1,-1,-1
303,13,26.93,374.91,82.24,63.97,1,-1,-1,-1
303,14,125.24,373.74,34.44,27.72,1,-1,-1,-1
303,15,97.52,373.95,31.66,27.21,1,-1,-1,-1
304,13,25.23,373.61,81.27,62.74,1,-1,-1,-1
304,14,125.23,373.78,34.44,27.70,1,-1,-1,-1
304,15,97.53,374.01,31.65,27.18,1,-1,-1,-1
305,13,23.39,372.38,80.55,61.52,1,-1,-1,-1
305,14,125.21,373.81,34.44,27.68,1,-1,-1,-1
305,15,97.54,374.06,31.63,27.15,1,-1,-1,-1
306,13,21.48,371.24,80.03,60.29,1,-1,-1,-1
306,14,125.20,373.85,34.44,27.66,1,-1,-1,-1
306,15,97.55,374.12,31.61,27.11,1,-1,-1,-1
307,13,19.62,370.18,79.61,59.06,1,-1,-1,-1
307,14,125.19,373.88,34.44,27.64,1,-1,-1,-1
307,15,97.56,374.17,31.59,27.08,1,-1,-1,-1
308,13,17.92,369.21,79.20,57.80,1,-1,-1,-1
308,14,125.17,373.92,34.44,27.62,1,-1,-1,-1
308,15,97.57,374.23,31.57,27.05,1,-1,-1,-1
309,13,16.51,368.33,78.71,56.52,1,-1,-1,-1
309,14,125.16,373.95,34.44,27.60,1,-1,-1,-1
309,15,97.58,374.29,31.56,27.02,1,-1,-1,-1
310,13,15.51,367.53,78.07,55.21,1,-1,-1,-1
310,14,125.15,373.99,34.44,27.58,1,-1,-1,-1
310,15,97.58,374.34,31.54,26.98,1,-1,-1,-1
311,13,15.01,366.84,77.20,53.86,1,-1,-1,-1
311,14,125.13,374.02,34.44,27.55,1,-1,-1,-1
311,15,97.59,374.40,31.52,26.95,1,-1,-1,-1
312,13,15.05,366.23,76.05,52.48,1,-1,-1,-1
312,14,125.12,374.06,34.44,27.53,1,-1,-1,-1
312,15,97.60,374.45,31.50,26.92,1,-1,-1,-1
313,13,15.69,365.72,74.59,51.07,1,-1,-1,-1
313,14,125.11,374.09,34.43,27.51,1,-1,-1,-1
313,15,97.61,374.51,31.48,26.88,1,-1,-1,-1
314,13,16.89,365.31,72.80,49.64,1,-1,-1,-1
314,14,125.09,374.13,34.43,27.49,1,-1,-1,-1
314,15,97.62,374.57,31.46,26.85,1,-1,-1,-1
315,13,18.60,364.98,70.68,48.18,1,-1,-1,-1
315,14,125.08,374.16,34.43,27.47,1,-1,-1,-1
315,15,97.63,374.62,31.45,26.82,1,-1,-1,-1
316,13,20.74,364.75,68.26,46.72,1,-1,-1,-1
316,14,125.07,374.20,34.43,27.45,1,-1,-1,-1
316,15,97.64,374.68,31.43,26.79,1,-1,-1,-1
317,13,23.23,364.61,65.57,45.27,1,-1,-1,-1
317,14,125.05,374.23,34.43,27.43,1,-1,-1,-1
317,15,97.65,374.73,31.41,26.75,1,-1,-1,-1
318,13,25.98,364.56,62.65,43.82,1,-1,-1,-1
318,14,125.04,374.27,34.43,27.41,1,-1,-1,-1
318,15,97.66,374.79,31.39,26.72,1,-1,-1,-1
319,13,28.89,364.58,59.56,42.40,1,-1,-1,-1
319,14,125.03,374.30,34.43,27.39,1,-1,-1,-1
319,15,97.67,374.85,31.37,26.69,1,-1,-1,-1
320,13,31.88,364.69,56.37,41.01,1,-1,-1,-1
320,14,125.02,374.34,34.43,27.37,1,-1,-1,-1
320,15,97.68,374.90,31.35,26.65,1,-1,-1,-1
321,13,34.81,364.86,53.21,39.67,1,-1,-1,-1
321,14,125.00,374.37,34.43,27.34,1,-1,-1,-1
321,15,97.69,374.96,31.34,26.62,1,-1,-1,-1
321,16,2.47,358.42,60.40,45.97,1,-1,-1,-1
322,13,37.58,365.10,50.18,38.38,1,-1,-1,-1
322,14,124.99,374.41,34.42,27.32,1,-1,-1,-1
322,15,97.70,375.01,31.32,26.59,1,-1,-1,-1
322,16,2.98,359.10,59.29,44.90,1,-1,-1,-1
323,13,40.07,365.40,47.44,37.17,1,-1,-1,-1
323,14,124.98,374.44,34.42,27.30,1,-1,-1,-1
323,15,97.71,375.07,31.30,26.55,1,-1,-1,-1
323,16,3.49,359.79,58.19,43.82,1,-1,-1,-1
324,13,42.17,365.74,45.08,36.02,1,-1,-1,-1
324,14,124.96,374.48,34.42,27.28,1,-1,-1,-1
324,15,97.72,375.13,31.28,26.52,1,-1,-1,-1
324,16,4.01,360.48,57.08,42.75,1,-1,-1,-1
325,13,43.85,366.12,43.19,34.95,1,-1,-1,-1
325,14,124.95,374.51,34.42,27.26,1,-1,-1,-1
325,15,97.73,375.18,31.26,26.49,1,-1,-1,-1
325,16,4.52,361.16,55.98,41.68,1,-1,-1,-1
326,13,45.11,366.53,41.78,33.97,1,-1,-1,-1
326,14,124.94,374.55,34.42,27.24,1,-1,-1,-1
326,15,97.74,375.24,31.25,26.46,1,-1,-1,-1
326,16,5.03,361.85,54.87,40.61,1,-1,-1,-1
327,13,45.99,366.96,40.83,33.07,1,-1,-1,-1
327,14,124.92,374.58,34.42,27.22,1,-1,-1,-1
327,15,97.75,375.29,31.23,26.42,1,-1,-1,-1
327,16,5.54,362.54,53.77,39.54,1,-1,-1,-1
328,13,46.56,367.41,40.30,32.26,1,-1,-1,-1
328,14,124.91,374.62,34.42,27.20,1,-1,-1,-1
328,15,97.76,375.35,31.21,26.39,1,-1,-1,-1
328,16,6.05,363.23,52.66,38.47,1,-1,-1,-1
329,13,46.90,367.87,40.10,31.53,1,-1,-1,-1
329,14,124.90,374.65,34.42,27.18,1,-1,-1,-1
329,15,97.77,375.40,31.19,26.36,1,-1,-1,-1
329,16,6.56,363.91,51.56,37.40,1,-1,-1,-1
330,13,47.09,368.32,40.15,30.88,1,-1,-1,-1
330,14,124.88,374.69,34.42,27.15,1,-1,-1,-1
330,15,97.78,375.46,31.17,26.32,1,-1,-1,-1
330,16,7.07,364.60,50.46,36.32,1,-1,-1,-1
331,13,47.20,368.77,40.34,30.31,1,-1,-1,-1
331,14,124.87,374.72,34.42,27.13,1,-1,-1,-1
331,15,97.79,375.52,31.15,26.29,1,-1,-1,-1
331,16,7.58,365.29,49.35,35.25,1,-1,-1,-1
332,13,47.32,369.21,40.60,29.81,1,-1,-1,-1
332,14,124.86,374.76,34.41,27.11,1,-1,-1,-1
332,15,97.80,375.57,31.14,26.26,1,-1,-1,-1
332,16,8.09,365.97,48.25,34.18,1,-1,-1,-1
333,13,47.47,369.64,40.84,29.37,1,-1,-1,-1
333,14,124.84,374.79,34.41,27.09,1,-1,-1,-1
333,15,97.81,375.63,31.12,26.23,1,-1,-1,-1
333,16,8.60,366.66,47.14,33.11,1,-1,-1,-1
334,13,47.69,370.04,40.99,29.00,1,-1,-1,-1
334,14,124.83,374.83,34.41,27.07,1,-1,-1,-1
334,15,97.82,375.68,31.10,26.19,1,-1,-1,-1
335,13,48.02,370.43,41.00,28.68,1,-1,-1,-1
335,14,124.82,374.86,34.41,27.05,1,-1,-1,-1
335,15,97.83,375.74,31.08,26.16,1,-1,-1,-1
336,13,48.48,370.79,40.82,28.40,1,-1,-1,-1
336,14,124.80,374.90,34.41,27.03,1,-1,-1,-1
336,15,97.84,375.80,31.06,26.13,1,-1,-1,-1
337,13,49.08,371.13,40.43,28.16,1,-1,-1,-1
337,14,124.79,374.93,34.41,27.01,1,-1,-1,-1
337,15,97.85,375.85,31.04,26.09,1,-1,-1,-1
338,13,49.83,371.44,39.81,27.96,1,-1,-1,-1
338,14,124.78,374.97,34.41,26.99,1,-1,-1,-1
338,15,97.86,375.91,31.03,26.06,1,-1,-1,-1
339,13,50.71,371.73,39.00,27.79,1,-1,-1,-1
339,14,124.76,375.00,34.41,26.96,1,-1,-1,-1
339,15,97.87,375.96,31.01,26.03,1,-1,-1,-1
340,13,51.70,371.99,38.02,27.64,1,-1,-1,-1
340,14,124.75,375.04,34.41,26.94,1,-1,-1,-1
340,15,97.88,376.02,30.99,25.99,1,-1,-1,-1
341,13,52.73,372.22,36.96,27.51,1,-1,-1,-1
341,14,124.74,375.07,34.40,26.92,1,-1,-1,-1
341,15,97.89,376.08,30.97,25.96,1,-1,-1,-1
342,13,53.73,372.43,35.88,27.40,1,-1,-1,-1
342,14,124.72,375.11,34.40,26.90,1,-1,-1,-1
342,15,97.90,376.13,30.95,25.93,1,-1,-1,-1
343,13,54.64,372.62,34.87,27.30,1,-1,-1,-1
343,14,124.71,375.14,34.40,26.88,1,-1,-1,-1
343,15,97.91,376.19,30.94,25.90,1,-1,-1,-1
344,13,55.39,372.78,33.98,27.22,1,-1,-1,-1
344,14,124.70,375.18,34.40,26.86,1,-1,-1,-1
344,15,97.92,376.24,30.92,25.86,1,-1,-1,-1
345,13,55.94,372.91,33.27,27.15,1,-1,-1,-1
345,14,124.68,375.21,34.40,26.84,1,-1,-1,-1
345,15,97.93,376.30,30.90,25.83,1,-1,-1,-1
346,13,56.28,373.02,32.74,27.09,1,-1,-1,-1
346,14,124.67,375.25,34.40,26.82,1,-1,-1,-1
346,15,97.94,376.36,30.88,25.80,1,-1,-1,-1
347,13,56.43,373.11,32.41,27.04,1,-1,-1,-1
347,14,124.66,375.28,34.40,26.80,1,-1,-1,-1
347,15,97.95,376.41,30.86,25.76,1,-1,-1,-1
348,13,56.41,373.18,32.23,27.00,1,-1,-1,-1
348,14,124.64,375.32,34.40,26.77,1,-1,-1,-1
348,15,97.96,376.47,30.84,25.73,1,-1,-1,-1
349,13,56.28,373.24,32.18,26.96,1,-1,-1,-1
349,14,124.63,375.35,34.40,26.75,1,-1,-1,-1
349,15,97.97,376.52,30.83,25.70,1,-1,-1,-1
350,13,56.08,373.27,32.20,26.94,1,-1,-1,-1
350,14,124.62,375.39,34.40,26.73,1,-1,-1,-1
350,15,97.98,376.58,30.81,25.67,1,-1,-1,-1
351,13,55.88,373.30,32.26,26.92,1,-1,-1,-1
351,14,124.60,375.42,34.39,26.71,1,-1,-1,-1
351,15,97.99,376.64,30.79,25.63,1,-1,-1,-1
352,13,55.71,373.31,32.31,26.90,1,-1,-1,-1
352,14,124.59,375.46,34.39,26.69,1,-1,-1,-1
352,15,98.00,376.69,30.77,25.60,1,-1,-1,-1
353,13,55.60,373.31,32.32,26.89,1,-1,-1,-1
353,14,124.58,375.49,34.39,26.67,1,-1,-1,-1
353,15,98.01,376.75,30.75,25.57,1,-1,-1,-1
354,13,55.55,373.30,32.30,26.88,1,-1,-1,-1
354,14,124.56,375.53,34.39,26.65,1,-1,-1,-1
354,15,98.02,376.80,30.74,25.53,1,-1,-1,-1
355,13,55.55,373.29,32.24,26.87,1,-1,-1,-1
355,14,124.55,375.56,34.39,26.63,1,-1,-1,-1
355,15,98.03,376.86,30.72,25.50,1,-1,-1,-1
356,13,55.58,373.28,32.16,26.87,1,-1,-1,-1
356,14,124.54,375.59,34.39,26.61,1,-1,-1,-1
356,15,98.04,376.92,30.70,25.47,1,-1,-1,-1
357,13,55.64,373.26,32.07,26.87,1,-1,-1,-1
357,14,124.52,375.63,34.39,26.59,1,-1,-1,-1
357,15,98.05,376.97,30.68,25.44,1,-1,-1,-1
358,13,55.71,373.25,31.99,26.87,1,-1,-1,-1
358,14,124.51,375.66,34.39,26.56,1,-1,-1,-1
358,15,98.06,377.03,30.66,25.40,1,-1,-1,-1
359,13,55.78,373.24,31.93,26.87,1,-1,-1,-1
359,14,124.50,375.70,34.39,26.54,1,-1,-1,-1
359,15,98.07,377.08,30.64,25.37,1,-1,-1,-1
360,13,55.84,373.23,31.91,26.87,1,-1,-1,-1
360,14,124.49,375.73,34.38,26.52,1,-1,-1,-1
360,15,98.08,377.14,30.63,25.34,1,-1,-1,-1
361,13,55.90,373.22,31.91,26.86,1,-1,-1,-1
361,14,124.47,375.77,34.38,26.50,1,-1,-1,-1
361,15,98.08,377.20,30.61,25.30,1,-1,-1,-1
362,13,55.96,373.22,31.95,26.86,1,-1,-1,-1
362,14,124.46,375.80,34.38,26.48,1,-1,-1,-1
362,15,98.09,377.25,30.59,25.27,1,-1,-1,-1
363,13,56.02,373.22,32.01,26.86,1,-1,-1,-1
363,14,124.45,375.84,34.38,26.46,1,-1,-1,-1
363,15,98.10,377.31,30.57,25.24,1,-1,-1,-1
364,13,56.07,373.23,32.10,26.86,1,-1,-1,-1
364,14,124.43,375.87,34.38,26.44,1,-1,-1,-1
364,15,98.11,377.36,30.55,25.20,1,-1,-1,-1
365,13,56.11,373.25,32.19,26.85,1,-1,-1,-1
365,14,124.42,375.91,34.38,26.42,1,-1,-1,-1
365,15,98.12,377.42,30.53,25.17,1,-1,-1,-1
366,13,56.12,373.26,32.31,26.85,1,-1,-1,-1
366,14,124.41,375.94,34.38,26.40,1,-1,-1,-1
366,15,98.13,377.48,30.52,25.14,1,-1,-1,-1
367,13,56.11,373.29,32.43,26.84,1,-1,-1,-1
367,14,124.39,375.98,34.38,26.37,1,-1,-1,-1
367,15,98.14,377.53,30.50,25.11,1,-1,-1,-1
368,13,56.09,373.31,32.55,26.83,1,-1,-1,-1
368,14,124.38,376.01,34.38,26.35,1,-1,-1,-1
368,15,98.15,377.59,30.48,25.07,1,-1,-1,-1
369,13,56.06,373.34,32.64,26.82,1,-1,-1,-1
369,14,124.37,376.05,34.38,26.33,1,-1,-1,-1
369,15,98.16,377.64,30.46,25.04,1,-1,-1,-1
370,13,56.05,373.37,32.69,26.80,1,-1,-1,-1
370,14,124.35,376.08,34.37,26.31,1,-1,-1,-1
370,15,98.17,377.70,30.44,25.01,1,-1,-1,-1
371,13,56.06,373.39,32.68,26.79,1,-1,-1,-1
371,14,124.34,376.12,34.37,26.29,1,-1,-1,-1
371,15,98.18,377.76,30.43,24.97,1,-1,-1,-1
372,13,56.11,373.42,32.61,26.77,1,-1,-1,-1
372,14,124.33,376.15,34.37,26.27,1,-1,-1,-1
372,15,98.19,377.81,30.41,24.94,1,-1,-1,-1
373,13,56.18,373.44,32.49,26.75,1,-1,-1,-1
373,14,124.31,376.19,34.37,26.25,1,-1,-1,-1
373,15,98.20,377.87,30.39,24.91,1,-1,-1,-1
374,13,56.28,373.46,32.33,26.73,1,-1,-1,-1
374,14,124.30,376.22,34.37,26.23,1,-1,-1,-1
374,15,98.21,377.92,30.37,24.88,1,-1,-1,-1
375,13,56.39,373.47,32.16,26.71,1,-1,-1,-1
375,14,124.29,376.26,34.37,26.21,1,-1,-1,-1
375,15,98.22,377.98,30.35,24.84,1,-1,-1,-1
376,13,56.48,373.48,32.01,26.70,1,-1,-1,-1
376,14,124.27,376.29,34.37,26.18,1,-1,-1,-1
376,15,98.23,378.04,30.33,24.81,1,-1,-1,-1
377,13,56.53,373.48,31.92,26.68,1,-1,-1,-1
377,14,124.26,376.33,34.37,26.16,1,-1,-1,-1
377,15,98.24,378.09,30.32,24.78,1,-1,-1,-1
378,13,56.52,373.47,31.91,26.67,1,-1,-1,-1
378,14,124.25,376.36,34.37,26.14,1,-1,-1,-1
378,15,98.25,378.15,30.30,24.74,1,-1,-1,-1
379,13,56.44,373.46,32.01,26.67,1,-1,-1,-1
379,14,124.23,376.40,34.37,26.12,1,-1,-1,-1
379,15,98.26,378.20,30.28,24.71,1,-1,-1,-1
380,13,56.26,373.44,32.22,26.66,1,-1,-1,-1
380,14,124.22,376.43,34.36,26.10,1,-1,-1,-1
380,15,98.27,378.26,30.26,24.68,1,-1,-1,-1
381,13,56.01,373.42,32.53,26.66,1,-1,-1,-1
381,14,124.21,376.47,34.36,26.08,1,-1,-1,-1
381,15,98.28,378.32,30.24,24.64,1,-1,-1,-1
382,13,55.70,373.39,32.91,26.67,1,-1,-1,-1
382,14,124.19,376.50,34.36,26.06,1,-1,-1,-1
382,15,98.29,378.37,30.22,24.61,1,-1,-1,-1
383,13,55.36,373.37,33.32,26.68,1,-1,-1,-1
383,14,124.18,376.54,34.36,26.04,1,-1,-1,-1
383,15,98.30,378.43,30.21,24.58,1,-1,-1,-1
384,13,55.01,373.34,33.73,26.70,1,-1,-1,-1
384,14,124.17,376.57,34.36,26.02,1,-1,-1,-1
384,15,98.31,378.48,30.19,24.55,1,-1,-1,-1
385,13,54.69,373.31,34.10,26.72,1,-1,-1,-1
385,14,124.15,376.61,34.36,26.00,1,-1,-1,-1
385,15,98.32,378.54,30.17,24.51,1,-1,-1,-1
386,13,54.41,373.28,34.39,26.74,1,-1,-1,-1
386,14,124.14,376.64,34.36,25.97,1,-1,-1,-1
386,15,98.33,378.60,30.15,24.48,1,-1,-1,-1
387,13,54.19,373.25,34.61,26.76,1,-1,-1,-1
387,14,124.13,376.68,34.36,25.95,1,-1,-1,-1
387,15,98.34,378.65,30.13,24.45,1,-1,-1,-1
388,13,54.03,373.23,34.76,26.78,1,-1,-1,-1
388,14,124.11,376.71,34.36,25.93,1,-1,-1,-1
388,15,98.35,378.71,30.12,24.41,1,-1,-1,-1
389,13,53.92,373.21,34.83,26.80,1,-1,-1,-1
389,14,124.10,376.75,34.35,25.91,1,-1,-1,-1
389,15,98.36,378.76,30.10,24.38,1,-1,-1,-1
390,13,53.87,373.19,34.86,26.83,1,-1,-1,-1
390,14,124.09,376.78,34.35,25.89,1,-1,-1,-1
390,15,98.37,378.82,30.08,24.35,1,-1,-1,-1
391,13,53.86,373.18,34.86,26.85,1,-1,-1,-1
391,14,124.07,376.82,34.35,25.87,1,-1,-1,-1
391,15,98.38,378.88,30.06,24.32,1,-1,-1,-1
392,13,53.87,373.18,34.85,26.87,1,-1,-1,-1
392,14,124.06,376.85,34.35,25.85,1,-1,-1,-1
392,15,98.39,378.93,30.04,24.28,1,-1,-1,-1
393,13,53.89,373.18,34.84,26.89,1,-1,-1,-1
393,14,124.05,376.89,34.35,25.83,1,-1,-1,-1
393,15,98.40,378.99,30.02,24.25,1,-1,-1,-1
394,13,53.93,373.18,34.84,26.91,1,-1,-1,-1
394,14,124.03,376.92,34.35,25.81,1,-1,-1,-1
394,15,98.41,379.04,30.01,24.22,1,-1,-1,-1
395,13,53.96,373.20,34.85,26.93,1,-1,-1,-1
395,14,124.02,376.96,34.35,25.78,1,-1,-1,-1
395,15,98.42,379.10,29.99,24.18,1,-1,-1,-1
396,13,53.99,373.22,34.86,26.94,1,-1,-1,-1
396,14,124.01,376.99,34.35,25.76,1,-1,-1,-1
396,15,98.43,379.16,29.97,24.15,1,-1,-1,-1
397,13,54.01,373.24,34.87,26.95,1,-1,-1,-1
397,14,123.99,377.03,34.35,25.74,1,-1,-1,-1
397,15,98.44,379.21,29.95,24.12,1,-1,-1,-1
398,13,54.02,373.27,34.88,26.96,1,-1,-1,-1
398,14,123.98,377.06,34.35,25.72,1,-1,-1,-1
398,15,98.45,379.27,29.93,24.08,1,-1,-1,-1
399,13,54.03,373.30,34.86,26.97,1,-1,-1,-1
399,14,123.97,377.10,34.34,25.70,1,-1,-1,-1
399,15,98.46,379.32,29.91,24.05,1,-1,-1,-1
400,13,54.03,373.34,34.82,26.97,1,-1,-1,-1
400,14,123.96,377.13,34.34,25.68,1,-1,-1,-1
400,15,98.47,379.38,29.90,24.02,1,-1,-1,-1
401,13,54.03,373.38,34.77,26.98,1,-1,-1,-1
401,14,123.94,377.17,34.34,25.66,1,-1,-1,-1
401,15,98.48,379.44,29.88,23.99,1,-1,-1,-1
402,13,54.03,373.42,34.70,26.98,1,-1,-1,-1
402,14,123.93,377.20,34.34,25.64,1,-1,-1,-1
402,15,98.49,379.49,29.86,23.95,1,-1,-1,-1
403,13,54.02,373.47,34.62,26.98,1,-1,-1,-1
403,14,123.92,377.24,34.34,25.62,1,-1,-1,-1
403,15,98.50,379.55,29.84,23.92,1,-1,-1,-1
404,13,54.02,373.51,34.54,26.98,1,-1,-1,-1
404,14,123.90,377.27,34.34,25.59,1,-1,-1,-1
404,15,98.51,379.60,29.82,23.89,1,-1,-1,-1
405,13,54.01,373.55,34.47,26.99,1,-1,-1,-1
405,14,123.89,377.31,34.34,25.57,1,-1,-1,-1
405,15,98.52,379.66,29.81,23.85,1,-1,-1,-1
406,13,54.01,373.60,34.42,26.99,1,-1,-1,-1
406,14,123.88,377.34,34.34,25.55,1,-1,-1,-1
406,15,98.53,379.72,29.79,23.82,1,-1,-1,-1
407,13,54.00,373.64,34.40,27.00,1,-1,-1,-1
407,14,123.86,377.38,34.34,25.53,1,-1,-1,-1
407,15,98.54,379.77,29.77,23.79,1,-1,-1,-1
408,13,53.99,373.68,34.40,27.01,1,-1,-1,-1
408,14,123.85,377.41,34.33,25.51,1,-1,-1,-1
408,15,98.55,379.83,29.75,23.76,1,-1,-1,-1
409,13,53.98,373.72,34.42,27.03,1,-1,-1,-1
409,14,123.84,377.45,34.33,25.49,1,-1,-1,-1
409,15,98.56,379.88,29.73,23.72,1,-1,-1,-1
410,13,53.97,373.75,34.46,27.05,1,-1,-1,-1
410,14,123.82,377.48,34.33,25.47,1,-1,-1,-1
410,15,98.57,379.94,29.71,23.69,1,-1,-1,-1
411,13,53.95,373.79,34.52,27.07,1,-1,-1,-1
411,14,123.81,377.52,34.33,25.45,1,-1,-1,-1
411,15,98.58,380.00,29.70,23.66,1,-1,-1,-1
412,13,53.94,373.81,34.59,27.10,1,-1,-1,-1
412,14,123.80,377.55,34.33,25.43,1,-1,-1,-1
412,15,98.58,380.05,29.68,23.62,1,-1,-1,-1
413,13,53.94,373.83,34.68,27.14,1,-1,-1,-1
413,14,123.78,377.59,34.33,25.41,1,-1,-1,-1
413,15,98.59,380.11,29.66,23.59,1,-1,-1,-1
414,13,53.94,373.85,34.76,27.17,1,-1,-1,-1
414,14,123.77,377.62,34.33,25.38,1,-1,-1,-1
414,15,98.60,380.16,29.64,23.56,1,-1,-1,-1
415,13,53.97,373.86,34.83,27.21,1,-1,-1,-1
415,14,123.76,377.66,34.33,25.36,1,-1,-1,-1
415,15,98.61,380.22,29.62,23.53,1,-1,-1,-1
416,13,54.01,373.87,34.87,27.25,1,-1,-1,-1
416,14,123.74,377.69,34.33,25.34,1,-1,-1,-1
416,15,98.62,380.28,29.60,23.49,1,-1,-1,-1
417,13,54.07,373.87,34.87,27.30,1,-1,-1,-1
417,14,123.73,377.73,34.33,25.32,1,-1,-1,-1
417,15,98.63,380.33,29.59,23.46,1,-1,-1,-1
418,13,54.17,373.87,34.83,27.34,1,-1,-1,-1
418,14,123.72,377.76,34.32,25.30,1,-1,-1,-1
418,15,98.64,380.39,29.57,23.43,1,-1,-1,-1
419,13,54.28,373.86,34.73,27.38,1,-1,-1,-1
419,14,123.70,377.80,34.32,25.28,1,-1,-1,-1
419,15,98.65,380.44,29.55,23.39,1,-1,-1,-1
420,13,54.42,373.86,34.58,27.42,1,-1,-1,-1
420,14,123.69,377.83,34.32,25.26,1,-1,-1,-1
420,15,98.66,380.50,29.53,23.36,1,-1,-1,-1
421,13,54.57,373.84,34.38,27.45,1,-1,-1,-1
421,14,123.68,377.87,34.32,25.24,1,-1,-1,-1
421,15,98.67,380.56,29.51,23.33,1,-1,-1,-1
422,13,54.72,373.83,34.16,27.48,1,-1,-1,-1
422,14,123.66,377.90,34.32,25.22,1,-1,-1,-1
422,15,98.68,380.61,29.50,23.29,1,-1,-1,-1
423,13,54.87,373.81,33.92,27.50,1,-1,-1,-1
423,14,123.65,377.94,34.32,25.19,1,-1,-1,-1
423,15,98.69,380.67,29.48,23.26,1,-1,-1,-1
424,13,54.99,373.80,33.69,27.51,1,-1,-1,-1
424,14,123.64,377.97,34.32,25.17,1,-1,-1,-1
424,15,98.70,380.72,29.46,23.23,1,-1,-1,-1
425,13,55.09,373.79,33.48,27.51,1,-1,-1,-1
425,14,123.62,378.01,34.32,25.15,1,-1,-1,-1
425,15,98.71,380.78,29.44,23.20,1,-1,-1,-1
426,13,55.16,373.78,33.32,27.50,1,-1,-1,-1
426,14,123.61,378.04,34.32,25.13,1,-1,-1,-1
426,15,98.72,380.84,29.42,23.16,1,-1,-1,-1
427,13,55.19,373.77,33.21,27.48,1,-1,-1,-1
427,14,123.60,378.08,34.31,25.11,1,-1,-1,-1
427,15,98.73,380.89,29.40,23.13,1,-1,-1,-1
428,13,55.18,373.77,33.19,27.46,1,-1,-1,-1
428,14,123.58,378.11,34.31,25.09,1,-1,-1,-1
428,15,98.74,380.95,29.39,23.10,1,-1,-1,-1
429,13,55.12,373.77,33.24,27.42,1,-1,-1,-1
429,14,123.57,378.15,34.31,25.07,1,-1,-1,-1
429,15,98.75,381.00,29.37,23.06,1,-1,-1,-1
430,13,55.00,373.78,33.38,27.38,1,-1,-1,-1
430,14,123.56,378.18,34.31,25.05,1,-1,-1,-1
430,15,98.76,381.06,29.35,23.03,1,-1,-1,-1
431,13,54.84,373.79,33.60,27.33,1,-1,-1,-1
431,14,123.54,378.22,34.31,25.03,1,-1,-1,-1
431,15,98.77,381.11,29.33,23.00,1,-1,-1,-1
432,13,54.63,373.82,33.87,27.27,1,-1,-1,-1
432,14,123.53,378.25,34.31,25.00,1,-1,-1,-1
432,15,98.78,381.17,29.31,22.97,1,-1,-1,-1
433,13,54.40,373.85,34.17,27.22,1,-1,-1,-1
433,14,123.52,378.29,34.31,24.98,1,-1,-1,-1
433,15,98.79,381.23,29.29,22.93,1,-1,-1,-1
434,13,54.17,373.89,34.46,27.16,1,-1,-1,-1
434,14,123.50,378.32,34.31,24.96,1,-1,-1,-1
434,15,98.80,381.28,29.28,22.90,1,-1,-1,-1
435,13,53.96,373.94,34.71,27.09,1,-1,-1,-1
435,14,123.49,378.36,34.31,24.94,1,-1,-1,-1
435,15,98.81,381.34,29.26,22.87,1,-1,-1,-1
436,13,53.80,373.99,34.89,27.03,1,-1,-1,-1
436,14,123.48,378.39,34.31,24.92,1,-1,-1,-1
436,15,98.82,381.39,29.24,22.83,1,-1,-1,-1
437,13,53.72,374.06,34.99,26.97,1,-1,-1,-1
437,14,123.47,378.43,34.30,24.90,1,-1,-1,-1
437,15,98.83,381.45,29.22,22.80,1,-1,-1,-1
438,13,53.74,374.12,34.98,26.91,1,-1,-1,-1
438,14,123.45,378.46,34.30,24.88,1,-1,-1,-1
438,15,98.84,381.51,29.20,22.77,1,-1,-1,-1
439,13,53.89,374.19,34.85,26.86,1,-1,-1,-1
439,14,123.44,378.50,34.30,24.86,1,-1,-1,-1
439,15,98.85,381.56,29.19,22.73,1,-1,-1,-1
440,13,54.18,374.27,34.62,26.81,1,-1,-1,-1
440,14,123.43,378.53,34.30,24.84,1,-1,-1,-1
440,15,98.86,381.62,29.17,22.70,1,-1,-1,-1
441,13,54.59,374.34,34.30,26.76,1,-1,-1,-1
441,14,123.41,378.57,34.30,24.82,1,-1,-1,-1
441,15,98.87,381.67,29.15,22.67,1,-1,-1,-1
442,13,55.12,374.41,33.90,26.71,1,-1,-1,-1
442,14,123.40,378.60,34.30,24.79,1,-1,-1,-1
442,15,98.88,381.73,29.13,22.64,1,-1,-1,-1
443,13,55.73,374.48,33.46,26.66,1,-1,-1,-1
443,14,123.39,378.64,34.30,24.77,1,-1,-1,-1
443,15,98.89,381.79,29.11,22.60,1,-1,-1,-1
444,13,56.37,374.54,33.02,26.62,1,-1,-1,-1
444,14,123.37,378.67,34.30,24.75,1,-1,-1,-1
444,15,98.90,381.84,29.09,22.57,1,-1,-1,-1
445,13,56.98,374.58,32.60,26.56,1,-1,-1,-1
445,14,123.36,378.71,34.30,24.73,1,-1,-1,-1
445,15,98.91,381.90,29.08,22.54,1,-1,-1,-1
446,13,57.53,374.61,32.22,26.51,1,-1,-1,-1
446,14,123.35,378.74,34.29,24.71,1,-1,-1,-1
446,15,98.92,381.95,29.06,22.50,1,-1,-1,-1
447,13,57.97,374.63,31.89,26.45,1,-1,-1,-1
447,14,123.33,378.78,34.29,24.69,1,-1,-1,-1
447,15,98.93,382.01,29.04,22.47,1,-1,-1,-1
448,13,58.28,374.62,31.61,26.38,1,-1,-1,-1
448,14,123.32,378.81,34.29,24.67,1,-1,-1,-1
448,15,98.94,382.07,29.02,22.44,1,-1,-1,-1
449,13,58.42,374.59,31.37,26.30,1,-1,-1,-1
449,14,123.31,378.85,34.29,24.65,1,-1,-1,-1
449,15,98.95,382.12,29.00,22.41,1,-1,-1,-1
450,13,58.37,374.54,31.18,26.20,1,-1,-1,-1
450,14,123.29,378.88,34.29,24.63,1,-1,-1,-1
450,15,98.96,382.18,28.98,22.37,1,-1,-1,-1
451,13,58.10,374.45,31.04,26.10,1,-1,-1,-1
451,14,123.28,378.92,34.29,24.60,1,-1,-1,-1
451,15,98.97,382.23,28.97,22.34,1,-1,-1,-1
452,13,57.58,374.34,30.93,25.97,1,-1,-1,-1
452,14,123.27,378.95,34.29,24.58,1,-1,-1,-1
452,15,98.98,382.29,28.95,22.31,1,-1,-1,-1
