1,1,30.77,366.43,62.03,43.38,1,-1,-1,-1
1,3,124.21,369.35,32.54,29.60,1,-1,-1,-1
1,4,129.17,442.42,177.50,116.57,1,-1,-1,-1
2,1,30.06,366.45,61.49,42.98,1,-1,-1,-1
2,3,123.46,369.39,32.86,29.61,1,-1,-1,-1
2,4,125.29,440.08,172.84,113.89,1,-1,-1,-1
3,1,29.36,366.48,60.95,42.58,1,-1,-1,-1
3,3,122.73,369.43,33.22,29.61,1,-1,-1,-1
3,4,121.39,437.72,168.18,111.23,1,-1,-1,-1
4,1,28.66,366.50,60.40,42.18,1,-1,-1,-1
4,3,121.99,369.47,33.62,29.61,1,-1,-1,-1
4,4,117.47,435.36,163.54,108.61,1,-1,-1,-1
5,1,27.96,366.53,59.86,41.77,1,-1,-1,-1
5,3,121.24,369.51,34.06,29.61,1,-1,-1,-1
5,4,113.56,432.99,158.93,106.01,1,-1,-1,-1
6,1,27.25,366.55,59.31,41.37,1,-1,-1,-1
6,3,120.48,369.55,34.55,29.61,1,-1,-1,-1
6,4,109.65,430.62,154.37,103.46,1,-1,-1,-1
7,1,26.55,366.58,58.77,40.97,1,-1,-1,-1
7,3,119.72,369.59,35.08,29.61,1,-1,-1,-1
7,4,105.75,428.26,149.88,100.94,1,-1,-1,-1
8,1,25.85,366.60,58.22,40.57,1,-1,-1,-1
8,3,118.98,369.64,35.61,29.62,1,-1,-1,-1
8,4,101.88,425.90,145.49,98.47,1,-1,-1,-1
9,1,25.15,366.63,57.68,40.17,1,-1,-1,-1
9,3,118.32,369.68,36.09,29.62,1,-1,-1,-1
9,4,98.04,423.56,141.22,96.06,1,-1,-1,-1
10,1,24.44,366.65,57.13,39.77,1,-1,-1,-1
10,3,117.78,369.72,36.46,29.62,1,-1,-1,-1
10,4,94.25,421.24,137.06,93.70,1,-1,-1,-1
11,1,23.74,366.68,56.59,39.36,1,-1,-1,-1
11,3,117.43,369.76,36.68,29.62,1,-1,-1,-1
11,4,90.50,418.95,133.06,91.39,1,-1,-1,-1
12,1,23.04,366.70,56.04,38.96,1,-1,-1,-1
12,3,117.32,369.80,36.67,29.62,1,-1,-1,-1
12,4,86.82,416.68,129.20,89.15,1,-1,-1,-1
13,1,22.33,366.73,55.50,38.56,1,-1,-1,-1
13,3,117.47,369.84,36.44,29.62,1,-1,-1,-1
13,4,83.20,414.44,125.50,86.98,1,-1,-1,-1
14,1,21.63,366.75,54.96,38.16,1,-1,-1,-1
14,2,-0.71,605.38,61.71,191.36,1,-1,-1,-1
14,3,117.85,369.88,35.98,29.62,1,-1,-1,-1
14,4,79.66,412.24,121.97,84.87,1,-1,-1,-1
15,1,20.93,366.78,54.41,37.76,1,-1,-1,-1
15,2,2.16,611.86,114.12,239.18,1,-1,-1,-1
15,3,118.44,369.92,35.36,29.63,1,-1,-1,-1
15,4,76.19,410.08,118.61,82.83,1,-1,-1,-1
16,1,20.23,366.80,53.87,37.36,1,-1,-1,-1
16,2,2.74,618.35,178.30,287.01,1,-1,-1,-1
16,3,119.15,369.96,34.63,29.63,1,-1,-1,-1
16,4,72.79,407.95,115.43,80.86,1,-1,-1,-1
17,1,19.52,366.82,53.32,36.96,1,-1,-1,-1
17,2,3.95,624.84,254.91,334.83,1,-1,-1,-1
17,3,119.92,370.00,33.85,29.63,1,-1,-1,-1
17,4,69.48,405.87,112.41,78.97,1,-1,-1,-1
18,1,18.82,366.85,52.78,36.55,1,-1,-1,-1
18,2,5.62,631.33,353.78,382.66,1,-1,-1,-1
18,3,120.72,370.04,33.08,29.63,1,-1,-1,-1
18,4,66.24,403.83,109.56,77.14,1,-1,-1,-1
19,1,18.12,366.87,52.23,36.15,1,-1,-1,-1
19,2,6.31,637.82,465.16,430.48,1,-1,-1,-1
19,3,121.49,370.08,32.35,29.63,1,-1,-1,-1
19,4,63.09,401.83,106.88,75.39,1,-1,-1,-1
20,1,17.42,366.90,51.69,35.75,1,-1,-1,-1
20,2,6.16,644.31,595.62,478.31,1,-1,-1,-1
20,3,122.20,370.12,31.69,29.63,1,-1,-1,-1
20,4,60.02,399.88,104.35,73.71,1,-1,-1,-1
21,1,16.71,366.92,51.14,35.35,1,-1,-1,-1
21,2,6.07,650.80,746.50,526.13,1,-1,-1,-1
21,3,122.85,370.16,31.11,29.63,1,-1,-1,-1
21,4,57.03,397.97,101.97,72.10,1,-1,-1,-1
22,1,16.01,366.95,50.60,34.95,1,-1,-1,-1
22,2,11.99,657.29,912.77,573.96,1,-1,-1,-1
22,3,123.40,370.20,30.63,29.64,1,-1,-1,-1
22,4,54.11,396.10,99.73,70.57,1,-1,-1,-1
23,1,15.31,366.97,50.05,34.55,1,-1,-1,-1
23,2,39.16,663.78,1092.45,621.78,1,-1,-1,-1
23,3,123.85,370.24,30.26,29.64,1,-1,-1,-1
23,4,51.28,394.28,97.61,69.09,1,-1,-1,-1
24,1,14.60,367.00,49.51,34.14,1,-1,-1,-1
24,2,104.59,670.27,1288.93,669.61,1,-1,-1,-1
24,3,124.17,370.28,30.02,29.64,1,-1,-1,-1
24,4,48.52,392.51,95.61,67.69,1,-1,-1,-1
25,1,13.90,367.02,48.97,33.74,1,-1,-1,-1
25,2,214.35,676.76,1427.42,717.43,1,-1,-1,-1
25,3,124.36,370.32,29.91,29.64,1,-1,-1,-1
25,4,45.84,390.77,93.71,66.35,1,-1,-1,-1
26,1,13.20,367.05,48.42,33.34,1,-1,-1,-1
26,2,363.49,683.25,1599.41,765.26,1,-1,-1,-1
26,3,124.39,370.36,29.96,29.64,1,-1,-1,-1
26,4,43.24,389.09,91.89,65.07,1,-1,-1,-1
27,1,12.50,367.07,47.88,32.94,1,-1,-1,-1
27,2,543.59,689.74,1806.41,813.08,1,-1,-1,-1
27,3,124.28,370.40,30.14,29.64,1,-1,-1,-1
27,4,40.71,387.44,90.16,63.85,1,-1,-1,-1
28,1,11.79,367.10,47.33,32.54,1,-1,-1,-1
28,2,744.53,696.23,1797.51,860.91,1,-1,-1,-1
28,3,124.03,370.44,30.47,29.64,1,-1,-1,-1
28,4,38.26,385.84,88.49,62.70,1,-1,-1,-1
29,1,11.09,367.12,46.79,32.14,1,-1,-1,-1
29,3,123.65,370.48,30.92,29.65,1,-1,-1,-1
29,4,35.89,384.29,86.88,61.59,1,-1,-1,-1
30,1,10.39,367.15,46.24,31.73,1,-1,-1,-1
30,3,123.18,370.52,31.46,29.65,1,-1,-1,-1
30,4,33.59,382.78,85.33,60.55,1,-1,-1,-1
31,1,9.69,367.17,45.70,31.33,1,-1,-1,-1
31,3,122.65,370.56,32.06,29.65,1,-1,-1,-1
31,4,31.38,381.31,83.83,59.55,1,-1,-1,-1
32,1,8.98,367.20,45.15,30.93,1,-1,-1,-1
32,3,122.11,370.60,32.69,29.65,1,-1,-1,-1
32,4,29.24,379.90,82.38,58.60,1,-1,-1,-1
33,3,121.59,370.64,33.29,29.65,1,-1,-1,-1
33,4,27.18,378.53,80.99,57.70,1,-1,-1,-1
34,3,121.13,370.68,33.84,29.65,1,-1,-1,-1
34,4,25.20,377.21,79.64,56.84,1,-1,-1,-1
34,5,88.91,370.01,35.60,29.18,1,-1,-1,-1
35,3,120.74,370.72,34.32,29.66,1,-1,-1,-1
35,4,23.30,375.93,78.34,56.02,1,-1,-1,-1
35,5,87.70,369.71,36.16,29.85,1,-1,-1,-1
36,3,120.42,370.77,34.71,29.66,1,-1,-1,-1
36,4,21.50,374.72,77.09,55.24,1,-1,-1,-1
36,5,86.49,369.41,36.72,30.51,1,-1,-1,-1
37,3,120.17,370.81,35.03,29.66,1,-1,-1,-1
37,4,19.78,373.55,75.89,54.49,1,-1,-1,-1
37,5,85.28,369.11,37.27,31.17,1,-1,-1,-1
38,3,119.95,370.85,35.29,29.66,1,-1,-1,-1
38,4,18.15,372.44,74.72,53.77,1,-1,-1,-1
38,5,84.08,368.80,37.83,31.83,1,-1,-1,-1
39,3,119.73,370.89,35.50,29.66,1,-1,-1,-1
39,4,16.62,371.39,73.59,53.07,1,-1,-1,-1
39,5,82.87,368.50,38.39,32.50,1,-1,-1,-1
40,3,119.47,370.93,35.70,29.66,1,-1,-1,-1
40,4,15.19,370.39,72.49,52.40,1,-1,-1,-1
40,5,81.66,368.20,38.95,33.16,1,-1,-1,-1
41,3,119.12,370.97,35.92,29.66,1,-1,-1,-1
41,4,13.86,369.46,71.42,51.75,1,-1,-1,-1
41,5,80.45,367.90,39.50,33.82,1,-1,-1,-1
42,3,118.64,371.01,36.18,29.67,1,-1,-1,-1
42,4,12.63,368.59,70.37,51.11,1,-1,-1,-1
42,5,79.24,367.60,40.06,34.48,1,-1,-1,-1
43,3,117.98,371.05,36.51,29.67,1,-1,-1,-1
43,4,11.50,367.77,69.33,50.49,1,-1,-1,-1
43,5,78.03,367.30,40.62,35.15,1,-1,-1,-1
44,3,117.13,371.09,36.92,29.67,1,-1,-1,-1
44,4,10.48,367.03,68.32,49.87,1,-1,-1,-1
44,5,76.82,367.00,41.18,35.81,1,-1,-1,-1
45,3,116.05,371.13,37.43,29.67,1,-1,-1,-1
45,4,9.56,366.34,67.32,49.26,1,-1,-1,-1
45,5,75.61,366.69,41.73,36.47,1,-1,-1,-1
46,3,114.75,371.17,38.02,29.67,1,-1,-1,-1
46,4,8.74,365.73,66.35,48.66,1,-1,-1,-1
46,5,74.40,366.39,42.29,37.13,1,-1,-1,-1
47,3,113.25,371.21,38.68,29.67,1,-1,-1,-1
47,4,8.02,365.17,65.41,48.06,1,-1,-1,-1
47,5,73.19,366.09,42.85,37.79,1,-1,-1,-1
48,3,111.58,371.25,39.36,29.67,1,-1,-1,-1
48,4,7.39,364.69,64.50,47.46,1,-1,-1,-1
48,5,71.98,365.79,43.41,38.46,1,-1,-1,-1
49,3,109.79,371.29,40.02,29.68,1,-1,-1,-1
49,4,6.84,364.26,63.64,46.87,1,-1,-1,-1
50,3,107.95,371.33,40.60,29.68,1,-1,-1,-1
50,4,6.39,363.90,62.85,46.27,1,-1,-1,-1
51,3,106.09,371.37,41.07,29.68,1,-1,-1,-1
51,4,6.00,363.60,62.12,45.67,1,-1,-1,-1
52,3,104.26,371.41,41.41,29.68,1,-1,-1,-1
52,4,5.69,363.37,61.48,45.06,1,-1,-1,-1
53,3,102.48,371.45,41.63,29.68,1,-1,-1,-1
53,4,5.43,363.19,60.94,44.46,1,-1,-1,-1
53,6,1625.29,497.70,906.26,496.04,1,-1,-1,-1
54,3,100.76,371.49,41.73,29.68,1,-1,-1,-1
54,4,5.23,363.07,60.51,43.84,1,-1,-1,-1
54,6,1531.01,499.03,1006.22,495.79,1,-1,-1,-1
55,3,99.10,371.53,41.72,29.68,1,-1,-1,-1
55,4,5.07,363.01,60.18,43.23,1,-1,-1,-1
55,6,1436.74,500.37,1107.96,495.55,1,-1,-1,-1
56,3,97.52,371.57,41.63,29.69,1,-1,-1,-1
56,4,4.94,363.00,59.95,42.60,1,-1,-1,-1
56,6,1342.46,501.71,1206.79,495.30,1,-1,-1,-1
57,3,96.01,371.61,41.47,29.69,1,-1,-1,-1
57,4,4.85,363.05,59.83,41.97,1,-1,-1,-1
57,6,1248.18,503.04,1297.09,495.05,1,-1,-1,-1
58,3,94.59,371.65,41.25,29.69,1,-1,-1,-1
58,4,4.76,363.15,59.80,41.34,1,-1,-1,-1
58,6,1153.91,504.38,1371.82,494.81,1,-1,-1,-1
59,3,93.27,371.69,41.00,29.69,1,-1,-1,-1
59,4,4.69,363.30,59.85,40.69,1,-1,-1,-1
59,6,1059.63,505.71,1424.67,494.56,1,-1,-1,-1
60,3,92.04,371.73,40.72,29.69,1,-1,-1,-1
60,4,4.62,363.50,59.95,40.04,1,-1,-1,-1
60,6,965.36,507.05,1450.63,494.31,1,-1,-1,-1
61,3,90.94,371.77,40.41,29.69,1,-1,-1,-1
61,4,4.54,363.75,60.08,39.38,1,-1,-1,-1
61,6,871.08,508.39,1452.87,494.07,1,-1,-1,-1
62,3,89.96,371.81,40.10,29.69,1,-1,-1,-1
62,4,4.46,364.04,60.21,38.71,1,-1,-1,-1
62,6,776.81,509.72,1442.31,493.82,1,-1,-1,-1
63,3,89.11,371.85,39.78,29.70,1,-1,-1,-1
63,4,4.35,364.38,60.30,38.02,1,-1,-1,-1
63,6,682.53,511.06,1428.29,493.57,1,-1,-1,-1
64,3,88.41,371.90,39.46,29.70,1,-1,-1,-1
64,4,4.22,364.75,60.33,37.33,1,-1,-1,-1
64,6,588.26,512.40,1414.61,493.33,1,-1,-1,-1
65,3,87.84,371.94,39.15,29.70,1,-1,-1,-1
65,4,4.06,365.17,60.26,36.63,1,-1,-1,-1
65,6,493.98,513.73,1397.84,493.08,1,-1,-1,-1
66,3,87.39,371.98,38.86,29.70,1,-1,-1,-1
66,4,3.87,365.62,60.05,35.91,1,-1,-1,-1
66,6,399.70,515.07,1375.00,492.83,1,-1,-1,-1
67,3,87.05,372.02,38.59,29.70,1,-1,-1,-1
67,4,3.65,366.10,59.69,35.18,1,-1,-1,-1
67,6,305.43,516.41,1344.64,492.59,1,-1,-1,-1
68,3,86.78,372.06,38.36,29.70,1,-1,-1,-1
68,4,3.39,366.60,59.14,34.44,1,-1,-1,-1
68,6,211.15,517.74,1306.99,492.34,1,-1,-1,-1
69,3,86.56,372.10,38.18,29.71,1,-1,-1,-1
69,4,3.08,367.13,58.39,33.69,1,-1,-1,-1
69,6,116.88,519.08,1269.62,492.09,1,-1,-1,-1
70,3,86.38,372.14,38.04,29.71,1,-1,-1,-1
70,4,2.74,367.67,57.44,32.91,1,-1,-1,-1
70,6,22.60,520.42,1242.38,491.85,1,-1,-1,-1
71,3,86.22,372.18,37.95,29.71,1,-1,-1,-1
71,4,2.35,368.23,56.27,32.13,1,-1,-1,-1
72,3,86.08,372.22,37.90,29.71,1,-1,-1,-1
72,4,1.92,368.79,54.90,31.33,1,-1,-1,-1
73,4,1.43,369.35,53.33,30.52,1,-1,-1,-1
74,4,0.89,369.92,51.58,29.69,1,-1,-1,-1
75,4,0.31,370.47,49.65,28.85,1,-1,-1,-1
76,4,-0.34,371.01,47.57,27.99,1,-1,-1,-1
77,4,-1.03,371.53,45.34,27.12,1,-1,-1,-1
80,21,125.21,372.10,32.82,29.52,1,-1,-1,-1
81,7,1568.42,502.19,1166.23,493.23,1,-1,-1,-1
81,21,124.23,372.12,33.49,29.46,1,-1,-1,-1
82,7,1425.62,503.98,1189.83,489.42,1,-1,-1,-1
82,21,123.24,372.14,34.16,29.40,1,-1,-1,-1
83,7,1282.81,505.76,1213.42,485.60,1,-1,-1,-1
83,21,122.26,372.16,34.84,29.34,1,-1,-1,-1
84,7,1140.01,507.54,1237.01,481.79,1,-1,-1,-1
84,21,121.27,372.19,35.51,29.27,1,-1,-1,-1
85,7,997.21,509.33,1260.61,477.97,1,-1,-1,-1
85,21,120.29,372.21,36.18,29.21,1,-1,-1,-1
86,7,854.40,511.11,1284.20,474.16,1,-1,-1,-1
86,21,119.31,372.23,36.85,29.15,1,-1,-1,-1
87,7,711.60,512.89,1307.80,470.34,1,-1,-1,-1
87,21,118.32,372.25,37.52,29.09,1,-1,-1,-1
88,7,568.79,514.67,1331.39,466.53,1,-1,-1,-1
88,21,117.34,372.27,38.19,29.03,1,-1,-1,-1
89,7,425.99,516.46,1354.99,462.71,1,-1,-1,-1
89,21,116.36,372.30,38.86,28.97,1,-1,-1,-1
90,7,283.19,518.24,1378.58,458.90,1,-1,-1,-1
90,21,115.37,372.32,39.53,28.91,1,-1,-1,-1
91,7,140.38,520.02,1402.17,455.08,1,-1,-1,-1
91,21,114.39,372.34,40.20,28.85,1,-1,-1,-1
92,7,-2.42,521.81,1425.77,451.27,1,-1,-1,-1
92,21,113.41,372.36,40.87,28.79,1,-1,-1,-1
93,10,2242.17,522.58,307.00,212.35,1,-1,-1,-1
94,10,2124.41,521.37,429.62,256.65,1,-1,-1,-1
95,10,2008.77,520.21,550.46,290.27,1,-1,-1,-1
96,10,1895.39,519.13,666.37,310.66,1,-1,-1,-1
97,10,1784.37,518.14,769.36,319.66,1,-1,-1,-1
98,8,92.69,372.88,41.50,29.89,1,-1,-1,-1
98,10,1675.79,517.25,847.99,321.36,1,-1,-1,-1
99,8,92.57,372.94,41.23,29.77,1,-1,-1,-1
99,10,1569.75,516.47,893.63,319.82,1,-1,-1,-1
100,8,92.45,373.00,40.97,29.64,1,-1,-1,-1
100,10,1466.35,515.80,907.07,317.84,1,-1,-1,-1
101,8,92.33,373.06,40.70,29.52,1,-1,-1,-1
101,10,1365.74,515.23,897.88,316.60,1,-1,-1,-1
102,8,92.22,373.12,40.43,29.40,1,-1,-1,-1
102,10,1268.09,514.75,878.19,316.09,1,-1,-1,-1
103,8,92.10,373.18,40.16,29.28,1,-1,-1,-1
103,10,1173.66,514.34,856.77,315.68,1,-1,-1,-1
104,8,91.98,373.24,39.90,29.15,1,-1,-1,-1
104,10,1082.72,513.98,837.54,314.76,1,-1,-1,-1
105,8,91.86,373.30,39.63,29.03,1,-1,-1,-1
105,10,995.59,513.63,821.46,312.97,1,-1,-1,-1
106,8,91.74,373.36,39.36,28.91,1,-1,-1,-1
106,10,912.61,513.27,808.11,310.25,1,-1,-1,-1
107,8,91.63,373.42,39.09,28.79,1,-1,-1,-1
107,10,834.08,512.85,795.91,306.62,1,-1,-1,-1
108,8,91.51,373.48,38.83,28.66,1,-1,-1,-1
108,10,760.25,512.34,782.49,302.19,1,-1,-1,-1
109,8,91.39,373.54,38.56,28.54,1,-1,-1,-1
109,10,691.31,511.71,765.64,297.22,1,-1,-1,-1
110,8,91.27,373.60,38.29,28.42,1,-1,-1,-1
110,10,627.38,510.93,745.05,292.29,1,-1,-1,-1
111,8,91.16,373.66,38.02,28.30,1,-1,-1,-1
111,10,568.51,509.98,722.18,288.41,1,-1,-1,-1
112,8,91.04,373.72,37.76,28.17,1,-1,-1,-1
112,10,514.68,508.82,698.26,286.37,1,-1,-1,-1
113,8,90.92,373.78,37.49,28.05,1,-1,-1,-1
113,10,465.78,507.45,673.21,285.84,1,-1,-1,-1
114,8,90.80,373.84,37.22,27.93,1,-1,-1,-1
114,10,421.68,505.85,646.67,285.70,1,-1,-1,-1
115,8,90.68,373.90,36.95,27.81,1,-1,-1,-1
115,10,382.18,504.01,618.86,284.69,1,-1,-1,-1
116,8,90.57,373.96,36.68,27.68,1,-1,-1,-1
116,10,347.03,501.94,590.27,281.95,1,-1,-1,-1
117,8,90.45,374.02,36.42,27.56,1,-1,-1,-1
117,10,315.93,499.62,561.17,277.16,1,-1,-1,-1
118,8,90.33,374.08,36.15,27.44,1,-1,-1,-1
118,10,288.53,497.06,531.84,270.41,1,-1,-1,-1
119,8,90.21,374.14,35.88,27.32,1,-1,-1,-1
119,10,264.46,494.27,502.89,262.18,1,-1,-1,-1
120,8,90.10,374.20,35.61,27.19,1,-1,-1,-1
120,9,107.28,369.63,47.09,31.75,1,-1,-1,-1
120,10,243.31,491.26,475.31,253.34,1,-1,-1,-1
121,8,89.98,374.26,35.35,27.07,1,-1,-1,-1
121,9,106.60,369.56,47.90,31.92,1,-1,-1,-1
121,10,224.70,488.03,449.53,244.87,1,-1,-1,-1
122,8,89.86,374.32,35.08,26.95,1,-1,-1,-1
122,9,105.93,369.48,48.72,32.08,1,-1,-1,-1
122,10,208.25,484.60,425.01,237.41,1,-1,-1,-1
123,8,89.74,374.38,34.81,26.83,1,-1,-1,-1
123,9,105.26,369.41,49.53,32.25,1,-1,-1,-1
123,10,193.66,480.98,401.15,231.15,1,-1,-1,-1
124,8,89.62,374.44,34.54,26.70,1,-1,-1,-1
124,9,104.58,369.34,50.34,32.42,1,-1,-1,-1
124,10,180.68,477.20,377.91,225.97,1,-1,-1,-1
125,8,89.51,374.50,34.28,26.58,1,-1,-1,-1
125,9,103.91,369.27,51.15,32.59,1,-1,-1,-1
125,10,169.11,473.28,355.61,221.48,1,-1,-1,-1
126,8,89.39,374.56,34.01,26.46,1,-1,-1,-1
126,9,103.24,369.19,51.97,32.75,1,-1,-1,-1
126,10,158.81,469.25,334.71,217.10,1,-1,-1,-1
127,8,89.27,374.62,33.74,26.34,1,-1,-1,-1
127,9,102.57,369.12,52.78,32.92,1,-1,-1,-1
127,10,149.66,465.13,315.65,212.30,1,-1,-1,-1
128,8,89.15,374.68,33.47,26.21,1,-1,-1,-1
128,9,101.89,369.05,53.59,33.09,1,-1,-1,-1
128,10,141.57,460.95,298.94,206.95,1,-1,-1,-1
129,8,89.03,374.74,33.21,26.09,1,-1,-1,-1
129,9,101.22,368.98,54.40,33.26,1,-1,-1,-1
129,10,134.45,456.74,284.67,201.25,1,-1,-1,-1
130,8,88.92,374.80,32.94,25.97,1,-1,-1,-1
130,9,100.55,368.90,55.22,33.42,1,-1,-1,-1
130,10,128.22,452.53,272.35,195.30,1,-1,-1,-1
131,8,88.80,374.86,32.67,25.85,1,-1,-1,-1
131,9,99.87,368.83,56.03,33.59,1,-1,-1,-1
131,10,122.80,448.34,261.32,189.12,1,-1,-1,-1
132,8,88.68,374.92,32.40,25.72,1,-1,-1,-1
132,9,99.20,368.76,56.84,33.76,1,-1,-1,-1
132,10,118.07,444.21,251.14,182.77,1,-1,-1,-1
133,8,88.56,374.98,32.13,25.60,1,-1,-1,-1
133,9,98.53,368.69,57.65,33.93,1,-1,-1,-1
133,10,113.91,440.15,241.56,176.44,1,-1,-1,-1
134,8,88.45,375.04,31.87,25.48,1,-1,-1,-1
134,9,97.85,368.62,58.46,34.10,1,-1,-1,-1
134,10,110.18,436.18,232.54,170.41,1,-1,-1,-1
135,8,88.33,375.10,31.60,25.36,1,-1,-1,-1
135,9,97.18,368.54,59.28,34.26,1,-1,-1,-1
135,10,106.72,432.32,224.15,164.83,1,-1,-1,-1
136,8,88.21,375.16,31.33,25.23,1,-1,-1,-1
136,9,96.51,368.47,60.09,34.43,1,-1,-1,-1
136,10,103.44,428.60,216.29,159.74,1,-1,-1,-1
137,8,88.09,375.22,31.06,25.11,1,-1,-1,-1
137,9,95.83,368.40,60.90,34.60,1,-1,-1,-1
137,10,100.24,425.01,208.77,155.04,1,-1,-1,-1
138,8,87.97,375.28,30.80,24.99,1,-1,-1,-1
138,9,95.16,368.33,61.71,34.77,1,-1,-1,-1
138,10,97.11,421.59,201.57,150.58,1,-1,-1,-1
139,8,87.86,375.34,30.53,24.87,1,-1,-1,-1
139,9,94.49,368.25,62.53,34.93,1,-1,-1,-1
139,10,94.04,418.32,194.72,146.20,1,-1,-1,-1
140,8,87.74,375.40,30.26,24.75,1,-1,-1,-1
140,9,93.82,368.18,63.34,35.10,1,-1,-1,-1
140,10,91.05,415.22,188.32,141.90,1,-1,-1,-1
141,8,87.62,375.46,29.99,24.62,1,-1,-1,-1
141,9,93.14,368.11,64.15,35.27,1,-1,-1,-1
141,10,88.16,412.29,182.60,137.72,1,-1,-1,-1
142,8,87.50,375.52,29.73,24.50,1,-1,-1,-1
142,9,92.47,368.04,64.96,35.44,1,-1,-1,-1
142,10,85.41,409.53,177.82,133.77,1,-1,-1,-1
143,8,87.38,375.58,29.46,24.38,1,-1,-1,-1
143,9,91.80,367.96,65.78,35.60,1,-1,-1,-1
143,10,82.81,406.93,173.80,130.09,1,-1,-1,-1
144,8,87.27,375.64,29.19,24.26,1,-1,-1,-1
144,9,91.12,367.89,66.59,35.77,1,-1,-1,-1
144,10,80.36,404.47,169.87,126.71,1,-1,-1,-1
145,8,87.15,375.70,28.92,24.13,1,-1,-1,-1
145,10,78.07,402.16,165.35,123.51,1,-1,-1,-1
146,8,87.03,375.76,28.66,24.01,1,-1,-1,-1
146,10,75.91,399.97,159.94,120.37,1,-1,-1,-1
147,8,86.91,375.82,28.39,23.89,1,-1,-1,-1
147,10,73.87,397.89,153.99,117.20,1,-1,-1,-1
148,8,86.80,375.88,28.12,23.77,1,-1,-1,-1
148,10,71.91,395.91,148.15,113.98,1,-1,-1,-1
149,10,69.99,394.01,142.98,110.72,1,-1,-1,-1
150,10,68.08,392.20,138.73,107.50,1,-1,-1,-1
151,10,66.17,390.46,135.34,104.42,1,-1,-1,-1
151,13,2374.31,563.88,181.89,261.49,1,-1,-1,-1
152,10,64.23,388.79,132.52,101.57,1,-1,-1,-1
152,13,2261.60,539.84,289.31,290.75,1,-1,-1,-1
153,10,62.26,387.19,129.86,98.96,1,-1,-1,-1
153,13,2147.66,517.84,397.15,317.60,1,-1,-1,-1
154,10,60.28,385.67,126.98,96.55,1,-1,-1,-1
154,13,2032.64,500.79,507.79,339.03,1,-1,-1,-1
155,10,58.30,384.24,123.71,94.29,1,-1,-1,-1
155,13,1916.69,489.78,625.04,353.87,1,-1,-1,-1
156,10,56.33,382.90,120.16,92.12,1,-1,-1,-1
156,13,1800.10,484.13,748.80,362.75,1,-1,-1,-1
157,10,54.38,381.66,116.68,89.97,1,-1,-1,-1
157,13,1683.34,482.35,870.31,367.09,1,-1,-1,-1
158,10,52.45,380.53,113.65,87.77,1,-1,-1,-1
158,13,1567.04,483.25,974.56,368.05,1,-1,-1,-1
159,10,50.52,379.52,111.24,85.52,1,-1,-1,-1
159,13,1452.01,486.14,1046.02,366.30,1,-1,-1,-1
160,10,48.57,378.61,109.40,83.19,1,-1,-1,-1
160,13,1339.14,490.31,1078.33,362.54,1,-1,-1,-1
161,10,46.60,377.82,107.98,80.74,1,-1,-1,-1
161,13,1229.31,494.81,1078.62,357.72,1,-1,-1,-1
162,10,44.62,377.13,106.72,78.20,1,-1,-1,-1
162,13,1123.30,498.78,1060.80,352.73,1,-1,-1,-1
163,10,42.66,376.54,105.36,75.66,1,-1,-1,-1
163,13,1021.76,501.80,1037.42,348.00,1,-1,-1,-1
164,10,40.74,376.02,103.74,73.23,1,-1,-1,-1
164,13,925.31,503.84,1015.45,343.61,1,-1,-1,-1
165,10,38.89,375.57,101.89,70.96,1,-1,-1,-1
165,11,129.85,369.52,25.71,28.86,1,-1,-1,-1
165,13,834.43,505.04,996.90,339.44,1,-1,-1,-1
166,10,37.12,375.16,99.89,68.84,1,-1,-1,-1
166,11,129.00,369.49,26.59,29.05,1,-1,-1,-1
166,13,749.48,505.56,981.21,335.37,1,-1,-1,-1
167,10,35.43,374.76,97.76,66.86,1,-1,-1,-1
167,11,128.15,369.45,27.46,29.24,1,-1,-1,-1
167,13,670.70,505.46,964.91,331.40,1,-1,-1,-1
168,10,33.81,374.36,95.48,65.01,1,-1,-1,-1
168,11,127.30,369.42,28.34,29.43,1,-1,-1,-1
168,13,598.13,504.66,944.73,327.62,1,-1,-1,-1
169,10,32.24,373.93,93.03,63.31,1,-1,-1,-1
169,11,126.45,369.38,29.21,29.62,1,-1,-1,-1
169,13,531.67,503.21,919.13,324.04,1,-1,-1,-1
170,10,30.68,373.45,90.46,61.74,1,-1,-1,-1
170,11,125.60,369.34,30.09,29.82,1,-1,-1,-1
170,13,471.11,501.36,888.38,320.42,1,-1,-1,-1
171,10,29.14,372.92,88.02,60.29,1,-1,-1,-1
171,11,124.75,369.31,30.97,30.01,1,-1,-1,-1
171,13,416.17,499.47,853.92,316.44,1,-1,-1,-1
172,10,27.59,372.32,86.01,58.95,1,-1,-1,-1
172,11,123.90,369.27,31.84,30.20,1,-1,-1,-1
172,13,366.61,497.83,817.04,311.83,1,-1,-1,-1
173,10,26.03,371.66,84.39,57.69,1,-1,-1,-1
173,11,123.05,369.24,32.72,30.39,1,-1,-1,-1
173,13,322.26,496.52,779.09,306.54,1,-1,-1,-1
174,10,24.49,370.92,82.87,56.51,1,-1,-1,-1
174,11,122.20,369.20,33.60,30.58,1,-1,-1,-1
174,13,283.04,495.40,741.62,300.69,1,-1,-1,-1
175,10,22.97,370.13,81.29,55.43,1,-1,-1,-1
175,11,121.35,369.16,34.47,30.77,1,-1,-1,-1
175,13,248.88,494.25,704.62,294.51,1,-1,-1,-1
176,10,21.50,369.29,79.70,54.46,1,-1,-1,-1
176,11,120.50,369.13,35.35,30.97,1,-1,-1,-1
176,13,219.64,492.82,666.39,288.23,1,-1,-1,-1
177,10,20.10,368.43,78.15,53.60,1,-1,-1,-1
177,11,119.65,369.09,36.22,31.16,1,-1,-1,-1
177,13,195.03,491.03,626.11,281.93,1,-1,-1,-1
178,10,18.79,367.56,76.60,52.91,1,-1,-1,-1
178,11,118.80,369.06,37.10,31.35,1,-1,-1,-1
178,13,174.64,488.85,584.24,275.60,1,-1,-1,-1
179,10,17.57,366.72,75.11,52.42,1,-1,-1,-1
179,11,117.95,369.02,37.98,31.54,1,-1,-1,-1
179,13,157.96,486.24,542.11,269.28,1,-1,-1,-1
180,10,16.46,365.91,73.86,52.09,1,-1,-1,-1
180,11,117.10,368.98,38.85,31.73,1,-1,-1,-1
180,13,144.42,483.16,501.63,263.01,1,-1,-1,-1
181,10,15.42,365.15,72.94,51.82,1,-1,-1,-1
181,11,116.25,368.95,39.73,31.92,1,-1,-1,-1
181,13,133.48,479.60,464.09,256.84,1,-1,-1,-1
182,10,14.44,364.45,72.19,51.50,1,-1,-1,-1
182,11,115.40,368.91,40.61,32.11,1,-1,-1,-1
182,13,124.60,475.52,430.08,250.83,1,-1,-1,-1
183,10,13.48,363.82,71.43,51.05,1,-1,-1,-1
183,11,114.55,368.88,41.48,32.31,1,-1,-1,-1
183,13,117.31,470.99,400.08,244.96,1,-1,-1,-1
184,10,12.52,363.26,70.60,50.42,1,-1,-1,-1
184,11,113.70,368.84,42.36,32.50,1,-1,-1,-1
184,13,111.20,466.18,374.15,239.12,1,-1,-1,-1
185,10,11.55,362.77,69.73,49.63,1,-1,-1,-1
185,11,112.85,368.80,43.24,32.69,1,-1,-1,-1
185,13,105.96,461.30,351.51,233.13,1,-1,-1,-1
186,10,10.55,362.33,68.89,48.76,1,-1,-1,-1
186,11,112.00,368.77,44.11,32.88,1,-1,-1,-1
186,13,101.38,456.55,331.26,226.87,1,-1,-1,-1
187,10,9.55,361.96,68.15,47.93,1,-1,-1,-1
187,11,111.15,368.73,44.99,33.07,1,-1,-1,-1
187,13,97.30,452.04,312.65,220.27,1,-1,-1,-1
188,10,8.56,361.64,67.57,47.24,1,-1,-1,-1
188,11,110.30,368.70,45.86,33.26,1,-1,-1,-1
188,13,93.56,447.77,295.37,213.41,1,-1,-1,-1
189,10,7.60,361.36,67.13,46.71,1,-1,-1,-1
189,11,109.45,368.66,46.74,33.46,1,-1,-1,-1
189,13,90.09,443.57,279.58,206.50,1,-1,-1,-1
190,10,6.70,361.13,66.77,46.27,1,-1,-1,-1
190,11,108.60,368.62,47.62,33.65,1,-1,-1,-1
190,13,86.88,439.20,265.74,199.85,1,-1,-1,-1
191,10,5.88,360.94,66.38,45.82,1,-1,-1,-1
191,11,107.75,368.59,48.49,33.84,1,-1,-1,-1
191,13,84.01,434.63,254.12,193.55,1,-1,-1,-1
192,10,5.17,360.77,65.72,45.32,1,-1,-1,-1
192,11,106.90,368.55,49.37,34.03,1,-1,-1,-1
192,13,81.62,430.00,244.28,187.51,1,-1,-1,-1
193,10,4.57,360.64,64.60,44.75,1,-1,-1,-1
193,11,106.05,368.52,50.25,34.22,1,-1,-1,-1
193,13,79.81,425.54,235.15,181.56,1,-1,-1,-1
194,10,4.08,360.54,63.01,44.13,1,-1,-1,-1
194,11,105.20,368.48,51.12,34.41,1,-1,-1,-1
194,13,78.67,421.33,226.17,175.68,1,-1,-1,-1
195,10,3.70,360.46,61.31,43.48,1,-1,-1,-1
195,11,104.35,368.45,52.00,34.61,1,-1,-1,-1
195,13,78.21,417.39,217.60,169.90,1,-1,-1,-1
196,10,3.41,360.42,59.98,42.83,1,-1,-1,-1
196,11,103.50,368.41,52.87,34.80,1,-1,-1,-1
196,13,78.30,413.80,209.22,164.17,1,-1,-1,-1
197,10,3.18,360.41,59.24,42.24,1,-1,-1,-1
197,11,102.65,368.37,53.75,34.99,1,-1,-1,-1
197,13,78.75,410.74,200.59,158.36,1,-1,-1,-1
198,10,2.99,360.44,58.92,41.73,1,-1,-1,-1
198,11,101.80,368.34,54.63,35.18,1,-1,-1,-1
198,13,79.33,408.29,192.10,152.40,1,-1,-1,-1
199,10,2.81,360.50,58.79,41.33,1,-1,-1,-1
199,11,100.95,368.30,55.50,35.37,1,-1,-1,-1
199,13,79.84,406.42,184.45,146.34,1,-1,-1,-1
200,10,2.62,360.59,58.69,41.01,1,-1,-1,-1
200,11,100.10,368.27,56.38,35.56,1,-1,-1,-1
200,13,80.11,404.97,177.88,140.34,1,-1,-1,-1
201,10,2.42,360.72,58.46,40.69,1,-1,-1,-1
201,11,99.25,368.23,57.26,35.76,1,-1,-1,-1
201,13,80.03,403.72,172.37,134.63,1,-1,-1,-1
201,14,120.71,368.97,33.43,22.06,1,-1,-1,-1
202,10,2.20,360.87,57.95,40.32,1,-1,-1,-1
202,11,98.40,368.19,58.13,35.95,1,-1,-1,-1
202,12,2313.06,544.26,245.66,293.35,1,-1,-1,-1
202,13,79.48,402.46,167.51,129.39,1,-1,-1,-1
202,14,120.63,368.94,33.54,22.42,1,-1,-1,-1
203,10,1.98,361.05,57.03,39.92,1,-1,-1,-1
203,12,2173.82,516.38,379.26,322.85,1,-1,-1,-1
203,13,78.41,401.04,162.68,124.74,1,-1,-1,-1
203,14,120.55,368.90,33.66,22.77,1,-1,-1,-1
204,10,1.77,361.23,55.74,39.53,1,-1,-1,-1
204,12,2034.73,491.38,512.01,349.15,1,-1,-1,-1
204,13,76.82,399.36,157.56,120.75,1,-1,-1,-1
204,14,120.48,368.87,33.77,23.13,1,-1,-1,-1
205,10,1.56,361.41,54.09,39.25,1,-1,-1,-1
205,12,1896.01,474.60,647.22,366.80,1,-1,-1,-1
205,13,74.75,397.35,152.51,117.44,1,-1,-1,-1
205,14,120.40,368.83,33.88,23.49,1,-1,-1,-1
206,10,1.37,361.58,52.16,39.13,1,-1,-1,-1
206,12,1757.88,467.12,786.93,374.63,1,-1,-1,-1
206,13,72.28,395.00,148.29,114.80,1,-1,-1,-1
206,14,120.32,368.79,34.00,23.84,1,-1,-1,-1
207,10,1.18,361.72,50.13,39.18,1,-1,-1,-1
207,12,1620.62,467.55,923.08,373.94,1,-1,-1,-1
207,13,69.51,392.37,145.22,112.71,1,-1,-1,-1
207,14,120.25,368.76,34.11,24.20,1,-1,-1,-1
208,10,0.97,361.82,48.35,39.40,1,-1,-1,-1
208,12,1484.89,473.41,1032.92,367.16,1,-1,-1,-1
208,13,66.56,389.62,142.73,110.97,1,-1,-1,-1
208,14,120.17,368.72,34.22,24.55,1,-1,-1,-1
209,10,0.71,361.86,47.10,39.71,1,-1,-1,-1
209,12,1351.85,481.63,1092.60,357.32,1,-1,-1,-1
209,13,63.51,386.87,140.05,109.43,1,-1,-1,-1
209,14,120.09,368.69,34.34,24.91,1,-1,-1,-1
210,10,0.37,361.82,46.25,40.01,1,-1,-1,-1
210,12,1223.02,487.73,1098.33,348.89,1,-1,-1,-1
210,13,60.43,384.19,137.02,107.97,1,-1,-1,-1
210,14,120.02,368.65,34.45,25.26,1,-1,-1,-1
211,10,-0.07,361.71,45.25,40.16,1,-1,-1,-1
211,12,1099.96,490.56,1071.49,343.02,1,-1,-1,-1
211,13,57.39,381.68,133.79,106.48,1,-1,-1,-1
211,14,119.94,368.61,34.56,25.62,1,-1,-1,-1
212,10,-0.67,361.50,43.24,40.07,1,-1,-1,-1
212,12,984.00,493.11,1036.28,336.74,1,-1,-1,-1
212,13,54.46,379.49,130.52,104.79,1,-1,-1,-1
212,14,119.86,368.58,34.68,25.97,1,-1,-1,-1
213,12,875.97,496.71,1003.11,328.76,1,-1,-1,-1
213,13,51.71,377.66,127.29,102.82,1,-1,-1,-1
213,14,119.79,368.54,34.79,26.33,1,-1,-1,-1
214,12,776.22,499.22,972.89,321.26,1,-1,-1,-1
214,13,49.19,376.10,124.10,100.68,1,-1,-1,-1
214,14,119.71,368.51,34.91,26.69,1,-1,-1,-1
215,12,684.71,498.26,943.47,316.68,1,-1,-1,-1
215,13,46.93,374.59,120.93,98.55,1,-1,-1,-1
215,14,119.63,368.47,35.02,27.04,1,-1,-1,-1
216,12,601.29,493.69,912.89,315.20,1,-1,-1,-1
216,13,44.89,372.98,117.72,96.59,1,-1,-1,-1
216,14,119.56,368.44,35.13,27.40,1,-1,-1,-1
217,12,525.81,487.75,876.85,314.60,1,-1,-1,-1
217,13,43.04,371.27,114.58,94.80,1,-1,-1,-1
217,14,119.48,368.40,35.25,27.75,1,-1,-1,-1
218,12,458.20,482.84,835.06,312.52,1,-1,-1,-1
218,13,41.34,369.60,111.75,93.03,1,-1,-1,-1
218,14,119.40,368.36,35.36,28.11,1,-1,-1,-1
219,12,398.27,479.58,792.06,308.31,1,-1,-1,-1
219,13,39.75,368.09,109.43,91.18,1,-1,-1,-1
219,14,119.33,368.33,35.47,28.46,1,-1,-1,-1
220,12,345.68,477.31,751.20,302.63,1,-1,-1,-1
220,13,38.26,366.77,107.49,89.23,1,-1,-1,-1
220,14,119.25,368.29,35.59,28.82,1,-1,-1,-1
221,12,299.92,475.35,712.48,296.13,1,-1,-1,-1
221,13,36.86,365.59,105.69,87.22,1,-1,-1,-1
221,14,119.17,368.26,35.70,29.18,1,-1,-1,-1
222,12,260.39,473.48,674.33,289.00,1,-1,-1,-1
222,13,35.53,364.58,103.90,85.14,1,-1,-1,-1
222,14,119.10,368.22,35.81,29.53,1,-1,-1,-1
223,12,226.51,471.30,634.80,281.65,1,-1,-1,-1
223,13,34.28,363.87,101.88,82.88,1,-1,-1,-1
223,14,119.02,368.18,35.93,29.89,1,-1,-1,-1
224,12,197.81,468.05,593.17,274.86,1,-1,-1,-1
224,13,33.07,363.57,99.39,80.33,1,-1,-1,-1
224,14,118.94,368.15,36.04,30.24,1,-1,-1,-1
225,12,173.91,463.78,551.86,268.60,1,-1,-1,-1
225,13,31.88,363.61,96.63,77.56,1,-1,-1,-1
225,14,118.87,368.11,36.15,30.60,1,-1,-1,-1
226,12,154.42,459.27,512.51,262.17,1,-1,-1,-1
226,13,30.66,363.78,94.06,74.80,1,-1,-1,-1
226,14,118.79,368.08,36.27,30.95,1,-1,-1,-1
227,12,138.87,454.99,475.24,255.16,1,-1,-1,-1
227,13,29.36,363.80,91.94,72.31,1,-1,-1,-1
227,14,118.71,368.04,36.38,31.31,1,-1,-1,-1
228,12,126.61,450.95,440.09,247.64,1,-1,-1,-1
228,13,27.95,363.49,90.32,70.28,1,-1,-1,-1
228,14,118.64,368.00,36.49,31.66,1,-1,-1,-1
229,12,116.84,446.80,407.33,240.03,1,-1,-1,-1
229,13,26.41,362.80,89.12,68.74,1,-1,-1,-1
229,14,118.56,367.97,36.61,32.02,1,-1,-1,-1
230,12,108.86,442.04,376.92,232.93,1,-1,-1,-1
230,13,24.74,361.73,87.97,67.71,1,-1,-1,-1
230,14,118.48,367.93,36.72,32.38,1,-1,-1,-1
231,12,102.24,436.60,349.82,226.45,1,-1,-1,-1
231,13,22.98,360.31,86.75,67.14,1,-1,-1,-1
231,14,118.41,367.90,36.83,32.73,1,-1,-1,-1
232,12,96.80,430.97,326.48,220.20,1,-1,-1,-1
232,13,21.20,358.70,85.85,66.84,1,-1,-1,-1
232,14,118.33,367.86,36.95,33.09,1,-1,-1,-1
233,12,92.58,425.82,305.71,213.56,1,-1,-1,-1
233,13,19.45,357.15,85.47,66.59,1,-1,-1,-1
233,14,118.25,367.82,37.06,33.44,1,-1,-1,-1
234,12,89.58,421.66,286.94,206.08,1,-1,-1,-1
234,13,17.76,355.87,85.30,66.15,1,-1,-1,-1
235,12,87.71,418.37,269.72,197.97,1,-1,-1,-1
235,13,16.14,355.03,84.91,65.35,1,-1,-1,-1
235,16,1712.28,576.76,840.56,250.39,1,-1,-1,-1
236,12,86.70,415.32,254.21,189.87,1,-1,-1,-1
236,13,14.57,354.72,84.09,64.08,1,-1,-1,-1
236,16,1586.10,576.06,838.46,249.36,1,-1,-1,-1
237,12,86.20,411.90,240.76,182.49,1,-1,-1,-1
237,13,13.06,354.91,82.82,62.36,1,-1,-1,-1
237,16,1464.20,575.30,834.11,248.37,1,-1,-1,-1
238,12,85.81,407.92,229.72,176.02,1,-1,-1,-1
238,13,11.58,355.44,81.20,60.37,1,-1,-1,-1
238,16,1346.95,574.45,827.38,247.41,1,-1,-1,-1
239,12,85.19,403.76,219.41,170.15,1,-1,-1,-1
239,13,10.15,356.02,79.47,58.37,1,-1,-1,-1
239,16,1234.69,573.48,818.21,246.48,1,-1,-1,-1
240,12,84.12,399.81,208.65,164.52,1,-1,-1,-1
240,13,8.78,356.33,77.81,56.68,1,-1,-1,-1
240,16,1127.73,572.36,806.62,245.55,1,-1,-1,-1
241,12,82.49,396.41,198.90,158.82,1,-1,-1,-1
241,13,7.48,356.17,76.27,55.51,1,-1,-1,-1
241,16,1026.32,571.08,792.69,244.61,1,-1,-1,-1
242,12,80.32,393.75,191.21,152.86,1,-1,-1,-1
242,13,6.29,355.61,74.73,54.78,1,-1,-1,-1
242,16,930.71,569.60,776.49,243.62,1,-1,-1,-1
243,12,77.77,391.73,185.12,146.80,1,-1,-1,-1
243,13,5.22,354.90,72.99,54.28,1,-1,-1,-1
243,16,841.22,567.91,757.98,242.52,1,-1,-1,-1
244,12,75.00,389.57,180.04,141.36,1,-1,-1,-1
244,13,4.29,354.28,70.94,53.74,1,-1,-1,-1
244,16,758.20,565.97,737.09,241.27,1,-1,-1,-1
245,12,72.13,386.93,174.86,136.92,1,-1,-1,-1
245,13,3.52,353.96,68.62,53.01,1,-1,-1,-1
245,16,682.03,563.79,713.71,239.81,1,-1,-1,-1
246,12,69.26,384.24,168.97,133.01,1,-1,-1,-1
246,13,2.89,353.98,66.32,52.03,1,-1,-1,-1
246,16,612.99,561.34,687.81,238.07,1,-1,-1,-1
247,12,66.42,381.99,162.93,129.12,1,-1,-1,-1
247,13,2.40,354.29,64.38,50.86,1,-1,-1,-1
247,16,551.21,558.61,659.45,236.00,1,-1,-1,-1
248,12,63.63,380.23,157.61,125.16,1,-1,-1,-1
248,13,2.02,354.78,62.90,49.62,1,-1,-1,-1
248,16,496.63,555.62,628.89,233.56,1,-1,-1,-1
249,12,60.91,378.67,153.38,121.40,1,-1,-1,-1
249,13,1.75,355.34,61.78,48.42,1,-1,-1,-1
249,16,448.99,552.34,596.48,230.72,1,-1,-1,-1
250,12,58.27,377.04,149.81,118.06,1,-1,-1,-1
250,13,1.54,355.90,60.90,47.32,1,-1,-1,-1
250,16,407.92,548.81,562.75,227.47,1,-1,-1,-1
251,12,55.76,375.37,146.05,115.10,1,-1,-1,-1
251,13,1.39,356.40,60.02,46.38,1,-1,-1,-1
251,16,372.90,545.03,528.29,223.82,1,-1,-1,-1
252,12,53.38,373.79,141.60,112.31,1,-1,-1,-1
252,13,1.24,356.77,58.91,45.64,1,-1,-1,-1
252,16,343.33,541.01,493.81,219.79,1,-1,-1,-1
253,12,51.14,372.49,136.75,109.51,1,-1,-1,-1
253,13,1.04,356.92,57.56,45.20,1,-1,-1,-1
253,16,318.56,536.78,460.03,215.44,1,-1,-1,-1
254,12,49.03,371.41,132.11,106.68,1,-1,-1,-1
254,13,0.73,356.75,56.09,45.11,1,-1,-1,-1
254,16,297.87,532.35,427.65,210.80,1,-1,-1,-1
255,12,47.03,370.28,128.35,104.05,1,-1,-1,-1
255,13,0.22,356.11,54.29,45.54,1,-1,-1,-1
255,16,280.55,527.75,397.29,205.96,1,-1,-1,-1
256,12,45.14,368.94,125.42,101.78,1,-1,-1,-1
256,13,-0.56,354.80,51.39,46.66,1,-1,-1,-1
256,16,265.87,523.01,369.46,200.98,1,-1,-1,-1
257,12,43.33,367.45,122.96,99.75,1,-1,-1,-1
257,16,253.18,518.15,344.52,195.90,1,-1,-1,-1
258,12,41.54,366.07,120.81,97.69,1,-1,-1,-1
258,16,241.88,513.19,322.66,190.78,1,-1,-1,-1
259,12,39.74,365.12,118.68,95.26,1,-1,-1,-1
259,16,231.51,508.17,303.82,185.64,1,-1,-1,-1
260,12,37.92,364.69,116.27,92.37,1,-1,-1,-1
260,16,221.72,503.12,287.80,180.52,1,-1,-1,-1
261,12,36.11,364.67,113.53,89.14,1,-1,-1,-1
261,16,212.23,498.05,274.25,175.44,1,-1,-1,-1
262,12,34.40,364.83,110.65,85.78,1,-1,-1,-1
262,16,202.88,493.00,262.75,170.42,1,-1,-1,-1
263,12,32.87,364.85,107.73,82.64,1,-1,-1,-1
263,15,122.18,367.38,34.67,31.49,1,-1,-1,-1
263,16,193.55,487.99,252.88,165.47,1,-1,-1,-1
264,12,31.55,364.37,104.78,80.07,1,-1,-1,-1
264,15,122.00,367.43,34.83,31.49,1,-1,-1,-1
264,16,184.15,483.05,244.26,160.62,1,-1,-1,-1
265,12,30.39,363.45,101.89,78.04,1,-1,-1,-1
265,15,121.82,367.47,35.00,31.50,1,-1,-1,-1
265,16,174.65,478.19,236.56,155.88,1,-1,-1,-1
266,12,29.32,362.47,99.03,76.16,1,-1,-1,-1
266,15,121.64,367.52,35.17,31.51,1,-1,-1,-1
266,16,165.03,473.43,229.55,151.26,1,-1,-1,-1
267,12,28.22,361.69,96.15,74.19,1,-1,-1,-1
267,15,121.46,367.57,35.33,31.52,1,-1,-1,-1
267,16,155.31,468.78,223.05,146.79,1,-1,-1,-1
268,12,26.98,361.00,93.49,72.25,1,-1,-1,-1
268,15,121.28,367.61,35.50,31.53,1,-1,-1,-1
268,16,145.54,464.25,216.93,142.47,1,-1,-1,-1
269,12,25.53,360.13,91.38,70.59,1,-1,-1,-1
269,15,121.10,367.66,35.67,31.54,1,-1,-1,-1
269,16,135.81,459.86,211.11,138.32,1,-1,-1,-1
270,12,23.81,358.93,89.97,69.39,1,-1,-1,-1
270,15,120.92,367.70,35.83,31.54,1,-1,-1,-1
270,16,126.23,455.61,205.50,134.34,1,-1,-1,-1
271,12,21.84,357.38,88.88,68.65,1,-1,-1,-1
271,15,120.74,367.75,36.00,31.55,1,-1,-1,-1
271,16,116.95,451.51,200.04,130.52,1,-1,-1,-1
272,12,19.67,355.69,87.63,68.17,1,-1,-1,-1
272,15,120.56,367.80,36.17,31.56,1,-1,-1,-1
272,16,108.13,447.56,194.67,126.87,1,-1,-1,-1
273,12,17.37,354.24,86.11,67.59,1,-1,-1,-1
273,15,120.38,367.84,36.33,31.57,1,-1,-1,-1
273,16,99.90,443.76,189.35,123.37,1,-1,-1,-1
274,12,15.04,353.18,84.74,66.75,1,-1,-1,-1
274,15,120.20,367.89,36.50,31.58,1,-1,-1,-1
274,16,92.38,440.12,184.02,120.01,1,-1,-1,-1
275,12,12.79,352.48,84.17,65.70,1,-1,-1,-1
275,15,120.02,367.93,36.67,31.59,1,-1,-1,-1
275,16,85.66,436.65,178.65,116.78,1,-1,-1,-1
276,12,10.74,352.10,84.18,64.47,1,-1,-1,-1
276,15,119.84,367.98,36.83,31.59,1,-1,-1,-1
276,16,79.77,433.32,173.23,113.66,1,-1,-1,-1
277,12,8.96,351.94,83.90,63.16,1,-1,-1,-1
277,15,119.66,368.03,37.00,31.60,1,-1,-1,-1
277,16,74.69,430.16,167.80,110.63,1,-1,-1,-1
278,12,7.47,351.84,82.79,61.93,1,-1,-1,-1
278,15,119.48,368.07,37.17,31.61,1,-1,-1,-1
278,16,70.36,427.14,162.42,107.68,1,-1,-1,-1
279,12,6.28,351.73,80.86,60.83,1,-1,-1,-1
279,15,119.30,368.12,37.33,31.62,1,-1,-1,-1
279,16,66.67,424.27,157.15,104.80,1,-1,-1,-1
280,12,5.32,351.68,78.25,59.77,1,-1,-1,-1
280,15,119.13,368.17,37.50,31.63,1,-1,-1,-1
280,16,63.52,421.54,152.03,101.98,1,-1,-1,-1
281,12,4.51,351.73,75.27,58.70,1,-1,-1,-1
281,15,118.95,368.21,37.67,31.64,1,-1,-1,-1
281,16,60.80,418.95,147.11,99.21,1,-1,-1,-1
282,12,3.79,351.86,72.31,57.60,1,-1,-1,-1
282,15,118.77,368.26,37.83,31.64,1,-1,-1,-1
282,16,58.43,416.47,142.39,96.49,1,-1,-1,-1
283,12,3.08,352.00,69.99,56.53,1,-1,-1,-1
283,15,118.59,368.30,38.00,31.65,1,-1,-1,-1
283,16,56.34,414.11,137.86,93.83,1,-1,-1,-1
283,17,81.14,347.36,23.36,17.86,1,-1,-1,-1
284,12,2.29,351.94,68.83,55.67,1,-1,-1,-1
284,15,118.41,368.35,38.16,31.66,1,-1,-1,-1
284,16,54.50,411.86,133.50,91.23,1,-1,-1,-1
284,17,81.09,347.49,23.35,17.85,1,-1,-1,-1
285,12,1.32,351.22,68.33,55.45,1,-1,-1,-1
285,15,118.23,368.40,38.33,31.67,1,-1,-1,-1
285,16,52.85,409.70,129.32,88.71,1,-1,-1,-1
285,17,81.05,347.62,23.33,17.85,1,-1,-1,-1
286,12,0.06,349.19,66.86,56.50,1,-1,-1,-1
286,15,118.05,368.44,38.50,31.68,1,-1,-1,-1
286,16,51.34,407.62,125.33,86.27,1,-1,-1,-1
286,17,81.00,347.75,23.31,17.84,1,-1,-1,-1
287,15,117.87,368.49,38.66,31.69,1,-1,-1,-1
287,16,49.92,405.62,121.54,83.92,1,-1,-1,-1
287,17,80.95,347.87,23.29,17.83,1,-1,-1,-1
288,15,117.69,368.53,38.83,31.69,1,-1,-1,-1
288,16,48.51,403.68,117.97,81.67,1,-1,-1,-1
288,17,80.91,348.00,23.27,17.82,1,-1,-1,-1
289,15,117.51,368.58,39.00,31.70,1,-1,-1,-1
289,16,47.03,401.81,114.63,79.51,1,-1,-1,-1
289,17,80.86,348.13,23.25,17.81,1,-1,-1,-1
290,15,117.33,368.63,39.16,31.71,1,-1,-1,-1
290,16,45.42,399.99,111.53,77.45,1,-1,-1,-1
290,17,80.82,348.25,23.24,17.80,1,-1,-1,-1
291,15,117.15,368.67,39.33,31.72,1,-1,-1,-1
291,16,43.65,398.22,108.65,75.47,1,-1,-1,-1
291,17,80.77,348.38,23.22,17.79,1,-1,-1,-1
292,15,116.97,368.72,39.50,31.73,1,-1,-1,-1
292,16,41.72,396.49,105.97,73.57,1,-1,-1,-1
292,17,80.73,348.51,23.20,17.78,1,-1,-1,-1
293,15,116.79,368.77,39.66,31.74,1,-1,-1,-1
293,16,39.69,394.81,103.42,71.74,1,-1,-1,-1
293,17,80.68,348.64,23.18,17.77,1,-1,-1,-1
294,15,116.61,368.81,39.83,31.74,1,-1,-1,-1
294,16,37.65,393.18,100.94,69.96,1,-1,-1,-1
295,15,116.43,368.86,40.00,31.75,1,-1,-1,-1
295,16,35.68,391.60,98.49,68.23,1,-1,-1,-1
296,15,116.25,368.90,40.16,31.76,1,-1,-1,-1
296,16,33.89,390.06,96.02,66.55,1,-1,-1,-1
297,15,116.07,368.95,40.33,31.77,1,-1,-1,-1
297,16,32.32,388.57,93.52,64.91,1,-1,-1,-1
298,15,115.90,369.00,40.50,31.78,1,-1,-1,-1
298,16,31.02,387.12,90.98,63.32,1,-1,-1,-1
299,15,115.72,369.04,40.66,31.79,1,-1,-1,-1
299,16,29.95,385.71,88.43,61.78,1,-1,-1,-1
300,15,115.54,369.09,40.83,31.79,1,-1,-1,-1
300,16,29.06,384.35,85.88,60.29,1,-1,-1,-1
301,15,115.36,369.13,40.99,31.80,1,-1,-1,-1
301,16,28.27,383.02,83.36,58.87,1,-1,-1,-1
302,15,115.18,369.18,41.16,31.81,1,-1,-1,-1
302,16,27.48,381.73,80.92,57.51,1,-1,-1,-1
303,15,115.00,369.23,41.33,31.82,1,-1,-1,-1
303,16,26.60,380.46,78.58,56.23,1,-1,-1,-1
304,15,114.82,369.27,41.49,31.83,1,-1,-1,-1
304,16,25.58,379.22,76.40,55.02,1,-1,-1,-1
305,15,114.64,369.32,41.66,31.84,1,-1,-1,-1
305,16,24.36,378.01,74.43,53.90,1,-1,-1,-1
306,15,114.46,369.37,41.83,31.84,1,-1,-1,-1
306,16,22.94,376.82,72.70,52.86,1,-1,-1,-1
307,15,114.28,369.41,41.99,31.85,1,-1,-1,-1
307,16,21.34,375.65,71.27,51.90,1,-1,-1,-1
307,19,82.21,367.67,32.71,31.81,1,-1,-1,-1
308,15,114.10,369.46,42.16,31.86,1,-1,-1,-1
308,16,19.57,374.50,70.15,51.01,1,-1,-1,-1
308,19,82.07,367.68,32.77,31.87,1,-1,-1,-1
309,15,113.92,369.50,42.33,31.87,1,-1,-1,-1
309,16,17.69,373.39,69.34,50.19,1,-1,-1,-1
309,19,81.93,367.69,32.83,31.93,1,-1,-1,-1
310,15,113.74,369.55,42.49,31.88,1,-1,-1,-1
310,16,15.74,372.31,68.79,49.42,1,-1,-1,-1
310,19,81.79,367.70,32.88,31.98,1,-1,-1,-1
311,15,113.56,369.60,42.66,31.88,1,-1,-1,-1
311,16,13.78,371.27,68.44,48.70,1,-1,-1,-1
311,19,81.65,367.70,32.94,32.04,1,-1,-1,-1
312,15,113.38,369.64,42.83,31.89,1,-1,-1,-1
312,16,11.88,370.27,68.20,48.02,1,-1,-1,-1
312,19,81.51,367.71,33.00,32.09,1,-1,-1,-1
313,15,113.20,369.69,42.99,31.90,1,-1,-1,-1
313,16,10.07,369.34,68.01,47.37,1,-1,-1,-1
313,19,81.37,367.72,33.06,32.15,1,-1,-1,-1
314,15,113.02,369.73,43.16,31.91,1,-1,-1,-1
314,16,8.40,368.46,67.80,46.74,1,-1,-1,-1
314,18,80.06,346.11,23.46,20.31,1,-1,-1,-1
314,19,81.22,367.73,33.12,32.20,1,-1,-1,-1
314,20,92.19,369.58,49.11,34.68,1,-1,-1,-1
315,15,112.84,369.78,43.33,31.92,1,-1,-1,-1
315,16,6.90,367.66,67.52,46.13,1,-1,-1,-1
315,18,80.29,346.07,23.39,20.32,1,-1,-1,-1
315,19,81.08,367.74,33.18,32.26,1,-1,-1,-1
315,20,92.18,369.57,49.78,34.70,1,-1,-1,-1
316,15,112.66,369.83,43.49,31.93,1,-1,-1,-1
316,16,5.57,366.94,67.16,45.53,1,-1,-1,-1
316,18,80.53,346.03,23.32,20.33,1,-1,-1,-1
316,19,80.94,367.74,33.24,32.31,1,-1,-1,-1
316,20,92.17,369.55,50.48,34.72,1,-1,-1,-1
317,15,112.49,369.87,43.66,31.93,1,-1,-1,-1
317,16,4.42,366.29,66.69,44.95,1,-1,-1,-1
317,18,80.76,345.99,23.25,20.34,1,-1,-1,-1
317,19,80.80,367.75,33.30,32.37,1,-1,-1,-1
317,20,92.17,369.53,51.20,34.74,1,-1,-1,-1
318,15,112.31,369.92,43.83,31.94,1,-1,-1,-1
318,16,3.46,365.73,66.13,44.38,1,-1,-1,-1
318,18,80.99,345.95,23.18,20.34,1,-1,-1,-1
318,19,80.66,367.76,33.36,32.43,1,-1,-1,-1
318,20,92.16,369.51,51.95,34.76,1,-1,-1,-1
319,15,112.13,369.97,43.99,31.95,1,-1,-1,-1
319,16,2.68,365.25,65.49,43.83,1,-1,-1,-1
319,18,81.23,345.91,23.11,20.35,1,-1,-1,-1
319,19,80.52,367.77,33.42,32.48,1,-1,-1,-1
319,20,92.15,369.49,52.71,34.78,1,-1,-1,-1
320,15,111.95,370.01,44.16,31.96,1,-1,-1,-1
320,16,2.09,364.84,64.75,43.28,1,-1,-1,-1
320,18,81.46,345.87,23.04,20.36,1,-1,-1,-1
320,19,80.38,367.78,33.48,32.54,1,-1,-1,-1
320,20,92.14,369.47,53.49,34.80,1,-1,-1,-1
321,15,111.77,370.06,44.32,31.97,1,-1,-1,-1
321,16,1.68,364.50,63.91,42.74,1,-1,-1,-1
321,18,81.70,345.83,22.97,20.37,1,-1,-1,-1
321,19,80.24,367.78,33.54,32.59,1,-1,-1,-1
321,20,92.13,369.45,54.28,34.82,1,-1,-1,-1
322,15,111.59,370.10,44.49,31.98,1,-1,-1,-1
322,16,1.41,364.21,62.94,42.20,1,-1,-1,-1
322,18,81.93,345.79,22.90,20.38,1,-1,-1,-1
322,19,80.10,367.79,33.60,32.65,1,-1,-1,-1
322,20,92.12,369.44,55.07,34.84,1,-1,-1,-1
323,15,111.41,370.15,44.66,31.98,1,-1,-1,-1
323,16,1.26,363.98,61.79,41.67,1,-1,-1,-1
323,18,82.16,345.75,22.83,20.39,1,-1,-1,-1
323,19,79.96,367.80,33.66,32.70,1,-1,-1,-1
323,20,92.11,369.42,55.87,34.86,1,-1,-1,-1
324,15,111.23,370.20,44.82,31.99,1,-1,-1,-1
324,16,1.17,363.78,60.43,41.14,1,-1,-1,-1
324,18,82.40,345.71,22.76,20.40,1,-1,-1,-1
324,19,79.82,367.81,33.72,32.76,1,-1,-1,-1
324,20,92.10,369.40,56.66,34.88,1,-1,-1,-1
325,15,111.05,370.24,44.99,32.00,1,-1,-1,-1
325,16,1.11,363.59,58.82,40.61,1,-1,-1,-1
325,18,82.63,345.67,22.70,20.41,1,-1,-1,-1
325,19,79.68,367.82,33.78,32.82,1,-1,-1,-1
325,20,92.09,369.38,57.45,34.90,1,-1,-1,-1
326,15,110.87,370.29,45.16,32.01,1,-1,-1,-1
326,16,1.02,363.41,56.91,40.06,1,-1,-1,-1
326,18,82.86,345.63,22.63,20.41,1,-1,-1,-1
326,19,79.54,367.82,33.84,32.87,1,-1,-1,-1
326,20,92.09,369.36,58.23,34.92,1,-1,-1,-1
327,16,0.84,363.21,54.70,39.48,1,-1,-1,-1
327,18,83.10,345.59,22.56,20.42,1,-1,-1,-1
327,19,79.40,367.83,33.90,32.93,1,-1,-1,-1
327,20,92.08,369.34,58.99,34.94,1,-1,-1,-1
328,16,0.53,362.98,52.18,38.88,1,-1,-1,-1
328,18,83.33,345.55,22.49,20.43,1,-1,-1,-1
328,19,79.25,367.84,33.96,32.98,1,-1,-1,-1
328,20,92.07,369.32,59.74,34.97,1,-1,-1,-1
329,16,0.03,362.71,49.38,38.23,1,-1,-1,-1
329,18,83.57,345.51,22.42,20.44,1,-1,-1,-1
329,19,79.11,367.85,34.01,33.04,1,-1,-1,-1
329,20,92.06,369.31,60.46,34.99,1,-1,-1,-1
330,16,-0.75,362.37,46.32,37.52,1,-1,-1,-1
330,19,78.97,367.86,34.07,33.09,1,-1,-1,-1
330,20,92.05,369.29,61.16,35.01,1,-1,-1,-1
331,19,78.83,367.86,34.13,33.15,1,-1,-1,-1
331,20,92.04,369.27,61.83,35.03,1,-1,-1,-1
332,19,78.69,367.87,34.19,33.20,1,-1,-1,-1
332,20,92.03,369.25,62.48,35.05,1,-1,-1,-1
333,19,78.55,367.88,34.25,33.26,1,-1,-1,-1
333,20,92.02,369.23,63.09,35.07,1,-1,-1,-1
334,19,78.41,367.89,34.31,33.32,1,-1,-1,-1
334,20,92.01,369.21,63.67,35.09,1,-1,-1,-1
335,19,78.27,367.89,34.37,33.37,1,-1,-1,-1
335,20,92.00,369.19,64.22,35.11,1,-1,-1,-1
336,19,78.13,367.90,34.43,33.43,1,-1,-1,-1
336,20,92.00,369.17,64.74,35.13,1,-1,-1,-1
337,19,77.99,367.91,34.49,33.48,1,-1,-1,-1
337,20,91.99,369.16,65.22,35.15,1,-1,-1,-1
338,19,77.85,367.92,34.55,33.54,1,-1,-1,-1
338,20,91.98,369.14,65.67,35.17,1,-1,-1,-1
339,19,77.71,367.93,34.61,33.59,1,-1,-1,-1
339,20,91.97,369.12,66.09,35.19,1,-1,-1,-1
340,19,77.57,367.93,34.67,33.65,1,-1,-1,-1
340,20,91.96,369.10,66.47,35.21,1,-1,-1,-1
341,19,77.43,367.94,34.73,33.71,1,-1,-1,-1
341,20,91.95,369.08,66.83,35.23,1,-1,-1,-1
342,19,77.29,367.95,34.79,33.76,1,-1,-1,-1
342,20,91.94,369.06,67.15,35.25,1,-1,-1,-1
343,19,77.14,367.96,34.85,33.82,1,-1,-1,-1
343,20,91.93,369.04,67.45,35.27,1,-1,-1,-1
344,19,77.00,367.97,34.91,33.87,1,-1,-1,-1
344,20,91.92,369.03,67.71,35.29,1,-1,-1,-1
345,19,76.86,367.97,34.97,33.93,1,-1,-1,-1
345,20,91.92,369.01,67.95,35.31,1,-1,-1,-1
346,20,91.91,368.99,68.17,35.33,1,-1,-1,-1
347,20,91.90,368.97,68.36,35.35,1,-1,-1,-1
348,20,91.89,368.95,68.53,35.38,1,-1,-1,-1
349,20,91.88,368.93,68.68,35.40,1,-1,-1,-1
350,20,91.87,368.91,68.81,35.42,1,-1,-1,-1
351,20,91.86,368.89,68.93,35.44,1,-1,-1,-1
352,20,91.85,368.88,69.02,35.46,1,-1,-1,-1
353,20,91.84,368.86,69.11,35.48,1,-1,-1,-1
354,20,91.83,368.84,69.17,35.50,1,-1,-1,-1
355,20,91.83,368.82,69.23,35.52,1,-1,-1,-1
356,20,91.82,368.80,69.27,35.54,1,-1,-1,-1
357,20,91.81,368.78,69.31,35.56,1,-1,-1,-1
358,20,91.80,368.76,69.33,35.58,1,-1,-1,-1
359,20,91.79,368.75,69.35,35.60,1,-1,-1,-1
360,20,91.78,368.73,69.36,35.62,1,-1,-1,-1
361,20,91.77,368.71,69.37,35.64,1,-1,-1,-1
362,20,91.76,368.69,69.36,35.66,1,-1,-1,-1
363,20,91.75,368.67,69.36,35.68,1,-1,-1,-1
364,20,91.75,368.65,69.35,35.70,1,-1,-1,-1
365,20,91.74,368.63,69.34,35.72,1,-1,-1,-1
366,20,91.73,368.62,69.32,35.74,1,-1,-1,-1
367,20,91.72,368.60,69.30,35.76,1,-1,-1,-1
368,20,91.71,368.58,69.28,35.78,1,-1,-1,-1
369,20,91.70,368.56,69.26,35.81,1,-1,-1,-1
370,20,91.69,368.54,69.24,35.83,1,-1,-1,-1
371,20,91.68,368.52,69.21,35.85,1,-1,-1,-1
372,20,91.67,368.50,69.18,35.87,1,-1,-1,-1
373,20,91.66,368.48,69.16,35.89,1,-1,-1,-1
374,20,91.66,368.47,69.13,35.91,1,-1,-1,-1
375,20,91.65,368.45,69.10,35.93,1,-1,-1,-1
376,20,91.64,368.43,69.07,35.95,1,-1,-1,-1
377,20,91.63,368.41,69.04,35.97,1,-1,-1,-1
378,20,91.62,368.39,69.01,35.99,1,-1,-1,-1
379,20,91.61,368.37,68.98,36.01,1,-1,-1,-1
380,20,91.60,368.35,68.95,36.03,1,-1,-1,-1
381,20,91.59,368.34,68.92,36.05,1,-1,-1,-1
382,20,91.58,368.32,68.89,36.07,1,-1,-1,-1
383,20,91.58,368.30,68.86,36.09,1,-1,-1,-1
384,20,91.57,368.28,68.83,36.11,1,-1,-1,-1
385,20,91.56,368.26,68.80,36.13,1,-1,-1,-1
386,20,91.55,368.24,68.78,36.15,1,-1,-1,-1
387,20,91.54,368.22,68.75,36.17,1,-1,-1,-1
388,20,91.53,368.20,68.73,36.19,1,-1,-1,-1
389,20,91.52,368.19,68.71,36.22,1,-1,-1,-1
390,20,91.51,368.17,68.69,36.24,1,-1,-1,-1
391,20,91.50,368.15,68.67,36.26,1,-1,-1,-1
392,20,91.49,368.13,68.65,36.28,1,-1,-1,-1
393,20,91.49,368.11,68.63,36.30,1,-1,-1,-1
394,20,91.48,368.09,68.62,36.32,1,-1,-1,-1
395,20,91.47,368.07,68.60,36.34,1,-1,-1,-1
396,20,91.46,368.06,68.59,36.36,1,-1,-1,-1
397,20,91.45,368.04,68.58,36.38,1,-1,-1,-1
398,20,91.44,368.02,68.57,36.40,1,-1,-1,-1
399,20,91.43,368.00,68.56,36.42,1,-1,-1,-1
400,20,91.42,367.98,68.55,36.44,1,-1,-1,-1
401,20,91.41,367.96,68.54,36.46,1,-1,-1,-1
402,20,91.41,367.94,68.53,36.48,1,-1,-1,-1
403,20,91.40,367.92,68.51,36.50,1,-1,-1,-1
404,20,91.39,367.91,68.50,36.52,1,-1,-1,-1
405,20,91.38,367.89,68.49,36.54,1,-1,-1,-1
406,20,91.37,367.87,68.48,36.56,1,-1,-1,-1
407,20,91.36,367.85,68.47,36.58,1,-1,-1,-1
408,20,91.35,367.83,68.46,36.60,1,-1,-1,-1
409,20,91.34,367.81,68.44,36.62,1,-1,-1,-1
410,20,91.33,367.79,68.43,36.65,1,-1,-1,-1
411,20,91.32,367.78,68.41,36.67,1,-1,-1,-1
412,20,91.32,367.76,68.40,36.69,1,-1,-1,-1
413,20,91.31,367.74,68.38,36.71,1,-1,-1,-1
414,20,91.30,367.72,68.36,36.73,1,-1,-1,-1
415,20,91.29,367.70,68.35,36.75,1,-1,-1,-1
416,20,91.28,367.68,68.33,36.77,1,-1,-1,-1
417,20,91.27,367.66,68.32,36.79,1,-1,-1,-1
418,20,91.26,367.65,68.30,36.81,1,-1,-1,-1
419,20,91.25,367.63,68.29,36.83,1,-1,-1,-1
420,20,91.24,367.61,68.28,36.85,1,-1,-1,-1
421,20,91.23,367.59,68.27,36.87,1,-1,-1,-1
422,20,91.23,367.57,68.27,36.89,1,-1,-1,-1
423,20,91.22,367.55,68.27,36.91,1,-1,-1,-1
424,20,91.21,367.53,68.28,36.93,1,-1,-1,-1
425,20,91.20,367.51,68.29,36.95,1,-1,-1,-1
426,20,91.19,367.50,68.30,36.97,1,-1,-1,-1
427,20,91.18,367.48,68.32,36.99,1,-1,-1,-1
428,20,91.17,367.46,68.35,37.01,1,-1,-1,-1
429,20,91.16,367.44,68.38,37.03,1,-1,-1,-1
430,20,91.15,367.42,68.42,37.06,1,-1,-1,-1
431,20,91.15,367.40,68.47,37.08,1,-1,-1,-1
432,20,91.14,367.38,68.53,37.10,1,-1,-1,-1
433,20,91.13,367.37,68.59,37.12,1,-1,-1,-1
434,20,91.12,367.35,68.66,37.14,1,-1,-1,-1
435,20,91.11,367.33,68.74,37.16,1,-1,-1,-1
436,20,91.10,367.31,68.82,37.18,1,-1,-1,-1
437,20,91.09,367.29,68.91,37.20,1,-1,-1,-1
438,20,91.08,367.27,69.01,37.22,1,-1,-1,-1
439,20,91.07,367.25,69.12,37.24,1,-1,-1,-1
440,20,91.06,367.23,69.23,37.26,1,-1,-1,-1
441,20,91.06,367.22,69.36,37.28,1,-1,-1,-1
442,20,91.05,367.20,69.49,37.30,1,-1,-1,-1
443,20,91.04,367.18,69.62,37.32,1,-1,-1,-1
444,20,91.03,367.16,69.77,37.34,1,-1,-1,-1
445,20,91.02,367.14,69.92,37.36,1,-1,-1,-1
446,20,91.01,367.12,70.08,37.38,1,-1,-1,-1
447,20,91.00,367.10,70.25,37.40,1,-1,-1,-1
448,20,90.99,367.09,70.42,37.42,1,-1,-1,-1
449,20,90.98,367.07,70.60,37.44,1,-1,-1,-1
450,20,90.98,367.05,70.79,37.46,1,-1,-1,-1
451,20,90.97,367.03,70.98,37.49,1,-1,-1,-1
452,20,90.96,367.01,71.18,37.51,1,-1,-1,-1
