1,2,0.000,525.696,484.342,448.300,1,-1,-1,-1
1,1,1351.102,767.483,266.311,170.825,1,-1,-1,-1
1,3,2035.015,919.935,154.230,133.710,1,-1,-1,-1
2,2,0.000,525.691,483.930,448.420,1,-1,-1,-1
2,1,1332.523,768.894,278.144,169.290,1,-1,-1,-1
2,3,2047.358,916.179,152.893,133.071,1,-1,-1,-1
3,2,0.000,525.334,483.811,448.573,1,-1,-1,-1
3,1,1299.476,770.391,298.643,170.087,1,-1,-1,-1
3,3,2052.365,918.261,152.768,129.498,1,-1,-1,-1
4,2,0.000,525.093,483.653,448.673,1,-1,-1,-1
4,3,2054.491,919.270,148.999,126.515,1,-1,-1,-1
4,1,1290.053,764.491,306.128,174.699,1,-1,-1,-1
5,4,2203.128,915.307,51.087,52.456,1,-1,-1,-1
5,2,0.000,525.287,483.736,448.574,1,-1,-1,-1
5,1,1279.315,761.324,314.702,177.786,1,-1,-1,-1
5,3,2060.863,918.326,141.810,126.684,1,-1,-1,-1
6,2,0.000,525.204,483.582,448.300,1,-1,-1,-1
6,3,2063.790,916.067,142.256,124.284,1,-1,-1,-1
6,1,1263.990,755.930,301.605,182.259,1,-1,-1,-1
6,4,2206.053,913.487,52.594,52.184,1,-1,-1,-1
7,3,2066.030,916.450,137.912,118.766,1,-1,-1,-1
7,2,0.000,525.142,483.667,448.389,1,-1,-1,-1
7,1,1242.218,757.282,314.506,179.956,1,-1,-1,-1
7,4,2205.550,914.084,52.184,52.040,1,-1,-1,-1
8,3,2070.819,915.019,134.606,117.815,1,-1,-1,-1
8,2,0.000,525.153,483.709,448.603,1,-1,-1,-1
8,1,1222.376,757.420,323.252,180.289,1,-1,-1,-1
8,4,2212.231,913.112,42.021,52.697,1,-1,-1,-1
8,5,1946.648,828.484,69.537,63.433,1,-1,-1,-1
9,1,1203.953,755.004,331.159,182.829,1,-1,-1,-1
9,3,2074.259,912.757,133.971,119.027,1,-1,-1,-1
9,2,0.000,526.012,483.340,448.023,1,-1,-1,-1
9,5,1944.607,828.848,71.966,64.219,1,-1,-1,-1
10,1,1185.529,752.589,339.065,185.368,1,-1,-1,-1
10,3,2075.857,915.137,128.230,114.207,1,-1,-1,-1
10,2,0.000,525.717,483.352,448.378,1,-1,-1,-1
10,5,1946.023,831.542,69.001,60.873,1,-1,-1,-1
11,5,1938.838,832.348,78.142,61.668,1,-1,-1,-1
11,1,1167.106,750.173,346.972,187.908,1,-1,-1,-1
11,3,2077.171,914.489,129.535,113.487,1,-1,-1,-1
11,2,0.000,529.914,479.720,443.460,1,-1,-1,-1
12,5,1937.464,831.575,78.755,64.591,1,-1,-1,-1
12,1,1144.769,745.769,360.829,193.739,1,-1,-1,-1
12,3,2079.738,911.770,130.673,115.218,1,-1,-1,-1
12,2,0.000,530.026,479.951,443.598,1,-1,-1,-1
13,5,1937.663,835.677,76.327,56.532,1,-1,-1,-1
13,3,2081.903,912.201,127.719,112.957,1,-1,-1,-1
13,1,1122.432,741.364,374.687,199.570,1,-1,-1,-1
13,2,0.000,529.361,481.237,443.751,1,-1,-1,-1
14,3,2083.175,915.257,129.225,106.418,1,-1,-1,-1
14,5,1935.548,834.861,76.950,59.052,1,-1,-1,-1
14,1,1100.095,736.960,388.544,205.401,1,-1,-1,-1
14,6,2208.132,911.652,51.626,55.403,1,-1,-1,-1
14,2,0.000,529.630,481.331,443.540,1,-1,-1,-1
15,3,2084.620,913.725,127.043,106.619,1,-1,-1,-1
15,6,2205.575,911.513,52.461,55.793,1,-1,-1,-1
15,2,0.000,529.116,481.632,443.822,1,-1,-1,-1
15,1,1073.143,735.996,406.067,205.399,1,-1,-1,-1
15,5,1933.724,835.116,77.588,59.203,1,-1,-1,-1
16,2,0.000,529.570,481.331,443.342,1,-1,-1,-1
16,6,2213.768,914.269,43.394,51.968,1,-1,-1,-1
16,5,1930.540,833.290,85.221,62.111,1,-1,-1,-1
16,7,1060.066,739.470,403.626,205.172,1,-1,-1,-1
16,3,2096.758,919.896,109.977,93.826,1,-1,-1,-1
17,5,1996.866,830.685,54.463,51.790,1,-1,-1,-1
17,7,1229.998,786.798,208.908,147.687,1,-1,-1,-1
17,6,2213.768,914.269,43.394,51.968,1,-1,-1,-1
17,3,2103.571,912.915,111.626,98.468,1,-1,-1,-1
17,2,0.000,529.515,482.354,443.500,1,-1,-1,-1
17,8,1921.564,837.659,68.776,56.377,1,-1,-1,-1
18,8,1919.103,845.912,65.716,54.002,1,-1,-1,-1
18,5,2006.322,830.915,56.889,54.451,1,-1,-1,-1
18,7,1237.448,783.361,196.090,147.329,1,-1,-1,-1
18,2,0.000,529.985,481.803,443.073,1,-1,-1,-1
18,3,2098.881,922.602,109.645,87.898,1,-1,-1,-1
18,6,2203.874,911.258,56.791,58.150,1,-1,-1,-1
19,7,1013.266,727.373,422.039,212.657,1,-1,-1,-1
19,3,2115.686,923.258,102.810,85.069,1,-1,-1,-1
19,5,1995.903,831.076,54.882,50.130,1,-1,-1,-1
19,2,0.000,529.818,482.130,443.322,1,-1,-1,-1
19,6,2168.333,898.005,55.335,54.902,1,-1,-1,-1
19,8,1915.170,837.668,68.162,56.833,1,-1,-1,-1
20,7,991.128,722.143,438.020,217.238,1,-1,-1,-1
20,8,1911.082,838.165,70.768,56.780,1,-1,-1,-1
20,2,0.000,529.436,482.894,442.916,1,-1,-1,-1
20,3,2131.297,912.577,88.947,82.307,1,-1,-1,-1
20,5,1994.561,831.168,55.603,49.723,1,-1,-1,-1
20,6,2192.512,909.006,55.335,54.902,1,-1,-1,-1
21,2,0.000,524.568,483.035,450.604,1,-1,-1,-1
21,8,1905.974,838.743,74.350,55.212,1,-1,-1,-1
21,5,1995.623,831.667,55.438,50.335,1,-1,-1,-1
21,6,2216.692,920.007,55.335,54.902,1,-1,-1,-1
21,3,2119.726,920.115,101.382,87.415,1,-1,-1,-1
21,7,974.853,719.146,441.693,223.383,1,-1,-1,-1
22,6,2216.692,920.007,55.335,54.902,1,-1,-1,-1
22,5,1997.845,831.722,52.853,50.076,1,-1,-1,-1
22,8,1902.749,839.350,73.993,55.437,1,-1,-1,-1
22,7,960.156,721.700,442.119,228.355,1,-1,-1,-1
22,3,2119.666,918.943,103.160,86.540,1,-1,-1,-1
22,2,0.000,524.855,483.338,450.477,1,-1,-1,-1
23,7,944.333,721.160,456.547,229.411,1,-1,-1,-1
23,2,0.000,524.374,484.037,450.829,1,-1,-1,-1
23,3,2132.233,910.201,91.882,88.425,1,-1,-1,-1
23,5,1996.997,832.452,53.882,49.073,1,-1,-1,-1
23,8,1898.233,838.052,74.073,56.216,1,-1,-1,-1
23,6,2216.692,920.007,55.335,54.902,1,-1,-1,-1
24,6,2216.692,920.007,55.335,54.902,1,-1,-1,-1
24,7,936.930,719.611,447.447,229.199,1,-1,-1,-1
24,8,1893.806,832.802,71.135,60.326,1,-1,-1,-1
24,2,0.000,524.859,483.391,450.505,1,-1,-1,-1
24,3,2133.050,910.118,89.026,85.208,1,-1,-1,-1
24,5,1994.860,830.513,56.979,51.388,1,-1,-1,-1
25,7,919.616,714.253,460.303,236.299,1,-1,-1,-1
25,8,1876.609,834.491,76.837,61.525,1,-1,-1,-1
25,5,1964.514,831.431,56.113,46.982,1,-1,-1,-1
25,3,2134.625,910.749,89.005,85.632,1,-1,-1,-1
25,2,0.000,523.718,483.804,451.579,1,-1,-1,-1
25,6,2206.788,914.455,44.277,54.484,1,-1,-1,-1
26,8,1868.309,835.276,80.866,59.659,1,-1,-1,-1
26,7,898.373,710.925,475.688,236.121,1,-1,-1,-1
26,2,0.000,523.083,484.616,452.093,1,-1,-1,-1
26,5,1973.901,831.355,56.565,48.150,1,-1,-1,-1
26,3,2135.866,912.253,90.373,83.358,1,-1,-1,-1
27,3,2138.210,912.680,88.404,82.607,1,-1,-1,-1
27,2,0.000,523.160,484.528,452.076,1,-1,-1,-1
27,7,892.125,705.590,487.870,240.281,1,-1,-1,-1
27,8,1861.094,833.663,83.695,62.130,1,-1,-1,-1
27,5,1983.289,831.279,57.018,49.318,1,-1,-1,-1
28,3,2139.567,912.276,92.955,82.932,1,-1,-1,-1
28,7,885.877,700.256,500.053,244.440,1,-1,-1,-1
28,8,1857.014,833.422,82.280,62.717,1,-1,-1,-1
28,2,0.000,523.296,484.373,451.510,1,-1,-1,-1
28,9,1955.537,830.646,67.632,47.021,1,-1,-1,-1
29,8,1849.987,833.072,84.558,63.112,1,-1,-1,-1
29,3,2142.031,913.697,91.045,79.539,1,-1,-1,-1
29,2,0.000,523.596,483.764,451.170,1,-1,-1,-1
29,9,1956.013,830.544,64.523,46.126,1,-1,-1,-1
29,7,878.782,699.896,492.467,245.212,1,-1,-1,-1
30,7,860.603,696.370,495.689,249.187,1,-1,-1,-1
30,2,0.000,525.940,479.586,447.462,1,-1,-1,-1
30,10,5.155,986.925,241.764,668.847,1,-1,-1,-1
30,8,1847.619,832.747,83.250,61.355,1,-1,-1,-1
30,9,1955.374,829.855,65.344,46.429,1,-1,-1,-1
30,3,2145.687,914.685,91.149,76.885,1,-1,-1,-1
31,7,864.597,698.441,495.002,242.282,1,-1,-1,-1
31,10,0.000,972.529,585.900,680.807,1,-1,-1,-1
31,8,1827.825,832.725,94.004,63.102,1,-1,-1,-1
31,9,1959.086,829.606,65.630,47.485,1,-1,-1,-1
31,3,2146.746,914.925,95.254,76.527,1,-1,-1,-1
31,2,0.000,526.496,486.865,448.488,1,-1,-1,-1
32,8,1821.049,831.624,97.762,66.666,1,-1,-1,-1
32,10,8.508,885.279,850.936,725.047,1,-1,-1,-1
32,3,2149.772,915.254,91.618,74.960,1,-1,-1,-1
32,9,1963.407,831.651,60.022,45.368,1,-1,-1,-1
32,2,0.000,522.348,480.659,456.501,1,-1,-1,-1
32,7,849.615,694.884,511.197,249.099,1,-1,-1,-1
33,2,10.333,542.897,464.974,354.868,1,-1,-1,-1
33,9,1955.807,828.934,69.540,49.380,1,-1,-1,-1
33,3,2151.303,915.303,90.565,73.634,1,-1,-1,-1
33,8,1819.573,834.645,86.728,61.341,1,-1,-1,-1
33,10,3.373,874.363,1076.384,710.784,1,-1,-1,-1
33,7,845.873,689.405,493.637,253.964,1,-1,-1,-1
34,2,0.000,539.354,483.381,340.618,1,-1,-1,-1
34,9,1954.978,827.586,70.959,50.696,1,-1,-1,-1
34,8,1814.018,832.874,87.384,63.311,1,-1,-1,-1
34,10,0.000,873.535,1341.830,752.801,1,-1,-1,-1
34,3,2150.324,914.875,92.813,73.302,1,-1,-1,-1
34,7,834.732,692.539,497.699,256.350,1,-1,-1,-1
35,7,829.368,683.749,502.765,262.995,1,-1,-1,-1
35,2,4.563,513.753,476.295,427.069,1,-1,-1,-1
35,10,0.000,866.758,1405.687,730.471,1,-1,-1,-1
35,9,1954.068,826.518,72.565,51.983,1,-1,-1,-1
35,8,1799.222,830.155,97.700,66.800,1,-1,-1,-1
35,3,2156.355,908.237,103.089,78.310,1,-1,-1,-1
36,3,2155.036,906.785,105.981,80.570,1,-1,-1,-1
36,2,5.731,528.595,465.336,439.042,1,-1,-1,-1
36,9,1956.108,826.046,68.027,51.385,1,-1,-1,-1
36,8,1792.576,828.649,98.901,66.035,1,-1,-1,-1
36,10,155.300,915.609,1377.913,632.337,1,-1,-1,-1
36,7,811.941,678.597,531.161,273.747,1,-1,-1,-1
37,9,1958.632,827.593,64.391,49.236,1,-1,-1,-1
37,10,435.232,968.846,1190.634,523.517,1,-1,-1,-1
37,3,2156.678,907.195,104.996,78.388,1,-1,-1,-1
37,8,1776.533,825.734,102.921,71.384,1,-1,-1,-1
37,2,1.493,529.400,476.564,445.718,1,-1,-1,-1
37,7,808.237,677.364,521.394,273.614,1,-1,-1,-1
38,3,2160.625,905.839,98.265,78.206,1,-1,-1,-1
38,8,1774.027,827.323,95.816,67.330,1,-1,-1,-1
38,10,669.278,970.816,1023.794,496.681,1,-1,-1,-1
38,7,804.534,676.130,511.627,273.480,1,-1,-1,-1
38,2,0.000,530.036,482.555,442.737,1,-1,-1,-1
38,9,1957.175,827.103,65.802,49.841,1,-1,-1,-1
39,9,1954.891,827.193,68.076,50.454,1,-1,-1,-1
39,3,2163.753,907.757,95.434,76.731,1,-1,-1,-1
39,7,823.671,679.356,493.771,270.733,1,-1,-1,-1
39,2,0.000,530.753,486.973,442.391,1,-1,-1,-1
39,8,1764.220,824.157,93.029,70.522,1,-1,-1,-1
39,10,882.784,971.336,873.227,464.579,1,-1,-1,-1
40,2,0.000,529.985,486.485,440.545,1,-1,-1,-1
40,7,800.833,678.198,508.587,268.187,1,-1,-1,-1
40,3,2163.887,906.826,94.504,75.906,1,-1,-1,-1
40,10,1053.008,963.441,743.502,453.827,1,-1,-1,-1
40,8,1757.253,821.815,100.803,73.849,1,-1,-1,-1
41,8,1745.503,822.588,100.812,69.446,1,-1,-1,-1
41,3,2166.918,906.075,91.960,75.405,1,-1,-1,-1
41,7,784.281,677.052,522.567,270.173,1,-1,-1,-1
41,2,0.000,528.293,482.205,441.536,1,-1,-1,-1
41,10,1165.716,970.836,706.999,411.171,1,-1,-1,-1
42,8,1734.828,820.062,110.336,73.328,1,-1,-1,-1
42,3,2169.221,904.449,91.659,76.617,1,-1,-1,-1
42,10,1282.485,979.516,632.709,385.688,1,-1,-1,-1
42,2,0.000,527.660,478.465,445.278,1,-1,-1,-1
42,7,764.922,681.901,564.006,263.209,1,-1,-1,-1
43,8,1727.311,822.900,107.576,69.507,1,-1,-1,-1
43,10,1376.019,969.961,570.328,378.680,1,-1,-1,-1
43,2,0.000,531.783,476.715,439.610,1,-1,-1,-1
43,7,750.101,680.041,571.031,265.598,1,-1,-1,-1
43,3,2173.374,905.496,86.747,73.375,1,-1,-1,-1
44,3,2174.459,905.794,86.843,73.453,1,-1,-1,-1
44,7,735.281,678.180,578.055,267.986,1,-1,-1,-1
44,8,1715.139,821.721,111.277,69.195,1,-1,-1,-1
44,2,0.000,535.460,474.541,437.391,1,-1,-1,-1
44,10,1463.633,975.094,501.760,333.230,1,-1,-1,-1
45,3,2174.347,906.123,87.457,71.255,1,-1,-1,-1
45,8,1700.530,818.349,120.748,74.211,1,-1,-1,-1
45,2,0.000,539.412,468.939,431.287,1,-1,-1,-1
45,10,1521.409,971.016,475.575,321.223,1,-1,-1,-1
45,7,720.460,676.320,585.080,270.375,1,-1,-1,-1
46,3,2178.030,908.513,88.725,67.369,1,-1,-1,-1
46,2,0.000,543.829,470.535,431.834,1,-1,-1,-1
46,7,723.401,679.331,585.120,269.970,1,-1,-1,-1
46,8,1697.699,821.590,119.306,70.893,1,-1,-1,-1
46,10,1599.926,974.497,418.454,301.851,1,-1,-1,-1
47,7,726.341,682.342,585.161,269.565,1,-1,-1,-1
47,10,1651.501,968.629,387.107,293.099,1,-1,-1,-1
47,3,2179.818,909.017,84.459,66.042,1,-1,-1,-1
47,8,1689.691,821.482,112.706,70.433,1,-1,-1,-1
47,2,5.180,544.190,459.017,434.142,1,-1,-1,-1
48,3,2182.100,907.963,82.951,67.442,1,-1,-1,-1
48,7,719.880,679.614,588.362,274.709,1,-1,-1,-1
48,2,1.846,539.531,454.854,434.326,1,-1,-1,-1
48,8,1669.375,812.548,121.967,78.899,1,-1,-1,-1
48,10,1695.554,968.340,361.337,279.548,1,-1,-1,-1
49,7,706.980,675.690,582.790,279.868,1,-1,-1,-1
49,2,0.000,525.243,443.610,449.609,1,-1,-1,-1
49,10,1731.387,966.346,339.891,263.454,1,-1,-1,-1
49,8,1660.622,809.404,127.063,82.966,1,-1,-1,-1
49,3,2182.822,909.285,81.491,64.992,1,-1,-1,-1
50,10,1763.166,974.995,325.730,233.507,1,-1,-1,-1
50,2,3.922,539.478,419.820,440.572,1,-1,-1,-1
50,8,1654.438,811.706,128.357,78.039,1,-1,-1,-1
50,7,703.002,669.025,586.956,286.714,1,-1,-1,-1
50,3,2185.700,910.975,79.056,62.471,1,-1,-1,-1
51,10,1794.049,973.536,298.939,214.969,1,-1,-1,-1
51,3,2189.435,910.713,76.739,61.664,1,-1,-1,-1
51,11,1955.240,826.840,69.552,50.672,1,-1,-1,-1
51,8,1642.684,809.233,130.825,80.812,1,-1,-1,-1
51,7,703.367,669.551,578.492,285.691,1,-1,-1,-1
51,2,5.078,555.277,395.983,422.714,1,-1,-1,-1
52,3,2190.237,909.758,78.515,62.645,1,-1,-1,-1
52,7,703.732,670.076,570.028,284.668,1,-1,-1,-1
52,11,1955.694,826.571,68.615,52.252,1,-1,-1,-1
52,10,1820.829,973.258,280.362,210.949,1,-1,-1,-1
52,8,1621.263,810.203,146.671,83.060,1,-1,-1,-1
52,12,1764.009,817.816,43.043,33.435,1,-1,-1,-1
52,2,11.495,578.916,373.841,395.400,1,-1,-1,-1
53,2,10.077,597.848,362.717,372.963,1,-1,-1,-1
53,10,1840.570,969.053,266.009,204.898,1,-1,-1,-1
53,11,1955.614,826.433,68.007,52.194,1,-1,-1,-1
53,3,2191.046,910.292,79.070,61.494,1,-1,-1,-1
53,7,689.504,665.927,573.928,288.546,1,-1,-1,-1
53,12,1758.943,816.961,40.532,35.227,1,-1,-1,-1
53,8,1612.791,805.605,143.262,89.110,1,-1,-1,-1
54,7,679.793,667.116,582.745,285.707,1,-1,-1,-1
54,8,1587.439,804.732,150.380,86.941,1,-1,-1,-1
54,10,1856.720,964.984,261.270,195.805,1,-1,-1,-1
54,3,2192.761,910.325,78.005,59.654,1,-1,-1,-1
54,2,9.673,590.761,318.858,393.619,1,-1,-1,-1
54,12,1744.981,813.416,33.138,37.407,1,-1,-1,-1
55,12,1741.297,810.696,37.826,41.772,1,-1,-1,-1
55,8,1579.495,801.852,149.656,88.540,1,-1,-1,-1
55,2,13.388,586.439,291.502,402.765,1,-1,-1,-1
55,3,2194.285,910.020,76.600,61.183,1,-1,-1,-1
55,10,1877.836,964.994,250.586,184.967,1,-1,-1,-1
55,7,673.270,663.298,584.197,288.503,1,-1,-1,-1
56,2,0.000,609.506,279.038,366.588,1,-1,-1,-1
56,12,1737.399,810.289,40.100,42.286,1,-1,-1,-1
56,10,1890.839,965.520,239.378,179.188,1,-1,-1,-1
56,3,2193.948,910.838,76.864,59.934,1,-1,-1,-1
56,7,655.031,667.373,618.704,287.449,1,-1,-1,-1
56,8,1572.071,801.303,146.400,91.874,1,-1,-1,-1
57,2,7.942,599.463,224.627,288.088,1,-1,-1,-1
57,12,1737.365,809.938,39.744,42.376,1,-1,-1,-1
57,3,2195.074,910.568,75.641,60.237,1,-1,-1,-1
57,7,636.793,671.449,653.211,286.395,1,-1,-1,-1
57,8,1547.639,798.610,156.523,93.026,1,-1,-1,-1
57,10,1903.843,966.046,228.169,173.408,1,-1,-1,-1
58,3,2196.635,907.493,76.178,63.194,1,-1,-1,-1
58,7,610.464,666.126,649.089,291.797,1,-1,-1,-1
58,2,1.205,624.248,171.286,232.083,1,-1,-1,-1
58,10,1916.846,966.572,216.961,167.629,1,-1,-1,-1
58,8,1530.696,794.848,161.128,95.723,1,-1,-1,-1
59,8,1506.987,793.741,162.655,96.206,1,-1,-1,-1
59,7,584.135,660.803,644.966,297.198,1,-1,-1,-1
59,10,1931.046,965.207,209.109,161.496,1,-1,-1,-1
59,3,2195.402,906.852,76.603,64.258,1,-1,-1,-1
60,8,1497.006,792.931,164.294,95.931,1,-1,-1,-1
60,10,1946.924,961.511,201.037,157.761,1,-1,-1,-1
60,3,2198.468,907.903,75.567,62.238,1,-1,-1,-1
60,7,587.242,657.897,634.002,300.861,1,-1,-1,-1
61,8,1467.913,785.772,182.699,101.173,1,-1,-1,-1
61,10,1956.757,959.533,194.203,153.720,1,-1,-1,-1
61,3,2198.622,907.117,77.253,62.656,1,-1,-1,-1
61,7,576.285,657.048,640.891,303.274,1,-1,-1,-1
62,10,1970.193,955.010,183.165,153.526,1,-1,-1,-1
62,8,1448.548,786.479,180.132,102.614,1,-1,-1,-1
62,3,2202.858,911.269,69.445,58.047,1,-1,-1,-1
62,7,559.554,660.969,635.816,294.754,1,-1,-1,-1
63,10,1983.630,950.488,172.127,153.332,1,-1,-1,-1
63,3,2204.967,913.414,66.728,54.583,1,-1,-1,-1
63,8,1424.662,781.714,189.669,107.377,1,-1,-1,-1
63,7,545.049,657.880,631.311,303.124,1,-1,-1,-1
64,10,1991.113,949.615,168.128,149.159,1,-1,-1,-1
64,3,2205.421,912.466,65.552,54.372,1,-1,-1,-1
64,7,511.117,649.749,648.498,308.336,1,-1,-1,-1
64,8,1408.362,777.131,188.209,115.024,1,-1,-1,-1
65,10,2001.317,944.842,163.609,146.223,1,-1,-1,-1
65,3,2205.811,910.857,65.535,54.324,1,-1,-1,-1
65,7,477.184,641.618,665.686,313.547,1,-1,-1,-1
65,8,1371.517,775.495,208.552,114.872,1,-1,-1,-1
66,7,440.247,640.836,699.673,313.520,1,-1,-1,-1
66,10,2006.256,947.516,168.940,135.491,1,-1,-1,-1
66,8,1356.296,772.934,215.048,114.820,1,-1,-1,-1
66,3,2204.901,910.922,66.256,54.512,1,-1,-1,-1
67,8,1328.691,770.213,217.453,118.139,1,-1,-1,-1
67,3,2204.407,909.495,67.844,55.660,1,-1,-1,-1
67,7,395.874,640.869,711.396,315.682,1,-1,-1,-1
67,10,2015.659,946.743,162.037,130.059,1,-1,-1,-1
68,3,2207.149,909.282,64.369,55.019,1,-1,-1,-1
68,8,1308.355,764.732,226.590,123.266,1,-1,-1,-1
68,7,349.428,632.617,744.383,327.253,1,-1,-1,-1
68,10,2021.455,943.935,154.668,128.977,1,-1,-1,-1
69,3,2207.673,910.806,62.684,53.768,1,-1,-1,-1
69,7,302.983,624.364,777.371,338.824,1,-1,-1,-1
69,8,1273.026,758.246,236.424,124.679,1,-1,-1,-1
69,10,2027.395,942.685,151.777,125.348,1,-1,-1,-1
70,3,2210.449,910.313,58.081,52.887,1,-1,-1,-1
70,7,274.096,619.732,758.664,341.622,1,-1,-1,-1
70,8,1245.025,757.172,234.851,124.289,1,-1,-1,-1
70,10,2031.651,941.908,146.438,124.162,1,-1,-1,-1
71,7,183.352,608.055,829.182,357.420,1,-1,-1,-1
71,3,2209.407,910.184,57.526,52.544,1,-1,-1,-1
71,8,1225.403,752.212,244.628,129.335,1,-1,-1,-1
71,10,2037.926,941.898,140.945,121.056,1,-1,-1,-1
72,3,2210.704,911.135,54.982,49.938,1,-1,-1,-1
72,7,92.608,596.377,899.699,373.218,1,-1,-1,-1
72,10,2042.934,942.033,138.467,119.807,1,-1,-1,-1
72,8,1187.519,752.479,261.867,128.373,1,-1,-1,-1
73,7,48.934,593.839,863.243,369.528,1,-1,-1,-1
73,8,1157.231,745.622,273.268,134.961,1,-1,-1,-1
73,3,2211.581,910.239,53.853,50.109,1,-1,-1,-1
73,10,2048.496,940.578,133.812,117.872,1,-1,-1,-1
74,7,9.659,579.029,868.054,390.222,1,-1,-1,-1
74,3,2208.418,908.909,50.962,42.683,1,-1,-1,-1
74,8,1134.141,741.573,284.564,136.278,1,-1,-1,-1
74,10,2049.741,939.464,132.458,116.667,1,-1,-1,-1
75,10,2048.230,940.085,134.584,113.758,1,-1,-1,-1
75,7,0.000,566.228,864.211,406.188,1,-1,-1,-1
75,3,2216.268,912.373,49.352,46.372,1,-1,-1,-1
75,8,1080.572,735.989,303.071,137.149,1,-1,-1,-1
76,10,2050.389,938.177,132.638,111.966,1,-1,-1,-1
76,13,0.000,564.689,834.946,405.798,1,-1,-1,-1
76,3,2216.799,913.871,48.347,45.866,1,-1,-1,-1
76,8,1055.464,727.716,299.612,147.602,1,-1,-1,-1
77,3,2216.628,913.507,48.495,45.834,1,-1,-1,-1
77,8,1005.762,723.566,315.675,149.971,1,-1,-1,-1
77,10,2065.963,934.244,122.113,102.566,1,-1,-1,-1
77,7,0.000,557.727,802.840,406.783,1,-1,-1,-1
78,3,2217.064,913.921,48.495,45.834,1,-1,-1,-1
78,8,969.476,718.350,318.885,155.174,1,-1,-1,-1
78,7,0.000,546.617,716.557,416.462,1,-1,-1,-1
78,10,2077.650,935.204,107.887,96.064,1,-1,-1,-1
78,14,1942.073,829.314,76.941,65.405,1,-1,-1,-1
79,8,927.276,707.622,335.786,163.593,1,-1,-1,-1
79,10,2079.261,935.433,105.048,92.336,1,-1,-1,-1
79,14,1937.939,830.374,80.558,65.095,1,-1,-1,-1
79,3,2215.522,913.065,50.017,46.510,1,-1,-1,-1
79,7,3.359,536.916,653.405,427.327,1,-1,-1,-1
80,3,2216.638,908.143,62.160,54.397,1,-1,-1,-1
80,10,2082.037,935.036,106.468,90.951,1,-1,-1,-1
80,7,22.542,525.516,569.754,436.111,1,-1,-1,-1
80,8,887.918,707.366,342.025,164.126,1,-1,-1,-1
80,14,1934.226,830.037,85.395,67.398,1,-1,-1,-1
81,3,2216.178,911.241,61.015,51.735,1,-1,-1,-1
81,10,2084.626,934.039,106.009,88.952,1,-1,-1,-1
81,14,1931.693,829.437,83.021,67.077,1,-1,-1,-1
81,7,1.234,510.934,500.910,452.660,1,-1,-1,-1
81,8,829.078,689.533,373.579,181.297,1,-1,-1,-1
82,3,2217.209,912.247,61.015,51.735,1,-1,-1,-1
82,8,776.528,685.641,377.747,180.277,1,-1,-1,-1
82,7,0.000,517.441,411.109,457.659,1,-1,-1,-1
82,10,2085.628,931.432,105.360,87.429,1,-1,-1,-1
82,14,1929.332,830.701,86.932,65.325,1,-1,-1,-1
83,8,701.797,679.041,406.973,187.568,1,-1,-1,-1
83,3,2218.241,913.254,61.015,51.735,1,-1,-1,-1
83,10,2091.824,930.423,102.290,85.783,1,-1,-1,-1
83,7,0.000,604.402,312.439,380.610,1,-1,-1,-1
83,14,1927.015,830.980,88.481,63.651,1,-1,-1,-1
84,7,1.869,609.569,209.700,276.032,1,-1,-1,-1
84,14,1920.888,836.446,72.323,57.118,1,-1,-1,-1
84,8,643.712,667.841,432.252,200.966,1,-1,-1,-1
84,3,2219.272,914.261,61.015,51.735,1,-1,-1,-1
84,10,2091.543,926.987,105.641,88.144,1,-1,-1,-1
85,3,2224.556,911.709,52.106,37.886,1,-1,-1,-1
85,10,2094.832,927.984,98.478,84.429,1,-1,-1,-1
85,8,577.448,662.631,464.439,203.024,1,-1,-1,-1
85,14,1917.887,838.527,72.823,53.585,1,-1,-1,-1
86,10,2097.145,923.349,100.376,87.774,1,-1,-1,-1
86,14,1914.525,836.287,73.189,56.835,1,-1,-1,-1
86,8,511.961,654.418,474.709,210.102,1,-1,-1,-1
87,14,1907.047,836.914,75.930,58.092,1,-1,-1,-1
87,10,2097.212,922.351,104.040,86.372,1,-1,-1,-1
87,8,428.219,647.119,550.493,211.064,1,-1,-1,-1
88,14,1901.306,836.439,78.036,59.912,1,-1,-1,-1
88,10,2099.313,921.744,103.375,86.715,1,-1,-1,-1
88,8,349.356,637.882,579.773,216.267,1,-1,-1,-1
89,14,1896.957,838.116,79.264,57.218,1,-1,-1,-1
89,8,273.489,626.597,580.848,230.935,1,-1,-1,-1
89,10,2097.399,923.125,107.498,83.330,1,-1,-1,-1
90,14,1896.515,835.759,73.753,58.371,1,-1,-1,-1
90,10,2098.687,921.545,104.977,81.499,1,-1,-1,-1
90,8,188.716,607.506,624.786,251.449,1,-1,-1,-1
91,10,2099.050,922.611,105.379,80.380,1,-1,-1,-1
91,14,1874.563,832.403,75.770,60.192,1,-1,-1,-1
91,8,78.926,597.756,671.972,253.105,1,-1,-1,-1
92,10,2102.978,922.958,103.207,78.823,1,-1,-1,-1
92,8,0.000,598.025,713.147,256.494,1,-1,-1,-1
92,14,1866.072,833.774,81.815,58.797,1,-1,-1,-1
93,15,6.815,814.338,519.687,632.664,1,-1,-1,-1
93,10,2100.651,925.101,105.663,76.190,1,-1,-1,-1
93,8,3.016,585.119,624.476,268.504,1,-1,-1,-1
93,14,1861.118,832.731,83.588,59.806,1,-1,-1,-1
94,10,2107.497,924.482,97.929,73.736,1,-1,-1,-1
94,8,0.000,562.744,564.200,264.448,1,-1,-1,-1
94,14,1853.408,832.531,87.362,61.452,1,-1,-1,-1
94,15,8.177,738.663,758.389,683.122,1,-1,-1,-1
95,15,0.000,638.808,961.304,833.882,1,-1,-1,-1
95,8,8.244,552.773,482.639,223.416,1,-1,-1,-1
95,10,2126.468,916.051,75.627,70.028,1,-1,-1,-1
95,14,1848.474,828.624,84.298,65.075,1,-1,-1,-1
96,10,2127.101,917.184,79.162,73.465,1,-1,-1,-1
96,8,4.440,536.725,425.750,208.711,1,-1,-1,-1
96,14,1846.628,828.587,82.931,64.102,1,-1,-1,-1
96,15,0.000,647.262,1132.702,760.104,1,-1,-1,-1
97,15,66.734,746.243,1130.296,607.246,1,-1,-1,-1
97,10,2128.845,917.904,78.589,73.393,1,-1,-1,-1
97,8,5.320,533.637,308.585,298.200,1,-1,-1,-1
97,14,1825.984,831.710,95.294,60.670,1,-1,-1,-1
98,8,1.494,520.926,217.662,305.960,1,-1,-1,-1
98,14,1825.717,828.336,86.292,65.718,1,-1,-1,-1
98,15,333.261,736.609,1002.023,556.568,1,-1,-1,-1
98,10,2130.391,916.122,75.773,74.245,1,-1,-1,-1
99,8,6.048,518.262,136.081,286.108,1,-1,-1,-1
99,10,2131.866,915.996,74.827,72.257,1,-1,-1,-1
99,14,1813.473,829.110,90.881,63.696,1,-1,-1,-1
99,15,569.422,752.632,842.995,500.003,1,-1,-1,-1
100,10,2135.326,916.824,75.641,72.661,1,-1,-1,-1
100,14,1802.283,826.757,95.299,67.270,1,-1,-1,-1
100,15,731.803,768.397,755.689,464.093,1,-1,-1,-1
101,15,878.818,786.946,669.056,403.710,1,-1,-1,-1
101,14,1793.280,824.643,98.242,66.552,1,-1,-1,-1
101,10,2134.364,915.905,77.710,72.213,1,-1,-1,-1
102,15,1036.432,795.786,559.600,376.936,1,-1,-1,-1
102,14,1776.104,820.321,104.814,74.648,1,-1,-1,-1
102,10,2136.575,918.105,76.872,69.910,1,-1,-1,-1
103,10,2139.140,919.798,79.318,66.543,1,-1,-1,-1
103,14,1766.028,819.618,104.314,74.553,1,-1,-1,-1
103,15,1127.935,807.277,512.753,345.831,1,-1,-1,-1
104,10,2139.021,918.921,79.756,68.489,1,-1,-1,-1
104,14,1757.682,814.224,107.701,81.008,1,-1,-1,-1
104,15,1212.344,815.590,469.012,305.907,1,-1,-1,-1
105,10,2140.833,924.283,82.576,59.806,1,-1,-1,-1
105,15,1301.761,830.338,414.956,276.734,1,-1,-1,-1
105,14,1752.755,810.978,104.971,83.120,1,-1,-1,-1
106,10,2141.840,921.657,86.628,64.222,1,-1,-1,-1
106,15,1372.369,839.734,379.088,255.253,1,-1,-1,-1
106,14,1739.972,812.849,109.518,78.645,1,-1,-1,-1
107,10,2145.375,920.510,86.787,65.727,1,-1,-1,-1
107,15,1427.880,841.801,356.516,243.967,1,-1,-1,-1
107,14,1730.025,817.436,112.270,72.962,1,-1,-1,-1
108,10,2165.087,914.159,99.365,74.466,1,-1,-1,-1
108,14,1708.318,815.565,128.061,74.721,1,-1,-1,-1
108,15,1483.719,853.391,329.450,213.990,1,-1,-1,-1
109,14,1712.770,814.060,115.511,70.278,1,-1,-1,-1
109,10,2169.828,917.172,94.614,69.627,1,-1,-1,-1
109,15,1529.189,853.425,304.711,209.615,1,-1,-1,-1
110,15,1577.649,859.775,279.308,191.038,1,-1,-1,-1
110,10,2165.652,915.726,104.717,75.105,1,-1,-1,-1
110,14,1714.911,804.162,104.458,58.567,1,-1,-1,-1
111,14,1704.622,795.510,105.475,63.352,1,-1,-1,-1
111,15,1620.651,850.878,264.263,195.606,1,-1,-1,-1
111,10,2162.211,934.062,111.584,62.815,1,-1,-1,-1
112,14,1675.181,805.328,108.870,63.371,1,-1,-1,-1
112,10,2163.619,932.670,110.334,64.310,1,-1,-1,-1
112,15,1646.997,862.852,249.745,173.898,1,-1,-1,-1
113,14,1656.806,804.542,116.884,81.812,1,-1,-1,-1
113,10,2165.298,927.584,113.383,67.941,1,-1,-1,-1
113,15,1685.809,873.381,234.212,154.097,1,-1,-1,-1
114,15,1713.603,871.734,225.388,155.294,1,-1,-1,-1
114,10,2172.010,932.044,106.714,64.528,1,-1,-1,-1
114,14,1641.111,798.992,122.318,89.600,1,-1,-1,-1
115,15,1726.937,863.304,224.089,159.039,1,-1,-1,-1
115,16,0.000,981.998,181.211,384.473,1,-1,-1,-1
115,10,2175.251,937.366,102.401,58.875,1,-1,-1,-1
115,14,1628.156,800.361,141.098,88.734,1,-1,-1,-1
116,14,1609.504,804.904,117.172,81.874,1,-1,-1,-1
116,16,4.244,833.140,506.704,522.754,1,-1,-1,-1
116,10,2181.985,936.906,96.925,59.302,1,-1,-1,-1
116,15,1759.059,870.123,210.973,151.195,1,-1,-1,-1
116,17,1765.539,819.773,37.019,31.015,1,-1,-1,-1
117,17,1764.532,822.040,35.703,32.310,1,-1,-1,-1
117,16,3.124,738.582,774.170,590.487,1,-1,-1,-1
117,14,1589.561,797.267,158.418,89.729,1,-1,-1,-1
117,10,2186.739,934.545,94.314,63.484,1,-1,-1,-1
117,15,1776.181,874.973,204.001,143.515,1,-1,-1,-1
118,17,1738.016,811.025,39.601,42.944,1,-1,-1,-1
118,16,9.773,802.551,938.151,529.830,1,-1,-1,-1
118,10,2190.622,935.301,89.345,63.500,1,-1,-1,-1
118,14,1574.117,798.345,155.375,89.582,1,-1,-1,-1
118,15,1801.242,870.632,184.036,143.598,1,-1,-1,-1
119,10,2202.564,943.653,75.478,52.479,1,-1,-1,-1
119,15,1818.756,877.861,179.577,129.703,1,-1,-1,-1
119,14,1552.510,796.558,158.866,92.840,1,-1,-1,-1
119,17,1735.891,811.622,41.898,39.757,1,-1,-1,-1
119,16,94.030,782.547,991.588,480.552,1,-1,-1,-1
120,16,398.970,780.811,826.277,466.657,1,-1,-1,-1
120,10,2210.464,917.358,71.830,68.924,1,-1,-1,-1
120,15,1841.191,881.091,167.655,122.279,1,-1,-1,-1
120,14,1537.823,790.020,156.807,100.170,1,-1,-1,-1
121,16,618.464,803.442,716.273,395.509,1,-1,-1,-1
121,15,1853.473,878.973,159.996,125.410,1,-1,-1,-1
121,10,2210.034,931.876,69.440,64.931,1,-1,-1,-1
121,14,1515.094,788.820,163.215,100.248,1,-1,-1,-1
122,14,1492.365,787.619,169.623,100.327,1,-1,-1,-1
122,15,1867.642,876.597,152.646,122.064,1,-1,-1,-1
122,16,815.259,817.039,621.940,350.646,1,-1,-1,-1
123,14,1469.635,786.419,176.031,100.406,1,-1,-1,-1
123,15,1884.636,872.264,146.246,123.036,1,-1,-1,-1
123,16,952.131,830.916,534.448,310.115,1,-1,-1,-1
124,16,1069.725,837.058,479.631,286.460,1,-1,-1,-1
124,14,1446.906,785.218,182.439,100.484,1,-1,-1,-1
124,15,1896.232,881.934,138.482,110.754,1,-1,-1,-1
125,14,1427.635,775.391,188.518,106.159,1,-1,-1,-1
125,16,1176.747,845.659,426.034,257.173,1,-1,-1,-1
125,15,1905.446,881.276,133.365,109.025,1,-1,-1,-1
126,14,1391.529,770.241,200.087,100.952,1,-1,-1,-1
126,16,1253.653,849.706,392.755,233.902,1,-1,-1,-1
126,15,1920.663,878.175,132.149,106.396,1,-1,-1,-1
127,15,1932.442,878.150,126.096,102.674,1,-1,-1,-1
127,16,1336.183,860.026,355.242,212.617,1,-1,-1,-1
127,14,1480.115,788.587,102.313,75.642,1,-1,-1,-1
128,15,1942.601,869.113,123.592,107.035,1,-1,-1,-1
128,16,1408.466,856.778,315.120,198.951,1,-1,-1,-1
128,14,1349.883,766.815,214.055,106.784,1,-1,-1,-1
129,14,1316.765,761.279,228.273,115.198,1,-1,-1,-1
129,16,1461.089,860.909,293.495,186.005,1,-1,-1,-1
129,15,1952.065,870.288,123.904,105.882,1,-1,-1,-1
130,16,1518.599,867.393,257.353,171.582,1,-1,-1,-1
130,14,1283.646,755.744,242.492,123.612,1,-1,-1,-1
130,15,1958.780,867.465,122.961,107.416,1,-1,-1,-1
131,18,5.350,868.045,284.719,411.129,1,-1,-1,-1
131,14,1250.528,750.208,256.710,132.026,1,-1,-1,-1
131,15,1972.081,871.496,103.551,99.961,1,-1,-1,-1
131,16,1550.711,865.472,259.157,168.108,1,-1,-1,-1
132,18,9.340,716.463,580.596,535.962,1,-1,-1,-1
132,15,1967.956,869.683,120.255,101.974,1,-1,-1,-1
132,14,1217.410,744.672,270.928,140.440,1,-1,-1,-1
132,16,1594.656,872.145,236.368,154.930,1,-1,-1,-1
133,15,1981.789,877.182,107.680,92.371,1,-1,-1,-1
133,14,1192.276,743.801,270.838,135.439,1,-1,-1,-1
133,18,4.607,747.910,818.483,522.157,1,-1,-1,-1
133,16,1628.555,873.989,227.920,153.350,1,-1,-1,-1
134,18,60.039,739.739,944.877,482.029,1,-1,-1,-1
134,15,1984.742,879.233,104.628,88.642,1,-1,-1,-1
134,14,1155.617,736.946,287.380,147.197,1,-1,-1,-1
134,16,1665.125,876.129,220.055,145.447,1,-1,-1,-1
135,18,365.812,754.870,778.241,432.232,1,-1,-1,-1
135,16,1695.233,876.404,199.795,138.556,1,-1,-1,-1
135,14,1111.734,730.963,303.909,149.851,1,-1,-1,-1
135,15,2003.610,882.549,90.051,78.236,1,-1,-1,-1
136,16,1719.389,882.266,183.808,131.059,1,-1,-1,-1
136,18,601.519,789.068,660.388,355.445,1,-1,-1,-1
136,15,2009.077,882.918,87.584,77.929,1,-1,-1,-1
136,14,1067.852,724.980,320.439,152.505,1,-1,-1,-1
137,16,1745.074,884.553,178.597,121.463,1,-1,-1,-1
137,19,1953.434,856.544,70.368,50.859,1,-1,-1,-1
137,18,802.530,807.040,555.334,304.755,1,-1,-1,-1
137,15,2016.502,882.517,87.227,78.585,1,-1,-1,-1
137,14,1047.139,721.137,306.318,146.953,1,-1,-1,-1
138,16,1769.415,885.185,168.234,119.046,1,-1,-1,-1
138,19,1946.098,853.575,75.417,54.212,1,-1,-1,-1
138,18,930.407,824.268,525.579,267.678,1,-1,-1,-1
138,14,984.365,717.522,343.481,118.610,1,-1,-1,-1
138,15,2021.780,883.686,84.576,75.860,1,-1,-1,-1
139,14,939.566,697.423,348.604,163.572,1,-1,-1,-1
139,18,1052.267,824.424,455.156,254.013,1,-1,-1,-1
139,19,1939.192,853.802,79.022,52.369,1,-1,-1,-1
139,15,2025.020,884.094,87.713,73.967,1,-1,-1,-1
139,16,1790.275,883.335,155.221,115.011,1,-1,-1,-1
140,14,887.749,688.671,390.824,179.534,1,-1,-1,-1
140,15,2032.385,883.372,83.405,71.940,1,-1,-1,-1
140,19,1937.023,849.553,77.503,53.289,1,-1,-1,-1
140,18,1169.399,836.706,391.788,230.864,1,-1,-1,-1
140,16,1811.431,889.658,145.483,104.783,1,-1,-1,-1
141,19,1937.131,848.705,74.456,53.866,1,-1,-1,-1
141,15,2037.414,883.499,79.631,69.562,1,-1,-1,-1
141,18,1239.986,830.563,371.610,230.738,1,-1,-1,-1
141,14,825.694,689.511,412.114,184.998,1,-1,-1,-1
141,16,1827.414,886.670,144.385,105.204,1,-1,-1,-1
142,20,2.852,1244.373,709.178,674.680,1,-1,-1,-1
142,18,1329.095,838.966,323.369,199.666,1,-1,-1,-1
142,19,1943.206,838.195,73.539,53.405,1,-1,-1,-1
142,14,762.438,673.426,459.710,200.647,1,-1,-1,-1
142,15,2041.529,880.948,85.026,72.494,1,-1,-1,-1
142,16,1846.526,884.453,132.437,107.146,1,-1,-1,-1
143,18,1396.235,848.366,301.521,177.042,1,-1,-1,-1
143,20,19.659,1068.898,1147.315,846.149,1,-1,-1,-1
143,15,2046.380,882.435,79.107,70.605,1,-1,-1,-1
143,16,1861.125,868.384,128.847,114.027,1,-1,-1,-1
143,14,710.235,660.682,470.787,220.662,1,-1,-1,-1
143,19,1947.604,831.547,67.143,58.634,1,-1,-1,-1
144,18,1457.985,851.789,272.800,171.509,1,-1,-1,-1
144,15,2052.830,883.665,76.744,66.896,1,-1,-1,-1
144,16,1877.283,868.243,123.650,114.287,1,-1,-1,-1
144,19,1976.976,844.243,67.494,56.254,1,-1,-1,-1
144,20,19.781,1048.190,1321.355,799.557,1,-1,-1,-1
144,14,640.877,649.942,495.595,229.957,1,-1,-1,-1
145,18,1501.976,861.956,255.622,150.729,1,-1,-1,-1
145,16,1891.801,866.524,117.773,112.385,1,-1,-1,-1
145,19,2002.122,851.859,67.494,56.254,1,-1,-1,-1
145,20,0.000,1007.668,1637.394,908.567,1,-1,-1,-1
145,14,571.519,639.202,520.403,239.253,1,-1,-1,-1
145,15,2056.672,884.386,74.726,64.865,1,-1,-1,-1
146,20,538.948,1005.574,1162.225,717.241,1,-1,-1,-1
146,21,1907.268,838.038,78.802,53.416,1,-1,-1,-1
146,15,2065.787,887.559,67.292,59.713,1,-1,-1,-1
146,16,1892.313,872.171,123.111,104.970,1,-1,-1,-1
146,18,1546.824,862.363,234.638,153.413,1,-1,-1,-1
146,14,502.161,628.462,545.211,248.548,1,-1,-1,-1
146,19,2027.268,859.476,67.494,56.254,1,-1,-1,-1
147,21,1901.060,839.269,85.854,53.205,1,-1,-1,-1
147,16,1910.762,894.874,115.390,80.398,1,-1,-1,-1
147,18,1589.643,871.226,224.441,139.818,1,-1,-1,-1
147,20,911.628,990.066,841.434,567.750,1,-1,-1,-1
147,19,2071.728,891.922,65.185,52.165,1,-1,-1,-1
147,14,423.388,619.628,581.610,252.361,1,-1,-1,-1
148,18,1625.203,872.099,206.081,138.049,1,-1,-1,-1
148,20,1133.006,968.100,691.803,503.073,1,-1,-1,-1
148,21,1896.970,839.562,83.663,53.205,1,-1,-1,-1
148,19,2074.485,889.477,68.186,52.710,1,-1,-1,-1
148,14,344.615,610.793,618.009,256.173,1,-1,-1,-1
148,16,1924.302,896.558,110.353,74.843,1,-1,-1,-1
149,18,1649.350,874.250,214.998,131.595,1,-1,-1,-1
149,20,1296.135,981.269,582.259,416.807,1,-1,-1,-1
149,15,2080.052,880.843,68.048,61.886,1,-1,-1,-1
149,14,251.846,601.908,633.056,264.783,1,-1,-1,-1
149,16,1937.458,894.349,102.542,74.721,1,-1,-1,-1
149,21,1898.360,838.379,77.842,55.520,1,-1,-1,-1
150,18,1675.814,868.078,197.054,136.623,1,-1,-1,-1
150,15,2078.009,894.144,65.335,47.056,1,-1,-1,-1
150,16,1945.352,896.153,102.490,70.771,1,-1,-1,-1
150,20,1420.293,972.317,514.723,352.334,1,-1,-1,-1
150,21,1880.771,839.990,74.123,54.061,1,-1,-1,-1
150,19,2110.225,897.436,43.764,35.460,1,-1,-1,-1
150,14,162.551,590.957,660.547,274.431,1,-1,-1,-1
151,15,2082.216,893.787,63.136,45.583,1,-1,-1,-1
151,21,1871.084,837.081,86.994,58.632,1,-1,-1,-1
151,16,1964.448,892.626,93.070,68.621,1,-1,-1,-1
151,14,28.711,565.565,763.448,294.455,1,-1,-1,-1
151,22,1960.135,838.261,55.643,42.939,1,-1,-1,-1
151,20,1522.289,967.825,435.943,310.313,1,-1,-1,-1
151,18,1709.389,876.507,179.360,124.265,1,-1,-1,-1
152,22,1964.661,836.999,51.844,43.552,1,-1,-1,-1
152,14,4.117,561.125,739.530,296.405,1,-1,-1,-1
152,16,1970.039,890.428,91.558,73.197,1,-1,-1,-1
152,20,1608.454,947.531,388.677,307.019,1,-1,-1,-1
152,18,1738.841,874.000,164.180,112.307,1,-1,-1,-1
152,15,2081.540,892.867,65.097,48.092,1,-1,-1,-1
152,21,1862.689,831.299,91.407,65.383,1,-1,-1,-1
153,18,1765.714,871.294,151.529,107.582,1,-1,-1,-1
153,20,1670.478,964.244,335.889,243.254,1,-1,-1,-1
153,21,1856.092,833.352,89.695,59.885,1,-1,-1,-1
153,16,1975.801,891.365,93.400,71.205,1,-1,-1,-1
153,22,1965.462,837.228,55.335,42.323,1,-1,-1,-1
153,14,14.514,550.205,665.195,310.208,1,-1,-1,-1
153,15,2100.500,893.622,63.928,41.454,1,-1,-1,-1
154,16,1980.581,889.852,97.045,70.310,1,-1,-1,-1
154,15,2103.286,894.314,62.514,41.288,1,-1,-1,-1
154,18,1785.488,857.767,142.972,109.782,1,-1,-1,-1
154,20,1714.869,961.270,308.375,225.631,1,-1,-1,-1
154,14,2.564,525.731,598.033,331.082,1,-1,-1,-1
155,18,1801.836,848.387,131.544,119.394,1,-1,-1,-1
155,20,1759.259,958.297,280.862,208.008,1,-1,-1,-1
155,14,0.000,524.351,534.844,338.433,1,-1,-1,-1
155,21,1838.284,832.863,91.753,58.310,1,-1,-1,-1
155,15,2106.072,895.006,61.100,41.121,1,-1,-1,-1
155,16,1983.212,885.196,100.314,74.443,1,-1,-1,-1
156,20,1803.650,955.323,253.348,190.385,1,-1,-1,-1
156,18,1822.310,867.608,138.932,99.742,1,-1,-1,-1
156,15,2108.858,895.698,59.686,40.955,1,-1,-1,-1
156,14,5.267,522.690,434.447,323.626,1,-1,-1,-1
156,16,2003.244,885.672,84.816,69.421,1,-1,-1,-1
156,21,1829.380,832.619,92.783,57.522,1,-1,-1,-1
157,16,2011.489,887.694,78.116,67.560,1,-1,-1,-1
157,21,1820.476,832.374,93.812,56.735,1,-1,-1,-1
157,14,5.377,506.075,359.323,340.097,1,-1,-1,-1
157,15,2110.080,894.273,62.608,40.038,1,-1,-1,-1
157,20,1830.574,952.350,249.019,174.768,1,-1,-1,-1
157,18,1842.626,887.426,122.568,79.026,1,-1,-1,-1
158,21,1810.474,829.883,95.822,62.465,1,-1,-1,-1
158,14,0.000,582.854,243.084,254.956,1,-1,-1,-1
158,16,2008.867,884.628,85.932,68.657,1,-1,-1,-1
158,20,1858.631,953.780,239.178,163.782,1,-1,-1,-1
158,15,2112.934,894.209,58.712,41.952,1,-1,-1,-1
158,18,1858.154,881.846,122.324,85.867,1,-1,-1,-1
159,21,1794.653,825.500,109.327,69.550,1,-1,-1,-1
159,15,2086.614,891.806,45.013,45.273,1,-1,-1,-1
159,18,1866.465,886.728,126.254,76.813,1,-1,-1,-1
159,20,1875.064,948.713,230.308,155.460,1,-1,-1,-1
159,16,2011.513,879.907,88.475,72.737,1,-1,-1,-1
159,14,4.270,561.605,178.082,254.631,1,-1,-1,-1
160,18,1885.956,888.119,110.240,76.833,1,-1,-1,-1
160,20,1912.141,937.367,197.838,146.159,1,-1,-1,-1
160,16,2016.694,883.322,93.279,63.919,1,-1,-1,-1
160,21,1775.029,826.698,110.526,67.248,1,-1,-1,-1
160,15,2115.965,895.687,60.888,41.298,1,-1,-1,-1
161,15,2120.662,893.770,53.081,41.054,1,-1,-1,-1
161,21,1767.631,826.947,108.664,67.821,1,-1,-1,-1
161,16,2027.687,886.752,81.755,58.465,1,-1,-1,-1
161,20,1928.479,936.524,184.500,144.332,1,-1,-1,-1
161,18,1898.098,885.875,110.774,79.835,1,-1,-1,-1
162,18,1905.652,884.574,121.898,75.238,1,-1,-1,-1
162,15,2123.185,893.207,52.693,41.969,1,-1,-1,-1
162,21,1760.644,823.861,109.648,73.809,1,-1,-1,-1
162,16,2033.362,887.879,73.875,56.154,1,-1,-1,-1
162,20,1947.113,935.715,169.649,137.352,1,-1,-1,-1
163,18,1922.223,885.945,106.952,74.098,1,-1,-1,-1
163,21,1746.933,820.741,119.091,75.444,1,-1,-1,-1
163,20,1959.851,930.363,171.094,137.901,1,-1,-1,-1
163,15,2120.386,893.388,58.561,43.591,1,-1,-1,-1
163,16,2037.640,892.552,69.996,50.231,1,-1,-1,-1
164,18,1935.418,887.186,98.549,69.541,1,-1,-1,-1
164,21,1736.039,818.744,107.802,74.571,1,-1,-1,-1
164,15,2115.054,890.801,69.378,47.504,1,-1,-1,-1
164,20,1974.511,928.759,159.825,136.737,1,-1,-1,-1
165,18,1947.023,882.009,96.311,74.625,1,-1,-1,-1
165,15,2117.148,890.484,66.988,47.875,1,-1,-1,-1
165,20,1987.670,921.116,152.766,131.152,1,-1,-1,-1
165,21,1723.458,815.089,118.786,78.803,1,-1,-1,-1
166,20,1999.788,917.519,144.147,133.024,1,-1,-1,-1
166,21,1708.413,812.025,127.265,82.723,1,-1,-1,-1
166,18,1955.550,880.193,85.365,73.957,1,-1,-1,-1
166,15,2116.280,889.121,69.395,48.380,1,-1,-1,-1
167,20,2010.928,924.648,142.919,121.872,1,-1,-1,-1
167,21,1704.217,808.232,121.760,88.161,1,-1,-1,-1
167,18,1961.757,877.528,102.473,79.456,1,-1,-1,-1
168,18,1969.133,885.096,92.046,68.375,1,-1,-1,-1
168,20,2020.096,923.473,138.808,120.771,1,-1,-1,-1
168,21,1685.448,807.078,125.695,88.264,1,-1,-1,-1
169,20,2032.077,923.985,128.244,113.368,1,-1,-1,-1
169,18,1975.953,887.688,86.903,63.167,1,-1,-1,-1
169,21,1667.866,807.584,132.848,86.855,1,-1,-1,-1
170,20,2039.276,922.672,127.025,110.948,1,-1,-1,-1
170,23,1947.665,856.946,64.339,52.906,1,-1,-1,-1
170,21,1658.767,808.894,132.931,86.525,1,-1,-1,-1
170,18,1985.731,886.471,83.082,64.879,1,-1,-1,-1
171,23,1938.675,855.054,70.886,52.699,1,-1,-1,-1
171,18,1993.994,886.127,82.858,64.318,1,-1,-1,-1
171,21,1629.595,799.205,150.235,94.394,1,-1,-1,-1
171,20,2047.122,923.947,123.809,106.653,1,-1,-1,-1
172,23,1934.942,850.631,72.382,55.113,1,-1,-1,-1
172,18,2007.532,886.541,81.443,66.746,1,-1,-1,-1
172,21,1618.630,797.214,150.194,96.646,1,-1,-1,-1
172,20,2050.440,920.020,123.596,108.674,1,-1,-1,-1
173,21,1596.496,794.916,149.724,98.933,1,-1,-1,-1
173,23,1932.819,852.988,76.313,52.034,1,-1,-1,-1
173,18,2011.267,889.815,79.327,62.992,1,-1,-1,-1
173,20,2064.858,928.360,115.297,89.717,1,-1,-1,-1
174,18,2016.654,888.064,78.313,63.563,1,-1,-1,-1
174,23,1922.934,855.491,70.778,47.353,1,-1,-1,-1
174,20,2074.338,928.392,105.085,87.683,1,-1,-1,-1
174,21,1582.416,790.312,151.878,102.005,1,-1,-1,-1
175,23,1916.662,853.979,68.817,49.139,1,-1,-1,-1
175,20,2079.975,922.961,104.107,89.309,1,-1,-1,-1
175,21,1564.227,791.128,161.618,101.176,1,-1,-1,-1
175,18,2021.119,889.393,76.409,60.790,1,-1,-1,-1
176,20,2084.145,919.650,102.989,89.729,1,-1,-1,-1
176,23,1908.588,854.922,70.875,49.638,1,-1,-1,-1
176,21,1538.147,788.422,161.502,106.605,1,-1,-1,-1
176,18,2026.371,889.217,71.686,58.459,1,-1,-1,-1
177,21,1514.194,785.497,170.990,108.979,1,-1,-1,-1
177,18,2034.645,893.622,68.209,50.936,1,-1,-1,-1
177,23,1899.131,852.712,74.579,50.171,1,-1,-1,-1
177,20,2089.158,919.706,99.376,85.944,1,-1,-1,-1
178,24,0.000,891.918,323.185,488.180,1,-1,-1,-1
178,20,2095.368,901.232,101.178,101.190,1,-1,-1,-1
178,23,1889.896,852.616,76.713,49.610,1,-1,-1,-1
178,18,2038.563,891.781,68.740,53.014,1,-1,-1,-1
178,21,1490.242,782.572,180.478,111.353,1,-1,-1,-1
179,24,11.150,737.628,650.503,599.651,1,-1,-1,-1
179,21,1466.289,779.647,189.966,113.727,1,-1,-1,-1
179,23,1884.209,851.390,73.588,51.812,1,-1,-1,-1
179,18,2043.859,893.832,63.690,50.262,1,-1,-1,-1
179,20,2098.537,904.741,97.765,95.051,1,-1,-1,-1
180,21,1435.280,773.772,194.560,122.573,1,-1,-1,-1
180,18,2056.860,890.506,71.851,57.512,1,-1,-1,-1
180,23,1868.380,852.041,81.361,50.654,1,-1,-1,-1
180,24,12.246,822.505,870.053,531.188,1,-1,-1,-1
180,20,2100.471,903.659,98.227,90.529,1,-1,-1,-1
181,24,24.464,800.784,1051.174,473.316,1,-1,-1,-1
181,25,1964.252,833.515,52.675,41.656,1,-1,-1,-1
181,18,2060.682,891.927,71.157,55.381,1,-1,-1,-1
181,23,1858.283,848.948,86.176,53.258,1,-1,-1,-1
181,21,1411.681,770.835,195.976,120.710,1,-1,-1,-1
181,20,2099.352,903.256,99.919,90.406,1,-1,-1,-1
182,21,1379.150,767.175,207.806,125.405,1,-1,-1,-1
182,20,2102.180,904.786,101.911,86.407,1,-1,-1,-1
182,24,351.324,791.468,890.800,454.397,1,-1,-1,-1
182,25,1961.499,833.382,55.270,43.017,1,-1,-1,-1
182,18,2055.154,891.628,70.633,54.607,1,-1,-1,-1
182,23,1851.466,846.042,82.664,53.264,1,-1,-1,-1
183,21,1346.619,763.515,219.635,130.100,1,-1,-1,-1
183,25,1965.043,836.272,49.869,40.693,1,-1,-1,-1
183,18,2057.589,890.867,72.179,53.853,1,-1,-1,-1
183,23,1843.657,844.566,84.730,55.203,1,-1,-1,-1
183,20,2123.978,905.636,84.071,84.896,1,-1,-1,-1
183,24,607.016,804.557,740.372,400.937,1,-1,-1,-1
184,20,2127.546,908.346,81.266,79.637,1,-1,-1,-1
184,21,1314.087,759.854,231.465,134.796,1,-1,-1,-1
184,23,1826.251,846.019,94.505,55.765,1,-1,-1,-1
184,24,814.631,817.716,629.221,345.941,1,-1,-1,-1
184,25,1963.717,836.138,52.927,41.190,1,-1,-1,-1
184,18,2063.669,891.528,63.745,48.385,1,-1,-1,-1
185,20,2133.317,904.516,77.226,81.396,1,-1,-1,-1
185,18,2064.969,893.445,64.303,47.992,1,-1,-1,-1
185,24,966.062,833.437,569.293,301.908,1,-1,-1,-1
185,21,1281.556,756.194,243.295,139.491,1,-1,-1,-1
185,23,1819.339,840.978,90.986,59.898,1,-1,-1,-1
186,20,2134.911,903.707,78.259,81.490,1,-1,-1,-1
186,24,1102.549,845.412,496.514,267.882,1,-1,-1,-1
186,18,2073.166,893.933,57.935,45.796,1,-1,-1,-1
186,23,1809.308,837.062,87.704,62.587,1,-1,-1,-1
186,21,1235.075,748.968,263.830,143.969,1,-1,-1,-1
187,20,2136.955,910.892,78.587,72.496,1,-1,-1,-1
187,21,1188.594,741.741,284.366,148.447,1,-1,-1,-1
187,24,1217.156,849.727,414.943,238.254,1,-1,-1,-1
187,23,1799.664,832.306,89.382,65.962,1,-1,-1,-1
187,18,2074.822,893.404,60.252,46.849,1,-1,-1,-1
188,18,2081.875,894.301,55.510,44.938,1,-1,-1,-1
188,24,1306.704,852.410,379.474,222.676,1,-1,-1,-1
188,20,2140.406,910.430,77.066,71.810,1,-1,-1,-1
188,23,1775.908,833.333,105.449,67.146,1,-1,-1,-1
188,21,1142.113,734.515,304.901,152.925,1,-1,-1,-1
189,18,2084.932,895.187,52.489,43.785,1,-1,-1,-1
189,24,1378.062,851.587,341.071,215.743,1,-1,-1,-1
189,23,1771.357,831.177,91.675,67.640,1,-1,-1,-1
189,21,1096.607,726.709,320.315,160.457,1,-1,-1,-1
189,20,2142.755,908.840,74.529,69.933,1,-1,-1,-1
190,18,2087.743,895.577,50.435,42.343,1,-1,-1,-1
190,24,1443.534,858.334,311.272,193.894,1,-1,-1,-1
190,23,1759.200,832.978,96.139,66.299,1,-1,-1,-1
190,21,1051.101,718.903,335.729,167.989,1,-1,-1,-1
190,20,2146.477,912.300,72.403,65.998,1,-1,-1,-1
191,24,1515.291,871.212,266.425,170.600,1,-1,-1,-1
191,21,994.449,711.179,369.228,173.627,1,-1,-1,-1
191,20,2149.492,910.212,76.497,66.672,1,-1,-1,-1
191,18,2091.673,894.597,50.047,43.226,1,-1,-1,-1
191,23,1733.395,829.642,117.776,68.822,1,-1,-1,-1
192,20,2148.514,909.307,80.489,66.981,1,-1,-1,-1
192,18,2094.342,894.140,47.129,40.825,1,-1,-1,-1
192,21,934.292,698.446,399.865,186.250,1,-1,-1,-1
192,24,1552.020,871.459,263.612,165.415,1,-1,-1,-1
192,23,1730.389,829.498,107.230,68.929,1,-1,-1,-1
193,18,2100.206,892.238,66.685,48.834,1,-1,-1,-1
193,20,2150.760,912.359,79.471,60.766,1,-1,-1,-1
193,21,874.134,685.714,430.501,198.872,1,-1,-1,-1
193,23,1715.891,827.053,106.804,72.845,1,-1,-1,-1
193,24,1605.124,868.293,236.775,156.264,1,-1,-1,-1
194,23,1707.068,828.628,106.831,71.153,1,-1,-1,-1
194,20,2154.102,911.549,76.520,60.575,1,-1,-1,-1
194,24,1642.711,870.336,224.149,150.722,1,-1,-1,-1
194,21,813.977,672.981,461.138,211.495,1,-1,-1,-1
194,18,2101.096,891.819,64.593,48.116,1,-1,-1,-1
195,23,1673.433,822.166,125.088,70.893,1,-1,-1,-1
195,24,1674.877,873.892,213.957,142.281,1,-1,-1,-1
195,21,739.404,658.207,494.000,228.367,1,-1,-1,-1
195,20,2155.046,910.143,78.652,60.695,1,-1,-1,-1
195,18,2099.759,888.064,69.286,52.672,1,-1,-1,-1
196,23,1658.312,813.924,129.493,79.044,1,-1,-1,-1
196,20,2159.198,912.670,72.752,55.742,1,-1,-1,-1
196,18,2104.940,891.204,64.899,48.975,1,-1,-1,-1
196,21,664.830,643.433,526.863,245.238,1,-1,-1,-1
196,24,1709.918,878.950,192.295,135.084,1,-1,-1,-1
197,23,1651.282,815.415,135.960,83.878,1,-1,-1,-1
197,20,2162.668,918.228,67.633,48.474,1,-1,-1,-1
197,18,2109.259,895.160,60.176,41.858,1,-1,-1,-1
197,21,584.353,638.013,549.116,244.596,1,-1,-1,-1
197,24,1736.493,879.107,182.478,129.876,1,-1,-1,-1
198,21,491.338,622.616,595.135,256.521,1,-1,-1,-1
198,24,1761.118,881.184,176.102,125.724,1,-1,-1,-1
198,18,2108.411,891.414,62.334,48.937,1,-1,-1,-1
198,26,2149.952,896.776,67.324,50.974,1,-1,-1,-1
198,23,1634.863,819.220,133.083,76.271,1,-1,-1,-1
199,18,2110.785,892.817,59.842,45.072,1,-1,-1,-1
199,24,1783.025,883.466,164.636,118.236,1,-1,-1,-1
199,23,1611.336,817.536,137.746,79.461,1,-1,-1,-1
199,20,2181.447,912.735,73.558,56.754,1,-1,-1,-1
199,21,398.323,607.220,641.153,268.446,1,-1,-1,-1
200,24,1802.246,883.513,162.003,115.941,1,-1,-1,-1
200,26,2116.240,896.147,54.489,41.381,1,-1,-1,-1
200,21,298.391,595.907,681.443,283.316,1,-1,-1,-1
200,18,2152.079,899.223,63.431,46.872,1,-1,-1,-1
200,20,2180.167,912.009,74.573,57.616,1,-1,-1,-1
200,23,1585.287,818.609,156.381,76.783,1,-1,-1,-1
201,24,1821.181,886.943,155.038,107.291,1,-1,-1,-1
201,21,162.593,561.512,764.500,293.370,1,-1,-1,-1
201,23,1572.697,807.968,143.235,88.788,1,-1,-1,-1
201,20,2177.578,911.139,77.569,57.898,1,-1,-1,-1
201,26,2112.858,892.813,59.720,45.320,1,-1,-1,-1
202,20,2182.924,912.807,73.011,56.070,1,-1,-1,-1
202,23,1550.216,806.598,148.361,89.280,1,-1,-1,-1
202,18,2153.365,896.734,61.322,48.366,1,-1,-1,-1
202,24,1837.396,888.275,150.284,104.208,1,-1,-1,-1
202,21,50.113,565.553,801.639,306.056,1,-1,-1,-1
202,26,2117.184,895.571,53.775,40.241,1,-1,-1,-1
203,21,32.391,548.315,738.503,317.183,1,-1,-1,-1
203,20,2184.555,910.114,71.633,58.369,1,-1,-1,-1
203,18,2156.508,897.641,56.856,46.181,1,-1,-1,-1
203,23,1525.060,809.417,152.826,85.345,1,-1,-1,-1
203,26,2119.525,894.208,52.299,42.116,1,-1,-1,-1
203,24,1854.391,890.767,143.296,98.260,1,-1,-1,-1
204,21,23.135,541.274,689.835,325.941,1,-1,-1,-1
204,27,2124.188,893.835,46.183,42.186,1,-1,-1,-1
204,18,2159.651,898.547,52.389,43.997,1,-1,-1,-1
204,23,1504.202,802.272,157.911,90.473,1,-1,-1,-1
204,20,2187.743,913.859,68.835,53.262,1,-1,-1,-1
204,24,1868.244,889.007,138.710,99.148,1,-1,-1,-1
205,27,2122.299,895.089,49.349,40.979,1,-1,-1,-1
205,18,2162.793,899.454,47.923,41.812,1,-1,-1,-1
205,20,2191.063,912.140,69.144,54.816,1,-1,-1,-1
205,23,1482.412,798.313,156.822,94.416,1,-1,-1,-1
205,24,1882.683,888.626,133.026,97.715,1,-1,-1,-1
205,21,0.000,510.929,648.310,349.029,1,-1,-1,-1
206,21,0.000,515.664,541.823,340.820,1,-1,-1,-1
206,27,2126.065,895.684,46.515,39.782,1,-1,-1,-1
206,18,2165.936,900.360,43.456,39.627,1,-1,-1,-1
206,23,1457.817,795.847,162.004,96.371,1,-1,-1,-1
206,20,2200.529,915.616,53.719,48.478,1,-1,-1,-1
206,24,1894.743,891.922,131.253,93.254,1,-1,-1,-1
207,18,2169.860,905.057,37.629,34.086,1,-1,-1,-1
207,27,2126.936,898.647,41.865,36.175,1,-1,-1,-1
207,21,0.000,546.481,420.884,298.296,1,-1,-1,-1
207,20,2201.545,917.560,52.873,46.027,1,-1,-1,-1
207,24,1905.952,890.532,127.133,88.184,1,-1,-1,-1
207,23,1432.405,796.493,167.466,96.335,1,-1,-1,-1
208,20,2202.543,917.699,54.816,43.535,1,-1,-1,-1
208,18,2171.021,903.993,37.576,34.988,1,-1,-1,-1
208,21,1.172,535.856,301.051,306.960,1,-1,-1,-1
208,27,2088.846,882.870,42.039,31.035,1,-1,-1,-1
208,24,1919.902,892.547,123.660,83.567,1,-1,-1,-1
208,23,1401.368,794.408,178.237,96.416,1,-1,-1,-1
209,21,0.000,537.679,207.174,258.293,1,-1,-1,-1
209,20,2200.066,905.914,48.159,39.400,1,-1,-1,-1
209,18,2165.963,900.412,44.908,40.210,1,-1,-1,-1
209,23,1376.322,795.870,178.454,93.577,1,-1,-1,-1
209,29,2084.151,876.061,51.067,37.850,1,-1,-1,-1
209,27,2130.547,895.221,40.881,38.573,1,-1,-1,-1
209,24,1933.092,894.956,120.807,79.528,1,-1,-1,-1
210,30,2134.935,896.371,35.591,36.160,1,-1,-1,-1
210,20,2203.809,901.283,48.641,41.435,1,-1,-1,-1
210,23,1346.060,790.773,185.928,96.273,1,-1,-1,-1
210,27,2167.744,900.617,42.801,39.418,1,-1,-1,-1
210,24,1939.419,894.839,118.668,78.764,1,-1,-1,-1
210,28,2086.845,879.819,46.975,34.671,1,-1,-1,-1
211,28,2079.593,873.922,52.317,39.939,1,-1,-1,-1
211,24,1957.314,893.314,104.804,74.681,1,-1,-1,-1
211,23,1303.105,784.984,205.771,103.020,1,-1,-1,-1
211,29,2103.777,891.761,28.052,29.664,1,-1,-1,-1
211,20,2205.115,895.393,48.641,41.435,1,-1,-1,-1
211,30,2135.196,893.754,40.527,39.828,1,-1,-1,-1
211,31,2163.810,897.253,46.066,43.488,1,-1,-1,-1
212,28,2080.462,874.321,50.821,40.191,1,-1,-1,-1
212,24,1967.088,890.933,101.131,74.428,1,-1,-1,-1
212,23,1272.290,781.629,215.546,104.143,1,-1,-1,-1
212,29,2104.942,892.791,26.065,30.173,1,-1,-1,-1
212,20,2201.348,902.750,44.144,44.736,1,-1,-1,-1
212,31,2169.739,896.829,37.699,44.659,1,-1,-1,-1
212,30,2137.098,893.440,36.154,40.901,1,-1,-1,-1
213,28,2079.932,875.230,49.612,38.670,1,-1,-1,-1
213,24,1971.479,890.710,100.582,72.524,1,-1,-1,-1
213,23,1237.811,776.215,232.312,110.400,1,-1,-1,-1
213,31,2169.184,898.866,39.136,41.936,1,-1,-1,-1
213,20,2201.236,904.299,45.098,42.850,1,-1,-1,-1
213,30,2139.865,894.598,33.743,39.309,1,-1,-1,-1
214,30,2139.871,895.931,35.510,36.978,1,-1,-1,-1
214,28,2078.727,876.988,49.624,35.677,1,-1,-1,-1
214,24,1981.417,894.132,93.531,64.171,1,-1,-1,-1
214,23,1196.458,767.815,233.966,119.901,1,-1,-1,-1
214,31,2163.534,899.853,45.861,38.670,1,-1,-1,-1
214,20,2195.829,903.509,52.821,42.216,1,-1,-1,-1
215,24,1986.572,888.785,95.698,70.811,1,-1,-1,-1
215,23,1150.877,767.309,259.105,118.999,1,-1,-1,-1
215,31,2165.386,899.905,44.721,38.734,1,-1,-1,-1
215,20,2195.476,902.957,52.049,42.507,1,-1,-1,-1
215,30,2080.378,875.855,48.696,37.228,1,-1,-1,-1
216,20,2196.868,903.648,52.612,41.852,1,-1,-1,-1
216,31,2142.034,895.381,33.294,36.901,1,-1,-1,-1
216,23,1111.400,757.594,251.689,122.870,1,-1,-1,-1
216,24,2002.902,889.351,86.471,66.168,1,-1,-1,-1
216,30,2082.594,876.043,46.092,36.081,1,-1,-1,-1
217,30,2107.462,884.072,46.143,36.610,1,-1,-1,-1
217,31,2176.246,900.569,30.504,35.749,1,-1,-1,-1
217,20,2202.173,904.399,45.081,40.459,1,-1,-1,-1
217,23,1073.067,751.914,274.383,129.940,1,-1,-1,-1
217,24,2008.463,890.017,85.644,65.852,1,-1,-1,-1
218,24,2013.034,887.596,84.210,67.759,1,-1,-1,-1
218,23,1023.835,746.742,280.310,130.168,1,-1,-1,-1
218,30,2147.111,895.053,25.654,34.923,1,-1,-1,-1
218,20,2201.345,903.921,45.726,40.843,1,-1,-1,-1
219,24,2022.117,888.589,80.705,65.622,1,-1,-1,-1
219,30,2145.495,894.754,26.444,33.325,1,-1,-1,-1
219,20,2203.037,905.723,46.980,39.643,1,-1,-1,-1
219,23,970.880,738.279,305.708,139.496,1,-1,-1,-1
220,24,2025.389,886.210,80.435,65.005,1,-1,-1,-1
220,32,2144.486,895.616,27.663,31.996,1,-1,-1,-1
220,30,2171.579,899.375,40.193,35.158,1,-1,-1,-1
220,23,912.170,733.450,317.730,138.237,1,-1,-1,-1
220,20,2202.105,904.492,48.826,40.571,1,-1,-1,-1
221,20,2202.530,904.594,48.658,40.477,1,-1,-1,-1
221,33,2166.624,897.462,45.292,35.153,1,-1,-1,-1
221,32,2142.438,894.560,31.367,33.779,1,-1,-1,-1
221,24,2026.331,886.400,83.823,65.835,1,-1,-1,-1
221,23,858.300,725.275,336.313,148.030,1,-1,-1,-1
222,20,2203.049,903.888,49.145,38.329,1,-1,-1,-1
222,23,797.144,723.531,345.442,143.798,1,-1,-1,-1
222,32,2143.405,894.551,29.772,33.248,1,-1,-1,-1
222,33,2168.641,897.788,40.422,34.009,1,-1,-1,-1
222,24,2035.866,884.868,77.936,65.701,1,-1,-1,-1
223,23,727.303,713.789,367.932,155.085,1,-1,-1,-1
223,32,2141.420,893.442,29.330,34.947,1,-1,-1,-1
223,20,2206.775,904.963,42.403,38.313,1,-1,-1,-1
223,33,2176.884,898.556,30.525,33.466,1,-1,-1,-1
223,24,2043.341,884.117,68.753,65.903,1,-1,-1,-1
224,23,649.512,698.364,406.983,165.875,1,-1,-1,-1
224,32,2139.692,891.901,30.256,34.784,1,-1,-1,-1
224,33,2178.798,897.594,29.806,33.498,1,-1,-1,-1
224,24,2056.361,884.669,62.689,59.474,1,-1,-1,-1
224,20,2209.368,904.544,39.519,38.932,1,-1,-1,-1
225,23,558.216,688.898,432.382,175.688,1,-1,-1,-1
225,33,2182.589,897.933,26.682,32.519,1,-1,-1,-1
225,20,2210.135,905.136,40.238,38.528,1,-1,-1,-1
225,24,2057.168,889.304,68.200,57.170,1,-1,-1,-1
225,32,2132.743,892.855,32.729,35.198,1,-1,-1,-1
226,20,2211.937,905.841,39.685,37.714,1,-1,-1,-1
226,33,2184.693,898.204,25.064,31.783,1,-1,-1,-1
226,23,468.037,678.268,469.703,179.968,1,-1,-1,-1
226,32,2128.434,893.092,35.111,36.033,1,-1,-1,-1
226,24,2059.430,889.925,67.653,55.454,1,-1,-1,-1
227,23,376.647,669.599,499.559,193.954,1,-1,-1,-1
227,24,2057.119,887.958,76.321,58.674,1,-1,-1,-1
227,32,2121.926,891.293,41.904,41.687,1,-1,-1,-1
227,33,2208.727,906.145,46.499,37.632,1,-1,-1,-1
228,24,2065.095,894.004,72.606,50.866,1,-1,-1,-1
228,32,2112.762,892.606,46.067,39.871,1,-1,-1,-1
228,23,268.207,663.072,582.957,199.680,1,-1,-1,-1
228,20,2202.801,907.432,56.538,35.680,1,-1,-1,-1
229,23,166.748,644.079,607.157,210.228,1,-1,-1,-1
229,34,2031.050,876.129,55.938,33.715,1,-1,-1,-1
229,20,2198.582,905.537,63.443,36.701,1,-1,-1,-1
229,24,2069.217,892.076,78.731,52.316,1,-1,-1,-1
230,34,2031.964,871.455,57.586,40.695,1,-1,-1,-1
230,23,33.954,632.728,665.383,218.026,1,-1,-1,-1
230,20,2199.674,905.483,61.384,36.941,1,-1,-1,-1
230,24,2070.655,888.183,74.993,54.829,1,-1,-1,-1
231,24,2068.392,884.229,82.128,58.761,1,-1,-1,-1
231,23,0.000,621.408,601.603,224.411,1,-1,-1,-1
231,34,2025.738,869.800,64.181,43.495,1,-1,-1,-1
231,20,2202.380,903.915,57.522,37.296,1,-1,-1,-1
232,20,2202.161,903.631,59.941,37.170,1,-1,-1,-1
232,34,2021.120,865.550,69.937,49.212,1,-1,-1,-1
232,23,0.000,606.648,529.422,237.854,1,-1,-1,-1
232,24,2075.528,887.026,72.794,57.105,1,-1,-1,-1
233,34,2020.065,857.134,76.552,59.649,1,-1,-1,-1
233,20,2200.538,902.716,65.294,38.521,1,-1,-1,-1
233,23,9.280,607.773,413.728,230.837,1,-1,-1,-1
233,24,2077.715,881.410,72.860,61.131,1,-1,-1,-1
234,34,2019.970,864.524,69.448,50.568,1,-1,-1,-1
234,24,2082.142,887.601,65.377,53.995,1,-1,-1,-1
234,20,2200.132,903.171,64.253,38.403,1,-1,-1,-1
234,23,0.000,588.259,332.671,247.726,1,-1,-1,-1
235,24,2095.856,891.542,59.721,47.781,1,-1,-1,-1
235,23,0.000,579.534,235.089,255.131,1,-1,-1,-1
235,20,2200.605,904.470,63.113,37.776,1,-1,-1,-1
235,34,2002.241,865.347,62.734,45.853,1,-1,-1,-1
236,34,1998.606,867.729,66.560,44.782,1,-1,-1,-1
236,24,2094.095,894.201,64.727,45.129,1,-1,-1,-1
236,20,2202.379,905.873,57.864,36.879,1,-1,-1,-1
237,34,1996.438,865.478,69.073,47.965,1,-1,-1,-1
237,24,2094.207,893.201,68.123,45.967,1,-1,-1,-1
237,20,2202.346,906.534,57.954,37.174,1,-1,-1,-1
238,34,1994.271,863.226,71.585,51.147,1,-1,-1,-1
238,20,2205.291,906.716,52.533,35.299,1,-1,-1,-1
238,24,2097.475,894.713,65.045,44.334,1,-1,-1,-1
239,20,2207.686,906.800,46.813,34.611,1,-1,-1,-1
239,24,2105.714,895.649,58.629,42.748,1,-1,-1,-1
239,34,1992.103,860.975,74.098,54.330,1,-1,-1,-1
240,20,2206.771,905.075,48.206,36.088,1,-1,-1,-1
240,24,2110.465,895.906,56.247,43.435,1,-1,-1,-1
240,34,1988.680,859.313,75.113,56.816,1,-1,-1,-1
241,24,2104.867,891.816,64.716,48.548,1,-1,-1,-1
241,34,1980.430,853.387,75.680,60.064,1,-1,-1,-1
241,20,2204.988,903.451,52.288,38.801,1,-1,-1,-1
242,24,2114.790,896.611,54.773,42.853,1,-1,-1,-1
242,20,2206.984,904.236,48.060,37.345,1,-1,-1,-1
242,34,1974.514,850.847,82.588,61.572,1,-1,-1,-1
243,24,2118.857,898.116,52.346,41.995,1,-1,-1,-1
243,20,2207.230,905.493,50.483,35.919,1,-1,-1,-1
243,34,1972.122,852.074,82.727,61.680,1,-1,-1,-1
244,20,2207.123,907.018,51.997,35.085,1,-1,-1,-1
244,24,2123.611,900.421,47.290,39.174,1,-1,-1,-1
244,34,1970.285,850.088,78.737,63.455,1,-1,-1,-1
245,34,1959.690,849.369,77.379,65.569,1,-1,-1,-1
245,20,2207.865,907.343,48.922,33.940,1,-1,-1,-1
245,24,2124.156,900.028,47.895,39.598,1,-1,-1,-1
246,24,2128.497,901.655,44.420,37.110,1,-1,-1,-1
246,34,1952.503,847.263,85.430,67.191,1,-1,-1,-1
246,20,2207.682,907.242,48.891,33.816,1,-1,-1,-1
247,34,1948.244,837.744,88.360,76.917,1,-1,-1,-1
247,24,2133.072,899.004,41.171,41.142,1,-1,-1,-1
247,20,2207.751,907.109,48.332,33.732,1,-1,-1,-1
248,35,2047.231,873.613,47.135,33.043,1,-1,-1,-1
248,34,1944.683,836.932,87.061,78.083,1,-1,-1,-1
248,24,2138.051,899.746,36.451,39.142,1,-1,-1,-1
248,20,2207.820,906.976,47.773,33.647,1,-1,-1,-1
249,35,2039.405,871.636,55.146,34.305,1,-1,-1,-1
249,34,1941.538,839.298,84.537,76.486,1,-1,-1,-1
249,20,2207.890,906.843,47.213,33.563,1,-1,-1,-1
250,35,2037.584,871.348,56.991,33.738,1,-1,-1,-1
250,20,2207.959,906.709,46.654,33.479,1,-1,-1,-1
250,34,1930.694,839.606,88.764,76.979,1,-1,-1,-1
251,20,2208.028,906.576,46.095,33.394,1,-1,-1,-1
251,35,2035.974,870.048,59.764,35.268,1,-1,-1,-1
251,34,1923.209,837.052,92.181,79.084,1,-1,-1,-1
252,35,2027.838,864.226,68.872,39.359,1,-1,-1,-1
252,20,2208.097,906.443,45.536,33.310,1,-1,-1,-1
252,34,1918.160,835.529,94.064,78.803,1,-1,-1,-1
253,35,2035.373,867.162,58.268,36.567,1,-1,-1,-1
253,20,2208.167,906.310,44.977,33.226,1,-1,-1,-1
253,34,1909.247,834.251,93.643,83.224,1,-1,-1,-1
254,34,1903.928,832.776,99.492,84.970,1,-1,-1,-1
254,20,2208.236,906.177,44.417,33.141,1,-1,-1,-1
255,34,1900.276,831.601,99.157,86.088,1,-1,-1,-1
255,20,2208.305,906.044,43.858,33.057,1,-1,-1,-1
256,34,1889.736,826.922,103.478,92.846,1,-1,-1,-1
256,20,2208.375,905.911,43.299,32.973,1,-1,-1,-1
257,20,2208.444,905.778,42.740,32.888,1,-1,-1,-1
257,34,1876.671,829.605,106.836,89.766,1,-1,-1,-1
258,20,2208.513,905.644,42.181,32.804,1,-1,-1,-1
258,34,1869.847,824.364,108.692,94.857,1,-1,-1,-1
259,20,2208.583,905.511,41.621,32.720,1,-1,-1,-1
259,34,1857.001,830.660,113.540,89.025,1,-1,-1,-1
260,20,2208.652,905.378,41.062,32.635,1,-1,-1,-1
260,34,1842.537,822.041,128.487,103.552,1,-1,-1,-1
261,34,1832.752,830.710,118.080,91.353,1,-1,-1,-1
261,20,2208.721,905.245,40.503,32.551,1,-1,-1,-1
262,34,1821.651,820.019,128.437,107.330,1,-1,-1,-1
263,34,1803.545,816.520,140.389,108.725,1,-1,-1,-1
264,34,1791.586,812.133,142.694,113.535,1,-1,-1,-1
265,34,1781.526,808.508,142.791,116.287,1,-1,-1,-1
266,34,1764.230,803.937,146.268,122.436,1,-1,-1,-1
267,34,1746.933,799.365,149.746,128.584,1,-1,-1,-1
267,36,1910.535,859.808,44.696,31.762,1,-1,-1,-1
268,34,1729.637,794.794,153.223,134.733,1,-1,-1,-1
268,36,1907.629,856.998,55.443,38.262,1,-1,-1,-1
269,34,1709.040,791.401,157.978,138.474,1,-1,-1,-1
269,36,1887.988,854.243,97.599,45.234,1,-1,-1,-1
270,34,1684.748,785.190,163.946,144.707,1,-1,-1,-1
270,36,1899.294,856.622,96.508,42.049,1,-1,-1,-1
271,34,1663.035,785.144,172.584,144.913,1,-1,-1,-1
271,36,1897.027,854.436,108.016,44.913,1,-1,-1,-1
272,34,1641.322,785.098,181.221,145.119,1,-1,-1,-1
272,36,1918.471,856.565,107.540,49.210,1,-1,-1,-1
273,36,1927.063,856.484,112.270,50.964,1,-1,-1,-1
273,34,1619.609,785.052,189.859,145.325,1,-1,-1,-1
274,36,1938.632,851.342,101.665,57.434,1,-1,-1,-1
274,34,1588.055,778.189,206.126,158.007,1,-1,-1,-1
275,34,1558.846,771.410,205.544,159.613,1,-1,-1,-1
275,36,1960.155,861.219,110.232,50.845,1,-1,-1,-1
276,34,1531.425,783.483,205.868,146.455,1,-1,-1,-1
276,36,1963.766,861.813,114.071,53.008,1,-1,-1,-1
277,34,1500.819,751.193,239.661,182.291,1,-1,-1,-1
277,36,1974.444,863.460,98.947,49.899,1,-1,-1,-1
278,34,1451.306,744.197,265.269,194.813,1,-1,-1,-1
278,36,1983.692,860.549,94.476,54.391,1,-1,-1,-1
279,34,1414.030,739.470,272.872,196.313,1,-1,-1,-1
279,36,1989.477,865.536,79.663,49.279,1,-1,-1,-1
280,36,2025.337,871.264,73.599,49.358,1,-1,-1,-1
280,34,1374.228,731.528,299.110,207.300,1,-1,-1,-1
281,36,2036.761,872.548,74.271,49.341,1,-1,-1,-1
281,34,1320.243,717.946,312.497,223.002,1,-1,-1,-1
282,36,2051.999,874.787,74.271,49.341,1,-1,-1,-1
282,34,1256.123,706.716,345.052,235.902,1,-1,-1,-1
283,36,2067.237,877.026,74.271,49.341,1,-1,-1,-1
283,34,1192.002,695.486,377.607,248.802,1,-1,-1,-1
284,36,2094.302,893.545,37.758,39.957,1,-1,-1,-1
284,34,1127.882,684.256,410.162,261.702,1,-1,-1,-1
285,36,2090.898,891.820,42.124,40.072,1,-1,-1,-1
285,34,1068.026,667.746,421.621,267.901,1,-1,-1,-1
286,36,2083.612,890.657,52.751,42.070,1,-1,-1,-1
286,34,980.443,644.210,461.970,294.174,1,-1,-1,-1
287,37,0.000,1369.341,900.236,536.840,1,-1,-1,-1
287,34,892.859,620.675,502.319,320.447,1,-1,-1,-1
287,36,2091.278,893.557,44.876,37.833,1,-1,-1,-1
288,36,2092.681,898.927,42.320,34.017,1,-1,-1,-1
288,34,762.258,602.783,565.812,341.627,1,-1,-1,-1
288,38,0.000,732.365,377.110,380.802,1,-1,-1,-1
288,37,37.211,1037.078,1333.023,842.916,1,-1,-1,-1
289,36,2098.752,899.108,38.930,34.069,1,-1,-1,-1
289,34,631.657,584.891,629.306,362.807,1,-1,-1,-1
289,38,8.788,631.765,660.748,536.851,1,-1,-1,-1
289,37,36.702,989.576,1562.713,921.121,1,-1,-1,-1
290,37,641.157,1008.984,1123.435,821.512,1,-1,-1,-1
290,38,0.000,599.310,922.487,723.251,1,-1,-1,-1
290,36,2117.434,899.179,43.744,35.543,1,-1,-1,-1
291,37,1076.860,970.917,805.893,639.048,1,-1,-1,-1
291,40,0.000,628.884,1106.858,729.794,1,-1,-1,-1
291,36,2112.149,896.091,49.377,38.226,1,-1,-1,-1
292,37,1323.679,962.445,623.814,516.368,1,-1,-1,-1
292,36,2116.222,895.274,49.825,40.863,1,-1,-1,-1
292,40,69.687,606.643,1170.039,710.644,1,-1,-1,-1
293,40,337.221,693.084,1013.315,573.366,1,-1,-1,-1
293,37,1488.391,957.971,517.996,426.022,1,-1,-1,-1
293,36,2112.802,893.075,53.284,40.943,1,-1,-1,-1
294,37,1606.284,945.558,437.561,379.858,1,-1,-1,-1
294,40,545.000,703.187,903.676,510.069,1,-1,-1,-1
294,36,2118.373,897.304,48.150,36.242,1,-1,-1,-1
295,40,753.536,752.060,755.411,425.821,1,-1,-1,-1
295,37,1694.946,943.116,353.785,322.720,1,-1,-1,-1
295,36,2124.755,899.902,43.092,35.856,1,-1,-1,-1
296,40,907.773,767.931,667.807,385.345,1,-1,-1,-1
296,41,1760.783,945.839,321.880,281.554,1,-1,-1,-1
296,36,2129.965,899.257,43.613,36.359,1,-1,-1,-1
297,40,1023.312,780.584,613.809,360.300,1,-1,-1,-1
297,41,1808.550,943.192,295.644,246.689,1,-1,-1,-1
297,36,2126.834,901.129,39.089,34.521,1,-1,-1,-1
298,40,1128.512,779.454,546.638,345.643,1,-1,-1,-1
298,41,1855.719,939.024,253.784,240.304,1,-1,-1,-1
299,41,1895.099,938.829,249.618,206.411,1,-1,-1,-1
299,40,1222.809,790.965,473.732,305.583,1,-1,-1,-1
300,41,1923.820,930.673,223.918,200.868,1,-1,-1,-1
300,40,1312.299,801.594,444.361,288.913,1,-1,-1,-1
301,40,1378.474,805.300,396.953,265.760,1,-1,-1,-1
301,41,1947.476,932.435,211.375,184.354,1,-1,-1,-1
302,40,1434.314,807.691,366.768,254.918,1,-1,-1,-1
302,41,1964.323,935.753,209.506,164.910,1,-1,-1,-1
303,40,1485.158,820.349,343.964,229.999,1,-1,-1,-1
303,41,1995.093,931.365,198.751,159.635,1,-1,-1,-1
304,40,1533.323,827.766,319.609,211.886,1,-1,-1,-1
304,41,2014.799,929.019,166.603,148.397,1,-1,-1,-1
305,40,1572.722,831.281,299.201,203.195,1,-1,-1,-1
305,41,2027.515,927.813,157.062,142.802,1,-1,-1,-1
306,41,2038.681,926.032,150.279,136.356,1,-1,-1,-1
306,40,1612.121,834.796,278.792,194.505,1,-1,-1,-1
307,41,2049.847,924.251,143.496,129.909,1,-1,-1,-1
307,40,1651.520,838.311,258.384,185.814,1,-1,-1,-1
308,40,1682.243,841.915,244.354,176.380,1,-1,-1,-1
308,41,2061.013,922.471,136.714,123.463,1,-1,-1,-1
309,41,2072.179,920.690,129.931,117.016,1,-1,-1,-1
309,40,1707.050,845.342,238.612,167.667,1,-1,-1,-1
310,40,1727.841,847.420,227.290,160.232,1,-1,-1,-1
310,41,2083.345,918.909,123.148,110.570,1,-1,-1,-1
311,41,2095.162,924.371,111.501,96.899,1,-1,-1,-1
311,40,1748.631,849.497,215.968,152.797,1,-1,-1,-1
312,41,2097.202,923.101,111.247,94.314,1,-1,-1,-1
312,40,1769.422,851.575,204.646,145.362,1,-1,-1,-1
313,41,2100.299,924.499,107.059,88.364,1,-1,-1,-1
313,40,1787.708,852.727,195.695,146.965,1,-1,-1,-1
314,41,2104.202,930.605,105.482,80.652,1,-1,-1,-1
314,42,903.567,959.999,958.002,719.559,1,-1,-1,-1
314,40,1814.628,855.945,176.914,134.947,1,-1,-1,-1
315,40,1827.755,862.317,176.854,126.257,1,-1,-1,-1
315,41,2127.287,911.491,94.723,86.407,1,-1,-1,-1
315,42,1145.061,953.128,800.180,598.743,1,-1,-1,-1
316,42,1332.324,951.783,627.686,494.767,1,-1,-1,-1
316,40,1844.480,864.428,168.336,121.416,1,-1,-1,-1
316,41,2129.051,910.246,93.439,86.817,1,-1,-1,-1
317,40,1862.049,867.219,161.948,114.551,1,-1,-1,-1
317,41,2133.791,909.881,88.909,84.535,1,-1,-1,-1
317,42,1479.574,947.379,542.696,418.390,1,-1,-1,-1
318,41,2134.313,910.376,89.272,80.829,1,-1,-1,-1
318,40,1872.977,857.848,153.344,124.914,1,-1,-1,-1
318,42,1583.993,937.371,465.985,386.451,1,-1,-1,-1
319,41,2136.855,909.096,89.981,80.955,1,-1,-1,-1
319,42,1670.580,949.980,396.350,323.010,1,-1,-1,-1
319,40,1885.817,855.475,149.285,115.325,1,-1,-1,-1
320,40,1897.011,854.220,140.716,112.712,1,-1,-1,-1
320,41,2136.934,907.873,92.875,80.808,1,-1,-1,-1
320,42,1733.059,951.731,354.972,286.851,1,-1,-1,-1
321,42,1775.413,945.747,324.112,257.647,1,-1,-1,-1
321,41,2152.979,905.313,92.664,81.190,1,-1,-1,-1
321,40,1907.799,853.898,140.305,110.727,1,-1,-1,-1
322,42,1820.635,948.117,298.422,229.155,1,-1,-1,-1
322,40,1929.369,848.591,140.484,112.072,1,-1,-1,-1
322,41,2140.597,907.457,86.007,76.218,1,-1,-1,-1
323,42,1850.188,947.362,279.076,215.191,1,-1,-1,-1
323,41,2140.498,911.747,85.550,66.944,1,-1,-1,-1
323,40,1927.073,855.158,133.257,108.153,1,-1,-1,-1
324,40,1948.343,850.613,134.011,109.357,1,-1,-1,-1
324,42,1879.740,946.607,259.730,201.226,1,-1,-1,-1
324,41,2144.927,913.376,76.463,60.381,1,-1,-1,-1
325,40,1940.715,868.051,111.981,88.115,1,-1,-1,-1
325,42,1909.293,945.853,240.385,187.262,1,-1,-1,-1
325,41,2147.890,914.434,72.756,54.882,1,-1,-1,-1
326,40,1953.102,870.055,111.883,80.996,1,-1,-1,-1
326,42,1938.845,945.098,221.039,173.297,1,-1,-1,-1
326,41,2154.707,914.047,61.139,51.938,1,-1,-1,-1
327,42,1968.398,944.343,201.693,159.333,1,-1,-1,-1
327,41,2155.468,915.631,58.494,45.908,1,-1,-1,-1
327,40,1957.053,865.450,118.759,87.268,1,-1,-1,-1
328,42,1975.687,953.697,180.300,140.545,1,-1,-1,-1
328,40,1968.110,866.563,116.320,87.440,1,-1,-1,-1
328,41,2150.802,913.057,63.445,49.460,1,-1,-1,-1
329,42,2003.900,936.523,174.384,140.356,1,-1,-1,-1
329,40,1974.371,868.110,112.946,85.675,1,-1,-1,-1
330,42,2015.729,937.948,165.956,134.598,1,-1,-1,-1
330,40,1975.830,869.454,111.931,83.841,1,-1,-1,-1
331,40,1986.040,868.350,112.092,84.670,1,-1,-1,-1
331,42,2022.615,930.366,161.367,135.348,1,-1,-1,-1
332,40,1994.289,872.930,105.254,77.833,1,-1,-1,-1
332,42,2038.941,933.061,147.533,126.707,1,-1,-1,-1
333,40,2000.625,870.978,101.966,79.625,1,-1,-1,-1
333,42,2053.373,913.569,152.579,134.349,1,-1,-1,-1
334,40,2004.938,872.214,97.001,78.451,1,-1,-1,-1
334,42,2062.431,915.955,146.268,128.317,1,-1,-1,-1
335,42,2070.788,916.852,137.624,122.288,1,-1,-1,-1
335,40,2008.797,874.562,95.705,76.383,1,-1,-1,-1
336,42,2079.060,916.122,134.145,116.913,1,-1,-1,-1
336,40,2013.244,876.177,92.859,73.649,1,-1,-1,-1
337,42,2089.488,914.950,127.236,114.116,1,-1,-1,-1
337,40,2016.393,874.762,95.748,76.600,1,-1,-1,-1
338,42,2101.810,911.351,129.593,114.276,1,-1,-1,-1
338,40,2017.677,875.008,100.959,76.743,1,-1,-1,-1
339,42,2103.723,909.430,132.857,112.605,1,-1,-1,-1
339,40,2026.659,876.470,93.968,75.750,1,-1,-1,-1
340,40,2031.048,876.717,94.528,75.862,1,-1,-1,-1
340,42,2120.065,903.990,132.648,113.631,1,-1,-1,-1
341,42,2132.473,899.899,132.648,113.631,1,-1,-1,-1
341,40,2042.183,872.761,90.867,74.270,1,-1,-1,-1
342,40,2047.954,875.640,85.993,70.822,1,-1,-1,-1
342,42,2144.881,895.809,132.648,113.631,1,-1,-1,-1
343,40,2050.536,878.877,86.573,67.654,1,-1,-1,-1
343,42,2157.289,891.719,132.648,113.631,1,-1,-1,-1
344,40,2051.401,878.742,82.729,67.580,1,-1,-1,-1
344,42,2133.148,906.852,100.977,99.187,1,-1,-1,-1
345,40,2055.962,882.823,80.356,62.528,1,-1,-1,-1
345,42,2154.784,898.765,103.936,103.543,1,-1,-1,-1
346,42,2135.303,905.634,102.642,95.276,1,-1,-1,-1
346,40,2056.054,877.873,82.382,67.745,1,-1,-1,-1
347,40,2056.942,878.334,87.927,66.460,1,-1,-1,-1
347,42,2137.058,902.107,101.080,97.027,1,-1,-1,-1
348,40,2059.694,878.429,84.122,63.615,1,-1,-1,-1
348,42,2143.703,900.862,95.292,92.225,1,-1,-1,-1
349,40,2067.433,881.002,78.541,61.260,1,-1,-1,-1
349,42,2146.715,906.658,92.567,84.693,1,-1,-1,-1
350,40,2068.361,886.353,74.600,53.086,1,-1,-1,-1
350,42,2149.923,908.101,94.156,83.332,1,-1,-1,-1
351,40,2072.297,883.357,76.027,56.915,1,-1,-1,-1
351,42,2150.282,907.936,94.191,82.095,1,-1,-1,-1
352,40,2077.932,885.760,74.163,54.187,1,-1,-1,-1
352,42,2151.488,908.494,92.178,79.208,1,-1,-1,-1
353,42,2156.349,907.720,98.378,80.091,1,-1,-1,-1
353,40,2081.598,887.094,70.322,51.707,1,-1,-1,-1
354,40,2082.633,885.480,69.523,52.609,1,-1,-1,-1
354,42,2158.441,902.857,94.852,81.604,1,-1,-1,-1
355,42,2164.963,906.782,88.793,74.437,1,-1,-1,-1
355,40,2083.907,886.424,70.307,52.046,1,-1,-1,-1
356,40,2083.907,886.030,65.810,51.209,1,-1,-1,-1
356,42,2166.159,901.530,89.780,79.831,1,-1,-1,-1
357,42,2168.273,905.586,86.323,71.850,1,-1,-1,-1
357,40,2084.721,886.007,67.782,50.571,1,-1,-1,-1
358,40,2087.969,891.267,57.066,44.068,1,-1,-1,-1
358,42,2172.974,907.819,84.093,68.071,1,-1,-1,-1
359,40,2091.630,888.686,75.679,52.085,1,-1,-1,-1
359,42,2172.629,904.971,87.392,70.374,1,-1,-1,-1
360,42,2176.489,903.867,87.162,70.180,1,-1,-1,-1
360,40,2090.512,882.266,84.786,60.342,1,-1,-1,-1
361,40,2101.547,889.543,67.827,49.404,1,-1,-1,-1
361,42,2177.597,907.444,85.795,65.060,1,-1,-1,-1
362,42,2176.140,904.399,89.635,68.058,1,-1,-1,-1
362,40,2100.294,888.125,70.495,51.817,1,-1,-1,-1
363,40,2104.345,884.633,71.902,55.049,1,-1,-1,-1
363,42,2180.209,906.093,86.010,66.507,1,-1,-1,-1
364,42,2183.225,910.573,83.945,59.939,1,-1,-1,-1
364,40,2104.497,889.153,74.647,49.652,1,-1,-1,-1
365,40,2108.601,887.509,73.290,51.607,1,-1,-1,-1
365,42,2186.470,905.341,85.845,65.560,1,-1,-1,-1
365,43,2059.550,878.969,34.057,30.342,1,-1,-1,-1
366,40,2108.593,883.920,77.268,55.452,1,-1,-1,-1
366,42,2189.220,904.014,83.612,66.402,1,-1,-1,-1
366,43,2049.405,874.985,46.229,33.372,1,-1,-1,-1
367,42,2141.937,886.576,71.903,55.985,1,-1,-1,-1
367,44,2190.925,905.428,84.398,64.769,1,-1,-1,-1
367,43,2048.105,868.730,46.586,40.763,1,-1,-1,-1
368,43,2045.080,871.466,47.960,36.506,1,-1,-1,-1
368,44,2193.604,906.829,79.824,61.234,1,-1,-1,-1
368,42,2141.904,889.211,70.269,52.081,1,-1,-1,-1
369,43,2042.890,873.636,46.586,33.026,1,-1,-1,-1
369,44,2194.630,908.815,76.801,58.567,1,-1,-1,-1
369,42,2147.444,893.450,63.054,47.375,1,-1,-1,-1
370,44,2197.241,907.980,73.764,58.415,1,-1,-1,-1
370,42,2148.669,893.415,60.232,46.453,1,-1,-1,-1
370,43,2043.917,875.794,45.839,32.124,1,-1,-1,-1
371,42,2118.705,889.864,72.520,47.641,1,-1,-1,-1
371,44,2198.499,907.589,77.173,58.476,1,-1,-1,-1
371,43,2036.640,876.415,53.145,30.627,1,-1,-1,-1
372,44,2199.910,908.089,74.680,57.517,1,-1,-1,-1
372,42,2121.006,893.797,65.473,41.962,1,-1,-1,-1
372,43,2036.387,879.255,47.733,27.644,1,-1,-1,-1
373,44,2201.088,907.815,74.032,56.824,1,-1,-1,-1
373,43,2037.835,877.883,46.547,29.926,1,-1,-1,-1
373,42,2122.330,892.857,64.016,42.196,1,-1,-1,-1
374,44,2191.768,899.387,72.750,53.194,1,-1,-1,-1
374,42,2123.654,891.916,62.558,42.431,1,-1,-1,-1
374,43,2037.372,876.218,44.899,30.416,1,-1,-1,-1
375,44,2191.179,900.705,71.730,49.987,1,-1,-1,-1
375,43,2034.428,872.976,47.167,34.309,1,-1,-1,-1
375,42,2124.978,890.976,61.101,42.665,1,-1,-1,-1
376,44,2208.247,913.404,61.020,49.055,1,-1,-1,-1
376,43,2036.646,869.885,44.120,36.637,1,-1,-1,-1
376,42,2126.094,888.822,58.156,44.876,1,-1,-1,-1
377,44,2209.019,912.148,60.641,49.002,1,-1,-1,-1
377,42,2127.831,889.732,56.251,43.092,1,-1,-1,-1
377,43,2049.679,872.280,44.236,35.078,1,-1,-1,-1
378,44,2193.125,899.188,70.656,49.253,1,-1,-1,-1
378,43,2042.464,877.150,29.885,28.889,1,-1,-1,-1
378,42,2126.245,890.575,58.082,41.377,1,-1,-1,-1
379,43,2046.487,880.419,30.271,25.499,1,-1,-1,-1
379,45,2011.347,874.948,43.349,30.263,1,-1,-1,-1
379,42,2140.697,889.878,68.249,46.557,1,-1,-1,-1
379,44,2195.796,898.818,66.943,50.342,1,-1,-1,-1
380,45,2012.227,870.403,43.036,36.533,1,-1,-1,-1
380,42,2199.527,900.845,61.522,45.778,1,-1,-1,-1
381,45,2009.861,871.259,42.974,34.902,1,-1,-1,-1
381,46,2094.778,880.955,33.663,28.094,1,-1,-1,-1
381,44,2215.407,894.174,67.148,49.993,1,-1,-1,-1
382,42,2200.491,901.497,58.982,43.706,1,-1,-1,-1
382,44,2140.645,892.078,72.643,44.213,1,-1,-1,-1
382,45,2003.334,868.782,46.414,36.414,1,-1,-1,-1
382,46,2089.090,880.766,38.493,28.601,1,-1,-1,-1
383,47,2139.330,890.053,72.232,46.253,1,-1,-1,-1
383,46,2091.798,881.572,35.176,28.279,1,-1,-1,-1
383,44,2200.991,900.402,59.323,44.080,1,-1,-1,-1
383,45,2001.010,866.665,49.300,37.477,1,-1,-1,-1
384,45,1968.064,853.234,48.703,36.179,1,-1,-1,-1
384,47,2147.581,892.660,57.386,42.048,1,-1,-1,-1
384,46,2091.798,881.572,35.176,28.279,1,-1,-1,-1
384,42,2222.145,906.443,54.264,39.938,1,-1,-1,-1
385,46,2089.658,886.429,35.062,26.101,1,-1,-1,-1
385,45,2003.922,870.978,38.257,31.319,1,-1,-1,-1
385,47,2150.973,894.393,55.455,40.283,1,-1,-1,-1
385,42,2224.454,907.338,50.858,38.671,1,-1,-1,-1
386,47,2144.719,892.292,65.628,43.480,1,-1,-1,-1
386,42,2207.222,902.357,50.359,42.018,1,-1,-1,-1
386,46,2055.416,870.992,34.803,26.055,1,-1,-1,-1
387,47,2144.868,890.961,66.815,45.094,1,-1,-1,-1
387,46,2078.330,881.314,34.803,26.055,1,-1,-1,-1
387,42,2205.798,901.620,52.328,43.422,1,-1,-1,-1
388,47,2148.844,893.269,59.971,42.441,1,-1,-1,-1
388,46,2101.245,891.636,34.803,26.055,1,-1,-1,-1
388,42,2205.730,902.415,52.381,42.666,1,-1,-1,-1
389,47,2153.748,897.487,53.351,37.948,1,-1,-1,-1
389,46,2124.159,901.958,34.803,26.055,1,-1,-1,-1
389,42,2203.064,903.721,55.128,41.606,1,-1,-1,-1
390,46,2152.910,897.331,57.611,38.910,1,-1,-1,-1
390,42,2212.479,903.160,54.926,42.096,1,-1,-1,-1
391,46,2152.494,896.796,59.157,39.512,1,-1,-1,-1
391,42,2206.200,904.689,51.854,39.831,1,-1,-1,-1
392,42,2213.840,903.899,52.144,40.590,1,-1,-1,-1
392,48,1953.165,855.821,60.945,43.900,1,-1,-1,-1
392,49,2153.398,895.931,58.483,39.918,1,-1,-1,-1
393,42,2217.516,903.700,52.144,40.590,1,-1,-1,-1
393,49,2154.732,897.932,54.810,36.684,1,-1,-1,-1
393,48,1950.132,851.891,60.151,47.494,1,-1,-1,-1
394,49,2156.979,899.508,51.517,34.339,1,-1,-1,-1
394,42,2208.869,906.625,46.282,35.112,1,-1,-1,-1
394,48,1935.412,834.010,81.512,60.401,1,-1,-1,-1
395,49,2161.582,898.644,45.282,34.383,1,-1,-1,-1
395,42,2215.383,904.348,46.848,37.007,1,-1,-1,-1
395,48,1936.708,831.902,79.201,64.714,1,-1,-1,-1
396,49,2159.149,898.381,49.118,34.302,1,-1,-1,-1
396,42,2217.338,903.445,46.848,37.007,1,-1,-1,-1
396,48,1940.186,837.863,74.104,55.679,1,-1,-1,-1
397,48,1935.867,837.738,77.649,56.156,1,-1,-1,-1
397,49,2152.214,896.929,61.064,36.950,1,-1,-1,-1
397,42,2219.293,902.542,46.848,37.007,1,-1,-1,-1
398,49,2151.837,896.183,63.408,37.735,1,-1,-1,-1
398,48,1920.937,838.673,74.463,53.756,1,-1,-1,-1
398,42,2221.249,901.639,46.848,37.007,1,-1,-1,-1
399,42,2223.204,900.736,46.848,37.007,1,-1,-1,-1
399,48,1922.044,841.189,65.324,51.073,1,-1,-1,-1
399,50,2152.523,896.817,62.119,36.099,1,-1,-1,-1
400,48,1915.889,838.262,70.291,54.413,1,-1,-1,-1
400,50,2160.879,900.211,50.340,31.533,1,-1,-1,-1
400,42,2205.243,905.275,47.323,33.997,1,-1,-1,-1
401,42,2204.003,905.441,48.368,33.198,1,-1,-1,-1
401,48,1911.313,839.077,72.885,55.240,1,-1,-1,-1
401,50,2161.153,900.052,50.305,31.474,1,-1,-1,-1
402,42,2204.411,905.346,46.577,33.488,1,-1,-1,-1
402,48,1907.544,840.489,75.858,54.120,1,-1,-1,-1
402,50,2164.021,899.727,46.796,31.127,1,-1,-1,-1
403,51,2091.182,892.269,33.854,19.936,1,-1,-1,-1
403,50,2162.145,898.798,49.485,32.130,1,-1,-1,-1
403,48,1901.799,840.446,79.420,54.484,1,-1,-1,-1
403,42,2205.724,904.909,45.171,33.918,1,-1,-1,-1
404,50,2162.278,897.318,46.372,32.774,1,-1,-1,-1
404,42,2206.018,903.913,44.553,34.352,1,-1,-1,-1
404,48,1895.264,837.400,79.824,57.326,1,-1,-1,-1
404,51,2092.775,892.944,32.982,19.758,1,-1,-1,-1
405,51,2091.706,891.879,34.215,20.632,1,-1,-1,-1
405,50,2163.483,897.221,45.778,33.161,1,-1,-1,-1
405,42,2207.992,904.617,42.661,34.734,1,-1,-1,-1
405,48,1901.242,835.278,64.384,56.630,1,-1,-1,-1
406,48,1871.833,836.411,80.502,58.492,1,-1,-1,-1
406,50,2166.286,897.127,42.012,33.566,1,-1,-1,-1
406,42,2206.538,904.863,42.820,34.414,1,-1,-1,-1
407,48,1865.122,834.107,83.297,60.212,1,-1,-1,-1
407,42,2205.918,905.037,42.820,34.414,1,-1,-1,-1
408,48,1860.889,833.325,85.211,60.721,1,-1,-1,-1
408,52,2166.736,896.459,46.386,36.293,1,-1,-1,-1
408,42,2205.298,905.211,42.820,34.414,1,-1,-1,-1
409,52,2167.452,896.717,45.138,34.998,1,-1,-1,-1
409,42,2203.388,902.485,45.483,36.176,1,-1,-1,-1
409,48,1858.983,831.155,83.061,63.464,1,-1,-1,-1
410,52,2167.878,897.263,44.787,34.165,1,-1,-1,-1
410,42,2203.387,902.552,45.906,35.759,1,-1,-1,-1
410,48,1849.869,826.225,85.553,67.788,1,-1,-1,-1
411,52,2167.329,898.531,46.191,32.601,1,-1,-1,-1
411,42,2204.695,903.462,45.537,33.864,1,-1,-1,-1
411,48,1849.741,827.579,81.116,64.125,1,-1,-1,-1
412,52,2167.834,898.843,45.982,31.992,1,-1,-1,-1
412,42,2207.761,904.678,41.777,32.575,1,-1,-1,-1
412,48,1823.059,830.594,98.833,61.872,1,-1,-1,-1
413,52,2170.813,899.425,42.760,30.723,1,-1,-1,-1
413,48,1820.494,829.672,91.452,65.231,1,-1,-1,-1
413,42,2206.847,903.541,42.135,33.198,1,-1,-1,-1
414,42,2206.778,903.095,42.135,33.198,1,-1,-1,-1
414,52,2171.841,899.397,42.470,31.302,1,-1,-1,-1
414,48,1816.168,831.579,87.960,62.274,1,-1,-1,-1
415,48,1804.713,825.821,96.381,69.149,1,-1,-1,-1
415,53,2172.616,898.934,41.231,31.864,1,-1,-1,-1
415,42,2206.708,902.649,42.135,33.198,1,-1,-1,-1
416,48,1799.769,822.992,95.408,69.437,1,-1,-1,-1
416,53,2172.018,898.138,42.012,32.119,1,-1,-1,-1
416,42,2207.030,904.582,40.736,33.049,1,-1,-1,-1
417,42,2208.614,904.718,39.885,32.869,1,-1,-1,-1
417,54,2049.597,886.061,37.170,22.132,1,-1,-1,-1
417,48,1778.374,827.372,102.870,65.396,1,-1,-1,-1
417,53,2172.368,898.030,41.437,32.054,1,-1,-1,-1
417,55,2099.166,890.501,33.671,22.601,1,-1,-1,-1
418,53,2172.502,898.186,41.161,32.298,1,-1,-1,-1
418,54,2048.509,885.321,40.344,22.750,1,-1,-1,-1
418,48,1767.924,828.533,100.359,65.250,1,-1,-1,-1
418,55,2095.546,889.154,37.761,24.425,1,-1,-1,-1
418,42,2207.198,904.357,41.494,33.282,1,-1,-1,-1
419,54,2049.183,885.903,37.950,22.211,1,-1,-1,-1
419,55,2095.499,889.437,38.049,24.857,1,-1,-1,-1
419,42,2208.522,904.440,40.445,33.272,1,-1,-1,-1
419,53,2173.554,897.814,39.883,32.642,1,-1,-1,-1
419,48,1764.535,826.741,100.037,68.436,1,-1,-1,-1
420,55,2094.369,888.462,39.289,25.431,1,-1,-1,-1
420,54,2045.827,883.480,42.231,24.435,1,-1,-1,-1
420,53,2173.469,897.716,40.000,32.869,1,-1,-1,-1
420,48,1753.781,822.473,107.785,72.187,1,-1,-1,-1
421,53,2173.338,898.254,41.585,32.231,1,-1,-1,-1
421,55,2095.219,889.327,39.895,24.657,1,-1,-1,-1
421,48,1740.218,820.217,107.344,73.431,1,-1,-1,-1
422,55,2043.523,880.870,43.490,26.473,1,-1,-1,-1
422,53,2173.920,897.887,41.639,32.407,1,-1,-1,-1
422,48,1730.271,818.207,112.693,74.021,1,-1,-1,-1
423,55,2091.533,887.274,45.422,26.223,1,-1,-1,-1
423,48,1733.191,816.330,104.545,75.542,1,-1,-1,-1
424,48,1711.754,810.241,118.877,83.029,1,-1,-1,-1
425,48,1703.779,810.373,123.241,84.396,1,-1,-1,-1
425,56,2092.615,886.702,43.014,26.995,1,-1,-1,-1
426,48,1689.564,808.863,128.124,83.489,1,-1,-1,-1
426,56,2091.571,887.306,43.524,26.618,1,-1,-1,-1
427,48,1670.336,808.525,132.178,82.861,1,-1,-1,-1
427,56,2095.965,886.956,37.220,27.706,1,-1,-1,-1
428,48,1656.568,803.681,139.778,87.877,1,-1,-1,-1
428,56,2097.001,889.257,35.164,25.378,1,-1,-1,-1
429,57,2001.281,871.384,56.522,30.380,1,-1,-1,-1
429,48,1663.869,804.335,126.085,86.394,1,-1,-1,-1
429,56,2092.849,888.731,40.846,25.525,1,-1,-1,-1
430,56,2090.649,887.163,42.616,27.146,1,-1,-1,-1
430,48,1645.685,803.397,118.189,86.268,1,-1,-1,-1
430,57,1993.683,868.737,60.832,33.265,1,-1,-1,-1
431,57,1992.922,869.221,62.570,33.002,1,-1,-1,-1
431,48,1624.978,799.402,136.745,89.787,1,-1,-1,-1
431,56,2092.018,886.154,41.151,29.059,1,-1,-1,-1
432,56,2084.709,885.104,49.601,29.510,1,-1,-1,-1
432,48,1624.370,797.118,131.946,91.723,1,-1,-1,-1
432,57,1989.028,868.199,64.202,34.608,1,-1,-1,-1
433,48,1600.311,795.679,138.418,95.250,1,-1,-1,-1
433,56,2084.789,885.794,49.662,29.304,1,-1,-1,-1
433,57,1992.451,867.374,59.701,35.453,1,-1,-1,-1
434,48,1587.069,794.774,143.108,94.415,1,-1,-1,-1
434,56,2082.495,882.285,50.658,33.336,1,-1,-1,-1
434,57,1989.665,863.473,63.122,38.234,1,-1,-1,-1
435,57,1967.945,863.606,53.859,37.090,1,-1,-1,-1
435,56,2078.727,883.644,52.872,31.505,1,-1,-1,-1
435,48,1574.912,795.391,150.950,92.961,1,-1,-1,-1
436,48,1554.017,790.533,162.317,96.505,1,-1,-1,-1
436,56,2077.657,883.620,53.041,32.285,1,-1,-1,-1
436,57,1962.020,861.250,56.676,39.531,1,-1,-1,-1
437,56,2076.730,887.195,50.349,28.923,1,-1,-1,-1
437,57,1959.727,859.112,56.001,40.720,1,-1,-1,-1
437,48,1539.241,791.537,160.643,95.974,1,-1,-1,-1
438,58,1678.747,796.382,60.830,47.040,1,-1,-1,-1
438,48,1524.420,791.516,164.164,96.684,1,-1,-1,-1
438,57,1958.869,857.202,55.948,42.116,1,-1,-1,-1
438,56,2072.671,884.311,55.769,31.422,1,-1,-1,-1
439,48,1505.425,785.722,162.964,100.029,1,-1,-1,-1
439,57,1955.323,857.203,56.790,41.100,1,-1,-1,-1
439,58,1673.696,796.173,74.430,47.790,1,-1,-1,-1
439,56,2075.211,888.851,48.025,27.244,1,-1,-1,-1
440,58,1666.043,793.104,97.102,50.130,1,-1,-1,-1
440,56,2070.508,886.113,53.261,29.309,1,-1,-1,-1
440,48,1488.752,783.946,169.683,103.015,1,-1,-1,-1
440,57,1944.488,853.869,60.331,42.149,1,-1,-1,-1
441,56,2066.641,885.656,57.444,29.850,1,-1,-1,-1
441,48,1464.040,785.237,189.777,102.377,1,-1,-1,-1
441,57,1938.734,852.843,63.007,43.039,1,-1,-1,-1
442,56,2064.678,885.275,54.667,30.319,1,-1,-1,-1
442,48,1436.892,779.978,195.037,108.494,1,-1,-1,-1
442,57,1935.231,851.308,64.522,44.500,1,-1,-1,-1
443,48,1426.526,775.380,187.700,112.497,1,-1,-1,-1
443,56,2061.912,883.850,59.156,31.678,1,-1,-1,-1
443,57,1937.432,852.218,60.381,42.928,1,-1,-1,-1
444,56,2060.907,885.189,56.109,30.162,1,-1,-1,-1
444,57,1929.234,854.448,58.060,41.997,1,-1,-1,-1
444,48,1397.834,771.208,203.855,114.983,1,-1,-1,-1
445,56,2062.121,884.841,56.347,30.462,1,-1,-1,-1
445,57,1923.290,853.383,59.809,43.694,1,-1,-1,-1
445,48,1369.141,767.037,220.011,117.470,1,-1,-1,-1
446,48,1340.449,762.865,236.166,119.956,1,-1,-1,-1
446,57,1915.645,852.555,62.680,44.520,1,-1,-1,-1
446,56,2062.124,884.762,56.347,30.462,1,-1,-1,-1
447,48,1320.397,761.024,225.360,126.079,1,-1,-1,-1
447,56,2049.107,878.182,52.134,35.883,1,-1,-1,-1
447,57,1912.648,850.791,63.036,47.496,1,-1,-1,-1
448,57,1908.161,851.357,65.163,46.130,1,-1,-1,-1
448,48,1288.950,751.233,242.817,131.021,1,-1,-1,-1
448,56,2044.691,877.676,53.213,36.209,1,-1,-1,-1
449,48,1261.948,751.853,248.314,127.607,1,-1,-1,-1
449,57,1901.863,851.419,64.635,45.408,1,-1,-1,-1
450,57,1895.044,848.029,67.205,49.134,1,-1,-1,-1
450,48,1239.066,746.573,252.947,132.915,1,-1,-1,-1
451,57,1900.789,841.655,63.498,47.232,1,-1,-1,-1
451,48,1216.184,741.294,257.581,138.224,1,-1,-1,-1
452,48,1212.436,737.283,237.620,137.522,1,-1,-1,-1
452,57,1878.027,843.268,68.994,48.380,1,-1,-1,-1
453,61,15.506,926.131,981.457,977.970,1,-1,-1,-1
453,60,1967.960,838.651,45.251,36.810,1,-1,-1,-1
453,57,1870.692,842.477,71.722,49.893,1,-1,-1,-1
453,48,1208.688,733.272,217.658,136.820,1,-1,-1,-1
454,61,53.033,823.063,1178.445,1047.113,1,-1,-1,-1
454,48,1140.975,731.003,211.233,136.113,1,-1,-1,-1
454,60,1968.735,837.605,43.880,37.824,1,-1,-1,-1
454,57,1867.403,840.028,71.870,52.616,1,-1,-1,-1
455,60,1964.845,836.282,51.493,39.256,1,-1,-1,-1
455,59,1184.065,733.213,200.409,136.434,1,-1,-1,-1
455,48,1073.262,728.735,204.807,135.406,1,-1,-1,-1
455,57,1860.058,842.929,76.079,50.301,1,-1,-1,-1
455,61,0.000,954.261,1348.131,925.754,1,-1,-1,-1
456,60,1966.247,837.097,48.657,38.593,1,-1,-1,-1
456,57,1855.919,837.652,76.936,56.440,1,-1,-1,-1
456,48,1048.673,715.732,308.486,157.417,1,-1,-1,-1
456,61,0.000,954.261,1348.131,925.754,1,-1,-1,-1
457,57,1856.785,840.789,71.082,49.691,1,-1,-1,-1
457,48,996.896,711.426,334.896,163.510,1,-1,-1,-1
457,61,48.921,880.769,1544.176,912.476,1,-1,-1,-1
