1,-1,1472.119,519.154,301.142,219.626,0.983,-1,-1,-1
1,-1,1128.476,86.870,175.765,109.759,0.980,-1,-1,-1
1,-1,500.450,562.275,457.438,250.913,0.864,-1,-1,-1
1,-1,1014.418,9.673,171.274,82.884,0.349,-1,-1,-1
1,-1,1016.907,6.299,160.002,89.664,0.929,-1,-1,-1
2,-1,1152.189,84.608,163.845,100.296,0.994,-1,-1,-1
2,-1,1462.072,513.528,303.750,218.966,0.985,-1,-1,-1
2,-1,542.124,553.140,467.424,286.674,0.871,-1,-1,-1
2,-1,1014.796,7.972,170.868,87.002,0.355,-1,-1,-1
2,-1,0.136,544.750,29.592,101.777,0.266,-1,-1,-1
2,-1,1017.301,6.330,159.262,89.434,0.924,-1,-1,-1
3,-1,1446.565,507.497,307.168,214.772,0.994,-1,-1,-1
3,-1,578.851,583.100,476.230,269.588,0.954,-1,-1,-1
3,-1,1014.395,9.584,170.754,83.243,0.347,-1,-1,-1
3,-1,1172.216,81.187,153.839,95.694,0.996,-1,-1,-1
3,-1,1017.209,6.368,159.402,89.761,0.929,-1,-1,-1
4,-1,1191.594,78.045,145.141,90.801,0.996,-1,-1,-1
4,-1,1433.563,500.996,312.627,213.879,0.987,-1,-1,-1
4,-1,1014.490,7.909,173.331,87.419,0.313,-1,-1,-1
4,-1,622.909,586.122,488.772,291.207,0.908,-1,-1,-1
4,-1,1017.402,5.838,159.428,91.048,0.937,-1,-1,-1
5,-1,1212.316,72.761,135.852,90.292,0.997,-1,-1,-1
5,-1,1420.314,487.130,315.522,225.136,0.992,-1,-1,-1
5,-1,1.285,652.492,27.044,98.397,0.413,-1,-1,-1
5,-1,1014.608,7.776,173.755,87.481,0.311,-1,-1,-1
5,-1,0.248,543.443,30.375,99.840,0.446,-1,-1,-1
5,-1,667.597,607.229,524.881,298.644,0.932,-1,-1,-1
5,-1,1017.631,5.627,159.653,91.235,0.933,-1,-1,-1
6,-1,1226.669,68.320,127.640,89.026,0.995,-1,-1,-1
6,-1,1407.141,486.265,313.655,218.583,0.994,-1,-1,-1
6,-1,1014.645,7.664,173.777,87.476,0.331,-1,-1,-1
6,-1,0.301,541.693,31.468,101.756,0.413,-1,-1,-1
6,-1,714.224,611.901,521.734,312.724,0.943,-1,-1,-1
6,-1,1017.887,5.554,159.750,91.140,0.926,-1,-1,-1
7,-1,1391.586,478.119,318.231,221.546,0.995,-1,-1,-1
7,-1,0.626,541.407,31.553,100.456,0.240,-1,-1,-1
7,-1,1009.043,5.309,170.774,88.871,0.343,-1,-1,-1
7,-1,1240.799,65.012,117.441,82.688,0.922,-1,-1,-1
7,-1,775.753,620.003,531.196,338.749,0.714,-1,-1,-1
7,-1,1017.058,6.156,161.363,90.453,0.923,-1,-1,-1
8,-1,1377.812,471.342,316.519,218.575,0.997,-1,-1,-1
8,-1,828.338,625.712,532.425,357.335,0.928,-1,-1,-1
8,-1,1255.912,57.834,108.695,74.579,0.985,-1,-1,-1
8,-1,1014.144,9.469,172.188,83.455,0.333,-1,-1,-1
8,-1,1017.420,6.214,160.661,90.236,0.926,-1,-1,-1
9,-1,1367.503,460.096,314.473,224.127,0.996,-1,-1,-1
9,-1,888.798,642.891,530.165,362.876,0.916,-1,-1,-1
9,-1,1263.852,54.235,105.868,74.424,0.995,-1,-1,-1
9,-1,1013.111,9.593,174.134,83.659,0.332,-1,-1,-1
9,-1,1016.715,6.290,161.840,90.058,0.925,-1,-1,-1
10,-1,1275.770,50.475,97.484,75.365,0.995,-1,-1,-1
10,-1,1346.903,457.302,320.576,217.935,0.994,-1,-1,-1
10,-1,1013.857,7.685,173.845,87.516,0.332,-1,-1,-1
10,-1,943.813,662.731,534.459,362.272,0.920,-1,-1,-1
10,-1,1015.236,6.260,163.403,90.344,0.916,-1,-1,-1
11,-1,1327.402,442.895,322.785,227.625,0.992,-1,-1,-1
11,-1,1008.391,684.358,523.302,360.216,0.786,-1,-1,-1
11,-1,1283.931,45.159,92.905,74.188,0.990,-1,-1,-1
11,-1,1008.112,4.130,168.507,90.972,0.434,-1,-1,-1
11,-1,1016.388,5.305,159.118,91.598,0.900,-1,-1,-1
12,-1,1308.355,439.189,325.160,207.187,0.997,-1,-1,-1
12,-1,1293.219,41.719,85.846,71.131,0.989,-1,-1,-1
12,-1,1008.961,3.477,164.809,92.135,0.346,-1,-1,-1
12,-1,1063.663,708.711,519.812,339.274,0.760,-1,-1,-1
12,-1,1015.484,6.258,157.970,89.839,0.896,-1,-1,-1
13,-1,1300.234,38.168,81.624,66.387,0.988,-1,-1,-1
13,-1,1289.520,428.882,324.271,208.518,0.997,-1,-1,-1
13,-1,1135.711,739.350,500.840,320.549,0.838,-1,-1,-1
13,-1,1008.281,3.007,163.068,93.020,0.378,-1,-1,-1
13,-1,1012.110,5.181,158.734,92.875,0.907,-1,-1,-1
14,-1,1204.056,765.732,484.850,294.668,0.859,-1,-1,-1
14,-1,1261.896,422.957,335.857,213.737,0.995,-1,-1,-1
14,-1,1307.354,33.832,76.566,66.526,0.980,-1,-1,-1
14,-1,1014.951,5.696,156.437,85.195,0.296,-1,-1,-1
14,-1,1012.808,5.218,158.179,93.289,0.920,-1,-1,-1
15,-1,1246.362,416.584,332.734,213.877,0.991,-1,-1,-1
15,-1,1311.325,31.640,75.831,64.442,0.959,-1,-1,-1
15,-1,1010.471,5.664,163.437,91.348,0.249,-1,-1,-1
15,-1,1269.556,786.299,448.774,289.301,0.870,-1,-1,-1
15,-1,1012.608,5.570,157.803,92.008,0.936,-1,-1,-1
16,-1,1213.773,402.767,339.048,217.418,0.995,-1,-1,-1
16,-1,1318.631,26.793,69.996,63.780,0.986,-1,-1,-1
16,-1,1483.357,3.171,36.980,28.146,0.235,-1,-1,-1
16,-1,0.796,635.245,71.822,115.761,0.455,-1,-1,-1
16,-1,1346.644,810.050,424.513,268.653,0.751,-1,-1,-1
16,-1,1008.475,7.597,159.625,87.478,0.274,-1,-1,-1
16,-1,1011.151,5.681,156.984,92.791,0.935,-1,-1,-1
17,-1,1324.565,22.234,64.636,61.283,0.992,-1,-1,-1
17,-1,1200.720,395.882,329.261,205.183,0.996,-1,-1,-1
17,-1,1008.003,5.392,161.430,93.102,0.291,-1,-1,-1
17,-1,2.149,626.357,71.867,127.236,0.854,-1,-1,-1
17,-1,1413.323,838.660,393.687,237.712,0.888,-1,-1,-1
17,-1,1008.604,5.926,160.013,93.160,0.929,-1,-1,-1
18,-1,1327.934,17.644,61.410,59.265,0.983,-1,-1,-1
18,-1,1172.185,388.699,333.972,202.510,0.997,-1,-1,-1
18,-1,1434.960,400.407,88.022,73.455,0.223,-1,-1,-1
18,-1,1482.758,3.472,37.358,28.011,0.206,-1,-1,-1
18,-1,1478.988,860.633,372.497,214.811,0.862,-1,-1,-1
18,-1,1005.219,6.409,161.004,90.312,0.378,-1,-1,-1
18,-1,1008.301,4.079,155.827,96.441,0.920,-1,-1,-1
19,-1,1330.127,14.892,60.701,59.825,0.966,-1,-1,-1
19,-1,1144.237,379.392,332.391,201.545,0.996,-1,-1,-1
19,-1,1003.362,4.515,167.417,94.878,0.205,-1,-1,-1
19,-1,1532.057,884.969,327.879,190.278,0.772,-1,-1,-1
19,-1,1004.307,3.761,160.536,96.120,0.963,-1,-1,-1
20,-1,1330.862,13.139,59.759,58.315,0.992,-1,-1,-1
20,-1,1588.316,906.694,301.834,164.924,0.914,-1,-1,-1
20,-1,1108.612,369.981,346.760,195.633,0.994,-1,-1,-1
20,-1,999.689,2.898,163.033,98.128,0.968,-1,-1,-1
21,-1,1085.607,360.644,338.604,195.399,0.990,-1,-1,-1
21,-1,1.246,619.597,95.119,134.645,0.927,-1,-1,-1
21,-1,1334.401,10.128,53.796,53.983,0.987,-1,-1,-1
21,-1,999.165,7.108,169.388,93.236,0.269,-1,-1,-1
21,-1,1640.541,924.343,277.908,152.055,0.835,-1,-1,-1
21,-1,997.901,5.237,168.374,96.231,0.941,-1,-1,-1
22,-1,1333.988,7.032,54.225,52.025,0.983,-1,-1,-1
22,-1,1055.966,351.128,335.596,189.444,0.997,-1,-1,-1
22,-1,996.955,6.366,171.357,94.267,0.274,-1,-1,-1
22,-1,1692.007,936.461,224.912,141.742,0.960,-1,-1,-1
22,-1,0.000,616.885,100.358,146.987,0.495,-1,-1,-1
22,-1,996.322,7.125,170.503,96.369,0.925,-1,-1,-1
23,-1,1335.827,4.371,51.019,47.506,0.989,-1,-1,-1
23,-1,1024.435,339.681,331.760,188.869,0.997,-1,-1,-1
23,-1,0.000,610.462,102.705,150.107,0.765,-1,-1,-1
23,-1,993.278,7.458,174.706,91.345,0.271,-1,-1,-1
23,-1,998.739,5.917,162.824,95.104,0.955,-1,-1,-1
24,-1,1337.656,1.225,50.255,47.566,0.991,-1,-1,-1
24,-1,997.549,335.095,332.098,182.378,0.997,-1,-1,-1
24,-1,3.273,606.101,111.129,160.782,0.493,-1,-1,-1
24,-1,990.189,5.926,171.078,97.098,0.965,-1,-1,-1
25,-1,1340.191,0.796,49.155,45.182,0.990,-1,-1,-1
25,-1,964.285,322.351,330.658,183.326,0.994,-1,-1,-1
25,-1,1.652,606.288,118.946,161.573,0.843,-1,-1,-1
25,-1,985.990,10.362,176.024,90.513,0.216,-1,-1,-1
25,-1,992.602,9.095,168.320,92.050,0.981,-1,-1,-1
26,-1,1339.950,0.704,49.743,41.380,0.994,-1,-1,-1
26,-1,926.357,313.623,333.719,179.111,0.996,-1,-1,-1
26,-1,0.224,604.113,125.825,159.719,0.954,-1,-1,-1
26,-1,985.551,2.214,175.599,100.706,0.960,-1,-1,-1
27,-1,902.560,307.311,325.809,174.542,0.997,-1,-1,-1
27,-1,0.427,602.173,132.059,165.293,0.957,-1,-1,-1
27,-1,1340.381,1.405,47.726,36.370,0.993,-1,-1,-1
27,-1,979.584,4.632,177.836,96.773,0.308,-1,-1,-1
27,-1,977.712,3.474,177.817,99.721,0.949,-1,-1,-1
28,-1,871.139,299.332,322.142,172.336,0.996,-1,-1,-1
28,-1,0.000,598.090,140.521,172.085,0.978,-1,-1,-1
28,-1,975.859,7.336,175.862,95.561,0.286,-1,-1,-1
28,-1,0.000,499.974,142.736,350.554,0.290,-1,-1,-1
28,-1,1343.962,0.487,47.750,34.887,0.985,-1,-1,-1
28,-1,0.707,523.701,53.330,94.580,0.314,-1,-1,-1
28,-1,974.398,3.459,177.499,101.900,0.960,-1,-1,-1
29,-1,1343.858,0.690,46.167,30.790,0.975,-1,-1,-1
29,-1,840.586,293.907,319.978,167.060,0.997,-1,-1,-1
29,-1,0.000,593.806,152.217,176.942,0.983,-1,-1,-1
29,-1,969.464,7.122,187.133,95.918,0.456,-1,-1,-1
29,-1,0.532,524.211,54.962,92.352,0.592,-1,-1,-1
29,-1,972.370,6.889,175.660,95.655,0.962,-1,-1,-1
30,-1,0.340,590.017,163.550,195.979,0.961,-1,-1,-1
30,-1,808.259,286.760,319.143,159.398,0.995,-1,-1,-1
30,-1,961.800,19.692,149.971,81.720,0.444,-1,-1,-1
30,-1,0.000,523.103,59.532,97.612,0.234,-1,-1,-1
30,-1,1341.501,0.260,51.087,31.266,0.893,-1,-1,-1
30,-1,968.469,5.166,179.894,94.242,0.935,-1,-1,-1
31,-1,772.820,280.174,312.423,157.253,0.996,-1,-1,-1
31,-1,1344.075,0.774,46.461,28.571,0.942,-1,-1,-1
31,-1,0.117,589.560,172.036,213.319,0.956,-1,-1,-1
31,-1,0.178,526.361,57.860,95.206,0.641,-1,-1,-1
31,-1,951.805,5.865,192.792,101.160,0.253,-1,-1,-1
31,-1,955.893,2.774,191.141,106.211,0.941,-1,-1,-1
32,-1,739.945,276.767,312.480,154.590,0.997,-1,-1,-1
32,-1,0.000,584.067,187.836,194.595,0.962,-1,-1,-1
32,-1,1345.160,0.270,45.736,25.936,0.925,-1,-1,-1
32,-1,0.340,524.292,57.560,99.122,0.456,-1,-1,-1
32,-1,952.047,2.621,191.423,103.545,0.971,-1,-1,-1
33,-1,707.645,271.389,305.719,147.067,0.997,-1,-1,-1
33,-1,1345.599,0.544,48.785,24.121,0.769,-1,-1,-1
33,-1,0.083,581.382,199.032,212.335,0.975,-1,-1,-1
33,-1,0.236,523.529,59.459,100.460,0.745,-1,-1,-1
33,-1,944.669,4.988,197.272,110.505,0.962,-1,-1,-1
34,-1,675.289,268.850,305.331,144.117,0.997,-1,-1,-1
34,-1,7.209,581.434,204.083,157.197,0.976,-1,-1,-1
34,-1,1348.593,0.000,40.612,18.713,0.472,-1,-1,-1
34,-1,0.622,521.540,60.296,104.140,0.510,-1,-1,-1
34,-1,931.763,4.487,202.966,111.010,0.972,-1,-1,-1
35,-1,646.578,264.548,299.929,142.477,0.996,-1,-1,-1
35,-1,1892.737,761.426,26.816,145.109,0.634,-1,-1,-1
35,-1,5.237,578.225,219.397,157.093,0.980,-1,-1,-1
35,-1,0.453,520.087,72.421,110.859,0.581,-1,-1,-1
35,-1,929.941,4.345,206.723,110.186,0.962,-1,-1,-1
36,-1,622.595,262.054,285.341,136.467,0.997,-1,-1,-1
36,-1,1889.553,758.470,29.449,144.810,0.671,-1,-1,-1
36,-1,14.735,569.972,223.006,168.778,0.989,-1,-1,-1
36,-1,0.411,516.043,81.559,112.572,0.304,-1,-1,-1
36,-1,913.018,4.140,208.813,111.083,0.967,-1,-1,-1
37,-1,595.857,260.116,274.579,135.325,0.997,-1,-1,-1
37,-1,1880.709,748.826,37.495,148.258,0.784,-1,-1,-1
37,-1,0.457,518.620,71.658,107.692,0.844,-1,-1,-1
37,-1,28.154,566.296,224.134,174.568,0.946,-1,-1,-1
37,-1,909.806,4.821,208.054,115.899,0.974,-1,-1,-1
38,-1,561.397,259.694,272.209,129.818,0.996,-1,-1,-1
38,-1,0.707,515.884,73.887,109.749,0.818,-1,-1,-1
38,-1,1874.115,738.862,43.198,152.545,0.899,-1,-1,-1
38,-1,22.908,565.448,248.989,176.296,0.907,-1,-1,-1
38,-1,897.876,7.681,210.807,116.225,0.976,-1,-1,-1
39,-1,534.918,260.077,265.332,125.469,0.997,-1,-1,-1
39,-1,2.808,511.296,79.104,114.125,0.943,-1,-1,-1
39,-1,49.606,562.370,236.683,168.144,0.974,-1,-1,-1
39,-1,1868.870,741.200,49.834,151.285,0.214,-1,-1,-1
39,-1,877.282,10.587,220.552,114.925,0.966,-1,-1,-1
40,-1,505.636,259.228,262.843,123.976,0.994,-1,-1,-1
40,-1,1861.417,730.835,58.087,153.090,0.218,-1,-1,-1
40,-1,2.331,512.625,82.555,110.677,0.916,-1,-1,-1
40,-1,65.148,557.453,239.169,176.497,0.969,-1,-1,-1
40,-1,867.483,15.973,226.941,113.091,0.960,-1,-1,-1
41,-1,477.169,259.216,256.358,123.001,0.995,-1,-1,-1
41,-1,0.313,519.541,82.363,103.023,0.849,-1,-1,-1
41,-1,70.167,554.107,261.246,174.978,0.925,-1,-1,-1
41,-1,854.256,14.538,230.942,121.854,0.299,-1,-1,-1
41,-1,857.954,16.880,225.490,119.680,0.877,-1,-1,-1
42,-1,1.401,537.088,82.822,83.854,0.863,-1,-1,-1
42,-1,19.105,504.456,74.647,99.523,0.380,-1,-1,-1
42,-1,57.159,550.687,297.890,178.467,0.943,-1,-1,-1
42,-1,457.791,260.618,236.772,121.512,0.995,-1,-1,-1
42,-1,841.141,23.995,239.596,111.859,0.399,-1,-1,-1
42,-1,844.925,17.740,233.519,122.159,0.869,-1,-1,-1
43,-1,0.202,522.921,92.462,98.255,0.904,-1,-1,-1
43,-1,100.993,552.175,274.037,172.778,0.967,-1,-1,-1
43,-1,26.441,500.994,78.873,98.161,0.205,-1,-1,-1
43,-1,423.417,259.031,233.828,121.119,0.995,-1,-1,-1
43,-1,828.306,20.790,245.846,119.992,0.211,-1,-1,-1
43,-1,828.469,16.844,246.608,123.705,0.900,-1,-1,-1
44,-1,0.277,516.382,94.578,102.713,0.889,-1,-1,-1
44,-1,23.973,496.772,85.227,107.717,0.691,-1,-1,-1
44,-1,98.008,548.707,296.022,176.707,0.971,-1,-1,-1
44,-1,401.215,264.207,227.688,118.892,0.996,-1,-1,-1
44,-1,0.000,503.463,66.244,92.975,0.230,-1,-1,-1
44,-1,1822.597,694.367,96.488,182.750,0.722,-1,-1,-1
44,-1,815.681,16.906,245.904,127.163,0.937,-1,-1,-1
45,-1,0.559,495.139,117.125,130.864,0.939,-1,-1,-1
45,-1,372.199,271.882,227.095,115.378,0.995,-1,-1,-1
45,-1,123.928,546.329,292.786,178.680,0.973,-1,-1,-1
45,-1,801.872,15.264,248.927,131.496,0.960,-1,-1,-1
46,-1,345.685,275.460,220.377,114.282,0.998,-1,-1,-1
46,-1,2.006,493.063,126.329,147.077,0.880,-1,-1,-1
46,-1,145.107,542.892,301.989,182.890,0.989,-1,-1,-1
46,-1,1813.651,702.354,106.142,166.465,0.829,-1,-1,-1
46,-1,783.776,15.341,252.533,134.715,0.968,-1,-1,-1
47,-1,166.036,553.419,307.117,173.553,0.975,-1,-1,-1
47,-1,324.807,279.723,211.745,113.179,0.997,-1,-1,-1
47,-1,1.984,490.062,135.093,157.325,0.831,-1,-1,-1
47,-1,770.651,18.995,251.542,134.586,0.968,-1,-1,-1
48,-1,189.194,547.476,311.769,183.137,0.991,-1,-1,-1
48,-1,300.312,286.936,205.609,109.783,0.997,-1,-1,-1
48,-1,1799.768,697.897,119.717,165.979,0.995,-1,-1,-1
48,-1,0.000,473.407,145.807,162.236,0.901,-1,-1,-1
48,-1,764.413,32.171,244.592,122.537,0.947,-1,-1,-1
48,-1,819.139,22.567,184.450,51.306,0.219,-1,-1,-1
49,-1,275.099,291.560,197.642,114.053,0.998,-1,-1,-1
49,-1,0.000,467.573,165.793,166.866,0.494,-1,-1,-1
49,-1,206.989,544.080,330.378,192.163,0.986,-1,-1,-1
49,-1,1795.644,691.795,122.781,177.624,0.995,-1,-1,-1
49,-1,734.022,31.851,263.381,132.523,0.971,-1,-1,-1
50,-1,253.914,296.414,194.359,113.920,0.998,-1,-1,-1
50,-1,2.778,463.463,174.623,174.101,0.829,-1,-1,-1
50,-1,224.046,546.162,335.307,195.769,0.979,-1,-1,-1
50,-1,724.510,37.641,259.005,124.953,0.965,-1,-1,-1
51,-1,233.831,301.280,182.017,114.204,0.996,-1,-1,-1
51,-1,240.104,549.387,359.684,197.924,0.979,-1,-1,-1
51,-1,703.456,53.829,250.908,115.986,0.227,-1,-1,-1
51,-1,0.976,453.189,198.908,181.024,0.653,-1,-1,-1
51,-1,704.308,43.167,265.469,126.798,0.908,-1,-1,-1
52,-1,271.324,547.618,363.494,215.214,0.986,-1,-1,-1
52,-1,211.001,305.094,179.910,118.802,0.996,-1,-1,-1
52,-1,11.956,449.093,203.451,175.056,0.831,-1,-1,-1
52,-1,686.384,61.109,266.884,113.957,0.349,-1,-1,-1
52,-1,683.090,48.574,264.790,129.994,0.814,-1,-1,-1
53,-1,13.135,445.028,212.168,171.842,0.880,-1,-1,-1
53,-1,190.407,315.882,170.798,115.189,0.997,-1,-1,-1
53,-1,291.797,551.979,380.184,215.357,0.975,-1,-1,-1
53,-1,88.992,441.300,138.881,118.726,0.290,-1,-1,-1
53,-1,664.191,55.155,259.689,124.981,0.449,-1,-1,-1
53,-1,662.111,54.957,265.828,129.946,0.753,-1,-1,-1
53,-1,736.255,38.779,189.427,49.937,0.213,-1,-1,-1
54,-1,165.585,322.481,168.295,107.129,0.995,-1,-1,-1
54,-1,19.497,437.527,220.633,167.221,0.957,-1,-1,-1
54,-1,320.489,560.596,398.536,223.560,0.959,-1,-1,-1
54,-1,98.866,429.244,145.136,121.871,0.260,-1,-1,-1
54,-1,646.920,55.987,262.904,136.907,0.912,-1,-1,-1
54,-1,706.012,43.675,198.689,52.478,0.202,-1,-1,-1
55,-1,146.460,330.533,161.734,102.624,0.964,-1,-1,-1
55,-1,351.836,564.433,411.500,230.977,0.969,-1,-1,-1
55,-1,49.931,412.622,225.295,181.767,0.951,-1,-1,-1
55,-1,1762.239,674.038,155.048,215.793,0.982,-1,-1,-1
55,-1,624.007,58.090,260.931,141.079,0.956,-1,-1,-1
55,-1,685.532,47.432,204.890,55.105,0.302,-1,-1,-1
55,-1,661.227,52.971,232.106,86.694,0.200,-1,-1,-1
56,-1,128.499,339.309,156.288,96.227,0.964,-1,-1,-1
56,-1,383.463,582.754,419.755,225.035,0.982,-1,-1,-1
56,-1,62.818,410.992,232.790,174.977,0.933,-1,-1,-1
56,-1,1760.332,671.412,156.218,221.922,0.979,-1,-1,-1
56,-1,668.634,51.999,204.112,52.555,0.465,-1,-1,-1
56,-1,600.426,65.319,268.061,139.968,0.964,-1,-1,-1
57,-1,414.613,582.848,441.860,240.091,0.931,-1,-1,-1
57,-1,69.141,396.965,248.545,188.221,0.878,-1,-1,-1
57,-1,85.506,368.880,202.849,150.832,0.234,-1,-1,-1
57,-1,113.580,348.131,151.293,106.747,0.638,-1,-1,-1
57,-1,1760.553,669.761,156.275,223.627,0.978,-1,-1,-1
57,-1,578.958,61.015,278.195,150.973,0.974,-1,-1,-1
57,-1,646.731,55.397,207.121,54.845,0.406,-1,-1,-1
57,-1,76.166,394.400,240.891,188.694,0.263,-1,-1,-1
58,-1,93.261,356.077,142.443,108.017,0.959,-1,-1,-1
58,-1,115.496,394.378,218.373,165.603,0.691,-1,-1,-1
58,-1,446.563,593.798,463.839,250.484,0.922,-1,-1,-1
58,-1,1755.614,665.020,161.778,224.666,0.970,-1,-1,-1
58,-1,557.163,63.708,280.438,153.363,0.973,-1,-1,-1
58,-1,612.799,58.939,223.669,101.311,0.251,-1,-1,-1
58,-1,105.242,392.625,227.822,163.866,0.491,-1,-1,-1
59,-1,111.022,387.784,264.543,163.158,0.984,-1,-1,-1
59,-1,1751.301,664.152,168.056,226.374,0.971,-1,-1,-1
59,-1,74.565,367.188,144.166,110.205,0.933,-1,-1,-1
59,-1,92.297,377.797,189.233,139.299,0.365,-1,-1,-1
59,-1,489.118,590.285,463.275,271.397,0.956,-1,-1,-1
59,-1,537.498,66.573,273.879,159.015,0.984,-1,-1,-1
60,-1,1747.301,661.172,172.582,227.788,0.980,-1,-1,-1
60,-1,58.710,373.576,137.738,107.904,0.991,-1,-1,-1
60,-1,533.452,604.814,475.359,276.399,0.830,-1,-1,-1
60,-1,128.962,373.661,275.068,176.522,0.976,-1,-1,-1
60,-1,507.105,600.552,515.186,279.198,0.227,-1,-1,-1
60,-1,515.755,68.665,276.110,163.081,0.976,-1,-1,-1
60,-1,576.674,67.743,210.858,72.680,0.349,-1,-1,-1
61,-1,1741.511,657.574,175.036,230.732,0.954,-1,-1,-1
61,-1,43.361,383.193,131.493,106.969,0.994,-1,-1,-1
61,-1,147.412,355.809,285.241,192.435,0.957,-1,-1,-1
61,-1,566.576,613.410,497.521,288.528,0.917,-1,-1,-1
61,-1,490.671,73.850,279.649,168.680,0.987,-1,-1,-1
61,-1,549.505,75.323,211.300,67.067,0.505,-1,-1,-1
62,-1,30.380,389.961,124.684,105.975,0.987,-1,-1,-1
62,-1,1737.721,654.495,178.757,234.705,0.977,-1,-1,-1
62,-1,177.010,349.378,284.225,184.980,0.969,-1,-1,-1
62,-1,611.628,614.218,512.054,307.398,0.782,-1,-1,-1
62,-1,603.235,618.321,517.103,297.868,0.283,-1,-1,-1
62,-1,522.754,75.300,211.948,64.798,0.378,-1,-1,-1
62,-1,467.076,95.200,275.678,153.338,0.978,-1,-1,-1
63,-1,9.297,400.894,123.681,103.153,0.978,-1,-1,-1
63,-1,1733.774,652.428,181.413,235.681,0.981,-1,-1,-1
63,-1,200.202,339.705,297.251,184.281,0.978,-1,-1,-1
63,-1,658.204,618.904,524.942,339.582,0.879,-1,-1,-1
63,-1,444.117,99.363,275.043,158.165,0.977,-1,-1,-1
63,-1,501.688,84.539,208.106,70.732,0.268,-1,-1,-1
64,-1,2.179,409.299,110.208,106.129,0.992,-1,-1,-1
64,-1,1730.170,650.016,187.072,236.899,0.972,-1,-1,-1
64,-1,217.085,327.502,315.474,193.765,0.964,-1,-1,-1
64,-1,718.236,633.691,528.896,354.736,0.763,-1,-1,-1
64,-1,418.098,102.673,268.859,166.782,0.982,-1,-1,-1
65,-1,768.912,647.927,532.896,342.838,0.843,-1,-1,-1
65,-1,3.776,420.918,89.548,93.654,0.992,-1,-1,-1
65,-1,262.199,312.679,306.280,193.211,0.914,-1,-1,-1
65,-1,1718.184,646.970,199.917,236.265,0.977,-1,-1,-1
65,-1,394.377,108.281,272.706,167.522,0.986,-1,-1,-1
65,-1,251.604,313.356,324.997,195.949,0.242,-1,-1,-1
66,-1,822.522,665.427,547.158,349.772,0.733,-1,-1,-1
66,-1,1712.203,642.600,207.588,232.301,0.978,-1,-1,-1
66,-1,0.007,430.352,75.455,85.977,0.989,-1,-1,-1
66,-1,290.932,296.302,326.685,202.455,0.907,-1,-1,-1
66,-1,370.146,115.169,262.118,171.177,0.986,-1,-1,-1
66,-1,421.510,112.817,200.868,78.459,0.441,-1,-1,-1
66,-1,287.111,303.080,316.606,192.269,0.303,-1,-1,-1
67,-1,1707.953,640.449,210.923,232.798,0.979,-1,-1,-1
67,-1,878.506,686.643,547.029,356.892,0.838,-1,-1,-1
67,-1,319.700,283.382,338.446,207.094,0.893,-1,-1,-1
67,-1,0.220,437.526,61.587,79.895,0.987,-1,-1,-1
67,-1,349.272,125.798,257.051,171.282,0.989,-1,-1,-1
67,-1,396.068,118.123,202.938,79.059,0.238,-1,-1,-1
67,-1,327.457,291.889,309.921,187.437,0.359,-1,-1,-1
68,-1,0.107,448.789,43.077,72.283,0.934,-1,-1,-1
68,-1,366.520,264.914,340.535,201.766,0.870,-1,-1,-1
68,-1,938.082,702.745,545.134,345.388,0.720,-1,-1,-1
68,-1,1693.203,627.196,225.997,241.721,0.976,-1,-1,-1
68,-1,327.445,129.776,260.848,177.585,0.969,-1,-1,-1
68,-1,343.410,197.984,300.688,184.818,0.260,-1,-1,-1
68,-1,359.441,271.007,348.171,194.667,0.353,-1,-1,-1
69,-1,1678.160,618.328,241.142,244.604,0.981,-1,-1,-1
69,-1,395.742,258.577,350.222,193.881,0.727,-1,-1,-1
69,-1,1003.334,725.439,541.793,334.247,0.907,-1,-1,-1
69,-1,344.894,132.291,205.711,106.455,0.315,-1,-1,-1
69,-1,404.449,262.515,341.210,196.974,0.649,-1,-1,-1
69,-1,299.583,146.787,255.117,176.081,0.954,-1,-1,-1
70,-1,1055.392,747.388,546.625,321.725,0.950,-1,-1,-1
70,-1,436.636,246.213,344.663,198.076,0.608,-1,-1,-1
70,-1,1672.293,606.958,245.832,249.637,0.954,-1,-1,-1
70,-1,277.486,142.532,255.655,189.723,0.986,-1,-1,-1
70,-1,444.658,246.584,334.044,194.448,0.704,-1,-1,-1
71,-1,1129.911,771.509,508.188,303.415,0.885,-1,-1,-1
71,-1,484.623,233.777,339.882,191.099,0.654,-1,-1,-1
71,-1,1655.931,603.088,259.774,244.168,0.966,-1,-1,-1
71,-1,294.832,141.385,197.214,105.473,0.336,-1,-1,-1
71,-1,250.260,168.778,249.452,175.226,0.966,-1,-1,-1
71,-1,295.069,143.184,201.114,103.963,0.580,-1,-1,-1
71,-1,483.822,239.759,334.255,184.536,0.805,-1,-1,-1
72,-1,1198.414,796.390,495.403,277.197,0.899,-1,-1,-1
72,-1,520.696,217.501,360.586,189.325,0.685,-1,-1,-1
72,-1,1638.323,594.214,270.359,252.098,0.913,-1,-1,-1
72,-1,230.263,175.254,244.745,179.638,0.964,-1,-1,-1
72,-1,279.112,168.055,184.642,93.846,0.346,-1,-1,-1
72,-1,531.935,216.831,346.468,195.375,0.766,-1,-1,-1
73,-1,1265.978,821.913,473.488,248.928,0.853,-1,-1,-1
73,-1,571.213,203.230,346.420,190.241,0.855,-1,-1,-1
73,-1,1621.247,591.480,283.918,243.871,0.942,-1,-1,-1
73,-1,204.191,182.383,241.060,186.193,0.991,-1,-1,-1
73,-1,572.608,206.274,345.108,181.684,0.644,-1,-1,-1
74,-1,1338.357,839.961,420.228,236.844,0.898,-1,-1,-1
74,-1,1605.486,581.557,290.721,247.924,0.964,-1,-1,-1
74,-1,612.640,193.555,346.084,183.936,0.950,-1,-1,-1
74,-1,183.175,193.748,240.887,183.985,0.989,-1,-1,-1
74,-1,614.041,195.306,344.008,178.675,0.320,-1,-1,-1
75,-1,655.246,181.035,345.789,178.312,0.880,-1,-1,-1
75,-1,1401.620,865.542,394.704,210.805,0.826,-1,-1,-1
75,-1,1581.349,577.276,310.458,243.946,0.907,-1,-1,-1
75,-1,156.327,192.550,233.532,196.261,0.990,-1,-1,-1
75,-1,657.090,182.085,350.206,178.170,0.340,-1,-1,-1
76,-1,704.999,171.316,331.514,174.997,0.772,-1,-1,-1
76,-1,1459.880,885.959,367.538,192.586,0.853,-1,-1,-1
76,-1,1570.122,566.072,303.023,240.427,0.937,-1,-1,-1
76,-1,140.764,222.253,216.481,180.989,0.979,-1,-1,-1
76,-1,703.719,171.187,343.737,169.165,0.679,-1,-1,-1
77,-1,1547.300,556.010,300.974,245.675,0.916,-1,-1,-1
77,-1,1519.116,906.766,352.477,173.202,0.844,-1,-1,-1
77,-1,748.220,156.639,330.212,173.469,0.894,-1,-1,-1
77,-1,121.303,230.062,211.568,183.583,0.987,-1,-1,-1
77,-1,748.798,161.083,330.969,167.345,0.623,-1,-1,-1
78,-1,792.392,143.291,319.889,168.172,0.935,-1,-1,-1
78,-1,1517.033,553.961,314.007,233.200,0.908,-1,-1,-1
78,-1,1578.898,923.694,322.913,153.993,0.682,-1,-1,-1
78,-1,130.539,239.005,179.030,104.755,0.656,-1,-1,-1
78,-1,99.006,252.380,208.450,172.120,0.965,-1,-1,-1
79,-1,1505.412,529.708,308.269,251.038,0.958,-1,-1,-1
79,-1,832.465,144.443,313.702,151.995,0.891,-1,-1,-1
79,-1,1629.471,935.898,282.695,139.576,0.897,-1,-1,-1
79,-1,79.279,248.995,210.395,184.993,0.979,-1,-1,-1
79,-1,835.942,144.182,306.275,152.496,0.292,-1,-1,-1
80,-1,1474.259,518.140,324.868,246.767,0.977,-1,-1,-1
80,-1,879.123,135.467,293.581,145.063,0.801,-1,-1,-1
80,-1,62.335,262.801,201.989,185.159,0.981,-1,-1,-1
80,-1,880.973,135.993,295.989,142.456,0.620,-1,-1,-1
81,-1,1458.039,509.180,322.119,245.279,0.984,-1,-1,-1
81,-1,917.080,124.124,282.828,144.795,0.673,-1,-1,-1
81,-1,47.290,278.060,193.706,182.882,0.966,-1,-1,-1
81,-1,926.903,122.852,270.612,145.053,0.612,-1,-1,-1
82,-1,1418.358,492.128,331.459,243.070,0.986,-1,-1,-1
82,-1,962.894,121.352,258.686,132.616,0.779,-1,-1,-1
82,-1,1766.455,974.493,153.070,102.061,0.697,-1,-1,-1
82,-1,28.343,288.279,190.380,180.429,0.978,-1,-1,-1
82,-1,963.529,117.511,259.678,136.545,0.410,-1,-1,-1
83,-1,1387.946,471.329,341.875,254.307,0.986,-1,-1,-1
83,-1,994.060,109.465,253.099,133.021,0.852,-1,-1,-1
83,-1,996.753,110.515,247.354,131.645,0.273,-1,-1,-1
83,-1,14.455,305.173,179.903,184.391,0.968,-1,-1,-1
84,-1,1360.997,450.013,344.295,255.828,0.978,-1,-1,-1
84,-1,1030.606,103.951,231.170,125.701,0.788,-1,-1,-1
84,-1,1447.292,598.754,250.185,111.837,0.401,-1,-1,-1
84,-1,2.229,319.280,166.780,156.122,0.954,-1,-1,-1
84,-1,1035.411,98.712,243.101,133.150,0.423,-1,-1,-1
85,-1,1329.211,444.358,344.240,258.346,0.984,-1,-1,-1
85,-1,1062.978,99.582,214.528,119.019,0.909,-1,-1,-1
85,-1,0.000,328.721,148.993,167.306,0.980,-1,-1,-1
86,-1,1292.034,426.081,354.596,258.684,0.982,-1,-1,-1
86,-1,1096.430,88.552,202.246,120.018,0.919,-1,-1,-1
86,-1,0.000,507.469,77.907,277.233,0.279,-1,-1,-1
86,-1,0.711,342.729,126.026,146.413,0.974,-1,-1,-1
87,-1,1263.956,412.339,351.420,258.887,0.986,-1,-1,-1
87,-1,0.000,543.937,96.867,173.130,0.360,-1,-1,-1
87,-1,1.104,537.158,88.538,92.730,0.673,-1,-1,-1
87,-1,1125.742,82.160,188.471,112.667,0.839,-1,-1,-1
87,-1,1129.576,82.739,182.991,111.984,0.272,-1,-1,-1
87,-1,0.000,350.286,106.947,142.638,0.975,-1,-1,-1
88,-1,0.190,533.954,90.373,253.706,0.559,-1,-1,-1
88,-1,1224.397,395.011,361.032,246.206,0.989,-1,-1,-1
88,-1,0.048,529.996,89.265,92.067,0.981,-1,-1,-1
88,-1,1.138,611.551,69.464,144.234,0.282,-1,-1,-1
88,-1,1151.206,79.437,177.022,106.741,0.893,-1,-1,-1
88,-1,0.035,366.275,85.178,134.675,0.959,-1,-1,-1
88,-1,1152.621,77.949,173.116,107.131,0.250,-1,-1,-1
89,-1,1191.086,388.285,360.875,244.489,0.979,-1,-1,-1
89,-1,0.000,389.011,64.510,116.366,0.202,-1,-1,-1
89,-1,0.074,530.221,94.315,96.088,0.968,-1,-1,-1
89,-1,0.000,536.872,97.450,172.778,0.370,-1,-1,-1
89,-1,1175.404,70.596,162.763,104.571,0.488,-1,-1,-1
89,-1,1173.129,71.758,178.229,103.184,0.834,-1,-1,-1
89,-1,0.000,384.729,61.305,114.289,0.314,-1,-1,-1
90,-1,1148.391,380.063,368.087,236.224,0.985,-1,-1,-1
90,-1,0.896,546.031,92.695,191.063,0.250,-1,-1,-1
90,-1,0.555,528.558,99.421,97.696,0.977,-1,-1,-1
90,-1,1200.461,65.666,149.094,99.487,0.749,-1,-1,-1
90,-1,0.418,399.474,44.161,96.968,0.842,-1,-1,-1
90,-1,1198.961,65.973,149.923,100.229,0.615,-1,-1,-1
91,-1,1125.385,367.234,365.577,231.741,0.991,-1,-1,-1
91,-1,0.326,522.714,96.473,100.012,0.993,-1,-1,-1
91,-1,1218.618,61.828,139.678,91.578,0.697,-1,-1,-1
91,-1,1.490,613.062,69.566,145.576,0.542,-1,-1,-1
91,-1,1218.002,59.275,136.676,95.417,0.573,-1,-1,-1
92,-1,1090.309,352.273,362.071,231.618,0.989,-1,-1,-1
92,-1,1236.822,56.629,128.117,88.605,0.526,-1,-1,-1
92,-1,0.339,522.720,97.069,100.459,0.977,-1,-1,-1
92,-1,3.349,616.595,66.628,134.409,0.657,-1,-1,-1
92,-1,1236.654,55.737,128.368,90.335,0.711,-1,-1,-1
93,-1,3.251,613.442,67.648,135.593,0.747,-1,-1,-1
93,-1,1049.571,339.232,363.568,225.544,0.989,-1,-1,-1
93,-1,0.451,522.510,97.668,99.559,0.979,-1,-1,-1
93,-1,1250.914,53.907,123.192,76.512,0.567,-1,-1,-1
93,-1,1250.635,52.564,126.346,81.720,0.711,-1,-1,-1
94,-1,2.328,611.883,73.133,138.153,0.533,-1,-1,-1
94,-1,1013.413,325.899,356.636,222.197,0.993,-1,-1,-1
94,-1,0.594,521.850,100.041,98.883,0.743,-1,-1,-1
94,-1,1267.631,49.834,111.326,79.161,0.646,-1,-1,-1
94,-1,1264.555,48.236,117.682,81.874,0.501,-1,-1,-1
95,-1,2.567,613.135,76.105,135.682,0.560,-1,-1,-1
95,-1,977.994,310.186,355.273,221.764,0.994,-1,-1,-1
95,-1,0.000,522.815,105.445,99.098,0.477,-1,-1,-1
95,-1,1280.748,39.487,103.361,83.572,0.473,-1,-1,-1
95,-1,1281.779,37.830,101.942,87.180,0.767,-1,-1,-1
96,-1,944.918,300.103,350.708,209.676,0.992,-1,-1,-1
96,-1,1291.832,38.070,99.897,76.760,0.723,-1,-1,-1
96,-1,0.672,616.992,80.404,126.898,0.426,-1,-1,-1
96,-1,1291.474,37.457,100.465,81.701,0.481,-1,-1,-1
97,-1,913.220,292.516,341.323,202.397,0.994,-1,-1,-1
97,-1,1.313,569.948,97.128,172.419,0.329,-1,-1,-1
97,-1,1303.944,32.648,91.634,73.382,0.828,-1,-1,-1
97,-1,1304.498,31.876,91.760,73.347,0.294,-1,-1,-1
98,-1,880.226,283.628,333.099,197.594,0.995,-1,-1,-1
98,-1,2.157,546.182,104.691,198.169,0.689,-1,-1,-1
98,-1,1313.897,28.595,82.391,72.226,0.727,-1,-1,-1
98,-1,1313.642,29.444,83.905,72.148,0.432,-1,-1,-1
99,-1,842.723,270.606,334.339,194.962,0.994,-1,-1,-1
99,-1,1321.280,28.883,78.477,67.656,0.741,-1,-1,-1
99,-1,2.254,578.534,103.539,165.064,0.231,-1,-1,-1
99,-1,1319.753,27.112,79.587,69.991,0.388,-1,-1,-1
100,-1,806.744,262.685,333.066,190.382,0.994,-1,-1,-1
100,-1,0.978,565.094,108.711,176.154,0.684,-1,-1,-1
100,-1,1887.412,792.205,32.539,126.884,0.230,-1,-1,-1
100,-1,1326.521,23.113,75.733,69.502,0.396,-1,-1,-1
100,-1,1326.748,24.227,76.702,67.315,0.763,-1,-1,-1
101,-1,770.173,255.597,327.859,183.420,0.996,-1,-1,-1
101,-1,0.002,583.284,117.168,155.799,0.853,-1,-1,-1
101,-1,1333.580,21.657,74.263,63.291,0.811,-1,-1,-1
101,-1,1335.028,19.971,69.695,66.207,0.277,-1,-1,-1
102,-1,737.030,249.055,319.784,180.600,0.996,-1,-1,-1
102,-1,0.459,593.600,122.277,147.729,0.814,-1,-1,-1
102,-1,1339.785,16.845,69.095,60.642,0.730,-1,-1,-1
102,-1,1341.020,16.236,68.573,63.073,0.382,-1,-1,-1
102,-1,0.000,593.875,125.526,144.642,0.295,-1,-1,-1
103,-1,702.670,243.819,314.418,172.583,0.995,-1,-1,-1
103,-1,1342.772,13.795,68.559,61.228,0.852,-1,-1,-1
103,-1,1.628,554.560,132.840,182.308,0.692,-1,-1,-1
103,-1,1345.245,13.504,65.515,61.357,0.218,-1,-1,-1
103,-1,0.065,577.830,134.937,161.515,0.317,-1,-1,-1
104,-1,670.113,235.864,312.397,171.741,0.996,-1,-1,-1
104,-1,1347.812,11.082,65.990,58.989,0.917,-1,-1,-1
104,-1,1483.487,4.619,34.677,27.872,0.249,-1,-1,-1
104,-1,0.000,557.315,142.740,178.753,0.589,-1,-1,-1
104,-1,0.343,569.977,142.765,171.303,0.527,-1,-1,-1
105,-1,637.834,234.732,301.088,161.278,0.998,-1,-1,-1
105,-1,1352.517,8.433,60.042,55.671,0.960,-1,-1,-1
105,-1,0.000,571.098,156.696,164.545,0.570,-1,-1,-1
105,-1,1875.054,787.564,42.318,125.309,0.263,-1,-1,-1
105,-1,1.121,546.853,147.469,193.906,0.453,-1,-1,-1
106,-1,605.795,231.744,294.735,158.071,0.997,-1,-1,-1
106,-1,1355.859,6.137,59.307,52.487,0.968,-1,-1,-1
106,-1,1483.748,5.254,34.059,26.858,0.213,-1,-1,-1
106,-1,2.750,566.780,161.726,169.557,0.811,-1,-1,-1
106,-1,0.827,567.348,159.788,168.919,0.320,-1,-1,-1
107,-1,571.920,232.965,292.797,148.164,0.997,-1,-1,-1
107,-1,4.653,549.991,174.187,198.938,0.484,-1,-1,-1
107,-1,1483.588,5.163,34.075,27.215,0.212,-1,-1,-1
107,-1,1359.504,3.688,57.749,49.280,0.909,-1,-1,-1
107,-1,1868.184,786.375,49.407,126.206,0.664,-1,-1,-1
107,-1,1360.699,4.450,55.194,49.254,0.221,-1,-1,-1
107,-1,5.452,547.670,171.725,199.939,0.364,-1,-1,-1
108,-1,542.535,231.532,280.746,144.834,0.997,-1,-1,-1
108,-1,1364.414,2.030,53.166,47.914,0.907,-1,-1,-1
108,-1,1483.226,4.002,35.168,28.740,0.225,-1,-1,-1
108,-1,4.765,550.908,194.564,219.031,0.637,-1,-1,-1
108,-1,1866.880,786.474,50.826,126.367,0.728,-1,-1,-1
108,-1,3.121,555.938,194.448,199.249,0.482,-1,-1,-1
108,-1,1365.062,2.279,51.533,47.977,0.311,-1,-1,-1
109,-1,1367.091,1.108,49.962,44.654,0.939,-1,-1,-1
109,-1,511.982,232.592,270.450,134.453,0.996,-1,-1,-1
109,-1,1483.536,3.748,34.878,28.932,0.217,-1,-1,-1
109,-1,7.539,527.089,205.148,243.435,0.744,-1,-1,-1
109,-1,1864.957,786.069,53.687,125.070,0.712,-1,-1,-1
109,-1,4.239,525.943,208.025,236.832,0.527,-1,-1,-1
110,-1,485.323,234.362,267.735,134.848,0.996,-1,-1,-1
110,-1,6.942,515.906,226.816,237.756,0.518,-1,-1,-1
110,-1,1368.779,1.114,49.409,41.719,0.960,-1,-1,-1
110,-1,1862.719,783.738,56.065,127.321,0.707,-1,-1,-1
110,-1,2.962,526.835,221.680,214.407,0.397,-1,-1,-1
110,-1,3.086,512.846,226.394,237.489,0.485,-1,-1,-1
111,-1,1371.327,1.418,48.097,36.259,0.965,-1,-1,-1
111,-1,2.575,511.273,254.176,247.460,0.507,-1,-1,-1
111,-1,1862.577,782.712,55.820,126.816,0.645,-1,-1,-1
111,-1,455.809,233.364,260.786,134.718,0.996,-1,-1,-1
111,-1,4.154,519.556,248.519,221.134,0.333,-1,-1,-1
111,-1,4.641,512.189,246.056,233.612,0.621,-1,-1,-1
112,-1,426.239,234.134,257.023,133.047,0.997,-1,-1,-1
112,-1,1860.625,781.911,56.922,128.388,0.578,-1,-1,-1
112,-1,1373.901,1.631,44.882,32.569,0.970,-1,-1,-1
112,-1,8.941,513.447,269.415,223.944,0.438,-1,-1,-1
112,-1,7.812,511.778,273.146,227.435,0.736,-1,-1,-1
113,-1,401.992,238.014,246.987,130.828,0.994,-1,-1,-1
113,-1,1375.753,0.949,43.232,29.958,0.988,-1,-1,-1
113,-1,1860.955,781.363,57.316,128.044,0.713,-1,-1,-1
113,-1,13.939,498.633,300.210,232.895,0.710,-1,-1,-1
113,-1,20.759,513.557,282.779,217.736,0.275,-1,-1,-1
113,-1,15.735,505.092,296.453,231.607,0.543,-1,-1,-1
114,-1,0.863,509.480,115.952,131.572,0.414,-1,-1,-1
114,-1,1377.242,0.002,46.042,28.771,0.978,-1,-1,-1
114,-1,1860.132,780.339,57.779,129.550,0.740,-1,-1,-1
114,-1,374.110,240.226,241.172,131.210,0.993,-1,-1,-1
114,-1,39.169,495.540,297.622,233.900,0.808,-1,-1,-1
114,-1,0.000,506.161,124.157,141.377,0.237,-1,-1,-1
114,-1,34.439,508.219,300.190,214.570,0.465,-1,-1,-1
115,-1,350.487,243.671,233.715,134.389,0.995,-1,-1,-1
115,-1,1377.127,0.029,45.009,28.637,0.905,-1,-1,-1
115,-1,2.078,511.141,125.582,132.271,0.808,-1,-1,-1
115,-1,1859.292,779.773,58.021,130.556,0.675,-1,-1,-1
115,-1,48.060,491.457,306.528,225.869,0.903,-1,-1,-1
115,-1,44.133,487.833,315.879,226.196,0.534,-1,-1,-1
115,-1,0.000,509.640,133.925,134.500,0.342,-1,-1,-1
116,-1,2.353,509.762,131.365,131.127,0.929,-1,-1,-1
116,-1,1380.871,1.394,36.784,23.464,0.809,-1,-1,-1
116,-1,325.051,244.851,220.192,141.124,0.993,-1,-1,-1
116,-1,1858.921,778.918,58.288,131.739,0.708,-1,-1,-1
116,-1,60.193,473.970,331.431,236.150,0.907,-1,-1,-1
116,-1,65.833,478.557,323.355,230.267,0.458,-1,-1,-1
117,-1,303.821,250.259,215.936,134.478,0.996,-1,-1,-1
117,-1,1.351,507.936,139.847,133.248,0.971,-1,-1,-1
117,-1,1380.246,0.000,38.938,22.498,0.508,-1,-1,-1
117,-1,1858.716,778.587,58.562,131.223,0.656,-1,-1,-1
117,-1,81.955,459.989,335.613,241.491,0.908,-1,-1,-1
117,-1,67.030,459.125,365.330,241.212,0.382,-1,-1,-1
118,-1,277.393,258.399,213.495,135.342,0.995,-1,-1,-1
118,-1,1379.236,0.044,40.302,20.736,0.558,-1,-1,-1
118,-1,2.424,504.500,132.788,136.966,0.703,-1,-1,-1
118,-1,1858.010,778.336,59.416,131.228,0.592,-1,-1,-1
118,-1,104.736,447.542,339.627,247.018,0.800,-1,-1,-1
118,-1,111.455,451.511,330.906,235.876,0.823,-1,-1,-1
119,-1,1857.797,778.632,60.768,129.557,0.548,-1,-1,-1
119,-1,2.325,504.911,136.067,134.236,0.900,-1,-1,-1
119,-1,1382.403,0.000,36.937,17.613,0.795,-1,-1,-1
119,-1,129.272,441.003,349.629,245.664,0.503,-1,-1,-1
119,-1,253.149,264.704,210.560,136.391,0.993,-1,-1,-1
119,-1,128.931,433.598,333.833,243.408,0.899,-1,-1,-1
120,-1,230.279,271.802,210.842,134.188,0.986,-1,-1,-1
120,-1,2.597,502.110,137.579,136.817,0.914,-1,-1,-1
120,-1,1382.391,0.000,39.253,16.430,0.557,-1,-1,-1
120,-1,150.053,427.327,369.433,228.150,0.332,-1,-1,-1
120,-1,158.385,420.789,370.526,242.475,0.925,-1,-1,-1
121,-1,1385.242,0.000,33.717,13.422,0.444,-1,-1,-1
121,-1,211.202,282.042,188.858,135.952,0.994,-1,-1,-1
121,-1,178.783,405.168,384.930,241.820,0.490,-1,-1,-1
121,-1,5.308,498.578,141.168,136.726,0.983,-1,-1,-1
121,-1,1856.233,778.103,61.089,129.920,0.811,-1,-1,-1
121,-1,182.746,420.591,369.191,228.209,0.366,-1,-1,-1
121,-1,187.648,410.056,373.594,239.750,0.768,-1,-1,-1
122,-1,188.933,292.061,181.817,136.077,0.995,-1,-1,-1
122,-1,1387.581,0.000,30.040,9.334,0.271,-1,-1,-1
122,-1,7.600,493.934,145.731,140.906,0.965,-1,-1,-1
122,-1,1855.081,778.393,62.413,128.970,0.751,-1,-1,-1
122,-1,213.807,398.307,392.522,236.582,0.493,-1,-1,-1
122,-1,208.630,404.256,379.493,229.468,0.299,-1,-1,-1
122,-1,224.834,441.349,132.436,129.013,0.262,-1,-1,-1
122,-1,212.626,401.611,390.819,237.019,0.695,-1,-1,-1
123,-1,164.363,299.027,179.712,137.805,0.990,-1,-1,-1
123,-1,3.154,499.645,152.851,124.260,0.965,-1,-1,-1
123,-1,1854.017,777.133,63.074,131.861,0.407,-1,-1,-1
123,-1,366.828,384.285,289.169,186.419,0.555,-1,-1,-1
123,-1,0.137,537.376,113.224,64.897,0.602,-1,-1,-1
123,-1,260.349,391.426,381.694,190.203,0.499,-1,-1,-1
123,-1,255.664,435.173,138.969,121.647,0.669,-1,-1,-1
123,-1,257.116,384.117,397.047,220.490,0.499,-1,-1,-1
124,-1,143.878,304.056,176.407,140.165,0.992,-1,-1,-1
124,-1,11.247,543.662,132.046,82.046,0.413,-1,-1,-1
124,-1,6.048,483.100,160.898,141.751,0.970,-1,-1,-1
124,-1,1851.512,775.309,67.251,133.938,0.496,-1,-1,-1
124,-1,270.734,371.047,411.379,241.819,0.287,-1,-1,-1
124,-1,277.857,375.603,408.139,234.813,0.321,-1,-1,-1
124,-1,274.107,375.014,417.079,235.930,0.761,-1,-1,-1
125,-1,122.279,318.567,166.225,135.187,0.993,-1,-1,-1
125,-1,9.461,478.523,170.501,139.787,0.950,-1,-1,-1
125,-1,1852.188,776.391,65.194,135.691,0.710,-1,-1,-1
125,-1,20.533,541.674,127.750,78.964,0.707,-1,-1,-1
125,-1,323.428,356.949,419.459,229.069,0.313,-1,-1,-1
125,-1,318.146,363.192,403.014,215.012,0.891,-1,-1,-1
125,-1,320.036,356.663,414.942,224.098,0.376,-1,-1,-1
126,-1,100.211,327.444,165.682,135.406,0.990,-1,-1,-1
126,-1,10.796,473.485,179.589,144.348,0.972,-1,-1,-1
126,-1,1188.240,0.078,52.431,9.861,0.204,-1,-1,-1
126,-1,1850.108,775.984,67.196,133.078,0.844,-1,-1,-1
126,-1,362.251,341.768,419.650,230.026,0.243,-1,-1,-1
126,-1,360.123,341.318,400.888,234.674,0.916,-1,-1,-1
126,-1,353.129,338.149,427.036,244.899,0.474,-1,-1,-1
127,-1,16.363,464.849,181.370,142.174,0.988,-1,-1,-1
127,-1,85.933,334.499,156.835,132.730,0.991,-1,-1,-1
127,-1,1185.951,0.006,54.985,14.988,0.648,-1,-1,-1
127,-1,82.492,402.487,96.509,69.511,0.204,-1,-1,-1
127,-1,29.652,544.018,119.503,65.798,0.646,-1,-1,-1
127,-1,1848.013,773.768,69.853,137.702,0.824,-1,-1,-1
127,-1,401.418,325.558,412.440,246.284,0.991,-1,-1,-1
128,-1,21.239,459.935,188.749,143.013,0.992,-1,-1,-1
128,-1,64.125,343.944,151.061,136.053,0.981,-1,-1,-1
128,-1,1184.335,0.000,53.203,16.454,0.862,-1,-1,-1
128,-1,63.773,400.405,111.373,80.325,0.243,-1,-1,-1
128,-1,1845.871,772.776,71.796,137.411,0.945,-1,-1,-1
128,-1,448.265,309.216,426.434,243.626,0.958,-1,-1,-1
128,-1,441.101,311.900,434.920,246.020,0.405,-1,-1,-1
129,-1,41.983,455.324,180.135,143.301,0.996,-1,-1,-1
129,-1,44.161,354.125,148.615,135.736,0.974,-1,-1,-1
129,-1,1180.413,0.396,58.954,19.033,0.922,-1,-1,-1
129,-1,47.363,416.205,97.155,76.507,0.215,-1,-1,-1
129,-1,1844.433,770.802,75.119,139.650,0.911,-1,-1,-1
129,-1,488.624,290.929,421.215,243.423,0.957,-1,-1,-1
129,-1,496.847,293.237,426.107,255.132,0.290,-1,-1,-1
130,-1,52.008,447.045,182.990,140.750,0.995,-1,-1,-1
130,-1,26.202,368.029,142.204,136.373,0.984,-1,-1,-1
130,-1,1176.350,0.297,59.368,21.610,0.943,-1,-1,-1
130,-1,536.457,279.438,416.611,238.155,0.926,-1,-1,-1
130,-1,534.117,282.618,432.093,246.355,0.353,-1,-1,-1
131,-1,1173.439,0.481,61.694,25.345,0.967,-1,-1,-1
131,-1,1838.917,772.149,80.705,132.259,0.934,-1,-1,-1
131,-1,53.305,443.774,204.994,142.182,0.991,-1,-1,-1
131,-1,9.492,378.372,135.882,130.719,0.982,-1,-1,-1
131,-1,577.116,276.866,435.304,222.374,0.387,-1,-1,-1
131,-1,585.788,268.253,427.697,237.580,0.817,-1,-1,-1
132,-1,59.849,433.167,210.406,141.329,0.985,-1,-1,-1
132,-1,1170.108,0.917,62.179,26.533,0.986,-1,-1,-1
132,-1,640.753,258.690,412.144,225.584,0.209,-1,-1,-1
132,-1,0.975,387.842,121.786,126.057,0.971,-1,-1,-1
132,-1,628.967,263.060,421.873,221.963,0.653,-1,-1,-1
132,-1,625.040,254.796,431.624,233.942,0.598,-1,-1,-1
133,-1,1165.579,0.464,64.918,29.042,0.987,-1,-1,-1
133,-1,83.052,427.222,204.979,136.780,0.991,-1,-1,-1
133,-1,0.000,403.304,101.392,98.956,0.975,-1,-1,-1
133,-1,676.680,244.695,416.807,218.177,0.339,-1,-1,-1
133,-1,1830.417,765.596,87.962,143.488,0.950,-1,-1,-1
133,-1,674.217,242.435,407.266,221.398,0.790,-1,-1,-1
133,-1,679.008,236.799,409.570,232.591,0.424,-1,-1,-1
134,-1,1165.086,0.892,62.830,32.060,0.986,-1,-1,-1
134,-1,1826.604,765.963,92.350,143.095,0.905,-1,-1,-1
134,-1,101.080,421.090,206.706,142.031,0.995,-1,-1,-1
134,-1,0.000,416.851,78.290,98.088,0.987,-1,-1,-1
134,-1,731.690,231.212,396.189,217.297,0.289,-1,-1,-1
134,-1,730.413,233.184,386.015,213.611,0.807,-1,-1,-1
134,-1,723.966,231.512,410.683,215.877,0.597,-1,-1,-1
135,-1,1161.042,0.000,65.420,34.700,0.979,-1,-1,-1
135,-1,0.311,431.295,58.340,83.181,0.958,-1,-1,-1
135,-1,0.919,430.336,53.251,46.926,0.511,-1,-1,-1
135,-1,111.489,409.443,213.947,138.112,0.995,-1,-1,-1
135,-1,777.303,220.701,382.721,210.209,0.374,-1,-1,-1
135,-1,777.032,219.073,362.302,206.518,0.870,-1,-1,-1
135,-1,773.327,219.229,395.194,208.461,0.590,-1,-1,-1
136,-1,126.609,400.917,219.615,147.629,0.997,-1,-1,-1
136,-1,1814.660,761.458,105.141,143.425,0.962,-1,-1,-1
136,-1,821.223,206.173,380.680,208.168,0.486,-1,-1,-1
136,-1,1158.101,0.634,67.014,37.512,0.987,-1,-1,-1
136,-1,0.030,439.958,41.097,78.213,0.969,-1,-1,-1
136,-1,821.287,208.804,370.495,202.639,0.462,-1,-1,-1
136,-1,821.436,211.005,377.909,198.599,0.615,-1,-1,-1
137,-1,1152.374,1.438,70.086,39.198,0.982,-1,-1,-1
137,-1,149.144,393.241,219.428,147.804,0.996,-1,-1,-1
137,-1,0.354,455.626,23.126,66.080,0.292,-1,-1,-1
137,-1,1809.334,755.273,107.587,145.525,0.985,-1,-1,-1
137,-1,869.955,199.121,363.986,190.732,0.448,-1,-1,-1
137,-1,873.436,195.937,345.170,196.474,0.701,-1,-1,-1
137,-1,875.245,199.589,357.574,192.672,0.587,-1,-1,-1
138,-1,1149.058,0.838,70.358,42.172,0.981,-1,-1,-1
138,-1,165.431,380.638,227.909,145.167,0.996,-1,-1,-1
138,-1,918.254,189.276,336.638,184.859,0.297,-1,-1,-1
138,-1,917.559,189.004,349.840,187.587,0.906,-1,-1,-1
139,-1,189.696,372.610,228.746,148.232,0.997,-1,-1,-1
139,-1,1794.711,751.579,125.222,159.304,0.982,-1,-1,-1
139,-1,1146.747,0.462,69.652,45.585,0.964,-1,-1,-1
139,-1,960.357,181.743,332.412,181.199,0.306,-1,-1,-1
139,-1,959.755,179.841,326.934,179.876,0.648,-1,-1,-1
139,-1,952.706,177.998,342.490,182.526,0.642,-1,-1,-1
140,-1,1784.160,747.124,134.875,163.277,0.957,-1,-1,-1
140,-1,1142.583,0.541,72.875,48.701,0.960,-1,-1,-1
140,-1,1005.944,172.858,314.515,171.988,0.207,-1,-1,-1
140,-1,208.723,360.222,232.548,146.955,0.994,-1,-1,-1
140,-1,1003.129,172.087,322.263,171.347,0.287,-1,-1,-1
140,-1,999.702,167.527,321.502,177.062,0.776,-1,-1,-1
141,-1,1775.375,740.537,142.997,169.957,0.984,-1,-1,-1
141,-1,1046.005,160.223,290.926,168.305,0.319,-1,-1,-1
141,-1,1137.787,0.505,77.062,50.435,0.971,-1,-1,-1
141,-1,233.350,348.169,246.965,150.094,0.996,-1,-1,-1
141,-1,1035.916,161.102,306.043,165.891,0.842,-1,-1,-1
142,-1,258.850,335.993,240.882,147.743,0.996,-1,-1,-1
142,-1,1132.130,1.891,82.880,53.868,0.954,-1,-1,-1
142,-1,1767.563,732.415,150.508,178.636,0.907,-1,-1,-1
142,-1,1083.261,154.733,273.622,159.879,0.311,-1,-1,-1
142,-1,1084.320,153.234,274.049,159.967,0.958,-1,-1,-1
143,-1,283.611,323.328,248.726,153.542,0.996,-1,-1,-1
143,-1,1125.643,1.637,87.102,56.449,0.976,-1,-1,-1
143,-1,1117.203,139.943,251.579,159.519,0.969,-1,-1,-1
144,-1,316.580,309.867,246.369,151.209,0.996,-1,-1,-1
144,-1,1734.689,723.658,183.570,184.991,0.951,-1,-1,-1
144,-1,1122.069,3.023,90.481,56.501,0.958,-1,-1,-1
144,-1,1149.138,140.854,245.331,146.278,0.209,-1,-1,-1
144,-1,1151.952,136.649,235.080,149.461,0.967,-1,-1,-1
145,-1,339.170,301.207,260.038,150.311,0.996,-1,-1,-1
145,-1,1116.476,3.874,92.749,58.428,0.953,-1,-1,-1
145,-1,1177.143,127.245,228.156,145.454,0.313,-1,-1,-1
145,-1,1721.626,719.843,189.032,183.280,0.909,-1,-1,-1
145,-1,1181.373,125.373,219.988,147.708,0.757,-1,-1,-1
146,-1,374.151,286.549,256.592,148.439,0.997,-1,-1,-1
146,-1,1700.391,707.063,213.334,186.478,0.952,-1,-1,-1
146,-1,1112.022,1.371,95.987,65.227,0.960,-1,-1,-1
146,-1,1204.896,119.355,214.834,131.941,0.237,-1,-1,-1
146,-1,1206.518,117.479,212.511,145.481,0.948,-1,-1,-1
147,-1,410.783,275.554,261.071,145.350,0.996,-1,-1,-1
147,-1,1111.198,0.000,92.598,65.677,0.953,-1,-1,-1
147,-1,1687.585,700.844,219.908,188.279,0.956,-1,-1,-1
147,-1,1231.725,112.766,195.257,136.142,0.264,-1,-1,-1
147,-1,1233.011,110.593,192.409,137.668,0.937,-1,-1,-1
148,-1,1101.495,2.077,101.540,68.740,0.898,-1,-1,-1
148,-1,443.526,260.666,269.816,147.230,0.996,-1,-1,-1
148,-1,1261.474,104.502,172.365,133.386,0.583,-1,-1,-1
148,-1,1660.343,693.961,240.229,193.907,0.912,-1,-1,-1
148,-1,1257.408,104.152,177.437,131.796,0.814,-1,-1,-1
149,-1,480.212,250.545,266.579,144.642,0.995,-1,-1,-1
149,-1,1099.044,2.990,97.272,71.164,0.846,-1,-1,-1
149,-1,1637.956,684.728,246.006,194.310,0.961,-1,-1,-1
149,-1,1277.367,98.262,164.364,127.014,0.854,-1,-1,-1
149,-1,1097.096,2.018,101.907,72.076,0.274,-1,-1,-1
149,-1,1276.424,98.009,167.395,126.128,0.479,-1,-1,-1
150,-1,518.518,238.147,270.956,141.842,0.998,-1,-1,-1
150,-1,1295.738,93.717,155.210,122.109,0.918,-1,-1,-1
150,-1,1092.703,1.554,101.449,73.884,0.918,-1,-1,-1
150,-1,1617.504,672.132,246.663,197.801,0.982,-1,-1,-1
150,-1,1295.052,92.597,156.388,126.415,0.381,-1,-1,-1
151,-1,560.236,223.771,261.970,140.258,0.997,-1,-1,-1
151,-1,1083.621,3.869,107.924,75.067,0.846,-1,-1,-1
151,-1,0.539,640.862,81.746,111.490,0.896,-1,-1,-1
151,-1,1315.667,86.188,141.542,117.518,0.895,-1,-1,-1
151,-1,1585.806,661.081,262.636,202.806,0.963,-1,-1,-1
151,-1,0.818,544.568,25.241,92.043,0.297,-1,-1,-1
151,-1,1083.259,3.529,110.475,75.219,0.338,-1,-1,-1
151,-1,1313.982,91.336,148.017,112.551,0.343,-1,-1,-1
152,-1,596.102,214.738,268.788,135.958,0.997,-1,-1,-1
152,-1,1.285,635.820,94.029,110.967,0.972,-1,-1,-1
152,-1,1328.793,81.273,133.895,112.687,0.870,-1,-1,-1
152,-1,1561.052,652.754,270.053,198.449,0.972,-1,-1,-1
152,-1,0.717,542.874,28.453,92.377,0.840,-1,-1,-1
152,-1,0.282,635.957,33.741,66.021,0.420,-1,-1,-1
152,-1,1077.113,1.948,113.971,77.881,0.762,-1,-1,-1
152,-1,1078.361,4.974,112.653,75.262,0.449,-1,-1,-1
152,-1,1329.886,81.238,132.075,117.538,0.246,-1,-1,-1
153,-1,636.789,201.441,267.749,133.595,0.998,-1,-1,-1
153,-1,0.485,539.748,35.778,95.111,0.448,-1,-1,-1
153,-1,1.862,626.473,106.419,118.613,0.950,-1,-1,-1
153,-1,1526.724,642.412,277.942,202.496,0.974,-1,-1,-1
153,-1,1071.591,2.052,118.973,79.365,0.918,-1,-1,-1
153,-1,1342.727,79.358,120.821,104.294,0.927,-1,-1,-1
153,-1,1073.890,3.116,112.714,79.974,0.207,-1,-1,-1
153,-1,1341.818,79.739,127.968,107.036,0.273,-1,-1,-1
154,-1,675.486,194.418,265.443,129.691,0.998,-1,-1,-1
154,-1,1356.105,72.967,112.028,101.242,0.949,-1,-1,-1
154,-1,0.000,613.253,118.850,133.910,0.699,-1,-1,-1
154,-1,1493.563,629.700,291.971,205.064,0.989,-1,-1,-1
154,-1,1066.142,3.887,123.586,78.462,0.944,-1,-1,-1
154,-1,1355.878,76.473,111.641,98.090,0.223,-1,-1,-1
155,-1,715.505,181.468,260.889,127.486,0.998,-1,-1,-1
155,-1,0.512,619.516,126.260,124.735,0.974,-1,-1,-1
155,-1,1453.488,607.934,300.703,217.653,0.921,-1,-1,-1
155,-1,1059.044,6.539,127.883,77.769,0.906,-1,-1,-1
155,-1,1368.944,66.099,100.945,99.553,0.921,-1,-1,-1
155,-1,1062.195,5.085,123.558,81.241,0.287,-1,-1,-1
155,-1,1364.131,66.118,107.129,99.426,0.217,-1,-1,-1
156,-1,754.073,173.913,261.206,124.170,0.996,-1,-1,-1
156,-1,1416.350,599.071,310.702,211.831,0.969,-1,-1,-1
156,-1,0.659,613.464,138.825,126.136,0.973,-1,-1,-1
156,-1,1054.952,6.144,128.551,77.321,0.894,-1,-1,-1
156,-1,1374.824,63.436,94.826,91.044,0.988,-1,-1,-1
156,-1,1054.846,4.714,130.406,84.897,0.214,-1,-1,-1
157,-1,791.916,165.873,255.710,116.405,0.998,-1,-1,-1
157,-1,1379.667,583.768,314.966,212.217,0.962,-1,-1,-1
157,-1,1.098,609.497,141.986,129.656,0.992,-1,-1,-1
157,-1,1383.240,59.038,91.437,88.767,0.992,-1,-1,-1
157,-1,1050.914,2.788,130.850,85.167,0.840,-1,-1,-1
157,-1,1052.177,3.991,130.273,84.972,0.463,-1,-1,-1
158,-1,831.653,155.051,247.226,119.134,0.998,-1,-1,-1
158,-1,0.000,600.561,154.307,166.428,0.972,-1,-1,-1
158,-1,1334.935,566.799,322.467,214.516,0.943,-1,-1,-1
158,-1,1389.496,53.288,88.193,89.345,0.962,-1,-1,-1
158,-1,1048.162,6.939,131.242,82.685,0.884,-1,-1,-1
158,-1,1047.603,6.702,132.057,83.321,0.373,-1,-1,-1
159,-1,874.488,151.497,238.255,109.128,0.997,-1,-1,-1
159,-1,1291.975,550.390,331.353,214.878,0.934,-1,-1,-1
159,-1,1395.577,50.684,82.210,78.833,0.971,-1,-1,-1
159,-1,0.000,597.243,169.120,198.405,0.848,-1,-1,-1
159,-1,1043.348,7.607,135.523,83.551,0.908,-1,-1,-1
159,-1,1045.560,7.921,132.440,83.809,0.273,-1,-1,-1
160,-1,1400.124,45.605,76.191,78.761,0.893,-1,-1,-1
160,-1,0.000,592.550,173.298,191.646,0.884,-1,-1,-1
160,-1,907.408,142.339,233.202,107.358,0.997,-1,-1,-1
160,-1,1037.946,8.924,135.892,83.443,0.928,-1,-1,-1
160,-1,1247.386,536.171,340.218,213.085,0.869,-1,-1,-1
161,-1,0.000,589.438,184.063,187.534,0.904,-1,-1,-1
161,-1,1198.019,514.579,356.030,221.308,0.295,-1,-1,-1
161,-1,1033.692,8.604,137.862,84.653,0.916,-1,-1,-1
161,-1,1403.507,38.817,68.535,77.662,0.852,-1,-1,-1
161,-1,950.859,135.193,217.105,103.444,0.998,-1,-1,-1
161,-1,1039.518,7.493,132.615,87.508,0.237,-1,-1,-1
162,-1,1.973,589.131,188.778,172.850,0.960,-1,-1,-1
162,-1,980.538,131.513,214.872,98.315,0.998,-1,-1,-1
162,-1,1145.489,485.078,362.065,227.787,0.974,-1,-1,-1
162,-1,1030.062,6.725,144.969,83.453,0.898,-1,-1,-1
162,-1,1406.227,36.645,68.534,73.080,0.798,-1,-1,-1
162,-1,1404.738,35.768,69.149,75.173,0.248,-1,-1,-1
162,-1,1028.223,4.631,146.845,91.957,0.242,-1,-1,-1
163,-1,3.951,588.924,194.999,164.462,0.968,-1,-1,-1
163,-1,1094.307,479.470,365.419,216.256,0.978,-1,-1,-1
163,-1,1408.805,32.509,65.090,71.827,0.885,-1,-1,-1
163,-1,1014.778,122.220,199.730,97.484,0.997,-1,-1,-1
163,-1,1024.997,5.887,144.450,86.672,0.836,-1,-1,-1
163,-1,1030.220,6.525,141.903,89.207,0.387,-1,-1,-1
163,-1,1405.743,31.928,69.129,72.864,0.262,-1,-1,-1
164,-1,1045.522,115.221,190.520,94.612,0.997,-1,-1,-1
164,-1,0.828,508.493,73.182,129.333,0.266,-1,-1,-1
164,-1,1020.285,3.127,147.846,91.491,0.462,-1,-1,-1
164,-1,1047.322,465.739,358.619,202.691,0.963,-1,-1,-1
164,-1,3.989,589.139,197.042,150.847,0.990,-1,-1,-1
164,-1,1409.543,31.423,62.273,67.840,0.871,-1,-1,-1
164,-1,1024.448,6.452,144.911,89.840,0.740,-1,-1,-1
165,-1,8.429,583.531,199.064,156.624,0.990,-1,-1,-1
165,-1,1000.958,446.555,362.134,187.682,0.992,-1,-1,-1
165,-1,0.929,507.659,73.797,128.963,0.612,-1,-1,-1
165,-1,1412.538,26.636,60.424,65.977,0.895,-1,-1,-1
165,-1,1075.956,103.225,180.798,97.556,0.994,-1,-1,-1
165,-1,1019.018,6.897,145.270,90.130,0.562,-1,-1,-1
165,-1,1020.812,6.215,144.697,90.710,0.708,-1,-1,-1
165,-1,1410.473,24.571,62.738,69.781,0.230,-1,-1,-1
166,-1,10.764,584.050,199.327,156.520,0.993,-1,-1,-1
166,-1,0.966,507.665,73.969,127.158,0.719,-1,-1,-1
166,-1,1102.096,94.441,173.926,98.705,0.996,-1,-1,-1
166,-1,950.224,429.310,358.059,200.739,0.994,-1,-1,-1
166,-1,1014.137,8.398,148.235,89.503,0.754,-1,-1,-1
166,-1,1411.397,22.477,57.246,61.471,0.623,-1,-1,-1
166,-1,1019.845,9.325,143.624,88.609,0.663,-1,-1,-1
166,-1,1409.053,21.292,60.798,64.301,0.396,-1,-1,-1
167,-1,1127.713,100.520,163.993,84.082,0.996,-1,-1,-1
167,-1,911.612,419.016,347.737,194.997,0.990,-1,-1,-1
167,-1,1198.500,0.235,40.604,8.016,0.274,-1,-1,-1
167,-1,1010.171,12.988,150.559,85.432,0.862,-1,-1,-1
167,-1,11.723,586.866,195.456,150.944,0.991,-1,-1,-1
167,-1,1412.060,19.042,56.123,57.929,0.959,-1,-1,-1
167,-1,1.002,508.273,76.726,126.305,0.805,-1,-1,-1
167,-1,1014.556,13.119,145.837,85.803,0.540,-1,-1,-1
168,-1,1153.355,92.259,150.300,84.143,0.997,-1,-1,-1
168,-1,1195.461,0.261,43.693,8.908,0.573,-1,-1,-1
168,-1,860.479,401.573,352.395,194.833,0.990,-1,-1,-1
168,-1,1005.895,14.153,154.550,85.797,0.788,-1,-1,-1
168,-1,0.602,507.718,78.975,127.842,0.721,-1,-1,-1
168,-1,17.892,585.160,194.415,152.444,0.992,-1,-1,-1
168,-1,1409.763,14.564,57.692,56.998,0.918,-1,-1,-1
168,-1,1007.492,11.472,151.752,88.283,0.684,-1,-1,-1
169,-1,1194.070,0.204,46.483,11.763,0.609,-1,-1,-1
169,-1,817.301,385.137,333.215,192.842,0.993,-1,-1,-1
169,-1,1409.109,10.709,55.446,56.451,0.926,-1,-1,-1
169,-1,1001.836,17.403,147.611,82.470,0.908,-1,-1,-1
169,-1,0.650,506.246,79.405,128.191,0.817,-1,-1,-1
169,-1,1174.447,89.286,145.172,79.212,0.998,-1,-1,-1
169,-1,18.297,583.207,202.687,156.823,0.992,-1,-1,-1
169,-1,1006.258,16.593,151.617,82.901,0.382,-1,-1,-1
170,-1,1195.978,83.456,134.710,78.034,0.996,-1,-1,-1
170,-1,776.157,373.486,323.490,184.695,0.990,-1,-1,-1
170,-1,1190.863,0.202,49.719,11.774,0.734,-1,-1,-1
170,-1,0.751,505.761,80.028,129.517,0.836,-1,-1,-1
170,-1,1408.590,8.557,54.967,54.788,0.958,-1,-1,-1
170,-1,20.671,582.889,199.661,156.011,0.992,-1,-1,-1
170,-1,996.356,15.025,155.937,85.005,0.892,-1,-1,-1
170,-1,998.601,15.571,155.055,84.732,0.568,-1,-1,-1
171,-1,729.398,360.362,319.044,179.734,0.992,-1,-1,-1
171,-1,1188.122,0.358,51.474,14.102,0.861,-1,-1,-1
171,-1,25.415,577.665,197.246,162.586,0.988,-1,-1,-1
171,-1,1404.891,6.039,55.301,50.972,0.951,-1,-1,-1
171,-1,1217.278,80.566,124.323,73.708,0.997,-1,-1,-1
171,-1,0.999,506.152,76.914,127.962,0.774,-1,-1,-1
171,-1,990.711,22.206,159.221,79.862,0.880,-1,-1,-1
171,-1,989.695,17.721,160.914,84.188,0.552,-1,-1,-1
172,-1,688.702,353.033,303.055,167.467,0.993,-1,-1,-1
172,-1,1888.136,767.252,30.607,130.900,0.464,-1,-1,-1
172,-1,1184.856,0.864,55.382,16.236,0.887,-1,-1,-1
172,-1,1.124,504.654,80.275,130.609,0.835,-1,-1,-1
172,-1,1404.248,2.530,53.424,50.629,0.976,-1,-1,-1
172,-1,984.063,22.237,154.261,80.493,0.936,-1,-1,-1
172,-1,24.156,582.628,198.460,153.587,0.991,-1,-1,-1
172,-1,1232.952,73.165,114.486,73.868,0.996,-1,-1,-1
172,-1,984.244,23.697,158.986,78.363,0.260,-1,-1,-1
173,-1,644.458,342.665,300.605,162.617,0.994,-1,-1,-1
173,-1,1884.632,764.070,33.587,131.871,0.524,-1,-1,-1
173,-1,1183.334,0.683,58.956,19.072,0.877,-1,-1,-1
173,-1,1.084,504.620,81.475,130.448,0.903,-1,-1,-1
173,-1,977.580,21.192,161.036,83.060,0.935,-1,-1,-1
173,-1,1246.233,70.995,114.732,70.000,0.994,-1,-1,-1
173,-1,1404.501,1.585,50.154,46.712,0.979,-1,-1,-1
173,-1,23.744,583.264,201.618,151.657,0.991,-1,-1,-1
173,-1,979.443,21.128,162.018,83.256,0.310,-1,-1,-1
174,-1,600.475,330.987,293.534,157.681,0.995,-1,-1,-1
174,-1,0.881,503.281,79.012,131.447,0.955,-1,-1,-1
174,-1,1261.710,66.319,107.926,66.959,0.989,-1,-1,-1
174,-1,1180.975,1.163,61.041,18.841,0.906,-1,-1,-1
174,-1,972.077,17.423,164.377,87.166,0.888,-1,-1,-1
174,-1,1404.271,1.103,49.378,44.552,0.959,-1,-1,-1
174,-1,23.522,578.450,205.460,157.260,0.991,-1,-1,-1
174,-1,1876.375,763.344,42.717,131.205,0.344,-1,-1,-1
174,-1,979.985,16.654,158.262,89.536,0.249,-1,-1,-1
175,-1,565.905,328.454,278.113,148.542,0.996,-1,-1,-1
175,-1,22.839,583.265,212.879,150.090,0.991,-1,-1,-1
175,-1,0.732,503.558,80.175,131.607,0.954,-1,-1,-1
175,-1,1177.882,0.165,62.487,22.585,0.918,-1,-1,-1
175,-1,961.850,23.610,170.264,85.056,0.935,-1,-1,-1
175,-1,1873.501,762.271,46.434,124.926,0.226,-1,-1,-1
175,-1,1404.093,0.920,46.891,42.875,0.693,-1,-1,-1
175,-1,1275.863,63.119,99.321,64.472,0.937,-1,-1,-1
175,-1,1405.214,0.000,47.177,43.826,0.203,-1,-1,-1
176,-1,1404.308,0.088,45.625,37.392,0.979,-1,-1,-1
176,-1,1174.340,0.000,65.808,25.135,0.921,-1,-1,-1
176,-1,528.693,321.909,269.404,140.095,0.995,-1,-1,-1
176,-1,0.853,503.100,78.877,130.715,0.895,-1,-1,-1
176,-1,1285.901,56.597,96.555,64.849,0.990,-1,-1,-1
176,-1,1872.116,759.118,47.485,125.502,0.207,-1,-1,-1
176,-1,23.684,582.226,206.443,150.222,0.989,-1,-1,-1
176,-1,949.800,20.521,173.100,96.093,0.731,-1,-1,-1
176,-1,952.080,23.972,175.016,90.586,0.512,-1,-1,-1
177,-1,491.955,317.329,258.168,135.086,0.995,-1,-1,-1
177,-1,1402.576,0.000,44.945,34.076,0.943,-1,-1,-1
177,-1,1174.051,0.778,64.616,24.005,0.954,-1,-1,-1
177,-1,944.383,24.910,177.956,91.333,0.733,-1,-1,-1
177,-1,1299.210,53.779,84.573,61.198,0.994,-1,-1,-1
177,-1,24.332,582.287,206.147,150.889,0.990,-1,-1,-1
177,-1,0.753,500.915,79.624,130.501,0.903,-1,-1,-1
177,-1,1873.308,761.261,45.369,128.160,0.320,-1,-1,-1
177,-1,942.357,21.426,180.311,95.779,0.480,-1,-1,-1
178,-1,1171.973,0.679,65.720,27.230,0.970,-1,-1,-1
178,-1,457.256,314.815,248.179,128.927,0.993,-1,-1,-1
178,-1,1308.269,49.721,79.852,60.057,0.986,-1,-1,-1
178,-1,1401.375,0.000,44.302,31.826,0.963,-1,-1,-1
178,-1,25.011,582.556,205.313,150.483,0.992,-1,-1,-1
178,-1,0.702,501.494,81.753,131.273,0.892,-1,-1,-1
178,-1,1872.447,760.089,46.540,129.311,0.290,-1,-1,-1
178,-1,931.166,27.302,181.327,92.255,0.806,-1,-1,-1
178,-1,930.131,29.021,191.827,89.129,0.380,-1,-1,-1
179,-1,1400.695,0.000,43.044,28.672,0.964,-1,-1,-1
179,-1,1170.319,0.616,65.643,27.584,0.981,-1,-1,-1
179,-1,25.391,582.466,204.840,150.587,0.991,-1,-1,-1
179,-1,0.823,501.701,83.447,130.557,0.864,-1,-1,-1
179,-1,1318.031,45.840,75.536,57.254,0.995,-1,-1,-1
179,-1,424.086,311.314,230.409,122.576,0.996,-1,-1,-1
179,-1,921.398,21.161,186.433,99.665,0.660,-1,-1,-1
179,-1,921.191,21.646,185.694,98.294,0.683,-1,-1,-1
180,-1,1168.463,0.255,66.533,30.488,0.983,-1,-1,-1
180,-1,1323.094,42.287,71.649,53.569,0.992,-1,-1,-1
180,-1,1396.314,0.000,46.731,27.299,0.948,-1,-1,-1
180,-1,26.344,582.076,203.059,151.523,0.991,-1,-1,-1
180,-1,0.523,501.974,85.602,128.595,0.755,-1,-1,-1
180,-1,1870.668,758.088,48.145,132.621,0.286,-1,-1,-1
180,-1,904.518,27.732,195.782,93.550,0.897,-1,-1,-1
180,-1,392.092,312.702,223.020,116.981,0.996,-1,-1,-1
180,-1,906.555,30.582,187.547,92.263,0.360,-1,-1,-1
180,-1,0.845,501.329,85.658,130.526,0.277,-1,-1,-1
181,-1,1167.606,1.429,64.705,30.763,0.986,-1,-1,-1
181,-1,360.286,312.481,209.648,115.516,0.996,-1,-1,-1
181,-1,1398.133,0.000,42.092,25.230,0.578,-1,-1,-1
181,-1,1328.261,38.032,67.398,53.857,0.995,-1,-1,-1
181,-1,0.698,502.060,85.072,130.017,0.851,-1,-1,-1
181,-1,26.907,578.391,203.327,156.457,0.993,-1,-1,-1
181,-1,1869.758,757.341,48.715,133.011,0.432,-1,-1,-1
181,-1,892.977,26.646,192.208,99.727,0.805,-1,-1,-1
181,-1,893.852,28.574,196.161,96.314,0.436,-1,-1,-1
181,-1,0.682,504.825,90.863,126.109,0.255,-1,-1,-1
182,-1,1334.600,32.507,60.528,54.549,0.998,-1,-1,-1
182,-1,1163.461,0.834,66.698,32.799,0.988,-1,-1,-1
182,-1,1396.017,0.000,49.685,24.105,0.440,-1,-1,-1
182,-1,0.398,501.072,85.613,131.695,0.811,-1,-1,-1
182,-1,26.685,578.214,203.694,156.482,0.993,-1,-1,-1
182,-1,330.061,311.836,199.779,113.330,0.991,-1,-1,-1
182,-1,1869.720,757.082,48.799,133.256,0.450,-1,-1,-1
182,-1,883.117,25.299,196.180,103.946,0.834,-1,-1,-1
182,-1,881.835,27.171,202.630,102.956,0.355,-1,-1,-1
182,-1,0.091,503.753,94.814,130.425,0.210,-1,-1,-1
183,-1,1161.668,0.449,66.969,34.294,0.981,-1,-1,-1
183,-1,1338.139,29.845,60.116,51.917,0.993,-1,-1,-1
183,-1,302.611,314.929,189.189,112.099,0.992,-1,-1,-1
183,-1,1395.360,0.000,52.106,22.548,0.260,-1,-1,-1
183,-1,0.558,499.369,85.843,132.954,0.822,-1,-1,-1
183,-1,26.671,578.385,203.662,156.400,0.993,-1,-1,-1
183,-1,1869.888,757.593,48.553,133.034,0.470,-1,-1,-1
183,-1,865.442,28.478,209.742,106.363,0.845,-1,-1,-1
183,-1,868.845,30.130,202.800,103.923,0.348,-1,-1,-1
184,-1,1158.152,0.619,67.915,35.494,0.984,-1,-1,-1
184,-1,271.814,321.445,178.994,103.715,0.997,-1,-1,-1
184,-1,1341.983,25.458,57.512,50.007,0.988,-1,-1,-1
184,-1,25.495,578.946,205.352,156.541,0.994,-1,-1,-1
184,-1,853.311,28.335,231.325,108.956,0.814,-1,-1,-1
184,-1,1869.788,756.819,48.852,133.786,0.396,-1,-1,-1
184,-1,0.187,496.698,86.382,143.118,0.833,-1,-1,-1
184,-1,850.879,28.410,224.546,107.181,0.377,-1,-1,-1
185,-1,1153.866,0.798,70.346,37.384,0.986,-1,-1,-1
185,-1,1343.309,20.529,55.525,49.608,0.982,-1,-1,-1
185,-1,244.960,328.729,170.344,98.703,0.998,-1,-1,-1
185,-1,25.164,579.740,205.726,155.110,0.994,-1,-1,-1
185,-1,829.561,36.574,221.649,100.655,0.609,-1,-1,-1
185,-1,1869.633,756.777,48.941,132.841,0.271,-1,-1,-1
185,-1,0.198,494.858,86.900,141.121,0.807,-1,-1,-1
185,-1,836.416,32.887,214.230,107.934,0.638,-1,-1,-1
185,-1,0.463,502.624,95.068,130.434,0.244,-1,-1,-1
186,-1,1151.370,0.883,72.575,38.785,0.981,-1,-1,-1
186,-1,1344.579,18.277,55.036,48.149,0.994,-1,-1,-1
186,-1,818.992,34.108,218.585,114.794,0.450,-1,-1,-1
186,-1,25.648,579.618,204.648,154.885,0.994,-1,-1,-1
186,-1,0.432,495.301,93.518,138.836,0.934,-1,-1,-1
186,-1,214.251,330.349,166.465,102.309,0.996,-1,-1,-1
186,-1,1869.886,757.384,48.675,132.388,0.387,-1,-1,-1
186,-1,819.794,31.359,216.056,113.041,0.728,-1,-1,-1
187,-1,193.373,338.810,156.441,95.790,0.996,-1,-1,-1
187,-1,1346.593,16.047,51.690,45.683,0.995,-1,-1,-1
187,-1,1149.273,0.870,73.103,42.758,0.980,-1,-1,-1
187,-1,937.189,1.762,67.493,21.447,0.326,-1,-1,-1
187,-1,798.177,43.440,227.732,108.138,0.573,-1,-1,-1
187,-1,0.000,492.646,96.657,142.773,0.915,-1,-1,-1
187,-1,25.328,579.363,205.275,154.626,0.993,-1,-1,-1
187,-1,1869.736,757.572,48.865,132.330,0.385,-1,-1,-1
187,-1,806.396,39.116,214.709,111.536,0.687,-1,-1,-1
188,-1,1348.530,12.433,49.012,44.127,0.995,-1,-1,-1
188,-1,160.312,346.037,152.421,99.364,0.995,-1,-1,-1
188,-1,1147.367,0.178,72.722,45.575,0.967,-1,-1,-1
188,-1,780.450,43.575,232.174,111.322,0.505,-1,-1,-1
188,-1,0.000,489.521,100.402,141.255,0.952,-1,-1,-1
188,-1,24.364,579.899,206.322,154.575,0.994,-1,-1,-1
188,-1,781.998,37.906,228.302,115.796,0.752,-1,-1,-1
189,-1,1350.516,9.885,45.042,43.051,0.992,-1,-1,-1
189,-1,138.475,351.009,144.563,101.518,0.994,-1,-1,-1
189,-1,0.209,486.450,110.883,146.843,0.965,-1,-1,-1
189,-1,1144.361,0.406,76.794,47.190,0.982,-1,-1,-1
189,-1,764.127,46.524,231.732,111.625,0.583,-1,-1,-1
189,-1,24.270,580.494,206.649,154.116,0.993,-1,-1,-1
189,-1,764.845,38.736,228.347,121.624,0.654,-1,-1,-1
190,-1,1351.978,5.862,43.483,42.352,0.993,-1,-1,-1
190,-1,112.133,361.109,141.663,94.779,0.994,-1,-1,-1
190,-1,1141.083,0.044,77.859,49.374,0.991,-1,-1,-1
190,-1,0.889,485.490,114.201,152.020,0.983,-1,-1,-1
190,-1,750.167,48.958,233.121,113.295,0.321,-1,-1,-1
190,-1,1869.763,757.138,48.034,133.603,0.328,-1,-1,-1
190,-1,24.287,581.229,206.945,153.611,0.994,-1,-1,-1
190,-1,754.216,42.303,221.632,124.035,0.839,-1,-1,-1
191,-1,1137.172,0.000,78.866,51.231,0.993,-1,-1,-1
191,-1,89.713,368.040,131.290,97.397,0.988,-1,-1,-1
191,-1,0.592,480.444,122.722,152.022,0.977,-1,-1,-1
191,-1,1351.097,3.938,44.441,40.486,0.987,-1,-1,-1
191,-1,26.610,582.355,204.360,152.374,0.994,-1,-1,-1
191,-1,725.616,53.554,236.782,115.540,0.409,-1,-1,-1
191,-1,1869.970,756.679,48.582,134.466,0.413,-1,-1,-1
191,-1,777.390,46.708,174.891,52.824,0.217,-1,-1,-1
191,-1,725.433,47.289,229.898,118.645,0.765,-1,-1,-1
192,-1,1352.042,2.154,43.386,38.757,0.995,-1,-1,-1
192,-1,68.379,380.859,121.871,92.747,0.986,-1,-1,-1
192,-1,28.563,581.381,204.921,156.401,0.995,-1,-1,-1
192,-1,1133.876,0.045,81.094,55.576,0.993,-1,-1,-1
192,-1,702.994,55.341,238.429,117.977,0.580,-1,-1,-1
192,-1,0.000,471.566,131.743,169.371,0.982,-1,-1,-1
192,-1,710.969,45.743,222.941,129.512,0.747,-1,-1,-1
193,-1,1352.941,1.754,39.455,34.281,0.995,-1,-1,-1
193,-1,54.781,392.894,109.778,81.285,0.992,-1,-1,-1
193,-1,0.000,467.877,137.682,160.141,0.979,-1,-1,-1
193,-1,1129.909,0.449,84.574,55.503,0.988,-1,-1,-1
193,-1,26.483,579.019,204.578,156.548,0.994,-1,-1,-1
193,-1,685.439,59.870,230.789,122.061,0.473,-1,-1,-1
193,-1,1869.939,756.487,49.853,131.636,0.356,-1,-1,-1
193,-1,683.361,53.444,235.678,130.882,0.756,-1,-1,-1
194,-1,26.274,582.591,213.404,151.276,0.994,-1,-1,-1
194,-1,0.000,460.324,147.684,168.724,0.912,-1,-1,-1
194,-1,1351.600,1.299,40.492,31.553,0.995,-1,-1,-1
194,-1,1125.819,1.245,87.914,57.100,0.992,-1,-1,-1
194,-1,0.000,517.788,114.328,123.213,0.291,-1,-1,-1
194,-1,655.727,68.839,241.660,116.205,0.506,-1,-1,-1
194,-1,1869.828,756.334,50.006,131.606,0.342,-1,-1,-1
194,-1,658.355,58.300,243.295,130.946,0.784,-1,-1,-1
195,-1,29.711,579.935,205.120,158.616,0.995,-1,-1,-1
195,-1,1353.168,0.480,38.831,29.269,0.991,-1,-1,-1
195,-1,1119.623,1.912,90.308,58.834,0.978,-1,-1,-1
195,-1,1.347,543.216,119.752,96.530,0.231,-1,-1,-1
195,-1,0.000,487.326,153.954,153.559,0.739,-1,-1,-1
195,-1,637.131,82.267,239.189,108.394,0.229,-1,-1,-1
195,-1,1869.991,756.370,49.852,131.687,0.398,-1,-1,-1
195,-1,635.661,70.114,243.980,126.360,0.886,-1,-1,-1
196,-1,26.858,582.372,211.859,151.353,0.995,-1,-1,-1
196,-1,1.946,482.391,156.541,160.516,0.787,-1,-1,-1
196,-1,1351.813,0.000,40.351,26.174,0.988,-1,-1,-1
196,-1,1117.604,1.188,90.127,62.245,0.986,-1,-1,-1
196,-1,1.668,536.746,118.378,107.254,0.480,-1,-1,-1
196,-1,608.390,90.852,238.204,106.134,0.452,-1,-1,-1
196,-1,1870.110,756.292,49.780,131.846,0.298,-1,-1,-1
196,-1,0.000,444.957,161.921,182.549,0.217,-1,-1,-1
196,-1,605.898,74.309,245.511,128.442,0.686,-1,-1,-1
197,-1,30.288,579.288,204.211,158.461,0.995,-1,-1,-1
197,-1,1114.875,1.519,91.472,62.085,0.985,-1,-1,-1
197,-1,1352.105,0.000,41.161,23.904,0.984,-1,-1,-1
197,-1,4.203,540.864,140.987,100.889,0.712,-1,-1,-1
197,-1,0.000,472.988,180.252,156.537,0.482,-1,-1,-1
197,-1,9.882,520.381,208.153,175.010,0.449,-1,-1,-1
197,-1,1870.152,756.364,49.808,131.606,0.317,-1,-1,-1
197,-1,585.749,90.057,236.346,115.763,0.478,-1,-1,-1
197,-1,587.087,78.467,242.361,133.173,0.810,-1,-1,-1
198,-1,26.837,580.520,211.529,152.785,0.991,-1,-1,-1
198,-1,1110.581,1.881,93.433,62.476,0.966,-1,-1,-1
198,-1,1351.180,0.000,43.707,21.162,0.967,-1,-1,-1
198,-1,0.000,430.542,194.423,192.656,0.350,-1,-1,-1
198,-1,9.148,538.789,145.403,99.533,0.785,-1,-1,-1
198,-1,553.673,85.441,246.132,133.335,0.252,-1,-1,-1
198,-1,1870.250,754.550,49.583,134.105,0.272,-1,-1,-1
198,-1,564.085,86.861,234.997,127.602,0.903,-1,-1,-1
199,-1,26.148,580.205,214.308,153.962,0.992,-1,-1,-1
199,-1,1353.603,0.000,40.331,18.560,0.840,-1,-1,-1
199,-1,1104.761,1.892,97.713,64.984,0.977,-1,-1,-1
199,-1,1384.926,6.687,18.850,13.684,0.251,-1,-1,-1
199,-1,11.447,537.924,170.890,81.279,0.669,-1,-1,-1
199,-1,2.674,420.618,203.140,190.844,0.235,-1,-1,-1
199,-1,536.501,85.067,238.767,142.095,0.327,-1,-1,-1
199,-1,1869.924,756.505,48.627,133.946,0.361,-1,-1,-1
199,-1,535.765,81.600,242.659,145.776,0.858,-1,-1,-1
200,-1,26.927,579.299,214.816,154.168,0.994,-1,-1,-1
200,-1,1352.969,0.000,38.033,14.566,0.300,-1,-1,-1
200,-1,1101.953,4.303,100.405,66.027,0.988,-1,-1,-1
200,-1,511.153,98.670,237.870,135.696,0.332,-1,-1,-1
200,-1,23.909,544.311,133.447,67.443,0.283,-1,-1,-1
200,-1,0.000,417.850,226.815,182.657,0.815,-1,-1,-1
200,-1,1869.810,755.165,49.928,133.205,0.347,-1,-1,-1
200,-1,510.364,96.363,246.328,136.702,0.778,-1,-1,-1
200,-1,4.895,420.252,216.464,191.274,0.285,-1,-1,-1
201,-1,31.713,577.291,204.862,160.010,0.994,-1,-1,-1
201,-1,1098.908,4.429,100.276,66.427,0.990,-1,-1,-1
201,-1,1869.409,756.410,49.137,133.337,0.587,-1,-1,-1
201,-1,0.000,408.576,250.496,186.836,0.905,-1,-1,-1
201,-1,483.108,101.374,241.410,141.599,0.950,-1,-1,-1
202,-1,31.650,577.339,206.492,159.545,0.993,-1,-1,-1
202,-1,1096.570,6.901,99.165,65.862,0.990,-1,-1,-1
202,-1,1.906,398.921,264.901,165.935,0.896,-1,-1,-1
202,-1,459.473,109.620,235.536,139.972,0.290,-1,-1,-1
202,-1,460.020,103.092,238.885,149.789,0.876,-1,-1,-1
202,-1,7.920,400.178,262.827,178.375,0.275,-1,-1,-1
203,-1,32.360,576.728,207.184,159.195,0.994,-1,-1,-1
203,-1,1091.719,8.335,102.070,66.026,0.995,-1,-1,-1
203,-1,28.892,527.089,156.343,62.995,0.275,-1,-1,-1
203,-1,11.895,387.776,279.268,175.112,0.940,-1,-1,-1
203,-1,1867.140,756.373,52.651,131.227,0.506,-1,-1,-1
203,-1,441.550,111.196,219.400,155.531,0.894,-1,-1,-1
204,-1,32.992,374.365,290.082,179.211,0.945,-1,-1,-1
204,-1,1088.979,8.588,102.678,67.810,0.993,-1,-1,-1
204,-1,35.821,574.508,198.486,158.165,0.989,-1,-1,-1
204,-1,411.531,118.969,216.460,155.115,0.383,-1,-1,-1
204,-1,1866.293,756.276,53.494,131.075,0.563,-1,-1,-1
204,-1,408.786,119.816,224.458,154.870,0.876,-1,-1,-1
205,-1,32.851,578.936,210.518,153.006,0.987,-1,-1,-1
205,-1,1082.893,8.604,107.239,68.991,0.992,-1,-1,-1
205,-1,379.721,122.569,236.212,163.023,0.229,-1,-1,-1
205,-1,49.039,362.112,295.451,186.547,0.943,-1,-1,-1
205,-1,379.410,125.646,229.465,160.979,0.910,-1,-1,-1
206,-1,1083.026,8.557,106.177,69.034,0.988,-1,-1,-1
206,-1,36.886,575.968,203.048,156.942,0.993,-1,-1,-1
206,-1,1863.965,756.183,55.849,129.985,0.625,-1,-1,-1
206,-1,352.870,155.742,215.324,139.386,0.272,-1,-1,-1
206,-1,79.569,344.670,296.266,209.919,0.964,-1,-1,-1
206,-1,353.215,134.378,222.004,159.566,0.925,-1,-1,-1
207,-1,1079.255,9.019,109.677,69.102,0.979,-1,-1,-1
207,-1,36.580,575.025,205.248,157.842,0.993,-1,-1,-1
207,-1,103.218,336.024,299.339,211.746,0.930,-1,-1,-1
207,-1,329.825,141.206,223.244,166.911,0.945,-1,-1,-1
208,-1,132.710,319.592,305.753,212.745,0.962,-1,-1,-1
208,-1,1076.697,9.173,112.097,69.960,0.987,-1,-1,-1
208,-1,299.686,162.787,220.300,155.994,0.278,-1,-1,-1
208,-1,36.390,575.433,208.265,155.128,0.992,-1,-1,-1
208,-1,304.167,159.960,215.672,153.415,0.861,-1,-1,-1
209,-1,1074.418,9.545,112.696,70.946,0.989,-1,-1,-1
209,-1,38.585,577.264,207.982,153.581,0.991,-1,-1,-1
209,-1,153.760,297.025,311.735,240.219,0.938,-1,-1,-1
209,-1,275.614,160.977,219.640,152.962,0.929,-1,-1,-1
209,-1,158.554,300.446,309.383,237.488,0.224,-1,-1,-1
210,-1,1072.944,9.159,112.598,72.644,0.990,-1,-1,-1
210,-1,40.287,576.521,214.846,152.526,0.992,-1,-1,-1
210,-1,249.456,187.035,204.594,138.590,0.425,-1,-1,-1
210,-1,180.419,289.918,323.803,217.096,0.930,-1,-1,-1
210,-1,253.260,176.524,204.897,144.110,0.885,-1,-1,-1
