1,299,1402,201,327,262,1,-1,-1,-1
1,305,656,171,233,208,1,-1,-1,-1
1,306,1218,153,170,148,1,-1,-1,-1
2,299,1412,205,328,265,1,-1,-1,-1
2,305,660,194,211,190,1,-1,-1,-1
2,306,1229,163,160,149,1,-1,-1,-1
3,299,1417,203,328,261,1,-1,-1,-1
3,305,655,192,217,193,1,-1,-1,-1
3,306,1229,163,161,148,1,-1,-1,-1
4,299,1423,204,325,256,1,-1,-1,-1
4,305,648,193,223,192,1,-1,-1,-1
4,306,1229,163,160,148,1,-1,-1,-1
5,299,1427,203,324,253,1,-1,-1,-1
5,305,640,194,232,193,1,-1,-1,-1
5,306,1230,163,159,147,1,-1,-1,-1
6,299,1432,202,323,251,1,-1,-1,-1
6,305,633,193,239,194,1,-1,-1,-1
6,306,1231,163,158,148,1,-1,-1,-1
7,299,1439,202,318,247,1,-1,-1,-1
7,305,628,194,239,194,1,-1,-1,-1
7,306,1231,163,158,147,1,-1,-1,-1
8,299,1449,202,312,243,1,-1,-1,-1
8,305,625,196,239,194,1,-1,-1,-1
8,306,1232,163,158,148,1,-1,-1,-1
9,299,1461,192,302,237,1,-1,-1,-1
9,305,625,197,250,198,1,-1,-1,-1
9,306,1232,163,158,147,1,-1,-1,-1
10,299,1469,194,294,230,1,-1,-1,-1
10,305,600,196,256,209,1,-1,-1,-1
10,306,1232,163,158,147,1,-1,-1,-1
11,299,1475,194,287,225,1,-1,-1,-1
11,305,594,195,260,214,1,-1,-1,-1
11,306,1233,165,156,143,1,-1,-1,-1
12,299,1478,191,284,223,1,-1,-1,-1
12,305,590,194,259,220,1,-1,-1,-1
12,306,1234,167,154,138,1,-1,-1,-1
13,299,1498,181,266,237,1,-1,-1,-1
13,305,588,194,253,222,1,-1,-1,-1
13,306,1235,168,152,133,1,-1,-1,-1
14,299,1501,179,263,233,1,-1,-1,-1
14,305,584,194,247,226,1,-1,-1,-1
14,306,1235,168,152,132,1,-1,-1,-1
15,299,1504,181,260,228,1,-1,-1,-1
15,305,575,193,248,228,1,-1,-1,-1
15,306,1235,168,153,133,1,-1,-1,-1
16,299,1506,181,260,222,1,-1,-1,-1
16,305,567,194,254,230,1,-1,-1,-1
16,306,1234,167,154,134,1,-1,-1,-1
17,299,1508,178,261,221,1,-1,-1,-1
17,305,559,195,259,231,1,-1,-1,-1
17,306,1234,166,156,135,1,-1,-1,-1
18,299,1511,177,257,219,1,-1,-1,-1
18,305,556,197,258,230,1,-1,-1,-1
18,306,1235,166,156,134,1,-1,-1,-1
19,299,1512,175,254,220,1,-1,-1,-1
19,305,550,210,255,224,1,-1,-1,-1
19,306,1235,166,156,135,1,-1,-1,-1
19,313,988,157,183,103,1,-1,-1,-1
19,327,746,184,193,179,1,-1,-1,-1
20,299,1513,175,251,218,1,-1,-1,-1
20,305,543,211,259,223,1,-1,-1,-1
20,306,1235,165,156,136,1,-1,-1,-1
20,313,997,156,179,103,1,-1,-1,-1
20,327,743,183,195,181,1,-1,-1,-1
21,299,1513,174,248,218,1,-1,-1,-1
21,305,528,208,261,228,1,-1,-1,-1
21,306,1235,164,155,137,1,-1,-1,-1
21,313,1006,155,176,103,1,-1,-1,-1
21,327,740,184,196,181,1,-1,-1,-1
22,299,1514,174,247,215,1,-1,-1,-1
22,305,523,206,262,233,1,-1,-1,-1
22,306,1236,164,155,137,1,-1,-1,-1
22,313,1015,154,172,103,1,-1,-1,-1
22,327,738,184,196,181,1,-1,-1,-1
23,299,1514,173,246,212,1,-1,-1,-1
23,305,518,205,261,237,1,-1,-1,-1
23,306,1236,164,155,137,1,-1,-1,-1
23,313,1024,153,168,103,1,-1,-1,-1
23,327,735,185,194,178,1,-1,-1,-1
24,299,1514,172,248,209,1,-1,-1,-1
24,305,509,204,264,241,1,-1,-1,-1
24,306,1235,164,157,138,1,-1,-1,-1
24,313,1033,152,165,103,1,-1,-1,-1
24,327,731,187,194,177,1,-1,-1,-1
25,299,1515,169,245,208,1,-1,-1,-1
25,305,499,203,268,246,1,-1,-1,-1
25,306,1235,164,156,138,1,-1,-1,-1
25,313,1042,151,161,103,1,-1,-1,-1
25,327,724,188,198,174,1,-1,-1,-1
26,299,1516,167,240,207,1,-1,-1,-1
26,305,487,204,274,249,1,-1,-1,-1
26,306,1235,164,156,138,1,-1,-1,-1
26,313,1051,150,158,103,1,-1,-1,-1
26,327,719,187,201,177,1,-1,-1,-1
27,299,1517,164,235,207,1,-1,-1,-1
27,305,476,205,281,255,1,-1,-1,-1
27,306,1235,163,155,137,1,-1,-1,-1
27,313,1057,150,153,102,1,-1,-1,-1
27,327,699,182,215,187,1,-1,-1,-1
27,328,860,190,183,145,1,-1,-1,-1
28,299,1517,163,228,205,1,-1,-1,-1
28,305,465,208,288,258,1,-1,-1,-1
28,306,1235,164,155,135,1,-1,-1,-1
28,313,1064,150,148,101,1,-1,-1,-1
28,327,700,198,213,179,1,-1,-1,-1
28,328,858,190,184,145,1,-1,-1,-1
29,299,1517,162,225,203,1,-1,-1,-1
29,305,454,207,297,265,1,-1,-1,-1
29,306,1235,164,154,135,1,-1,-1,-1
29,313,1070,151,144,100,1,-1,-1,-1
29,327,698,197,211,180,1,-1,-1,-1
29,328,856,190,185,145,1,-1,-1,-1
30,299,1499,168,261,192,1,-1,-1,-1
30,305,448,208,301,267,1,-1,-1,-1
30,306,1235,163,155,135,1,-1,-1,-1
30,313,1077,151,139,99,1,-1,-1,-1
30,327,694,196,215,184,1,-1,-1,-1
30,328,854,190,186,145,1,-1,-1,-1
31,299,1500,167,257,193,1,-1,-1,-1
31,305,430,214,299,261,1,-1,-1,-1
31,306,1235,163,155,137,1,-1,-1,-1
31,313,1083,152,135,98,1,-1,-1,-1
31,327,688,194,221,187,1,-1,-1,-1
32,299,1500,166,255,193,1,-1,-1,-1
32,305,421,219,302,261,1,-1,-1,-1
32,306,1235,163,156,137,1,-1,-1,-1
32,313,1090,152,130,97,1,-1,-1,-1
32,327,679,191,230,192,1,-1,-1,-1
33,299,1506,169,228,190,1,-1,-1,-1
33,305,409,220,310,263,1,-1,-1,-1
33,306,1235,163,155,136,1,-1,-1,-1
33,313,1096,153,125,97,1,-1,-1,-1
33,327,661,184,245,213,1,-1,-1,-1
34,299,1505,168,224,189,1,-1,-1,-1
34,305,397,218,313,268,1,-1,-1,-1
34,306,1235,164,154,134,1,-1,-1,-1
34,313,1103,153,121,96,1,-1,-1,-1
34,327,666,186,237,201,1,-1,-1,-1
35,299,1505,168,220,185,1,-1,-1,-1
35,305,388,217,313,274,1,-1,-1,-1
35,306,1235,163,152,133,1,-1,-1,-1
35,313,1109,154,116,95,1,-1,-1,-1
35,327,660,178,233,222,1,-1,-1,-1
35,328,838,191,191,149,1,-1,-1,-1
36,299,1501,170,221,179,1,-1,-1,-1
36,305,380,217,312,280,1,-1,-1,-1
36,306,1236,163,151,133,1,-1,-1,-1
36,313,1116,154,112,94,1,-1,-1,-1
36,327,658,176,230,224,1,-1,-1,-1
36,328,834,191,192,150,1,-1,-1,-1
37,299,1497,170,220,177,1,-1,-1,-1
37,305,371,221,317,281,1,-1,-1,-1
37,306,1236,163,151,133,1,-1,-1,-1
37,313,1117,154,112,94,1,-1,-1,-1
37,327,657,176,230,225,1,-1,-1,-1
38,299,1492,169,222,178,1,-1,-1,-1
38,305,362,225,325,280,1,-1,-1,-1
38,306,1236,163,151,134,1,-1,-1,-1
38,313,1119,153,111,95,1,-1,-1,-1
38,327,654,178,231,224,1,-1,-1,-1
39,299,1487,167,223,181,1,-1,-1,-1
39,305,336,235,334,276,1,-1,-1,-1
39,306,1236,162,151,135,1,-1,-1,-1
39,313,1122,153,108,94,1,-1,-1,-1
39,327,650,180,232,223,1,-1,-1,-1
40,299,1484,166,223,181,1,-1,-1,-1
40,305,326,232,337,285,1,-1,-1,-1
40,306,1236,162,150,135,1,-1,-1,-1
40,313,1123,152,106,93,1,-1,-1,-1
40,327,646,181,233,223,1,-1,-1,-1
41,299,1482,166,221,180,1,-1,-1,-1
41,305,315,228,339,297,1,-1,-1,-1
41,306,1236,162,149,134,1,-1,-1,-1
41,313,1124,153,104,91,1,-1,-1,-1
41,327,641,181,236,224,1,-1,-1,-1
42,299,1481,165,221,180,1,-1,-1,-1
42,305,302,224,343,310,1,-1,-1,-1
42,306,1236,163,147,133,1,-1,-1,-1
42,327,636,181,238,222,1,-1,-1,-1
43,299,1478,168,209,172,1,-1,-1,-1
43,305,286,221,348,323,1,-1,-1,-1
43,306,1237,163,147,132,1,-1,-1,-1
43,327,630,183,238,221,1,-1,-1,-1
44,299,1476,170,210,168,1,-1,-1,-1
44,305,277,218,350,332,1,-1,-1,-1
44,306,1237,162,147,132,1,-1,-1,-1
44,327,626,185,239,218,1,-1,-1,-1
45,299,1473,172,210,165,1,-1,-1,-1
45,305,252,215,363,341,1,-1,-1,-1
45,306,1237,161,147,133,1,-1,-1,-1
45,327,605,187,257,225,1,-1,-1,-1
46,299,1471,173,209,164,1,-1,-1,-1
46,305,246,235,363,326,1,-1,-1,-1
46,306,1237,160,146,134,1,-1,-1,-1
46,313,1123,152,106,89,1,-1,-1,-1
46,327,602,189,259,226,1,-1,-1,-1
47,299,1468,173,208,163,1,-1,-1,-1
47,305,233,233,367,333,1,-1,-1,-1
47,306,1237,159,146,135,1,-1,-1,-1
47,309,1033,488,793,590,1,-1,-1,-1
47,313,1123,152,106,91,1,-1,-1,-1
47,327,597,191,263,227,1,-1,-1,-1
48,299,1465,173,204,163,1,-1,-1,-1
48,305,217,231,372,338,1,-1,-1,-1
48,306,1238,159,145,135,1,-1,-1,-1
48,309,1119,481,750,597,1,-1,-1,-1
48,313,1122,152,107,91,1,-1,-1,-1
48,327,591,193,268,227,1,-1,-1,-1
49,299,1462,173,201,162,1,-1,-1,-1
49,305,201,232,379,344,1,-1,-1,-1
49,306,1239,158,144,135,1,-1,-1,-1
49,309,1158,415,716,640,1,-1,-1,-1
49,313,1122,153,107,91,1,-1,-1,-1
49,327,586,193,270,228,1,-1,-1,-1
50,299,1460,172,199,162,1,-1,-1,-1
50,305,185,233,392,349,1,-1,-1,-1
50,306,1239,157,143,135,1,-1,-1,-1
50,309,1219,426,661,576,1,-1,-1,-1
50,313,1121,153,108,91,1,-1,-1,-1
50,327,583,193,269,230,1,-1,-1,-1
51,299,1458,172,198,160,1,-1,-1,-1
51,305,157,240,404,353,1,-1,-1,-1
51,306,1239,157,142,136,1,-1,-1,-1
51,309,1263,402,631,563,1,-1,-1,-1
51,313,1120,154,109,91,1,-1,-1,-1
51,327,577,192,269,234,1,-1,-1,-1
52,299,1457,171,197,160,1,-1,-1,-1
52,305,150,246,399,349,1,-1,-1,-1
52,306,1238,157,142,136,1,-1,-1,-1
52,309,1304,379,595,560,1,-1,-1,-1
52,313,1119,154,109,92,1,-1,-1,-1
52,327,568,192,271,237,1,-1,-1,-1
53,299,1456,170,196,160,1,-1,-1,-1
53,305,139,254,398,343,1,-1,-1,-1
53,306,1238,157,142,136,1,-1,-1,-1
53,309,1348,358,570,550,1,-1,-1,-1
53,313,1119,155,110,92,1,-1,-1,-1
53,327,559,192,274,240,1,-1,-1,-1
54,299,1455,170,195,159,1,-1,-1,-1
54,305,128,252,384,366,1,-1,-1,-1
54,306,1238,157,142,136,1,-1,-1,-1
54,309,1378,328,536,518,1,-1,-1,-1
54,313,1118,155,110,92,1,-1,-1,-1
54,327,552,191,272,244,1,-1,-1,-1
54,328,766,191,211,167,1,-1,-1,-1
55,299,1454,170,194,158,1,-1,-1,-1
55,305,117,251,386,372,1,-1,-1,-1
55,306,1238,158,142,135,1,-1,-1,-1
55,309,1408,320,509,502,1,-1,-1,-1
55,313,1117,156,111,92,1,-1,-1,-1
55,327,548,188,271,251,1,-1,-1,-1
55,328,763,191,212,168,1,-1,-1,-1
56,299,1453,170,193,157,1,-1,-1,-1
56,305,105,251,398,376,1,-1,-1,-1
56,306,1238,158,141,135,1,-1,-1,-1
56,309,1439,305,479,487,1,-1,-1,-1
56,313,1116,157,112,92,1,-1,-1,-1
56,327,546,197,269,252,1,-1,-1,-1
56,328,759,191,213,169,1,-1,-1,-1
57,299,1452,170,191,156,1,-1,-1,-1
57,305,76,257,408,373,1,-1,-1,-1
57,306,1238,158,141,134,1,-1,-1,-1
57,309,1460,288,458,480,1,-1,-1,-1
57,313,1116,157,112,92,1,-1,-1,-1
57,327,540,197,272,255,1,-1,-1,-1
57,328,755,191,214,170,1,-1,-1,-1
58,299,1451,171,190,155,1,-1,-1,-1
58,305,61,262,414,369,1,-1,-1,-1
58,306,1238,159,143,133,1,-1,-1,-1
58,309,1472,272,446,471,1,-1,-1,-1
58,313,1115,158,113,92,1,-1,-1,-1
58,327,536,200,271,251,1,-1,-1,-1
58,328,751,191,215,171,1,-1,-1,-1
59,305,44,267,420,368,1,-1,-1,-1
59,306,1237,159,144,131,1,-1,-1,-1
59,309,1483,259,435,467,1,-1,-1,-1
59,313,1114,158,113,92,1,-1,-1,-1
59,327,535,202,267,250,1,-1,-1,-1
59,328,748,191,216,172,1,-1,-1,-1
60,305,30,269,425,373,1,-1,-1,-1
60,306,1236,160,145,130,1,-1,-1,-1
60,309,1491,222,427,456,1,-1,-1,-1
60,313,1113,159,114,93,1,-1,-1,-1
60,327,522,207,273,243,1,-1,-1,-1
60,328,744,191,217,173,1,-1,-1,-1
61,305,4,278,454,401,1,-1,-1,-1
61,306,1236,161,144,131,1,-1,-1,-1
61,309,1508,222,410,442,1,-1,-1,-1
61,313,1113,159,115,93,1,-1,-1,-1
61,327,518,205,272,249,1,-1,-1,-1
61,328,740,191,218,174,1,-1,-1,-1
62,305,0,274,451,416,1,-1,-1,-1
62,306,1236,160,144,131,1,-1,-1,-1
62,309,1520,217,398,430,1,-1,-1,-1
62,313,1112,160,115,93,1,-1,-1,-1
62,327,508,210,280,251,1,-1,-1,-1
62,328,736,191,219,175,1,-1,-1,-1
63,305,0,277,434,421,1,-1,-1,-1
63,306,1232,160,154,130,1,-1,-1,-1
63,309,1539,217,379,413,1,-1,-1,-1
63,313,1111,160,116,93,1,-1,-1,-1
63,327,497,212,287,256,1,-1,-1,-1
63,328,733,191,221,176,1,-1,-1,-1
64,306,1230,159,156,131,1,-1,-1,-1
64,309,1544,213,374,398,1,-1,-1,-1
64,313,1110,161,116,93,1,-1,-1,-1
64,327,485,217,294,254,1,-1,-1,-1
64,328,729,191,222,176,1,-1,-1,-1
65,306,1230,159,156,131,1,-1,-1,-1
65,309,1548,225,370,359,1,-1,-1,-1
65,313,1110,162,117,93,1,-1,-1,-1
65,327,476,216,297,259,1,-1,-1,-1
65,328,725,191,223,177,1,-1,-1,-1
66,299,1443,171,180,147,1,-1,-1,-1
66,306,1233,159,147,132,1,-1,-1,-1
66,309,1561,210,357,344,1,-1,-1,-1
66,313,1109,162,118,93,1,-1,-1,-1
66,327,470,217,294,261,1,-1,-1,-1
66,328,721,191,224,178,1,-1,-1,-1
67,299,1442,171,179,145,1,-1,-1,-1
67,306,1235,159,144,131,1,-1,-1,-1
67,309,1569,207,349,348,1,-1,-1,-1
67,313,1108,163,118,93,1,-1,-1,-1
67,327,464,219,293,263,1,-1,-1,-1
67,328,718,191,225,179,1,-1,-1,-1
68,299,1441,172,178,144,1,-1,-1,-1
68,306,1235,159,143,132,1,-1,-1,-1
68,309,1576,205,342,348,1,-1,-1,-1
68,313,1108,163,119,94,1,-1,-1,-1
68,327,457,222,295,265,1,-1,-1,-1
68,328,714,191,226,180,1,-1,-1,-1
69,299,1440,172,176,143,1,-1,-1,-1
69,306,1235,159,143,132,1,-1,-1,-1
69,309,1582,202,336,344,1,-1,-1,-1
69,313,1107,164,119,94,1,-1,-1,-1
69,327,449,225,302,268,1,-1,-1,-1
69,328,710,191,227,181,1,-1,-1,-1
70,299,1439,172,175,142,1,-1,-1,-1
70,306,1235,158,143,133,1,-1,-1,-1
70,309,1584,197,334,338,1,-1,-1,-1
70,312,1106,169,166,115,1,-1,-1,-1
70,327,422,227,321,266,1,-1,-1,-1
70,328,706,191,228,182,1,-1,-1,-1
71,299,1438,172,174,141,1,-1,-1,-1
71,306,1234,157,144,133,1,-1,-1,-1
71,309,1585,191,333,335,1,-1,-1,-1
71,312,1089,170,167,115,1,-1,-1,-1
71,327,414,224,325,271,1,-1,-1,-1
71,328,703,191,229,183,1,-1,-1,-1
72,299,1437,172,173,140,1,-1,-1,-1
72,306,1235,156,143,134,1,-1,-1,-1
72,309,1584,187,334,333,1,-1,-1,-1
72,312,1082,171,166,116,1,-1,-1,-1
72,327,404,222,330,276,1,-1,-1,-1
72,328,699,191,230,184,1,-1,-1,-1
73,299,1436,172,171,139,1,-1,-1,-1
73,306,1236,156,141,134,1,-1,-1,-1
73,309,1583,186,335,327,1,-1,-1,-1
73,312,1076,172,162,117,1,-1,-1,-1
73,327,395,221,331,283,1,-1,-1,-1
73,328,695,191,231,185,1,-1,-1,-1
74,299,1435,172,170,138,1,-1,-1,-1
74,306,1237,157,139,134,1,-1,-1,-1
74,309,1583,188,335,317,1,-1,-1,-1
74,312,1050,181,169,111,1,-1,-1,-1
74,327,383,220,337,294,1,-1,-1,-1
74,328,691,191,232,186,1,-1,-1,-1
75,299,1434,172,169,137,1,-1,-1,-1
75,306,1238,157,138,134,1,-1,-1,-1
75,309,1584,188,334,308,1,-1,-1,-1
75,312,1039,183,170,110,1,-1,-1,-1
75,327,372,220,340,302,1,-1,-1,-1
75,328,688,191,233,187,1,-1,-1,-1
76,299,1433,172,168,136,1,-1,-1,-1
76,306,1238,157,138,134,1,-1,-1,-1
76,309,1584,187,334,300,1,-1,-1,-1
76,312,1028,182,174,109,1,-1,-1,-1
76,327,363,220,342,311,1,-1,-1,-1
76,328,684,191,234,188,1,-1,-1,-1
77,299,1432,172,167,135,1,-1,-1,-1
77,306,1238,157,138,134,1,-1,-1,-1
77,309,1584,185,334,294,1,-1,-1,-1
77,312,1012,180,164,117,1,-1,-1,-1
77,327,356,221,343,317,1,-1,-1,-1
77,328,680,191,235,189,1,-1,-1,-1
78,299,1431,173,165,134,1,-1,-1,-1
78,306,1238,157,139,134,1,-1,-1,-1
78,309,1582,185,337,286,1,-1,-1,-1
78,312,1005,178,160,119,1,-1,-1,-1
78,327,332,227,357,309,1,-1,-1,-1
78,328,676,191,236,190,1,-1,-1,-1
79,299,1430,173,164,133,1,-1,-1,-1
79,306,1238,157,139,133,1,-1,-1,-1
79,309,1581,184,329,283,1,-1,-1,-1
79,312,1000,176,155,119,1,-1,-1,-1
79,327,328,227,357,312,1,-1,-1,-1
79,328,673,192,238,191,1,-1,-1,-1
80,299,1429,173,163,132,1,-1,-1,-1
80,306,1237,157,140,134,1,-1,-1,-1
80,309,1581,185,319,278,1,-1,-1,-1
80,312,982,190,151,116,1,-1,-1,-1
80,313,1099,170,126,94,1,-1,-1,-1
80,327,321,227,357,314,1,-1,-1,-1
80,328,667,192,239,192,1,-1,-1,-1
81,299,1428,173,162,131,1,-1,-1,-1
81,306,1237,157,139,133,1,-1,-1,-1
81,309,1581,185,310,277,1,-1,-1,-1
81,312,975,192,149,114,1,-1,-1,-1
81,313,1101,170,124,94,1,-1,-1,-1
81,327,310,243,356,312,1,-1,-1,-1
81,328,661,193,241,194,1,-1,-1,-1
82,299,1427,173,160,130,1,-1,-1,-1
82,306,1237,157,139,133,1,-1,-1,-1
82,309,1581,180,298,267,1,-1,-1,-1
82,312,969,194,147,112,1,-1,-1,-1
82,313,1102,169,122,95,1,-1,-1,-1
82,327,299,241,355,319,1,-1,-1,-1
82,328,655,194,243,195,1,-1,-1,-1
83,299,1426,173,159,128,1,-1,-1,-1
83,306,1236,158,139,132,1,-1,-1,-1
83,309,1580,181,292,265,1,-1,-1,-1
83,312,965,195,145,112,1,-1,-1,-1
83,313,1101,169,124,97,1,-1,-1,-1
83,327,284,241,362,323,1,-1,-1,-1
83,328,649,195,245,197,1,-1,-1,-1
84,299,1425,173,158,127,1,-1,-1,-1
84,306,1236,158,139,132,1,-1,-1,-1
84,309,1577,181,288,261,1,-1,-1,-1
84,312,954,197,146,117,1,-1,-1,-1
84,313,1100,169,125,97,1,-1,-1,-1
84,327,268,241,376,330,1,-1,-1,-1
84,328,643,196,247,198,1,-1,-1,-1
85,299,1422,173,159,128,1,-1,-1,-1
85,306,1236,157,140,133,1,-1,-1,-1
85,309,1574,177,281,262,1,-1,-1,-1
85,312,951,197,145,119,1,-1,-1,-1
85,313,1111,163,122,101,1,-1,-1,-1
85,327,242,244,382,335,1,-1,-1,-1
85,328,638,197,249,200,1,-1,-1,-1
86,299,1421,173,156,130,1,-1,-1,-1
86,306,1236,157,139,133,1,-1,-1,-1
86,309,1571,175,278,261,1,-1,-1,-1
86,312,944,198,145,119,1,-1,-1,-1
86,313,1110,164,122,101,1,-1,-1,-1
86,327,236,246,383,340,1,-1,-1,-1
86,328,632,198,251,201,1,-1,-1,-1
87,299,1418,173,159,129,1,-1,-1,-1
87,306,1236,157,139,133,1,-1,-1,-1
87,309,1571,172,273,258,1,-1,-1,-1
87,312,939,198,146,119,1,-1,-1,-1
87,313,1110,164,120,101,1,-1,-1,-1
87,327,227,252,385,336,1,-1,-1,-1
87,328,626,199,253,203,1,-1,-1,-1
88,299,1416,172,158,130,1,-1,-1,-1
88,306,1237,157,139,133,1,-1,-1,-1
88,309,1570,169,271,256,1,-1,-1,-1
88,312,936,199,143,119,1,-1,-1,-1
88,313,1109,164,121,101,1,-1,-1,-1
88,327,215,258,391,332,1,-1,-1,-1
88,328,620,200,255,204,1,-1,-1,-1
89,299,1414,172,160,128,1,-1,-1,-1
89,306,1237,157,139,133,1,-1,-1,-1
89,309,1572,167,264,253,1,-1,-1,-1
89,312,936,201,138,114,1,-1,-1,-1
89,313,1107,165,120,101,1,-1,-1,-1
89,327,198,263,403,330,1,-1,-1,-1
89,328,614,201,257,206,1,-1,-1,-1
90,299,1414,173,158,128,1,-1,-1,-1
90,306,1237,157,139,133,1,-1,-1,-1
90,309,1558,169,273,242,1,-1,-1,-1
90,312,934,201,138,114,1,-1,-1,-1
90,313,1106,165,121,100,1,-1,-1,-1
90,327,182,265,415,333,1,-1,-1,-1
90,328,608,202,259,207,1,-1,-1,-1
91,299,1412,175,158,125,1,-1,-1,-1
91,306,1237,157,139,134,1,-1,-1,-1
91,309,1559,166,267,240,1,-1,-1,-1
91,312,933,201,136,113,1,-1,-1,-1
91,313,1105,164,122,101,1,-1,-1,-1
91,327,162,260,417,354,1,-1,-1,-1
91,328,603,203,261,209,1,-1,-1,-1
92,299,1410,177,157,123,1,-1,-1,-1
92,306,1236,156,139,134,1,-1,-1,-1
92,309,1558,164,263,238,1,-1,-1,-1
92,312,933,200,134,114,1,-1,-1,-1
92,313,1104,164,123,101,1,-1,-1,-1
92,327,145,261,420,359,1,-1,-1,-1
92,328,597,204,263,210,1,-1,-1,-1
93,299,1406,178,157,120,1,-1,-1,-1
93,306,1236,156,140,134,1,-1,-1,-1
93,309,1554,163,262,236,1,-1,-1,-1
93,312,927,203,128,112,1,-1,-1,-1
93,313,1103,164,123,101,1,-1,-1,-1
93,327,133,262,413,365,1,-1,-1,-1
93,328,591,205,265,212,1,-1,-1,-1
94,299,1404,179,157,118,1,-1,-1,-1
94,306,1236,156,140,134,1,-1,-1,-1
94,309,1552,161,259,235,1,-1,-1,-1
94,312,925,204,130,113,1,-1,-1,-1
94,313,1103,163,123,102,1,-1,-1,-1
94,327,124,264,406,369,1,-1,-1,-1
94,328,585,206,266,213,1,-1,-1,-1
95,299,1401,180,158,116,1,-1,-1,-1
95,306,1236,156,141,135,1,-1,-1,-1
95,309,1549,159,255,233,1,-1,-1,-1
95,312,921,205,132,113,1,-1,-1,-1
95,313,1103,164,125,102,1,-1,-1,-1
95,327,113,267,406,369,1,-1,-1,-1
95,328,579,207,268,215,1,-1,-1,-1
96,299,1401,182,157,115,1,-1,-1,-1
96,306,1236,156,141,135,1,-1,-1,-1
96,309,1547,159,251,230,1,-1,-1,-1
96,312,918,204,134,114,1,-1,-1,-1
96,313,1102,164,126,102,1,-1,-1,-1
96,327,99,268,418,370,1,-1,-1,-1
96,328,574,208,270,216,1,-1,-1,-1
97,299,1401,181,156,116,1,-1,-1,-1
97,306,1235,156,141,135,1,-1,-1,-1
97,309,1544,159,249,227,1,-1,-1,-1
97,312,915,204,134,114,1,-1,-1,-1
97,313,1101,164,126,102,1,-1,-1,-1
97,327,89,267,431,372,1,-1,-1,-1
97,328,568,209,272,218,1,-1,-1,-1
98,299,1400,172,147,123,1,-1,-1,-1
98,306,1236,156,140,135,1,-1,-1,-1
98,309,1542,159,243,224,1,-1,-1,-1
98,312,915,204,133,113,1,-1,-1,-1
98,313,1101,163,125,103,1,-1,-1,-1
98,327,71,275,433,364,1,-1,-1,-1
98,328,562,210,274,219,1,-1,-1,-1
99,299,1400,173,144,124,1,-1,-1,-1
99,306,1236,156,140,134,1,-1,-1,-1
99,309,1538,155,239,223,1,-1,-1,-1
99,312,914,205,133,113,1,-1,-1,-1
99,313,1099,163,125,104,1,-1,-1,-1
99,327,50,289,459,379,1,-1,-1,-1
99,328,556,211,276,221,1,-1,-1,-1
100,299,1400,174,143,123,1,-1,-1,-1
100,306,1236,157,139,133,1,-1,-1,-1
100,309,1533,151,235,222,1,-1,-1,-1
100,312,913,205,134,113,1,-1,-1,-1
100,313,1101,163,124,104,1,-1,-1,-1
100,327,35,286,465,391,1,-1,-1,-1
100,328,550,212,278,222,1,-1,-1,-1
101,299,1400,175,142,121,1,-1,-1,-1
101,306,1236,157,139,133,1,-1,-1,-1
101,309,1529,150,232,218,1,-1,-1,-1
101,312,910,205,135,114,1,-1,-1,-1
101,313,1098,164,126,104,1,-1,-1,-1
101,327,18,284,471,404,1,-1,-1,-1
101,328,544,213,280,224,1,-1,-1,-1
102,299,1400,174,142,121,1,-1,-1,-1
102,306,1236,157,139,132,1,-1,-1,-1
102,309,1526,151,226,214,1,-1,-1,-1
102,312,904,203,144,119,1,-1,-1,-1
102,313,1098,164,126,103,1,-1,-1,-1
102,327,6,285,468,414,1,-1,-1,-1
102,328,539,214,282,225,1,-1,-1,-1
103,299,1399,174,143,122,1,-1,-1,-1
103,306,1236,157,139,133,1,-1,-1,-1
103,309,1525,153,223,211,1,-1,-1,-1
103,312,903,204,144,118,1,-1,-1,-1
103,313,1096,163,129,103,1,-1,-1,-1
103,327,0,288,465,419,1,-1,-1,-1
103,328,533,215,284,227,1,-1,-1,-1
104,299,1398,172,144,122,1,-1,-1,-1
104,306,1236,157,138,133,1,-1,-1,-1
104,309,1524,153,220,207,1,-1,-1,-1
104,312,902,206,144,117,1,-1,-1,-1
104,313,1095,161,131,105,1,-1,-1,-1
104,327,0,293,459,425,1,-1,-1,-1
104,328,527,216,286,228,1,-1,-1,-1
105,299,1396,171,145,124,1,-1,-1,-1
105,306,1235,157,138,132,1,-1,-1,-1
105,309,1511,156,241,201,1,-1,-1,-1
105,312,901,208,144,116,1,-1,-1,-1
105,313,1096,162,129,106,1,-1,-1,-1
105,327,0,299,451,431,1,-1,-1,-1
105,328,521,217,288,230,1,-1,-1,-1
106,299,1396,171,146,124,1,-1,-1,-1
106,306,1235,158,138,132,1,-1,-1,-1
106,309,1510,153,236,202,1,-1,-1,-1
106,312,900,210,144,114,1,-1,-1,-1
106,313,1096,162,129,106,1,-1,-1,-1
106,328,515,218,290,231,1,-1,-1,-1
107,299,1395,170,147,124,1,-1,-1,-1
107,306,1235,157,138,132,1,-1,-1,-1
107,309,1510,152,233,202,1,-1,-1,-1
107,312,900,212,143,112,1,-1,-1,-1
107,313,1090,164,131,105,1,-1,-1,-1
107,328,510,219,292,233,1,-1,-1,-1
108,299,1395,170,145,122,1,-1,-1,-1
108,306,1235,157,138,133,1,-1,-1,-1
108,309,1507,157,223,191,1,-1,-1,-1
108,312,900,212,143,111,1,-1,-1,-1
108,313,1090,164,132,105,1,-1,-1,-1
108,328,500,220,295,235,1,-1,-1,-1
109,299,1396,171,143,121,1,-1,-1,-1
109,306,1235,157,137,133,1,-1,-1,-1
109,309,1505,159,221,188,1,-1,-1,-1
109,312,899,211,143,112,1,-1,-1,-1
109,313,1087,164,135,105,1,-1,-1,-1
109,328,491,222,298,238,1,-1,-1,-1
110,299,1397,172,141,120,1,-1,-1,-1
110,306,1235,156,137,132,1,-1,-1,-1
110,309,1501,157,221,188,1,-1,-1,-1
110,312,897,212,143,111,1,-1,-1,-1
110,313,1087,163,135,106,1,-1,-1,-1
110,328,481,224,301,240,1,-1,-1,-1
111,299,1396,174,140,119,1,-1,-1,-1
111,306,1234,156,137,132,1,-1,-1,-1
111,309,1499,156,220,188,1,-1,-1,-1
111,312,895,213,144,111,1,-1,-1,-1
111,313,1085,162,136,105,1,-1,-1,-1
111,328,472,226,304,243,1,-1,-1,-1
112,299,1395,173,141,121,1,-1,-1,-1
112,306,1234,156,137,132,1,-1,-1,-1
112,309,1496,154,219,191,1,-1,-1,-1
112,312,895,214,143,110,1,-1,-1,-1
112,313,1083,161,137,105,1,-1,-1,-1
112,328,462,227,307,245,1,-1,-1,-1
113,299,1394,172,141,122,1,-1,-1,-1
113,306,1234,156,137,132,1,-1,-1,-1
113,309,1492,153,220,193,1,-1,-1,-1
113,312,896,214,142,111,1,-1,-1,-1
113,313,1085,162,139,105,1,-1,-1,-1
113,328,453,229,311,248,1,-1,-1,-1
114,299,1393,171,142,122,1,-1,-1,-1
114,306,1235,156,136,132,1,-1,-1,-1
114,309,1490,151,216,194,1,-1,-1,-1
114,312,896,215,143,110,1,-1,-1,-1
114,313,1084,167,135,108,1,-1,-1,-1
114,328,443,231,314,251,1,-1,-1,-1
115,299,1393,172,142,119,1,-1,-1,-1
115,306,1235,157,136,131,1,-1,-1,-1
115,309,1488,153,212,192,1,-1,-1,-1
115,312,895,216,143,109,1,-1,-1,-1
115,313,1083,168,135,108,1,-1,-1,-1
115,328,434,233,317,253,1,-1,-1,-1
116,299,1392,172,142,119,1,-1,-1,-1
116,306,1235,156,135,132,1,-1,-1,-1
116,309,1486,154,210,190,1,-1,-1,-1
116,312,895,217,143,108,1,-1,-1,-1
116,313,1081,167,135,107,1,-1,-1,-1
116,328,424,234,320,256,1,-1,-1,-1
117,299,1391,173,140,118,1,-1,-1,-1
117,306,1235,155,135,134,1,-1,-1,-1
117,309,1485,155,211,189,1,-1,-1,-1
117,312,895,216,143,109,1,-1,-1,-1
117,313,1081,167,136,107,1,-1,-1,-1
117,328,415,236,323,258,1,-1,-1,-1
118,299,1389,171,139,119,1,-1,-1,-1
118,306,1236,153,135,136,1,-1,-1,-1
118,309,1483,159,200,179,1,-1,-1,-1
118,312,895,215,143,111,1,-1,-1,-1
118,313,1084,162,143,109,1,-1,-1,-1
118,328,405,238,326,261,1,-1,-1,-1
119,299,1388,169,138,121,1,-1,-1,-1
119,306,1230,156,143,128,1,-1,-1,-1
119,309,1483,160,198,179,1,-1,-1,-1
119,312,894,214,143,112,1,-1,-1,-1
119,313,1083,162,145,110,1,-1,-1,-1
119,328,396,240,330,264,1,-1,-1,-1
120,299,1388,164,135,123,1,-1,-1,-1
120,306,1230,157,143,128,1,-1,-1,-1
120,309,1481,161,197,177,1,-1,-1,-1
120,312,893,213,145,113,1,-1,-1,-1
120,313,1082,159,145,111,1,-1,-1,-1
120,328,386,241,333,266,1,-1,-1,-1
121,299,1387,165,133,122,1,-1,-1,-1
121,306,1229,157,143,127,1,-1,-1,-1
121,309,1479,161,197,175,1,-1,-1,-1
121,312,892,214,146,112,1,-1,-1,-1
121,313,1078,160,153,109,1,-1,-1,-1
121,328,377,243,336,269,1,-1,-1,-1
122,299,1386,165,132,121,1,-1,-1,-1
122,306,1228,157,143,128,1,-1,-1,-1
122,309,1475,164,195,171,1,-1,-1,-1
122,312,892,215,146,111,1,-1,-1,-1
122,313,1081,160,149,109,1,-1,-1,-1
122,328,367,245,339,271,1,-1,-1,-1
123,299,1385,166,132,118,1,-1,-1,-1
123,306,1228,157,143,127,1,-1,-1,-1
123,309,1470,164,196,170,1,-1,-1,-1
123,312,893,217,145,110,1,-1,-1,-1
123,313,1075,167,141,108,1,-1,-1,-1
123,328,358,247,342,274,1,-1,-1,-1
124,306,1229,157,142,127,1,-1,-1,-1
124,309,1464,164,196,169,1,-1,-1,-1
124,312,892,216,145,111,1,-1,-1,-1
124,313,1074,166,141,110,1,-1,-1,-1
124,328,348,248,345,276,1,-1,-1,-1
125,306,1229,156,141,127,1,-1,-1,-1
125,309,1461,164,194,169,1,-1,-1,-1
125,312,891,214,147,112,1,-1,-1,-1
125,313,1076,165,138,110,1,-1,-1,-1
125,328,339,250,349,279,1,-1,-1,-1
126,306,1230,156,141,127,1,-1,-1,-1
126,309,1461,162,190,171,1,-1,-1,-1
126,312,891,213,147,113,1,-1,-1,-1
126,313,1082,160,143,110,1,-1,-1,-1
126,328,329,252,352,282,1,-1,-1,-1
127,306,1230,155,141,127,1,-1,-1,-1
127,309,1464,155,183,170,1,-1,-1,-1
127,312,892,212,146,114,1,-1,-1,-1
127,313,1074,164,141,112,1,-1,-1,-1
127,328,320,254,355,284,1,-1,-1,-1
128,299,1381,164,131,120,1,-1,-1,-1
128,306,1230,155,141,128,1,-1,-1,-1
128,309,1464,155,182,169,1,-1,-1,-1
128,312,894,214,145,113,1,-1,-1,-1
128,313,1071,166,147,112,1,-1,-1,-1
128,328,310,255,358,287,1,-1,-1,-1
129,272,1110,617,664,461,1,-1,-1,-1
129,306,1229,155,140,127,1,-1,-1,-1
129,309,1463,155,181,168,1,-1,-1,-1
129,312,892,215,146,113,1,-1,-1,-1
129,313,1071,166,145,113,1,-1,-1,-1
129,328,301,257,361,289,1,-1,-1,-1
130,272,1150,590,623,477,1,-1,-1,-1
130,299,1379,164,131,120,1,-1,-1,-1
130,306,1229,155,140,126,1,-1,-1,-1
130,309,1463,156,180,166,1,-1,-1,-1
130,312,890,217,148,112,1,-1,-1,-1
130,313,1071,166,144,113,1,-1,-1,-1
130,328,291,259,364,292,1,-1,-1,-1
131,272,1191,561,607,469,1,-1,-1,-1
131,306,1228,156,141,126,1,-1,-1,-1
131,309,1460,157,174,159,1,-1,-1,-1
131,312,888,217,150,111,1,-1,-1,-1
131,313,1069,165,149,114,1,-1,-1,-1
131,328,282,261,368,295,1,-1,-1,-1
132,272,1215,550,578,454,1,-1,-1,-1
132,299,1378,159,130,122,1,-1,-1,-1
132,306,1227,155,141,126,1,-1,-1,-1
132,309,1462,157,169,159,1,-1,-1,-1
132,312,887,216,152,111,1,-1,-1,-1
132,313,1070,166,147,113,1,-1,-1,-1
132,328,270,262,372,298,1,-1,-1,-1
133,272,1245,508,531,444,1,-1,-1,-1
133,299,1377,158,131,123,1,-1,-1,-1
133,306,1226,154,141,127,1,-1,-1,-1
133,309,1461,156,168,158,1,-1,-1,-1
133,312,874,215,162,113,1,-1,-1,-1
133,313,1071,164,148,116,1,-1,-1,-1
133,328,259,264,377,302,1,-1,-1,-1
134,272,1263,486,508,436,1,-1,-1,-1
134,306,1226,153,142,128,1,-1,-1,-1
134,309,1460,156,168,159,1,-1,-1,-1
134,312,874,215,162,113,1,-1,-1,-1
134,313,1071,165,149,115,1,-1,-1,-1
134,328,247,266,381,305,1,-1,-1,-1
135,272,1271,462,496,426,1,-1,-1,-1
135,306,1226,152,142,128,1,-1,-1,-1
135,309,1458,156,170,158,1,-1,-1,-1
135,312,874,215,163,114,1,-1,-1,-1
135,313,1071,168,147,114,1,-1,-1,-1
135,328,236,268,386,309,1,-1,-1,-1
136,272,1273,447,488,408,1,-1,-1,-1
136,306,1225,153,141,127,1,-1,-1,-1
136,309,1455,157,171,156,1,-1,-1,-1
136,312,873,215,164,116,1,-1,-1,-1
136,313,1067,170,153,111,1,-1,-1,-1
136,328,224,269,390,312,1,-1,-1,-1
137,272,1273,438,474,390,1,-1,-1,-1
137,306,1226,153,140,126,1,-1,-1,-1
137,309,1453,160,170,150,1,-1,-1,-1
137,312,871,214,165,117,1,-1,-1,-1
137,313,1066,171,153,112,1,-1,-1,-1
137,328,213,271,395,316,1,-1,-1,-1
138,272,1275,407,460,393,1,-1,-1,-1
138,306,1227,153,139,124,1,-1,-1,-1
138,309,1451,163,171,145,1,-1,-1,-1
138,312,868,214,167,118,1,-1,-1,-1
138,313,1064,174,149,111,1,-1,-1,-1
138,328,201,273,399,319,1,-1,-1,-1
139,272,1275,394,445,390,1,-1,-1,-1
139,306,1228,154,138,123,1,-1,-1,-1
139,309,1448,167,172,139,1,-1,-1,-1
139,312,865,212,168,119,1,-1,-1,-1
139,313,1062,173,146,113,1,-1,-1,-1
139,328,190,275,404,323,1,-1,-1,-1
140,260,1632,165,286,322,1,-1,-1,-1
140,272,1275,374,437,393,1,-1,-1,-1
140,306,1228,154,138,123,1,-1,-1,-1
140,309,1445,167,173,139,1,-1,-1,-1
140,312,862,213,170,118,1,-1,-1,-1
140,313,1062,174,147,112,1,-1,-1,-1
140,328,179,277,409,327,1,-1,-1,-1
141,260,1626,163,292,298,1,-1,-1,-1
141,272,1275,351,429,392,1,-1,-1,-1
141,306,1228,155,138,122,1,-1,-1,-1
141,309,1442,167,174,140,1,-1,-1,-1
141,312,859,212,170,119,1,-1,-1,-1
141,313,1061,175,151,112,1,-1,-1,-1
141,328,166,280,414,330,1,-1,-1,-1
142,260,1622,164,296,293,1,-1,-1,-1
142,272,1273,338,427,382,1,-1,-1,-1
142,306,1228,155,138,122,1,-1,-1,-1
142,309,1439,166,173,142,1,-1,-1,-1
142,312,858,214,168,119,1,-1,-1,-1
142,313,1059,178,153,110,1,-1,-1,-1
142,328,153,283,419,334,1,-1,-1,-1
143,260,1621,164,297,290,1,-1,-1,-1
143,272,1268,313,403,387,1,-1,-1,-1
143,306,1228,155,138,121,1,-1,-1,-1
143,309,1438,166,173,141,1,-1,-1,-1
143,312,857,213,168,122,1,-1,-1,-1
143,313,1055,176,153,112,1,-1,-1,-1
143,328,140,287,424,338,1,-1,-1,-1
144,260,1599,167,319,284,1,-1,-1,-1
144,272,1268,303,400,380,1,-1,-1,-1
144,306,1228,155,137,121,1,-1,-1,-1
144,309,1435,167,173,138,1,-1,-1,-1
144,312,856,214,166,122,1,-1,-1,-1
144,313,1057,177,153,111,1,-1,-1,-1
144,328,127,290,430,342,1,-1,-1,-1
145,260,1593,169,322,277,1,-1,-1,-1
145,272,1260,319,408,342,1,-1,-1,-1
145,306,1228,155,137,121,1,-1,-1,-1
145,309,1435,168,173,135,1,-1,-1,-1
145,312,853,215,164,122,1,-1,-1,-1
145,313,1055,177,153,112,1,-1,-1,-1
145,328,115,294,435,346,1,-1,-1,-1
146,260,1587,170,316,268,1,-1,-1,-1
146,272,1260,309,402,339,1,-1,-1,-1
146,306,1229,155,136,120,1,-1,-1,-1
146,309,1434,169,169,131,1,-1,-1,-1
146,312,850,215,162,120,1,-1,-1,-1
146,313,1056,178,151,112,1,-1,-1,-1
146,328,102,297,440,349,1,-1,-1,-1
147,260,1584,168,305,264,1,-1,-1,-1
147,272,1260,301,376,305,1,-1,-1,-1
147,306,1229,154,136,120,1,-1,-1,-1
147,309,1433,169,168,130,1,-1,-1,-1
147,312,847,216,162,119,1,-1,-1,-1
147,313,1057,179,153,111,1,-1,-1,-1
147,328,89,300,446,353,1,-1,-1,-1
148,260,1579,164,297,263,1,-1,-1,-1
148,272,1257,296,375,307,1,-1,-1,-1
148,306,1229,154,135,119,1,-1,-1,-1
148,309,1423,165,170,132,1,-1,-1,-1
148,312,844,215,165,121,1,-1,-1,-1
148,313,1050,176,158,116,1,-1,-1,-1
148,328,76,304,451,357,1,-1,-1,-1
149,260,1575,159,287,262,1,-1,-1,-1
149,272,1256,291,369,301,1,-1,-1,-1
149,306,1228,154,136,119,1,-1,-1,-1
149,309,1421,164,170,134,1,-1,-1,-1
149,312,834,213,166,127,1,-1,-1,-1
149,313,1052,177,155,115,1,-1,-1,-1
149,328,63,307,456,361,1,-1,-1,-1
150,260,1570,155,282,263,1,-1,-1,-1
150,272,1254,284,369,302,1,-1,-1,-1
150,306,1228,154,136,118,1,-1,-1,-1
150,309,1415,164,174,135,1,-1,-1,-1
150,312,830,213,170,129,1,-1,-1,-1
150,313,1051,176,158,116,1,-1,-1,-1
150,328,51,311,462,365,1,-1,-1,-1
151,260,1570,154,273,261,1,-1,-1,-1
151,272,1254,276,364,304,1,-1,-1,-1
151,306,1228,155,136,118,1,-1,-1,-1
151,309,1412,165,176,133,1,-1,-1,-1
151,312,825,212,173,131,1,-1,-1,-1
151,313,1050,181,159,114,1,-1,-1,-1
151,328,42,315,461,369,1,-1,-1,-1
152,260,1567,153,271,257,1,-1,-1,-1
152,272,1252,269,359,301,1,-1,-1,-1
152,306,1228,154,135,118,1,-1,-1,-1
152,309,1413,166,172,133,1,-1,-1,-1
152,312,817,212,179,132,1,-1,-1,-1
152,313,1052,181,155,114,1,-1,-1,-1
152,328,33,319,461,373,1,-1,-1,-1
153,260,1554,156,273,245,1,-1,-1,-1
153,272,1251,265,352,295,1,-1,-1,-1
153,306,1229,154,134,118,1,-1,-1,-1
153,309,1417,167,165,130,1,-1,-1,-1
153,312,809,212,180,132,1,-1,-1,-1
153,313,1050,180,155,117,1,-1,-1,-1
153,328,24,323,460,377,1,-1,-1,-1
154,260,1549,154,269,242,1,-1,-1,-1
154,272,1247,262,347,286,1,-1,-1,-1
154,306,1230,153,134,118,1,-1,-1,-1
154,309,1416,167,162,131,1,-1,-1,-1
154,312,802,212,184,131,1,-1,-1,-1
154,328,15,327,460,382,1,-1,-1,-1
155,260,1544,154,263,239,1,-1,-1,-1
155,272,1244,262,345,279,1,-1,-1,-1
155,306,1230,152,134,118,1,-1,-1,-1
155,309,1417,167,161,132,1,-1,-1,-1
155,312,791,212,174,131,1,-1,-1,-1
155,313,1043,177,163,120,1,-1,-1,-1
155,328,6,331,460,386,1,-1,-1,-1
156,260,1538,155,258,238,1,-1,-1,-1
156,272,1237,264,352,269,1,-1,-1,-1
156,306,1230,153,133,117,1,-1,-1,-1
156,309,1415,168,163,133,1,-1,-1,-1
156,312,782,213,184,130,1,-1,-1,-1
156,313,1042,182,161,116,1,-1,-1,-1
156,328,0,335,459,390,1,-1,-1,-1
157,260,1533,154,252,235,1,-1,-1,-1
157,272,1229,258,360,255,1,-1,-1,-1
157,306,1230,153,133,117,1,-1,-1,-1
157,309,1417,171,161,129,1,-1,-1,-1
157,312,766,221,197,126,1,-1,-1,-1
157,313,1039,183,166,117,1,-1,-1,-1
157,328,0,339,459,394,1,-1,-1,-1
158,260,1529,152,249,233,1,-1,-1,-1
158,272,1217,260,358,248,1,-1,-1,-1
158,306,1230,153,132,117,1,-1,-1,-1
158,309,1416,173,159,126,1,-1,-1,-1
158,312,758,222,207,125,1,-1,-1,-1
158,313,1038,183,167,119,1,-1,-1,-1
158,328,0,343,459,399,1,-1,-1,-1
159,260,1525,152,245,229,1,-1,-1,-1
159,272,1219,260,349,241,1,-1,-1,-1
159,306,1231,152,132,118,1,-1,-1,-1
159,309,1417,174,155,123,1,-1,-1,-1
159,312,760,215,199,124,1,-1,-1,-1
159,313,1039,183,162,118,1,-1,-1,-1
159,329,324,255,321,267,1,-1,-1,-1
160,260,1522,150,240,225,1,-1,-1,-1
160,272,1223,260,336,234,1,-1,-1,-1
160,306,1231,153,132,117,1,-1,-1,-1
160,309,1416,172,152,123,1,-1,-1,-1
160,312,728,224,209,125,1,-1,-1,-1
160,313,1032,183,170,117,1,-1,-1,-1
160,329,315,257,323,270,1,-1,-1,-1
161,260,1519,152,234,219,1,-1,-1,-1
161,272,1224,258,327,231,1,-1,-1,-1
161,306,1230,153,132,117,1,-1,-1,-1
161,309,1415,173,150,122,1,-1,-1,-1
161,312,721,218,217,120,1,-1,-1,-1
161,313,1026,183,175,117,1,-1,-1,-1
161,329,307,258,325,272,1,-1,-1,-1
162,260,1518,151,226,216,1,-1,-1,-1
162,272,1227,255,318,230,1,-1,-1,-1
162,306,1230,153,131,115,1,-1,-1,-1
162,309,1413,173,147,121,1,-1,-1,-1
162,312,715,222,215,126,1,-1,-1,-1
162,313,1029,185,167,117,1,-1,-1,-1
162,329,299,260,328,275,1,-1,-1,-1
163,260,1519,152,219,212,1,-1,-1,-1
163,272,1227,250,311,229,1,-1,-1,-1
163,306,1230,153,131,114,1,-1,-1,-1
163,309,1410,171,146,120,1,-1,-1,-1
163,313,1027,184,164,118,1,-1,-1,-1
163,329,287,262,332,276,1,-1,-1,-1
164,260,1504,154,228,208,1,-1,-1,-1
164,272,1228,246,303,229,1,-1,-1,-1
164,306,1230,154,130,115,1,-1,-1,-1
164,313,1030,185,160,118,1,-1,-1,-1
164,329,276,265,336,278,1,-1,-1,-1
165,260,1505,151,222,210,1,-1,-1,-1
165,272,1228,241,295,229,1,-1,-1,-1
165,306,1231,154,129,115,1,-1,-1,-1
165,309,1401,163,144,123,1,-1,-1,-1
165,313,1029,186,164,117,1,-1,-1,-1
165,329,265,268,340,280,1,-1,-1,-1
166,260,1503,147,220,213,1,-1,-1,-1
166,272,1230,237,285,227,1,-1,-1,-1
166,306,1231,154,128,116,1,-1,-1,-1
166,313,1026,187,166,116,1,-1,-1,-1
166,329,254,271,345,282,1,-1,-1,-1
167,260,1499,146,220,213,1,-1,-1,-1
167,272,1231,233,278,225,1,-1,-1,-1
167,306,1234,150,125,112,1,-1,-1,-1
167,313,1023,186,172,118,1,-1,-1,-1
167,329,243,274,349,284,1,-1,-1,-1
168,260,1494,146,219,212,1,-1,-1,-1
168,272,1233,230,271,220,1,-1,-1,-1
168,306,1234,150,124,111,1,-1,-1,-1
168,313,1021,184,174,119,1,-1,-1,-1
168,329,231,276,353,286,1,-1,-1,-1
169,260,1489,148,221,203,1,-1,-1,-1
169,272,1232,227,269,216,1,-1,-1,-1
169,306,1234,150,124,111,1,-1,-1,-1
169,313,1021,183,172,120,1,-1,-1,-1
169,329,220,279,358,288,1,-1,-1,-1
170,260,1484,148,223,202,1,-1,-1,-1
170,272,1234,227,265,213,1,-1,-1,-1
170,306,1234,150,125,111,1,-1,-1,-1
170,313,1019,182,177,122,1,-1,-1,-1
170,329,209,282,362,290,1,-1,-1,-1
171,260,1480,149,225,201,1,-1,-1,-1
171,272,1235,226,262,211,1,-1,-1,-1
171,306,1234,150,125,111,1,-1,-1,-1
171,313,1010,184,192,120,1,-1,-1,-1
171,329,198,285,366,292,1,-1,-1,-1
172,260,1478,153,209,191,1,-1,-1,-1
172,272,1238,223,257,211,1,-1,-1,-1
172,313,1010,185,189,119,1,-1,-1,-1
172,329,187,288,371,294,1,-1,-1,-1
173,260,1476,152,208,194,1,-1,-1,-1
173,272,1240,223,254,205,1,-1,-1,-1
173,313,1008,185,193,120,1,-1,-1,-1
173,329,177,290,373,295,1,-1,-1,-1
174,260,1472,152,210,194,1,-1,-1,-1
174,272,1242,223,249,201,1,-1,-1,-1
174,306,1234,149,124,111,1,-1,-1,-1
174,313,1006,186,194,119,1,-1,-1,-1
174,329,168,293,375,297,1,-1,-1,-1
175,260,1468,151,210,195,1,-1,-1,-1
175,272,1243,208,239,203,1,-1,-1,-1
175,313,1000,186,193,125,1,-1,-1,-1
175,329,159,296,377,299,1,-1,-1,-1
176,260,1465,150,206,195,1,-1,-1,-1
176,272,1247,213,250,184,1,-1,-1,-1
176,306,1234,149,127,110,1,-1,-1,-1
176,313,999,185,191,125,1,-1,-1,-1
176,329,149,299,379,300,1,-1,-1,-1
177,260,1464,144,201,189,1,-1,-1,-1
177,272,1246,209,251,190,1,-1,-1,-1
177,313,1000,185,186,126,1,-1,-1,-1
177,329,140,302,381,302,1,-1,-1,-1
178,260,1460,150,199,196,1,-1,-1,-1
178,272,1248,206,249,190,1,-1,-1,-1
178,313,1001,185,187,126,1,-1,-1,-1
178,329,131,304,383,304,1,-1,-1,-1
179,260,1457,152,200,195,1,-1,-1,-1
179,272,1253,205,239,190,1,-1,-1,-1
179,313,1000,185,188,126,1,-1,-1,-1
179,329,121,307,385,305,1,-1,-1,-1
180,260,1455,153,201,192,1,-1,-1,-1
180,272,1259,204,230,187,1,-1,-1,-1
180,313,993,186,193,126,1,-1,-1,-1
180,329,112,310,387,307,1,-1,-1,-1
181,260,1451,153,205,192,1,-1,-1,-1
181,272,1264,203,222,184,1,-1,-1,-1
181,313,993,185,191,126,1,-1,-1,-1
181,329,103,313,389,309,1,-1,-1,-1
182,260,1451,150,205,176,1,-1,-1,-1
182,272,1267,200,218,183,1,-1,-1,-1
182,313,992,184,191,128,1,-1,-1,-1
182,329,94,316,391,311,1,-1,-1,-1
183,260,1451,153,189,169,1,-1,-1,-1
183,272,1270,198,215,181,1,-1,-1,-1
183,313,992,183,192,129,1,-1,-1,-1
183,329,82,316,394,313,1,-1,-1,-1
184,260,1453,154,184,162,1,-1,-1,-1
184,272,1274,197,214,180,1,-1,-1,-1
184,313,990,183,194,130,1,-1,-1,-1
184,329,70,317,397,316,1,-1,-1,-1
185,260,1452,154,181,155,1,-1,-1,-1
185,272,1278,197,212,178,1,-1,-1,-1
185,313,989,182,195,130,1,-1,-1,-1
185,329,58,318,400,319,1,-1,-1,-1
186,260,1451,155,180,146,1,-1,-1,-1
186,272,1282,199,211,173,1,-1,-1,-1
186,313,996,183,189,133,1,-1,-1,-1
186,329,46,319,403,322,1,-1,-1,-1
187,260,1445,154,182,146,1,-1,-1,-1
187,272,1282,200,211,170,1,-1,-1,-1
187,313,992,183,190,134,1,-1,-1,-1
187,329,35,320,406,325,1,-1,-1,-1
188,260,1439,153,184,147,1,-1,-1,-1
188,272,1284,192,206,164,1,-1,-1,-1
188,313,995,183,187,133,1,-1,-1,-1
188,329,27,324,408,328,1,-1,-1,-1
189,260,1436,154,182,145,1,-1,-1,-1
189,272,1286,190,207,167,1,-1,-1,-1
189,313,991,181,190,135,1,-1,-1,-1
189,329,19,328,411,331,1,-1,-1,-1
190,260,1435,153,179,145,1,-1,-1,-1
190,272,1290,190,206,166,1,-1,-1,-1
190,313,992,182,189,134,1,-1,-1,-1
190,329,11,333,414,335,1,-1,-1,-1
191,272,1295,188,202,166,1,-1,-1,-1
191,313,993,180,190,139,1,-1,-1,-1
191,329,3,337,416,338,1,-1,-1,-1
192,272,1300,187,197,168,1,-1,-1,-1
192,313,995,178,192,144,1,-1,-1,-1
192,329,0,342,419,342,1,-1,-1,-1
193,272,1309,181,195,177,1,-1,-1,-1
193,306,1231,144,128,110,1,-1,-1,-1
193,313,992,179,191,142,1,-1,-1,-1
193,321,1137,92,101,95,1,-1,-1,-1
193,329,0,346,422,345,1,-1,-1,-1
194,272,1310,181,195,175,1,-1,-1,-1
194,306,1231,144,127,111,1,-1,-1,-1
194,313,988,178,191,142,1,-1,-1,-1
194,321,1137,90,104,99,1,-1,-1,-1
194,329,0,351,425,349,1,-1,-1,-1
195,273,1017,283,786,795,1,-1,-1,-1
195,306,1232,145,127,109,1,-1,-1,-1
195,313,988,177,196,145,1,-1,-1,-1
195,320,208,245,375,321,1,-1,-1,-1
195,321,1137,91,104,99,1,-1,-1,-1
196,273,1071,267,724,811,1,-1,-1,-1
196,306,1234,144,124,107,1,-1,-1,-1
196,313,989,178,191,146,1,-1,-1,-1
196,320,199,246,379,323,1,-1,-1,-1
196,321,1137,91,103,99,1,-1,-1,-1
197,273,1113,261,675,803,1,-1,-1,-1
197,306,1236,144,121,103,1,-1,-1,-1
197,313,983,176,201,146,1,-1,-1,-1
197,320,189,248,382,325,1,-1,-1,-1
197,321,1137,91,102,99,1,-1,-1,-1
198,273,1167,262,680,805,1,-1,-1,-1
198,306,1237,144,118,101,1,-1,-1,-1
198,313,979,175,204,147,1,-1,-1,-1
198,320,180,249,386,327,1,-1,-1,-1
198,321,1136,92,103,99,1,-1,-1,-1
199,273,1180,232,636,777,1,-1,-1,-1
199,306,1237,145,118,100,1,-1,-1,-1
199,313,975,175,206,149,1,-1,-1,-1
199,320,170,251,390,329,1,-1,-1,-1
199,321,1135,93,105,99,1,-1,-1,-1
200,273,1192,202,592,750,1,-1,-1,-1
200,306,1237,144,118,98,1,-1,-1,-1
200,313,975,173,208,153,1,-1,-1,-1
200,320,160,252,394,331,1,-1,-1,-1
200,321,1134,93,107,99,1,-1,-1,-1
201,273,1204,201,573,716,1,-1,-1,-1
201,306,1238,143,115,95,1,-1,-1,-1
201,313,975,177,202,149,1,-1,-1,-1
201,320,151,254,398,333,1,-1,-1,-1
201,321,1133,93,107,99,1,-1,-1,-1
202,273,1215,201,553,683,1,-1,-1,-1
202,306,1238,143,116,95,1,-1,-1,-1
202,313,972,172,204,157,1,-1,-1,-1
202,320,141,255,401,335,1,-1,-1,-1
202,321,1133,93,106,100,1,-1,-1,-1
203,273,1227,200,533,649,1,-1,-1,-1
203,306,1238,143,115,97,1,-1,-1,-1
203,313,972,172,206,159,1,-1,-1,-1
203,320,132,257,405,337,1,-1,-1,-1
203,321,1135,94,103,99,1,-1,-1,-1
204,273,1234,189,520,635,1,-1,-1,-1
204,313,973,172,207,161,1,-1,-1,-1
204,320,122,258,409,339,1,-1,-1,-1
204,321,1137,95,101,99,1,-1,-1,-1
205,273,1239,179,510,625,1,-1,-1,-1
205,313,968,173,214,160,1,-1,-1,-1
205,320,113,260,413,341,1,-1,-1,-1
205,321,1139,98,100,96,1,-1,-1,-1
206,273,1249,147,488,606,1,-1,-1,-1
206,313,969,174,212,161,1,-1,-1,-1
206,320,103,261,417,343,1,-1,-1,-1
206,321,1139,100,100,96,1,-1,-1,-1
207,273,1248,148,487,595,1,-1,-1,-1
207,313,971,174,210,163,1,-1,-1,-1
207,320,94,263,421,346,1,-1,-1,-1
207,321,1138,102,101,94,1,-1,-1,-1
208,273,1252,149,478,575,1,-1,-1,-1
208,320,88,265,421,347,1,-1,-1,-1
208,321,1136,100,102,96,1,-1,-1,-1
209,273,1256,148,469,553,1,-1,-1,-1
209,313,980,173,202,166,1,-1,-1,-1
209,320,83,268,421,348,1,-1,-1,-1
209,321,1135,100,103,96,1,-1,-1,-1
210,273,1263,145,456,528,1,-1,-1,-1
210,313,977,174,206,163,1,-1,-1,-1
210,320,77,270,422,350,1,-1,-1,-1
210,321,1134,98,104,98,1,-1,-1,-1
211,273,1266,139,449,513,1,-1,-1,-1
211,313,973,175,210,160,1,-1,-1,-1
211,320,72,273,422,351,1,-1,-1,-1
211,321,1135,100,103,96,1,-1,-1,-1
212,273,1266,138,444,493,1,-1,-1,-1
212,313,969,175,213,161,1,-1,-1,-1
212,320,67,275,422,352,1,-1,-1,-1
212,321,1135,103,103,93,1,-1,-1,-1
213,273,1245,122,439,500,1,-1,-1,-1
213,313,964,175,216,162,1,-1,-1,-1
213,320,61,278,423,354,1,-1,-1,-1
213,321,1135,104,102,94,1,-1,-1,-1
214,273,1247,116,432,487,1,-1,-1,-1
214,313,966,174,215,165,1,-1,-1,-1
214,320,56,280,423,355,1,-1,-1,-1
214,321,1134,104,103,94,1,-1,-1,-1
215,273,1248,109,425,483,1,-1,-1,-1
215,313,951,174,228,167,1,-1,-1,-1
215,320,51,283,424,357,1,-1,-1,-1
215,321,1133,104,104,95,1,-1,-1,-1
216,273,1248,103,418,475,1,-1,-1,-1
216,313,957,172,224,175,1,-1,-1,-1
216,320,44,283,425,359,1,-1,-1,-1
216,321,1126,108,102,96,1,-1,-1,-1
217,273,1247,102,406,483,1,-1,-1,-1
217,313,964,170,220,184,1,-1,-1,-1
217,320,38,284,426,361,1,-1,-1,-1
217,321,1126,108,101,96,1,-1,-1,-1
218,273,1247,103,401,469,1,-1,-1,-1
218,313,960,170,221,187,1,-1,-1,-1
218,320,31,285,427,363,1,-1,-1,-1
218,321,1127,109,100,96,1,-1,-1,-1
219,273,1244,103,399,463,1,-1,-1,-1
219,313,949,170,223,188,1,-1,-1,-1
219,320,25,285,428,366,1,-1,-1,-1
219,321,1127,108,101,99,1,-1,-1,-1
220,273,1245,108,394,446,1,-1,-1,-1
220,313,952,170,217,193,1,-1,-1,-1
220,320,18,286,429,368,1,-1,-1,-1
220,321,1127,108,101,98,1,-1,-1,-1
221,273,1245,111,389,433,1,-1,-1,-1
221,313,948,171,223,190,1,-1,-1,-1
221,320,12,287,430,370,1,-1,-1,-1
221,321,1126,111,101,94,1,-1,-1,-1
222,273,1245,114,386,421,1,-1,-1,-1
222,313,942,168,227,198,1,-1,-1,-1
222,320,5,288,431,372,1,-1,-1,-1
222,321,1126,113,101,94,1,-1,-1,-1
223,273,1244,97,383,422,1,-1,-1,-1
223,313,934,171,238,201,1,-1,-1,-1
223,320,0,288,432,375,1,-1,-1,-1
223,321,1127,114,101,94,1,-1,-1,-1
224,273,1243,98,381,419,1,-1,-1,-1
224,313,936,174,228,197,1,-1,-1,-1
224,320,0,289,433,377,1,-1,-1,-1
224,321,1127,116,100,93,1,-1,-1,-1
225,273,1244,98,375,414,1,-1,-1,-1
225,313,926,172,239,205,1,-1,-1,-1
225,320,0,290,434,379,1,-1,-1,-1
225,321,1127,118,100,93,1,-1,-1,-1
226,273,1244,100,367,406,1,-1,-1,-1
226,313,920,175,238,205,1,-1,-1,-1
226,320,0,291,435,382,1,-1,-1,-1
226,321,1127,120,99,93,1,-1,-1,-1
227,273,1245,103,361,396,1,-1,-1,-1
227,313,914,177,241,205,1,-1,-1,-1
227,321,1127,122,99,92,1,-1,-1,-1
228,273,1246,105,355,387,1,-1,-1,-1
228,313,908,179,245,205,1,-1,-1,-1
229,273,1247,104,350,381,1,-1,-1,-1
229,313,896,181,254,204,1,-1,-1,-1
230,273,1247,103,343,378,1,-1,-1,-1
230,313,896,185,249,201,1,-1,-1,-1
231,273,1247,100,338,376,1,-1,-1,-1
231,313,889,188,239,206,1,-1,-1,-1
232,273,1249,97,334,374,1,-1,-1,-1
232,313,895,188,242,208,1,-1,-1,-1
233,273,1253,94,323,372,1,-1,-1,-1
233,313,881,190,237,207,1,-1,-1,-1
234,273,1256,91,313,369,1,-1,-1,-1
234,313,872,187,267,213,1,-1,-1,-1
235,273,1264,89,296,369,1,-1,-1,-1
235,313,866,189,274,216,1,-1,-1,-1
236,273,1266,87,290,366,1,-1,-1,-1
236,313,866,191,271,218,1,-1,-1,-1
237,273,1267,85,285,363,1,-1,-1,-1
237,313,865,191,276,226,1,-1,-1,-1
238,273,1268,82,282,361,1,-1,-1,-1
238,313,862,192,276,227,1,-1,-1,-1
239,273,1269,82,278,357,1,-1,-1,-1
239,313,859,192,280,230,1,-1,-1,-1
239,321,1127,132,98,95,1,-1,-1,-1
240,273,1272,82,271,351,1,-1,-1,-1
240,313,857,192,280,234,1,-1,-1,-1
240,321,1128,132,96,95,1,-1,-1,-1
241,273,1267,92,260,328,1,-1,-1,-1
241,313,853,193,281,237,1,-1,-1,-1
241,321,1128,132,96,96,1,-1,-1,-1
242,273,1269,91,255,324,1,-1,-1,-1
242,313,850,195,282,242,1,-1,-1,-1
243,273,1268,93,253,318,1,-1,-1,-1
243,313,846,196,285,249,1,-1,-1,-1
243,321,1126,136,100,94,1,-1,-1,-1
244,273,1269,94,251,313,1,-1,-1,-1
244,313,842,200,276,252,1,-1,-1,-1
244,321,1125,138,102,93,1,-1,-1,-1
245,273,1268,96,249,308,1,-1,-1,-1
245,313,833,201,283,251,1,-1,-1,-1
245,321,1124,139,104,91,1,-1,-1,-1
246,273,1268,97,248,305,1,-1,-1,-1
246,313,829,205,283,254,1,-1,-1,-1
246,321,1124,140,102,90,1,-1,-1,-1
247,273,1255,84,264,309,1,-1,-1,-1
247,313,815,226,288,239,1,-1,-1,-1
247,321,1124,139,102,91,1,-1,-1,-1
248,273,1252,85,266,308,1,-1,-1,-1
248,313,810,229,291,241,1,-1,-1,-1
248,321,1124,137,101,95,1,-1,-1,-1
249,273,1251,85,263,307,1,-1,-1,-1
249,313,806,231,293,242,1,-1,-1,-1
249,321,1123,136,104,97,1,-1,-1,-1
250,273,1252,86,259,304,1,-1,-1,-1
250,313,800,234,298,244,1,-1,-1,-1
250,321,1122,134,105,100,1,-1,-1,-1
251,273,1251,86,255,301,1,-1,-1,-1
251,313,796,236,300,245,1,-1,-1,-1
251,321,1122,135,107,99,1,-1,-1,-1
252,273,1259,90,235,290,1,-1,-1,-1
252,313,788,237,305,249,1,-1,-1,-1
252,321,1121,136,108,97,1,-1,-1,-1
253,273,1257,91,232,287,1,-1,-1,-1
253,313,780,236,312,253,1,-1,-1,-1
253,321,1121,137,109,96,1,-1,-1,-1
254,273,1256,93,229,282,1,-1,-1,-1
254,313,770,232,321,264,1,-1,-1,-1
254,321,1121,137,108,97,1,-1,-1,-1
255,273,1256,94,228,278,1,-1,-1,-1
255,313,763,231,325,272,1,-1,-1,-1
255,321,1122,135,105,99,1,-1,-1,-1
256,273,1254,94,227,275,1,-1,-1,-1
256,313,757,232,327,280,1,-1,-1,-1
256,321,1123,134,104,99,1,-1,-1,-1
257,273,1252,92,227,275,1,-1,-1,-1
257,313,751,236,329,282,1,-1,-1,-1
257,321,1123,134,104,98,1,-1,-1,-1
258,273,1250,89,227,274,1,-1,-1,-1
258,313,744,236,334,288,1,-1,-1,-1
258,321,1122,135,104,96,1,-1,-1,-1
259,273,1248,86,226,273,1,-1,-1,-1
259,313,737,248,334,301,1,-1,-1,-1
259,321,1122,137,106,95,1,-1,-1,-1
260,273,1248,89,222,269,1,-1,-1,-1
260,313,729,244,340,310,1,-1,-1,-1
260,321,1121,139,108,94,1,-1,-1,-1
261,273,1247,91,219,264,1,-1,-1,-1
261,313,722,242,349,317,1,-1,-1,-1
261,321,1120,139,110,95,1,-1,-1,-1
262,273,1246,93,215,259,1,-1,-1,-1
262,313,702,249,357,313,1,-1,-1,-1
262,321,1119,140,110,94,1,-1,-1,-1
263,273,1247,91,211,259,1,-1,-1,-1
263,313,698,250,359,316,1,-1,-1,-1
263,316,1000,199,190,148,1,-1,-1,-1
263,321,1118,140,112,94,1,-1,-1,-1
264,273,1247,90,209,258,1,-1,-1,-1
264,313,693,252,361,319,1,-1,-1,-1
264,316,1002,205,197,162,1,-1,-1,-1
264,321,1117,139,114,93,1,-1,-1,-1
265,273,1249,88,206,259,1,-1,-1,-1
265,313,687,254,361,320,1,-1,-1,-1
265,316,999,205,206,163,1,-1,-1,-1
265,321,1116,138,116,96,1,-1,-1,-1
266,273,1247,89,207,257,1,-1,-1,-1
266,313,681,256,361,323,1,-1,-1,-1
266,316,1015,203,213,165,1,-1,-1,-1
266,321,1115,137,119,100,1,-1,-1,-1
267,273,1244,90,206,256,1,-1,-1,-1
267,313,673,259,364,328,1,-1,-1,-1
267,316,1020,200,219,171,1,-1,-1,-1
267,321,1113,137,122,101,1,-1,-1,-1
268,273,1241,92,207,254,1,-1,-1,-1
268,313,665,265,370,333,1,-1,-1,-1
268,316,1032,200,231,172,1,-1,-1,-1
268,321,1112,138,125,98,1,-1,-1,-1
269,273,1241,95,205,250,1,-1,-1,-1
269,313,655,272,379,340,1,-1,-1,-1
269,316,1044,201,244,173,1,-1,-1,-1
269,321,1111,139,126,93,1,-1,-1,-1
270,273,1239,95,206,248,1,-1,-1,-1
270,313,644,269,408,352,1,-1,-1,-1
270,316,1057,201,256,174,1,-1,-1,-1
270,321,1111,139,126,93,1,-1,-1,-1
271,313,631,271,419,357,1,-1,-1,-1
271,316,1069,202,268,175,1,-1,-1,-1
271,321,1111,138,127,95,1,-1,-1,-1
272,313,615,292,440,370,1,-1,-1,-1
272,316,1081,202,280,175,1,-1,-1,-1
272,321,1111,138,126,96,1,-1,-1,-1
273,313,603,296,446,375,1,-1,-1,-1
273,316,1093,202,292,176,1,-1,-1,-1
273,321,1111,139,126,97,1,-1,-1,-1
274,313,591,303,451,379,1,-1,-1,-1
274,316,1136,212,276,154,1,-1,-1,-1
274,318,1011,196,147,127,1,-1,-1,-1
274,321,1111,140,126,98,1,-1,-1,-1
275,313,580,310,456,384,1,-1,-1,-1
275,316,1140,206,311,172,1,-1,-1,-1
275,318,1009,200,152,123,1,-1,-1,-1
275,321,1110,139,125,101,1,-1,-1,-1
276,313,569,316,458,395,1,-1,-1,-1
276,316,1147,201,330,175,1,-1,-1,-1
276,318,1007,202,155,123,1,-1,-1,-1
276,321,1109,138,125,106,1,-1,-1,-1
277,313,559,323,462,409,1,-1,-1,-1
277,316,1196,204,325,171,1,-1,-1,-1
277,318,1003,202,159,123,1,-1,-1,-1
277,321,1109,139,127,113,1,-1,-1,-1
278,313,548,327,465,428,1,-1,-1,-1
278,316,1212,199,334,174,1,-1,-1,-1
278,318,999,202,163,125,1,-1,-1,-1
278,321,1108,141,128,111,1,-1,-1,-1
279,313,539,334,470,440,1,-1,-1,-1
279,316,1247,199,350,177,1,-1,-1,-1
279,318,996,201,164,127,1,-1,-1,-1
279,321,1108,141,129,111,1,-1,-1,-1
280,313,529,344,477,449,1,-1,-1,-1
280,316,1267,201,350,177,1,-1,-1,-1
280,318,992,203,167,127,1,-1,-1,-1
280,321,1106,142,130,111,1,-1,-1,-1
281,313,520,357,484,453,1,-1,-1,-1
281,316,1291,202,365,174,1,-1,-1,-1
281,318,989,204,169,129,1,-1,-1,-1
281,321,1104,144,131,111,1,-1,-1,-1
282,313,512,365,489,460,1,-1,-1,-1
282,316,1314,204,380,171,1,-1,-1,-1
282,318,983,201,169,138,1,-1,-1,-1
282,321,1101,145,131,112,1,-1,-1,-1
283,313,495,400,512,459,1,-1,-1,-1
283,316,1342,201,365,171,1,-1,-1,-1
283,318,982,203,170,139,1,-1,-1,-1
283,321,1099,146,132,111,1,-1,-1,-1
284,273,1239,121,193,197,1,-1,-1,-1
284,313,483,405,526,470,1,-1,-1,-1
284,316,1371,201,393,174,1,-1,-1,-1
284,318,980,204,171,139,1,-1,-1,-1
284,321,1098,146,133,111,1,-1,-1,-1
285,273,1238,121,191,197,1,-1,-1,-1
285,313,442,409,564,494,1,-1,-1,-1
285,316,1390,200,391,177,1,-1,-1,-1
285,317,534,251,251,206,1,-1,-1,-1
285,318,977,204,172,139,1,-1,-1,-1
285,321,1097,147,134,110,1,-1,-1,-1
286,273,1238,122,188,196,1,-1,-1,-1
286,313,423,417,579,516,1,-1,-1,-1
286,316,1414,199,380,178,1,-1,-1,-1
286,318,975,204,173,140,1,-1,-1,-1
286,321,1095,147,135,111,1,-1,-1,-1
287,273,1239,122,185,196,1,-1,-1,-1
287,313,401,429,590,528,1,-1,-1,-1
287,316,1434,200,390,177,1,-1,-1,-1
287,317,521,256,255,216,1,-1,-1,-1
287,318,973,203,173,141,1,-1,-1,-1
287,321,1088,145,146,114,1,-1,-1,-1
288,273,1237,126,176,190,1,-1,-1,-1
288,313,374,445,611,533,1,-1,-1,-1
288,316,1453,201,401,176,1,-1,-1,-1
288,317,511,258,255,223,1,-1,-1,-1
288,318,969,203,175,142,1,-1,-1,-1
288,321,1088,146,146,114,1,-1,-1,-1
289,273,1237,126,175,188,1,-1,-1,-1
289,313,344,457,632,543,1,-1,-1,-1
289,316,1472,199,391,177,1,-1,-1,-1
289,317,501,260,256,227,1,-1,-1,-1
289,318,967,201,176,146,1,-1,-1,-1
289,321,1088,146,146,114,1,-1,-1,-1
290,273,1238,126,172,187,1,-1,-1,-1
290,313,316,457,646,570,1,-1,-1,-1
290,316,1483,200,400,178,1,-1,-1,-1
290,317,490,261,257,231,1,-1,-1,-1
290,318,963,200,179,150,1,-1,-1,-1
290,321,1088,146,145,113,1,-1,-1,-1
291,273,1240,128,169,184,1,-1,-1,-1
291,313,303,485,633,581,1,-1,-1,-1
291,316,1495,200,408,179,1,-1,-1,-1
291,318,960,199,179,151,1,-1,-1,-1
291,321,1086,147,146,112,1,-1,-1,-1
292,273,1242,129,166,180,1,-1,-1,-1
292,313,283,504,644,567,1,-1,-1,-1
292,316,1506,201,412,180,1,-1,-1,-1
292,318,958,201,178,149,1,-1,-1,-1
292,321,1094,168,136,94,1,-1,-1,-1
293,273,1242,131,163,177,1,-1,-1,-1
293,313,216,524,695,555,1,-1,-1,-1
293,315,643,303,383,313,1,-1,-1,-1
293,316,1519,200,399,181,1,-1,-1,-1
293,318,957,201,176,149,1,-1,-1,-1
293,321,1095,167,136,95,1,-1,-1,-1
294,273,1241,133,162,174,1,-1,-1,-1
294,313,178,543,715,535,1,-1,-1,-1
294,315,635,309,384,323,1,-1,-1,-1
294,316,1536,200,382,182,1,-1,-1,-1
294,318,955,200,175,151,1,-1,-1,-1
294,321,1078,154,154,114,1,-1,-1,-1
295,273,1239,134,163,173,1,-1,-1,-1
295,315,626,313,392,320,1,-1,-1,-1
295,318,951,199,177,154,1,-1,-1,-1
295,321,1077,154,156,113,1,-1,-1,-1
296,273,1237,134,164,172,1,-1,-1,-1
296,315,615,315,406,321,1,-1,-1,-1
296,318,947,199,182,155,1,-1,-1,-1
296,321,1079,154,155,114,1,-1,-1,-1
297,273,1235,134,163,173,1,-1,-1,-1
297,315,602,329,397,309,1,-1,-1,-1
297,318,942,213,191,145,1,-1,-1,-1
297,321,1101,165,133,100,1,-1,-1,-1
298,273,1234,135,163,173,1,-1,-1,-1
298,315,597,338,395,310,1,-1,-1,-1
298,318,935,213,191,146,1,-1,-1,-1
298,321,1102,169,131,97,1,-1,-1,-1
299,273,1233,135,162,172,1,-1,-1,-1
299,315,588,348,397,312,1,-1,-1,-1
299,318,933,212,193,149,1,-1,-1,-1
299,321,1102,172,130,95,1,-1,-1,-1
300,273,1233,136,161,170,1,-1,-1,-1
300,315,579,357,401,316,1,-1,-1,-1
300,317,349,288,317,262,1,-1,-1,-1
300,318,931,211,196,151,1,-1,-1,-1
300,321,1101,171,129,94,1,-1,-1,-1
301,273,1232,136,160,168,1,-1,-1,-1
301,315,571,362,405,324,1,-1,-1,-1
301,317,336,289,321,271,1,-1,-1,-1
301,318,929,209,199,154,1,-1,-1,-1
301,321,1101,169,128,97,1,-1,-1,-1
302,273,1231,137,160,167,1,-1,-1,-1
302,315,559,335,412,383,1,-1,-1,-1
302,318,925,208,204,156,1,-1,-1,-1
302,321,1102,166,129,100,1,-1,-1,-1
303,273,1231,138,160,166,1,-1,-1,-1
303,315,555,347,405,383,1,-1,-1,-1
303,317,305,293,333,283,1,-1,-1,-1
303,318,922,208,207,157,1,-1,-1,-1
303,321,1101,165,127,102,1,-1,-1,-1
304,273,1232,138,159,166,1,-1,-1,-1
304,315,552,359,397,380,1,-1,-1,-1
304,317,288,294,345,288,1,-1,-1,-1
304,318,920,209,207,156,1,-1,-1,-1
304,321,1095,157,133,111,1,-1,-1,-1
305,273,1233,139,157,166,1,-1,-1,-1
305,315,543,368,404,379,1,-1,-1,-1
305,317,261,304,347,285,1,-1,-1,-1
305,318,919,209,203,155,1,-1,-1,-1
305,321,1094,157,134,112,1,-1,-1,-1
306,273,1234,138,155,166,1,-1,-1,-1
306,315,520,399,422,368,1,-1,-1,-1
306,317,250,305,353,292,1,-1,-1,-1
306,318,919,209,201,155,1,-1,-1,-1
306,321,1094,157,134,112,1,-1,-1,-1
307,273,1234,139,155,165,1,-1,-1,-1
307,315,520,407,415,376,1,-1,-1,-1
307,317,235,307,361,297,1,-1,-1,-1
307,318,917,210,200,155,1,-1,-1,-1
308,273,1234,139,154,164,1,-1,-1,-1
308,315,517,409,414,388,1,-1,-1,-1
308,317,217,306,370,305,1,-1,-1,-1
308,318,915,211,202,155,1,-1,-1,-1
309,273,1233,139,155,164,1,-1,-1,-1
309,315,506,405,420,403,1,-1,-1,-1
309,317,196,318,384,307,1,-1,-1,-1
309,318,912,209,205,159,1,-1,-1,-1
309,321,1093,160,135,111,1,-1,-1,-1
310,273,1233,139,155,164,1,-1,-1,-1
310,315,459,425,476,401,1,-1,-1,-1
310,318,910,208,207,162,1,-1,-1,-1
310,321,1093,161,134,111,1,-1,-1,-1
311,273,1233,139,156,163,1,-1,-1,-1
311,315,438,430,491,406,1,-1,-1,-1
311,317,156,325,396,310,1,-1,-1,-1
311,318,909,208,206,166,1,-1,-1,-1
311,321,1094,161,133,112,1,-1,-1,-1
312,273,1234,139,155,163,1,-1,-1,-1
312,307,1422,178,357,137,1,-1,-1,-1
312,315,424,435,498,413,1,-1,-1,-1
312,318,908,209,207,167,1,-1,-1,-1
312,321,1096,160,131,113,1,-1,-1,-1
313,273,1233,138,156,165,1,-1,-1,-1
313,307,1398,179,350,135,1,-1,-1,-1
313,315,411,443,504,420,1,-1,-1,-1
313,318,906,209,209,169,1,-1,-1,-1
313,321,1096,160,130,113,1,-1,-1,-1
314,273,1234,136,155,167,1,-1,-1,-1
314,307,1365,178,337,139,1,-1,-1,-1
314,315,402,453,502,426,1,-1,-1,-1
314,317,112,342,414,318,1,-1,-1,-1
314,318,904,208,212,170,1,-1,-1,-1
314,321,1097,169,126,102,1,-1,-1,-1
315,273,1234,133,156,170,1,-1,-1,-1
315,307,1339,180,335,137,1,-1,-1,-1
315,315,392,464,499,431,1,-1,-1,-1
315,318,902,207,211,174,1,-1,-1,-1
315,321,1094,160,130,114,1,-1,-1,-1
316,273,1234,133,155,169,1,-1,-1,-1
316,307,1307,178,343,140,1,-1,-1,-1
316,315,379,474,500,436,1,-1,-1,-1
316,318,900,207,213,178,1,-1,-1,-1
316,321,1092,162,132,113,1,-1,-1,-1
317,273,1235,134,154,168,1,-1,-1,-1
317,307,1279,181,339,139,1,-1,-1,-1
317,315,365,483,511,443,1,-1,-1,-1
317,318,898,206,216,183,1,-1,-1,-1
317,321,1091,163,133,113,1,-1,-1,-1
318,273,1236,134,153,167,1,-1,-1,-1
318,307,1261,183,331,137,1,-1,-1,-1
318,315,349,492,527,450,1,-1,-1,-1
318,318,894,206,224,187,1,-1,-1,-1
318,321,1090,164,135,112,1,-1,-1,-1
319,273,1237,134,153,165,1,-1,-1,-1
319,307,1232,184,319,138,1,-1,-1,-1
319,315,337,500,541,457,1,-1,-1,-1
319,318,891,206,229,191,1,-1,-1,-1
319,321,1090,165,134,112,1,-1,-1,-1
320,273,1237,135,152,164,1,-1,-1,-1
320,307,1200,185,331,137,1,-1,-1,-1
320,315,328,505,549,465,1,-1,-1,-1
320,318,888,207,232,191,1,-1,-1,-1
320,321,1090,164,133,112,1,-1,-1,-1
321,273,1238,135,151,163,1,-1,-1,-1
321,307,1174,185,320,137,1,-1,-1,-1
321,315,322,507,553,475,1,-1,-1,-1
321,318,888,208,231,192,1,-1,-1,-1
321,321,1090,163,133,113,1,-1,-1,-1
322,273,1239,135,150,162,1,-1,-1,-1
322,307,1151,183,317,139,1,-1,-1,-1
322,315,301,516,559,470,1,-1,-1,-1
322,318,886,209,233,191,1,-1,-1,-1
322,321,1090,162,132,111,1,-1,-1,-1
323,273,1240,135,149,161,1,-1,-1,-1
323,307,1131,182,304,141,1,-1,-1,-1
323,315,283,545,577,470,1,-1,-1,-1
323,318,887,209,231,193,1,-1,-1,-1
324,273,1240,136,148,160,1,-1,-1,-1
324,307,1117,188,292,137,1,-1,-1,-1
324,315,269,550,584,473,1,-1,-1,-1
324,318,887,210,230,193,1,-1,-1,-1
325,273,1241,136,147,159,1,-1,-1,-1
325,307,1119,186,281,142,1,-1,-1,-1
325,315,254,556,587,480,1,-1,-1,-1
325,318,874,217,231,188,1,-1,-1,-1
326,273,1242,136,146,157,1,-1,-1,-1
326,307,1094,191,270,138,1,-1,-1,-1
326,315,239,563,591,484,1,-1,-1,-1
326,318,872,221,248,205,1,-1,-1,-1
327,273,1242,137,145,156,1,-1,-1,-1
327,307,1073,194,261,132,1,-1,-1,-1
327,315,224,573,601,485,1,-1,-1,-1
327,318,870,222,249,205,1,-1,-1,-1
328,273,1244,133,142,163,1,-1,-1,-1
328,307,1071,192,247,136,1,-1,-1,-1
328,315,212,583,607,484,1,-1,-1,-1
328,318,870,224,251,204,1,-1,-1,-1
329,273,1243,133,142,160,1,-1,-1,-1
329,307,1060,185,226,143,1,-1,-1,-1
329,315,199,592,613,480,1,-1,-1,-1
329,318,869,226,254,203,1,-1,-1,-1
330,273,1242,135,142,155,1,-1,-1,-1
330,307,1055,187,215,141,1,-1,-1,-1
330,315,186,600,620,467,1,-1,-1,-1
330,318,866,229,256,200,1,-1,-1,-1
331,273,1239,136,147,156,1,-1,-1,-1
331,307,1048,190,207,141,1,-1,-1,-1
331,315,173,603,628,457,1,-1,-1,-1
331,318,862,232,257,201,1,-1,-1,-1
332,273,1239,137,147,153,1,-1,-1,-1
332,307,1051,192,194,142,1,-1,-1,-1
332,315,160,600,633,451,1,-1,-1,-1
332,318,858,235,260,202,1,-1,-1,-1
333,273,1239,138,146,151,1,-1,-1,-1
333,307,1040,193,196,147,1,-1,-1,-1
333,315,153,601,633,456,1,-1,-1,-1
333,318,854,234,259,207,1,-1,-1,-1
334,273,1239,138,145,151,1,-1,-1,-1
334,307,1029,193,193,147,1,-1,-1,-1
334,315,146,608,633,459,1,-1,-1,-1
334,318,851,236,260,209,1,-1,-1,-1
335,273,1240,137,144,151,1,-1,-1,-1
335,307,1022,198,187,141,1,-1,-1,-1
335,315,142,618,635,460,1,-1,-1,-1
335,318,847,237,262,211,1,-1,-1,-1
336,273,1241,138,140,146,1,-1,-1,-1
336,307,1017,199,181,140,1,-1,-1,-1
336,315,141,624,631,454,1,-1,-1,-1
336,318,842,240,269,212,1,-1,-1,-1
337,273,1241,140,139,144,1,-1,-1,-1
337,307,1010,200,181,139,1,-1,-1,-1
337,315,110,629,629,449,1,-1,-1,-1
337,318,837,243,275,214,1,-1,-1,-1
338,273,1244,130,133,147,1,-1,-1,-1
338,307,1003,200,183,140,1,-1,-1,-1
338,315,102,638,640,440,1,-1,-1,-1
338,318,833,245,281,216,1,-1,-1,-1
339,273,1244,130,134,147,1,-1,-1,-1
339,307,1000,198,184,144,1,-1,-1,-1
339,315,94,646,650,432,1,-1,-1,-1
339,318,828,248,286,219,1,-1,-1,-1
340,273,1244,130,134,148,1,-1,-1,-1
340,307,994,195,183,150,1,-1,-1,-1
340,315,86,648,663,430,1,-1,-1,-1
340,318,823,251,291,223,1,-1,-1,-1
341,273,1244,130,132,148,1,-1,-1,-1
341,307,993,194,183,151,1,-1,-1,-1
341,315,79,651,668,427,1,-1,-1,-1
341,318,808,253,293,226,1,-1,-1,-1
342,273,1244,130,132,147,1,-1,-1,-1
342,307,993,197,184,147,1,-1,-1,-1
342,318,805,257,295,226,1,-1,-1,-1
343,273,1244,131,131,145,1,-1,-1,-1
343,307,994,193,181,152,1,-1,-1,-1
343,318,801,259,297,230,1,-1,-1,-1
344,273,1243,131,132,144,1,-1,-1,-1
344,307,994,194,180,151,1,-1,-1,-1
344,318,797,260,297,232,1,-1,-1,-1
345,273,1242,130,133,145,1,-1,-1,-1
345,307,993,194,180,151,1,-1,-1,-1
345,318,792,261,301,237,1,-1,-1,-1
346,273,1242,129,134,147,1,-1,-1,-1
346,285,1130,506,664,572,1,-1,-1,-1
346,307,991,197,188,152,1,-1,-1,-1
346,318,783,262,307,241,1,-1,-1,-1
347,273,1241,129,133,148,1,-1,-1,-1
347,285,1152,482,666,596,1,-1,-1,-1
347,307,992,193,188,158,1,-1,-1,-1
347,318,775,263,315,244,1,-1,-1,-1
348,273,1241,129,133,148,1,-1,-1,-1
348,285,1172,470,627,605,1,-1,-1,-1
348,307,991,195,186,157,1,-1,-1,-1
348,318,764,270,329,253,1,-1,-1,-1
349,273,1240,130,133,146,1,-1,-1,-1
349,285,1178,428,616,623,1,-1,-1,-1
349,307,988,198,192,156,1,-1,-1,-1
349,318,757,269,332,257,1,-1,-1,-1
350,273,1240,131,133,144,1,-1,-1,-1
350,285,1190,421,594,602,1,-1,-1,-1
350,307,988,196,192,161,1,-1,-1,-1
350,318,751,269,335,260,1,-1,-1,-1
351,273,1239,132,134,142,1,-1,-1,-1
351,285,1197,409,582,578,1,-1,-1,-1
351,307,982,199,197,156,1,-1,-1,-1
351,318,745,269,337,262,1,-1,-1,-1
352,273,1239,132,133,142,1,-1,-1,-1
352,285,1204,394,571,555,1,-1,-1,-1
352,307,981,195,199,161,1,-1,-1,-1
352,318,740,269,340,264,1,-1,-1,-1
353,273,1239,132,132,143,1,-1,-1,-1
353,285,1207,380,564,539,1,-1,-1,-1
353,307,985,197,196,161,1,-1,-1,-1
353,318,736,273,341,264,1,-1,-1,-1
354,273,1240,132,131,143,1,-1,-1,-1
354,285,1229,350,520,507,1,-1,-1,-1
354,307,976,199,201,159,1,-1,-1,-1
354,318,734,278,340,264,1,-1,-1,-1
354,322,875,191,152,135,1,-1,-1,-1
355,273,1239,132,130,144,1,-1,-1,-1
355,285,1227,346,521,503,1,-1,-1,-1
355,307,976,200,202,157,1,-1,-1,-1
355,318,730,282,340,266,1,-1,-1,-1
355,322,873,191,153,136,1,-1,-1,-1
356,273,1239,131,130,145,1,-1,-1,-1
356,285,1230,340,517,491,1,-1,-1,-1
356,307,977,199,203,159,1,-1,-1,-1
356,318,726,284,344,268,1,-1,-1,-1
356,322,870,191,154,137,1,-1,-1,-1
357,273,1238,131,129,144,1,-1,-1,-1
357,285,1233,327,510,486,1,-1,-1,-1
357,307,977,198,202,161,1,-1,-1,-1
357,318,720,284,351,272,1,-1,-1,-1
357,322,867,190,156,139,1,-1,-1,-1
358,273,1238,131,129,141,1,-1,-1,-1
358,285,1239,314,499,477,1,-1,-1,-1
358,307,978,197,201,165,1,-1,-1,-1
358,318,704,288,350,271,1,-1,-1,-1
358,322,865,190,157,140,1,-1,-1,-1
359,273,1238,132,128,139,1,-1,-1,-1
359,285,1242,301,492,471,1,-1,-1,-1
359,307,970,198,205,165,1,-1,-1,-1
359,318,700,288,352,274,1,-1,-1,-1
359,322,862,190,158,141,1,-1,-1,-1
360,273,1237,124,133,138,1,-1,-1,-1
360,285,1205,294,517,453,1,-1,-1,-1
360,307,970,199,205,164,1,-1,-1,-1
360,318,701,291,356,276,1,-1,-1,-1
360,322,860,190,160,143,1,-1,-1,-1
