1,-1,1436.989,319.247,263.530,179.038,0.440,-1,-1,-1
1,-1,1677.137,241.222,133.138,103.115,0.408,-1,-1,-1
1,-1,1353.126,97.284,278.638,185.045,0.375,-1,-1,-1
1,-1,1752.851,107.817,72.543,59.002,0.386,-1,-1,-1
1,-1,1526.502,239.769,154.238,107.591,0.282,-1,-1,-1
2,-1,1451.837,333.697,251.790,166.168,0.991,-1,-1,-1
2,-1,1685.166,247.665,124.490,100.935,0.919,-1,-1,-1
2,-1,1354.671,111.233,286.364,177.898,0.850,-1,-1,-1
2,-1,1752.211,109.859,90.333,57.844,0.866,-1,-1,-1
2,-1,1535.107,244.426,153.899,107.267,0.613,-1,-1,-1
3,-1,1452.489,333.381,251.285,167.106,0.992,-1,-1,-1
3,-1,1684.452,247.800,125.147,100.522,0.923,-1,-1,-1
3,-1,1328.900,111.833,255.607,165.582,0.859,-1,-1,-1
3,-1,1751.934,110.063,91.082,57.428,0.859,-1,-1,-1
3,-1,1536.252,243.646,154.247,105.953,0.606,-1,-1,-1
4,-1,1452.449,333.988,251.465,166.429,0.993,-1,-1,-1
4,-1,1684.181,247.795,125.595,100.580,0.926,-1,-1,-1
4,-1,1314.215,109.675,263.166,167.006,0.897,-1,-1,-1
4,-1,1751.510,110.367,92.011,56.844,0.859,-1,-1,-1
4,-1,1536.973,243.577,153.197,103.906,0.480,-1,-1,-1
5,-1,1451.875,334.580,252.508,165.946,0.994,-1,-1,-1
5,-1,1684.179,247.686,125.872,100.714,0.926,-1,-1,-1
5,-1,1297.006,107.261,270.728,167.617,0.896,-1,-1,-1
5,-1,1750.990,110.632,92.910,56.393,0.862,-1,-1,-1
5,-1,1531.343,244.208,160.415,102.615,0.424,-1,-1,-1
6,-1,1452.048,334.821,252.358,165.572,0.994,-1,-1,-1
6,-1,1684.085,247.734,126.119,100.635,0.926,-1,-1,-1
6,-1,1277.090,105.066,289.755,171.279,0.891,-1,-1,-1
6,-1,1750.879,110.687,93.036,56.266,0.857,-1,-1,-1
6,-1,1526.575,245.139,165.829,101.052,0.345,-1,-1,-1
7,-1,1452.394,334.569,252.089,166.277,0.995,-1,-1,-1
7,-1,1684.059,247.841,125.883,100.541,0.931,-1,-1,-1
7,-1,1751.025,110.831,92.746,56.007,0.866,-1,-1,-1
7,-1,1254.054,105.405,267.761,158.774,0.830,-1,-1,-1
7,-1,1528.709,244.876,163.316,101.226,0.366,-1,-1,-1
8,-1,1452.952,334.065,251.593,167.212,0.995,-1,-1,-1
8,-1,1239.965,102.227,274.753,163.644,0.952,-1,-1,-1
8,-1,1683.711,248.074,126.129,100.241,0.934,-1,-1,-1
8,-1,1751.507,110.826,91.832,55.983,0.863,-1,-1,-1
8,-1,1643.304,261.866,65.724,101.207,0.324,-1,-1,-1
8,-1,1562.322,239.899,103.555,43.330,0.298,-1,-1,-1
9,-1,1453.240,333.412,250.937,168.410,0.995,-1,-1,-1
9,-1,1222.669,101.880,278.699,161.320,0.972,-1,-1,-1
9,-1,1683.521,248.212,126.343,100.078,0.935,-1,-1,-1
9,-1,1751.968,110.786,90.944,55.974,0.864,-1,-1,-1
9,-1,1643.329,261.721,65.687,101.545,0.343,-1,-1,-1
9,-1,1562.304,239.767,105.256,43.705,0.326,-1,-1,-1
10,-1,1453.741,333.073,249.938,169.071,0.995,-1,-1,-1
10,-1,1200.113,102.189,298.116,158.769,0.975,-1,-1,-1
10,-1,1683.042,248.293,127.186,99.800,0.926,-1,-1,-1
10,-1,1752.361,110.625,90.251,56.163,0.853,-1,-1,-1
10,-1,1643.425,262.302,65.469,100.738,0.318,-1,-1,-1
10,-1,1562.099,240.116,106.258,42.719,0.305,-1,-1,-1
11,-1,1454.296,332.746,248.491,169.617,0.995,-1,-1,-1
11,-1,1682.866,248.244,127.368,99.751,0.922,-1,-1,-1
11,-1,1175.250,109.350,286.114,147.565,0.883,-1,-1,-1
11,-1,1752.651,110.502,89.833,56.289,0.855,-1,-1,-1
11,-1,1643.603,262.649,65.020,100.385,0.329,-1,-1,-1
11,-1,1562.082,240.102,106.930,42.755,0.260,-1,-1,-1
12,-1,1454.470,332.899,248.123,169.759,0.994,-1,-1,-1
12,-1,1160.561,106.387,289.043,150.720,0.949,-1,-1,-1
12,-1,1682.805,248.174,127.370,99.760,0.920,-1,-1,-1
12,-1,1752.856,110.424,89.456,56.389,0.858,-1,-1,-1
12,-1,1643.728,262.733,64.662,100.350,0.319,-1,-1,-1
12,-1,1561.823,240.090,107.244,42.692,0.225,-1,-1,-1
13,-1,1454.253,332.858,248.304,170.257,0.994,-1,-1,-1
13,-1,1141.801,104.331,288.651,151.793,0.952,-1,-1,-1
13,-1,1682.880,247.991,127.287,100.051,0.916,-1,-1,-1
13,-1,1752.850,110.336,89.366,56.550,0.862,-1,-1,-1
13,-1,1643.869,262.593,64.274,100.574,0.310,-1,-1,-1
14,-1,1454.015,332.848,248.672,170.660,0.993,-1,-1,-1
14,-1,1683.009,247.949,127.191,100.202,0.914,-1,-1,-1
14,-1,1120.461,103.063,300.543,151.774,0.870,-1,-1,-1
14,-1,1752.622,110.338,89.438,56.598,0.860,-1,-1,-1
14,-1,1643.891,262.393,64.273,100.794,0.290,-1,-1,-1
15,-1,1453.714,332.605,248.991,171.049,0.993,-1,-1,-1
15,-1,1086.738,100.706,294.317,154.051,0.938,-1,-1,-1
15,-1,1683.085,247.872,127.495,100.578,0.910,-1,-1,-1
15,-1,1752.379,110.349,89.637,56.638,0.861,-1,-1,-1
15,-1,1643.839,262.122,64.462,101.078,0.285,-1,-1,-1
16,-1,1453.425,332.328,249.431,171.417,0.992,-1,-1,-1
16,-1,1072.130,100.024,289.765,153.380,0.966,-1,-1,-1
16,-1,1683.032,247.870,127.941,100.736,0.909,-1,-1,-1
16,-1,1752.292,110.327,89.586,56.666,0.855,-1,-1,-1
16,-1,1643.788,262.072,64.544,101.088,0.284,-1,-1,-1
17,-1,1453.181,332.108,249.530,171.388,0.992,-1,-1,-1
17,-1,1054.601,100.970,290.773,152.177,0.946,-1,-1,-1
17,-1,1683.033,247.755,128.083,101.001,0.905,-1,-1,-1
17,-1,1752.394,110.095,89.443,57.019,0.844,-1,-1,-1
17,-1,1643.708,262.150,64.556,100.893,0.285,-1,-1,-1
18,-1,1452.875,332.051,249.725,171.163,0.991,-1,-1,-1
18,-1,1013.375,103.067,299.742,146.434,0.893,-1,-1,-1
18,-1,1682.977,247.706,128.266,100.958,0.902,-1,-1,-1
18,-1,1752.437,109.839,89.339,57.404,0.835,-1,-1,-1
18,-1,1643.620,262.475,64.542,100.356,0.269,-1,-1,-1
19,-1,1452.714,332.196,249.691,170.550,0.991,-1,-1,-1
19,-1,999.870,102.113,298.564,148.417,0.951,-1,-1,-1
19,-1,1683.027,247.690,128.193,100.917,0.899,-1,-1,-1
19,-1,1752.508,109.700,89.234,57.622,0.832,-1,-1,-1
19,-1,1643.477,262.762,64.604,99.866,0.255,-1,-1,-1
20,-1,1451.523,332.884,251.466,169.321,0.991,-1,-1,-1
20,-1,1683.035,247.825,128.628,101.113,0.901,-1,-1,-1
20,-1,984.089,101.390,297.633,149.515,0.824,-1,-1,-1
20,-1,1753.120,109.756,88.300,57.569,0.833,-1,-1,-1
20,-1,1643.360,263.103,64.400,99.221,0.247,-1,-1,-1
21,-1,1450.344,333.174,253.402,168.890,0.991,-1,-1,-1
21,-1,1682.962,247.804,129.148,101.636,0.903,-1,-1,-1
21,-1,1753.584,109.867,87.792,57.463,0.836,-1,-1,-1
21,-1,915.518,104.100,328.463,142.002,0.670,-1,-1,-1
21,-1,1643.302,263.357,64.217,98.704,0.244,-1,-1,-1
22,-1,1449.598,333.649,254.964,168.109,0.991,-1,-1,-1
22,-1,1683.014,247.899,129.367,101.900,0.910,-1,-1,-1
22,-1,910.433,105.275,319.349,138.615,0.839,-1,-1,-1
22,-1,1754.023,109.865,87.339,57.500,0.834,-1,-1,-1
22,-1,1643.237,263.648,64.114,98.113,0.249,-1,-1,-1
23,-1,1450.073,333.499,254.752,168.530,0.991,-1,-1,-1
23,-1,901.935,105.345,314.687,138.755,0.837,-1,-1,-1
23,-1,1683.112,247.775,129.191,102.141,0.920,-1,-1,-1
23,-1,1753.968,109.861,87.496,57.491,0.840,-1,-1,-1
23,-1,1643.184,263.629,64.302,98.091,0.274,-1,-1,-1
23,-1,1563.649,240.985,102.570,44.302,0.208,-1,-1,-1
24,-1,1450.458,333.399,254.882,168.217,0.991,-1,-1,-1
24,-1,1683.328,247.769,128.837,102.283,0.925,-1,-1,-1
24,-1,1753.898,109.765,87.575,57.670,0.839,-1,-1,-1
24,-1,895.834,106.866,311.574,136.471,0.669,-1,-1,-1
24,-1,1743.873,470.310,171.606,357.174,0.609,-1,-1,-1
24,-1,1642.961,263.744,64.541,97.989,0.296,-1,-1,-1
24,-1,1563.389,240.855,103.516,44.695,0.226,-1,-1,-1
25,-1,1450.755,333.400,255.556,167.003,0.990,-1,-1,-1
25,-1,1683.197,247.672,128.976,102.527,0.932,-1,-1,-1
25,-1,845.885,110.746,325.075,126.881,0.727,-1,-1,-1
25,-1,1753.637,109.718,87.809,57.844,0.846,-1,-1,-1
25,-1,1642.766,263.909,64.652,97.750,0.298,-1,-1,-1
25,-1,1563.154,240.642,104.563,45.316,0.241,-1,-1,-1
26,-1,1450.903,332.655,256.983,166.152,0.989,-1,-1,-1
26,-1,1683.072,247.693,128.898,102.287,0.937,-1,-1,-1
26,-1,837.311,109.315,316.962,118.542,0.669,-1,-1,-1
26,-1,1753.443,109.601,87.826,58.092,0.849,-1,-1,-1
26,-1,1642.583,264.160,64.763,97.451,0.279,-1,-1,-1
26,-1,1563.180,240.666,104.554,45.531,0.250,-1,-1,-1
27,-1,1451.063,333.123,257.202,167.813,0.986,-1,-1,-1
27,-1,1595.269,408.196,321.020,364.372,0.942,-1,-1,-1
27,-1,1683.008,247.737,128.547,101.730,0.946,-1,-1,-1
27,-1,1753.452,109.663,87.600,58.096,0.858,-1,-1,-1
27,-1,826.773,109.477,308.114,116.435,0.369,-1,-1,-1
27,-1,1562.498,240.640,105.717,45.593,0.254,-1,-1,-1
27,-1,1642.539,264.139,64.918,97.423,0.241,-1,-1,-1
28,-1,1451.874,334.122,254.243,168.709,0.980,-1,-1,-1
28,-1,1549.238,423.798,370.098,322.258,0.947,-1,-1,-1
28,-1,1683.080,247.683,128.379,101.390,0.949,-1,-1,-1
28,-1,1753.808,109.653,86.873,58.168,0.862,-1,-1,-1
28,-1,1562.008,240.784,105.969,45.701,0.257,-1,-1,-1
28,-1,1642.529,263.983,65.078,97.382,0.217,-1,-1,-1
29,-1,1523.277,412.287,384.083,328.924,0.940,-1,-1,-1
29,-1,1682.864,247.732,129.617,101.643,0.936,-1,-1,-1
29,-1,1453.963,337.976,251.349,162.255,0.925,-1,-1,-1
29,-1,1753.836,109.541,87.163,58.411,0.853,-1,-1,-1
29,-1,803.542,105.234,270.728,119.800,0.277,-1,-1,-1
29,-1,1562.179,241.097,104.848,45.877,0.242,-1,-1,-1
30,-1,1485.125,396.915,394.618,326.858,0.238,-1,-1,-1
30,-1,1683.320,247.873,128.820,101.887,0.933,-1,-1,-1
30,-1,1754.648,109.128,85.539,58.865,0.837,-1,-1,-1
30,-1,1453.517,342.058,261.613,155.136,0.680,-1,-1,-1
30,-1,795.749,105.275,265.127,118.993,0.302,-1,-1,-1
30,-1,1562.243,241.273,104.027,46.170,0.252,-1,-1,-1
31,-1,1684.168,248.181,127.071,101.830,0.931,-1,-1,-1
31,-1,1454.544,380.897,397.761,320.331,0.735,-1,-1,-1
31,-1,1755.611,108.828,83.301,59.182,0.821,-1,-1,-1
31,-1,789.876,102.857,248.242,123.107,0.420,-1,-1,-1
31,-1,1504.042,339.599,194.008,74.240,0.391,-1,-1,-1
31,-1,1562.063,241.171,104.851,46.242,0.285,-1,-1,-1
31,-1,1642.362,262.682,65.022,97.568,0.211,-1,-1,-1
32,-1,1685.414,248.551,123.825,101.143,0.942,-1,-1,-1
32,-1,1757.003,108.736,79.858,59.167,0.817,-1,-1,-1
32,-1,1405.135,364.916,376.145,298.744,0.751,-1,-1,-1
32,-1,796.465,118.022,218.826,119.322,0.303,-1,-1,-1
32,-1,1561.484,240.972,107.093,45.758,0.322,-1,-1,-1
32,-1,1642.639,261.462,65.625,100.084,0.271,-1,-1,-1
32,-1,1507.523,340.160,189.359,66.211,0.246,-1,-1,-1
33,-1,1372.589,348.848,389.194,321.054,0.871,-1,-1,-1
33,-1,1685.606,248.705,123.358,100.677,0.943,-1,-1,-1
33,-1,1757.525,108.813,78.466,59.033,0.822,-1,-1,-1
33,-1,803.666,116.027,191.044,119.231,0.312,-1,-1,-1
33,-1,1561.356,240.954,108.654,45.777,0.335,-1,-1,-1
33,-1,1643.380,261.015,65.518,101.456,0.303,-1,-1,-1
34,-1,1685.501,248.783,123.401,100.682,0.949,-1,-1,-1
34,-1,1342.741,351.008,371.280,297.945,0.872,-1,-1,-1
34,-1,1757.338,108.850,78.803,58.898,0.838,-1,-1,-1
34,-1,1561.370,240.728,109.105,46.336,0.344,-1,-1,-1
34,-1,1643.133,261.247,66.307,101.308,0.340,-1,-1,-1
35,-1,1327.324,349.954,359.941,286.807,0.937,-1,-1,-1
35,-1,1684.934,248.625,124.502,100.956,0.950,-1,-1,-1
35,-1,1757.029,108.780,79.408,58.993,0.850,-1,-1,-1
35,-1,1642.976,261.683,66.449,100.490,0.379,-1,-1,-1
35,-1,1560.429,240.634,110.518,47.166,0.377,-1,-1,-1
36,-1,1494.559,327.659,218.547,171.385,0.979,-1,-1,-1
36,-1,1284.360,351.092,344.917,267.698,0.901,-1,-1,-1
36,-1,1685.197,248.464,124.267,101.299,0.950,-1,-1,-1
36,-1,1756.538,108.643,80.294,59.282,0.848,-1,-1,-1
36,-1,1642.324,261.530,67.071,100.793,0.429,-1,-1,-1
36,-1,1559.714,240.212,111.820,47.694,0.396,-1,-1,-1
37,-1,1272.781,347.098,330.908,264.731,0.943,-1,-1,-1
37,-1,1491.764,327.235,220.093,175.707,0.978,-1,-1,-1
37,-1,1685.341,248.413,124.323,101.158,0.947,-1,-1,-1
37,-1,1756.386,108.504,80.424,59.668,0.836,-1,-1,-1
37,-1,1642.287,261.071,66.831,101.350,0.429,-1,-1,-1
37,-1,1559.465,239.946,112.473,47.307,0.383,-1,-1,-1
38,-1,1489.124,330.421,222.245,173.919,0.981,-1,-1,-1
38,-1,1685.590,248.394,124.225,101.096,0.947,-1,-1,-1
38,-1,1262.271,353.872,317.915,246.354,0.883,-1,-1,-1
38,-1,1755.894,108.410,81.479,59.912,0.829,-1,-1,-1
38,-1,1642.491,260.657,66.645,101.682,0.421,-1,-1,-1
38,-1,1560.305,239.413,111.285,47.310,0.346,-1,-1,-1
39,-1,1217.022,352.065,329.210,240.219,0.977,-1,-1,-1
39,-1,1485.275,331.610,224.978,171.839,0.987,-1,-1,-1
39,-1,1685.509,248.548,124.438,100.961,0.945,-1,-1,-1
39,-1,1755.809,108.424,81.673,59.969,0.829,-1,-1,-1
39,-1,1642.619,260.566,66.343,101.596,0.386,-1,-1,-1
39,-1,1560.809,239.203,110.306,47.352,0.311,-1,-1,-1
40,-1,1202.757,337.775,307.084,237.675,0.990,-1,-1,-1
40,-1,1476.313,333.324,231.922,166.921,0.992,-1,-1,-1
40,-1,1685.488,248.346,124.579,101.308,0.943,-1,-1,-1
40,-1,1755.904,109.060,82.442,58.776,0.832,-1,-1,-1
40,-1,1642.456,260.523,66.282,102.152,0.397,-1,-1,-1
40,-1,1562.233,239.089,107.260,48.172,0.294,-1,-1,-1
41,-1,1465.941,332.899,240.062,166.240,0.994,-1,-1,-1
41,-1,1685.434,248.231,124.606,101.425,0.941,-1,-1,-1
41,-1,1196.620,338.110,289.235,226.556,0.936,-1,-1,-1
41,-1,1755.950,109.681,83.058,57.669,0.837,-1,-1,-1
41,-1,1642.087,260.204,66.547,103.117,0.399,-1,-1,-1
41,-1,1563.407,238.893,105.004,48.990,0.279,-1,-1,-1
42,-1,1163.889,332.398,287.624,222.140,0.992,-1,-1,-1
42,-1,1456.570,334.284,248.757,163.841,0.994,-1,-1,-1
42,-1,1685.325,248.064,124.818,101.532,0.936,-1,-1,-1
42,-1,1755.867,110.158,84.004,56.748,0.836,-1,-1,-1
42,-1,1641.695,260.192,66.891,103.609,0.395,-1,-1,-1
42,-1,1564.604,238.663,102.825,49.456,0.275,-1,-1,-1
43,-1,1149.162,326.603,281.310,219.272,0.995,-1,-1,-1
43,-1,1453.595,334.238,251.736,163.974,0.993,-1,-1,-1
43,-1,1685.239,248.154,124.957,101.398,0.930,-1,-1,-1
43,-1,1755.446,109.992,84.805,57.068,0.825,-1,-1,-1
43,-1,1641.642,260.324,66.968,103.356,0.379,-1,-1,-1
43,-1,1564.641,238.691,102.823,49.290,0.268,-1,-1,-1
44,-1,1451.140,334.516,255.043,163.623,0.993,-1,-1,-1
44,-1,1135.935,322.514,275.057,215.651,0.993,-1,-1,-1
44,-1,1685.500,248.210,124.520,101.400,0.927,-1,-1,-1
44,-1,1754.938,109.763,85.974,57.472,0.822,-1,-1,-1
44,-1,1641.660,260.752,66.865,102.831,0.388,-1,-1,-1
44,-1,1564.810,238.727,102.582,49.077,0.266,-1,-1,-1
45,-1,1450.532,335.256,256.314,162.768,0.993,-1,-1,-1
45,-1,1104.593,320.911,272.880,202.638,0.992,-1,-1,-1
45,-1,1685.816,248.192,124.006,101.431,0.927,-1,-1,-1
45,-1,1754.668,109.662,86.647,57.647,0.823,-1,-1,-1
45,-1,1641.580,260.816,66.966,102.791,0.403,-1,-1,-1
45,-1,1564.990,238.748,102.154,49.066,0.265,-1,-1,-1
46,-1,1099.037,313.846,257.514,203.156,0.997,-1,-1,-1
46,-1,1451.319,335.721,255.981,162.024,0.992,-1,-1,-1
46,-1,1686.200,248.223,123.445,101.375,0.926,-1,-1,-1
46,-1,1754.578,109.619,86.791,57.707,0.832,-1,-1,-1
46,-1,1641.532,260.716,67.152,103.011,0.409,-1,-1,-1
46,-1,1565.237,238.684,101.708,49.370,0.260,-1,-1,-1
47,-1,1088.158,306.749,245.944,202.925,0.996,-1,-1,-1
47,-1,1452.716,336.097,255.000,161.741,0.990,-1,-1,-1
47,-1,1686.418,248.232,123.136,101.315,0.926,-1,-1,-1
47,-1,1754.875,109.702,85.948,57.538,0.835,-1,-1,-1
47,-1,1641.477,260.478,67.394,103.273,0.408,-1,-1,-1
47,-1,1565.555,238.638,100.993,49.685,0.248,-1,-1,-1
48,-1,1080.589,303.621,235.158,199.845,0.996,-1,-1,-1
48,-1,1453.077,336.595,254.294,160.496,0.990,-1,-1,-1
48,-1,1686.231,248.204,123.441,101.217,0.926,-1,-1,-1
48,-1,1754.641,109.829,86.305,57.286,0.838,-1,-1,-1
48,-1,1641.434,260.588,67.321,103.068,0.391,-1,-1,-1
48,-1,1565.558,238.691,100.800,49.618,0.248,-1,-1,-1
49,-1,1077.753,301.685,222.629,196.571,0.990,-1,-1,-1
49,-1,1452.497,336.875,254.283,160.097,0.990,-1,-1,-1
49,-1,1685.951,248.121,123.815,101.223,0.927,-1,-1,-1
49,-1,1754.606,109.941,86.424,57.030,0.839,-1,-1,-1
49,-1,1641.413,260.788,67.168,102.729,0.384,-1,-1,-1
49,-1,1565.370,238.727,100.958,49.439,0.255,-1,-1,-1
50,-1,1071.867,306.482,209.367,179.770,0.985,-1,-1,-1
50,-1,1451.416,336.332,254.779,161.112,0.989,-1,-1,-1
50,-1,1684.805,248.175,125.600,101.081,0.917,-1,-1,-1
50,-1,1754.726,109.804,86.513,57.179,0.834,-1,-1,-1
50,-1,1641.615,261.309,67.087,101.717,0.338,-1,-1,-1
50,-1,1564.535,238.695,102.790,49.305,0.244,-1,-1,-1
51,-1,1065.729,286.957,208.564,191.809,0.993,-1,-1,-1
51,-1,1449.996,335.250,255.859,163.247,0.988,-1,-1,-1
51,-1,1683.917,248.268,126.978,101.023,0.905,-1,-1,-1
51,-1,1755.091,109.638,85.946,57.409,0.836,-1,-1,-1
51,-1,1559.016,240.422,151.303,116.622,0.345,-1,-1,-1
52,-1,1062.064,283.916,206.757,190.648,0.994,-1,-1,-1
52,-1,1448.480,334.219,257.015,164.232,0.987,-1,-1,-1
52,-1,1682.999,248.412,128.403,100.837,0.894,-1,-1,-1
52,-1,1755.315,109.504,85.612,57.634,0.838,-1,-1,-1
52,-1,1558.202,240.208,152.786,116.911,0.376,-1,-1,-1
53,-1,1059.696,279.640,203.824,189.369,0.993,-1,-1,-1
53,-1,1447.582,334.051,257.491,164.082,0.989,-1,-1,-1
53,-1,1682.925,248.462,128.502,100.768,0.891,-1,-1,-1
53,-1,1755.177,109.598,85.838,57.507,0.842,-1,-1,-1
53,-1,1558.480,240.371,152.555,116.468,0.357,-1,-1,-1
54,-1,1059.977,274.444,197.374,188.176,0.990,-1,-1,-1
54,-1,1447.371,334.297,257.450,163.289,0.989,-1,-1,-1
54,-1,1682.781,248.545,128.660,100.673,0.890,-1,-1,-1
54,-1,1755.058,109.701,86.072,57.339,0.842,-1,-1,-1
54,-1,1558.611,240.565,152.638,116.042,0.341,-1,-1,-1
55,-1,1061.104,269.642,191.927,187.934,0.989,-1,-1,-1
55,-1,1447.322,335.486,257.371,162.274,0.989,-1,-1,-1
55,-1,1682.719,248.665,128.649,100.490,0.888,-1,-1,-1
55,-1,1754.844,109.799,86.494,57.192,0.843,-1,-1,-1
55,-1,1559.166,240.723,152.098,115.802,0.305,-1,-1,-1
56,-1,1446.981,335.934,257.369,161.481,0.989,-1,-1,-1
56,-1,1062.418,265.501,189.788,187.854,0.989,-1,-1,-1
56,-1,1682.634,248.712,128.757,100.396,0.887,-1,-1,-1
56,-1,1754.744,109.843,86.820,57.134,0.844,-1,-1,-1
56,-1,1559.276,240.824,152.064,115.873,0.307,-1,-1,-1
57,-1,1446.687,336.137,257.217,160.736,0.990,-1,-1,-1
57,-1,1065.009,263.075,191.117,185.082,0.992,-1,-1,-1
57,-1,1682.570,248.785,129.020,100.270,0.886,-1,-1,-1
57,-1,1754.591,109.811,87.229,57.267,0.847,-1,-1,-1
57,-1,1559.312,241.014,152.277,115.533,0.293,-1,-1,-1
58,-1,1070.551,260.718,191.304,178.940,0.992,-1,-1,-1
58,-1,1446.570,335.562,257.047,160.899,0.991,-1,-1,-1
58,-1,1682.582,248.722,129.213,100.470,0.889,-1,-1,-1
58,-1,1754.674,109.812,87.218,57.320,0.851,-1,-1,-1
58,-1,1559.137,240.977,152.435,115.712,0.299,-1,-1,-1
59,-1,1074.846,265.769,193.380,159.099,0.986,-1,-1,-1
59,-1,1446.762,335.511,256.935,160.447,0.991,-1,-1,-1
59,-1,1682.617,248.678,129.362,100.623,0.893,-1,-1,-1
59,-1,1754.638,109.740,87.367,57.523,0.855,-1,-1,-1
59,-1,1558.962,240.875,152.599,116.041,0.301,-1,-1,-1
60,-1,1447.071,335.913,257.090,159.851,0.992,-1,-1,-1
60,-1,1084.654,263.108,183.571,157.214,0.971,-1,-1,-1
60,-1,1682.434,248.647,130.010,100.794,0.894,-1,-1,-1
60,-1,1754.574,109.636,87.423,57.678,0.856,-1,-1,-1
60,-1,1559.248,240.901,151.789,116.386,0.309,-1,-1,-1
61,-1,1095.815,254.816,191.255,160.337,0.986,-1,-1,-1
61,-1,1447.296,336.450,257.582,159.026,0.994,-1,-1,-1
61,-1,1682.497,248.619,130.300,100.994,0.897,-1,-1,-1
61,-1,1754.236,109.459,87.987,57.974,0.857,-1,-1,-1
61,-1,1559.365,240.603,151.238,116.938,0.334,-1,-1,-1
62,-1,1108.516,255.278,181.105,153.967,0.987,-1,-1,-1
62,-1,1447.409,336.831,257.858,158.889,0.994,-1,-1,-1
62,-1,1682.530,248.555,130.308,101.264,0.901,-1,-1,-1
62,-1,1754.070,109.436,88.192,58.027,0.858,-1,-1,-1
62,-1,1559.541,240.438,150.558,117.023,0.347,-1,-1,-1
63,-1,1448.167,336.646,257.114,159.585,0.995,-1,-1,-1
63,-1,1122.971,257.561,169.053,143.800,0.977,-1,-1,-1
63,-1,1682.811,248.362,129.395,101.595,0.909,-1,-1,-1
63,-1,1754.066,109.459,88.227,58.048,0.862,-1,-1,-1
63,-1,1559.484,240.181,150.257,117.283,0.374,-1,-1,-1
64,-1,1138.713,247.689,186.310,153.632,0.973,-1,-1,-1
64,-1,1449.015,336.348,255.752,160.087,0.995,-1,-1,-1
64,-1,1682.933,248.148,128.559,101.875,0.918,-1,-1,-1
64,-1,1754.052,109.509,88.175,58.010,0.866,-1,-1,-1
64,-1,1559.507,240.290,150.183,117.307,0.398,-1,-1,-1
65,-1,1148.821,249.938,184.494,145.325,0.989,-1,-1,-1
65,-1,1449.898,336.138,254.703,160.253,0.995,-1,-1,-1
65,-1,1683.144,247.924,127.947,102.142,0.926,-1,-1,-1
65,-1,1754.040,109.429,88.112,58.077,0.865,-1,-1,-1
65,-1,1559.509,240.461,150.180,117.353,0.423,-1,-1,-1
66,-1,1449.946,336.358,254.446,159.653,0.995,-1,-1,-1
66,-1,1683.361,247.712,127.423,102.376,0.933,-1,-1,-1
66,-1,1163.308,247.638,200.899,147.140,0.920,-1,-1,-1
66,-1,1754.151,109.339,87.830,58.186,0.861,-1,-1,-1
66,-1,1559.304,240.443,150.672,117.647,0.442,-1,-1,-1
67,-1,1449.224,336.554,255.111,159.474,0.995,-1,-1,-1
67,-1,1180.290,243.347,189.429,138.986,0.991,-1,-1,-1
67,-1,1683.433,247.585,127.206,102.508,0.936,-1,-1,-1
67,-1,1754.348,109.269,87.497,58.236,0.856,-1,-1,-1
67,-1,1559.195,240.529,150.903,117.492,0.459,-1,-1,-1
68,-1,1448.197,336.514,256.141,159.236,0.995,-1,-1,-1
68,-1,1683.245,247.602,127.567,102.466,0.936,-1,-1,-1
68,-1,1754.451,109.223,87.352,58.327,0.852,-1,-1,-1
68,-1,1197.659,244.176,171.533,132.579,0.842,-1,-1,-1
68,-1,1558.906,240.657,151.520,117.157,0.487,-1,-1,-1
69,-1,1218.895,240.611,186.417,137.244,0.989,-1,-1,-1
69,-1,1447.430,336.146,257.360,159.652,0.996,-1,-1,-1
69,-1,1682.990,247.706,128.195,102.328,0.936,-1,-1,-1
69,-1,1754.274,109.271,87.833,58.257,0.849,-1,-1,-1
69,-1,1559.106,241.084,151.589,116.260,0.479,-1,-1,-1
70,-1,1447.707,335.383,257.935,160.719,0.994,-1,-1,-1
70,-1,1683.568,247.297,127.794,102.813,0.939,-1,-1,-1
70,-1,1236.084,243.478,170.880,128.496,0.875,-1,-1,-1
70,-1,1754.423,109.609,87.140,57.574,0.845,-1,-1,-1
70,-1,1558.683,240.925,152.050,116.488,0.488,-1,-1,-1
71,-1,1253.050,237.726,190.065,134.645,0.983,-1,-1,-1
71,-1,1448.330,334.449,257.752,162.075,0.994,-1,-1,-1
71,-1,1684.282,246.760,126.896,103.427,0.946,-1,-1,-1
71,-1,1754.579,109.935,86.397,56.905,0.847,-1,-1,-1
71,-1,1558.934,240.414,151.712,117.624,0.488,-1,-1,-1
72,-1,1448.585,333.947,257.543,162.977,0.992,-1,-1,-1
72,-1,1684.961,246.169,126.185,104.087,0.952,-1,-1,-1
72,-1,1271.135,240.407,172.709,127.421,0.930,-1,-1,-1
72,-1,1754.792,110.124,85.445,56.426,0.846,-1,-1,-1
72,-1,1558.601,239.666,151.825,118.823,0.507,-1,-1,-1
73,-1,1295.204,233.932,173.935,129.870,0.958,-1,-1,-1
73,-1,1448.926,333.548,257.241,163.612,0.990,-1,-1,-1
73,-1,1684.711,246.092,126.722,104.133,0.953,-1,-1,-1
73,-1,1754.679,110.178,85.452,56.344,0.848,-1,-1,-1
73,-1,1545.514,240.667,141.476,106.190,0.486,-1,-1,-1
74,-1,1448.687,333.745,257.097,163.253,0.988,-1,-1,-1
74,-1,1684.558,245.974,127.078,104.297,0.955,-1,-1,-1
74,-1,1310.907,234.508,162.964,126.639,0.913,-1,-1,-1
74,-1,1754.520,110.228,85.520,56.294,0.851,-1,-1,-1
74,-1,1544.211,240.271,142.143,106.111,0.507,-1,-1,-1
75,-1,1448.183,333.087,257.731,163.738,0.982,-1,-1,-1
75,-1,1328.001,233.081,176.539,126.600,0.927,-1,-1,-1
75,-1,1684.739,245.916,126.891,104.485,0.954,-1,-1,-1
75,-1,1754.456,110.387,85.398,56.044,0.857,-1,-1,-1
75,-1,1539.661,239.902,147.303,107.869,0.561,-1,-1,-1
76,-1,1447.473,332.933,258.176,163.201,0.978,-1,-1,-1
76,-1,1343.958,235.442,162.157,121.781,0.948,-1,-1,-1
76,-1,1685.045,245.896,126.486,104.520,0.952,-1,-1,-1
76,-1,1754.331,110.397,85.583,56.042,0.859,-1,-1,-1
76,-1,1532.776,239.289,155.381,109.959,0.574,-1,-1,-1
77,-1,1447.622,332.558,257.863,163.343,0.976,-1,-1,-1
77,-1,1685.372,245.907,126.201,104.415,0.949,-1,-1,-1
77,-1,1754.253,110.519,85.714,55.883,0.865,-1,-1,-1
77,-1,1357.602,237.023,148.427,116.277,0.841,-1,-1,-1
77,-1,1521.138,239.673,170.656,111.879,0.589,-1,-1,-1
78,-1,1447.263,334.582,258.228,160.197,0.980,-1,-1,-1
78,-1,1685.394,246.010,126.147,104.083,0.946,-1,-1,-1
78,-1,1373.183,234.891,157.046,117.477,0.905,-1,-1,-1
78,-1,1754.252,110.573,85.817,55.858,0.858,-1,-1,-1
78,-1,1514.646,239.811,179.560,111.972,0.550,-1,-1,-1
79,-1,1447.077,337.938,258.563,156.002,0.981,-1,-1,-1
79,-1,1685.252,246.091,126.254,103.770,0.946,-1,-1,-1
79,-1,1389.083,236.351,142.196,112.771,0.872,-1,-1,-1
79,-1,1754.419,110.589,85.542,55.841,0.853,-1,-1,-1
79,-1,1512.050,240.572,185.951,110.049,0.414,-1,-1,-1
80,-1,1447.256,340.123,258.137,153.376,0.983,-1,-1,-1
80,-1,1685.041,246.172,126.525,103.461,0.945,-1,-1,-1
80,-1,1754.596,110.495,85.327,55.922,0.843,-1,-1,-1
80,-1,1404.128,239.929,127.411,105.821,0.589,-1,-1,-1
80,-1,1510.282,241.893,191.715,107.259,0.274,-1,-1,-1
81,-1,1449.801,340.058,253.283,152.662,0.985,-1,-1,-1
81,-1,1685.246,246.049,126.198,103.508,0.945,-1,-1,-1
81,-1,1754.799,110.592,84.764,55.665,0.855,-1,-1,-1
81,-1,1406.527,239.417,262.325,104.052,0.567,-1,-1,-1
81,-1,802.506,173.620,52.816,46.953,0.216,-1,-1,-1
81,-1,1641.646,262.353,66.806,100.211,0.222,-1,-1,-1
82,-1,1450.691,339.434,251.532,153.755,0.984,-1,-1,-1
82,-1,1685.167,246.054,126.512,103.319,0.942,-1,-1,-1
82,-1,1754.646,110.669,85.145,55.490,0.856,-1,-1,-1
82,-1,1429.434,241.454,269.661,99.024,0.816,-1,-1,-1
82,-1,794.541,174.949,74.314,51.014,0.275,-1,-1,-1
83,-1,1450.467,339.131,252.428,154.812,0.980,-1,-1,-1
83,-1,1684.983,246.071,126.696,103.118,0.942,-1,-1,-1
83,-1,1444.229,240.101,250.223,99.414,0.873,-1,-1,-1
83,-1,1754.548,110.769,85.316,55.278,0.862,-1,-1,-1
83,-1,802.153,171.584,71.963,49.964,0.222,-1,-1,-1
84,-1,1449.289,338.914,255.650,156.813,0.977,-1,-1,-1
84,-1,1684.401,246.139,127.885,102.811,0.937,-1,-1,-1
84,-1,1459.808,240.101,231.024,99.138,0.850,-1,-1,-1
84,-1,1754.045,110.635,86.706,55.491,0.854,-1,-1,-1
84,-1,802.312,169.621,130.003,68.932,0.349,-1,-1,-1
85,-1,1449.102,337.130,256.469,159.475,0.978,-1,-1,-1
85,-1,1684.255,245.986,128.369,102.959,0.932,-1,-1,-1
85,-1,1485.212,241.927,225.457,106.111,0.844,-1,-1,-1
85,-1,1753.722,110.465,87.528,55.754,0.855,-1,-1,-1
85,-1,818.610,177.714,168.583,70.180,0.449,-1,-1,-1
86,-1,1449.830,334.929,255.161,162.357,0.983,-1,-1,-1
86,-1,1684.208,245.905,128.708,103.143,0.928,-1,-1,-1
86,-1,1753.478,110.314,88.230,56.003,0.852,-1,-1,-1
86,-1,1496.925,240.773,207.334,109.939,0.837,-1,-1,-1
86,-1,817.701,177.328,183.019,69.702,0.453,-1,-1,-1
87,-1,1449.653,333.233,255.109,164.790,0.984,-1,-1,-1
87,-1,1684.211,245.924,128.551,103.148,0.930,-1,-1,-1
87,-1,1753.557,110.421,88.014,55.783,0.859,-1,-1,-1
87,-1,1510.289,239.696,188.712,112.781,0.757,-1,-1,-1
87,-1,831.460,176.737,221.332,69.270,0.590,-1,-1,-1
88,-1,1449.590,331.847,254.923,166.907,0.985,-1,-1,-1
88,-1,1684.109,246.092,128.470,102.981,0.933,-1,-1,-1
88,-1,1753.816,110.561,87.355,55.461,0.862,-1,-1,-1
88,-1,1526.647,241.414,165.098,109.899,0.592,-1,-1,-1
88,-1,823.678,180.219,246.444,66.116,0.428,-1,-1,-1
88,-1,1569.646,214.502,67.725,36.528,0.224,-1,-1,-1
89,-1,1449.226,331.762,255.398,167.237,0.986,-1,-1,-1
89,-1,1684.358,246.162,127.906,102.860,0.936,-1,-1,-1
89,-1,1754.104,110.818,86.460,54.936,0.871,-1,-1,-1
89,-1,958.572,173.852,176.969,59.980,0.568,-1,-1,-1
89,-1,1537.100,240.708,151.374,110.583,0.521,-1,-1,-1
89,-1,1571.018,213.803,68.648,37.197,0.255,-1,-1,-1
90,-1,1449.297,331.945,255.630,167.365,0.988,-1,-1,-1
90,-1,1683.870,246.542,128.250,102.390,0.935,-1,-1,-1
90,-1,1755.158,110.907,84.262,54.752,0.869,-1,-1,-1
90,-1,955.367,175.348,200.232,59.559,0.566,-1,-1,-1
90,-1,1554.411,238.479,157.886,122.831,0.540,-1,-1,-1
90,-1,1569.581,213.723,74.399,37.449,0.326,-1,-1,-1
91,-1,1449.371,332.095,255.557,167.803,0.990,-1,-1,-1
91,-1,1683.912,246.838,128.081,102.203,0.933,-1,-1,-1
91,-1,1756.153,111.046,82.318,54.562,0.864,-1,-1,-1
91,-1,1027.257,172.122,191.990,63.004,0.566,-1,-1,-1
91,-1,1555.021,236.808,157.072,125.929,0.543,-1,-1,-1
91,-1,1567.512,212.089,80.332,38.939,0.347,-1,-1,-1
92,-1,1449.365,332.674,255.298,167.739,0.991,-1,-1,-1
92,-1,1683.819,247.207,128.162,102.027,0.929,-1,-1,-1
92,-1,1756.727,111.019,81.307,54.746,0.853,-1,-1,-1
92,-1,1063.269,174.155,196.241,59.783,0.573,-1,-1,-1
92,-1,1556.434,237.739,155.958,124.213,0.489,-1,-1,-1
92,-1,1567.490,211.133,81.359,39.974,0.431,-1,-1,-1
93,-1,1449.588,332.926,254.840,168.001,0.992,-1,-1,-1
93,-1,1684.617,247.326,127.271,102.090,0.927,-1,-1,-1
93,-1,1756.623,110.976,81.565,54.942,0.846,-1,-1,-1
93,-1,1055.872,173.429,224.266,61.248,0.565,-1,-1,-1
93,-1,1566.954,209.879,85.628,41.163,0.517,-1,-1,-1
93,-1,1557.342,239.090,155.185,122.343,0.503,-1,-1,-1
94,-1,1449.751,333.550,254.643,167.236,0.992,-1,-1,-1
94,-1,1685.490,247.326,126.325,102.047,0.925,-1,-1,-1
94,-1,1756.436,111.035,81.832,54.951,0.846,-1,-1,-1
94,-1,1099.822,173.012,209.525,60.308,0.558,-1,-1,-1
94,-1,1557.401,238.073,155.836,123.145,0.567,-1,-1,-1
94,-1,1566.073,209.411,89.258,41.294,0.561,-1,-1,-1
95,-1,1449.974,334.168,255.054,166.604,0.991,-1,-1,-1
95,-1,1685.796,247.261,126.281,102.088,0.916,-1,-1,-1
95,-1,1756.463,111.107,81.748,54.849,0.844,-1,-1,-1
95,-1,1557.652,237.213,156.199,123.915,0.599,-1,-1,-1
95,-1,1566.216,209.064,93.570,41.397,0.578,-1,-1,-1
95,-1,1132.080,173.478,225.849,57.753,0.553,-1,-1,-1
96,-1,1449.949,334.888,255.579,165.353,0.991,-1,-1,-1
96,-1,1685.772,247.183,126.231,102.258,0.912,-1,-1,-1
96,-1,1756.398,111.206,81.718,54.722,0.846,-1,-1,-1
96,-1,1236.555,173.954,217.848,58.280,0.586,-1,-1,-1
96,-1,1558.617,235.880,156.202,124.934,0.558,-1,-1,-1
96,-1,1567.004,208.508,91.949,41.950,0.524,-1,-1,-1
97,-1,1450.265,335.988,255.601,163.742,0.991,-1,-1,-1
97,-1,1685.026,247.354,126.670,101.972,0.916,-1,-1,-1
97,-1,1756.465,111.193,81.569,54.701,0.848,-1,-1,-1
97,-1,1282.224,172.015,199.762,61.541,0.579,-1,-1,-1
97,-1,1567.823,208.403,89.877,41.878,0.521,-1,-1,-1
97,-1,1559.130,236.185,156.411,123.614,0.463,-1,-1,-1
98,-1,1450.163,336.431,255.786,162.485,0.991,-1,-1,-1
98,-1,1684.101,247.534,127.429,101.468,0.914,-1,-1,-1
98,-1,1756.427,110.967,81.756,55.021,0.849,-1,-1,-1
98,-1,1289.931,172.384,198.096,60.426,0.594,-1,-1,-1
98,-1,1568.658,207.525,84.102,41.914,0.458,-1,-1,-1
98,-1,1559.137,236.726,156.589,122.270,0.342,-1,-1,-1
99,-1,1450.187,337.197,255.303,161.113,0.992,-1,-1,-1
99,-1,1683.448,247.665,127.949,101.000,0.916,-1,-1,-1
99,-1,1756.684,110.730,81.519,55.270,0.853,-1,-1,-1
99,-1,1372.661,169.329,168.184,61.415,0.245,-1,-1,-1
99,-1,1566.362,207.379,85.689,41.748,0.525,-1,-1,-1
99,-1,1556.456,227.599,116.561,74.602,0.252,-1,-1,-1
100,-1,1450.202,337.530,255.102,160.152,0.992,-1,-1,-1
100,-1,1682.892,247.940,128.523,100.576,0.909,-1,-1,-1
100,-1,1756.650,110.416,81.893,55.626,0.852,-1,-1,-1
100,-1,1385.960,167.045,152.046,66.396,0.208,-1,-1,-1
100,-1,1565.209,206.551,84.906,41.358,0.565,-1,-1,-1
100,-1,1554.638,229.161,117.289,73.739,0.252,-1,-1,-1
101,-1,1450.504,338.174,255.411,159.222,0.992,-1,-1,-1
101,-1,1683.520,248.139,127.787,100.304,0.906,-1,-1,-1
101,-1,1756.411,110.636,82.921,55.181,0.846,-1,-1,-1
101,-1,1563.965,206.182,86.279,40.974,0.579,-1,-1,-1
101,-1,1423.469,159.923,144.842,75.410,0.256,-1,-1,-1
101,-1,1545.382,239.612,137.927,109.048,0.295,-1,-1,-1
101,-1,1576.662,165.978,52.241,40.079,0.236,-1,-1,-1
102,-1,1450.515,337.518,256.293,160.080,0.992,-1,-1,-1
102,-1,1683.701,248.047,128.398,100.828,0.892,-1,-1,-1
102,-1,1756.432,111.042,83.555,54.041,0.821,-1,-1,-1
102,-1,1563.377,206.291,80.929,40.565,0.530,-1,-1,-1
102,-1,1543.660,240.077,137.502,107.030,0.449,-1,-1,-1
102,-1,1575.275,168.356,58.366,38.060,0.270,-1,-1,-1
103,-1,1449.820,337.622,257.826,159.702,0.991,-1,-1,-1
103,-1,1684.281,248.349,129.305,100.805,0.875,-1,-1,-1
103,-1,1755.969,111.334,84.867,53.992,0.800,-1,-1,-1
103,-1,1541.325,239.387,140.045,108.251,0.525,-1,-1,-1
103,-1,1562.403,207.131,78.204,39.949,0.467,-1,-1,-1
103,-1,1630.796,166.384,166.143,67.309,0.214,-1,-1,-1
104,-1,1449.271,337.155,257.084,159.696,0.991,-1,-1,-1
104,-1,1683.781,249.160,130.060,100.292,0.882,-1,-1,-1
104,-1,1756.367,111.840,84.770,53.912,0.782,-1,-1,-1
104,-1,1541.448,241.669,139.442,103.650,0.478,-1,-1,-1
104,-1,1563.036,208.312,70.760,40.861,0.497,-1,-1,-1
104,-1,1638.834,170.569,156.971,63.980,0.434,-1,-1,-1
105,-1,1449.441,337.071,255.593,159.420,0.992,-1,-1,-1
105,-1,1682.757,249.006,130.994,100.665,0.899,-1,-1,-1
105,-1,1755.864,112.708,85.721,52.494,0.706,-1,-1,-1
105,-1,1538.231,241.960,144.505,104.070,0.459,-1,-1,-1
105,-1,1668.560,171.222,168.479,63.911,0.468,-1,-1,-1
105,-1,1564.291,207.378,64.026,42.368,0.428,-1,-1,-1
106,-1,1450.267,336.246,253.864,160.349,0.992,-1,-1,-1
106,-1,1681.602,248.192,132.095,101.344,0.926,-1,-1,-1
106,-1,1755.753,113.369,83.710,51.154,0.630,-1,-1,-1
106,-1,1713.514,165.709,154.805,70.308,0.435,-1,-1,-1
106,-1,1535.864,243.402,148.302,100.847,0.447,-1,-1,-1
106,-1,1568.664,206.249,51.189,43.155,0.306,-1,-1,-1
107,-1,1450.810,335.517,253.339,161.297,0.991,-1,-1,-1
107,-1,1681.783,247.381,131.940,102.126,0.929,-1,-1,-1
107,-1,1754.483,112.058,83.501,52.614,0.646,-1,-1,-1
107,-1,1721.161,163.932,149.046,69.198,0.427,-1,-1,-1
107,-1,1529.383,243.882,157.608,100.318,0.482,-1,-1,-1
107,-1,791.256,177.285,70.853,45.077,0.236,-1,-1,-1
108,-1,1450.469,335.314,253.201,161.566,0.990,-1,-1,-1
108,-1,1682.819,247.521,130.058,101.818,0.929,-1,-1,-1
108,-1,1753.509,110.199,85.144,56.245,0.748,-1,-1,-1
108,-1,1527.064,244.992,161.312,98.910,0.483,-1,-1,-1
108,-1,1460.481,189.298,74.576,89.903,0.228,-1,-1,-1
108,-1,1757.617,154.766,131.525,83.775,0.256,-1,-1,-1
108,-1,792.195,173.487,81.688,52.176,0.241,-1,-1,-1
109,-1,1450.255,334.839,252.853,162.357,0.990,-1,-1,-1
109,-1,1683.265,248.122,128.673,101.188,0.926,-1,-1,-1
109,-1,1753.367,108.922,87.150,58.394,0.850,-1,-1,-1
109,-1,1451.340,191.310,82.616,85.649,0.394,-1,-1,-1
109,-1,1528.927,245.925,159.326,97.465,0.439,-1,-1,-1
109,-1,801.252,180.025,123.305,68.117,0.382,-1,-1,-1
110,-1,1449.957,334.957,253.083,162.287,0.989,-1,-1,-1
110,-1,1682.641,248.345,129.577,100.786,0.930,-1,-1,-1
110,-1,1753.712,109.162,88.058,58.082,0.854,-1,-1,-1
110,-1,1431.101,189.308,121.318,85.071,0.482,-1,-1,-1
110,-1,805.096,177.805,128.782,69.873,0.487,-1,-1,-1
110,-1,1531.102,246.362,157.051,96.681,0.429,-1,-1,-1
111,-1,1450.217,334.693,253.199,162.405,0.989,-1,-1,-1
111,-1,1682.259,248.830,130.643,99.892,0.934,-1,-1,-1
111,-1,1754.231,109.449,86.716,57.661,0.844,-1,-1,-1
111,-1,827.873,187.094,147.654,66.817,0.525,-1,-1,-1
111,-1,1410.232,188.094,117.599,82.663,0.467,-1,-1,-1
111,-1,1534.420,246.879,153.332,94.522,0.370,-1,-1,-1
112,-1,1450.154,334.553,253.339,162.672,0.990,-1,-1,-1
112,-1,1682.271,248.776,130.643,99.951,0.937,-1,-1,-1
112,-1,1754.256,109.547,86.774,57.573,0.845,-1,-1,-1
112,-1,1394.184,188.042,131.716,81.891,0.726,-1,-1,-1
112,-1,825.957,183.524,165.916,70.637,0.597,-1,-1,-1
112,-1,1533.565,246.156,154.357,95.900,0.411,-1,-1,-1
112,-1,1643.348,261.223,66.288,100.485,0.204,-1,-1,-1
113,-1,1450.276,333.922,253.068,163.668,0.990,-1,-1,-1
113,-1,1682.460,248.648,130.132,100.213,0.942,-1,-1,-1
113,-1,1383.974,189.356,134.819,81.850,0.837,-1,-1,-1
113,-1,1754.469,109.691,86.254,57.378,0.848,-1,-1,-1
113,-1,863.229,187.183,151.280,72.098,0.742,-1,-1,-1
113,-1,1538.402,245.258,148.643,97.512,0.419,-1,-1,-1
113,-1,1643.447,260.684,66.546,101.402,0.242,-1,-1,-1
114,-1,1450.385,333.725,252.881,164.411,0.992,-1,-1,-1
114,-1,1682.276,248.482,130.477,100.436,0.939,-1,-1,-1
114,-1,1358.394,186.039,134.999,81.213,0.848,-1,-1,-1
114,-1,856.114,182.307,178.051,76.476,0.791,-1,-1,-1
114,-1,1754.389,109.559,86.162,57.643,0.839,-1,-1,-1
114,-1,1541.479,244.247,145.571,99.733,0.386,-1,-1,-1
115,-1,1450.436,333.818,252.441,164.525,0.992,-1,-1,-1
115,-1,1681.936,248.376,131.301,100.542,0.928,-1,-1,-1
115,-1,1754.047,109.424,86.708,57.872,0.833,-1,-1,-1
115,-1,889.299,184.485,170.958,80.578,0.658,-1,-1,-1
115,-1,1344.971,184.697,142.611,81.224,0.634,-1,-1,-1
115,-1,1559.803,240.928,150.669,115.319,0.278,-1,-1,-1
116,-1,1450.542,334.099,251.867,164.454,0.992,-1,-1,-1
116,-1,1681.684,248.307,132.036,100.592,0.917,-1,-1,-1
116,-1,1317.830,181.797,136.685,81.622,0.848,-1,-1,-1
116,-1,1753.814,109.451,87.175,57.883,0.827,-1,-1,-1
116,-1,941.517,189.802,141.004,81.344,0.692,-1,-1,-1
116,-1,1560.460,241.254,150.476,115.095,0.260,-1,-1,-1
117,-1,1450.313,333.915,251.950,165.053,0.992,-1,-1,-1
117,-1,1681.474,248.277,132.538,100.628,0.909,-1,-1,-1
117,-1,940.385,186.434,157.865,84.613,0.257,-1,-1,-1
117,-1,1753.633,109.604,87.692,57.713,0.827,-1,-1,-1
117,-1,1283.254,181.225,145.284,81.465,0.630,-1,-1,-1
117,-1,1560.897,241.484,150.148,114.994,0.263,-1,-1,-1
118,-1,1450.417,333.578,251.884,165.588,0.992,-1,-1,-1
118,-1,971.734,188.225,154.975,88.695,0.868,-1,-1,-1
118,-1,1276.334,180.101,139.148,81.969,0.890,-1,-1,-1
118,-1,1681.608,248.295,132.367,100.686,0.907,-1,-1,-1
118,-1,1753.555,109.725,87.942,57.679,0.822,-1,-1,-1
118,-1,1560.774,241.391,149.893,115.387,0.300,-1,-1,-1
119,-1,1450.477,333.299,252.185,165.890,0.992,-1,-1,-1
119,-1,971.637,184.476,171.321,92.491,0.262,-1,-1,-1
119,-1,1681.756,248.252,132.015,100.840,0.908,-1,-1,-1
119,-1,1753.402,109.764,88.256,57.746,0.825,-1,-1,-1
119,-1,1246.869,181.294,137.517,78.761,0.705,-1,-1,-1
119,-1,1560.354,241.410,149.951,115.675,0.341,-1,-1,-1
120,-1,1450.727,333.484,251.619,165.365,0.993,-1,-1,-1
120,-1,1006.275,184.809,161.580,93.465,0.258,-1,-1,-1
120,-1,1682.038,248.458,131.398,100.526,0.910,-1,-1,-1
120,-1,1753.219,109.792,88.621,57.778,0.823,-1,-1,-1
120,-1,1237.236,178.266,136.240,79.425,0.631,-1,-1,-1
120,-1,1560.060,242.082,150.308,114.924,0.353,-1,-1,-1
121,-1,1450.672,333.692,251.365,164.852,0.993,-1,-1,-1
121,-1,1008.833,184.131,172.370,95.724,0.419,-1,-1,-1
121,-1,1682.256,248.620,130.840,100.254,0.912,-1,-1,-1
121,-1,1201.175,176.488,142.569,82.266,0.843,-1,-1,-1
121,-1,1753.323,109.691,88.184,57.959,0.823,-1,-1,-1
121,-1,1560.210,242.668,150.257,114.570,0.352,-1,-1,-1
122,-1,1450.593,334.043,251.107,164.423,0.993,-1,-1,-1
122,-1,1042.624,183.574,158.844,93.306,0.344,-1,-1,-1
122,-1,1682.547,248.820,130.306,99.898,0.913,-1,-1,-1
122,-1,1753.387,109.537,87.974,58.205,0.816,-1,-1,-1
122,-1,1177.307,174.218,134.422,81.290,0.568,-1,-1,-1
122,-1,1560.439,243.156,149.993,114.035,0.335,-1,-1,-1
123,-1,1450.261,334.037,251.705,164.469,0.993,-1,-1,-1
123,-1,1682.792,248.778,129.848,100.000,0.914,-1,-1,-1
123,-1,1753.433,109.566,87.812,58.184,0.829,-1,-1,-1
123,-1,1051.372,181.948,160.622,96.976,0.297,-1,-1,-1
123,-1,1175.896,173.029,120.056,83.224,0.529,-1,-1,-1
123,-1,1560.570,242.784,149.541,114.565,0.334,-1,-1,-1
124,-1,1449.859,333.913,252.407,164.828,0.992,-1,-1,-1
124,-1,1078.788,179.580,166.436,103.997,0.449,-1,-1,-1
124,-1,1682.942,248.817,129.531,99.989,0.916,-1,-1,-1
124,-1,1753.351,109.712,88.041,57.982,0.843,-1,-1,-1
124,-1,1560.472,242.344,149.460,115.049,0.333,-1,-1,-1
125,-1,1449.445,333.875,252.960,164.988,0.992,-1,-1,-1
125,-1,1075.916,175.942,184.885,107.686,0.507,-1,-1,-1
125,-1,1682.837,248.894,129.596,99.889,0.918,-1,-1,-1
125,-1,1753.276,109.805,88.375,57.827,0.854,-1,-1,-1
125,-1,1560.382,242.107,149.680,115.312,0.321,-1,-1,-1
126,-1,1449.238,334.149,253.071,164.576,0.993,-1,-1,-1
126,-1,1112.912,180.641,164.700,104.809,0.279,-1,-1,-1
126,-1,1682.923,248.867,129.136,99.896,0.922,-1,-1,-1
126,-1,1753.664,109.772,87.792,57.810,0.848,-1,-1,-1
126,-1,1560.242,242.229,149.904,115.153,0.311,-1,-1,-1
126,-1,1021.691,165.949,150.772,68.708,0.247,-1,-1,-1
127,-1,1449.066,334.193,253.273,164.520,0.993,-1,-1,-1
127,-1,1121.538,184.718,164.809,99.696,0.866,-1,-1,-1
127,-1,1682.833,248.664,129.029,100.122,0.917,-1,-1,-1
127,-1,1753.021,109.357,86.329,58.341,0.818,-1,-1,-1
127,-1,1030.749,166.958,124.326,72.027,0.545,-1,-1,-1
127,-1,1560.127,242.650,150.252,114.628,0.307,-1,-1,-1
128,-1,1449.082,334.230,253.246,164.498,0.993,-1,-1,-1
128,-1,1152.025,186.193,147.291,101.502,0.890,-1,-1,-1
128,-1,1682.693,248.788,128.817,99.961,0.926,-1,-1,-1
128,-1,1020.003,166.689,128.036,73.704,0.717,-1,-1,-1
128,-1,1755.120,110.709,78.725,56.843,0.657,-1,-1,-1
128,-1,1560.027,242.820,150.120,114.571,0.332,-1,-1,-1
128,-1,1805.059,159.170,54.256,48.313,0.209,-1,-1,-1
129,-1,1449.476,334.273,253.042,164.883,0.993,-1,-1,-1
129,-1,1154.004,185.450,155.275,103.701,0.923,-1,-1,-1
129,-1,1682.224,248.396,129.959,100.529,0.936,-1,-1,-1
129,-1,987.312,167.674,136.640,72.776,0.708,-1,-1,-1
129,-1,1751.132,114.756,82.280,52.226,0.450,-1,-1,-1
129,-1,1761.355,139.411,125.052,82.267,0.310,-1,-1,-1
129,-1,1560.318,242.532,149.532,114.751,0.333,-1,-1,-1
130,-1,1449.822,334.631,252.721,164.749,0.993,-1,-1,-1
130,-1,1161.493,185.781,157.842,104.584,0.943,-1,-1,-1
130,-1,1682.049,248.365,130.364,100.459,0.946,-1,-1,-1
130,-1,976.262,167.553,139.810,68.351,0.559,-1,-1,-1
130,-1,1727.235,135.780,139.295,84.366,0.345,-1,-1,-1
130,-1,1560.634,242.267,149.782,115.166,0.312,-1,-1,-1
131,-1,1450.656,335.097,251.862,164.425,0.993,-1,-1,-1
131,-1,1170.000,186.709,154.301,105.686,0.918,-1,-1,-1
131,-1,1682.492,248.703,129.493,100.003,0.935,-1,-1,-1
131,-1,1707.837,131.296,164.177,89.453,0.595,-1,-1,-1
131,-1,949.754,166.110,125.544,72.649,0.773,-1,-1,-1
131,-1,1641.804,261.909,67.888,100.559,0.228,-1,-1,-1
132,-1,1451.417,335.262,250.685,164.178,0.994,-1,-1,-1
132,-1,1186.134,185.508,151.301,108.091,0.861,-1,-1,-1
132,-1,1683.362,249.137,126.725,99.473,0.922,-1,-1,-1
132,-1,1706.621,120.447,165.440,86.810,0.413,-1,-1,-1
132,-1,920.195,161.949,128.592,79.483,0.527,-1,-1,-1
132,-1,1641.701,261.559,67.990,101.126,0.247,-1,-1,-1
133,-1,1452.322,335.847,249.777,163.593,0.995,-1,-1,-1
133,-1,1191.951,185.938,149.195,110.157,0.273,-1,-1,-1
133,-1,1683.505,249.568,126.459,98.805,0.918,-1,-1,-1
133,-1,862.498,159.039,160.419,82.414,0.413,-1,-1,-1
133,-1,1714.604,121.001,147.978,82.822,0.246,-1,-1,-1
133,-1,1559.919,243.078,153.546,114.836,0.342,-1,-1,-1
134,-1,1452.845,335.875,249.228,163.730,0.995,-1,-1,-1
134,-1,1193.542,190.518,154.249,116.539,0.426,-1,-1,-1
134,-1,1682.522,249.157,128.571,99.226,0.921,-1,-1,-1
134,-1,869.663,152.380,132.625,87.043,0.417,-1,-1,-1
134,-1,1559.338,242.020,153.854,115.766,0.389,-1,-1,-1
135,-1,1453.185,336.585,249.377,163.195,0.995,-1,-1,-1
135,-1,1200.849,190.818,150.683,117.346,0.386,-1,-1,-1
135,-1,1682.080,249.052,130.537,99.505,0.920,-1,-1,-1
135,-1,832.542,155.177,141.107,84.608,0.463,-1,-1,-1
135,-1,1567.866,129.994,143.459,71.415,0.305,-1,-1,-1
135,-1,1758.794,115.663,75.478,51.928,0.344,-1,-1,-1
135,-1,1561.514,242.273,150.931,115.614,0.331,-1,-1,-1
135,-1,1685.516,157.910,75.075,54.192,0.231,-1,-1,-1
136,-1,1453.672,337.493,249.231,162.264,0.996,-1,-1,-1
136,-1,1206.632,192.269,146.760,115.607,0.209,-1,-1,-1
136,-1,1682.397,248.520,129.828,100.577,0.913,-1,-1,-1
136,-1,1759.022,112.339,77.765,55.498,0.609,-1,-1,-1
136,-1,812.498,158.842,120.905,76.147,0.570,-1,-1,-1
136,-1,1547.573,128.989,131.290,73.313,0.261,-1,-1,-1
136,-1,1641.924,260.392,66.807,101.784,0.295,-1,-1,-1
136,-1,1689.234,156.109,61.109,53.522,0.223,-1,-1,-1
137,-1,1453.494,338.423,249.933,161.385,0.996,-1,-1,-1
137,-1,1210.299,191.934,143.770,116.561,0.893,-1,-1,-1
137,-1,1683.106,248.115,128.303,101.227,0.912,-1,-1,-1
137,-1,1754.727,110.446,87.200,56.858,0.790,-1,-1,-1
137,-1,1541.959,126.872,129.339,79.600,0.344,-1,-1,-1
137,-1,807.300,156.536,116.593,75.061,0.466,-1,-1,-1
137,-1,1562.875,239.919,150.336,118.125,0.314,-1,-1,-1
138,-1,1453.766,338.688,249.664,160.915,0.996,-1,-1,-1
138,-1,1213.747,191.700,140.374,118.174,0.911,-1,-1,-1
138,-1,1682.601,247.821,128.527,101.105,0.914,-1,-1,-1
138,-1,1756.048,109.952,84.241,57.554,0.786,-1,-1,-1
138,-1,807.251,158.153,61.794,56.223,0.444,-1,-1,-1
138,-1,1558.714,239.342,155.930,117.714,0.428,-1,-1,-1
138,-1,1428.056,124.633,137.249,82.074,0.219,-1,-1,-1
139,-1,1453.835,338.134,248.953,161.222,0.995,-1,-1,-1
139,-1,1214.042,195.129,140.387,115.934,0.913,-1,-1,-1
139,-1,1682.114,247.748,129.022,100.751,0.920,-1,-1,-1
139,-1,1755.960,109.400,83.572,58.508,0.785,-1,-1,-1
139,-1,803.316,156.035,60.613,60.211,0.665,-1,-1,-1
139,-1,1395.366,127.930,141.017,77.651,0.399,-1,-1,-1
139,-1,1556.504,239.847,157.715,116.761,0.469,-1,-1,-1
140,-1,1454.212,337.710,247.765,161.190,0.995,-1,-1,-1
140,-1,1212.836,196.169,140.444,117.439,0.917,-1,-1,-1
140,-1,1682.092,247.686,128.819,100.622,0.922,-1,-1,-1
140,-1,1379.432,129.740,158.435,74.703,0.611,-1,-1,-1
140,-1,1756.480,109.024,82.645,58.832,0.814,-1,-1,-1
140,-1,804.015,155.932,48.796,60.462,0.450,-1,-1,-1
140,-1,1542.771,243.007,146.706,102.452,0.450,-1,-1,-1
141,-1,1454.132,337.302,247.611,161.594,0.995,-1,-1,-1
141,-1,1207.971,197.703,143.641,118.559,0.893,-1,-1,-1
141,-1,1682.449,247.673,128.139,100.784,0.930,-1,-1,-1
141,-1,1756.061,109.033,83.717,58.729,0.841,-1,-1,-1
141,-1,1337.785,132.242,173.991,70.457,0.433,-1,-1,-1
141,-1,1543.326,242.711,144.252,103.649,0.497,-1,-1,-1
142,-1,1453.981,337.454,247.990,161.489,0.995,-1,-1,-1
142,-1,1202.794,196.967,145.685,123.035,0.866,-1,-1,-1
142,-1,1682.628,247.620,127.847,101.090,0.931,-1,-1,-1
142,-1,1755.677,108.795,84.532,59.140,0.843,-1,-1,-1
142,-1,1300.649,131.136,179.423,72.259,0.435,-1,-1,-1
142,-1,1542.613,242.315,144.533,104.775,0.460,-1,-1,-1
143,-1,1454.168,337.547,248.158,161.558,0.995,-1,-1,-1
143,-1,1196.275,200.306,152.046,123.103,0.215,-1,-1,-1
143,-1,1682.805,247.552,127.637,101.374,0.930,-1,-1,-1
143,-1,1755.210,108.796,85.417,59.077,0.844,-1,-1,-1
143,-1,1288.286,128.619,188.037,76.817,0.587,-1,-1,-1
143,-1,1542.934,241.749,144.645,105.430,0.361,-1,-1,-1
144,-1,1454.025,337.518,248.389,161.423,0.995,-1,-1,-1
144,-1,1189.658,204.336,157.438,121.799,0.223,-1,-1,-1
144,-1,1682.869,247.581,127.622,101.416,0.928,-1,-1,-1
144,-1,1755.602,108.772,84.065,59.190,0.834,-1,-1,-1
144,-1,1252.385,130.141,188.462,73.844,0.585,-1,-1,-1
144,-1,1642.371,260.534,67.061,101.752,0.375,-1,-1,-1
145,-1,1453.865,336.505,248.433,162.291,0.996,-1,-1,-1
145,-1,1185.432,203.223,159.066,126.769,0.396,-1,-1,-1
145,-1,1682.883,247.497,127.654,101.616,0.922,-1,-1,-1
145,-1,1755.816,108.928,83.017,59.127,0.834,-1,-1,-1
145,-1,1214.845,131.172,189.792,71.236,0.510,-1,-1,-1
145,-1,1642.152,260.516,67.260,101.777,0.374,-1,-1,-1
146,-1,1453.260,335.364,248.964,163.524,0.995,-1,-1,-1
146,-1,1180.743,201.175,160.850,130.897,0.405,-1,-1,-1
146,-1,1682.677,247.533,128.002,101.630,0.915,-1,-1,-1
146,-1,1756.041,109.012,82.010,59.251,0.838,-1,-1,-1
146,-1,1175.344,130.333,195.568,73.691,0.529,-1,-1,-1
146,-1,1545.026,241.909,141.700,105.307,0.359,-1,-1,-1
147,-1,1452.895,334.750,249.123,164.141,0.995,-1,-1,-1
147,-1,1159.738,198.009,170.736,137.419,0.477,-1,-1,-1
147,-1,1682.447,247.521,128.351,101.659,0.905,-1,-1,-1
147,-1,1755.852,109.124,82.272,59.290,0.850,-1,-1,-1
147,-1,1144.882,131.455,183.358,72.232,0.451,-1,-1,-1
147,-1,1544.475,241.642,142.466,105.999,0.348,-1,-1,-1
148,-1,1153.533,200.018,170.422,138.370,0.342,-1,-1,-1
148,-1,1452.819,334.852,249.094,164.003,0.994,-1,-1,-1
148,-1,1682.431,247.619,128.221,101.458,0.907,-1,-1,-1
148,-1,1756.068,109.226,81.740,59.205,0.853,-1,-1,-1
148,-1,1104.604,132.130,186.937,89.064,0.676,-1,-1,-1
148,-1,1544.217,241.607,142.516,105.983,0.331,-1,-1,-1
149,-1,1146.450,201.264,170.932,139.721,0.260,-1,-1,-1
149,-1,1452.828,335.204,249.204,163.141,0.994,-1,-1,-1
149,-1,1682.388,247.728,128.098,101.165,0.912,-1,-1,-1
149,-1,1067.565,134.416,194.595,87.887,0.744,-1,-1,-1
149,-1,1756.113,109.271,81.583,59.118,0.850,-1,-1,-1
149,-1,1543.880,241.772,142.397,105.369,0.313,-1,-1,-1
150,-1,1452.874,335.196,249.294,162.735,0.994,-1,-1,-1
150,-1,1141.117,203.069,170.387,138.644,0.243,-1,-1,-1
150,-1,1682.467,247.865,127.877,100.947,0.916,-1,-1,-1
150,-1,1756.270,109.288,81.199,59.009,0.844,-1,-1,-1
150,-1,1035.109,135.110,192.011,87.284,0.608,-1,-1,-1
150,-1,1544.086,242.224,141.219,104.242,0.317,-1,-1,-1
151,-1,1452.631,334.753,249.885,163.068,0.994,-1,-1,-1
151,-1,1119.979,202.016,175.130,143.212,0.317,-1,-1,-1
151,-1,1682.687,248.413,128.028,100.294,0.904,-1,-1,-1
151,-1,1757.034,109.870,79.694,57.730,0.833,-1,-1,-1
151,-1,1025.382,135.158,193.530,86.435,0.628,-1,-1,-1
151,-1,1543.998,242.617,141.946,103.574,0.321,-1,-1,-1
152,-1,1109.231,202.006,182.809,146.098,0.340,-1,-1,-1
152,-1,1452.281,334.113,250.500,163.975,0.994,-1,-1,-1
152,-1,1682.860,248.708,128.232,99.969,0.894,-1,-1,-1
152,-1,1757.659,110.493,78.358,56.483,0.831,-1,-1,-1
152,-1,990.831,133.866,189.874,90.957,0.689,-1,-1,-1
152,-1,1543.703,242.519,143.452,104.028,0.319,-1,-1,-1
153,-1,1452.041,333.339,251.162,164.958,0.993,-1,-1,-1
153,-1,1100.589,201.246,185.565,148.417,0.312,-1,-1,-1
153,-1,956.283,132.861,190.580,92.283,0.909,-1,-1,-1
153,-1,1683.016,249.030,128.376,99.611,0.885,-1,-1,-1
153,-1,1758.167,111.105,77.092,55.373,0.831,-1,-1,-1
153,-1,1559.717,241.379,150.264,115.609,0.334,-1,-1,-1
154,-1,1451.841,332.997,251.591,165.336,0.993,-1,-1,-1
154,-1,1081.309,204.093,183.644,141.664,0.321,-1,-1,-1
154,-1,1682.965,248.924,128.468,99.717,0.884,-1,-1,-1
154,-1,931.962,130.185,179.295,93.025,0.789,-1,-1,-1
154,-1,1757.961,111.160,77.290,55.395,0.833,-1,-1,-1
154,-1,1560.041,241.439,149.811,115.191,0.309,-1,-1,-1
155,-1,1451.824,332.794,251.903,165.485,0.993,-1,-1,-1
155,-1,1074.569,215.099,183.067,142.521,0.511,-1,-1,-1
155,-1,1682.861,249.051,128.736,99.539,0.878,-1,-1,-1
155,-1,1757.668,111.133,77.644,55.536,0.829,-1,-1,-1
155,-1,935.125,131.456,160.049,89.373,0.631,-1,-1,-1
155,-1,1560.301,241.517,149.386,114.689,0.284,-1,-1,-1
156,-1,1451.836,333.210,252.005,164.968,0.994,-1,-1,-1
156,-1,1065.522,213.464,185.308,146.951,0.509,-1,-1,-1
156,-1,1682.646,249.126,129.075,99.285,0.874,-1,-1,-1
156,-1,1757.520,111.012,78.003,55.642,0.827,-1,-1,-1
156,-1,882.244,129.147,187.416,92.686,0.666,-1,-1,-1
156,-1,1641.338,261.382,66.851,99.879,0.266,-1,-1,-1
156,-1,1561.687,239.733,105.044,48.913,0.215,-1,-1,-1
157,-1,1452.046,333.243,251.905,165.039,0.994,-1,-1,-1
157,-1,1043.778,222.072,181.646,136.529,0.477,-1,-1,-1
157,-1,1682.142,249.222,129.756,98.964,0.871,-1,-1,-1
157,-1,1757.504,110.975,78.075,55.649,0.825,-1,-1,-1
157,-1,845.803,130.133,189.416,92.421,0.664,-1,-1,-1
157,-1,1560.441,242.489,149.897,113.659,0.266,-1,-1,-1
158,-1,1452.361,333.423,251.771,164.807,0.994,-1,-1,-1
158,-1,1029.361,218.110,193.233,142.154,0.449,-1,-1,-1
158,-1,1681.825,249.345,130.058,98.596,0.874,-1,-1,-1
158,-1,1757.695,110.910,77.850,55.649,0.826,-1,-1,-1
158,-1,818.921,133.787,175.876,86.980,0.622,-1,-1,-1
158,-1,1560.517,242.936,150.080,113.405,0.274,-1,-1,-1
159,-1,1452.568,333.218,251.876,165.238,0.994,-1,-1,-1
159,-1,1013.891,211.444,211.301,148.686,0.563,-1,-1,-1
159,-1,1681.870,249.274,129.733,98.611,0.880,-1,-1,-1
159,-1,1757.792,110.928,77.684,55.624,0.825,-1,-1,-1
159,-1,804.686,137.776,128.183,81.712,0.488,-1,-1,-1
159,-1,1560.651,242.822,149.799,113.608,0.290,-1,-1,-1
160,-1,1452.614,333.496,252.084,164.806,0.994,-1,-1,-1
160,-1,991.299,215.147,217.276,146.555,0.439,-1,-1,-1
160,-1,1681.899,249.439,129.642,98.327,0.884,-1,-1,-1
160,-1,802.375,138.899,124.858,79.490,0.562,-1,-1,-1
160,-1,1757.774,110.854,77.767,55.675,0.818,-1,-1,-1
160,-1,1560.869,243.031,149.580,113.300,0.270,-1,-1,-1
161,-1,982.907,215.574,216.550,150.799,0.460,-1,-1,-1
161,-1,1452.576,333.879,252.330,164.356,0.994,-1,-1,-1
161,-1,1681.863,249.546,129.677,98.158,0.884,-1,-1,-1
161,-1,1757.694,110.828,77.898,55.730,0.811,-1,-1,-1
161,-1,802.210,142.421,119.496,75.392,0.354,-1,-1,-1
161,-1,1641.264,261.923,66.066,99.502,0.262,-1,-1,-1
162,-1,968.512,218.788,217.950,152.193,0.441,-1,-1,-1
162,-1,1452.363,333.806,252.490,163.890,0.994,-1,-1,-1
162,-1,1681.738,249.837,130.119,97.832,0.879,-1,-1,-1
162,-1,1757.685,110.767,78.008,55.667,0.807,-1,-1,-1
162,-1,803.504,147.977,71.037,60.025,0.377,-1,-1,-1
162,-1,1641.344,262.194,65.900,99.207,0.262,-1,-1,-1
163,-1,953.780,222.067,218.827,153.940,0.509,-1,-1,-1
163,-1,1452.202,333.823,252.808,163.368,0.994,-1,-1,-1
163,-1,1681.842,249.883,130.070,97.862,0.878,-1,-1,-1
163,-1,1757.710,110.817,77.921,55.509,0.805,-1,-1,-1
163,-1,804.611,150.424,61.089,55.172,0.411,-1,-1,-1
163,-1,1641.451,262.346,65.601,99.042,0.263,-1,-1,-1
164,-1,942.137,225.442,220.452,156.223,0.486,-1,-1,-1
164,-1,1451.481,333.770,253.574,162.823,0.994,-1,-1,-1
164,-1,1682.000,249.897,130.080,97.954,0.877,-1,-1,-1
164,-1,1757.820,110.869,77.751,55.296,0.797,-1,-1,-1
164,-1,804.626,154.777,54.126,49.403,0.291,-1,-1,-1
164,-1,1641.543,262.473,65.437,98.848,0.252,-1,-1,-1
165,-1,934.328,225.729,220.361,159.723,0.522,-1,-1,-1
165,-1,1450.912,334.272,254.202,161.903,0.994,-1,-1,-1
165,-1,1682.121,249.907,129.895,98.006,0.876,-1,-1,-1
165,-1,1757.949,110.920,77.438,55.202,0.791,-1,-1,-1
165,-1,1641.641,262.690,65.247,98.517,0.244,-1,-1,-1
166,-1,1450.534,334.783,254.647,161.086,0.993,-1,-1,-1
166,-1,913.331,231.298,225.274,157.878,0.362,-1,-1,-1
166,-1,1682.132,249.928,129.951,97.977,0.876,-1,-1,-1
166,-1,1757.993,110.837,77.397,55.310,0.786,-1,-1,-1
166,-1,1641.662,262.718,65.061,98.542,0.246,-1,-1,-1
167,-1,904.501,232.157,223.259,160.307,0.361,-1,-1,-1
167,-1,1450.106,334.556,254.663,161.401,0.993,-1,-1,-1
167,-1,1682.116,249.970,129.901,97.913,0.868,-1,-1,-1
167,-1,1758.109,110.747,77.102,55.355,0.786,-1,-1,-1
167,-1,1641.629,262.790,64.933,98.511,0.255,-1,-1,-1
168,-1,892.294,232.332,223.114,162.248,0.410,-1,-1,-1
168,-1,1449.829,334.697,254.703,161.430,0.992,-1,-1,-1
168,-1,1681.961,250.237,129.784,97.545,0.861,-1,-1,-1
168,-1,1757.278,110.882,77.695,55.221,0.783,-1,-1,-1
168,-1,1641.523,262.940,64.825,98.472,0.256,-1,-1,-1
169,-1,879.716,232.094,224.489,163.861,0.381,-1,-1,-1
169,-1,1448.847,334.714,255.308,161.570,0.992,-1,-1,-1
169,-1,1681.512,250.466,131.492,97.375,0.865,-1,-1,-1
169,-1,1757.777,111.935,74.438,53.260,0.683,-1,-1,-1
169,-1,1641.251,262.869,65.231,98.491,0.243,-1,-1,-1
170,-1,867.523,241.252,226.790,161.724,0.474,-1,-1,-1
170,-1,1447.945,335.099,256.191,161.203,0.992,-1,-1,-1
170,-1,1681.266,250.669,132.163,97.663,0.880,-1,-1,-1
170,-1,1757.221,114.990,69.866,48.091,0.459,-1,-1,-1
170,-1,1720.466,156.245,151.440,67.811,0.293,-1,-1,-1
170,-1,1640.988,262.797,65.567,98.793,0.229,-1,-1,-1
171,-1,859.298,240.382,224.383,165.142,0.461,-1,-1,-1
171,-1,1447.284,334.783,256.649,161.288,0.993,-1,-1,-1
171,-1,1681.704,250.304,132.573,98.540,0.900,-1,-1,-1
171,-1,1713.290,155.688,158.002,65.348,0.325,-1,-1,-1
171,-1,1756.697,117.090,73.449,45.456,0.314,-1,-1,-1
171,-1,1641.397,263.027,65.989,98.897,0.220,-1,-1,-1
172,-1,855.080,239.659,221.592,169.834,0.449,-1,-1,-1
172,-1,1447.279,334.376,256.810,161.737,0.993,-1,-1,-1
172,-1,1681.539,250.673,133.206,97.797,0.888,-1,-1,-1
172,-1,1756.826,116.841,77.008,46.573,0.320,-1,-1,-1
172,-1,1671.555,155.909,162.898,64.674,0.309,-1,-1,-1
172,-1,1642.308,263.721,65.616,98.427,0.206,-1,-1,-1
173,-1,840.985,239.592,220.840,175.625,0.439,-1,-1,-1
173,-1,1447.982,334.554,256.498,161.592,0.994,-1,-1,-1
173,-1,1681.128,250.542,134.000,97.284,0.874,-1,-1,-1
173,-1,1756.874,114.067,83.963,51.406,0.501,-1,-1,-1
173,-1,1661.106,155.419,176.891,67.884,0.237,-1,-1,-1
174,-1,829.261,242.680,227.820,178.686,0.470,-1,-1,-1
174,-1,1448.168,335.460,257.263,160.953,0.994,-1,-1,-1
174,-1,1680.855,250.676,133.801,96.494,0.864,-1,-1,-1
174,-1,1759.171,111.678,79.390,54.386,0.615,-1,-1,-1
175,-1,816.133,245.722,233.422,181.617,0.565,-1,-1,-1
175,-1,1448.010,335.619,257.387,161.273,0.993,-1,-1,-1
175,-1,1680.829,250.143,132.840,96.530,0.867,-1,-1,-1
175,-1,1758.687,110.607,79.986,55.622,0.686,-1,-1,-1
175,-1,1541.093,242.886,149.453,99.367,0.201,-1,-1,-1
176,-1,806.795,249.774,235.003,184.704,0.511,-1,-1,-1
176,-1,1448.239,335.652,257.036,161.917,0.991,-1,-1,-1
176,-1,1680.684,249.771,132.593,96.344,0.880,-1,-1,-1
176,-1,1758.954,109.838,79.151,56.706,0.706,-1,-1,-1
176,-1,1538.173,243.008,155.414,98.962,0.252,-1,-1,-1
177,-1,800.414,252.537,235.135,189.708,0.481,-1,-1,-1
177,-1,1448.518,335.140,256.354,163.158,0.990,-1,-1,-1
177,-1,1679.767,249.510,134.235,96.160,0.883,-1,-1,-1
177,-1,1758.267,109.231,80.090,57.757,0.729,-1,-1,-1
177,-1,1393.024,154.691,142.212,62.353,0.226,-1,-1,-1
177,-1,1536.239,243.768,158.789,98.310,0.218,-1,-1,-1
178,-1,796.334,257.170,234.344,193.644,0.403,-1,-1,-1
178,-1,1449.215,335.016,255.470,164.147,0.989,-1,-1,-1
178,-1,1679.933,248.850,133.664,97.425,0.903,-1,-1,-1
178,-1,1758.343,109.125,79.905,57.933,0.756,-1,-1,-1
178,-1,1341.982,158.588,169.606,56.042,0.357,-1,-1,-1
179,-1,790.985,261.487,236.210,198.293,0.466,-1,-1,-1
179,-1,1449.729,334.693,254.281,164.775,0.990,-1,-1,-1
179,-1,1680.089,248.562,133.789,98.264,0.908,-1,-1,-1
179,-1,1758.030,109.286,80.708,57.799,0.774,-1,-1,-1
179,-1,1292.730,157.354,191.268,55.857,0.536,-1,-1,-1
179,-1,1868.430,418.692,49.906,468.049,0.212,-1,-1,-1
179,-1,1643.523,263.040,64.147,98.597,0.216,-1,-1,-1
180,-1,786.948,265.552,234.430,200.895,0.462,-1,-1,-1
180,-1,1450.803,334.069,252.291,165.686,0.991,-1,-1,-1
180,-1,1680.459,248.158,133.335,99.261,0.911,-1,-1,-1
180,-1,1757.823,109.411,80.821,57.789,0.791,-1,-1,-1
180,-1,1845.704,459.319,69.694,383.027,0.521,-1,-1,-1
180,-1,1258.015,155.927,188.845,57.032,0.597,-1,-1,-1
180,-1,1643.370,262.635,64.179,99.126,0.280,-1,-1,-1
181,-1,781.734,268.254,237.668,206.984,0.544,-1,-1,-1
181,-1,1451.791,333.859,250.931,165.718,0.992,-1,-1,-1
181,-1,1680.630,248.184,133.255,99.677,0.911,-1,-1,-1
181,-1,1756.743,109.786,81.669,57.400,0.812,-1,-1,-1
181,-1,1812.461,467.356,103.358,358.667,0.576,-1,-1,-1
181,-1,1252.196,152.909,185.584,60.044,0.569,-1,-1,-1
181,-1,1642.832,261.614,64.948,100.472,0.290,-1,-1,-1
182,-1,778.759,269.485,237.665,213.898,0.569,-1,-1,-1
182,-1,1452.663,333.365,251.024,165.738,0.992,-1,-1,-1
182,-1,1681.010,248.196,132.561,100.184,0.913,-1,-1,-1
182,-1,1756.179,109.910,81.515,57.319,0.812,-1,-1,-1
182,-1,1745.113,411.096,171.050,379.268,0.567,-1,-1,-1
182,-1,1214.921,153.120,187.140,59.919,0.549,-1,-1,-1
182,-1,1642.245,260.856,65.626,101.565,0.313,-1,-1,-1
183,-1,774.626,269.810,244.245,223.844,0.613,-1,-1,-1
183,-1,1452.980,332.912,251.737,166.514,0.993,-1,-1,-1
183,-1,1698.775,396.390,218.697,397.296,0.911,-1,-1,-1
183,-1,1681.212,248.253,132.371,100.457,0.920,-1,-1,-1
183,-1,1755.737,110.156,81.524,56.936,0.815,-1,-1,-1
183,-1,1178.768,154.144,183.285,60.053,0.448,-1,-1,-1
183,-1,1641.830,260.229,66.190,102.569,0.309,-1,-1,-1
183,-1,1560.525,239.540,106.760,48.485,0.210,-1,-1,-1
184,-1,1452.711,332.092,253.285,166.842,0.992,-1,-1,-1
184,-1,1661.297,401.464,257.444,371.291,0.895,-1,-1,-1
184,-1,771.698,269.546,249.580,230.978,0.588,-1,-1,-1
184,-1,1681.107,248.339,132.651,100.169,0.930,-1,-1,-1
184,-1,1756.086,110.081,80.790,56.958,0.815,-1,-1,-1
184,-1,1121.277,158.547,161.030,57.291,0.433,-1,-1,-1
184,-1,1641.841,260.657,66.194,101.901,0.304,-1,-1,-1
184,-1,1560.368,239.249,106.987,48.918,0.223,-1,-1,-1
185,-1,1452.040,332.324,255.339,168.274,0.989,-1,-1,-1
185,-1,768.532,268.982,256.813,237.759,0.594,-1,-1,-1
185,-1,1681.019,248.328,132.810,99.710,0.937,-1,-1,-1
185,-1,1613.109,390.620,302.003,368.094,0.283,-1,-1,-1
185,-1,1756.103,110.107,80.592,56.892,0.830,-1,-1,-1
185,-1,1103.707,157.424,179.197,56.725,0.403,-1,-1,-1
185,-1,1641.915,260.755,65.913,101.690,0.288,-1,-1,-1
185,-1,1559.793,239.106,107.682,49.082,0.225,-1,-1,-1
186,-1,1451.667,335.566,259.805,166.420,0.986,-1,-1,-1
186,-1,767.962,279.673,259.837,241.928,0.747,-1,-1,-1
186,-1,1680.648,248.308,133.107,99.257,0.942,-1,-1,-1
186,-1,1755.943,110.076,80.797,56.914,0.841,-1,-1,-1
186,-1,1046.612,160.132,158.542,58.052,0.412,-1,-1,-1
186,-1,1642.055,261.348,65.500,100.200,0.231,-1,-1,-1
186,-1,1558.836,239.373,108.566,48.676,0.223,-1,-1,-1
187,-1,765.934,281.016,267.883,244.332,0.769,-1,-1,-1
187,-1,1455.192,339.186,256.027,166.931,0.981,-1,-1,-1
187,-1,1680.780,248.152,132.675,99.564,0.945,-1,-1,-1
187,-1,1755.761,109.947,81.231,57.142,0.844,-1,-1,-1
187,-1,966.977,162.044,182.170,58.495,0.411,-1,-1,-1
187,-1,1558.215,239.648,108.630,48.375,0.228,-1,-1,-1
188,-1,766.462,284.219,272.218,246.982,0.772,-1,-1,-1
188,-1,1529.570,394.064,378.688,328.278,0.575,-1,-1,-1
188,-1,1459.887,343.968,247.580,157.774,0.969,-1,-1,-1
188,-1,1680.671,248.296,132.475,99.997,0.948,-1,-1,-1
188,-1,1755.695,109.809,81.702,57.290,0.835,-1,-1,-1
188,-1,973.931,164.973,152.642,53.765,0.537,-1,-1,-1
188,-1,1558.378,240.159,106.772,48.021,0.225,-1,-1,-1
189,-1,766.870,286.186,277.075,251.611,0.822,-1,-1,-1
189,-1,1490.400,381.940,400.132,321.652,0.544,-1,-1,-1
189,-1,1681.259,248.381,131.157,100.817,0.951,-1,-1,-1
189,-1,1460.994,345.329,238.188,146.934,0.897,-1,-1,-1
189,-1,1756.072,109.571,81.236,57.580,0.818,-1,-1,-1
189,-1,949.596,164.288,138.682,54.133,0.553,-1,-1,-1
189,-1,1559.511,240.481,103.268,48.126,0.214,-1,-1,-1
190,-1,768.990,290.905,279.932,253.781,0.787,-1,-1,-1
190,-1,1458.781,371.260,405.152,311.912,0.392,-1,-1,-1
190,-1,1681.745,248.921,129.780,100.364,0.944,-1,-1,-1
190,-1,1756.569,109.541,80.369,57.479,0.797,-1,-1,-1
190,-1,940.787,159.636,138.985,57.184,0.460,-1,-1,-1
190,-1,1459.596,332.664,228.636,92.377,0.364,-1,-1,-1
190,-1,1559.787,240.607,103.028,48.290,0.213,-1,-1,-1
191,-1,768.787,296.522,290.449,254.861,0.823,-1,-1,-1
191,-1,1682.611,248.858,128.400,99.961,0.932,-1,-1,-1
191,-1,1756.574,109.473,80.492,57.556,0.797,-1,-1,-1
191,-1,1456.620,378.507,370.210,278.660,0.673,-1,-1,-1
191,-1,1452.280,332.586,242.411,85.900,0.407,-1,-1,-1
191,-1,820.961,168.587,185.495,56.867,0.350,-1,-1,-1
191,-1,1559.671,240.714,104.836,48.118,0.202,-1,-1,-1
192,-1,769.023,302.626,301.093,254.772,0.831,-1,-1,-1
192,-1,1398.670,364.226,384.600,284.649,0.947,-1,-1,-1
192,-1,1683.193,249.102,127.348,98.842,0.923,-1,-1,-1
192,-1,1755.980,109.296,81.643,57.888,0.799,-1,-1,-1
192,-1,825.461,169.721,162.856,53.761,0.382,-1,-1,-1
192,-1,1446.299,334.081,254.753,74.933,0.339,-1,-1,-1
192,-1,1559.045,240.746,108.300,47.541,0.223,-1,-1,-1
193,-1,771.784,308.904,311.538,255.028,0.833,-1,-1,-1
193,-1,1357.603,346.282,398.874,313.961,0.520,-1,-1,-1
193,-1,1683.023,248.957,127.753,98.663,0.915,-1,-1,-1
193,-1,1755.337,108.966,82.851,58.471,0.808,-1,-1,-1
193,-1,824.708,168.284,92.189,39.315,0.342,-1,-1,-1
193,-1,1559.446,240.991,108.302,47.120,0.209,-1,-1,-1
194,-1,775.656,314.210,321.597,257.052,0.826,-1,-1,-1
194,-1,1337.354,347.087,376.977,278.652,0.525,-1,-1,-1
194,-1,1682.816,249.297,127.885,98.328,0.916,-1,-1,-1
194,-1,1754.942,108.729,83.363,58.947,0.800,-1,-1,-1
194,-1,816.457,165.259,94.427,42.428,0.539,-1,-1,-1
194,-1,1560.200,240.763,107.367,46.995,0.231,-1,-1,-1
195,-1,780.040,316.790,331.227,265.638,0.784,-1,-1,-1
195,-1,1319.916,345.096,368.035,268.878,0.677,-1,-1,-1
195,-1,1682.435,249.459,128.428,98.383,0.914,-1,-1,-1
195,-1,1754.890,108.670,83.345,59.076,0.801,-1,-1,-1
195,-1,1566.113,342.097,140.434,137.986,0.483,-1,-1,-1
195,-1,801.824,161.363,73.908,45.028,0.470,-1,-1,-1
195,-1,1560.683,240.593,107.195,46.916,0.259,-1,-1,-1
195,-1,1640.949,264.078,66.798,96.089,0.236,-1,-1,-1
196,-1,780.315,316.076,341.689,275.699,0.632,-1,-1,-1
196,-1,1281.004,349.430,356.345,253.385,0.636,-1,-1,-1
196,-1,1682.435,249.555,128.339,98.314,0.915,-1,-1,-1
196,-1,1512.401,329.871,203.928,162.868,0.847,-1,-1,-1
196,-1,1754.726,108.677,83.576,59.131,0.801,-1,-1,-1
196,-1,804.067,161.940,55.798,47.130,0.409,-1,-1,-1
196,-1,1560.436,240.234,108.943,46.647,0.309,-1,-1,-1
196,-1,1640.787,263.871,67.200,96.795,0.286,-1,-1,-1
197,-1,1275.920,347.740,330.984,250.837,0.443,-1,-1,-1
197,-1,799.436,311.844,348.246,293.273,0.349,-1,-1,-1
197,-1,1504.590,330.607,206.585,167.517,0.937,-1,-1,-1
197,-1,1681.980,249.737,129.128,97.838,0.910,-1,-1,-1
197,-1,1754.907,108.778,83.144,59.012,0.813,-1,-1,-1
197,-1,1560.290,240.315,109.654,46.099,0.315,-1,-1,-1
197,-1,1640.617,263.319,67.112,97.997,0.290,-1,-1,-1
198,-1,805.037,312.324,362.330,321.566,0.427,-1,-1,-1
198,-1,1265.314,337.139,315.461,242.260,0.955,-1,-1,-1
198,-1,1494.213,331.855,215.445,169.736,0.974,-1,-1,-1
198,-1,1681.595,249.919,129.927,97.261,0.904,-1,-1,-1
198,-1,1754.944,108.819,82.908,59.022,0.822,-1,-1,-1
198,-1,1560.198,240.314,109.450,46.054,0.291,-1,-1,-1
198,-1,1640.918,262.737,66.810,98.887,0.270,-1,-1,-1
199,-1,813.764,322.239,375.530,312.368,0.384,-1,-1,-1
199,-1,1484.119,332.566,225.401,171.242,0.979,-1,-1,-1
199,-1,1227.746,330.547,316.328,242.555,0.916,-1,-1,-1
199,-1,1681.508,250.097,130.372,97.057,0.898,-1,-1,-1
199,-1,1754.827,108.862,83.033,59.053,0.833,-1,-1,-1
199,-1,1560.404,240.400,108.824,46.269,0.270,-1,-1,-1
199,-1,1641.147,262.396,66.562,99.200,0.240,-1,-1,-1
200,-1,1214.480,326.369,308.563,240.067,0.220,-1,-1,-1
200,-1,821.108,331.219,385.326,306.840,0.429,-1,-1,-1
200,-1,1485.134,331.769,224.096,171.449,0.982,-1,-1,-1
200,-1,1681.913,250.025,129.821,97.528,0.899,-1,-1,-1
200,-1,1754.694,108.935,83.197,58.942,0.834,-1,-1,-1
200,-1,1560.065,239.993,109.518,47.442,0.273,-1,-1,-1
200,-1,1641.220,262.440,66.278,99.205,0.255,-1,-1,-1
201,-1,1203.961,325.576,292.050,228.440,0.212,-1,-1,-1
201,-1,1475.848,331.307,232.024,171.303,0.986,-1,-1,-1
201,-1,824.516,319.912,383.548,372.680,0.654,-1,-1,-1
201,-1,1682.965,249.657,128.366,98.407,0.908,-1,-1,-1
201,-1,1754.425,109.148,83.799,58.459,0.827,-1,-1,-1
201,-1,1641.073,261.956,66.766,100.457,0.302,-1,-1,-1
201,-1,1560.132,239.650,109.190,49.210,0.282,-1,-1,-1
202,-1,1464.292,332.157,241.943,169.803,0.988,-1,-1,-1
202,-1,1208.358,322.849,261.129,222.379,0.884,-1,-1,-1
202,-1,863.068,337.831,390.564,359.315,0.591,-1,-1,-1
202,-1,1683.830,249.353,127.076,98.821,0.916,-1,-1,-1
202,-1,1754.186,109.319,84.397,57.997,0.809,-1,-1,-1
202,-1,1640.871,261.479,67.331,101.592,0.338,-1,-1,-1
202,-1,1560.397,239.290,108.145,50.404,0.273,-1,-1,-1
203,-1,873.766,345.192,405.007,371.988,0.638,-1,-1,-1
203,-1,1456.578,334.575,249.535,166.687,0.991,-1,-1,-1
203,-1,1187.287,318.191,254.598,217.077,0.903,-1,-1,-1
203,-1,1684.385,249.108,126.463,98.992,0.921,-1,-1,-1
203,-1,1753.895,109.414,85.124,57.709,0.791,-1,-1,-1
203,-1,1640.617,260.835,68.051,102.794,0.354,-1,-1,-1
203,-1,1560.623,239.381,107.234,50.798,0.276,-1,-1,-1
204,-1,889.629,346.176,422.610,391.778,0.721,-1,-1,-1
204,-1,1454.585,335.518,251.868,164.188,0.992,-1,-1,-1
204,-1,1182.190,312.631,237.185,215.484,0.898,-1,-1,-1
204,-1,1684.063,249.094,126.910,98.934,0.920,-1,-1,-1
204,-1,1753.807,109.486,85.435,57.644,0.786,-1,-1,-1
204,-1,1640.755,261.026,67.964,102.605,0.347,-1,-1,-1
204,-1,1560.391,239.463,107.485,50.146,0.297,-1,-1,-1
205,-1,911.304,346.677,434.420,408.450,0.878,-1,-1,-1
205,-1,1452.148,336.747,255.019,162.519,0.993,-1,-1,-1
205,-1,1683.767,249.043,127.346,98.976,0.919,-1,-1,-1
205,-1,1753.821,109.618,85.477,57.515,0.786,-1,-1,-1
205,-1,1167.574,311.426,238.947,204.932,0.728,-1,-1,-1
205,-1,1640.929,261.123,67.821,102.603,0.341,-1,-1,-1
205,-1,1560.389,239.564,107.156,49.864,0.308,-1,-1,-1
205,-1,775.441,183.526,124.222,62.627,0.224,-1,-1,-1
206,-1,1452.108,337.148,254.010,162.223,0.994,-1,-1,-1
206,-1,922.601,346.677,462.951,425.248,0.939,-1,-1,-1
206,-1,1683.714,248.915,127.413,99.219,0.920,-1,-1,-1
206,-1,1753.741,109.867,85.710,57.180,0.799,-1,-1,-1
206,-1,1142.732,292.491,254.429,174.546,0.649,-1,-1,-1
206,-1,779.457,183.875,124.520,59.751,0.443,-1,-1,-1
206,-1,1641.146,261.142,67.647,102.745,0.345,-1,-1,-1
206,-1,1560.814,239.432,105.965,50.000,0.309,-1,-1,-1
207,-1,1454.350,337.763,252.395,161.972,0.994,-1,-1,-1
207,-1,969.283,353.011,469.611,427.621,0.876,-1,-1,-1
207,-1,1683.887,248.914,127.329,99.371,0.920,-1,-1,-1
207,-1,1753.688,110.145,86.055,56.740,0.811,-1,-1,-1
207,-1,1129.199,303.073,217.226,78.654,0.532,-1,-1,-1
207,-1,776.889,185.518,134.478,56.010,0.430,-1,-1,-1
207,-1,1641.255,261.006,67.573,102.851,0.334,-1,-1,-1
207,-1,1561.463,239.466,104.382,50.402,0.295,-1,-1,-1
208,-1,975.601,353.496,501.728,446.347,0.905,-1,-1,-1
208,-1,1461.373,335.514,245.392,166.024,0.993,-1,-1,-1
208,-1,1684.011,248.955,127.255,99.396,0.918,-1,-1,-1
208,-1,1753.672,110.275,86.177,56.463,0.824,-1,-1,-1
208,-1,1126.798,299.445,209.849,84.436,0.821,-1,-1,-1
208,-1,799.944,186.122,138.119,62.204,0.366,-1,-1,-1
208,-1,1560.451,243.854,150.257,115.264,0.338,-1,-1,-1
209,-1,994.634,353.523,529.634,468.640,0.909,-1,-1,-1
209,-1,1466.729,334.121,241.380,172.368,0.991,-1,-1,-1
209,-1,1683.570,249.023,128.136,99.313,0.917,-1,-1,-1
209,-1,1126.831,298.241,201.177,86.856,0.854,-1,-1,-1
209,-1,1753.493,110.319,86.641,56.362,0.834,-1,-1,-1
209,-1,824.683,190.987,156.982,64.640,0.394,-1,-1,-1
209,-1,1560.562,244.135,150.637,114.805,0.350,-1,-1,-1
210,-1,998.265,382.505,583.134,484.379,0.967,-1,-1,-1
210,-1,1470.589,333.717,237.876,177.900,0.987,-1,-1,-1
210,-1,1682.930,249.043,129.280,99.037,0.909,-1,-1,-1
210,-1,1753.071,110.124,87.601,56.671,0.836,-1,-1,-1
210,-1,1094.104,293.885,223.405,99.541,0.743,-1,-1,-1
210,-1,823.434,189.159,171.486,67.209,0.239,-1,-1,-1
210,-1,1560.190,244.960,152.062,113.310,0.334,-1,-1,-1
211,-1,1471.405,335.217,237.149,182.986,0.981,-1,-1,-1
211,-1,1062.118,349.141,573.741,505.753,0.898,-1,-1,-1
211,-1,1683.456,249.037,128.657,99.269,0.914,-1,-1,-1
211,-1,1082.548,282.524,226.999,164.655,0.838,-1,-1,-1
211,-1,1753.014,109.708,87.645,57.573,0.839,-1,-1,-1
211,-1,859.967,190.821,157.782,73.706,0.663,-1,-1,-1
211,-1,1560.885,240.235,105.134,48.672,0.290,-1,-1,-1
211,-1,1641.713,261.214,66.774,102.028,0.274,-1,-1,-1
212,-1,1063.203,402.405,631.333,496.763,0.978,-1,-1,-1
212,-1,1086.682,278.779,207.156,176.105,0.927,-1,-1,-1
212,-1,1469.437,334.826,239.701,185.594,0.979,-1,-1,-1
212,-1,1684.795,248.971,126.472,99.759,0.922,-1,-1,-1
212,-1,1753.460,109.163,86.476,58.716,0.839,-1,-1,-1
212,-1,905.573,189.818,139.234,81.085,0.615,-1,-1,-1
212,-1,1560.408,240.091,105.523,49.331,0.312,-1,-1,-1
212,-1,1642.067,261.303,66.195,101.575,0.287,-1,-1,-1
213,-1,1095.690,417.747,650.740,505.210,0.980,-1,-1,-1
213,-1,1091.257,275.950,196.049,176.693,0.935,-1,-1,-1
213,-1,1468.130,333.647,242.975,183.382,0.973,-1,-1,-1
213,-1,1686.174,248.769,124.258,100.684,0.937,-1,-1,-1
213,-1,904.625,188.933,155.250,82.938,0.793,-1,-1,-1
213,-1,1754.105,108.784,84.596,59.548,0.843,-1,-1,-1
213,-1,1642.221,260.981,65.832,101.757,0.321,-1,-1,-1
213,-1,1560.925,239.755,104.304,50.880,0.318,-1,-1,-1
214,-1,1094.754,274.701,188.315,176.568,0.970,-1,-1,-1
214,-1,1686.606,248.382,123.986,101.672,0.938,-1,-1,-1
214,-1,936.918,191.385,147.593,85.844,0.918,-1,-1,-1
214,-1,1087.018,394.735,739.108,577.349,0.921,-1,-1,-1
214,-1,1464.133,334.956,251.120,164.246,0.930,-1,-1,-1
214,-1,1754.447,108.748,83.559,59.657,0.845,-1,-1,-1
214,-1,1642.200,260.738,65.929,102.051,0.350,-1,-1,-1
214,-1,1547.379,242.578,135.112,99.463,0.315,-1,-1,-1
215,-1,1096.996,274.056,184.033,174.641,0.980,-1,-1,-1
215,-1,1166.966,418.196,704.509,580.193,0.959,-1,-1,-1
215,-1,1686.371,248.142,124.685,102.277,0.931,-1,-1,-1
215,-1,942.059,190.241,153.744,87.586,0.908,-1,-1,-1
215,-1,1461.580,334.807,253.435,150.759,0.913,-1,-1,-1
215,-1,1754.617,108.654,83.086,59.692,0.838,-1,-1,-1
215,-1,1642.220,260.605,66.015,102.085,0.344,-1,-1,-1
215,-1,1547.229,241.575,135.303,102.347,0.316,-1,-1,-1
216,-1,1192.455,417.324,709.259,613.121,0.952,-1,-1,-1
216,-1,1097.725,273.111,183.394,172.761,0.973,-1,-1,-1
216,-1,973.327,192.513,153.614,90.674,0.948,-1,-1,-1
216,-1,1686.650,248.112,124.090,102.474,0.935,-1,-1,-1
216,-1,1458.588,335.504,255.419,142.532,0.917,-1,-1,-1
216,-1,1755.118,108.725,82.222,59.410,0.838,-1,-1,-1
216,-1,1642.346,260.563,65.740,102.520,0.407,-1,-1,-1
216,-1,1547.358,240.913,134.573,103.988,0.352,-1,-1,-1
217,-1,1098.956,271.489,184.333,171.885,0.973,-1,-1,-1
217,-1,1454.016,335.314,254.934,149.297,0.966,-1,-1,-1
217,-1,1686.506,248.404,123.700,101.856,0.939,-1,-1,-1
217,-1,979.655,191.428,157.882,91.945,0.915,-1,-1,-1
217,-1,1755.573,108.711,81.452,59.272,0.841,-1,-1,-1
217,-1,1642.272,260.596,65.550,102.812,0.457,-1,-1,-1
217,-1,1547.167,240.294,135.244,104.889,0.335,-1,-1,-1
218,-1,1098.384,267.832,187.958,172.018,0.969,-1,-1,-1
218,-1,1009.061,193.412,151.677,90.561,0.948,-1,-1,-1
218,-1,1452.150,335.208,254.537,155.551,0.989,-1,-1,-1
218,-1,1686.976,248.393,122.547,101.706,0.948,-1,-1,-1
218,-1,1755.624,108.807,81.502,59.245,0.842,-1,-1,-1
218,-1,1642.023,260.933,65.650,102.872,0.528,-1,-1,-1
218,-1,1547.149,240.396,135.172,104.156,0.315,-1,-1,-1
219,-1,1449.519,333.911,254.137,161.892,0.995,-1,-1,-1
219,-1,1100.139,263.332,194.050,171.629,0.958,-1,-1,-1
219,-1,1686.770,248.387,122.904,101.582,0.945,-1,-1,-1
219,-1,1016.712,193.284,153.302,89.696,0.903,-1,-1,-1
219,-1,1755.333,108.637,81.789,59.851,0.833,-1,-1,-1
219,-1,1317.915,518.891,587.687,551.016,0.773,-1,-1,-1
219,-1,1641.699,261.269,65.998,102.346,0.517,-1,-1,-1
219,-1,1547.441,240.865,135.503,103.350,0.260,-1,-1,-1
220,-1,1450.161,333.079,253.976,164.619,0.996,-1,-1,-1
220,-1,1110.278,266.348,191.060,149.065,0.962,-1,-1,-1
220,-1,1686.934,248.239,122.688,101.867,0.944,-1,-1,-1
220,-1,1049.526,192.989,144.165,90.022,0.854,-1,-1,-1
220,-1,1754.832,108.629,82.723,60.196,0.831,-1,-1,-1
220,-1,1641.735,261.390,66.167,102.108,0.510,-1,-1,-1
220,-1,1547.764,241.362,134.808,102.385,0.258,-1,-1,-1
221,-1,1449.276,333.082,255.694,165.451,0.995,-1,-1,-1
221,-1,1119.785,263.772,182.738,147.174,0.921,-1,-1,-1
221,-1,1686.114,248.611,123.648,101.134,0.938,-1,-1,-1
221,-1,1060.096,191.252,142.740,93.716,0.883,-1,-1,-1
221,-1,1753.945,109.041,84.431,59.784,0.822,-1,-1,-1
221,-1,1641.961,261.160,65.847,102.306,0.479,-1,-1,-1
221,-1,1562.495,239.441,102.139,50.761,0.233,-1,-1,-1
222,-1,1134.137,261.385,195.712,144.797,0.952,-1,-1,-1
222,-1,1448.987,333.879,256.314,165.526,0.995,-1,-1,-1
222,-1,1685.632,248.896,124.148,100.573,0.932,-1,-1,-1
222,-1,1086.752,193.402,141.838,87.827,0.866,-1,-1,-1
222,-1,1753.114,109.622,86.303,59.029,0.818,-1,-1,-1
222,-1,1642.173,261.134,65.599,102.378,0.464,-1,-1,-1
222,-1,1547.671,241.517,136.473,103.354,0.202,-1,-1,-1
223,-1,1143.497,262.364,192.363,137.629,0.961,-1,-1,-1
223,-1,1449.483,334.135,255.001,164.990,0.994,-1,-1,-1
223,-1,1096.423,193.252,139.681,86.427,0.903,-1,-1,-1
223,-1,1685.385,249.149,124.267,99.997,0.928,-1,-1,-1
223,-1,1752.445,110.150,87.830,58.292,0.806,-1,-1,-1
223,-1,1642.184,261.045,65.637,102.585,0.459,-1,-1,-1
224,-1,1450.122,335.308,253.879,162.873,0.994,-1,-1,-1
224,-1,1153.571,262.405,185.951,131.736,0.950,-1,-1,-1
224,-1,1685.547,249.102,124.051,100.129,0.928,-1,-1,-1
224,-1,1752.428,110.225,87.872,58.247,0.807,-1,-1,-1
224,-1,1115.882,193.371,149.786,84.801,0.695,-1,-1,-1
224,-1,1642.179,261.161,65.849,102.476,0.463,-1,-1,-1
225,-1,1450.227,335.928,253.680,161.742,0.995,-1,-1,-1
225,-1,1165.676,254.911,200.595,140.310,0.968,-1,-1,-1
225,-1,1126.672,192.569,142.948,88.525,0.920,-1,-1,-1
225,-1,1685.687,248.868,123.735,100.304,0.930,-1,-1,-1
225,-1,1752.352,110.260,87.992,58.217,0.808,-1,-1,-1
225,-1,1642.347,260.655,66.008,103.062,0.464,-1,-1,-1
226,-1,1449.511,336.385,254.816,161.227,0.995,-1,-1,-1
226,-1,1178.622,256.074,193.311,135.001,0.968,-1,-1,-1
226,-1,1685.575,248.862,123.715,100.347,0.932,-1,-1,-1
226,-1,1137.954,191.764,138.641,92.165,0.855,-1,-1,-1
226,-1,1752.333,110.291,87.926,58.243,0.812,-1,-1,-1
226,-1,1642.606,260.208,65.775,103.616,0.469,-1,-1,-1
227,-1,1448.208,336.650,256.499,161.185,0.995,-1,-1,-1
227,-1,1685.570,248.935,123.501,100.273,0.933,-1,-1,-1
227,-1,1202.708,255.018,196.187,135.464,0.828,-1,-1,-1
227,-1,1752.430,110.470,87.630,57.904,0.818,-1,-1,-1
227,-1,1155.674,192.379,148.174,91.492,0.740,-1,-1,-1
227,-1,1642.892,259.908,65.442,103.935,0.469,-1,-1,-1
228,-1,1447.684,337.189,256.979,160.721,0.995,-1,-1,-1
228,-1,1211.988,260.566,194.465,124.970,0.969,-1,-1,-1
228,-1,1685.670,249.409,123.153,99.848,0.937,-1,-1,-1
228,-1,1165.821,193.732,142.836,90.353,0.844,-1,-1,-1
228,-1,1752.731,110.652,87.182,57.408,0.818,-1,-1,-1
228,-1,1643.220,259.919,65.025,103.994,0.466,-1,-1,-1
229,-1,1448.021,337.425,256.675,160.783,0.995,-1,-1,-1
229,-1,1685.738,249.670,123.002,99.527,0.940,-1,-1,-1
229,-1,1176.847,194.899,137.405,89.952,0.795,-1,-1,-1
229,-1,1753.070,110.929,86.730,56.769,0.820,-1,-1,-1
229,-1,1225.184,266.262,185.971,113.373,0.754,-1,-1,-1
229,-1,1643.563,259.492,64.876,104.493,0.442,-1,-1,-1
229,-1,1559.996,240.246,106.187,48.404,0.213,-1,-1,-1
230,-1,1448.772,337.889,255.918,160.028,0.994,-1,-1,-1
230,-1,1249.470,246.087,196.211,125.997,0.984,-1,-1,-1
230,-1,1686.064,249.848,122.548,99.372,0.945,-1,-1,-1
230,-1,1753.435,111.054,86.367,56.439,0.814,-1,-1,-1
230,-1,1182.215,204.141,130.663,94.543,0.710,-1,-1,-1
230,-1,1643.740,258.775,64.908,105.383,0.442,-1,-1,-1
230,-1,1560.403,239.922,105.697,48.988,0.236,-1,-1,-1
231,-1,1449.445,337.609,255.410,160.175,0.994,-1,-1,-1
231,-1,1685.892,249.841,123.877,99.493,0.944,-1,-1,-1
231,-1,1203.619,204.266,132.557,92.596,0.917,-1,-1,-1
231,-1,1264.722,249.089,184.108,120.373,0.931,-1,-1,-1
231,-1,1754.295,110.393,85.147,57.009,0.797,-1,-1,-1
231,-1,1643.576,258.374,65.466,105.823,0.455,-1,-1,-1
231,-1,1560.846,239.706,104.734,49.044,0.262,-1,-1,-1
232,-1,1450.432,337.831,255.142,160.090,0.992,-1,-1,-1
232,-1,1288.113,243.059,187.253,124.001,0.974,-1,-1,-1
232,-1,1210.948,202.020,128.565,96.972,0.938,-1,-1,-1
232,-1,1685.916,249.723,124.883,99.768,0.943,-1,-1,-1
232,-1,1755.033,109.562,84.101,57.866,0.775,-1,-1,-1
232,-1,1643.293,258.202,66.164,106.126,0.481,-1,-1,-1
232,-1,1561.014,239.552,104.312,49.546,0.299,-1,-1,-1
233,-1,1450.910,337.587,255.088,160.136,0.991,-1,-1,-1
233,-1,1217.637,201.965,129.987,99.835,0.873,-1,-1,-1
233,-1,1685.607,249.697,126.393,99.789,0.941,-1,-1,-1
233,-1,1301.759,244.460,178.264,119.821,0.918,-1,-1,-1
233,-1,1755.744,108.803,83.068,58.638,0.757,-1,-1,-1
233,-1,1643.006,258.298,66.713,106.171,0.486,-1,-1,-1
233,-1,1561.205,239.522,103.964,49.148,0.331,-1,-1,-1
234,-1,1449.865,338.307,257.057,159.251,0.983,-1,-1,-1
234,-1,1223.015,201.585,126.543,102.533,0.206,-1,-1,-1
234,-1,1324.215,239.729,189.008,122.830,0.967,-1,-1,-1
234,-1,1685.520,249.540,126.514,99.855,0.939,-1,-1,-1
234,-1,1755.819,108.682,82.936,58.871,0.748,-1,-1,-1
234,-1,1642.878,257.964,66.871,106.624,0.490,-1,-1,-1
234,-1,1561.476,239.558,103.763,48.784,0.329,-1,-1,-1
235,-1,1448.050,338.428,259.069,158.724,0.980,-1,-1,-1
235,-1,1226.090,202.437,126.236,104.139,0.857,-1,-1,-1
235,-1,1337.248,240.782,180.821,118.193,0.947,-1,-1,-1
235,-1,1685.239,249.643,126.804,99.533,0.938,-1,-1,-1
235,-1,1755.589,108.726,83.315,58.884,0.740,-1,-1,-1
235,-1,1642.663,257.973,67.059,106.508,0.462,-1,-1,-1
235,-1,1562.068,239.734,102.914,47.429,0.335,-1,-1,-1
236,-1,1446.457,338.540,260.839,157.843,0.979,-1,-1,-1
236,-1,1227.954,202.022,124.447,106.418,0.876,-1,-1,-1
236,-1,1685.297,249.511,126.624,99.617,0.940,-1,-1,-1
236,-1,1359.407,241.816,176.041,113.839,0.929,-1,-1,-1
236,-1,1755.309,108.709,83.822,58.943,0.735,-1,-1,-1
236,-1,1642.685,258.028,67.080,106.335,0.451,-1,-1,-1
236,-1,1528.691,242.631,159.641,101.880,0.404,-1,-1,-1
237,-1,1445.551,339.045,261.720,156.767,0.984,-1,-1,-1
237,-1,1230.144,206.510,131.168,101.714,0.928,-1,-1,-1
237,-1,1369.358,244.497,167.040,107.518,0.965,-1,-1,-1
237,-1,1685.227,249.536,126.623,99.373,0.941,-1,-1,-1
237,-1,1755.170,108.857,84.112,58.722,0.737,-1,-1,-1
237,-1,1642.595,258.609,66.937,105.575,0.426,-1,-1,-1
237,-1,1526.311,243.195,162.051,100.113,0.401,-1,-1,-1
238,-1,1444.739,341.170,262.434,153.399,0.988,-1,-1,-1
238,-1,1231.222,206.435,128.623,103.604,0.913,-1,-1,-1
238,-1,1383.533,243.083,153.117,106.531,0.942,-1,-1,-1
238,-1,1685.231,249.431,126.679,99.489,0.940,-1,-1,-1
238,-1,1755.307,108.753,83.857,58.812,0.737,-1,-1,-1
238,-1,1642.544,259.041,66.697,105.115,0.436,-1,-1,-1
238,-1,1560.869,240.712,102.611,45.188,0.355,-1,-1,-1
239,-1,1444.705,343.031,262.010,151.535,0.989,-1,-1,-1
239,-1,1226.283,205.651,127.863,108.859,0.946,-1,-1,-1
239,-1,1685.042,249.473,126.805,99.288,0.940,-1,-1,-1
239,-1,1398.667,241.377,139.014,104.994,0.877,-1,-1,-1
239,-1,1755.674,108.845,83.116,58.590,0.740,-1,-1,-1
239,-1,1642.360,259.429,66.684,104.646,0.418,-1,-1,-1
239,-1,1561.800,240.509,101.858,44.238,0.351,-1,-1,-1
240,-1,1445.988,343.886,260.192,150.834,0.990,-1,-1,-1
240,-1,1225.526,207.273,128.144,110.678,0.956,-1,-1,-1
240,-1,1684.878,249.245,126.819,99.441,0.940,-1,-1,-1
240,-1,1755.623,108.783,83.302,58.664,0.749,-1,-1,-1
240,-1,1416.169,241.226,150.883,103.959,0.668,-1,-1,-1
240,-1,1642.026,260.150,66.641,103.647,0.399,-1,-1,-1
240,-1,1565.232,240.319,94.861,42.461,0.262,-1,-1,-1
241,-1,1220.661,209.264,133.416,112.915,0.966,-1,-1,-1
241,-1,1447.898,342.976,257.006,152.594,0.991,-1,-1,-1
241,-1,1685.438,249.139,126.079,99.697,0.942,-1,-1,-1
241,-1,1755.420,109.164,84.370,58.333,0.776,-1,-1,-1
241,-1,1424.858,240.295,229.942,102.746,0.723,-1,-1,-1
241,-1,1641.689,260.679,66.699,102.853,0.379,-1,-1,-1
242,-1,1214.057,210.374,137.996,115.669,0.955,-1,-1,-1
242,-1,1449.148,341.811,255.056,154.593,0.991,-1,-1,-1
242,-1,1686.055,249.074,125.365,100.033,0.939,-1,-1,-1
242,-1,1430.533,241.128,266.344,101.438,0.891,-1,-1,-1
242,-1,1755.026,109.352,85.927,58.308,0.798,-1,-1,-1
242,-1,1641.320,261.203,66.705,102.083,0.384,-1,-1,-1
243,-1,1203.842,211.417,144.904,117.979,0.941,-1,-1,-1
243,-1,1449.529,340.622,254.692,156.322,0.991,-1,-1,-1
243,-1,1686.644,249.113,124.923,100.338,0.933,-1,-1,-1
243,-1,1447.706,241.131,242.607,101.267,0.898,-1,-1,-1
243,-1,1754.694,109.569,87.307,58.281,0.808,-1,-1,-1
243,-1,1641.321,261.218,66.546,102.046,0.368,-1,-1,-1
244,-1,1194.338,212.996,147.728,119.681,0.941,-1,-1,-1
244,-1,1449.145,339.617,255.667,158.006,0.991,-1,-1,-1
244,-1,1686.547,249.026,125.228,100.459,0.924,-1,-1,-1
244,-1,1462.292,241.700,224.356,100.003,0.866,-1,-1,-1
244,-1,1754.414,109.424,87.999,58.569,0.807,-1,-1,-1
244,-1,1641.376,261.235,66.689,101.975,0.300,-1,-1,-1
245,-1,1186.999,214.684,150.122,119.352,0.944,-1,-1,-1
245,-1,1448.876,337.817,256.244,160.567,0.991,-1,-1,-1
245,-1,1686.550,248.901,125.461,100.543,0.916,-1,-1,-1
245,-1,1474.426,244.593,208.832,95.889,0.808,-1,-1,-1
245,-1,1754.091,109.341,88.635,58.782,0.813,-1,-1,-1
245,-1,1641.712,261.124,66.810,102.032,0.242,-1,-1,-1
246,-1,1171.143,215.144,154.321,122.213,0.949,-1,-1,-1
246,-1,1448.100,336.100,256.877,162.824,0.990,-1,-1,-1
246,-1,1686.742,248.897,125.288,100.440,0.910,-1,-1,-1
246,-1,1753.799,109.281,89.230,58.898,0.818,-1,-1,-1
246,-1,1495.322,242.920,206.434,103.869,0.771,-1,-1,-1
247,-1,1161.435,213.594,157.897,126.427,0.959,-1,-1,-1
247,-1,1448.046,335.137,257.091,164.137,0.990,-1,-1,-1
247,-1,1686.850,248.867,125.242,100.357,0.906,-1,-1,-1
247,-1,1754.016,109.294,89.006,58.781,0.823,-1,-1,-1
247,-1,1508.697,243.735,185.660,103.284,0.712,-1,-1,-1
247,-1,1643.458,261.118,66.540,101.513,0.219,-1,-1,-1
248,-1,1149.562,214.036,162.388,127.322,0.950,-1,-1,-1
248,-1,1448.525,334.982,256.982,164.635,0.991,-1,-1,-1
248,-1,1686.949,248.808,124.918,100.318,0.909,-1,-1,-1
248,-1,1754.366,109.457,88.452,58.422,0.829,-1,-1,-1
248,-1,1521.628,243.507,165.956,104.058,0.639,-1,-1,-1
248,-1,1569.800,214.162,64.714,37.357,0.290,-1,-1,-1
248,-1,1644.126,261.541,66.393,100.771,0.229,-1,-1,-1
249,-1,1449.479,335.155,256.302,165.040,0.992,-1,-1,-1
249,-1,1135.371,216.252,152.810,123.014,0.932,-1,-1,-1
249,-1,1687.067,248.841,124.552,100.329,0.914,-1,-1,-1
249,-1,1754.753,109.547,87.713,58.106,0.836,-1,-1,-1
249,-1,1532.686,242.759,150.849,105.814,0.612,-1,-1,-1
249,-1,1567.398,213.401,71.120,38.071,0.377,-1,-1,-1
249,-1,1644.069,262.013,66.781,100.459,0.256,-1,-1,-1
250,-1,1116.790,219.993,171.176,130.333,0.959,-1,-1,-1
250,-1,1449.262,334.541,256.610,166.061,0.993,-1,-1,-1
250,-1,1687.270,248.955,123.838,100.229,0.921,-1,-1,-1
250,-1,1754.783,109.742,87.464,57.734,0.842,-1,-1,-1
250,-1,1540.033,240.903,141.857,108.127,0.569,-1,-1,-1
250,-1,1566.502,212.605,75.125,38.190,0.385,-1,-1,-1
250,-1,1643.608,262.461,67.085,100.291,0.301,-1,-1,-1
251,-1,1104.684,218.067,176.801,134.226,0.962,-1,-1,-1
251,-1,1448.787,334.033,256.878,166.916,0.993,-1,-1,-1
251,-1,1687.643,249.119,123.311,100.239,0.924,-1,-1,-1
251,-1,1754.733,109.883,87.406,57.452,0.842,-1,-1,-1
251,-1,1550.228,229.074,119.207,77.306,0.560,-1,-1,-1
251,-1,1567.393,212.378,76.064,37.842,0.342,-1,-1,-1
251,-1,1642.933,262.351,67.738,100.898,0.339,-1,-1,-1
252,-1,1448.811,333.318,256.714,168.059,0.993,-1,-1,-1
252,-1,1088.191,224.792,171.562,125.478,0.937,-1,-1,-1
252,-1,1688.392,249.234,122.401,100.251,0.921,-1,-1,-1
252,-1,1755.003,110.217,86.655,56.979,0.841,-1,-1,-1
252,-1,1551.967,228.108,119.108,77.189,0.548,-1,-1,-1
252,-1,1642.124,262.784,68.316,100.438,0.348,-1,-1,-1
252,-1,1569.399,210.989,71.478,39.102,0.274,-1,-1,-1
253,-1,1076.168,224.005,178.977,129.090,0.973,-1,-1,-1
253,-1,1449.281,332.781,256.319,169.003,0.993,-1,-1,-1
253,-1,1689.348,249.266,121.533,100.356,0.916,-1,-1,-1
253,-1,1755.369,110.591,85.716,56.359,0.841,-1,-1,-1
253,-1,1552.270,226.395,121.204,79.812,0.533,-1,-1,-1
253,-1,1642.012,262.787,68.977,100.220,0.301,-1,-1,-1
253,-1,1571.559,209.744,69.833,40.148,0.223,-1,-1,-1
254,-1,1449.827,332.873,256.103,169.020,0.993,-1,-1,-1
254,-1,1065.328,223.187,181.234,133.078,0.959,-1,-1,-1
254,-1,1689.948,249.321,121.047,100.251,0.910,-1,-1,-1
254,-1,1755.738,110.828,84.886,56.016,0.841,-1,-1,-1
254,-1,1552.880,225.412,121.835,81.997,0.464,-1,-1,-1
254,-1,1571.833,208.743,71.418,41.188,0.238,-1,-1,-1
254,-1,1642.051,263.052,69.189,99.700,0.222,-1,-1,-1
255,-1,1449.948,333.249,255.982,168.511,0.993,-1,-1,-1
255,-1,1045.285,227.787,172.900,128.130,0.962,-1,-1,-1
255,-1,1690.415,249.298,120.568,100.237,0.904,-1,-1,-1
255,-1,1755.793,110.866,84.917,55.892,0.841,-1,-1,-1
255,-1,1553.763,224.342,123.054,83.078,0.437,-1,-1,-1
255,-1,1572.957,208.300,71.560,41.916,0.213,-1,-1,-1
256,-1,1030.115,226.778,183.725,133.176,0.966,-1,-1,-1
256,-1,1450.270,333.526,255.250,167.979,0.994,-1,-1,-1
256,-1,1689.907,249.349,121.141,100.063,0.900,-1,-1,-1
256,-1,1755.554,110.742,85.694,56.003,0.836,-1,-1,-1
256,-1,1555.423,226.106,121.754,78.280,0.421,-1,-1,-1
256,-1,1573.667,209.118,71.527,41.185,0.213,-1,-1,-1
257,-1,1450.399,333.749,255.420,167.457,0.993,-1,-1,-1
257,-1,1012.956,229.868,172.732,131.176,0.914,-1,-1,-1
257,-1,1689.373,249.325,121.803,100.151,0.896,-1,-1,-1
257,-1,1755.069,110.695,86.984,55.951,0.834,-1,-1,-1
257,-1,1554.935,227.251,122.766,75.800,0.410,-1,-1,-1
258,-1,999.435,228.715,186.494,136.754,0.971,-1,-1,-1
258,-1,1450.668,333.460,255.234,167.435,0.993,-1,-1,-1
258,-1,1688.815,249.354,122.721,100.214,0.893,-1,-1,-1
258,-1,1754.693,110.677,87.866,55.935,0.834,-1,-1,-1
258,-1,1555.013,228.536,121.032,73.374,0.378,-1,-1,-1
258,-1,1574.948,210.385,68.674,39.525,0.228,-1,-1,-1
258,-1,1643.100,262.024,66.920,101.651,0.219,-1,-1,-1
259,-1,1450.028,334.055,256.095,166.327,0.993,-1,-1,-1
259,-1,989.485,229.804,191.468,139.130,0.970,-1,-1,-1
259,-1,1688.888,249.394,122.929,100.360,0.883,-1,-1,-1
259,-1,1754.593,110.609,88.188,56.018,0.830,-1,-1,-1
259,-1,1554.711,228.545,121.057,73.052,0.309,-1,-1,-1
259,-1,1574.617,209.491,69.033,39.922,0.262,-1,-1,-1
259,-1,1643.068,262.463,67.102,101.263,0.226,-1,-1,-1
260,-1,1449.374,334.006,256.421,166.004,0.993,-1,-1,-1
260,-1,969.560,229.072,208.811,151.516,0.901,-1,-1,-1
260,-1,1688.756,249.598,123.340,99.998,0.880,-1,-1,-1
260,-1,1754.918,110.474,87.542,56.190,0.826,-1,-1,-1
260,-1,1573.675,208.491,72.528,40.902,0.316,-1,-1,-1
260,-1,1554.525,227.798,119.448,72.048,0.298,-1,-1,-1
260,-1,1642.292,263.947,67.937,99.343,0.223,-1,-1,-1
261,-1,1448.783,334.828,257.370,164.170,0.992,-1,-1,-1
261,-1,950.564,235.300,204.403,142.742,0.943,-1,-1,-1
261,-1,1688.787,249.747,123.182,99.380,0.877,-1,-1,-1
261,-1,1754.547,110.272,87.209,56.652,0.811,-1,-1,-1
261,-1,1572.626,207.199,75.137,40.244,0.343,-1,-1,-1
261,-1,1552.317,227.719,120.886,73.405,0.314,-1,-1,-1
262,-1,1448.915,334.944,257.561,163.344,0.989,-1,-1,-1
262,-1,943.688,235.589,209.141,147.547,0.907,-1,-1,-1
262,-1,1688.708,249.768,122.902,99.025,0.883,-1,-1,-1
262,-1,1754.085,110.115,87.091,57.164,0.800,-1,-1,-1
262,-1,1573.613,206.232,72.948,40.468,0.359,-1,-1,-1
262,-1,1555.832,242.491,159.532,117.016,0.343,-1,-1,-1
263,-1,1448.816,335.316,258.374,162.191,0.987,-1,-1,-1
263,-1,914.323,240.672,213.802,139.642,0.940,-1,-1,-1
263,-1,1688.799,249.644,122.332,98.840,0.887,-1,-1,-1
263,-1,1753.446,109.984,87.394,57.648,0.791,-1,-1,-1
263,-1,1573.517,205.631,71.335,40.431,0.357,-1,-1,-1
263,-1,1555.391,241.069,159.052,119.864,0.398,-1,-1,-1
264,-1,1448.788,335.497,258.791,161.920,0.987,-1,-1,-1
264,-1,906.110,241.326,215.650,145.055,0.942,-1,-1,-1
264,-1,1688.284,249.543,122.896,98.927,0.895,-1,-1,-1
264,-1,1753.569,109.834,86.985,57.909,0.796,-1,-1,-1
264,-1,1569.488,205.617,74.672,41.125,0.396,-1,-1,-1
264,-1,1537.471,241.137,149.445,109.705,0.336,-1,-1,-1
264,-1,1642.277,262.862,68.651,99.926,0.236,-1,-1,-1
265,-1,1448.930,336.006,258.856,161.154,0.986,-1,-1,-1
265,-1,888.867,248.318,210.106,148.910,0.951,-1,-1,-1
265,-1,1687.784,249.486,123.887,98.789,0.892,-1,-1,-1
265,-1,1753.606,109.580,86.597,58.409,0.789,-1,-1,-1
265,-1,1530.377,240.815,157.875,111.685,0.455,-1,-1,-1
265,-1,1567.525,204.889,73.774,42.195,0.328,-1,-1,-1
265,-1,1643.070,262.894,67.989,99.429,0.228,-1,-1,-1
266,-1,1449.111,336.728,258.359,160.406,0.987,-1,-1,-1
266,-1,875.062,247.174,201.465,153.953,0.961,-1,-1,-1
266,-1,1687.358,249.687,124.402,98.456,0.895,-1,-1,-1
266,-1,1753.623,109.337,86.211,58.937,0.775,-1,-1,-1
266,-1,1526.508,241.729,163.715,108.620,0.465,-1,-1,-1
266,-1,1565.963,206.327,70.306,41.608,0.325,-1,-1,-1
267,-1,1449.370,336.983,257.203,160.228,0.988,-1,-1,-1
267,-1,868.326,245.560,196.888,157.737,0.950,-1,-1,-1
267,-1,1687.249,249.619,124.566,98.459,0.895,-1,-1,-1
267,-1,1753.406,109.210,86.597,59.364,0.764,-1,-1,-1
267,-1,1519.053,242.554,177.420,106.851,0.498,-1,-1,-1
268,-1,1449.439,336.426,256.449,161.181,0.989,-1,-1,-1
268,-1,853.958,244.554,197.181,163.064,0.963,-1,-1,-1
268,-1,1687.056,249.712,124.567,98.211,0.896,-1,-1,-1
268,-1,1753.287,109.155,86.763,59.558,0.755,-1,-1,-1
268,-1,1515.404,243.280,184.805,104.014,0.468,-1,-1,-1
269,-1,844.992,245.816,201.743,163.474,0.968,-1,-1,-1
269,-1,1450.192,335.835,255.307,162.207,0.988,-1,-1,-1
269,-1,1686.976,249.493,124.984,98.402,0.891,-1,-1,-1
269,-1,1753.238,109.141,86.837,59.561,0.758,-1,-1,-1
269,-1,1511.040,243.378,191.710,103.999,0.506,-1,-1,-1
270,-1,829.008,249.585,207.420,163.994,0.981,-1,-1,-1
270,-1,1450.340,335.798,255.349,162.376,0.988,-1,-1,-1
270,-1,1686.739,249.561,125.222,98.248,0.888,-1,-1,-1
270,-1,1753.228,109.223,86.932,59.394,0.756,-1,-1,-1
270,-1,1512.337,245.169,188.409,100.403,0.457,-1,-1,-1
270,-1,1460.637,187.640,76.643,89.790,0.337,-1,-1,-1
271,-1,813.344,253.343,211.581,164.096,0.978,-1,-1,-1
271,-1,1450.563,336.047,255.276,162.201,0.988,-1,-1,-1
271,-1,1686.851,249.518,124.866,98.451,0.895,-1,-1,-1
271,-1,1753.300,109.491,86.866,58.916,0.770,-1,-1,-1
271,-1,1451.142,189.718,86.046,85.180,0.532,-1,-1,-1
271,-1,1518.767,245.893,178.470,98.183,0.439,-1,-1,-1
272,-1,797.685,258.150,213.862,164.294,0.977,-1,-1,-1
272,-1,1450.078,336.521,255.873,161.604,0.989,-1,-1,-1
272,-1,1686.988,249.454,124.291,98.750,0.905,-1,-1,-1
272,-1,1753.390,109.735,86.532,58.523,0.783,-1,-1,-1
272,-1,1431.709,186.911,116.159,86.538,0.259,-1,-1,-1
272,-1,1522.532,246.038,172.668,97.545,0.430,-1,-1,-1
273,-1,788.638,262.412,214.871,165.543,0.959,-1,-1,-1
273,-1,1449.819,336.492,256.509,161.850,0.988,-1,-1,-1
273,-1,1687.134,249.300,123.909,99.072,0.915,-1,-1,-1
273,-1,1753.296,109.952,86.572,58.100,0.801,-1,-1,-1
273,-1,1421.742,184.209,126.922,88.137,0.321,-1,-1,-1
273,-1,1527.932,245.613,165.501,97.587,0.463,-1,-1,-1
274,-1,1449.563,336.680,257.210,161.923,0.988,-1,-1,-1
274,-1,769.660,269.162,221.566,170.889,0.957,-1,-1,-1
274,-1,1687.132,249.134,123.761,99.220,0.922,-1,-1,-1
274,-1,1400.133,185.745,129.560,85.394,0.314,-1,-1,-1
274,-1,1753.035,110.064,86.988,57.865,0.812,-1,-1,-1
274,-1,1525.954,245.376,168.736,99.047,0.493,-1,-1,-1
275,-1,764.903,270.199,219.392,175.706,0.966,-1,-1,-1
275,-1,1449.465,336.523,257.339,162.406,0.989,-1,-1,-1
275,-1,1385.982,186.052,139.075,84.538,0.304,-1,-1,-1
275,-1,1687.188,249.088,123.398,99.295,0.929,-1,-1,-1
275,-1,1752.826,110.209,87.439,57.624,0.820,-1,-1,-1
275,-1,1530.254,244.850,164.145,99.458,0.446,-1,-1,-1
276,-1,756.930,271.950,221.022,182.334,0.952,-1,-1,-1
276,-1,1449.919,336.715,257.015,162.564,0.990,-1,-1,-1
276,-1,1687.202,249.036,123.242,99.456,0.929,-1,-1,-1
276,-1,1753.245,110.090,86.704,57.726,0.811,-1,-1,-1
276,-1,1362.397,182.403,132.654,87.084,0.271,-1,-1,-1
276,-1,1557.473,243.151,156.458,113.420,0.417,-1,-1,-1
277,-1,749.683,273.555,216.637,188.562,0.212,-1,-1,-1
277,-1,1450.141,336.806,256.687,162.703,0.991,-1,-1,-1
277,-1,1349.233,179.534,138.378,89.905,0.411,-1,-1,-1
277,-1,1687.113,248.984,123.360,99.715,0.924,-1,-1,-1
277,-1,1753.666,109.974,86.021,57.815,0.807,-1,-1,-1
277,-1,1559.363,242.259,153.852,115.231,0.437,-1,-1,-1
278,-1,743.101,277.049,215.761,193.090,0.260,-1,-1,-1
278,-1,1450.520,337.166,256.422,162.482,0.990,-1,-1,-1
278,-1,1687.002,248.916,123.705,99.857,0.915,-1,-1,-1
278,-1,1327.157,182.025,129.982,84.333,0.279,-1,-1,-1
278,-1,1753.927,109.803,85.736,57.995,0.800,-1,-1,-1
278,-1,1560.180,242.197,153.104,115.460,0.420,-1,-1,-1
279,-1,737.468,280.451,215.269,195.346,0.218,-1,-1,-1
279,-1,1450.631,336.989,255.784,162.807,0.989,-1,-1,-1
279,-1,1686.889,248.832,124.009,99.969,0.910,-1,-1,-1
279,-1,1317.159,179.725,129.893,83.216,0.202,-1,-1,-1
279,-1,1753.670,109.881,86.249,57.929,0.803,-1,-1,-1
279,-1,1560.172,242.209,153.301,115.399,0.408,-1,-1,-1
280,-1,732.956,283.081,219.147,198.985,0.951,-1,-1,-1
280,-1,1450.853,336.920,255.335,163.025,0.990,-1,-1,-1
280,-1,1686.873,248.743,124.138,100.076,0.906,-1,-1,-1
280,-1,1283.096,178.708,136.957,82.738,0.780,-1,-1,-1
280,-1,1753.545,109.890,86.421,57.978,0.801,-1,-1,-1
280,-1,1559.784,242.402,153.756,115.026,0.417,-1,-1,-1
281,-1,729.931,285.355,221.296,200.305,0.973,-1,-1,-1
281,-1,1450.901,336.690,255.197,163.522,0.990,-1,-1,-1
281,-1,1274.393,175.346,138.043,86.055,0.926,-1,-1,-1
281,-1,1686.754,248.656,124.394,100.168,0.904,-1,-1,-1
281,-1,1753.428,109.894,86.551,58.022,0.800,-1,-1,-1
281,-1,1559.606,242.319,153.927,115.200,0.435,-1,-1,-1
