230,242,625,780,131,110,1,-1,-1,-1
231,242,633,780,134,112,1,-1,-1,-1
232,242,640,779,138,114,1,-1,-1,-1
233,242,648,779,141,116,1,-1,-1,-1
234,242,656,779,145,118,1,-1,-1,-1
235,242,664,779,148,120,1,-1,-1,-1
236,242,672,779,152,122,1,-1,-1,-1
237,242,680,779,155,124,1,-1,-1,-1
238,242,688,779,159,126,1,-1,-1,-1
239,242,702,784,157,122,1,-1,-1,-1
240,242,716,789,155,118,1,-1,-1,-1
241,242,731,794,153,114,1,-1,-1,-1
242,242,740,793,156,115,1,-1,-1,-1
243,242,751,794,150,113,1,-1,-1,-1
244,242,766,796,164,119,1,-1,-1,-1
245,242,779,794,163,125,1,-1,-1,-1
246,242,792,800,163,131,1,-1,-1,-1
247,242,809,796,180,145,1,-1,-1,-1
248,242,820,795,184,151,1,-1,-1,-1
249,242,828,796,193,155,1,-1,-1,-1
250,242,851,800,199,154,1,-1,-1,-1
251,242,862,802,205,157,1,-1,-1,-1
252,242,886,801,223,164,1,-1,-1,-1
253,242,896,803,231,168,1,-1,-1,-1
254,242,923,804,253,180,1,-1,-1,-1
255,242,940,807,244,185,1,-1,-1,-1
256,242,971,809,265,191,1,-1,-1,-1
257,242,1015,826,273,193,1,-1,-1,-1
258,242,1029,825,268,203,1,-1,-1,-1
259,242,1048,812,367,246,1,-1,-1,-1
260,242,1097,807,427,271,1,-1,-1,-1
261,242,1123,836,420,269,1,-1,-1,-1
262,242,1175,834,503,296,1,-1,-1,-1
263,242,1165,856,561,284,1,-1,-1,-1
264,242,1331,813,636,420,1,-1,-1,-1
265,242,1308,804,729,436,1,-1,-1,-1
266,242,1510,861,720,483,1,-1,-1,-1
267,242,1690,879,785,560,1,-1,-1,-1
732,243,1877,651,659,283,1,-1,-1,-1
733,243,1760,659,700,261,1,-1,-1,-1
734,243,1680,656,479,264,1,-1,-1,-1
735,243,1598,667,454,245,1,-1,-1,-1
736,243,1514,671,441,236,1,-1,-1,-1
737,243,1505,677,415,222,1,-1,-1,-1
738,243,1453,686,298,189,1,-1,-1,-1
739,243,1445,686,297,183,1,-1,-1,-1
740,243,1361,684,287,186,1,-1,-1,-1
741,243,1322,683,271,187,1,-1,-1,-1
742,243,1310,685,272,179,1,-1,-1,-1
742,245,550,766,137,109,1,-1,-1,-1
743,243,1270,687,257,177,1,-1,-1,-1
743,245,555,765,138,110,1,-1,-1,-1
744,243,1231,692,244,169,1,-1,-1,-1
744,245,561,765,140,111,1,-1,-1,-1
745,243,1192,696,236,160,1,-1,-1,-1
745,245,566,764,142,112,1,-1,-1,-1
746,243,1183,696,227,157,1,-1,-1,-1
746,245,572,764,144,113,1,-1,-1,-1
747,243,1150,696,215,158,1,-1,-1,-1
747,245,577,763,146,114,1,-1,-1,-1
748,243,1110,699,219,153,1,-1,-1,-1
748,245,583,763,148,115,1,-1,-1,-1
749,243,1106,698,199,151,1,-1,-1,-1
749,245,588,762,150,116,1,-1,-1,-1
750,243,1068,700,201,149,1,-1,-1,-1
750,245,594,762,151,117,1,-1,-1,-1
751,243,1061,702,188,145,1,-1,-1,-1
751,245,599,761,153,118,1,-1,-1,-1
752,243,1025,702,195,143,1,-1,-1,-1
752,245,605,761,155,119,1,-1,-1,-1
753,243,1020,703,181,143,1,-1,-1,-1
753,245,610,760,157,120,1,-1,-1,-1
754,243,1007,705,177,140,1,-1,-1,-1
754,245,616,760,159,121,1,-1,-1,-1
755,243,979,705,180,140,1,-1,-1,-1
755,245,621,759,161,122,1,-1,-1,-1
756,243,967,706,177,142,1,-1,-1,-1
756,245,627,759,163,124,1,-1,-1,-1
757,243,971,719,150,116,1,-1,-1,-1
757,245,636,758,164,125,1,-1,-1,-1
758,243,934,720,161,117,1,-1,-1,-1
758,245,646,757,165,127,1,-1,-1,-1
759,243,916,721,174,115,1,-1,-1,-1
759,245,656,756,167,128,1,-1,-1,-1
760,243,916,723,156,110,1,-1,-1,-1
760,245,666,755,168,130,1,-1,-1,-1
761,243,890,725,161,113,1,-1,-1,-1
761,245,676,754,170,132,1,-1,-1,-1
762,243,878,726,161,111,1,-1,-1,-1
762,245,686,753,171,133,1,-1,-1,-1
763,243,873,728,150,107,1,-1,-1,-1
763,245,696,752,173,135,1,-1,-1,-1
764,245,705,751,174,137,1,-1,-1,-1
765,245,715,750,176,138,1,-1,-1,-1
766,245,725,749,177,140,1,-1,-1,-1
767,245,735,748,179,142,1,-1,-1,-1
768,245,752,745,178,144,1,-1,-1,-1
769,244,1928,654,588,263,1,-1,-1,-1
769,245,760,743,167,149,1,-1,-1,-1
770,244,1738,661,587,239,1,-1,-1,-1
770,245,763,743,172,153,1,-1,-1,-1
771,244,1635,660,601,234,1,-1,-1,-1
771,245,767,743,176,156,1,-1,-1,-1
772,244,1641,654,553,239,1,-1,-1,-1
772,245,773,746,182,154,1,-1,-1,-1
773,244,1585,660,481,223,1,-1,-1,-1
773,245,779,749,188,152,1,-1,-1,-1
774,244,1499,665,462,219,1,-1,-1,-1
774,245,799,757,192,148,1,-1,-1,-1
775,244,1476,669,465,211,1,-1,-1,-1
775,245,805,759,196,147,1,-1,-1,-1
776,244,1473,680,346,180,1,-1,-1,-1
776,245,810,759,204,148,1,-1,-1,-1
777,244,1406,678,292,181,1,-1,-1,-1
777,245,816,758,213,151,1,-1,-1,-1
778,244,1357,678,293,180,1,-1,-1,-1
778,245,830,766,221,153,1,-1,-1,-1
779,244,1319,681,278,178,1,-1,-1,-1
779,245,835,763,220,158,1,-1,-1,-1
780,244,1318,680,260,176,1,-1,-1,-1
780,245,845,762,221,164,1,-1,-1,-1
781,244,1272,684,255,169,1,-1,-1,-1
781,245,855,759,223,171,1,-1,-1,-1
782,244,1227,686,252,164,1,-1,-1,-1
782,245,863,757,225,179,1,-1,-1,-1
783,244,1193,690,237,160,1,-1,-1,-1
783,245,869,757,244,188,1,-1,-1,-1
784,244,1183,691,229,155,1,-1,-1,-1
784,245,873,758,252,191,1,-1,-1,-1
785,244,1147,692,220,154,1,-1,-1,-1
785,245,882,759,255,193,1,-1,-1,-1
786,244,1136,697,214,144,1,-1,-1,-1
786,245,891,767,260,203,1,-1,-1,-1
787,244,1100,697,207,145,1,-1,-1,-1
787,245,895,768,262,206,1,-1,-1,-1
788,245,907,771,285,208,1,-1,-1,-1
789,245,914,771,292,211,1,-1,-1,-1
790,245,926,775,288,213,1,-1,-1,-1
791,245,949,780,304,223,1,-1,-1,-1
792,245,954,772,326,251,1,-1,-1,-1
793,245,971,778,333,254,1,-1,-1,-1
794,245,986,784,341,255,1,-1,-1,-1
795,245,1006,777,378,272,1,-1,-1,-1
796,244,914,710,178,136,1,-1,-1,-1
796,245,1012,775,393,286,1,-1,-1,-1
797,244,897,726,151,115,1,-1,-1,-1
797,245,1024,773,424,303,1,-1,-1,-1
798,244,878,724,172,116,1,-1,-1,-1
798,245,1039,768,438,318,1,-1,-1,-1
799,244,869,725,166,112,1,-1,-1,-1
799,245,1086,763,461,343,1,-1,-1,-1
800,244,881,724,138,109,1,-1,-1,-1
800,245,1099,762,487,360,1,-1,-1,-1
801,244,835,731,160,111,1,-1,-1,-1
801,245,1133,763,530,368,1,-1,-1,-1
802,244,828,735,151,106,1,-1,-1,-1
802,245,1139,777,569,388,1,-1,-1,-1
803,245,1203,766,575,473,1,-1,-1,-1
804,245,1234,770,611,479,1,-1,-1,-1
805,245,1270,763,701,499,1,-1,-1,-1
806,245,1304,775,754,504,1,-1,-1,-1
807,245,1328,777,803,498,1,-1,-1,-1
808,245,1411,789,914,564,1,-1,-1,-1
809,245,1503,789,1022,601,1,-1,-1,-1
810,246,1756,641,563,295,1,-1,-1,-1
811,246,1677,651,512,272,1,-1,-1,-1
812,246,1598,662,461,249,1,-1,-1,-1
813,246,1554,663,508,240,1,-1,-1,-1
814,246,1499,670,433,218,1,-1,-1,-1
815,246,1418,671,424,216,1,-1,-1,-1
816,246,1407,675,364,201,1,-1,-1,-1
817,246,1396,679,304,186,1,-1,-1,-1
818,246,1307,682,302,180,1,-1,-1,-1
819,246,1304,683,289,179,1,-1,-1,-1
820,246,1265,685,271,174,1,-1,-1,-1
821,246,1225,688,264,173,1,-1,-1,-1
822,246,1192,692,243,164,1,-1,-1,-1
823,246,1181,693,239,161,1,-1,-1,-1
824,246,1144,695,228,157,1,-1,-1,-1
825,246,1131,698,225,149,1,-1,-1,-1
826,246,1098,701,216,147,1,-1,-1,-1
827,246,1059,702,218,146,1,-1,-1,-1
828,246,1052,703,202,142,1,-1,-1,-1
829,246,1021,702,200,146,1,-1,-1,-1
830,246,1011,703,192,144,1,-1,-1,-1
831,246,997,706,192,139,1,-1,-1,-1
832,246,967,705,187,142,1,-1,-1,-1
833,246,952,707,187,139,1,-1,-1,-1
834,246,929,707,182,142,1,-1,-1,-1
835,246,917,709,181,141,1,-1,-1,-1
836,246,903,711,183,137,1,-1,-1,-1
837,246,889,724,158,119,1,-1,-1,-1
838,246,872,723,170,118,1,-1,-1,-1
839,246,875,723,150,114,1,-1,-1,-1
840,246,846,729,148,113,1,-1,-1,-1
841,246,832,732,155,111,1,-1,-1,-1
842,246,826,734,146,106,1,-1,-1,-1
944,247,0,1178,621,323,1,-1,-1,-1
945,247,0,1171,626,324,1,-1,-1,-1
946,247,14,1164,631,325,1,-1,-1,-1
947,247,30,1157,637,326,1,-1,-1,-1
948,247,46,1151,642,327,1,-1,-1,-1
949,247,62,1144,647,328,1,-1,-1,-1
950,247,78,1137,653,329,1,-1,-1,-1
951,247,94,1130,658,330,1,-1,-1,-1
952,247,111,1124,664,332,1,-1,-1,-1
953,247,129,1122,660,328,1,-1,-1,-1
954,247,147,1120,657,325,1,-1,-1,-1
955,247,165,1118,653,322,1,-1,-1,-1
956,247,183,1116,650,319,1,-1,-1,-1
957,247,201,1114,646,315,1,-1,-1,-1
958,247,219,1112,643,312,1,-1,-1,-1
959,247,237,1110,639,309,1,-1,-1,-1
960,247,256,1109,636,306,1,-1,-1,-1
961,247,261,1104,644,308,1,-1,-1,-1
962,247,266,1099,652,311,1,-1,-1,-1
963,247,271,1094,660,314,1,-1,-1,-1
964,247,277,1089,669,317,1,-1,-1,-1
965,247,282,1084,677,320,1,-1,-1,-1
966,247,287,1079,685,323,1,-1,-1,-1
967,247,293,1074,694,326,1,-1,-1,-1
968,247,308,1074,690,319,1,-1,-1,-1
969,247,324,1074,686,312,1,-1,-1,-1
970,247,339,1074,683,306,1,-1,-1,-1
971,247,355,1075,679,299,1,-1,-1,-1
972,247,371,1075,676,293,1,-1,-1,-1
973,247,386,1075,672,286,1,-1,-1,-1
974,247,402,1076,669,279,1,-1,-1,-1
975,247,419,1074,668,276,1,-1,-1,-1
976,247,440,1076,648,267,1,-1,-1,-1
977,247,466,1058,688,270,1,-1,-1,-1
978,247,484,1057,687,267,1,-1,-1,-1
979,247,514,1054,673,268,1,-1,-1,-1
980,247,539,1052,650,268,1,-1,-1,-1
981,247,580,1029,663,284,1,-1,-1,-1
982,247,602,1026,662,284,1,-1,-1,-1
983,247,633,1024,640,287,1,-1,-1,-1
984,247,665,1022,597,291,1,-1,-1,-1
985,247,707,1003,647,279,1,-1,-1,-1
986,247,741,1000,615,283,1,-1,-1,-1
987,247,768,988,688,287,1,-1,-1,-1
988,247,786,982,698,294,1,-1,-1,-1
989,247,818,978,674,298,1,-1,-1,-1
990,247,858,968,720,302,1,-1,-1,-1
991,247,881,966,724,307,1,-1,-1,-1
992,247,941,960,726,305,1,-1,-1,-1
993,247,954,957,749,311,1,-1,-1,-1
994,247,989,954,728,316,1,-1,-1,-1
995,247,1037,946,747,326,1,-1,-1,-1
996,247,1064,926,755,379,1,-1,-1,-1
997,247,1116,925,759,394,1,-1,-1,-1
998,247,1165,923,745,407,1,-1,-1,-1
999,247,1231,926,756,425,1,-1,-1,-1
1000,247,1253,932,796,438,1,-1,-1,-1
1001,247,1303,930,807,473,1,-1,-1,-1
1002,247,1387,923,834,515,1,-1,-1,-1
1003,247,1417,936,875,535,1,-1,-1,-1
1004,247,1464,938,946,559,1,-1,-1,-1
1005,247,1512,940,1017,584,1,-1,-1,-1
1096,248,1766,567,683,429,1,-1,-1,-1
1097,248,1717,570,662,417,1,-1,-1,-1
1098,248,1640,588,570,318,1,-1,-1,-1
1099,248,1621,593,576,314,1,-1,-1,-1
1100,248,1549,595,545,311,1,-1,-1,-1
1101,248,1496,596,500,295,1,-1,-1,-1
1102,248,1473,598,498,298,1,-1,-1,-1
1103,248,1414,606,477,278,1,-1,-1,-1
1104,248,1400,611,454,273,1,-1,-1,-1
1105,248,1384,610,430,267,1,-1,-1,-1
1106,248,1341,621,407,257,1,-1,-1,-1
1107,248,1326,627,379,244,1,-1,-1,-1
1108,248,1309,628,367,232,1,-1,-1,-1
1109,248,1269,636,357,224,1,-1,-1,-1
1110,248,1245,636,350,222,1,-1,-1,-1
1111,248,1235,644,321,212,1,-1,-1,-1
1112,248,1205,647,307,207,1,-1,-1,-1
1113,248,1194,651,303,201,1,-1,-1,-1
1114,248,1164,655,289,195,1,-1,-1,-1
1115,248,1150,657,291,193,1,-1,-1,-1
1116,248,1130,658,272,189,1,-1,-1,-1
1117,248,1118,658,269,189,1,-1,-1,-1
1118,248,1098,662,245,183,1,-1,-1,-1
1119,248,1082,661,255,185,1,-1,-1,-1
1120,248,1071,664,249,178,1,-1,-1,-1
1121,248,1051,668,239,173,1,-1,-1,-1
1122,248,1039,668,236,172,1,-1,-1,-1
1123,248,1030,671,230,167,1,-1,-1,-1
1124,248,1008,676,226,161,1,-1,-1,-1
1125,248,998,677,222,159,1,-1,-1,-1
1126,248,986,679,220,157,1,-1,-1,-1
1127,248,968,679,215,156,1,-1,-1,-1
1128,248,959,680,215,153,1,-1,-1,-1
1129,248,949,682,209,151,1,-1,-1,-1
1130,248,940,683,203,149,1,-1,-1,-1
1131,248,925,681,196,153,1,-1,-1,-1
1132,248,915,681,196,151,1,-1,-1,-1
1133,248,906,683,190,148,1,-1,-1,-1
1134,248,896,693,189,145,1,-1,-1,-1
1135,248,882,685,188,148,1,-1,-1,-1
1136,248,871,692,188,149,1,-1,-1,-1
1137,248,860,694,183,145,1,-1,-1,-1
1138,248,853,697,179,142,1,-1,-1,-1
1139,248,842,694,176,150,1,-1,-1,-1
1140,248,833,696,183,148,1,-1,-1,-1
1141,248,823,698,188,147,1,-1,-1,-1
1142,248,811,700,190,144,1,-1,-1,-1
1143,248,804,701,188,144,1,-1,-1,-1
1144,248,795,703,165,144,1,-1,-1,-1
1145,248,787,704,167,143,1,-1,-1,-1
1146,241,1890,668,644,291,1,-1,-1,-1
1146,248,782,723,162,116,1,-1,-1,-1
1147,241,1829,665,588,280,1,-1,-1,-1
1147,248,769,723,171,115,1,-1,-1,-1
1148,241,1729,666,581,268,1,-1,-1,-1
1148,248,762,723,172,116,1,-1,-1,-1
1149,241,1667,668,522,262,1,-1,-1,-1
1149,248,760,723,166,116,1,-1,-1,-1
1150,241,1628,674,553,249,1,-1,-1,-1
1150,248,749,725,160,119,1,-1,-1,-1
1151,241,1571,687,497,222,1,-1,-1,-1
1151,248,748,729,152,114,1,-1,-1,-1
1152,241,1504,694,468,212,1,-1,-1,-1
1152,248,743,731,147,110,1,-1,-1,-1
1153,241,1490,697,439,201,1,-1,-1,-1
1153,248,736,733,148,108,1,-1,-1,-1
1154,241,1430,694,428,207,1,-1,-1,-1
1154,248,729,733,149,107,1,-1,-1,-1
1155,241,1408,693,416,203,1,-1,-1,-1
1155,248,727,734,143,106,1,-1,-1,-1
1156,241,1393,688,328,203,1,-1,-1,-1
1156,248,706,738,139,102,1,-1,-1,-1
1157,241,1340,679,379,214,1,-1,-1,-1
1158,241,1339,685,322,198,1,-1,-1,-1
1159,241,1312,688,298,188,1,-1,-1,-1
1160,241,1297,690,302,185,1,-1,-1,-1
1161,241,1268,690,281,181,1,-1,-1,-1
1162,241,1255,691,281,180,1,-1,-1,-1
1163,241,1230,693,265,176,1,-1,-1,-1
1164,241,1221,694,258,172,1,-1,-1,-1
1165,241,1215,693,248,170,1,-1,-1,-1
1166,241,1198,695,231,164,1,-1,-1,-1
1167,241,1194,695,222,161,1,-1,-1,-1
1168,241,1191,692,209,161,1,-1,-1,-1
1169,241,1191,690,196,162,1,-1,-1,-1
1170,241,1185,688,183,161,1,-1,-1,-1
1171,241,1186,687,178,160,1,-1,-1,-1
1172,241,1186,686,168,144,1,-1,-1,-1
1173,241,1187,685,166,143,1,-1,-1,-1
1174,241,1189,683,164,141,1,-1,-1,-1
1175,241,1192,679,159,139,1,-1,-1,-1
1176,241,1197,672,154,139,1,-1,-1,-1
1177,241,1200,663,150,142,1,-1,-1,-1
1178,241,1200,656,168,142,1,-1,-1,-1
1179,241,1201,653,171,139,1,-1,-1,-1
1181,241,1215,639,175,135,1,-1,-1,-1
1217,249,1909,624,623,328,1,-1,-1,-1
1218,249,1822,630,599,306,1,-1,-1,-1
1219,249,1744,633,561,296,1,-1,-1,-1
1220,249,1718,629,581,301,1,-1,-1,-1
1221,249,1646,631,548,290,1,-1,-1,-1
1222,249,1596,630,476,286,1,-1,-1,-1
1223,249,1561,637,501,274,1,-1,-1,-1
1224,249,1507,645,442,260,1,-1,-1,-1
1225,249,1481,654,436,248,1,-1,-1,-1
1226,249,1433,658,396,240,1,-1,-1,-1
1227,249,1411,657,384,242,1,-1,-1,-1
1228,249,1367,655,355,242,1,-1,-1,-1
1229,249,1351,668,307,207,1,-1,-1,-1
1230,249,1349,666,289,206,1,-1,-1,-1
1231,249,1305,669,291,203,1,-1,-1,-1
1232,249,1269,672,273,201,1,-1,-1,-1
1233,249,1254,669,281,202,1,-1,-1,-1
1234,249,1218,674,273,194,1,-1,-1,-1
1235,249,1211,677,262,188,1,-1,-1,-1
1236,249,1178,679,252,186,1,-1,-1,-1
1237,249,1169,680,243,181,1,-1,-1,-1
1238,249,1136,681,243,179,1,-1,-1,-1
1239,249,1127,687,232,168,1,-1,-1,-1
1240,249,1095,692,228,162,1,-1,-1,-1
1241,249,1085,694,220,157,1,-1,-1,-1
1241,250,550,768,135,109,1,-1,-1,-1
1242,249,1058,696,214,155,1,-1,-1,-1
1242,250,555,767,137,110,1,-1,-1,-1
1243,249,1047,697,208,152,1,-1,-1,-1
1243,250,561,766,139,112,1,-1,-1,-1
1244,249,1020,698,205,154,1,-1,-1,-1
1244,250,567,766,141,113,1,-1,-1,-1
1245,249,1011,699,199,150,1,-1,-1,-1
1245,250,573,765,143,115,1,-1,-1,-1
1246,249,997,700,198,148,1,-1,-1,-1
1246,250,579,765,145,116,1,-1,-1,-1
1247,249,973,700,199,151,1,-1,-1,-1
1247,250,585,764,147,118,1,-1,-1,-1
1248,249,963,699,194,152,1,-1,-1,-1
1248,250,591,764,149,119,1,-1,-1,-1
1249,249,952,699,188,148,1,-1,-1,-1
1249,250,597,763,151,121,1,-1,-1,-1
1250,249,936,701,181,147,1,-1,-1,-1
1250,250,603,762,153,122,1,-1,-1,-1
1251,249,925,701,182,149,1,-1,-1,-1
1251,250,609,762,155,124,1,-1,-1,-1
1252,249,914,701,178,149,1,-1,-1,-1
1252,250,615,761,157,125,1,-1,-1,-1
1253,249,906,702,175,147,1,-1,-1,-1
1253,250,621,761,159,127,1,-1,-1,-1
1254,249,890,701,165,147,1,-1,-1,-1
1254,250,627,760,161,128,1,-1,-1,-1
1255,249,877,704,167,143,1,-1,-1,-1
1255,250,633,760,163,130,1,-1,-1,-1
1256,249,873,722,157,117,1,-1,-1,-1
1256,250,639,759,165,131,1,-1,-1,-1
1257,249,873,720,147,118,1,-1,-1,-1
1257,250,645,759,167,133,1,-1,-1,-1
1258,249,845,722,150,122,1,-1,-1,-1
1258,250,655,759,166,133,1,-1,-1,-1
1259,249,834,723,154,119,1,-1,-1,-1
1259,250,665,760,166,133,1,-1,-1,-1
1260,249,825,726,154,116,1,-1,-1,-1
1260,250,675,761,165,133,1,-1,-1,-1
1261,249,822,728,146,114,1,-1,-1,-1
1261,250,685,761,165,133,1,-1,-1,-1
1262,250,695,762,164,133,1,-1,-1,-1
1263,250,705,763,164,133,1,-1,-1,-1
1264,250,715,763,163,133,1,-1,-1,-1
1265,250,725,764,163,133,1,-1,-1,-1
1266,250,735,765,162,133,1,-1,-1,-1
1267,250,730,758,179,144,1,-1,-1,-1
1268,250,738,756,182,147,1,-1,-1,-1
1269,250,756,769,180,138,1,-1,-1,-1
1270,250,764,774,184,137,1,-1,-1,-1
1271,250,774,776,186,139,1,-1,-1,-1
1272,250,781,774,191,141,1,-1,-1,-1
1273,250,801,782,198,140,1,-1,-1,-1
1274,250,809,779,205,146,1,-1,-1,-1
1275,250,816,774,213,154,1,-1,-1,-1
1276,250,831,779,219,152,1,-1,-1,-1
1277,250,842,777,216,158,1,-1,-1,-1
1278,250,848,776,230,179,1,-1,-1,-1
1279,250,855,773,237,185,1,-1,-1,-1
1280,250,874,772,247,190,1,-1,-1,-1
1281,250,884,769,252,197,1,-1,-1,-1
1282,250,894,769,256,201,1,-1,-1,-1
1283,250,915,766,271,209,1,-1,-1,-1
1284,250,931,767,267,214,1,-1,-1,-1
1285,250,947,768,293,224,1,-1,-1,-1
1286,250,958,771,298,232,1,-1,-1,-1
1287,250,964,767,332,247,1,-1,-1,-1
1288,250,989,770,328,251,1,-1,-1,-1
1289,250,994,773,349,254,1,-1,-1,-1
1290,250,1030,772,378,276,1,-1,-1,-1
1291,250,1048,776,399,286,1,-1,-1,-1
1292,250,1080,775,450,308,1,-1,-1,-1
1293,250,1104,778,455,324,1,-1,-1,-1
1294,250,1133,781,548,330,1,-1,-1,-1
1295,250,1161,792,538,360,1,-1,-1,-1
1296,250,1235,774,535,452,1,-1,-1,-1
1297,250,1261,797,540,386,1,-1,-1,-1
1298,250,1349,802,618,460,1,-1,-1,-1
1299,250,1362,804,692,461,1,-1,-1,-1
1300,250,1441,801,823,540,1,-1,-1,-1
1301,250,1521,798,954,619,1,-1,-1,-1
1467,251,1703,742,856,362,1,-1,-1,-1
1468,251,1605,756,823,353,1,-1,-1,-1
1469,251,1507,770,775,344,1,-1,-1,-1
1470,251,1409,784,727,335,1,-1,-1,-1
1471,251,1312,798,679,327,1,-1,-1,-1
1472,251,1053,850,608,321,1,-1,-1,-1
1473,251,996,870,589,296,1,-1,-1,-1
1474,251,940,891,571,272,1,-1,-1,-1
1475,251,858,910,539,265,1,-1,-1,-1
1476,251,765,931,534,284,1,-1,-1,-1
1477,251,688,956,508,278,1,-1,-1,-1
1478,251,597,982,495,272,1,-1,-1,-1
1479,251,499,1004,496,261,1,-1,-1,-1
1480,251,426,1024,496,261,1,-1,-1,-1
1481,251,352,1043,496,262,1,-1,-1,-1
1482,251,278,1063,495,262,1,-1,-1,-1
1483,251,205,1082,495,262,1,-1,-1,-1
1484,251,131,1102,495,262,1,-1,-1,-1
1485,251,57,1121,495,262,1,-1,-1,-1
1486,251,0,1141,495,263,1,-1,-1,-1
1629,252,584,768,127,115,1,-1,-1,-1
1630,252,592,767,129,116,1,-1,-1,-1
1631,252,601,766,132,117,1,-1,-1,-1
1632,252,610,766,135,119,1,-1,-1,-1
1633,252,618,765,138,120,1,-1,-1,-1
1634,252,627,765,140,121,1,-1,-1,-1
1635,252,636,764,143,123,1,-1,-1,-1
1636,252,644,764,146,124,1,-1,-1,-1
1637,252,653,763,149,125,1,-1,-1,-1
1638,252,662,763,152,127,1,-1,-1,-1
1639,252,675,765,150,123,1,-1,-1,-1
1640,252,689,768,149,120,1,-1,-1,-1
1641,252,703,770,148,117,1,-1,-1,-1
1642,252,717,773,147,114,1,-1,-1,-1
1643,252,730,775,146,111,1,-1,-1,-1
1644,252,739,774,148,115,1,-1,-1,-1
1645,252,751,774,140,117,1,-1,-1,-1
1646,252,771,777,154,115,1,-1,-1,-1
1647,252,773,776,162,120,1,-1,-1,-1
1648,252,777,767,167,137,1,-1,-1,-1
1649,252,785,764,178,145,1,-1,-1,-1
1650,252,802,771,184,139,1,-1,-1,-1
1651,252,812,778,185,137,1,-1,-1,-1
1652,252,822,783,191,136,1,-1,-1,-1
1653,252,836,785,210,137,1,-1,-1,-1
1654,252,848,785,202,142,1,-1,-1,-1
1655,252,859,786,208,159,1,-1,-1,-1
1656,252,866,782,216,170,1,-1,-1,-1
1657,252,886,779,226,178,1,-1,-1,-1
1658,252,894,777,238,185,1,-1,-1,-1
1659,252,920,779,251,186,1,-1,-1,-1
1660,252,932,781,253,194,1,-1,-1,-1
1661,252,962,789,271,196,1,-1,-1,-1
1662,252,973,789,275,208,1,-1,-1,-1
1663,252,1008,791,292,216,1,-1,-1,-1
1664,252,1021,798,288,202,1,-1,-1,-1
1665,252,1048,787,362,245,1,-1,-1,-1
1666,252,1062,784,388,262,1,-1,-1,-1
1667,252,1123,782,411,288,1,-1,-1,-1
1668,252,1166,782,508,308,1,-1,-1,-1
1669,252,1235,782,539,357,1,-1,-1,-1
1670,252,1304,782,570,405,1,-1,-1,-1
1671,252,1373,782,601,453,1,-1,-1,-1
1672,252,1477,783,742,470,1,-1,-1,-1
1673,252,1564,785,835,529,1,-1,-1,-1
1674,252,1651,787,908,589,1,-1,-1,-1
1783,253,586,766,146,120,1,-1,-1,-1
1784,253,594,765,147,121,1,-1,-1,-1
1785,253,602,765,149,122,1,-1,-1,-1
1786,253,611,764,151,124,1,-1,-1,-1
1787,253,619,764,153,125,1,-1,-1,-1
1788,253,627,764,155,126,1,-1,-1,-1
1789,253,636,763,157,128,1,-1,-1,-1
1790,253,644,763,159,129,1,-1,-1,-1
1791,253,653,763,161,131,1,-1,-1,-1
1792,253,666,765,157,129,1,-1,-1,-1
1793,253,679,768,154,127,1,-1,-1,-1
1794,253,692,770,151,126,1,-1,-1,-1
1795,253,705,773,148,124,1,-1,-1,-1
1796,253,718,776,145,123,1,-1,-1,-1
1797,253,731,778,142,121,1,-1,-1,-1
1798,253,735,778,148,124,1,-1,-1,-1
1799,253,742,779,153,125,1,-1,-1,-1
1800,253,749,773,157,135,1,-1,-1,-1
1801,253,766,777,164,129,1,-1,-1,-1
1802,253,772,774,174,141,1,-1,-1,-1
1803,253,782,775,177,144,1,-1,-1,-1
1804,253,787,774,182,151,1,-1,-1,-1
1805,253,807,777,194,151,1,-1,-1,-1
1806,253,817,775,199,158,1,-1,-1,-1
1807,253,837,778,210,156,1,-1,-1,-1
1808,253,845,782,213,173,1,-1,-1,-1
1809,253,857,779,215,182,1,-1,-1,-1
1810,253,866,778,218,188,1,-1,-1,-1
1811,253,886,778,235,196,1,-1,-1,-1
1812,253,900,781,235,198,1,-1,-1,-1
1813,253,926,782,256,209,1,-1,-1,-1
1814,253,938,786,257,214,1,-1,-1,-1
1815,253,964,787,285,228,1,-1,-1,-1
1816,253,964,782,339,251,1,-1,-1,-1
1817,253,986,788,346,256,1,-1,-1,-1
1818,253,1036,788,367,276,1,-1,-1,-1
1819,253,1050,791,396,289,1,-1,-1,-1
1820,253,1106,783,435,325,1,-1,-1,-1
1821,253,1154,800,520,345,1,-1,-1,-1
1822,253,1192,804,486,355,1,-1,-1,-1
1823,253,1281,765,689,486,1,-1,-1,-1
1824,253,1345,792,651,484,1,-1,-1,-1
1825,253,1445,815,830,548,1,-1,-1,-1
1826,253,1588,817,918,621,1,-1,-1,-1
2130,254,1917,565,624,447,1,-1,-1,-1
2131,254,1827,609,591,335,1,-1,-1,-1
2132,254,1811,618,590,315,1,-1,-1,-1
2133,254,1733,596,553,310,1,-1,-1,-1
2134,254,1664,605,507,296,1,-1,-1,-1
2135,254,1601,608,469,291,1,-1,-1,-1
2136,254,1580,611,460,284,1,-1,-1,-1
2137,254,1520,621,429,266,1,-1,-1,-1
2138,254,1490,643,428,252,1,-1,-1,-1
2139,254,1439,645,401,248,1,-1,-1,-1
2140,254,1425,623,377,260,1,-1,-1,-1
2141,254,1358,631,392,243,1,-1,-1,-1
2142,254,1351,635,361,235,1,-1,-1,-1
2143,254,1328,632,356,235,1,-1,-1,-1
2144,254,1308,654,297,202,1,-1,-1,-1
2145,254,1299,651,292,206,1,-1,-1,-1
2146,254,1260,650,291,211,1,-1,-1,-1
2147,254,1253,653,279,205,1,-1,-1,-1
2148,254,1219,656,270,202,1,-1,-1,-1
2149,254,1213,659,258,194,1,-1,-1,-1
2150,254,1183,659,246,197,1,-1,-1,-1
2151,254,1172,660,241,195,1,-1,-1,-1
2152,254,1142,661,238,191,1,-1,-1,-1
2153,254,1131,665,231,185,1,-1,-1,-1
2154,254,1111,669,216,176,1,-1,-1,-1
2155,254,1100,670,214,176,1,-1,-1,-1
2156,254,1087,670,213,174,1,-1,-1,-1
2157,254,1061,675,213,163,1,-1,-1,-1
2158,254,1048,677,213,160,1,-1,-1,-1
2159,254,1038,680,208,155,1,-1,-1,-1
2160,254,1013,683,209,149,1,-1,-1,-1
2161,254,1004,690,203,154,1,-1,-1,-1
2162,254,992,689,202,154,1,-1,-1,-1
2163,254,977,689,193,155,1,-1,-1,-1
2164,254,968,689,193,155,1,-1,-1,-1
2165,254,957,690,188,153,1,-1,-1,-1
2166,254,949,692,185,148,1,-1,-1,-1
2167,254,931,691,183,151,1,-1,-1,-1
2168,254,920,693,184,147,1,-1,-1,-1
2169,254,907,693,183,148,1,-1,-1,-1
2170,254,900,693,182,151,1,-1,-1,-1
2171,254,879,694,182,150,1,-1,-1,-1
2172,254,878,693,178,152,1,-1,-1,-1
2173,254,865,696,181,148,1,-1,-1,-1
2174,254,856,698,179,147,1,-1,-1,-1
2175,254,850,701,182,143,1,-1,-1,-1
2176,254,838,702,164,142,1,-1,-1,-1
2177,254,830,717,160,120,1,-1,-1,-1
2178,254,823,718,155,119,1,-1,-1,-1
2179,254,808,721,138,119,1,-1,-1,-1
2180,254,798,723,148,116,1,-1,-1,-1
2181,254,788,726,155,113,1,-1,-1,-1
2182,254,777,727,158,110,1,-1,-1,-1
2183,254,769,726,158,110,1,-1,-1,-1
2184,254,761,731,134,108,1,-1,-1,-1
2185,254,754,733,142,108,1,-1,-1,-1
2186,254,750,736,140,102,1,-1,-1,-1
2188,254,734,739,142,100,1,-1,-1,-1
2259,255,591,776,135,120,1,-1,-1,-1
2260,255,599,777,136,119,1,-1,-1,-1
2261,255,608,778,137,119,1,-1,-1,-1
2262,255,616,780,138,119,1,-1,-1,-1
2263,255,625,781,139,119,1,-1,-1,-1
2264,255,634,782,140,118,1,-1,-1,-1
2265,255,642,784,141,118,1,-1,-1,-1
2266,255,651,785,142,118,1,-1,-1,-1
2267,255,660,787,143,118,1,-1,-1,-1
2268,255,671,788,143,117,1,-1,-1,-1
2269,255,682,789,144,117,1,-1,-1,-1
2270,255,694,791,145,116,1,-1,-1,-1
2271,255,705,792,145,116,1,-1,-1,-1
2272,255,716,794,146,115,1,-1,-1,-1
2273,255,728,795,147,115,1,-1,-1,-1
2274,255,739,797,148,114,1,-1,-1,-1
2275,255,746,795,153,119,1,-1,-1,-1
2276,255,756,795,146,118,1,-1,-1,-1
2277,255,778,807,152,120,1,-1,-1,-1
2278,255,777,796,186,141,1,-1,-1,-1
2279,255,786,795,184,145,1,-1,-1,-1
2280,255,805,796,175,151,1,-1,-1,-1
2281,255,815,797,174,156,1,-1,-1,-1
2282,255,827,800,179,160,1,-1,-1,-1
2283,255,834,803,186,162,1,-1,-1,-1
2284,255,853,806,198,165,1,-1,-1,-1
2285,255,865,811,202,168,1,-1,-1,-1
2286,255,885,808,224,186,1,-1,-1,-1
2287,255,899,809,221,189,1,-1,-1,-1
2288,255,925,824,244,190,1,-1,-1,-1
2289,255,938,823,243,203,1,-1,-1,-1
2290,255,968,828,266,213,1,-1,-1,-1
2291,255,984,835,258,215,1,-1,-1,-1
2292,255,1014,843,284,219,1,-1,-1,-1
2293,255,1036,853,363,241,1,-1,-1,-1
2294,255,1065,854,362,254,1,-1,-1,-1
2295,255,1103,853,418,290,1,-1,-1,-1
2296,255,1118,860,442,307,1,-1,-1,-1
2297,255,1197,871,462,321,1,-1,-1,-1
2298,255,1279,864,535,405,1,-1,-1,-1
2299,255,1361,858,608,488,1,-1,-1,-1
2300,255,1457,875,809,543,1,-1,-1,-1
2301,255,1597,887,911,600,1,-1,-1,-1
2366,256,1614,668,520,265,1,-1,-1,-1
2367,256,1543,680,540,228,1,-1,-1,-1
2368,256,1483,686,465,212,1,-1,-1,-1
2369,256,1412,685,426,210,1,-1,-1,-1
2370,256,1339,678,406,218,1,-1,-1,-1
2371,256,1352,679,303,203,1,-1,-1,-1
2371,257,584,774,144,114,1,-1,-1,-1
2372,256,1314,681,285,194,1,-1,-1,-1
2372,257,590,772,146,115,1,-1,-1,-1
2373,256,1273,687,265,185,1,-1,-1,-1
2373,257,597,771,148,117,1,-1,-1,-1
2374,256,1251,689,291,178,1,-1,-1,-1
2374,257,604,769,150,119,1,-1,-1,-1
2375,256,1216,690,268,175,1,-1,-1,-1
2375,257,611,768,152,121,1,-1,-1,-1
2376,256,1182,692,249,169,1,-1,-1,-1
2376,257,617,766,154,123,1,-1,-1,-1
2377,256,1176,695,236,163,1,-1,-1,-1
2377,257,624,765,156,125,1,-1,-1,-1
2378,256,1140,694,229,162,1,-1,-1,-1
2378,257,631,763,158,127,1,-1,-1,-1
2379,256,1128,697,226,155,1,-1,-1,-1
2379,257,638,762,160,129,1,-1,-1,-1
2380,256,1100,695,213,156,1,-1,-1,-1
2380,257,645,761,163,131,1,-1,-1,-1
2381,256,1088,698,209,150,1,-1,-1,-1
2381,257,655,763,161,129,1,-1,-1,-1
2382,256,1061,698,200,150,1,-1,-1,-1
2382,257,666,765,159,128,1,-1,-1,-1
2383,256,1047,702,198,142,1,-1,-1,-1
2383,257,677,767,157,127,1,-1,-1,-1
2384,256,1025,701,191,146,1,-1,-1,-1
2384,257,688,770,156,125,1,-1,-1,-1
2385,256,1013,701,188,142,1,-1,-1,-1
2385,257,699,772,154,124,1,-1,-1,-1
2386,256,1001,702,184,140,1,-1,-1,-1
2386,257,710,774,152,123,1,-1,-1,-1
2387,256,979,700,184,142,1,-1,-1,-1
2387,257,720,777,150,121,1,-1,-1,-1
2388,256,968,701,180,142,1,-1,-1,-1
2388,257,731,779,149,120,1,-1,-1,-1
2389,256,955,701,179,138,1,-1,-1,-1
2389,257,739,777,150,123,1,-1,-1,-1
2390,256,939,714,163,124,1,-1,-1,-1
2390,257,747,776,147,126,1,-1,-1,-1
2391,256,924,712,179,123,1,-1,-1,-1
2391,257,752,770,154,134,1,-1,-1,-1
2392,256,912,714,182,119,1,-1,-1,-1
2392,257,765,776,165,131,1,-1,-1,-1
2393,256,910,716,170,113,1,-1,-1,-1
2393,257,770,774,174,138,1,-1,-1,-1
2394,256,890,719,162,114,1,-1,-1,-1
2394,257,781,779,174,137,1,-1,-1,-1
2395,256,879,720,167,109,1,-1,-1,-1
2395,257,791,778,173,139,1,-1,-1,-1
2396,256,882,722,146,102,1,-1,-1,-1
2396,257,809,777,184,139,1,-1,-1,-1
2397,257,815,772,193,147,1,-1,-1,-1
2398,257,822,766,200,157,1,-1,-1,-1
2399,257,826,762,204,167,1,-1,-1,-1
2400,257,844,771,204,164,1,-1,-1,-1
2401,257,854,785,208,169,1,-1,-1,-1
2402,256,800,732,143,108,1,-1,-1,-1
2402,257,865,785,211,174,1,-1,-1,-1
2403,256,792,733,151,108,1,-1,-1,-1
2403,257,880,783,223,180,1,-1,-1,-1
2404,256,786,735,144,105,1,-1,-1,-1
2404,257,887,785,229,182,1,-1,-1,-1
2405,256,779,735,140,103,1,-1,-1,-1
2405,257,898,786,233,185,1,-1,-1,-1
2406,257,919,786,250,194,1,-1,-1,-1
2407,256,757,738,135,104,1,-1,-1,-1
2407,257,929,789,254,200,1,-1,-1,-1
2408,257,941,794,256,203,1,-1,-1,-1
2409,257,964,795,274,216,1,-1,-1,-1
2410,257,979,796,270,216,1,-1,-1,-1
2411,257,1011,803,286,229,1,-1,-1,-1
2412,257,1027,800,277,238,1,-1,-1,-1
2413,257,1044,801,345,255,1,-1,-1,-1
2414,257,1060,799,370,271,1,-1,-1,-1
2415,257,1092,800,405,310,1,-1,-1,-1
