1,1,196.484,119.974,123.193,57.665,1,-1,-1,-1
1,3,351.253,121.613,138.452,58.736,1,-1,-1,-1
1,4,1651.437,394.650,258.841,215.329,1,-1,-1,-1
2,1,196.359,119.983,123.414,57.591,1,-1,-1,-1
2,2,188.579,135.460,79.727,44.052,1,-1,-1,-1
2,3,351.729,121.827,137.867,58.459,1,-1,-1,-1
2,4,1636.619,388.525,277.807,222.137,1,-1,-1,-1
3,4,1623.134,381.457,295.554,227.603,1,-1,-1,-1
3,3,351.768,121.848,137.781,58.431,1,-1,-1,-1
3,1,196.349,119.960,123.455,57.619,1,-1,-1,-1
4,4,1623.134,381.457,295.554,227.603,1,-1,-1,-1
4,1,196.361,119.958,123.442,57.630,1,-1,-1,-1
4,3,351.780,121.840,137.832,58.402,1,-1,-1,-1
4,2,188.594,135.467,79.663,44.049,1,-1,-1,-1
5,4,1552.936,382.082,364.839,214.638,1,-1,-1,-1
5,1,196.378,120.012,123.116,57.600,1,-1,-1,-1
5,3,351.131,121.715,138.544,58.669,1,-1,-1,-1
6,4,1543.387,368.578,363.034,237.258,1,-1,-1,-1
6,3,352.309,122.375,137.318,57.930,1,-1,-1,-1
6,1,194.851,120.203,121.574,57.537,1,-1,-1,-1
7,3,352.767,122.187,136.622,58.321,1,-1,-1,-1
7,1,194.970,119.747,120.672,57.966,1,-1,-1,-1
7,4,1515.738,365.465,396.483,231.641,1,-1,-1,-1
7,2,187.049,135.256,80.494,44.167,1,-1,-1,-1
8,3,352.727,122.201,136.729,58.301,1,-1,-1,-1
8,4,1496.992,363.704,418.454,248.208,1,-1,-1,-1
8,1,195.109,119.480,119.263,58.025,1,-1,-1,-1
8,5,282.722,119.624,66.607,44.874,1,-1,-1,-1
9,3,352.715,122.147,136.644,58.305,1,-1,-1,-1
9,2,187.120,135.311,80.335,44.082,1,-1,-1,-1
9,4,1481.908,361.946,431.618,252.169,1,-1,-1,-1
9,5,282.795,119.647,66.418,44.879,1,-1,-1,-1
10,3,352.595,121.930,136.719,58.548,1,-1,-1,-1
10,2,188.130,135.607,80.195,43.806,1,-1,-1,-1
10,4,1496.653,371.925,422.347,249.174,1,-1,-1,-1
10,5,277.836,118.165,65.925,43.644,1,-1,-1,-1
11,3,351.412,121.593,137.613,58.568,1,-1,-1,-1
11,4,1425.129,356.007,491.753,260.292,1,-1,-1,-1
11,1,193.545,120.761,129.132,57.960,1,-1,-1,-1
11,2,186.263,134.048,81.420,46.783,1,-1,-1,-1
12,4,1393.065,350.570,522.691,254.062,1,-1,-1,-1
12,3,350.964,121.531,138.169,58.616,1,-1,-1,-1
12,1,193.567,120.800,129.356,57.845,1,-1,-1,-1
13,4,1380.910,339.974,536.843,247.768,1,-1,-1,-1
13,3,351.135,121.319,137.992,58.838,1,-1,-1,-1
13,1,193.858,121.560,128.176,56.945,1,-1,-1,-1
14,5,281.580,119.452,67.721,45.360,1,-1,-1,-1
14,3,350.546,121.105,138.578,59.151,1,-1,-1,-1
14,4,1367.009,332.297,525.986,252.028,1,-1,-1,-1
14,2,186.991,133.921,81.187,46.862,1,-1,-1,-1
15,4,1330.482,327.332,541.165,257.026,1,-1,-1,-1
15,1,193.870,121.362,126.563,57.164,1,-1,-1,-1
15,3,351.786,121.211,137.556,58.851,1,-1,-1,-1
15,5,282.412,119.387,67.178,45.439,1,-1,-1,-1
16,4,1303.226,323.033,535.768,247.497,1,-1,-1,-1
16,2,186.172,133.301,82.353,47.732,1,-1,-1,-1
16,3,351.906,121.277,137.521,58.506,1,-1,-1,-1
16,5,282.439,119.167,67.054,45.825,1,-1,-1,-1
17,3,351.938,121.456,137.281,58.326,1,-1,-1,-1
17,1,193.771,121.500,126.098,57.376,1,-1,-1,-1
17,4,1269.345,312.831,534.752,260.446,1,-1,-1,-1
18,3,351.979,121.255,137.402,58.627,1,-1,-1,-1
18,4,1238.389,309.805,528.868,251.987,1,-1,-1,-1
18,1,193.362,121.140,124.256,57.333,1,-1,-1,-1
19,3,352.421,121.505,136.740,58.375,1,-1,-1,-1
19,4,1207.434,306.778,522.985,243.528,1,-1,-1,-1
19,1,193.297,121.174,125.303,57.130,1,-1,-1,-1
19,5,283.902,120.508,65.168,44.273,1,-1,-1,-1
20,4,1176.478,303.752,517.101,235.069,1,-1,-1,-1
20,3,352.397,121.340,136.858,58.570,1,-1,-1,-1
20,1,193.245,121.143,125.512,57.192,1,-1,-1,-1
20,5,283.849,120.461,65.145,44.340,1,-1,-1,-1
21,4,1144.229,298.257,515.544,233.400,1,-1,-1,-1
21,3,352.221,125.745,140.939,56.702,1,-1,-1,-1
21,1,196.257,120.208,124.777,59.258,1,-1,-1,-1
22,3,352.041,125.487,140.124,56.646,1,-1,-1,-1
22,2,187.156,133.896,79.159,46.980,1,-1,-1,-1
22,5,281.665,119.129,68.713,46.864,1,-1,-1,-1
22,4,1111.979,292.762,513.987,231.731,1,-1,-1,-1
23,4,1079.730,287.266,512.430,230.061,1,-1,-1,-1
23,3,352.093,125.529,140.287,56.850,1,-1,-1,-1
23,1,193.951,123.861,133.930,55.216,1,-1,-1,-1
23,5,280.407,118.236,69.856,47.778,1,-1,-1,-1
24,3,352.201,125.659,139.785,56.865,1,-1,-1,-1
24,1,193.973,123.849,133.790,55.231,1,-1,-1,-1
24,4,1047.480,281.771,510.873,228.392,1,-1,-1,-1
24,5,280.870,118.395,69.528,47.662,1,-1,-1,-1
25,3,352.346,125.761,139.847,56.555,1,-1,-1,-1
25,1,194.672,124.021,131.267,55.180,1,-1,-1,-1
25,5,281.355,118.303,68.942,47.463,1,-1,-1,-1
25,4,1015.231,276.276,509.316,226.723,1,-1,-1,-1
26,4,987.675,273.999,495.504,220.553,1,-1,-1,-1
26,5,281.795,118.687,68.515,47.114,1,-1,-1,-1
26,2,187.430,133.938,80.561,47.164,1,-1,-1,-1
26,3,352.490,125.671,139.548,56.621,1,-1,-1,-1
27,4,951.152,269.505,493.178,215.352,1,-1,-1,-1
27,1,195.409,119.250,126.389,59.908,1,-1,-1,-1
27,5,283.129,119.533,66.521,46.001,1,-1,-1,-1
27,3,352.256,125.969,139.593,56.432,1,-1,-1,-1
28,3,352.732,126.040,139.135,56.445,1,-1,-1,-1
28,1,195.361,119.463,126.011,59.828,1,-1,-1,-1
28,5,283.452,119.461,66.479,46.048,1,-1,-1,-1
28,4,937.118,268.053,461.188,207.383,1,-1,-1,-1
29,3,352.989,126.135,139.476,56.386,1,-1,-1,-1
29,5,283.460,119.335,66.598,46.239,1,-1,-1,-1
29,4,887.899,269.973,487.376,198.448,1,-1,-1,-1
29,2,186.749,133.732,80.123,47.129,1,-1,-1,-1
30,4,875.430,259.588,458.850,201.147,1,-1,-1,-1
30,3,352.048,126.140,140.805,56.333,1,-1,-1,-1
30,1,194.699,119.217,125.635,60.071,1,-1,-1,-1
30,2,186.251,133.833,80.484,46.795,1,-1,-1,-1
31,4,843.042,250.935,453.086,203.052,1,-1,-1,-1
31,1,195.870,120.477,124.977,58.391,1,-1,-1,-1
31,3,354.051,125.713,138.792,56.813,1,-1,-1,-1
32,4,810.653,242.281,447.323,204.957,1,-1,-1,-1
32,3,353.387,125.934,138.761,56.372,1,-1,-1,-1
32,1,195.706,120.542,125.015,58.339,1,-1,-1,-1
32,2,186.180,133.909,79.263,46.576,1,-1,-1,-1
33,1,195.708,120.519,127.806,58.482,1,-1,-1,-1
33,2,186.447,133.669,79.963,46.836,1,-1,-1,-1
33,4,781.174,239.872,435.656,198.827,1,-1,-1,-1
33,3,354.110,125.968,138.555,56.545,1,-1,-1,-1
34,3,354.286,125.766,138.990,56.756,1,-1,-1,-1
34,1,195.607,121.058,126.185,57.842,1,-1,-1,-1
34,4,751.695,237.463,423.988,192.698,1,-1,-1,-1
34,2,186.639,133.342,80.256,46.748,1,-1,-1,-1
35,4,725.237,236.976,431.026,185.705,1,-1,-1,-1
35,5,281.170,119.866,68.004,46.051,1,-1,-1,-1
35,3,353.656,125.816,139.585,56.717,1,-1,-1,-1
35,2,187.176,133.314,80.403,46.855,1,-1,-1,-1
36,3,353.629,125.735,139.557,56.858,1,-1,-1,-1
36,1,193.194,123.834,131.410,54.578,1,-1,-1,-1
36,4,697.352,231.714,412.174,182.545,1,-1,-1,-1
37,3,354.500,125.672,138.368,57.133,1,-1,-1,-1
37,1,193.015,124.126,132.344,54.233,1,-1,-1,-1
37,4,669.466,226.452,393.322,179.385,1,-1,-1,-1
37,5,281.017,119.878,68.253,46.112,1,-1,-1,-1
38,3,351.496,122.048,137.973,58.583,1,-1,-1,-1
38,1,194.644,121.269,128.362,57.709,1,-1,-1,-1
38,4,642.222,224.185,394.237,177.553,1,-1,-1,-1
39,4,618.522,217.214,386.165,176.351,1,-1,-1,-1
39,1,194.978,121.524,125.317,57.757,1,-1,-1,-1
39,3,351.492,122.125,138.531,58.772,1,-1,-1,-1
40,4,594.822,210.242,378.093,175.149,1,-1,-1,-1
40,3,354.856,125.887,137.629,56.936,1,-1,-1,-1
40,2,186.124,133.758,81.032,46.714,1,-1,-1,-1
41,1,196.139,120.119,126.622,59.362,1,-1,-1,-1
41,4,566.191,216.284,368.486,164.117,1,-1,-1,-1
41,2,187.822,134.763,78.247,46.061,1,-1,-1,-1
41,3,352.463,126.090,137.776,56.423,1,-1,-1,-1
42,4,541.606,209.856,349.131,162.343,1,-1,-1,-1
42,1,196.149,120.393,126.649,59.006,1,-1,-1,-1
42,2,187.781,134.727,78.545,46.053,1,-1,-1,-1
42,3,352.647,126.107,137.543,56.427,1,-1,-1,-1
43,4,517.022,203.428,329.776,160.569,1,-1,-1,-1
43,1,196.544,120.330,126.708,58.658,1,-1,-1,-1
43,3,352.254,126.138,137.820,56.275,1,-1,-1,-1
44,4,491.402,210.376,329.219,147.456,1,-1,-1,-1
44,1,195.647,121.525,129.584,57.204,1,-1,-1,-1
44,2,187.406,134.975,80.142,45.610,1,-1,-1,-1
44,3,351.757,125.883,138.691,56.544,1,-1,-1,-1
45,1,195.693,121.166,128.930,57.632,1,-1,-1,-1
45,4,468.699,207.483,319.435,145.350,1,-1,-1,-1
45,3,352.305,125.927,137.834,56.488,1,-1,-1,-1
46,4,445.996,204.590,309.650,143.245,1,-1,-1,-1
46,3,352.251,125.797,137.860,56.357,1,-1,-1,-1
46,1,195.513,121.298,129.241,57.463,1,-1,-1,-1
46,5,282.703,119.640,67.557,45.417,1,-1,-1,-1
47,3,352.416,125.930,137.824,56.013,1,-1,-1,-1
47,2,187.216,135.222,80.062,45.439,1,-1,-1,-1
47,5,282.793,119.574,67.557,45.417,1,-1,-1,-1
47,4,428.255,204.806,292.211,136.115,1,-1,-1,-1
48,5,282.883,119.508,67.557,45.417,1,-1,-1,-1
48,3,352.595,126.245,138.244,55.692,1,-1,-1,-1
48,2,187.460,135.467,80.235,45.061,1,-1,-1,-1
48,4,405.525,202.909,284.712,130.945,1,-1,-1,-1
49,1,195.692,120.914,129.021,57.638,1,-1,-1,-1
49,3,353.139,126.151,138.875,56.419,1,-1,-1,-1
49,2,187.029,135.227,80.647,44.974,1,-1,-1,-1
49,4,382.794,201.011,277.213,125.775,1,-1,-1,-1
50,4,369.413,197.159,253.814,126.117,1,-1,-1,-1
50,3,351.248,126.066,139.550,56.328,1,-1,-1,-1
50,2,187.142,135.259,79.104,45.137,1,-1,-1,-1
50,5,283.064,119.375,67.557,45.417,1,-1,-1,-1
51,3,351.794,126.652,139.517,57.659,1,-1,-1,-1
51,4,346.306,188.583,257.495,132.616,1,-1,-1,-1
51,1,194.034,119.977,133.536,59.005,1,-1,-1,-1
52,4,329.970,193.307,247.860,117.534,1,-1,-1,-1
52,3,352.492,127.499,136.537,57.229,1,-1,-1,-1
52,5,282.961,119.538,67.553,45.431,1,-1,-1,-1
52,2,186.689,135.506,79.423,45.269,1,-1,-1,-1
53,3,352.294,127.437,135.872,57.259,1,-1,-1,-1
53,5,282.909,119.620,67.551,45.438,1,-1,-1,-1
53,4,314.711,188.247,241.734,122.409,1,-1,-1,-1
53,2,186.651,135.470,79.401,45.372,1,-1,-1,-1
54,3,351.233,127.071,138.522,56.285,1,-1,-1,-1
54,5,282.858,119.701,67.548,45.445,1,-1,-1,-1
54,4,299.128,186.407,229.364,116.771,1,-1,-1,-1
54,2,186.784,135.395,78.863,45.787,1,-1,-1,-1
55,3,351.500,126.677,137.235,55.332,1,-1,-1,-1
55,4,285.997,187.424,212.417,112.795,1,-1,-1,-1
55,2,186.589,134.312,80.385,46.487,1,-1,-1,-1
55,5,282.806,119.783,67.546,45.452,1,-1,-1,-1
56,3,351.659,126.519,138.859,54.914,1,-1,-1,-1
56,5,282.755,119.864,67.544,45.459,1,-1,-1,-1
56,2,186.033,134.735,80.275,45.883,1,-1,-1,-1
56,4,262.503,186.162,212.434,107.922,1,-1,-1,-1
57,1,194.867,119.697,132.131,58.659,1,-1,-1,-1
57,5,282.703,119.946,67.542,45.467,1,-1,-1,-1
57,3,348.623,121.700,140.889,57.900,1,-1,-1,-1
57,4,252.246,185.355,205.116,106.935,1,-1,-1,-1
58,3,349.723,121.537,139.533,57.804,1,-1,-1,-1
58,5,282.652,120.027,67.540,45.474,1,-1,-1,-1
58,2,185.687,134.551,80.837,46.788,1,-1,-1,-1
58,4,238.146,187.057,199.807,101.772,1,-1,-1,-1
59,4,224.046,188.759,194.499,96.610,1,-1,-1,-1
59,3,350.874,126.710,139.096,56.752,1,-1,-1,-1
59,1,195.491,119.322,129.449,60.120,1,-1,-1,-1
60,4,199.621,182.655,182.091,100.014,1,-1,-1,-1
60,1,192.819,119.887,132.746,59.304,1,-1,-1,-1
60,3,349.587,126.819,140.669,56.624,1,-1,-1,-1
61,3,353.005,126.330,137.933,57.648,1,-1,-1,-1
61,1,191.844,120.837,136.957,58.361,1,-1,-1,-1
61,4,187.187,182.046,178.259,98.672,1,-1,-1,-1
62,3,353.090,126.555,138.070,56.854,1,-1,-1,-1
62,5,282.446,120.353,67.531,45.502,1,-1,-1,-1
62,2,183.932,134.217,83.585,46.911,1,-1,-1,-1
62,4,174.753,181.437,174.427,97.329,1,-1,-1,-1
63,1,191.976,120.144,135.262,58.221,1,-1,-1,-1
63,5,282.394,120.435,67.529,45.509,1,-1,-1,-1
63,4,162.319,180.828,170.595,95.987,1,-1,-1,-1
63,3,353.296,126.397,137.826,57.070,1,-1,-1,-1
64,2,182.799,135.451,81.909,43.043,1,-1,-1,-1
64,4,149.885,180.219,166.763,94.645,1,-1,-1,-1
64,3,353.472,126.427,137.903,56.736,1,-1,-1,-1
64,5,282.367,120.175,66.938,45.444,1,-1,-1,-1
65,2,188.076,136.348,75.679,40.549,1,-1,-1,-1
65,4,142.710,180.676,151.678,91.877,1,-1,-1,-1
65,1,244.463,123.436,74.762,44.138,1,-1,-1,-1
65,3,354.285,126.479,137.076,56.624,1,-1,-1,-1
66,4,129.562,176.962,153.174,92.741,1,-1,-1,-1
66,3,354.337,126.426,136.874,56.364,1,-1,-1,-1
66,2,186.063,136.025,76.697,41.159,1,-1,-1,-1
66,5,281.748,120.090,67.669,45.627,1,-1,-1,-1
67,3,353.053,126.147,137.635,56.433,1,-1,-1,-1
67,4,120.598,176.525,141.790,92.093,1,-1,-1,-1
67,1,195.149,121.372,138.210,55.150,1,-1,-1,-1
67,2,187.632,135.468,76.374,42.042,1,-1,-1,-1
68,5,195.549,122.411,139.200,53.891,1,-1,-1,-1
68,3,353.322,126.048,137.324,56.844,1,-1,-1,-1
68,4,104.107,172.382,145.838,94.198,1,-1,-1,-1
68,2,187.161,135.096,76.402,41.764,1,-1,-1,-1
69,5,194.224,122.587,138.879,54.350,1,-1,-1,-1
69,2,185.619,135.619,81.439,42.994,1,-1,-1,-1
69,3,353.216,126.058,137.286,56.835,1,-1,-1,-1
69,4,96.237,173.629,131.815,94.336,1,-1,-1,-1
70,4,82.675,174.151,131.337,91.807,1,-1,-1,-1
70,5,193.279,122.279,136.109,56.730,1,-1,-1,-1
70,6,284.156,121.293,64.368,43.509,1,-1,-1,-1
70,3,354.689,126.162,136.038,56.709,1,-1,-1,-1
71,6,282.462,120.743,66.418,44.022,1,-1,-1,-1
71,3,352.533,126.121,138.869,56.953,1,-1,-1,-1
71,4,73.389,177.719,131.262,83.045,1,-1,-1,-1
71,5,191.238,125.313,122.232,54.031,1,-1,-1,-1
72,4,64.104,181.288,131.186,74.283,1,-1,-1,-1
72,6,282.537,120.769,66.341,44.083,1,-1,-1,-1
72,3,352.600,126.103,138.655,56.945,1,-1,-1,-1
72,5,189.197,128.347,108.356,51.331,1,-1,-1,-1
73,6,282.519,120.996,66.591,43.906,1,-1,-1,-1
73,3,353.207,126.117,138.068,56.880,1,-1,-1,-1
73,5,187.155,131.381,94.479,48.632,1,-1,-1,-1
73,4,57.484,180.820,127.037,73.596,1,-1,-1,-1
74,5,185.114,134.415,80.603,45.933,1,-1,-1,-1
74,3,353.331,126.171,138.116,56.854,1,-1,-1,-1
74,4,48.019,180.187,121.994,71.740,1,-1,-1,-1
74,6,281.620,121.015,67.283,43.941,1,-1,-1,-1
75,4,38.554,179.554,116.951,69.884,1,-1,-1,-1
75,5,185.710,134.619,80.054,45.475,1,-1,-1,-1
75,3,353.405,126.164,138.012,56.878,1,-1,-1,-1
75,6,281.815,121.038,67.006,43.920,1,-1,-1,-1
76,4,28.368,173.392,113.398,75.265,1,-1,-1,-1
76,3,353.181,126.144,138.128,56.840,1,-1,-1,-1
76,5,186.512,134.920,78.988,45.155,1,-1,-1,-1
76,2,247.611,123.594,71.454,43.162,1,-1,-1,-1
77,3,353.064,126.183,138.433,56.947,1,-1,-1,-1
77,5,187.995,134.184,77.040,46.073,1,-1,-1,-1
77,4,19.438,173.432,109.344,72.217,1,-1,-1,-1
77,6,282.488,121.150,66.327,43.809,1,-1,-1,-1
78,4,13.766,176.610,100.774,68.989,1,-1,-1,-1
78,3,352.989,126.183,138.485,56.954,1,-1,-1,-1
78,5,188.237,134.575,76.391,45.613,1,-1,-1,-1
78,2,247.232,123.640,71.873,43.227,1,-1,-1,-1
79,4,13.092,177.120,92.733,68.171,1,-1,-1,-1
79,2,247.523,123.622,71.336,43.118,1,-1,-1,-1
79,3,353.052,126.208,138.404,56.907,1,-1,-1,-1
79,5,187.647,134.613,77.818,45.711,1,-1,-1,-1
80,4,11.214,176.535,87.085,66.270,1,-1,-1,-1
80,5,187.495,134.579,78.030,45.824,1,-1,-1,-1
80,3,353.047,126.206,138.411,56.912,1,-1,-1,-1
80,2,247.607,123.633,71.212,43.086,1,-1,-1,-1
81,3,352.805,126.134,138.277,56.540,1,-1,-1,-1
81,4,7.888,176.620,80.327,67.265,1,-1,-1,-1
81,5,185.160,135.474,79.855,45.457,1,-1,-1,-1
81,6,279.671,119.733,70.767,46.027,1,-1,-1,-1
82,3,352.420,126.147,138.623,56.605,1,-1,-1,-1
82,4,7.755,175.028,68.458,63.782,1,-1,-1,-1
82,5,185.218,135.457,79.749,45.521,1,-1,-1,-1
82,6,279.786,119.784,70.663,45.972,1,-1,-1,-1
83,3,352.356,126.168,138.684,56.586,1,-1,-1,-1
83,6,279.728,119.789,70.737,45.948,1,-1,-1,-1
83,4,1.979,178.366,67.878,58.216,1,-1,-1,-1
83,5,185.252,135.417,79.772,45.593,1,-1,-1,-1
84,2,194.885,120.351,129.128,58.037,1,-1,-1,-1
84,4,2.379,178.889,58.910,58.549,1,-1,-1,-1
84,3,352.393,126.167,138.662,56.581,1,-1,-1,-1
85,3,352.145,126.138,138.162,56.294,1,-1,-1,-1
85,2,194.095,120.837,132.425,57.709,1,-1,-1,-1
86,6,279.601,119.830,71.051,45.924,1,-1,-1,-1
86,5,185.661,135.506,79.682,45.463,1,-1,-1,-1
86,3,352.143,126.143,138.146,56.280,1,-1,-1,-1
87,2,193.951,120.967,132.268,57.493,1,-1,-1,-1
87,3,352.285,126.121,138.055,56.324,1,-1,-1,-1
87,6,279.603,119.805,71.024,45.978,1,-1,-1,-1
88,5,185.526,135.457,79.830,45.462,1,-1,-1,-1
88,3,352.298,126.117,138.095,56.334,1,-1,-1,-1
88,6,279.642,119.808,70.978,45.980,1,-1,-1,-1
89,3,352.364,126.140,138.039,56.312,1,-1,-1,-1
89,2,193.704,121.105,132.823,57.356,1,-1,-1,-1
89,6,279.574,119.642,71.106,46.098,1,-1,-1,-1
90,2,193.670,121.085,133.190,57.419,1,-1,-1,-1
90,6,279.494,119.624,71.122,46.128,1,-1,-1,-1
90,3,352.295,126.124,137.989,56.308,1,-1,-1,-1
91,2,195.275,120.430,128.081,58.858,1,-1,-1,-1
91,3,351.529,125.861,139.948,56.203,1,-1,-1,-1
91,5,187.823,135.132,77.792,45.414,1,-1,-1,-1
92,6,282.704,121.105,65.846,45.090,1,-1,-1,-1
92,3,351.403,125.847,139.955,56.149,1,-1,-1,-1
92,5,187.777,135.164,77.748,45.412,1,-1,-1,-1
93,3,351.343,125.863,140.087,56.143,1,-1,-1,-1
93,5,187.854,135.081,76.654,45.432,1,-1,-1,-1
93,6,283.090,121.234,65.450,44.894,1,-1,-1,-1
94,3,351.446,125.898,139.978,56.180,1,-1,-1,-1
94,2,195.214,120.520,128.190,58.915,1,-1,-1,-1
94,6,283.248,121.239,65.527,45.013,1,-1,-1,-1
95,3,351.446,125.888,139.862,56.211,1,-1,-1,-1
95,2,195.234,120.523,128.205,58.917,1,-1,-1,-1
95,6,283.445,121.341,65.527,45.013,1,-1,-1,-1
96,3,350.471,126.020,140.969,56.129,1,-1,-1,-1
96,2,195.471,120.439,127.389,59.038,1,-1,-1,-1
96,6,283.643,121.443,65.527,45.013,1,-1,-1,-1
97,3,351.607,125.968,139.831,56.024,1,-1,-1,-1
97,6,283.840,121.544,65.527,45.013,1,-1,-1,-1
97,5,188.249,134.672,78.384,45.728,1,-1,-1,-1
98,3,351.603,125.969,139.836,56.024,1,-1,-1,-1
98,2,194.961,120.496,127.632,58.911,1,-1,-1,-1
99,3,351.691,125.977,139.632,56.107,1,-1,-1,-1
99,2,192.239,123.020,137.318,56.245,1,-1,-1,-1
99,5,188.565,134.366,78.217,46.052,1,-1,-1,-1
100,2,195.075,120.265,127.338,59.100,1,-1,-1,-1
100,3,350.565,126.192,140.643,55.877,1,-1,-1,-1
101,2,194.456,120.329,129.315,58.143,1,-1,-1,-1
101,3,351.583,126.251,138.951,55.689,1,-1,-1,-1
101,6,284.748,121.576,63.922,43.303,1,-1,-1,-1
102,5,187.363,135.900,79.272,45.142,1,-1,-1,-1
102,6,284.807,122.054,63.907,42.967,1,-1,-1,-1
102,3,351.308,126.243,138.794,55.726,1,-1,-1,-1
103,5,187.412,135.789,79.108,44.990,1,-1,-1,-1
103,6,284.729,121.477,64.027,43.558,1,-1,-1,-1
103,3,352.057,126.129,138.427,55.997,1,-1,-1,-1
104,5,187.417,135.841,79.085,44.946,1,-1,-1,-1
104,3,351.615,126.198,138.886,55.893,1,-1,-1,-1
104,6,284.821,121.500,64.104,43.478,1,-1,-1,-1
105,5,187.843,135.625,78.669,45.220,1,-1,-1,-1
105,3,351.700,126.240,138.769,55.871,1,-1,-1,-1
105,6,285.033,121.604,63.828,43.323,1,-1,-1,-1
106,3,353.078,122.408,135.687,57.446,1,-1,-1,-1
106,2,194.375,120.346,128.019,58.104,1,-1,-1,-1
106,5,187.512,135.659,79.438,45.226,1,-1,-1,-1
107,2,194.319,120.355,128.270,58.104,1,-1,-1,-1
107,6,285.000,121.413,63.709,43.545,1,-1,-1,-1
107,3,353.201,122.419,135.598,57.403,1,-1,-1,-1
108,5,187.833,135.474,78.818,45.332,1,-1,-1,-1
108,6,285.498,121.960,63.283,43.034,1,-1,-1,-1
108,3,351.410,126.323,138.729,55.728,1,-1,-1,-1
109,3,352.636,122.319,136.141,57.484,1,-1,-1,-1
109,2,194.145,119.938,129.417,58.563,1,-1,-1,-1
109,6,284.240,121.236,64.689,43.612,1,-1,-1,-1
110,5,187.483,136.062,79.418,44.921,1,-1,-1,-1
110,6,284.317,121.194,64.627,43.673,1,-1,-1,-1
110,3,352.572,122.274,136.218,57.531,1,-1,-1,-1
111,3,352.615,126.119,137.271,55.753,1,-1,-1,-1
111,5,187.427,134.575,78.950,45.766,1,-1,-1,-1
111,6,282.516,120.632,66.361,43.610,1,-1,-1,-1
112,3,353.731,126.301,136.991,55.399,1,-1,-1,-1
112,5,187.132,134.454,78.391,45.635,1,-1,-1,-1
112,6,282.724,120.397,65.815,43.766,1,-1,-1,-1
113,5,187.110,134.508,77.532,45.409,1,-1,-1,-1
113,3,353.374,126.503,137.517,55.321,1,-1,-1,-1
113,6,282.155,120.972,67.245,43.293,1,-1,-1,-1
114,2,195.292,120.272,125.705,57.575,1,-1,-1,-1
114,5,187.019,134.043,78.850,45.887,1,-1,-1,-1
114,3,351.908,126.314,137.933,55.105,1,-1,-1,-1
115,3,352.597,126.468,137.826,54.998,1,-1,-1,-1
115,2,194.468,120.452,125.067,57.639,1,-1,-1,-1
116,2,194.525,120.791,126.286,57.248,1,-1,-1,-1
116,3,352.736,126.292,137.717,55.270,1,-1,-1,-1
117,7,5.610,206.449,57.587,77.858,1,-1,-1,-1
117,2,195.129,120.382,125.710,57.553,1,-1,-1,-1
117,6,281.525,120.821,68.099,43.422,1,-1,-1,-1
117,3,352.912,126.562,136.511,55.057,1,-1,-1,-1
118,2,194.883,120.515,124.867,57.558,1,-1,-1,-1
118,3,352.627,126.727,137.465,55.067,1,-1,-1,-1
118,5,186.761,133.681,80.929,46.486,1,-1,-1,-1
118,7,0.231,201.797,72.840,87.813,1,-1,-1,-1
119,3,352.141,126.811,137.840,55.122,1,-1,-1,-1
119,2,194.665,120.527,126.611,57.591,1,-1,-1,-1
119,5,186.565,133.706,80.694,46.386,1,-1,-1,-1
119,7,4.721,200.934,78.125,97.176,1,-1,-1,-1
120,5,187.224,133.609,80.181,46.506,1,-1,-1,-1
120,3,353.168,126.630,136.558,55.273,1,-1,-1,-1
120,7,9.323,205.038,85.182,97.982,1,-1,-1,-1
120,6,282.127,121.020,68.092,43.301,1,-1,-1,-1
121,3,349.728,126.505,139.864,55.766,1,-1,-1,-1
121,5,185.962,135.820,78.066,44.602,1,-1,-1,-1
121,7,9.045,204.589,96.010,98.495,1,-1,-1,-1
121,6,279.548,121.300,69.502,44.100,1,-1,-1,-1
122,7,9.316,203.028,102.679,107.289,1,-1,-1,-1
122,5,186.009,135.801,78.128,44.579,1,-1,-1,-1
122,3,349.755,126.500,139.762,55.676,1,-1,-1,-1
122,2,247.522,124.323,73.009,42.664,1,-1,-1,-1
123,5,185.650,135.169,78.698,45.208,1,-1,-1,-1
123,3,349.858,126.610,139.838,55.490,1,-1,-1,-1
123,7,11.262,203.905,109.853,104.703,1,-1,-1,-1
123,2,246.491,124.411,74.077,42.603,1,-1,-1,-1
124,5,185.670,135.170,78.796,45.256,1,-1,-1,-1
124,7,9.080,200.284,113.169,111.365,1,-1,-1,-1
124,6,279.453,121.485,69.594,43.935,1,-1,-1,-1
124,3,349.671,126.556,140.082,55.636,1,-1,-1,-1
125,7,8.719,202.878,126.651,110.427,1,-1,-1,-1
125,5,185.680,135.147,78.827,45.237,1,-1,-1,-1
125,6,279.313,121.432,69.753,43.949,1,-1,-1,-1
125,3,349.895,126.545,139.866,55.611,1,-1,-1,-1
126,7,12.539,209.497,135.300,105.715,1,-1,-1,-1
126,5,185.999,135.267,77.873,45.182,1,-1,-1,-1
126,2,246.456,124.317,73.901,42.812,1,-1,-1,-1
126,3,350.028,126.475,139.309,55.599,1,-1,-1,-1
127,5,185.821,135.790,77.901,44.550,1,-1,-1,-1
127,2,246.796,124.375,73.579,42.703,1,-1,-1,-1
127,7,20.542,208.895,137.829,110.475,1,-1,-1,-1
127,3,350.117,126.694,139.344,55.505,1,-1,-1,-1
128,7,26.847,208.867,142.617,109.782,1,-1,-1,-1
128,5,185.996,135.833,78.265,44.379,1,-1,-1,-1
128,2,246.700,124.414,74.258,42.816,1,-1,-1,-1
128,3,350.291,126.346,139.016,55.892,1,-1,-1,-1
129,7,28.960,210.408,151.530,112.110,1,-1,-1,-1
129,5,186.463,135.109,77.934,44.932,1,-1,-1,-1
129,2,247.203,124.444,73.180,42.638,1,-1,-1,-1
129,3,350.370,126.341,138.925,55.877,1,-1,-1,-1
130,7,37.659,210.702,152.458,114.772,1,-1,-1,-1
130,3,350.536,126.593,138.721,55.546,1,-1,-1,-1
130,5,186.283,135.544,78.508,44.711,1,-1,-1,-1
130,6,280.660,121.698,68.648,43.994,1,-1,-1,-1
131,7,46.358,210.995,153.385,117.433,1,-1,-1,-1
131,3,351.778,127.356,138.694,55.336,1,-1,-1,-1
131,5,187.061,135.891,78.764,43.824,1,-1,-1,-1
131,6,281.583,120.526,68.288,44.599,1,-1,-1,-1
132,3,351.651,127.321,138.766,55.368,1,-1,-1,-1
132,7,55.057,211.289,154.313,120.095,1,-1,-1,-1
132,2,194.868,119.612,128.141,58.721,1,-1,-1,-1
133,3,351.677,127.407,139.013,55.335,1,-1,-1,-1
133,7,58.428,215.560,161.948,117.984,1,-1,-1,-1
133,2,194.139,119.890,127.779,58.048,1,-1,-1,-1
134,2,194.070,119.885,127.335,58.044,1,-1,-1,-1
134,3,351.606,127.378,139.116,55.406,1,-1,-1,-1
134,7,61.800,219.830,169.583,115.873,1,-1,-1,-1
135,7,69.492,217.856,171.676,120.349,1,-1,-1,-1
135,6,281.783,120.021,68.272,44.895,1,-1,-1,-1
135,3,351.533,127.216,139.053,55.502,1,-1,-1,-1
135,5,186.968,135.964,78.835,43.413,1,-1,-1,-1
136,2,194.644,119.641,125.527,57.776,1,-1,-1,-1
136,5,186.098,135.491,79.394,43.688,1,-1,-1,-1
136,3,352.547,123.074,135.477,57.069,1,-1,-1,-1
136,7,74.912,218.404,176.228,122.683,1,-1,-1,-1
137,6,281.900,119.456,67.279,45.053,1,-1,-1,-1
137,3,352.767,123.063,135.245,56.997,1,-1,-1,-1
137,5,186.830,135.493,78.320,43.489,1,-1,-1,-1
137,7,80.333,218.952,180.779,125.016,1,-1,-1,-1
138,7,85.753,219.500,185.331,127.350,1,-1,-1,-1
138,2,194.410,120.223,122.969,57.065,1,-1,-1,-1
138,3,353.213,123.099,134.898,56.629,1,-1,-1,-1
138,6,282.689,120.150,66.114,44.377,1,-1,-1,-1
139,7,89.204,218.667,193.899,130.482,1,-1,-1,-1
139,3,352.931,123.134,135.528,56.651,1,-1,-1,-1
139,2,194.531,120.157,122.232,57.520,1,-1,-1,-1
140,7,92.656,217.834,202.467,133.615,1,-1,-1,-1
140,2,194.672,119.994,121.272,57.750,1,-1,-1,-1
140,3,352.291,122.759,136.666,57.538,1,-1,-1,-1
141,3,352.170,126.308,138.719,56.437,1,-1,-1,-1
141,7,94.917,217.869,207.594,132.831,1,-1,-1,-1
141,6,283.483,120.291,65.121,44.227,1,-1,-1,-1
141,5,184.768,135.643,82.436,44.389,1,-1,-1,-1
142,3,352.142,126.292,138.866,56.476,1,-1,-1,-1
142,2,195.417,120.598,127.779,57.347,1,-1,-1,-1
142,7,89.689,214.888,207.569,138.828,1,-1,-1,-1
142,6,283.555,120.274,65.121,44.227,1,-1,-1,-1
143,2,194.583,119.786,128.513,58.235,1,-1,-1,-1
143,7,95.725,219.402,211.151,136.892,1,-1,-1,-1
143,3,352.458,126.475,138.879,56.659,1,-1,-1,-1
144,7,101.760,223.917,214.734,134.956,1,-1,-1,-1
144,3,352.164,126.293,139.327,56.623,1,-1,-1,-1
144,2,194.157,119.978,127.406,58.555,1,-1,-1,-1
144,6,284.797,121.945,64.236,43.027,1,-1,-1,-1
145,7,111.045,225.493,209.128,135.699,1,-1,-1,-1
145,3,353.805,126.227,138.269,56.664,1,-1,-1,-1
145,2,193.895,120.166,128.801,57.804,1,-1,-1,-1
145,6,285.095,121.229,63.723,43.718,1,-1,-1,-1
146,7,116.425,224.174,211.984,138.233,1,-1,-1,-1
146,6,285.930,121.418,62.782,43.289,1,-1,-1,-1
146,5,184.447,135.679,82.125,44.012,1,-1,-1,-1
146,3,353.392,126.152,138.826,56.825,1,-1,-1,-1
147,7,121.081,224.389,218.014,139.653,1,-1,-1,-1
147,3,353.205,126.062,138.634,56.313,1,-1,-1,-1
147,6,284.305,121.061,64.252,44.189,1,-1,-1,-1
147,5,184.809,135.602,82.027,44.171,1,-1,-1,-1
148,7,125.738,224.603,224.044,141.073,1,-1,-1,-1
148,5,185.131,135.952,81.395,43.751,1,-1,-1,-1
148,6,284.454,121.392,64.518,43.996,1,-1,-1,-1
148,3,352.743,126.079,138.829,56.431,1,-1,-1,-1
149,7,130.394,224.818,230.074,142.493,1,-1,-1,-1
149,2,195.101,120.601,129.728,57.246,1,-1,-1,-1
149,5,184.892,136.038,81.640,43.824,1,-1,-1,-1
149,3,353.054,125.941,138.339,56.398,1,-1,-1,-1
150,2,194.760,120.780,131.130,56.977,1,-1,-1,-1
150,3,353.139,126.002,138.105,56.353,1,-1,-1,-1
150,5,184.719,135.988,81.864,43.993,1,-1,-1,-1
150,7,138.003,225.062,229.028,142.849,1,-1,-1,-1
151,3,353.173,126.381,137.951,56.420,1,-1,-1,-1
151,7,141.314,224.684,234.472,148.306,1,-1,-1,-1
151,6,284.062,121.169,64.696,44.114,1,-1,-1,-1
151,5,185.723,135.761,79.301,44.784,1,-1,-1,-1
152,7,144.624,224.306,239.916,153.763,1,-1,-1,-1
152,3,354.314,126.871,136.233,56.186,1,-1,-1,-1
152,2,195.478,121.024,126.849,57.453,1,-1,-1,-1
153,7,146.021,223.514,245.890,156.399,1,-1,-1,-1
153,3,354.056,126.877,136.540,56.205,1,-1,-1,-1
153,2,195.649,120.881,124.645,57.802,1,-1,-1,-1
153,5,185.529,135.430,79.969,44.990,1,-1,-1,-1
154,7,156.043,226.690,247.796,156.595,1,-1,-1,-1
154,6,283.979,121.181,64.754,44.159,1,-1,-1,-1
154,3,353.313,122.908,135.495,57.452,1,-1,-1,-1
154,5,185.003,135.780,80.417,44.725,1,-1,-1,-1
155,3,353.427,126.506,137.378,56.086,1,-1,-1,-1
155,7,166.066,229.866,249.702,156.791,1,-1,-1,-1
155,6,283.966,121.182,64.754,44.159,1,-1,-1,-1
155,5,186.352,136.604,77.574,44.230,1,-1,-1,-1
156,7,182.036,228.486,248.720,158.410,1,-1,-1,-1
156,2,195.498,119.757,123.793,59.302,1,-1,-1,-1
156,3,354.237,126.649,136.555,56.017,1,-1,-1,-1
157,7,189.876,230.005,259.611,161.723,1,-1,-1,-1
157,3,353.472,126.662,136.833,56.097,1,-1,-1,-1
157,6,283.939,121.184,64.754,44.159,1,-1,-1,-1
157,5,188.038,135.359,77.806,45.266,1,-1,-1,-1
158,3,353.776,126.840,137.065,56.025,1,-1,-1,-1
158,7,197.716,231.525,270.501,165.036,1,-1,-1,-1
158,2,195.557,120.557,125.362,59.167,1,-1,-1,-1
159,3,353.500,126.623,136.790,56.206,1,-1,-1,-1
159,7,205.556,233.044,281.392,168.349,1,-1,-1,-1
159,2,195.151,121.127,127.020,57.533,1,-1,-1,-1
159,6,283.914,121.473,64.788,44.059,1,-1,-1,-1
160,3,353.648,126.580,136.802,56.345,1,-1,-1,-1
160,2,194.641,120.829,127.160,57.704,1,-1,-1,-1
160,7,213.396,234.563,292.282,171.662,1,-1,-1,-1
161,3,352.605,126.901,138.367,55.606,1,-1,-1,-1
161,6,283.888,121.762,64.821,43.960,1,-1,-1,-1
161,7,232.974,234.355,298.683,178.079,1,-1,-1,-1
161,5,185.797,134.783,80.154,45.376,1,-1,-1,-1
162,3,351.584,126.877,139.305,55.568,1,-1,-1,-1
162,7,252.553,234.148,305.084,184.497,1,-1,-1,-1
162,5,185.620,134.607,80.433,45.601,1,-1,-1,-1
162,6,283.876,121.907,64.838,43.910,1,-1,-1,-1
163,7,254.376,235.963,310.166,182.224,1,-1,-1,-1
163,3,351.575,126.894,139.022,55.691,1,-1,-1,-1
163,2,196.356,122.447,124.200,56.176,1,-1,-1,-1
164,7,268.353,237.073,327.901,190.671,1,-1,-1,-1
164,3,351.888,126.909,138.967,55.650,1,-1,-1,-1
164,2,196.612,122.098,124.734,56.345,1,-1,-1,-1
164,5,185.972,135.474,80.546,44.062,1,-1,-1,-1
165,3,352.666,127.058,138.158,55.589,1,-1,-1,-1
165,7,282.329,238.182,345.635,199.119,1,-1,-1,-1
165,6,283.817,122.752,64.533,43.223,1,-1,-1,-1
165,5,186.363,134.818,80.588,44.689,1,-1,-1,-1
166,6,283.294,122.367,65.455,43.555,1,-1,-1,-1
166,7,296.306,239.292,363.370,207.566,1,-1,-1,-1
166,3,352.671,127.133,138.022,55.483,1,-1,-1,-1
166,5,186.534,134.979,80.470,44.563,1,-1,-1,-1
167,7,312.067,245.941,384.731,214.873,1,-1,-1,-1
167,2,196.513,121.462,122.381,56.905,1,-1,-1,-1
167,3,353.323,127.350,137.699,55.526,1,-1,-1,-1
168,5,186.534,134.704,80.358,44.876,1,-1,-1,-1
168,7,338.621,252.182,401.410,219.054,1,-1,-1,-1
168,3,353.024,127.090,138.039,55.780,1,-1,-1,-1
168,6,284.193,122.069,64.951,44.082,1,-1,-1,-1
169,3,353.672,126.882,137.466,55.884,1,-1,-1,-1
169,5,186.164,135.325,80.357,44.161,1,-1,-1,-1
169,7,365.175,258.424,418.088,223.236,1,-1,-1,-1
169,6,284.804,122.093,64.469,43.938,1,-1,-1,-1
170,7,391.729,264.665,434.767,227.417,1,-1,-1,-1
170,3,353.622,126.901,137.514,55.927,1,-1,-1,-1
170,2,197.206,121.585,121.465,56.632,1,-1,-1,-1
171,2,195.887,121.406,122.149,57.882,1,-1,-1,-1
171,3,353.234,126.513,138.935,56.431,1,-1,-1,-1
171,7,408.878,255.666,455.065,249.153,1,-1,-1,-1
172,3,353.207,126.607,139.056,56.379,1,-1,-1,-1
172,2,195.935,121.477,122.441,57.788,1,-1,-1,-1
172,7,436.888,265.299,480.099,250.495,1,-1,-1,-1
173,3,353.230,126.599,139.216,56.407,1,-1,-1,-1
173,7,464.899,274.932,505.132,251.838,1,-1,-1,-1
173,5,186.802,134.759,79.620,45.972,1,-1,-1,-1
173,6,283.150,121.971,65.972,43.707,1,-1,-1,-1
174,3,353.165,126.612,139.206,56.395,1,-1,-1,-1
174,2,196.044,121.538,121.778,57.784,1,-1,-1,-1
174,6,283.688,122.033,65.102,43.593,1,-1,-1,-1
174,7,499.742,281.048,533.570,261.038,1,-1,-1,-1
175,2,196.070,121.347,121.378,58.021,1,-1,-1,-1
175,7,534.586,287.164,562.008,270.237,1,-1,-1,-1
175,3,353.158,126.605,139.234,56.416,1,-1,-1,-1
175,6,283.923,121.866,64.889,43.730,1,-1,-1,-1
176,5,186.294,134.657,80.115,45.725,1,-1,-1,-1
176,6,283.733,122.283,64.839,43.268,1,-1,-1,-1
176,7,594.080,294.123,586.134,284.956,1,-1,-1,-1
176,3,353.269,126.451,139.113,56.441,1,-1,-1,-1
177,3,352.757,126.521,139.545,56.491,1,-1,-1,-1
177,5,186.408,134.830,80.206,45.431,1,-1,-1,-1
177,6,284.376,122.342,64.606,43.384,1,-1,-1,-1
177,7,647.889,302.513,621.479,299.978,1,-1,-1,-1
178,7,701.697,310.902,656.825,315.000,1,-1,-1,-1
178,3,353.338,126.739,138.136,56.117,1,-1,-1,-1
178,2,195.363,121.334,122.286,57.729,1,-1,-1,-1
179,5,188.500,134.538,77.241,45.532,1,-1,-1,-1
179,6,285.607,122.670,62.614,42.979,1,-1,-1,-1
179,3,353.497,127.272,138.369,55.739,1,-1,-1,-1
179,7,762.504,324.276,685.850,328.272,1,-1,-1,-1
180,7,823.310,337.650,714.874,341.544,1,-1,-1,-1
180,2,195.672,120.897,119.175,57.881,1,-1,-1,-1
180,3,353.976,126.892,137.960,56.120,1,-1,-1,-1
181,3,353.581,126.584,137.503,56.545,1,-1,-1,-1
181,2,196.091,121.179,123.633,56.323,1,-1,-1,-1
181,8,1203.618,181.105,146.666,83.971,1,-1,-1,-1
181,6,284.181,122.753,64.687,43.681,1,-1,-1,-1
181,7,884.117,351.024,743.899,354.816,1,-1,-1,-1
182,7,980.688,364.123,741.068,373.320,1,-1,-1,-1
182,8,1195.170,183.800,148.593,82.967,1,-1,-1,-1
182,3,353.620,126.587,137.537,56.582,1,-1,-1,-1
182,2,196.129,121.166,123.563,56.330,1,-1,-1,-1
182,5,185.458,136.880,80.138,43.054,1,-1,-1,-1
183,3,353.743,126.522,137.228,56.547,1,-1,-1,-1
183,6,284.239,122.867,64.585,43.590,1,-1,-1,-1
183,7,1077.259,377.222,738.238,391.825,1,-1,-1,-1
183,5,185.581,136.748,80.101,43.281,1,-1,-1,-1
183,8,1186.951,184.084,150.668,84.616,1,-1,-1,-1
184,6,283.957,122.191,65.377,44.453,1,-1,-1,-1
184,5,184.847,136.471,80.681,43.681,1,-1,-1,-1
184,7,1173.830,390.321,735.407,410.329,1,-1,-1,-1
184,8,1175.479,185.215,158.926,85.134,1,-1,-1,-1
184,3,353.284,126.390,137.367,56.566,1,-1,-1,-1
185,8,1169.720,188.414,156.780,85.618,1,-1,-1,-1
185,3,353.476,126.402,136.960,56.593,1,-1,-1,-1
185,7,1280.617,399.691,621.387,440.170,1,-1,-1,-1
185,2,196.013,121.356,124.509,55.995,1,-1,-1,-1
186,5,185.339,136.539,80.488,43.087,1,-1,-1,-1
186,8,1159.719,190.428,160.104,86.710,1,-1,-1,-1
186,3,354.451,126.457,135.758,56.782,1,-1,-1,-1
186,6,284.410,122.092,64.922,44.541,1,-1,-1,-1
186,7,1383.050,425.950,523.907,365.964,1,-1,-1,-1
187,2,196.756,122.283,122.478,54.942,1,-1,-1,-1
187,8,1144.092,193.634,169.825,85.807,1,-1,-1,-1
187,7,1485.495,459.263,410.189,326.204,1,-1,-1,-1
187,5,185.240,136.472,81.404,42.923,1,-1,-1,-1
187,3,353.847,126.413,137.598,56.892,1,-1,-1,-1
188,3,353.384,126.531,138.189,56.822,1,-1,-1,-1
188,7,1622.075,471.443,292.994,328.673,1,-1,-1,-1
188,8,1134.345,194.376,176.250,87.703,1,-1,-1,-1
188,2,196.934,122.361,121.859,54.937,1,-1,-1,-1
189,3,353.752,126.463,138.198,57.057,1,-1,-1,-1
189,2,197.028,122.222,122.744,55.011,1,-1,-1,-1
189,7,1738.735,431.508,177.134,205.893,1,-1,-1,-1
189,8,1130.313,191.857,174.773,89.555,1,-1,-1,-1
190,3,353.589,126.502,138.506,57.000,1,-1,-1,-1
190,8,1122.359,193.775,175.677,89.158,1,-1,-1,-1
190,5,185.411,136.699,81.044,43.002,1,-1,-1,-1
190,6,284.504,122.002,65.168,44.654,1,-1,-1,-1
191,2,195.514,120.906,124.009,57.193,1,-1,-1,-1
191,8,1114.414,195.630,178.238,89.147,1,-1,-1,-1
191,5,186.931,135.612,80.831,44.640,1,-1,-1,-1
191,3,354.492,125.958,138.818,57.023,1,-1,-1,-1
192,9,1698.074,439.288,221.672,167.469,1,-1,-1,-1
192,8,1108.530,196.359,181.931,91.247,1,-1,-1,-1
192,3,355.278,125.930,138.033,57.062,1,-1,-1,-1
192,2,195.105,120.928,127.245,57.253,1,-1,-1,-1
193,2,194.583,120.951,126.384,57.037,1,-1,-1,-1
193,8,1102.241,196.250,183.585,91.200,1,-1,-1,-1
193,9,1689.918,436.904,228.026,166.262,1,-1,-1,-1
193,3,354.938,125.926,138.618,56.795,1,-1,-1,-1
193,6,284.237,121.672,64.456,44.316,1,-1,-1,-1
194,8,1098.482,197.646,182.750,89.998,1,-1,-1,-1
194,3,354.849,126.007,139.672,56.881,1,-1,-1,-1
194,9,1679.467,434.939,235.378,169.406,1,-1,-1,-1
194,2,194.438,120.959,124.813,57.118,1,-1,-1,-1
195,3,354.969,125.924,139.140,56.949,1,-1,-1,-1
195,8,1096.098,197.565,181.048,91.589,1,-1,-1,-1
195,9,1673.374,435.227,239.337,168.028,1,-1,-1,-1
195,2,194.688,120.799,124.864,57.360,1,-1,-1,-1
196,8,1087.106,199.192,183.409,89.961,1,-1,-1,-1
196,3,354.918,126.074,138.792,57.024,1,-1,-1,-1
196,9,1663.758,432.066,254.757,174.468,1,-1,-1,-1
196,2,194.492,120.901,125.203,57.237,1,-1,-1,-1
196,5,186.091,135.063,81.817,45.252,1,-1,-1,-1
197,8,1078.611,199.244,186.006,91.062,1,-1,-1,-1
197,5,185.600,135.368,82.649,44.772,1,-1,-1,-1
197,9,1653.174,430.989,264.861,177.534,1,-1,-1,-1
197,3,355.703,126.344,138.023,56.957,1,-1,-1,-1
197,6,283.765,121.302,64.769,44.668,1,-1,-1,-1
198,8,1074.696,198.249,185.837,94.226,1,-1,-1,-1
198,3,355.827,126.309,138.136,56.956,1,-1,-1,-1
198,2,193.969,120.803,128.455,57.314,1,-1,-1,-1
198,9,1643.437,428.058,274.014,180.878,1,-1,-1,-1
199,8,1069.846,198.323,187.548,95.117,1,-1,-1,-1
199,2,194.163,120.883,128.626,57.217,1,-1,-1,-1
199,3,356.023,126.239,137.552,57.008,1,-1,-1,-1
199,9,1631.713,421.990,286.431,188.684,1,-1,-1,-1
199,6,284.015,121.940,64.831,44.123,1,-1,-1,-1
200,2,194.120,120.213,128.108,58.021,1,-1,-1,-1
200,8,1067.517,199.119,187.099,94.749,1,-1,-1,-1
200,3,355.835,126.217,137.684,57.081,1,-1,-1,-1
200,9,1627.846,422.041,290.567,198.837,1,-1,-1,-1
200,5,186.594,135.924,80.666,44.522,1,-1,-1,-1
201,3,353.167,125.976,138.324,56.796,1,-1,-1,-1
201,8,1064.059,200.005,188.633,93.332,1,-1,-1,-1
201,9,1604.961,418.881,312.748,202.766,1,-1,-1,-1
201,2,196.000,119.862,129.946,58.796,1,-1,-1,-1
202,3,351.952,126.261,139.107,56.412,1,-1,-1,-1
202,8,1063.206,200.846,187.164,93.676,1,-1,-1,-1
202,9,1589.743,416.130,329.553,200.242,1,-1,-1,-1
202,2,195.741,120.083,130.314,58.487,1,-1,-1,-1
202,6,281.219,120.938,67.822,45.720,1,-1,-1,-1
203,5,188.432,135.290,77.766,44.604,1,-1,-1,-1
203,6,281.187,121.173,67.781,45.629,1,-1,-1,-1
203,9,1569.242,411.867,347.863,202.850,1,-1,-1,-1
203,8,1060.405,201.753,189.540,93.556,1,-1,-1,-1
203,3,351.918,126.295,138.871,56.333,1,-1,-1,-1
204,2,195.173,120.158,129.476,58.434,1,-1,-1,-1
204,9,1579.738,412.922,339.262,202.891,1,-1,-1,-1
204,3,352.023,126.257,139.142,56.449,1,-1,-1,-1
204,8,1061.056,202.909,187.301,92.642,1,-1,-1,-1
205,9,1584.979,412.988,334.021,202.644,1,-1,-1,-1
205,2,196.569,120.756,124.441,57.953,1,-1,-1,-1
205,8,1061.248,202.784,187.999,93.025,1,-1,-1,-1
205,6,283.445,120.660,65.249,45.235,1,-1,-1,-1
205,3,352.493,126.177,138.342,56.484,1,-1,-1,-1
206,8,1060.470,203.704,188.570,92.764,1,-1,-1,-1
206,2,196.446,119.234,122.833,59.329,1,-1,-1,-1
206,3,353.190,126.063,138.266,56.604,1,-1,-1,-1
206,9,1488.165,393.508,406.484,193.415,1,-1,-1,-1
206,5,190.006,134.459,76.558,44.971,1,-1,-1,-1
207,3,353.127,126.114,137.915,56.489,1,-1,-1,-1
207,2,195.507,119.063,125.500,59.961,1,-1,-1,-1
207,8,1059.949,204.130,189.087,92.595,1,-1,-1,-1
207,9,1449.139,392.645,412.487,184.745,1,-1,-1,-1
207,5,189.324,134.558,76.510,45.306,1,-1,-1,-1
208,6,283.712,120.924,65.211,44.587,1,-1,-1,-1
208,5,189.447,134.515,76.420,45.377,1,-1,-1,-1
208,8,1059.093,204.720,189.522,91.811,1,-1,-1,-1
208,3,353.151,126.111,137.850,56.454,1,-1,-1,-1
208,9,1423.170,383.091,402.914,194.928,1,-1,-1,-1
209,8,1058.746,205.691,189.941,90.822,1,-1,-1,-1
209,6,284.198,121.155,64.843,44.478,1,-1,-1,-1
209,3,353.352,126.212,138.039,56.490,1,-1,-1,-1
209,9,1387.806,382.499,409.106,187.114,1,-1,-1,-1
209,5,188.818,134.612,77.458,45.622,1,-1,-1,-1
210,5,189.342,134.631,76.534,45.243,1,-1,-1,-1
210,6,282.582,120.825,66.582,45.080,1,-1,-1,-1
210,8,1059.057,205.419,188.449,91.043,1,-1,-1,-1
210,3,353.355,126.078,137.789,56.682,1,-1,-1,-1
210,9,1344.488,370.503,420.507,178.883,1,-1,-1,-1
211,8,1057.083,205.106,189.468,90.802,1,-1,-1,-1
211,9,1308.246,362.094,408.281,183.046,1,-1,-1,-1
211,3,354.490,126.472,137.282,56.732,1,-1,-1,-1
211,10,246.260,124.503,70.951,41.555,1,-1,-1,-1
211,5,186.327,135.028,79.869,44.602,1,-1,-1,-1
212,8,1057.640,204.519,187.542,90.994,1,-1,-1,-1
212,9,1274.395,354.097,411.490,182.443,1,-1,-1,-1
212,5,186.281,134.976,79.962,44.665,1,-1,-1,-1
212,10,246.301,124.487,70.739,41.562,1,-1,-1,-1
212,3,354.556,126.449,137.329,56.686,1,-1,-1,-1
213,9,1227.809,345.811,417.535,182.430,1,-1,-1,-1
213,2,194.087,125.319,131.110,53.191,1,-1,-1,-1
213,8,1057.867,204.650,187.535,90.700,1,-1,-1,-1
213,3,354.652,126.482,137.369,56.665,1,-1,-1,-1
214,9,1182.744,336.072,410.310,179.613,1,-1,-1,-1
214,3,355.174,126.818,137.384,56.292,1,-1,-1,-1
214,6,282.662,121.329,66.648,43.725,1,-1,-1,-1
214,8,1059.169,204.971,188.142,90.400,1,-1,-1,-1
214,5,186.163,135.273,79.921,44.160,1,-1,-1,-1
215,9,1136.622,331.398,409.764,176.038,1,-1,-1,-1
215,8,1060.172,204.468,189.460,91.079,1,-1,-1,-1
215,3,354.798,126.807,137.664,56.383,1,-1,-1,-1
215,2,195.758,121.510,125.970,56.536,1,-1,-1,-1
216,8,1059.216,202.895,189.869,93.236,1,-1,-1,-1
216,5,185.515,135.379,81.318,44.305,1,-1,-1,-1
216,9,1099.724,328.015,413.537,171.463,1,-1,-1,-1
216,3,354.151,126.773,138.954,56.689,1,-1,-1,-1
216,6,282.877,121.452,66.112,43.634,1,-1,-1,-1
217,9,1063.262,322.056,403.627,168.517,1,-1,-1,-1
217,3,354.200,126.798,138.307,56.451,1,-1,-1,-1
217,2,195.810,121.475,123.513,56.998,1,-1,-1,-1
217,8,1061.082,203.909,187.633,92.950,1,-1,-1,-1
218,2,196.227,121.375,123.769,56.825,1,-1,-1,-1
218,9,1014.676,309.074,387.798,164.762,1,-1,-1,-1
218,8,1062.123,205.518,186.719,91.863,1,-1,-1,-1
218,3,354.674,126.815,137.061,56.374,1,-1,-1,-1
219,8,1061.081,205.774,186.140,89.829,1,-1,-1,-1
219,9,976.017,301.233,379.469,165.807,1,-1,-1,-1
219,6,284.792,121.442,63.848,43.976,1,-1,-1,-1
219,5,186.244,135.305,79.837,44.132,1,-1,-1,-1
219,3,354.913,126.890,136.869,56.103,1,-1,-1,-1
220,8,1061.877,206.692,186.361,89.047,1,-1,-1,-1
220,5,185.805,135.064,80.428,44.508,1,-1,-1,-1
220,9,931.067,297.917,380.522,161.343,1,-1,-1,-1
220,3,355.217,126.889,136.763,56.196,1,-1,-1,-1
220,6,284.792,121.431,63.919,44.043,1,-1,-1,-1
221,3,350.793,126.079,139.966,56.221,1,-1,-1,-1
221,8,1060.994,208.751,187.232,87.444,1,-1,-1,-1
221,2,194.983,120.303,127.096,58.531,1,-1,-1,-1
221,9,892.652,298.022,378.888,148.918,1,-1,-1,-1
221,5,186.255,134.017,80.727,46.783,1,-1,-1,-1
222,9,848.490,286.284,355.479,148.876,1,-1,-1,-1
222,2,195.212,120.264,126.746,58.484,1,-1,-1,-1
222,6,281.602,119.422,67.446,46.206,1,-1,-1,-1
222,3,350.908,126.076,139.917,56.220,1,-1,-1,-1
222,8,1058.580,207.153,188.238,90.152,1,-1,-1,-1
223,3,350.439,125.812,140.263,56.481,1,-1,-1,-1
223,6,281.843,119.266,67.169,46.363,1,-1,-1,-1
223,8,1056.759,205.480,188.313,92.120,1,-1,-1,-1
223,5,187.443,133.409,79.574,47.203,1,-1,-1,-1
223,9,814.092,278.505,343.453,146.131,1,-1,-1,-1
224,8,1056.804,204.976,186.566,92.223,1,-1,-1,-1
224,3,351.743,125.610,138.484,56.246,1,-1,-1,-1
224,9,773.650,275.424,334.214,142.751,1,-1,-1,-1
224,2,195.811,120.235,128.286,58.323,1,-1,-1,-1
225,8,1055.308,204.476,188.680,92.316,1,-1,-1,-1
225,3,351.967,125.492,137.934,56.455,1,-1,-1,-1
225,9,731.877,270.820,319.808,137.703,1,-1,-1,-1
225,2,195.762,120.261,125.306,58.040,1,-1,-1,-1
225,6,279.896,118.601,68.163,47.082,1,-1,-1,-1
226,8,1052.110,205.074,190.060,93.229,1,-1,-1,-1
226,5,186.961,134.027,78.966,45.877,1,-1,-1,-1
226,3,352.707,125.488,137.786,56.468,1,-1,-1,-1
226,6,280.484,119.064,67.968,46.558,1,-1,-1,-1
226,9,702.747,265.818,304.760,132.671,1,-1,-1,-1
227,3,352.740,125.478,137.669,56.499,1,-1,-1,-1
227,2,195.931,120.693,127.997,57.260,1,-1,-1,-1
227,9,664.679,256.932,296.834,134.670,1,-1,-1,-1
227,5,186.933,133.884,79.857,46.110,1,-1,-1,-1
227,8,1050.322,205.719,190.437,93.756,1,-1,-1,-1
228,3,352.171,125.496,138.619,56.358,1,-1,-1,-1
228,8,1047.381,205.378,192.765,93.831,1,-1,-1,-1
228,9,630.346,253.622,288.091,129.344,1,-1,-1,-1
228,2,246.290,123.585,73.446,42.998,1,-1,-1,-1
228,5,186.938,133.652,80.093,46.372,1,-1,-1,-1
229,9,596.631,247.099,275.012,124.284,1,-1,-1,-1
229,6,280.025,118.189,68.768,47.585,1,-1,-1,-1
229,8,1043.335,206.211,193.007,94.589,1,-1,-1,-1
229,3,353.581,126.119,138.044,56.181,1,-1,-1,-1
229,5,187.609,133.784,79.168,46.081,1,-1,-1,-1
230,9,552.206,247.135,282.555,118.048,1,-1,-1,-1
230,3,352.354,126.055,138.803,56.388,1,-1,-1,-1
230,5,186.955,133.506,79.623,46.488,1,-1,-1,-1
230,8,1049.217,206.125,188.343,96.846,1,-1,-1,-1
230,6,281.999,118.950,66.700,46.642,1,-1,-1,-1
231,3,351.423,126.790,138.620,55.456,1,-1,-1,-1
231,8,1038.983,208.512,192.964,96.832,1,-1,-1,-1
231,9,526.256,240.526,263.150,113.995,1,-1,-1,-1
231,2,194.264,121.851,117.274,56.619,1,-1,-1,-1
232,3,351.370,126.768,138.856,55.485,1,-1,-1,-1
232,6,281.204,119.052,67.567,46.451,1,-1,-1,-1
232,2,193.111,124.166,111.005,54.502,1,-1,-1,-1
232,9,501.827,238.952,248.654,109.131,1,-1,-1,-1
232,8,1033.035,208.252,194.934,99.659,1,-1,-1,-1
233,9,481.586,235.359,246.811,108.858,1,-1,-1,-1
233,2,191.957,126.482,104.736,52.386,1,-1,-1,-1
233,3,351.947,122.195,136.722,57.838,1,-1,-1,-1
233,6,281.203,119.484,67.454,46.250,1,-1,-1,-1
233,8,1024.235,208.532,196.107,100.704,1,-1,-1,-1
234,3,352.054,122.036,136.710,57.881,1,-1,-1,-1
234,6,281.005,119.330,67.698,46.223,1,-1,-1,-1
234,9,450.812,233.812,228.020,97.806,1,-1,-1,-1
234,8,1008.127,212.105,201.222,97.202,1,-1,-1,-1
234,5,186.900,135.184,79.211,44.908,1,-1,-1,-1
235,3,351.446,121.968,137.009,57.941,1,-1,-1,-1
235,9,422.832,229.737,215.420,97.106,1,-1,-1,-1
235,6,280.036,118.266,68.725,46.981,1,-1,-1,-1
235,2,189.650,131.113,92.199,48.153,1,-1,-1,-1
235,8,999.792,213.849,202.330,97.240,1,-1,-1,-1
236,2,188.497,133.428,85.930,46.036,1,-1,-1,-1
236,6,280.659,119.300,68.338,46.115,1,-1,-1,-1
236,9,394.138,221.427,206.550,100.869,1,-1,-1,-1
236,8,991.077,214.069,204.745,102.110,1,-1,-1,-1
236,3,352.360,122.180,135.659,57.439,1,-1,-1,-1
237,5,194.905,120.726,131.636,56.632,1,-1,-1,-1
237,6,280.562,118.661,69.108,46.754,1,-1,-1,-1
237,8,983.418,215.912,207.584,102.621,1,-1,-1,-1
237,3,352.210,122.204,135.748,57.615,1,-1,-1,-1
237,9,372.776,220.983,204.102,98.655,1,-1,-1,-1
238,3,352.031,122.325,135.988,57.498,1,-1,-1,-1
238,8,975.360,217.523,207.858,101.849,1,-1,-1,-1
238,9,348.278,215.884,197.467,102.470,1,-1,-1,-1
238,6,279.652,118.462,70.012,47.175,1,-1,-1,-1
238,2,187.334,135.827,79.695,43.809,1,-1,-1,-1
239,8,960.724,218.545,214.045,102.761,1,-1,-1,-1
239,3,351.851,122.417,136.186,57.406,1,-1,-1,-1
239,9,323.815,213.977,193.062,99.752,1,-1,-1,-1
239,2,187.175,135.847,80.246,43.789,1,-1,-1,-1
239,6,279.673,118.324,70.043,47.230,1,-1,-1,-1
240,3,352.728,122.460,135.218,57.383,1,-1,-1,-1
240,5,194.531,120.589,131.333,56.636,1,-1,-1,-1
240,9,310.952,213.047,171.987,95.860,1,-1,-1,-1
240,8,943.800,219.788,213.735,104.915,1,-1,-1,-1
241,9,293.106,215.114,166.920,88.321,1,-1,-1,-1
241,8,927.704,225.347,219.566,104.244,1,-1,-1,-1
241,5,195.656,120.804,129.564,58.039,1,-1,-1,-1
241,6,277.983,119.075,72.548,45.695,1,-1,-1,-1
241,3,350.594,121.631,139.195,58.864,1,-1,-1,-1
242,5,195.636,120.823,129.679,57.954,1,-1,-1,-1
242,9,275.376,211.118,157.604,90.946,1,-1,-1,-1
242,3,350.486,121.572,139.316,58.924,1,-1,-1,-1
242,8,907.241,226.509,226.792,108.053,1,-1,-1,-1
243,5,195.638,119.585,129.191,58.794,1,-1,-1,-1
243,3,350.947,126.362,142.093,55.839,1,-1,-1,-1
243,9,254.345,212.443,154.564,85.150,1,-1,-1,-1
243,2,187.979,135.448,77.274,44.686,1,-1,-1,-1
243,8,898.884,227.136,232.737,111.353,1,-1,-1,-1
244,3,350.313,126.267,142.250,56.178,1,-1,-1,-1
244,8,869.803,229.645,233.193,113.571,1,-1,-1,-1
244,5,195.214,119.989,126.912,58.661,1,-1,-1,-1
244,2,188.150,134.995,78.084,45.219,1,-1,-1,-1
244,9,234.499,207.245,148.182,85.377,1,-1,-1,-1
245,3,351.635,126.001,140.714,56.896,1,-1,-1,-1
245,5,194.834,120.333,129.974,57.803,1,-1,-1,-1
245,2,187.904,135.060,79.207,45.008,1,-1,-1,-1
245,8,847.533,233.516,240.908,116.006,1,-1,-1,-1
245,9,220.693,205.850,139.565,84.101,1,-1,-1,-1
246,3,351.649,126.035,140.587,56.927,1,-1,-1,-1
246,8,829.511,237.803,255.043,121.266,1,-1,-1,-1
246,5,194.885,120.334,129.803,57.807,1,-1,-1,-1
246,2,188.123,135.059,79.073,44.826,1,-1,-1,-1
246,9,199.707,204.660,138.440,80.600,1,-1,-1,-1
247,8,803.242,241.549,258.121,117.712,1,-1,-1,-1
247,9,189.775,202.716,129.067,79.483,1,-1,-1,-1
247,3,351.616,125.856,140.415,56.805,1,-1,-1,-1
247,5,194.403,120.763,132.716,57.481,1,-1,-1,-1
248,3,351.978,125.677,139.783,56.945,1,-1,-1,-1
248,8,770.856,243.523,266.604,121.981,1,-1,-1,-1
248,5,194.551,120.656,135.849,57.817,1,-1,-1,-1
248,9,173.854,200.916,125.687,79.998,1,-1,-1,-1
249,8,747.286,247.179,273.806,126.685,1,-1,-1,-1
249,5,194.317,120.853,135.512,57.336,1,-1,-1,-1
249,9,158.848,199.418,115.159,77.957,1,-1,-1,-1
249,3,352.095,125.536,139.660,57.063,1,-1,-1,-1
250,5,194.554,120.800,133.975,57.305,1,-1,-1,-1
250,9,144.778,199.471,112.615,74.472,1,-1,-1,-1
250,3,352.386,125.546,139.422,57.066,1,-1,-1,-1
250,8,715.350,253.485,277.459,127.542,1,-1,-1,-1
251,5,194.915,120.620,129.651,58.019,1,-1,-1,-1
251,9,130.632,201.872,107.837,69.483,1,-1,-1,-1
251,3,350.741,125.387,141.339,57.350,1,-1,-1,-1
251,8,684.556,256.725,290.472,134.095,1,-1,-1,-1
251,2,186.242,135.655,80.672,45.617,1,-1,-1,-1
252,8,649.584,259.834,297.624,143.685,1,-1,-1,-1
252,9,120.057,201.187,104.095,67.433,1,-1,-1,-1
252,5,195.333,119.818,127.743,58.581,1,-1,-1,-1
252,3,350.253,125.887,141.680,57.106,1,-1,-1,-1
252,2,186.933,135.617,79.903,45.033,1,-1,-1,-1
253,3,350.838,125.749,141.750,57.557,1,-1,-1,-1
253,5,196.149,119.003,124.367,59.473,1,-1,-1,-1
253,9,106.519,202.128,96.918,63.222,1,-1,-1,-1
253,2,186.344,134.952,79.689,45.583,1,-1,-1,-1
253,8,617.076,267.003,302.011,144.848,1,-1,-1,-1
254,5,195.900,119.083,123.848,59.413,1,-1,-1,-1
254,9,95.806,200.161,94.430,63.562,1,-1,-1,-1
254,8,568.370,268.467,323.146,155.706,1,-1,-1,-1
254,3,350.441,125.871,141.914,57.483,1,-1,-1,-1
255,8,531.568,270.142,324.240,167.225,1,-1,-1,-1
255,11,284.551,120.829,64.156,44.386,1,-1,-1,-1
255,3,351.139,126.076,140.239,57.144,1,-1,-1,-1
255,2,186.205,134.627,81.158,45.807,1,-1,-1,-1
255,9,82.591,200.142,90.140,60.954,1,-1,-1,-1
256,8,493.948,282.389,328.047,167.918,1,-1,-1,-1
256,11,284.528,120.904,64.255,44.382,1,-1,-1,-1
256,3,351.149,126.115,140.532,57.092,1,-1,-1,-1
256,2,187.037,134.382,80.820,45.658,1,-1,-1,-1
256,9,72.039,196.752,89.649,64.078,1,-1,-1,-1
257,3,350.312,126.070,141.553,57.267,1,-1,-1,-1
257,9,57.688,196.074,88.372,61.415,1,-1,-1,-1
257,5,195.254,120.970,124.290,57.189,1,-1,-1,-1
257,8,449.475,289.083,333.684,172.828,1,-1,-1,-1
258,3,351.407,125.993,140.641,57.550,1,-1,-1,-1
258,9,51.514,197.807,80.385,55.386,1,-1,-1,-1
258,8,406.640,298.183,339.038,178.755,1,-1,-1,-1
258,5,195.391,120.896,123.531,57.159,1,-1,-1,-1
259,9,41.507,193.619,79.033,59.462,1,-1,-1,-1
259,11,282.379,120.399,67.238,44.945,1,-1,-1,-1
259,2,188.004,134.731,80.179,44.921,1,-1,-1,-1
259,8,350.557,301.522,353.455,198.477,1,-1,-1,-1
259,3,351.871,125.829,139.738,57.765,1,-1,-1,-1
260,11,281.646,119.756,68.362,45.782,1,-1,-1,-1
260,9,29.525,194.514,77.497,56.716,1,-1,-1,-1
260,2,187.773,135.013,80.197,44.734,1,-1,-1,-1
260,8,294.439,318.845,374.862,197.985,1,-1,-1,-1
260,3,352.418,126.035,139.315,57.200,1,-1,-1,-1
