4,1,351.21,125.04,148.17,64.18,1,-1,-1,-1
4,2,1605.34,381.52,295.91,240.61,1,-1,-1,-1
4,3,3.03,129.41,26.93,30.46,1,-1,-1,-1
5,1,351.44,125.43,148.10,64.17,1,-1,-1,-1
5,2,1594.63,381.45,292.74,236.11,1,-1,-1,-1
5,3,3.30,129.59,26.51,29.95,1,-1,-1,-1
6,1,351.63,125.81,148.29,64.31,1,-1,-1,-1
6,2,1580.69,377.96,297.91,237.26,1,-1,-1,-1
6,3,3.59,129.78,26.09,29.43,1,-1,-1,-1
7,1,351.89,126.25,148.40,64.43,1,-1,-1,-1
7,2,1572.92,376.90,296.22,235.92,1,-1,-1,-1
7,3,3.86,129.95,25.71,28.94,1,-1,-1,-1
8,1,351.52,126.11,149.29,64.93,1,-1,-1,-1
8,3,3.90,130.04,25.54,28.68,1,-1,-1,-1
9,1,351.01,125.85,150.10,65.42,1,-1,-1,-1
9,3,3.88,130.02,25.54,28.59,1,-1,-1,-1
10,1,350.81,125.75,149.77,65.35,1,-1,-1,-1
10,3,3.76,129.94,25.66,28.58,1,-1,-1,-1
11,1,351.12,125.93,148.27,64.66,1,-1,-1,-1
11,3,3.50,129.96,25.86,28.67,1,-1,-1,-1
12,1,351.27,125.82,147.14,64.07,1,-1,-1,-1
12,3,2.82,129.91,26.15,28.92,1,-1,-1,-1
13,1,351.01,125.40,147.26,64.03,1,-1,-1,-1
13,3,2.41,130.17,26.25,28.96,1,-1,-1,-1
14,1,350.54,124.99,147.94,64.27,1,-1,-1,-1
14,3,2.37,130.29,26.18,28.82,1,-1,-1,-1
15,1,350.45,125.07,148.08,64.28,1,-1,-1,-1
15,3,2.97,131.05,25.89,28.40,1,-1,-1,-1
15,5,1345.31,323.81,507.85,267.52,1,-1,-1,-1
16,1,350.46,125.34,148.05,64.21,1,-1,-1,-1
16,3,3.34,131.38,25.73,28.17,1,-1,-1,-1
16,5,1326.97,320.55,494.06,260.20,1,-1,-1,-1
17,1,350.57,125.59,148.24,64.25,1,-1,-1,-1
17,3,3.55,131.94,25.65,28.04,1,-1,-1,-1
17,5,1297.15,317.94,493.12,259.60,1,-1,-1,-1
18,1,350.73,125.77,148.60,64.37,1,-1,-1,-1
18,3,3.54,132.41,25.47,27.80,1,-1,-1,-1
18,5,1262.94,313.06,502.15,264.60,1,-1,-1,-1
19,1,350.78,125.89,149.29,64.67,1,-1,-1,-1
19,3,3.70,133.08,25.39,27.65,1,-1,-1,-1
19,5,1236.50,306.02,512.51,270.46,1,-1,-1,-1
20,1,350.28,125.64,150.10,65.02,1,-1,-1,-1
20,3,4.00,133.39,25.53,27.72,1,-1,-1,-1
20,5,1201.94,302.02,505.79,267.68,1,-1,-1,-1
21,1,349.80,125.38,150.23,65.01,1,-1,-1,-1
21,3,4.68,133.38,25.66,27.64,1,-1,-1,-1
21,5,1171.12,294.71,499.56,265.04,1,-1,-1,-1
22,1,349.81,125.41,149.15,64.36,1,-1,-1,-1
22,3,5.13,133.32,25.62,27.33,1,-1,-1,-1
22,5,1134.06,284.19,501.61,267.41,1,-1,-1,-1
23,1,350.29,125.72,147.63,63.44,1,-1,-1,-1
23,3,5.21,133.44,25.41,26.88,1,-1,-1,-1
23,5,1098.58,271.01,510.46,274.26,1,-1,-1,-1
24,1,350.71,126.05,146.66,62.76,1,-1,-1,-1
24,3,4.31,133.34,25.38,26.79,1,-1,-1,-1
24,5,1085.92,282.83,444.36,234.51,1,-1,-1,-1
25,1,350.60,126.06,146.94,62.67,1,-1,-1,-1
25,3,3.68,132.92,25.58,27.01,1,-1,-1,-1
25,5,1063.05,276.73,429.58,223.80,1,-1,-1,-1
26,1,350.34,126.13,147.79,62.88,1,-1,-1,-1
26,3,3.08,132.13,25.73,27.17,1,-1,-1,-1
26,5,1015.57,266.48,462.64,241.71,1,-1,-1,-1
27,1,350.21,126.31,148.40,63.01,1,-1,-1,-1
27,3,3.14,131.36,25.73,27.11,1,-1,-1,-1
27,5,995.52,267.60,432.48,222.37,1,-1,-1,-1
28,1,350.18,126.59,148.90,63.11,1,-1,-1,-1
28,3,3.30,131.03,25.59,26.80,1,-1,-1,-1
28,5,958.06,267.06,413.89,208.21,1,-1,-1,-1
29,1,350.06,126.68,149.72,63.37,1,-1,-1,-1
29,3,3.71,131.00,25.75,26.76,1,-1,-1,-1
29,5,929.40,262.69,411.46,202.88,1,-1,-1,-1
30,1,349.84,126.61,151.06,63.91,1,-1,-1,-1
30,3,3.95,131.13,26.25,27.05,1,-1,-1,-1
30,5,888.95,257.99,401.54,195.05,1,-1,-1,-1
30,9,193.62,119.11,159.02,60.95,1,-1,-1,-1
31,1,349.70,126.51,152.09,64.33,1,-1,-1,-1
31,3,4.04,130.77,27.18,27.83,1,-1,-1,-1
31,5,857.57,250.97,406.06,194.27,1,-1,-1,-1
31,9,193.68,119.20,158.61,60.76,1,-1,-1,-1
32,1,349.25,126.03,152.89,64.63,1,-1,-1,-1
32,3,3.98,130.60,27.88,28.38,1,-1,-1,-1
32,5,816.21,245.56,407.11,192.25,1,-1,-1,-1
32,9,192.79,118.75,159.64,61.15,1,-1,-1,-1
33,1,348.83,125.37,153.06,64.61,1,-1,-1,-1
33,3,4.07,130.33,28.26,28.58,1,-1,-1,-1
33,5,785.69,239.26,412.81,192.00,1,-1,-1,-1
33,9,192.70,118.71,159.54,61.11,1,-1,-1,-1
34,1,348.38,124.55,153.23,64.56,1,-1,-1,-1
34,3,4.08,130.36,28.34,28.46,1,-1,-1,-1
34,5,744.05,234.05,411.33,189.86,1,-1,-1,-1
35,1,348.61,124.27,152.58,64.14,1,-1,-1,-1
35,3,3.98,130.30,28.39,28.30,1,-1,-1,-1
35,5,718.09,232.26,409.83,186.84,1,-1,-1,-1
35,9,190.00,115.83,165.87,63.81,1,-1,-1,-1
36,1,348.99,124.35,151.78,63.64,1,-1,-1,-1
36,3,3.80,130.33,28.54,28.26,1,-1,-1,-1
36,5,699.08,232.14,403.79,182.95,1,-1,-1,-1
36,9,189.56,115.42,166.70,64.43,1,-1,-1,-1
37,1,348.97,124.49,151.84,63.51,1,-1,-1,-1
37,3,3.62,130.62,28.46,28.00,1,-1,-1,-1
37,5,667.42,234.51,388.64,173.71,1,-1,-1,-1
37,9,189.79,115.53,166.24,64.52,1,-1,-1,-1
38,1,348.94,124.97,152.46,63.69,1,-1,-1,-1
38,3,3.47,130.85,28.51,27.88,1,-1,-1,-1
38,5,638.90,224.41,388.88,173.05,1,-1,-1,-1
38,9,189.26,115.12,167.26,64.92,1,-1,-1,-1
39,1,348.82,125.47,153.49,64.15,1,-1,-1,-1
39,3,3.26,131.02,28.65,27.90,1,-1,-1,-1
39,5,604.53,220.33,380.30,169.00,1,-1,-1,-1
39,9,191.05,117.77,163.21,63.39,1,-1,-1,-1
40,1,349.00,126.06,153.76,64.35,1,-1,-1,-1
40,3,3.06,130.95,28.76,27.96,1,-1,-1,-1
40,5,581.36,216.31,372.63,165.14,1,-1,-1,-1
40,9,191.99,118.44,162.57,63.10,1,-1,-1,-1
41,1,349.19,126.40,153.44,64.27,1,-1,-1,-1
41,3,2.90,130.77,28.75,27.96,1,-1,-1,-1
41,5,548.83,213.32,362.32,161.30,1,-1,-1,-1
41,9,191.88,118.48,162.86,63.22,1,-1,-1,-1
42,1,349.48,126.77,152.50,63.91,1,-1,-1,-1
42,3,2.79,130.51,28.69,27.96,1,-1,-1,-1
42,5,528.52,211.81,352.85,157.09,1,-1,-1,-1
43,1,350.03,126.97,151.09,63.25,1,-1,-1,-1
43,3,2.76,130.23,28.90,28.23,1,-1,-1,-1
43,5,514.04,211.60,337.48,149.82,1,-1,-1,-1
44,1,350.63,127.01,149.75,62.50,1,-1,-1,-1
44,3,2.79,130.05,29.18,28.54,1,-1,-1,-1
44,5,488.39,212.78,320.07,141.83,1,-1,-1,-1
45,1,350.54,126.62,149.76,62.24,1,-1,-1,-1
45,3,2.71,129.89,29.49,28.91,1,-1,-1,-1
45,5,468.15,211.38,311.10,137.60,1,-1,-1,-1
46,1,350.48,126.45,149.90,61.95,1,-1,-1,-1
46,3,2.56,129.74,29.74,29.20,1,-1,-1,-1
46,5,451.31,208.67,303.65,133.42,1,-1,-1,-1
47,1,350.24,126.42,150.04,61.62,1,-1,-1,-1
47,3,2.40,129.54,29.92,29.43,1,-1,-1,-1
47,5,421.76,204.78,299.46,131.26,1,-1,-1,-1
48,1,349.22,126.05,151.78,62.02,1,-1,-1,-1
48,3,2.32,129.68,29.66,29.20,1,-1,-1,-1
48,5,401.56,201.49,293.00,128.36,1,-1,-1,-1
48,9,192.18,115.25,169.25,66.02,1,-1,-1,-1
49,1,348.83,126.12,152.48,62.14,1,-1,-1,-1
49,3,2.34,130.32,28.88,28.42,1,-1,-1,-1
49,5,385.03,198.11,290.16,127.07,1,-1,-1,-1
49,9,193.17,115.98,166.54,64.97,1,-1,-1,-1
50,1,348.14,126.09,153.91,62.76,1,-1,-1,-1
50,3,2.44,131.07,27.58,27.07,1,-1,-1,-1
50,5,363.99,198.78,268.93,118.22,1,-1,-1,-1
50,9,193.21,115.83,166.92,65.12,1,-1,-1,-1
51,1,349.31,126.90,151.73,61.86,1,-1,-1,-1
51,3,2.56,131.43,26.62,26.05,1,-1,-1,-1
51,5,337.72,194.42,268.60,119.10,1,-1,-1,-1
51,9,195.02,118.44,160.29,62.26,1,-1,-1,-1
52,1,349.51,127.23,150.45,61.32,1,-1,-1,-1
52,3,2.59,131.33,26.11,25.46,1,-1,-1,-1
52,5,327.13,197.91,248.82,110.61,1,-1,-1,-1
52,9,195.43,119.38,158.09,61.25,1,-1,-1,-1
53,1,349.98,127.42,148.09,60.26,1,-1,-1,-1
53,3,2.60,131.12,26.08,25.34,1,-1,-1,-1
53,5,302.67,196.62,245.81,110.21,1,-1,-1,-1
53,9,195.33,119.92,157.37,60.88,1,-1,-1,-1
54,1,350.15,126.91,146.26,59.35,1,-1,-1,-1
54,3,2.60,130.82,26.52,25.66,1,-1,-1,-1
54,5,276.43,194.90,241.58,109.60,1,-1,-1,-1
54,9,194.55,119.92,158.70,61.53,1,-1,-1,-1
55,1,350.61,126.50,144.45,58.38,1,-1,-1,-1
55,3,2.62,130.60,27.02,26.03,1,-1,-1,-1
55,5,262.54,194.07,237.62,108.57,1,-1,-1,-1
55,9,193.10,120.00,161.23,62.87,1,-1,-1,-1
56,1,350.65,126.30,143.81,57.88,1,-1,-1,-1
56,3,2.58,130.44,27.60,26.50,1,-1,-1,-1
56,5,242.26,192.36,236.92,109.44,1,-1,-1,-1
56,9,191.61,120.09,163.78,64.36,1,-1,-1,-1
57,1,349.94,126.45,144.74,58.10,1,-1,-1,-1
57,3,2.69,130.59,27.60,26.38,1,-1,-1,-1
57,5,229.08,186.50,236.07,110.51,1,-1,-1,-1
57,9,192.45,120.79,162.36,64.10,1,-1,-1,-1
58,1,349.25,127.00,146.18,58.57,1,-1,-1,-1
58,3,2.68,130.69,27.58,26.25,1,-1,-1,-1
58,5,223.51,184.53,228.32,108.41,1,-1,-1,-1
58,9,194.52,120.82,159.48,63.20,1,-1,-1,-1
59,1,348.54,127.59,148.26,59.38,1,-1,-1,-1
59,3,2.71,131.06,27.32,25.87,1,-1,-1,-1
59,5,203.39,183.81,222.04,107.08,1,-1,-1,-1
59,9,196.35,120.54,156.98,62.44,1,-1,-1,-1
60,1,347.67,127.33,151.17,60.59,1,-1,-1,-1
60,3,2.49,131.31,27.16,25.65,1,-1,-1,-1
60,5,193.70,183.43,214.85,104.97,1,-1,-1,-1
60,9,196.79,119.29,156.51,62.49,1,-1,-1,-1
61,1,346.09,126.19,155.21,62.39,1,-1,-1,-1
61,3,2.21,131.43,27.10,25.56,1,-1,-1,-1
61,5,175.62,183.89,208.06,103.29,1,-1,-1,-1
61,9,197.43,118.64,155.43,62.10,1,-1,-1,-1
62,1,344.86,124.81,158.37,63.90,1,-1,-1,-1
62,3,1.82,131.24,27.28,25.79,1,-1,-1,-1
62,5,166.03,184.36,199.41,100.19,1,-1,-1,-1
62,9,197.62,118.59,155.21,62.01,1,-1,-1,-1
63,1,344.71,124.63,159.53,64.63,1,-1,-1,-1
63,3,1.58,131.08,27.51,26.08,1,-1,-1,-1
63,5,151.78,183.76,190.79,97.36,1,-1,-1,-1
63,9,202.43,119.37,148.76,58.91,1,-1,-1,-1
64,1,345.18,124.88,159.35,64.84,1,-1,-1,-1
64,3,1.62,131.01,27.52,26.17,1,-1,-1,-1
64,5,142.52,182.00,183.86,95.05,1,-1,-1,-1
64,9,203.01,119.49,148.09,58.08,1,-1,-1,-1
65,1,345.99,125.31,158.27,64.67,1,-1,-1,-1
65,3,1.77,130.86,27.66,26.37,1,-1,-1,-1
65,5,130.32,184.87,169.56,88.46,1,-1,-1,-1
65,9,202.27,119.64,149.73,58.20,1,-1,-1,-1
66,1,346.23,125.23,157.74,64.74,1,-1,-1,-1
66,3,1.72,130.84,27.66,26.38,1,-1,-1,-1
66,5,123.70,187.05,157.95,82.81,1,-1,-1,-1
66,9,202.99,119.69,148.72,57.81,1,-1,-1,-1
67,1,346.38,125.14,157.12,64.79,1,-1,-1,-1
67,5,118.28,189.43,147.95,77.55,1,-1,-1,-1
67,9,200.73,118.49,153.55,59.54,1,-1,-1,-1
68,1,346.10,124.81,157.34,65.23,1,-1,-1,-1
68,3,1.67,130.35,28.69,27.40,1,-1,-1,-1
68,5,105.37,191.43,140.04,73.63,1,-1,-1,-1
68,9,201.14,118.40,153.16,59.39,1,-1,-1,-1
69,1,346.19,124.89,157.03,65.46,1,-1,-1,-1
69,3,1.68,130.32,28.58,27.32,1,-1,-1,-1
69,5,97.43,193.87,132.29,69.56,1,-1,-1,-1
69,10,91.25,131.80,71.77,41.12,1,-1,-1,-1
70,1,346.65,125.34,156.49,65.58,1,-1,-1,-1
70,3,1.69,130.38,28.34,27.16,1,-1,-1,-1
70,5,88.26,192.40,131.32,69.12,1,-1,-1,-1
70,9,196.06,119.24,157.12,60.80,1,-1,-1,-1
70,10,92.39,132.06,69.80,39.95,1,-1,-1,-1
71,1,347.73,126.34,154.83,65.18,1,-1,-1,-1
71,3,1.53,130.43,28.13,27.14,1,-1,-1,-1
71,5,74.91,192.80,129.29,68.10,1,-1,-1,-1
71,9,195.96,120.00,156.19,60.13,1,-1,-1,-1
71,10,92.32,132.42,69.23,39.62,1,-1,-1,-1
72,1,348.73,127.21,153.25,64.77,1,-1,-1,-1
72,3,1.42,130.21,28.17,27.42,1,-1,-1,-1
72,5,64.94,191.04,128.28,68.11,1,-1,-1,-1
72,9,196.32,120.64,155.03,59.34,1,-1,-1,-1
72,10,93.13,132.64,67.62,38.70,1,-1,-1,-1
73,1,349.41,127.62,152.09,64.47,1,-1,-1,-1
73,3,1.20,129.87,28.24,27.83,1,-1,-1,-1
73,5,55.55,189.21,127.10,68.41,1,-1,-1,-1
73,9,196.82,120.88,154.65,58.86,1,-1,-1,-1
73,10,93.44,132.13,68.82,39.42,1,-1,-1,-1
74,1,349.61,127.55,151.92,64.59,1,-1,-1,-1
74,3,0.99,129.47,28.21,28.17,1,-1,-1,-1
74,5,42.31,189.11,125.27,68.09,1,-1,-1,-1
74,9,196.74,120.89,155.04,58.75,1,-1,-1,-1
74,10,94.14,132.20,67.80,38.84,1,-1,-1,-1
75,1,349.69,127.38,151.96,64.78,1,-1,-1,-1
75,3,1.02,129.16,27.51,27.77,1,-1,-1,-1
75,5,33.56,188.30,123.65,68.01,1,-1,-1,-1
75,9,196.27,120.80,156.23,58.98,1,-1,-1,-1
76,1,349.69,127.20,152.23,65.09,1,-1,-1,-1
76,3,1.02,128.76,27.00,27.45,1,-1,-1,-1
76,5,23.76,185.63,124.22,69.31,1,-1,-1,-1
76,9,194.72,120.41,159.11,60.05,1,-1,-1,-1
77,1,350.08,127.36,151.70,65.05,1,-1,-1,-1
77,3,1.01,128.80,26.75,27.34,1,-1,-1,-1
77,5,15.20,181.90,125.65,71.53,1,-1,-1,-1
77,9,193.49,120.30,161.12,60.88,1,-1,-1,-1
78,1,350.58,127.61,150.97,64.91,1,-1,-1,-1
78,3,0.79,128.90,26.96,27.76,1,-1,-1,-1
78,5,4.43,181.62,125.74,72.62,1,-1,-1,-1
78,9,192.56,120.10,162.49,61.54,1,-1,-1,-1
79,1,350.95,127.75,150.39,64.83,1,-1,-1,-1
79,3,0.87,129.34,26.83,27.85,1,-1,-1,-1
79,5,5.49,187.40,110.13,65.06,1,-1,-1,-1
79,9,192.37,120.02,162.64,61.71,1,-1,-1,-1
80,1,351.04,127.66,150.08,64.83,1,-1,-1,-1
80,3,1.14,129.92,25.98,27.18,1,-1,-1,-1
80,5,6.33,189.57,99.86,60.71,1,-1,-1,-1
80,9,192.54,119.45,162.80,61.88,1,-1,-1,-1
81,1,350.88,127.33,150.19,65.03,1,-1,-1,-1
81,3,1.03,129.94,25.97,27.17,1,-1,-1,-1
81,5,4.97,189.88,93.77,58.82,1,-1,-1,-1
81,9,192.24,119.40,163.24,62.05,1,-1,-1,-1
82,1,350.76,127.08,150.16,65.15,1,-1,-1,-1
82,5,2.32,189.92,89.20,57.91,1,-1,-1,-1
82,9,192.91,117.98,163.57,62.32,1,-1,-1,-1
83,1,350.53,126.77,150.56,65.47,1,-1,-1,-1
83,5,-0.10,189.23,84.78,57.12,1,-1,-1,-1
83,9,193.02,117.54,163.77,62.55,1,-1,-1,-1
84,1,350.01,126.33,151.41,66.03,1,-1,-1,-1
84,5,-10.57,192.59,80.94,57.91,1,-1,-1,-1
84,9,192.74,117.36,164.00,62.80,1,-1,-1,-1
85,1,349.29,125.67,152.68,66.83,1,-1,-1,-1
85,5,-12.50,192.65,77.56,58.77,1,-1,-1,-1
85,9,192.24,117.12,164.52,63.20,1,-1,-1,-1
86,1,348.56,124.98,153.94,67.65,1,-1,-1,-1
86,5,-20.24,193.06,76.31,57.83,1,-1,-1,-1
86,9,191.95,116.90,165.07,63.41,1,-1,-1,-1
87,1,348.31,124.60,154.39,68.11,1,-1,-1,-1
87,3,0.48,133.03,27.52,29.58,1,-1,-1,-1
88,1,348.41,124.47,154.21,68.26,1,-1,-1,-1
88,3,1.09,132.26,27.14,29.66,1,-1,-1,-1
89,1,348.79,124.55,153.53,68.16,1,-1,-1,-1
89,3,1.89,131.20,26.60,29.29,1,-1,-1,-1
90,1,348.89,124.71,153.12,68.20,1,-1,-1,-1
90,3,2.68,130.32,25.97,28.59,1,-1,-1,-1
90,9,190.52,117.00,166.01,64.19,1,-1,-1,-1
91,1,348.97,124.92,152.64,68.23,1,-1,-1,-1
91,3,3.16,129.67,25.83,28.38,1,-1,-1,-1
91,9,190.89,116.98,165.44,64.39,1,-1,-1,-1
92,1,348.95,125.13,152.19,68.29,1,-1,-1,-1
92,3,3.20,129.14,26.28,28.87,1,-1,-1,-1
92,9,190.55,116.86,165.97,64.59,1,-1,-1,-1
93,1,349.24,125.32,151.33,68.12,1,-1,-1,-1
93,3,3.29,128.91,26.46,29.00,1,-1,-1,-1
94,1,349.54,125.48,150.56,67.94,1,-1,-1,-1
94,3,3.23,128.78,26.58,29.07,1,-1,-1,-1
95,1,349.83,125.63,149.86,67.76,1,-1,-1,-1
95,3,3.15,128.69,26.62,29.04,1,-1,-1,-1
96,1,349.98,125.74,149.40,67.65,1,-1,-1,-1
96,3,3.14,128.58,26.63,28.96,1,-1,-1,-1
97,1,350.03,125.80,149.08,67.57,1,-1,-1,-1
97,3,3.18,128.50,26.65,28.90,1,-1,-1,-1
97,9,191.43,117.15,164.50,64.50,1,-1,-1,-1
98,1,349.96,125.66,148.89,67.51,1,-1,-1,-1
98,3,3.25,128.37,26.69,28.88,1,-1,-1,-1
98,9,192.06,117.41,162.92,64.21,1,-1,-1,-1
99,1,350.02,125.75,148.57,67.37,1,-1,-1,-1
99,3,3.27,128.35,26.66,28.77,1,-1,-1,-1
99,9,192.48,117.55,161.84,64.04,1,-1,-1,-1
100,1,350.66,125.73,147.54,66.90,1,-1,-1,-1
100,3,3.34,128.52,26.52,28.51,1,-1,-1,-1
100,9,193.26,117.72,160.09,63.53,1,-1,-1,-1
101,1,351.40,125.65,146.55,66.45,1,-1,-1,-1
101,3,3.29,128.73,26.46,28.33,1,-1,-1,-1
101,9,193.84,117.76,158.98,63.27,1,-1,-1,-1
102,1,352.07,125.26,145.97,66.21,1,-1,-1,-1
102,3,3.22,128.93,26.51,28.26,1,-1,-1,-1
102,9,194.28,117.85,158.07,63.06,1,-1,-1,-1
103,1,352.28,125.05,146.00,66.26,1,-1,-1,-1
103,3,3.05,128.96,26.66,28.31,1,-1,-1,-1
103,9,194.28,117.90,157.92,63.15,1,-1,-1,-1
104,1,352.37,125.02,146.12,66.37,1,-1,-1,-1
104,3,2.99,129.00,26.77,28.33,1,-1,-1,-1
104,9,194.43,117.93,157.61,63.13,1,-1,-1,-1
105,1,352.39,125.04,146.09,66.38,1,-1,-1,-1
105,3,2.89,128.97,26.88,28.35,1,-1,-1,-1
105,9,194.44,117.97,157.50,63.09,1,-1,-1,-1
106,1,352.37,125.05,146.13,66.41,1,-1,-1,-1
106,3,2.81,128.92,26.99,28.37,1,-1,-1,-1
107,1,352.57,125.26,145.52,66.08,1,-1,-1,-1
107,3,2.77,128.87,27.08,28.39,1,-1,-1,-1
108,1,352.85,125.35,145.08,65.85,1,-1,-1,-1
108,3,2.72,128.74,27.17,28.42,1,-1,-1,-1
109,1,353.03,125.28,144.87,65.76,1,-1,-1,-1
109,3,2.67,128.59,27.25,28.46,1,-1,-1,-1
110,1,352.72,124.87,145.43,66.10,1,-1,-1,-1
110,3,2.48,128.42,27.70,28.91,1,-1,-1,-1
110,9,195.32,117.82,156.36,62.77,1,-1,-1,-1
111,1,352.21,124.59,145.98,66.46,1,-1,-1,-1
111,3,2.31,128.42,28.26,29.49,1,-1,-1,-1
111,9,195.38,117.83,156.23,62.72,1,-1,-1,-1
112,1,351.96,124.68,145.91,66.50,1,-1,-1,-1
112,3,2.03,128.33,28.80,30.08,1,-1,-1,-1
112,9,196.45,117.14,156.60,63.06,1,-1,-1,-1
113,1,351.78,124.69,146.20,66.68,1,-1,-1,-1
113,3,1.89,128.41,28.66,29.93,1,-1,-1,-1
113,9,196.60,117.07,156.57,63.05,1,-1,-1,-1
114,1,352.12,125.11,145.61,66.40,1,-1,-1,-1
114,3,1.76,128.68,28.12,29.36,1,-1,-1,-1
114,9,197.67,117.54,155.31,62.36,1,-1,-1,-1
115,1,352.47,125.51,144.97,66.03,1,-1,-1,-1
115,3,1.71,129.21,27.54,28.71,1,-1,-1,-1
115,9,197.97,117.76,155.11,62.07,1,-1,-1,-1
116,1,353.04,126.18,143.67,65.28,1,-1,-1,-1
116,3,1.64,129.81,27.44,28.55,1,-1,-1,-1
116,9,198.27,117.77,154.85,61.96,1,-1,-1,-1
117,1,353.23,126.61,143.17,64.88,1,-1,-1,-1
117,3,1.67,130.22,27.85,28.92,1,-1,-1,-1
118,1,353.41,127.00,142.76,64.52,1,-1,-1,-1
118,3,1.80,130.56,28.27,29.23,1,-1,-1,-1
119,1,353.53,127.31,142.45,64.17,1,-1,-1,-1
119,3,2.02,130.78,28.47,29.25,1,-1,-1,-1
119,9,197.09,118.95,155.26,61.72,1,-1,-1,-1
120,1,353.68,127.55,142.35,63.89,1,-1,-1,-1
120,3,2.35,131.37,27.90,28.43,1,-1,-1,-1
120,9,197.03,120.07,154.46,60.98,1,-1,-1,-1
120,13,8.42,207.54,77.56,94.37,1,-1,-1,-1
121,1,353.61,127.63,142.68,63.75,1,-1,-1,-1
121,3,2.64,131.66,27.25,27.55,1,-1,-1,-1
121,9,196.91,121.06,153.83,60.35,1,-1,-1,-1
121,13,12.65,208.30,78.91,95.46,1,-1,-1,-1
122,1,353.41,127.77,143.41,63.83,1,-1,-1,-1
122,3,2.58,131.63,26.85,26.98,1,-1,-1,-1
122,9,196.81,122.08,153.23,59.82,1,-1,-1,-1
122,13,14.67,206.71,84.05,100.42,1,-1,-1,-1
123,1,353.10,127.87,143.87,63.79,1,-1,-1,-1
123,3,2.24,131.00,27.04,27.09,1,-1,-1,-1
123,9,196.31,122.45,153.69,59.77,1,-1,-1,-1
123,13,18.79,206.78,87.06,102.16,1,-1,-1,-1
124,1,352.69,127.93,144.28,63.77,1,-1,-1,-1
124,3,1.81,130.53,27.24,27.29,1,-1,-1,-1
124,9,195.72,122.53,154.57,59.91,1,-1,-1,-1
124,13,22.86,207.71,89.43,102.50,1,-1,-1,-1
124,14,82.63,122.17,156.30,65.46,1,-1,-1,-1
125,1,352.48,127.95,144.17,63.48,1,-1,-1,-1
125,3,1.64,130.40,27.17,27.29,1,-1,-1,-1
125,9,195.27,122.66,154.84,59.84,1,-1,-1,-1
125,13,33.03,210.49,90.07,100.37,1,-1,-1,-1
125,14,83.31,122.35,154.99,64.84,1,-1,-1,-1
126,1,352.28,127.88,144.06,63.19,1,-1,-1,-1
126,3,1.55,130.40,27.04,27.27,1,-1,-1,-1
126,9,195.15,122.75,154.84,59.67,1,-1,-1,-1
126,13,38.88,212.22,93.38,100.75,1,-1,-1,-1
126,14,84.11,122.71,153.51,64.11,1,-1,-1,-1
127,1,351.90,127.77,144.43,63.14,1,-1,-1,-1
127,3,1.55,130.35,27.24,27.60,1,-1,-1,-1
127,9,195.01,122.88,154.85,59.54,1,-1,-1,-1
127,13,42.95,213.18,99.22,103.38,1,-1,-1,-1
127,14,84.33,123.13,153.04,63.78,1,-1,-1,-1
128,1,351.33,127.65,145.35,63.38,1,-1,-1,-1
128,3,1.59,130.18,27.50,28.01,1,-1,-1,-1
128,9,195.02,122.99,155.04,59.49,1,-1,-1,-1
128,13,44.66,213.64,106.92,107.30,1,-1,-1,-1
128,14,84.95,123.68,152.22,63.27,1,-1,-1,-1
129,1,350.82,127.63,146.34,63.68,1,-1,-1,-1
129,3,1.76,129.98,27.70,28.34,1,-1,-1,-1
129,9,194.73,123.20,155.38,59.46,1,-1,-1,-1
129,13,45.56,214.27,114.35,110.14,1,-1,-1,-1
129,14,85.42,124.15,151.55,62.79,1,-1,-1,-1
130,1,351.05,127.84,146.12,63.46,1,-1,-1,-1
130,3,1.69,129.70,27.96,28.74,1,-1,-1,-1
130,9,194.91,123.35,155.48,59.33,1,-1,-1,-1
130,13,54.35,215.22,120.06,112.28,1,-1,-1,-1
130,14,84.74,123.68,152.78,63.25,1,-1,-1,-1
131,1,351.56,128.14,145.46,63.05,1,-1,-1,-1
131,3,1.49,129.52,28.24,29.16,1,-1,-1,-1
131,9,195.14,123.42,155.56,59.19,1,-1,-1,-1
131,13,57.42,215.87,126.41,114.12,1,-1,-1,-1
131,14,83.21,122.89,155.19,64.36,1,-1,-1,-1
132,1,352.20,128.45,144.57,62.55,1,-1,-1,-1
132,3,1.18,129.41,28.67,29.81,1,-1,-1,-1
132,9,195.73,123.50,155.39,58.97,1,-1,-1,-1
132,13,59.50,217.14,132.57,114.68,1,-1,-1,-1
132,14,76.53,127.34,121.95,52.08,1,-1,-1,-1
133,1,352.43,128.60,144.35,62.38,1,-1,-1,-1
133,3,1.14,129.42,28.76,30.12,1,-1,-1,-1
133,9,196.15,123.53,155.27,58.76,1,-1,-1,-1
133,13,62.96,218.63,137.52,114.01,1,-1,-1,-1
133,14,74.45,129.36,107.50,47.30,1,-1,-1,-1
134,1,352.30,128.55,144.56,62.42,1,-1,-1,-1
134,3,1.38,129.49,28.56,30.09,1,-1,-1,-1
134,9,196.09,123.63,155.77,58.80,1,-1,-1,-1
134,13,65.32,219.05,144.11,115.10,1,-1,-1,-1
134,14,74.55,130.18,101.64,46.06,1,-1,-1,-1
135,1,352.17,128.43,144.68,62.43,1,-1,-1,-1
135,3,1.77,129.46,28.24,29.81,1,-1,-1,-1
135,9,195.24,123.33,157.37,59.29,1,-1,-1,-1
135,13,73.25,218.06,153.22,119.52,1,-1,-1,-1
135,14,75.27,130.15,98.46,45.87,1,-1,-1,-1
136,1,352.15,128.41,144.57,62.34,1,-1,-1,-1
136,3,2.28,129.42,28.00,29.53,1,-1,-1,-1
136,9,193.96,123.07,159.55,60.01,1,-1,-1,-1
136,13,73.66,219.70,165.55,126.29,1,-1,-1,-1
136,14,76.31,129.87,95.92,45.79,1,-1,-1,-1
137,1,352.42,128.55,144.00,62.05,1,-1,-1,-1
137,3,2.54,129.21,28.11,29.59,1,-1,-1,-1
137,9,193.14,122.33,161.43,60.65,1,-1,-1,-1
137,13,75.75,220.49,173.20,129.34,1,-1,-1,-1
137,14,77.40,129.24,94.60,46.20,1,-1,-1,-1
138,1,352.76,128.84,143.12,61.61,1,-1,-1,-1
138,3,2.65,129.06,28.18,29.64,1,-1,-1,-1
138,9,192.51,121.81,162.58,61.04,1,-1,-1,-1
138,13,80.75,222.61,175.39,128.16,1,-1,-1,-1
138,14,76.23,129.60,92.18,45.02,1,-1,-1,-1
139,1,352.90,129.07,142.73,61.39,1,-1,-1,-1
139,3,2.55,128.97,28.18,29.63,1,-1,-1,-1
139,9,191.92,121.39,163.33,61.27,1,-1,-1,-1
139,13,86.03,224.27,176.66,126.90,1,-1,-1,-1
140,1,352.73,129.03,143.49,61.65,1,-1,-1,-1
140,3,2.70,129.04,27.83,29.21,1,-1,-1,-1
140,9,191.55,121.07,163.91,61.39,1,-1,-1,-1
140,13,89.82,225.54,178.01,126.08,1,-1,-1,-1
141,1,352.24,128.68,145.29,62.36,1,-1,-1,-1
141,3,2.98,129.22,27.37,28.65,1,-1,-1,-1
141,9,191.26,120.64,165.09,61.82,1,-1,-1,-1
141,13,95.62,223.16,189.86,133.14,1,-1,-1,-1
142,1,351.69,128.17,147.10,63.12,1,-1,-1,-1
142,3,3.36,129.54,26.82,27.96,1,-1,-1,-1
142,9,191.30,119.95,166.59,62.52,1,-1,-1,-1
142,13,99.41,223.06,195.25,135.12,1,-1,-1,-1
143,1,351.28,127.76,148.22,63.66,1,-1,-1,-1
143,3,3.59,129.90,26.43,27.42,1,-1,-1,-1
143,9,190.58,119.43,168.70,63.64,1,-1,-1,-1
143,13,106.44,225.67,194.29,132.51,1,-1,-1,-1
144,1,351.39,127.65,148.46,63.88,1,-1,-1,-1
144,3,3.73,130.14,26.16,26.97,1,-1,-1,-1
144,9,190.29,119.18,169.53,63.95,1,-1,-1,-1
144,13,113.69,227.67,192.48,129.64,1,-1,-1,-1
145,1,351.64,127.57,148.62,64.06,1,-1,-1,-1
145,3,3.82,130.27,25.87,26.49,1,-1,-1,-1
145,13,119.79,229.40,191.69,127.94,1,-1,-1,-1
146,1,351.88,127.45,148.67,64.12,1,-1,-1,-1
146,3,3.85,130.38,25.85,26.29,1,-1,-1,-1
146,13,126.56,230.11,199.08,131.71,1,-1,-1,-1
147,1,351.80,127.08,148.98,64.22,1,-1,-1,-1
147,3,3.87,130.62,25.95,26.21,1,-1,-1,-1
147,13,130.44,231.44,205.07,134.52,1,-1,-1,-1
148,1,351.57,126.71,149.32,64.23,1,-1,-1,-1
148,3,3.83,130.81,26.25,26.34,1,-1,-1,-1
148,9,187.86,119.23,172.89,65.78,1,-1,-1,-1
148,13,133.93,228.07,212.06,137.80,1,-1,-1,-1
149,1,351.08,126.14,150.28,64.55,1,-1,-1,-1
149,3,3.72,130.79,26.43,26.37,1,-1,-1,-1
149,9,187.41,119.07,173.85,66.14,1,-1,-1,-1
149,13,137.19,226.74,219.09,141.36,1,-1,-1,-1
150,1,350.85,125.99,150.29,64.41,1,-1,-1,-1
150,3,3.37,130.48,26.73,26.56,1,-1,-1,-1
150,9,188.39,119.09,170.84,65.44,1,-1,-1,-1
150,13,141.29,226.88,223.35,143.24,1,-1,-1,-1
151,1,350.77,126.06,149.98,64.19,1,-1,-1,-1
151,3,2.93,130.14,27.04,26.78,1,-1,-1,-1
151,9,188.01,118.95,171.53,65.71,1,-1,-1,-1
151,13,146.80,227.57,228.46,145.84,1,-1,-1,-1
152,1,350.82,126.44,149.13,63.72,1,-1,-1,-1
152,3,2.61,130.01,27.26,26.92,1,-1,-1,-1
152,9,189.25,119.48,167.20,64.44,1,-1,-1,-1
152,13,153.27,228.99,231.74,146.98,1,-1,-1,-1
153,1,350.90,126.81,148.68,63.47,1,-1,-1,-1
153,3,2.53,130.09,27.35,26.91,1,-1,-1,-1
153,9,190.12,119.85,164.73,63.73,1,-1,-1,-1
153,13,161.41,231.96,233.29,146.62,1,-1,-1,-1
154,1,350.64,126.85,149.05,63.50,1,-1,-1,-1
154,3,2.49,130.35,27.40,26.87,1,-1,-1,-1
154,9,190.92,120.37,162.73,63.05,1,-1,-1,-1
154,13,168.25,235.03,234.05,145.33,1,-1,-1,-1
155,1,350.00,126.44,150.28,63.93,1,-1,-1,-1
155,3,2.30,130.36,27.69,27.11,1,-1,-1,-1
155,9,191.33,120.56,161.96,62.89,1,-1,-1,-1
155,13,171.49,236.44,238.60,146.04,1,-1,-1,-1
156,1,349.06,125.75,151.94,64.55,1,-1,-1,-1
156,3,1.96,130.05,28.17,27.61,1,-1,-1,-1
156,9,190.98,120.45,162.50,63.29,1,-1,-1,-1
156,13,182.09,234.47,246.10,150.85,1,-1,-1,-1
157,1,348.41,125.17,153.21,65.09,1,-1,-1,-1
157,3,1.63,129.43,28.73,28.21,1,-1,-1,-1
157,9,190.34,120.02,163.36,63.83,1,-1,-1,-1
157,13,188.85,232.90,256.04,156.75,1,-1,-1,-1
158,1,348.96,125.31,152.41,64.71,1,-1,-1,-1
158,3,1.39,128.98,29.17,28.75,1,-1,-1,-1
158,9,189.91,119.95,163.72,64.09,1,-1,-1,-1
158,13,196.54,231.83,265.01,161.63,1,-1,-1,-1
159,1,349.33,125.25,152.19,64.60,1,-1,-1,-1
159,3,1.34,128.83,29.52,29.23,1,-1,-1,-1
159,9,189.80,119.82,163.93,64.26,1,-1,-1,-1
159,13,211.69,241.45,259.95,155.85,1,-1,-1,-1
160,1,348.81,124.44,153.80,65.34,1,-1,-1,-1
160,3,1.50,128.55,29.73,29.58,1,-1,-1,-1
160,9,189.57,119.78,164.14,64.35,1,-1,-1,-1
160,13,223.51,245.53,260.77,153.53,1,-1,-1,-1
161,1,347.47,123.31,156.82,66.75,1,-1,-1,-1
161,3,1.74,128.28,29.59,29.56,1,-1,-1,-1
161,13,237.82,244.75,274.44,159.69,1,-1,-1,-1
162,1,346.46,122.36,159.07,67.84,1,-1,-1,-1
162,3,1.96,128.01,29.19,29.25,1,-1,-1,-1
162,9,192.30,116.88,163.57,64.18,1,-1,-1,-1
162,13,244.48,242.85,290.22,167.91,1,-1,-1,-1
163,1,346.83,122.60,158.43,67.57,1,-1,-1,-1
163,3,2.10,128.12,28.83,28.97,1,-1,-1,-1
163,9,192.37,116.56,163.70,64.23,1,-1,-1,-1
163,13,254.02,242.29,303.05,174.39,1,-1,-1,-1
164,1,347.59,123.25,156.94,66.86,1,-1,-1,-1
164,3,2.30,128.31,28.79,29.03,1,-1,-1,-1
164,13,263.94,243.29,316.38,180.70,1,-1,-1,-1
165,1,348.12,123.99,155.80,66.25,1,-1,-1,-1
165,3,2.50,128.67,28.71,29.08,1,-1,-1,-1
165,9,192.87,119.11,159.20,62.08,1,-1,-1,-1
165,13,285.31,243.20,334.83,190.40,1,-1,-1,-1
166,1,347.89,124.05,156.18,66.41,1,-1,-1,-1
166,3,2.46,128.90,28.72,29.24,1,-1,-1,-1
166,9,192.51,119.55,159.25,61.80,1,-1,-1,-1
166,13,298.94,243.31,351.91,199.36,1,-1,-1,-1
167,1,347.73,124.01,156.08,66.40,1,-1,-1,-1
167,3,2.38,129.10,28.51,29.15,1,-1,-1,-1
167,9,192.38,120.01,159.29,61.50,1,-1,-1,-1
167,13,314.86,247.06,359.22,201.28,1,-1,-1,-1
168,1,347.97,124.04,155.43,66.22,1,-1,-1,-1
168,3,2.31,129.33,28.06,28.74,1,-1,-1,-1
168,9,192.56,120.12,159.19,61.22,1,-1,-1,-1
168,13,343.04,250.97,374.74,208.29,1,-1,-1,-1
169,1,348.89,124.66,153.33,65.32,1,-1,-1,-1
169,3,2.38,129.75,27.29,27.90,1,-1,-1,-1
169,9,192.69,120.16,159.30,61.08,1,-1,-1,-1
169,13,365.29,257.66,384.41,210.67,1,-1,-1,-1
170,1,350.37,125.87,150.53,63.95,1,-1,-1,-1
170,3,2.72,130.55,26.47,26.88,1,-1,-1,-1
170,9,192.13,119.79,160.99,61.66,1,-1,-1,-1
170,13,402.95,263.21,395.32,214.68,1,-1,-1,-1
171,1,351.82,127.38,147.67,62.40,1,-1,-1,-1
171,3,3.02,131.31,26.00,26.17,1,-1,-1,-1
171,9,191.32,119.60,162.84,62.32,1,-1,-1,-1
171,13,407.95,255.37,449.03,244.78,1,-1,-1,-1
172,1,352.97,128.69,145.46,61.04,1,-1,-1,-1
172,3,3.39,132.15,25.70,25.62,1,-1,-1,-1
172,9,190.56,119.35,164.41,62.89,1,-1,-1,-1
172,13,432.85,255.53,476.04,260.39,1,-1,-1,-1
173,1,352.94,129.02,145.57,60.77,1,-1,-1,-1
173,3,3.52,132.52,25.73,25.43,1,-1,-1,-1
173,9,190.29,119.12,164.61,62.94,1,-1,-1,-1
173,13,453.02,252.82,504.82,277.64,1,-1,-1,-1
174,1,352.11,128.60,147.25,61.29,1,-1,-1,-1
174,3,3.69,132.67,26.07,25.52,1,-1,-1,-1
174,9,190.22,119.08,164.73,62.99,1,-1,-1,-1
174,13,500.83,256.89,525.90,290.95,1,-1,-1,-1
175,1,351.24,128.17,148.98,61.90,1,-1,-1,-1
175,3,3.79,132.46,26.61,25.81,1,-1,-1,-1
175,13,540.91,261.81,548.93,304.27,1,-1,-1,-1
176,1,350.75,127.93,149.94,62.19,1,-1,-1,-1
176,3,3.83,132.08,27.01,26.03,1,-1,-1,-1
176,9,191.09,119.37,162.77,62.12,1,-1,-1,-1
176,13,609.85,273.05,563.56,309.25,1,-1,-1,-1
177,1,350.95,128.22,149.42,61.84,1,-1,-1,-1
177,3,4.22,131.79,26.91,25.78,1,-1,-1,-1
177,9,191.83,119.88,161.65,61.50,1,-1,-1,-1
177,13,664.90,288.53,565.87,307.73,1,-1,-1,-1
178,1,350.82,128.30,149.50,61.82,1,-1,-1,-1
178,3,4.36,131.71,26.59,25.39,1,-1,-1,-1
178,9,192.33,120.56,160.87,61.01,1,-1,-1,-1
178,13,742.60,289.96,586.54,313.63,1,-1,-1,-1
179,1,350.74,128.39,149.57,61.87,1,-1,-1,-1
179,3,4.49,131.89,26.46,25.19,1,-1,-1,-1
179,9,192.49,121.12,160.30,60.65,1,-1,-1,-1
179,13,795.91,313.24,600.67,316.26,1,-1,-1,-1
180,1,350.60,128.03,150.66,62.48,1,-1,-1,-1
180,3,3.94,131.95,26.92,25.57,1,-1,-1,-1
180,9,193.24,121.39,158.82,59.93,1,-1,-1,-1
180,13,866.64,322.08,648.89,338.42,1,-1,-1,-1
181,1,350.93,127.86,151.12,62.86,1,-1,-1,-1
181,3,3.50,131.89,27.47,26.05,1,-1,-1,-1
181,9,194.06,121.11,157.78,59.38,1,-1,-1,-1
181,13,909.95,326.93,684.02,356.05,1,-1,-1,-1
182,1,351.20,127.66,151.55,63.27,1,-1,-1,-1
182,3,3.05,131.75,27.49,26.09,1,-1,-1,-1
182,9,194.72,120.59,157.15,58.99,1,-1,-1,-1
182,13,1000.00,342.75,712.46,370.90,1,-1,-1,-1
182,16,1197.92,186.36,143.09,84.53,1,-1,-1,-1
183,1,350.85,127.53,151.70,63.54,1,-1,-1,-1
183,3,2.52,131.17,27.73,26.48,1,-1,-1,-1
183,9,194.42,120.06,158.19,59.33,1,-1,-1,-1
183,13,1053.49,350.56,731.74,384.47,1,-1,-1,-1
183,16,1189.11,187.29,146.07,86.11,1,-1,-1,-1
184,1,350.08,127.30,152.04,63.88,1,-1,-1,-1
184,3,2.06,130.62,27.98,27.00,1,-1,-1,-1
184,9,193.89,119.56,159.64,59.89,1,-1,-1,-1
184,13,1140.42,368.13,750.31,397.90,1,-1,-1,-1
184,16,1176.34,187.71,150.76,88.77,1,-1,-1,-1
185,1,348.94,126.79,153.02,64.53,1,-1,-1,-1
185,3,1.87,130.22,28.27,27.56,1,-1,-1,-1
185,9,194.16,119.48,159.30,59.76,1,-1,-1,-1
185,13,1216.71,385.76,727.70,391.75,1,-1,-1,-1
185,16,1168.04,188.78,154.09,90.59,1,-1,-1,-1
186,1,348.14,126.27,153.88,65.16,1,-1,-1,-1
186,3,2.17,130.45,27.81,27.34,1,-1,-1,-1
186,13,1264.82,393.68,744.31,400.69,1,-1,-1,-1
186,16,1161.08,191.43,153.45,89.81,1,-1,-1,-1
187,1,347.79,125.95,154.23,65.57,1,-1,-1,-1
187,3,2.70,130.71,27.26,26.95,1,-1,-1,-1
187,16,1153.79,193.65,153.89,89.57,1,-1,-1,-1
188,1,347.88,125.97,153.90,65.64,1,-1,-1,-1
188,3,2.97,130.75,27.01,26.81,1,-1,-1,-1
188,9,193.89,119.05,160.18,60.16,1,-1,-1,-1
188,16,1147.33,195.87,154.08,89.13,1,-1,-1,-1
189,1,348.15,126.08,153.36,65.56,1,-1,-1,-1
189,3,3.14,130.73,26.92,26.83,1,-1,-1,-1
189,9,193.95,119.08,159.97,60.10,1,-1,-1,-1
189,16,1132.75,195.01,162.95,94.45,1,-1,-1,-1
190,1,348.68,126.39,152.18,65.15,1,-1,-1,-1
190,3,3.14,130.56,26.94,26.93,1,-1,-1,-1
190,9,193.89,119.05,160.22,60.22,1,-1,-1,-1
190,16,1124.01,194.86,165.98,96.31,1,-1,-1,-1
191,1,349.22,126.74,150.77,64.57,1,-1,-1,-1
191,3,3.13,130.42,26.93,27.01,1,-1,-1,-1
191,9,193.85,119.00,160.45,60.36,1,-1,-1,-1
191,16,1116.78,199.09,166.53,96.15,1,-1,-1,-1
192,1,350.16,127.27,148.66,63.57,1,-1,-1,-1
192,3,2.90,130.14,27.46,27.67,1,-1,-1,-1
192,9,193.94,118.93,160.41,60.34,1,-1,-1,-1
192,16,1111.69,202.40,163.95,93.78,1,-1,-1,-1
193,1,350.69,127.62,147.51,62.95,1,-1,-1,-1
193,3,2.73,129.94,28.06,28.45,1,-1,-1,-1
193,9,193.64,117.87,162.39,61.27,1,-1,-1,-1
193,16,1106.76,204.20,164.04,92.94,1,-1,-1,-1
194,1,351.13,128.00,146.65,62.41,1,-1,-1,-1
194,3,2.62,129.70,28.71,29.35,1,-1,-1,-1
194,9,193.67,117.69,162.61,61.36,1,-1,-1,-1
194,16,1100.99,203.92,168.73,95.07,1,-1,-1,-1
195,1,350.99,128.10,146.87,62.36,1,-1,-1,-1
195,3,2.77,129.61,28.82,29.67,1,-1,-1,-1
195,9,193.18,117.13,163.76,62.09,1,-1,-1,-1
195,16,1084.04,198.97,186.06,104.73,1,-1,-1,-1
196,1,350.83,128.16,147.37,62.45,1,-1,-1,-1
196,3,2.89,129.67,28.69,29.72,1,-1,-1,-1
196,9,193.20,117.09,163.16,62.13,1,-1,-1,-1
196,16,1077.03,198.05,190.45,107.03,1,-1,-1,-1
197,1,350.77,128.17,147.90,62.57,1,-1,-1,-1
197,3,2.84,129.69,28.42,29.64,1,-1,-1,-1
197,9,193.47,117.37,161.75,61.78,1,-1,-1,-1
197,16,1075.28,199.74,187.33,104.86,1,-1,-1,-1
198,1,350.86,128.35,148.16,62.59,1,-1,-1,-1
198,3,2.77,129.70,28.01,29.40,1,-1,-1,-1
198,9,193.39,117.22,161.98,61.87,1,-1,-1,-1
198,16,1075.06,202.23,181.19,100.78,1,-1,-1,-1
199,1,350.95,128.50,148.17,62.50,1,-1,-1,-1
199,3,2.74,129.60,27.64,29.19,1,-1,-1,-1
199,16,1074.56,204.33,176.62,97.46,1,-1,-1,-1
200,1,350.30,127.73,149.67,63.11,1,-1,-1,-1
200,3,2.79,129.59,27.36,29.04,1,-1,-1,-1
200,9,193.94,118.71,159.23,60.88,1,-1,-1,-1
200,16,1072.56,205.54,174.63,95.57,1,-1,-1,-1
201,1,349.48,126.59,151.24,63.78,1,-1,-1,-1
201,3,2.92,129.61,27.12,28.91,1,-1,-1,-1
201,9,193.92,118.74,159.15,60.85,1,-1,-1,-1
201,16,1069.79,206.13,175.28,95.12,1,-1,-1,-1
202,1,348.66,125.34,152.78,64.45,1,-1,-1,-1
202,3,3.10,129.59,26.93,28.79,1,-1,-1,-1
202,16,1067.26,206.66,176.02,94.71,1,-1,-1,-1
202,19,1599.94,431.29,303.46,169.43,1,-1,-1,-1
203,1,348.41,124.94,152.70,64.40,1,-1,-1,-1
203,3,3.28,129.45,26.87,28.80,1,-1,-1,-1
203,9,193.11,117.68,161.20,62.00,1,-1,-1,-1
203,16,1065.16,206.93,177.28,94.67,1,-1,-1,-1
203,19,1588.78,429.48,304.16,168.62,1,-1,-1,-1
204,1,348.16,124.64,152.81,64.46,1,-1,-1,-1
204,3,3.30,129.21,27.07,29.09,1,-1,-1,-1
204,9,193.15,117.27,161.54,62.45,1,-1,-1,-1
204,16,1063.39,206.82,178.92,94.99,1,-1,-1,-1
204,19,1567.69,420.82,318.85,175.38,1,-1,-1,-1
205,1,348.13,124.67,152.69,64.46,1,-1,-1,-1
205,3,3.23,129.07,27.19,29.30,1,-1,-1,-1
205,9,193.55,117.12,161.07,62.52,1,-1,-1,-1
205,16,1062.24,206.65,180.17,95.12,1,-1,-1,-1
205,19,1548.22,412.34,333.15,181.65,1,-1,-1,-1
206,1,348.41,124.75,152.56,64.44,1,-1,-1,-1
206,3,3.16,129.01,27.20,29.36,1,-1,-1,-1
206,9,193.65,117.27,160.50,62.50,1,-1,-1,-1
206,16,1061.46,206.48,181.30,95.18,1,-1,-1,-1
206,19,1512.89,400.37,351.41,189.36,1,-1,-1,-1
207,1,348.91,125.13,152.11,64.27,1,-1,-1,-1
207,3,3.16,129.02,27.05,29.21,1,-1,-1,-1
207,9,193.56,117.50,160.02,62.46,1,-1,-1,-1
207,16,1060.87,206.25,182.69,95.42,1,-1,-1,-1
207,19,1482.25,392.46,366.00,195.10,1,-1,-1,-1
208,1,349.20,125.26,151.80,64.13,1,-1,-1,-1
208,3,3.28,129.00,27.05,29.21,1,-1,-1,-1
208,9,193.41,117.45,160.26,62.55,1,-1,-1,-1
208,16,1060.39,206.03,183.87,95.61,1,-1,-1,-1
208,19,1458.24,385.88,374.65,198.12,1,-1,-1,-1
209,1,349.25,125.28,151.51,63.99,1,-1,-1,-1
209,3,3.37,129.08,27.07,29.23,1,-1,-1,-1
209,16,1059.89,205.81,185.07,95.88,1,-1,-1,-1
209,19,1416.78,380.36,375.24,195.84,1,-1,-1,-1
210,1,349.60,125.75,151.12,63.78,1,-1,-1,-1
210,3,3.54,129.49,26.89,29.01,1,-1,-1,-1
210,16,1059.54,205.84,185.65,95.88,1,-1,-1,-1
210,19,1372.33,379.56,360.91,186.08,1,-1,-1,-1
211,1,349.89,126.25,151.13,63.75,1,-1,-1,-1
211,3,3.60,129.98,26.66,28.72,1,-1,-1,-1
211,16,1059.16,205.88,186.13,95.90,1,-1,-1,-1
211,19,1346.29,371.84,345.65,174.78,1,-1,-1,-1
212,1,350.10,126.72,151.48,63.87,1,-1,-1,-1
212,3,3.69,130.41,26.44,28.42,1,-1,-1,-1
212,16,1058.85,205.89,186.65,95.99,1,-1,-1,-1
212,19,1298.66,364.47,338.40,169.03,1,-1,-1,-1
213,1,349.85,126.52,152.10,64.09,1,-1,-1,-1
213,3,3.60,130.43,26.64,28.62,1,-1,-1,-1
213,16,1058.70,205.73,187.46,96.28,1,-1,-1,-1
213,19,1268.09,359.58,339.40,166.38,1,-1,-1,-1
214,1,349.52,126.10,152.53,64.18,1,-1,-1,-1
214,3,3.53,130.40,26.81,28.79,1,-1,-1,-1
214,16,1058.37,205.51,188.91,97.01,1,-1,-1,-1
214,19,1218.52,352.88,337.75,162.62,1,-1,-1,-1
215,1,348.95,125.54,153.36,64.43,1,-1,-1,-1
215,3,3.49,130.35,26.93,28.91,1,-1,-1,-1
215,9,196.61,117.43,157.03,61.31,1,-1,-1,-1
215,16,1057.89,205.32,190.37,97.84,1,-1,-1,-1
215,19,1184.63,344.92,346.13,164.24,1,-1,-1,-1
216,1,348.25,125.10,154.54,64.86,1,-1,-1,-1
216,3,3.64,130.44,26.76,28.66,1,-1,-1,-1
216,9,196.98,117.65,156.41,61.05,1,-1,-1,-1
216,16,1057.39,205.35,191.34,98.44,1,-1,-1,-1
216,19,1129.25,334.98,355.93,166.78,1,-1,-1,-1
217,1,348.71,125.76,153.57,64.35,1,-1,-1,-1
217,3,3.80,130.60,26.56,28.36,1,-1,-1,-1
217,9,197.17,117.65,156.22,60.97,1,-1,-1,-1
217,16,1057.93,205.89,190.15,97.86,1,-1,-1,-1
217,19,1095.40,327.55,361.73,168.15,1,-1,-1,-1
218,1,349.28,126.55,152.25,63.66,1,-1,-1,-1
218,3,3.94,130.82,26.33,27.99,1,-1,-1,-1
218,9,197.95,119.38,154.23,59.95,1,-1,-1,-1
218,16,1058.13,206.23,189.57,97.65,1,-1,-1,-1
218,19,1051.58,322.70,351.03,161.43,1,-1,-1,-1
219,1,349.79,127.23,151.09,63.03,1,-1,-1,-1
219,3,3.97,131.08,26.10,27.62,1,-1,-1,-1
219,9,198.22,120.06,153.64,59.42,1,-1,-1,-1
219,16,1057.85,206.30,189.99,98.08,1,-1,-1,-1
219,19,999.02,321.75,335.97,151.69,1,-1,-1,-1
220,1,349.18,126.85,152.41,63.57,1,-1,-1,-1
220,3,3.71,131.10,26.05,27.47,1,-1,-1,-1
220,9,197.81,120.01,154.03,59.34,1,-1,-1,-1
220,16,1055.14,205.19,194.42,100.85,1,-1,-1,-1
220,19,968.65,308.60,331.56,147.96,1,-1,-1,-1
221,1,348.57,126.40,154.02,64.34,1,-1,-1,-1
221,3,3.38,131.07,26.09,27.44,1,-1,-1,-1
221,9,196.87,119.64,154.97,59.57,1,-1,-1,-1
221,16,1052.96,204.29,197.47,102.98,1,-1,-1,-1
221,19,913.93,298.70,333.27,148.16,1,-1,-1,-1
222,1,348.08,125.89,155.41,65.13,1,-1,-1,-1
222,3,2.97,130.94,26.20,27.51,1,-1,-1,-1
222,9,197.04,119.78,154.57,59.42,1,-1,-1,-1
222,16,1051.57,203.70,198.50,103.87,1,-1,-1,-1
222,19,857.71,293.93,327.58,145.70,1,-1,-1,-1
223,1,348.56,125.82,154.57,64.94,1,-1,-1,-1
223,3,2.84,131.05,26.21,27.45,1,-1,-1,-1
223,16,1052.79,203.93,195.61,102.38,1,-1,-1,-1
223,19,825.59,290.54,323.43,142.88,1,-1,-1,-1
224,1,349.46,125.90,152.57,64.12,1,-1,-1,-1
224,3,2.77,131.12,26.13,27.26,1,-1,-1,-1
224,16,1055.08,204.71,191.06,99.62,1,-1,-1,-1
224,19,776.23,285.44,321.54,141.70,1,-1,-1,-1
225,1,350.41,126.12,150.34,63.07,1,-1,-1,-1
225,3,2.75,131.29,26.00,27.01,1,-1,-1,-1
225,16,1055.87,204.72,189.34,98.40,1,-1,-1,-1
225,19,744.00,278.54,325.51,142.66,1,-1,-1,-1
226,1,350.37,125.89,150.24,62.89,1,-1,-1,-1
226,3,2.74,131.44,25.83,26.73,1,-1,-1,-1
226,16,1055.27,204.50,189.63,98.34,1,-1,-1,-1
226,19,701.17,275.39,311.59,135.55,1,-1,-1,-1
227,1,349.94,125.57,151.30,63.24,1,-1,-1,-1
227,3,2.80,131.76,25.68,26.46,1,-1,-1,-1
227,16,1052.79,203.46,193.34,100.46,1,-1,-1,-1
227,19,670.77,269.45,312.97,134.87,1,-1,-1,-1
228,1,349.17,125.23,153.26,64.07,1,-1,-1,-1
228,3,3.05,132.10,25.53,26.16,1,-1,-1,-1
228,16,1051.84,203.33,194.51,101.27,1,-1,-1,-1
228,19,631.65,266.15,294.64,125.98,1,-1,-1,-1
229,1,348.48,124.87,155.14,65.00,1,-1,-1,-1
229,3,3.12,132.30,25.62,26.11,1,-1,-1,-1
229,16,1043.67,203.54,195.95,102.10,1,-1,-1,-1
229,19,580.99,252.55,286.34,120.51,1,-1,-1,-1
230,1,348.45,124.83,155.68,65.41,1,-1,-1,-1
230,3,3.27,132.27,25.84,26.20,1,-1,-1,-1
230,16,1039.37,204.72,194.65,101.31,1,-1,-1,-1
230,19,556.55,249.07,274.28,114.81,1,-1,-1,-1
231,1,348.84,124.85,155.26,65.40,1,-1,-1,-1
231,3,3.33,132.04,26.21,26.45,1,-1,-1,-1
231,9,191.51,117.92,163.78,63.48,1,-1,-1,-1
231,16,1035.69,206.28,192.84,100.26,1,-1,-1,-1
231,19,523.41,248.06,252.57,105.36,1,-1,-1,-1
232,1,349.09,124.95,154.73,65.31,1,-1,-1,-1
232,3,3.54,131.82,26.38,26.49,1,-1,-1,-1
232,9,191.13,117.83,164.40,63.73,1,-1,-1,-1
232,16,1031.58,207.46,192.22,99.85,1,-1,-1,-1
232,19,485.40,238.08,276.49,115.62,1,-1,-1,-1
233,1,348.76,124.66,155.00,65.51,1,-1,-1,-1
233,3,3.59,131.65,26.61,26.61,1,-1,-1,-1
233,9,191.76,117.85,162.96,63.69,1,-1,-1,-1
233,16,1027.01,209.52,190.36,98.42,1,-1,-1,-1
233,19,470.78,238.56,255.21,106.61,1,-1,-1,-1
234,1,348.63,124.25,154.95,65.54,1,-1,-1,-1
234,3,3.53,131.37,26.73,26.61,1,-1,-1,-1
234,9,192.45,117.80,161.59,63.46,1,-1,-1,-1
234,16,1020.35,211.64,192.32,98.74,1,-1,-1,-1
234,19,443.80,236.74,246.36,103.29,1,-1,-1,-1
235,1,348.99,123.75,154.40,65.35,1,-1,-1,-1
235,3,3.39,130.95,27.23,27.08,1,-1,-1,-1
235,9,192.16,117.73,162.03,63.63,1,-1,-1,-1
235,16,1006.69,213.57,198.16,101.63,1,-1,-1,-1
235,19,414.76,236.03,236.76,100.05,1,-1,-1,-1
236,1,349.81,123.41,153.42,65.00,1,-1,-1,-1
236,3,3.26,130.59,27.69,27.54,1,-1,-1,-1
236,16,998.44,216.91,198.87,100.86,1,-1,-1,-1
236,19,382.45,234.24,232.28,98.95,1,-1,-1,-1
237,1,350.78,123.41,152.13,64.47,1,-1,-1,-1
237,3,3.15,130.44,28.14,28.07,1,-1,-1,-1
237,16,989.58,220.11,199.66,99.68,1,-1,-1,-1
237,19,352.03,227.13,225.04,97.05,1,-1,-1,-1
238,1,351.69,123.75,150.56,63.75,1,-1,-1,-1
238,3,3.13,130.54,28.08,28.06,1,-1,-1,-1
238,16,978.61,222.00,205.01,101.21,1,-1,-1,-1
238,19,337.66,222.93,220.57,95.51,1,-1,-1,-1
239,1,352.81,124.83,148.30,62.62,1,-1,-1,-1
239,3,3.21,130.81,27.77,27.78,1,-1,-1,-1
239,9,193.89,115.25,160.42,63.02,1,-1,-1,-1
239,16,958.35,222.93,215.44,106.24,1,-1,-1,-1
239,19,314.17,219.79,213.12,93.13,1,-1,-1,-1
240,1,353.45,126.08,146.16,61.39,1,-1,-1,-1
240,3,3.18,131.03,26.96,26.95,1,-1,-1,-1
240,9,195.53,116.73,157.37,61.62,1,-1,-1,-1
240,16,944.96,228.95,217.84,106.65,1,-1,-1,-1
240,19,288.40,217.48,203.19,90.28,1,-1,-1,-1
241,1,352.99,126.79,145.98,60.90,1,-1,-1,-1
241,3,3.00,131.05,26.16,26.12,1,-1,-1,-1
241,9,197.33,118.54,154.28,60.10,1,-1,-1,-1
241,16,933.52,231.63,219.11,106.97,1,-1,-1,-1
241,19,275.90,215.57,196.15,88.42,1,-1,-1,-1
242,1,351.85,126.89,146.89,60.88,1,-1,-1,-1
242,3,2.80,131.06,25.28,25.19,1,-1,-1,-1
242,9,198.65,120.77,152.06,58.94,1,-1,-1,-1
242,16,912.66,232.55,225.95,110.10,1,-1,-1,-1
242,19,254.00,213.86,190.28,87.37,1,-1,-1,-1
243,1,350.63,126.61,148.62,61.28,1,-1,-1,-1
243,3,2.78,131.14,24.84,24.68,1,-1,-1,-1
243,9,199.04,122.41,151.03,58.19,1,-1,-1,-1
243,16,899.13,234.60,226.62,109.90,1,-1,-1,-1
243,19,230.73,213.73,180.19,84.02,1,-1,-1,-1
244,1,350.54,126.99,148.86,61.11,1,-1,-1,-1
244,3,2.65,131.09,24.71,24.44,1,-1,-1,-1
244,9,198.05,123.48,151.81,58.19,1,-1,-1,-1
244,16,876.80,237.27,226.57,109.11,1,-1,-1,-1
244,19,216.68,211.10,176.84,84.16,1,-1,-1,-1
245,1,350.57,127.41,149.34,61.11,1,-1,-1,-1
245,3,2.22,130.71,25.12,24.78,1,-1,-1,-1
245,9,196.35,123.33,154.35,58.92,1,-1,-1,-1
245,16,860.56,240.19,228.81,109.90,1,-1,-1,-1
245,19,198.21,210.75,169.35,81.90,1,-1,-1,-1
246,1,351.02,127.99,149.50,61.05,1,-1,-1,-1
246,3,1.82,130.38,25.58,25.20,1,-1,-1,-1
246,9,194.86,122.28,157.61,60.05,1,-1,-1,-1
246,16,835.46,244.02,235.62,112.62,1,-1,-1,-1
246,19,187.01,209.83,163.00,80.23,1,-1,-1,-1
247,1,351.43,128.28,149.47,60.96,1,-1,-1,-1
247,3,1.67,130.40,25.84,25.44,1,-1,-1,-1
247,9,194.24,121.48,159.36,60.54,1,-1,-1,-1
247,16,805.77,244.13,254.86,121.92,1,-1,-1,-1
247,19,170.80,210.92,152.03,75.63,1,-1,-1,-1
248,1,351.97,128.44,149.11,60.73,1,-1,-1,-1
248,3,1.73,130.72,25.86,25.45,1,-1,-1,-1
248,9,193.65,121.05,160.58,60.88,1,-1,-1,-1
248,16,782.15,245.02,263.38,125.74,1,-1,-1,-1
248,19,161.82,211.98,141.54,71.19,1,-1,-1,-1
249,1,352.35,128.47,148.65,60.45,1,-1,-1,-1
249,3,1.68,131.04,25.91,25.49,1,-1,-1,-1
249,9,193.13,121.10,160.69,60.77,1,-1,-1,-1
249,16,750.58,249.45,263.88,124.14,1,-1,-1,-1
249,19,142.98,211.73,138.11,70.23,1,-1,-1,-1
250,1,352.80,128.72,147.83,59.98,1,-1,-1,-1
250,3,1.59,131.36,26.28,25.86,1,-1,-1,-1
250,9,192.82,120.91,161.22,60.95,1,-1,-1,-1
250,16,722.14,257.57,273.35,127.43,1,-1,-1,-1
250,19,130.40,207.21,136.17,70.77,1,-1,-1,-1
251,1,353.07,128.90,147.42,59.73,1,-1,-1,-1
251,3,1.57,131.43,26.57,26.20,1,-1,-1,-1
251,9,192.96,120.95,160.40,60.59,1,-1,-1,-1
251,16,697.22,263.85,280.50,129.21,1,-1,-1,-1
251,19,122.31,204.52,130.28,68.69,1,-1,-1,-1
252,1,352.89,128.62,147.85,59.91,1,-1,-1,-1
252,3,1.55,131.46,26.80,26.48,1,-1,-1,-1
252,9,193.47,120.76,159.37,60.14,1,-1,-1,-1
252,16,654.74,268.22,296.49,136.23,1,-1,-1,-1
252,19,108.45,205.36,123.03,65.62,1,-1,-1,-1
253,1,352.36,128.04,148.99,60.46,1,-1,-1,-1
253,3,1.52,131.36,26.74,26.47,1,-1,-1,-1
253,9,194.38,121.03,156.93,59.07,1,-1,-1,-1
253,16,622.82,273.99,306.66,140.50,1,-1,-1,-1
253,19,100.27,204.41,116.74,63.28,1,-1,-1,-1
253,20,89.51,131.97,72.21,44.89,1,-1,-1,-1
254,1,351.75,127.32,150.08,61.00,1,-1,-1,-1
254,3,1.36,131.18,26.86,26.63,1,-1,-1,-1
254,9,195.07,121.10,155.67,58.50,1,-1,-1,-1
254,16,570.82,276.34,327.09,150.19,1,-1,-1,-1
254,19,82.86,204.84,110.21,60.91,1,-1,-1,-1
254,20,90.23,132.58,71.28,44.29,1,-1,-1,-1
255,1,351.59,127.07,150.13,61.09,1,-1,-1,-1
255,3,1.27,130.87,27.18,27.02,1,-1,-1,-1
255,9,195.33,121.45,154.87,58.16,1,-1,-1,-1
255,16,537.62,281.29,335.06,154.30,1,-1,-1,-1
255,19,70.60,204.02,111.00,62.10,1,-1,-1,-1
255,20,90.88,132.74,70.11,43.53,1,-1,-1,-1
256,1,351.81,127.14,149.60,60.90,1,-1,-1,-1
256,3,1.23,130.51,27.70,27.61,1,-1,-1,-1
256,9,194.46,121.04,156.74,58.93,1,-1,-1,-1
256,16,485.30,286.90,347.31,161.00,1,-1,-1,-1
256,19,65.11,204.35,103.70,58.98,1,-1,-1,-1
256,20,90.78,132.05,69.71,43.22,1,-1,-1,-1
257,1,352.54,127.66,148.27,60.33,1,-1,-1,-1
257,3,1.38,130.38,28.09,28.09,1,-1,-1,-1
257,9,193.69,120.58,158.56,59.75,1,-1,-1,-1
257,16,451.44,294.22,353.92,165.03,1,-1,-1,-1
257,19,52.17,205.46,95.73,55.01,1,-1,-1,-1
257,20,90.13,131.31,70.25,43.52,1,-1,-1,-1
258,1,352.86,127.98,147.91,60.17,1,-1,-1,-1
258,3,1.27,130.13,28.39,28.50,1,-1,-1,-1
258,9,193.02,119.67,161.06,60.92,1,-1,-1,-1
258,16,387.48,305.60,380.86,178.92,1,-1,-1,-1
258,19,42.70,204.71,93.82,54.63,1,-1,-1,-1
258,20,90.36,131.26,69.75,43.21,1,-1,-1,-1
259,1,352.95,127.85,148.07,60.23,1,-1,-1,-1
259,3,0.94,129.80,28.59,28.83,1,-1,-1,-1
259,9,192.89,119.56,161.39,61.04,1,-1,-1,-1
259,16,349.50,313.31,394.03,185.78,1,-1,-1,-1
259,19,35.71,203.56,90.43,53.75,1,-1,-1,-1
260,1,352.76,127.37,148.72,60.49,1,-1,-1,-1
260,3,0.46,129.35,28.78,29.16,1,-1,-1,-1
260,16,295.41,316.57,411.25,195.94,1,-1,-1,-1
260,19,31.16,201.92,88.10,53.62,1,-1,-1,-1
