2,2,351.393,125.141,147.925,64.065,1,-1,-1,-1
2,3,1620.740,382.948,296.633,242.316,1,-1,-1,-1
2,1,3.015,129.365,27.023,30.573,1,-1,-1,-1
3,3,1606.259,380.922,312.777,244.264,1,-1,-1,-1
3,2,351.384,125.086,147.880,64.161,1,-1,-1,-1
3,1,2.994,129.337,27.081,30.627,1,-1,-1,-1
4,2,351.434,125.023,147.701,64.184,1,-1,-1,-1
4,3,1585.029,381.740,331.447,239.525,1,-1,-1,-1
4,1,2.970,129.426,27.032,30.417,1,-1,-1,-1
5,2,352.238,125.557,146.634,64.164,1,-1,-1,-1
5,3,1562.614,381.462,352.338,235.095,1,-1,-1,-1
5,1,3.059,129.634,27.025,29.815,1,-1,-1,-1
6,1,3.232,129.822,26.865,29.329,1,-1,-1,-1
6,3,1538.912,376.802,378.882,238.442,1,-1,-1,-1
6,2,352.905,125.908,145.918,64.349,1,-1,-1,-1
7,1,3.359,129.966,26.737,28.865,1,-1,-1,-1
7,3,1514.601,373.684,373.964,231.635,1,-1,-1,-1
7,2,353.546,126.349,145.219,64.460,1,-1,-1,-1
8,1,3.349,130.025,26.560,28.715,1,-1,-1,-1
8,3,1532.448,380.300,373.964,231.635,1,-1,-1,-1
8,2,353.335,125.939,145.603,65.116,1,-1,-1,-1
9,2,352.964,125.659,145.959,65.570,1,-1,-1,-1
9,1,3.192,129.956,26.892,28.689,1,-1,-1,-1
9,3,1550.295,386.917,368.705,231.635,1,-1,-1,-1
10,2,351.894,125.649,147.147,65.218,1,-1,-1,-1
10,3,1570.554,393.726,348.446,231.447,1,-1,-1,-1
10,1,2.816,129.870,27.460,28.702,1,-1,-1,-1
11,3,1597.896,401.110,321.104,230.701,1,-1,-1,-1
11,2,350.987,125.985,148.067,64.256,1,-1,-1,-1
11,1,2.599,129.930,27.532,28.825,1,-1,-1,-1
12,1,2.082,129.864,27.145,29.133,1,-1,-1,-1
12,3,1629.070,408.808,289.930,229.651,1,-1,-1,-1
12,2,350.051,125.726,149.197,63.763,1,-1,-1,-1
13,1,1.910,130.270,26.990,29.045,1,-1,-1,-1
13,3,1381.161,338.514,531.722,279.842,1,-1,-1,-1
13,2,349.746,125.170,149.680,64.036,1,-1,-1,-1
14,2,349.600,124.786,149.811,64.409,1,-1,-1,-1
14,3,1353.176,338.513,520.607,274.311,1,-1,-1,-1
14,1,2.075,130.313,26.808,28.795,1,-1,-1,-1
15,2,349.830,125.135,149.407,64.282,1,-1,-1,-1
15,3,1351.149,319.793,489.745,265.773,1,-1,-1,-1
15,1,2.813,131.384,26.793,28.249,1,-1,-1,-1
16,3,1322.825,321.377,494.649,259.192,1,-1,-1,-1
16,2,349.887,125.491,149.291,64.177,1,-1,-1,-1
16,1,3.295,131.471,26.150,28.130,1,-1,-1,-1
17,2,350.168,125.714,149.333,64.273,1,-1,-1,-1
17,3,1289.149,318.755,500.208,261.054,1,-1,-1,-1
17,1,3.438,132.118,26.059,28.051,1,-1,-1,-1
18,2,350.418,125.852,149.637,64.434,1,-1,-1,-1
18,3,1260.660,312.864,499.820,267.924,1,-1,-1,-1
18,1,3.274,132.539,25.896,27.760,1,-1,-1,-1
19,2,350.865,125.921,149.509,64.819,1,-1,-1,-1
19,3,1240.271,304.926,506.306,273.676,1,-1,-1,-1
19,1,3.477,133.286,25.951,27.656,1,-1,-1,-1
20,2,349.966,125.483,150.600,65.176,1,-1,-1,-1
20,1,3.703,133.398,26.474,27.830,1,-1,-1,-1
20,3,1206.512,302.487,482.435,266.459,1,-1,-1,-1
21,1,4.087,133.219,27.528,27.677,1,-1,-1,-1
21,3,1176.264,293.573,481.144,264.089,1,-1,-1,-1
21,2,348.888,125.242,151.595,64.965,1,-1,-1,-1
22,1,4.085,133.159,28.010,27.244,1,-1,-1,-1
22,3,1143.507,281.700,473.755,268.950,1,-1,-1,-1
22,2,347.933,125.424,152.375,63.994,1,-1,-1,-1
23,1,4.136,133.377,27.376,26.729,1,-1,-1,-1
23,2,347.822,125.883,152.364,62.985,1,-1,-1,-1
23,3,1118.036,267.494,468.464,277.822,1,-1,-1,-1
24,3,1055.113,292.391,488.304,213.990,1,-1,-1,-1
24,2,348.030,126.197,152.037,62.471,1,-1,-1,-1
24,1,3.508,133.192,25.943,26.838,1,-1,-1,-1
25,2,348.207,126.040,151.863,62.714,1,-1,-1,-1
25,1,3.329,132.614,25.713,27.204,1,-1,-1,-1
25,3,1035.298,276.110,485.309,221.281,1,-1,-1,-1
26,3,1013.090,264.096,467.208,251.911,1,-1,-1,-1
26,2,348.544,126.142,151.622,63.072,1,-1,-1,-1
26,1,2.793,131.674,25.815,27.313,1,-1,-1,-1
27,3,967.129,271.080,484.538,213.402,1,-1,-1,-1
27,2,348.735,126.363,151.582,63.147,1,-1,-1,-1
27,1,2.902,130.958,26.364,27.124,1,-1,-1,-1
28,3,910.091,268.909,496.014,203.823,1,-1,-1,-1
28,2,348.861,126.696,151.807,63.207,1,-1,-1,-1
28,1,2.762,130.900,26.821,26.697,1,-1,-1,-1
28,4,192.444,118.465,161.233,61.824,1,-1,-1,-1
29,2,349.028,126.679,152.083,63.537,1,-1,-1,-1
29,4,192.614,119.020,161.035,61.209,1,-1,-1,-1
29,1,2.991,131.040,27.752,26.801,1,-1,-1,-1
29,3,889.038,262.589,495.176,203.010,1,-1,-1,-1
30,3,854.519,257.748,459.032,194.046,1,-1,-1,-1
30,1,3.006,131.240,28.639,27.245,1,-1,-1,-1
30,2,349.377,126.526,152.417,64.202,1,-1,-1,-1
30,4,192.794,119.123,160.672,60.885,1,-1,-1,-1
31,4,192.571,119.193,160.735,60.766,1,-1,-1,-1
31,2,349.508,126.415,152.789,64.543,1,-1,-1,-1
31,1,3.223,130.619,29.316,28.260,1,-1,-1,-1
31,3,826.739,249.743,472.625,196.560,1,-1,-1,-1
32,4,192.383,118.547,160.219,61.362,1,-1,-1,-1
32,2,348.577,125.756,154.085,64.752,1,-1,-1,-1
32,1,3.161,130.567,29.701,28.651,1,-1,-1,-1
32,3,785.087,245.197,462.856,193.714,1,-1,-1,-1
33,4,192.383,118.547,160.219,61.362,1,-1,-1,-1
33,2,347.615,125.024,155.042,64.548,1,-1,-1,-1
33,1,3.273,130.248,30.014,28.634,1,-1,-1,-1
33,3,755.899,238.543,479.106,194.106,1,-1,-1,-1
34,4,194.733,121.020,160.117,60.758,1,-1,-1,-1
34,1,3.108,130.440,30.182,28.340,1,-1,-1,-1
34,3,723.627,233.925,444.000,190.814,1,-1,-1,-1
34,2,346.905,124.158,155.755,64.492,1,-1,-1,-1
35,2,347.232,124.205,155.229,63.892,1,-1,-1,-1
35,1,2.982,130.326,30.162,28.185,1,-1,-1,-1
35,4,194.455,115.500,157.136,64.140,1,-1,-1,-1
35,3,697.079,233.793,459.765,187.249,1,-1,-1,-1
36,1,2.802,130.405,30.299,28.216,1,-1,-1,-1
36,2,347.413,124.470,154.918,63.376,1,-1,-1,-1
36,4,194.383,115.465,157.047,64.526,1,-1,-1,-1
36,3,692.749,234.276,427.803,182.884,1,-1,-1,-1
37,4,194.097,115.812,157.644,64.346,1,-1,-1,-1
37,3,642.152,237.551,432.685,171.111,1,-1,-1,-1
37,2,347.193,124.635,155.412,63.457,1,-1,-1,-1
37,1,2.641,130.815,30.112,27.841,1,-1,-1,-1
38,2,348.153,125.277,154.338,63.817,1,-1,-1,-1
38,3,630.877,221.268,409.371,174.786,1,-1,-1,-1
38,4,194.097,115.812,157.644,64.346,1,-1,-1,-1
38,1,2.600,130.995,30.050,27.815,1,-1,-1,-1
39,4,192.176,118.604,160.828,62.859,1,-1,-1,-1
39,1,2.594,131.117,29.797,27.917,1,-1,-1,-1
39,3,599.196,220.341,385.220,168.963,1,-1,-1,-1
39,2,348.974,125.750,153.564,64.393,1,-1,-1,-1
40,3,579.487,216.352,382.404,165.201,1,-1,-1,-1
40,4,192.126,118.763,162.901,62.896,1,-1,-1,-1
40,1,2.764,130.910,29.167,27.994,1,-1,-1,-1
40,2,350.104,126.359,151.798,64.445,1,-1,-1,-1
41,1,2.848,130.677,28.683,27.956,1,-1,-1,-1
41,3,554.195,213.842,346.814,161.358,1,-1,-1,-1
41,2,349.838,126.530,152.082,64.208,1,-1,-1,-1
42,1,2.978,130.388,28.199,27.958,1,-1,-1,-1
42,3,532.526,212.952,352.521,156.960,1,-1,-1,-1
42,2,349.950,126.912,151.276,63.709,1,-1,-1,-1
43,3,515.936,213.200,343.035,148.286,1,-1,-1,-1
43,1,3.042,130.108,28.446,28.359,1,-1,-1,-1
43,2,349.532,127.005,151.865,62.917,1,-1,-1,-1
44,1,3.062,129.998,28.833,28.694,1,-1,-1,-1
44,2,348.872,126.952,153.153,62.167,1,-1,-1,-1
44,3,485.908,214.761,321.880,140.217,1,-1,-1,-1
45,3,467.976,211.917,317.277,137.890,1,-1,-1,-1
45,2,347.541,126.357,155.654,62.192,1,-1,-1,-1
45,1,2.945,129.847,29.114,29.063,1,-1,-1,-1
46,2,346.562,126.326,157.736,61.889,1,-1,-1,-1
46,3,445.812,208.541,323.521,133.691,1,-1,-1,-1
46,1,2.746,129.717,29.325,29.298,1,-1,-1,-1
47,3,415.853,204.142,308.920,132.411,1,-1,-1,-1
47,1,2.600,129.490,29.430,29.497,1,-1,-1,-1
47,2,345.753,126.377,158.840,61.545,1,-1,-1,-1
48,1,2.414,129.808,29.245,29.010,1,-1,-1,-1
48,2,345.195,125.848,159.680,62.329,1,-1,-1,-1
48,3,402.830,201.212,295.959,129.030,1,-1,-1,-1
49,1,2.316,130.703,28.583,27.968,1,-1,-1,-1
49,3,387.883,197.828,294.227,128.384,1,-1,-1,-1
49,2,346.661,126.165,156.804,62.269,1,-1,-1,-1
50,1,2.216,131.455,27.529,26.401,1,-1,-1,-1
50,3,369.366,200.431,253.937,115.844,1,-1,-1,-1
50,2,348.141,126.073,153.968,63.130,1,-1,-1,-1
51,5,193.370,119.222,162.598,61.411,1,-1,-1,-1
51,2,349.775,127.324,150.909,61.403,1,-1,-1,-1
51,1,2.251,131.570,26.996,25.624,1,-1,-1,-1
51,3,346.920,193.553,251.337,121.403,1,-1,-1,-1
52,1,2.245,131.225,26.713,25.305,1,-1,-1,-1
52,5,194.172,119.750,159.951,60.858,1,-1,-1,-1
52,3,336.004,200.799,237.743,108.363,1,-1,-1,-1
52,2,349.345,127.346,150.353,61.102,1,-1,-1,-1
53,5,194.372,120.068,158.870,60.826,1,-1,-1,-1
53,3,311.242,196.859,229.222,111.913,1,-1,-1,-1
53,1,2.168,130.983,27.108,25.428,1,-1,-1,-1
53,2,349.070,127.454,149.258,59.809,1,-1,-1,-1
54,1,2.111,130.653,27.837,25.949,1,-1,-1,-1
54,5,195.366,119.787,157.035,61.996,1,-1,-1,-1
54,2,348.381,126.591,149.182,59.034,1,-1,-1,-1
54,3,287.748,194.908,217.255,111.070,1,-1,-1,-1
55,2,348.044,126.281,149.357,58.060,1,-1,-1,-1
55,1,2.057,130.494,28.509,26.313,1,-1,-1,-1
55,5,195.779,119.931,155.767,63.631,1,-1,-1,-1
55,3,274.640,194.497,223.656,109.668,1,-1,-1,-1
56,1,2.137,130.364,28.803,26.803,1,-1,-1,-1
56,3,255.057,192.318,215.736,111.293,1,-1,-1,-1
56,5,195.831,120.022,155.226,65.122,1,-1,-1,-1
56,2,347.879,126.195,149.313,57.838,1,-1,-1,-1
57,2,347.675,126.534,149.270,58.413,1,-1,-1,-1
57,1,2.199,130.694,28.692,26.352,1,-1,-1,-1
57,3,247.921,184.446,209.224,112.272,1,-1,-1,-1
57,5,196.114,121.054,155.272,63.865,1,-1,-1,-1
58,3,245.832,184.629,197.427,108.395,1,-1,-1,-1
58,5,198.172,120.707,152.925,62.669,1,-1,-1,-1
58,2,347.637,127.290,149.669,58.986,1,-1,-1,-1
58,1,2.140,130.742,28.637,26.223,1,-1,-1,-1
59,2,347.784,127.863,150.317,59.913,1,-1,-1,-1
59,5,199.715,120.286,150.845,62.047,1,-1,-1,-1
59,1,2.089,131.247,28.452,25.719,1,-1,-1,-1
59,3,218.894,184.498,189.462,107.449,1,-1,-1,-1
60,2,347.783,127.127,151.683,61.282,1,-1,-1,-1
60,3,211.256,184.201,188.053,104.915,1,-1,-1,-1
60,1,1.999,131.418,27.874,25.593,1,-1,-1,-1
60,5,199.425,118.569,151.405,62.548,1,-1,-1,-1
61,2,347.416,125.555,153.081,63.329,1,-1,-1,-1
61,3,191.090,184.968,176.491,103.445,1,-1,-1,-1
61,1,1.943,131.467,27.362,25.580,1,-1,-1,-1
61,5,198.056,118.307,154.203,61.919,1,-1,-1,-1
62,3,181.304,185.309,175.604,99.642,1,-1,-1,-1
62,5,198.056,118.307,154.203,61.919,1,-1,-1,-1
62,2,346.964,124.108,154.551,64.586,1,-1,-1,-1
62,1,1.869,131.109,26.957,25.963,1,-1,-1,-1
63,1,1.877,130.983,26.881,26.273,1,-1,-1,-1
63,5,198.554,119.599,157.340,58.070,1,-1,-1,-1
63,2,347.862,124.640,153.646,64.842,1,-1,-1,-1
63,3,166.982,184.074,161.798,97.016,1,-1,-1,-1
64,2,348.752,125.119,152.546,64.745,1,-1,-1,-1
64,5,197.128,119.525,159.858,57.891,1,-1,-1,-1
64,1,2.046,130.960,26.819,26.240,1,-1,-1,-1
64,3,157.325,181.731,160.974,94.993,1,-1,-1,-1
65,2,349.619,125.620,151.187,64.392,1,-1,-1,-1
65,5,196.059,119.691,161.983,58.488,1,-1,-1,-1
65,1,2.208,130.774,27.117,26.486,1,-1,-1,-1
65,3,139.365,186.808,151.086,86.403,1,-1,-1,-1
66,3,131.418,188.337,148.315,81.540,1,-1,-1,-1
66,5,196.059,119.691,161.983,58.488,1,-1,-1,-1
66,2,349.564,125.236,150.931,64.610,1,-1,-1,-1
66,1,2.021,130.923,27.086,26.380,1,-1,-1,-1
67,5,198.431,118.151,158.112,60.114,1,-1,-1,-1
67,2,349.965,125.144,149.654,64.669,1,-1,-1,-1
67,3,122.354,190.602,146.427,76.650,1,-1,-1,-1
67,6,87.056,131.499,78.598,45.103,1,-1,-1,-1
67,1,1.976,130.965,27.086,26.380,1,-1,-1,-1
68,5,199.253,118.772,158.403,59.372,1,-1,-1,-1
68,2,349.898,124.675,149.488,65.325,1,-1,-1,-1
68,3,107.663,192.244,135.598,73.437,1,-1,-1,-1
68,6,88.213,131.591,77.585,43.090,1,-1,-1,-1
68,1,1.882,130.264,28.479,27.590,1,-1,-1,-1
69,6,90.486,131.858,73.330,40.637,1,-1,-1,-1
69,3,99.851,194.759,131.821,69.328,1,-1,-1,-1
69,1,1.811,130.333,28.280,27.227,1,-1,-1,-1
69,5,199.957,118.738,158.403,59.372,1,-1,-1,-1
69,2,350.218,124.997,148.842,65.429,1,-1,-1,-1
70,1,2.010,130.446,27.567,27.035,1,-1,-1,-1
70,6,91.422,132.105,71.744,39.952,1,-1,-1,-1
70,2,350.781,125.618,148.401,65.500,1,-1,-1,-1
70,5,193.816,119.420,160.375,61.096,1,-1,-1,-1
70,3,90.402,191.514,132.507,70.446,1,-1,-1,-1
71,2,351.583,126.884,147.325,64.838,1,-1,-1,-1
71,6,91.950,132.475,69.630,39.891,1,-1,-1,-1
71,5,193.272,120.357,161.146,59.809,1,-1,-1,-1
71,3,74.801,192.829,130.239,69.028,1,-1,-1,-1
71,1,2.199,130.483,26.541,27.096,1,-1,-1,-1
72,3,70.805,190.098,120.696,69.378,1,-1,-1,-1
72,6,90.133,130.683,69.260,38.791,1,-1,-1,-1
72,5,193.244,120.912,161.149,58.962,1,-1,-1,-1
72,1,2.498,130.117,25.946,27.546,1,-1,-1,-1
72,2,352.030,127.617,146.801,64.463,1,-1,-1,-1
73,6,93.866,132.001,68.288,39.709,1,-1,-1,-1
73,2,351.830,127.751,147.250,64.256,1,-1,-1,-1
73,3,64.908,188.341,112.504,69.666,1,-1,-1,-1
73,1,2.569,129.723,25.373,27.996,1,-1,-1,-1
73,5,193.781,120.927,161.225,58.690,1,-1,-1,-1
74,5,193.978,120.813,160.809,58.781,1,-1,-1,-1
74,3,47.312,189.168,114.930,68.899,1,-1,-1,-1
74,2,351.697,127.412,147.767,64.608,1,-1,-1,-1
74,1,2.576,129.296,24.872,28.300,1,-1,-1,-1
75,2,351.580,127.219,148.182,64.838,1,-1,-1,-1
75,5,193.607,120.675,161.793,59.184,1,-1,-1,-1
75,3,41.932,188.004,111.004,68.835,1,-1,-1,-1
75,1,2.354,129.059,24.583,27.484,1,-1,-1,-1
76,2,351.779,127.044,148.086,65.202,1,-1,-1,-1
76,5,193.663,120.157,161.186,60.653,1,-1,-1,-1
76,3,33.098,184.478,109.217,70.718,1,-1,-1,-1
76,1,1.928,128.626,25.040,27.240,1,-1,-1,-1
77,1,1.693,128.902,25.353,27.272,1,-1,-1,-1
77,3,28.585,180.311,103.883,73.263,1,-1,-1,-1
77,5,193.675,120.212,160.586,61.300,1,-1,-1,-1
77,2,352.208,127.402,147.484,64.963,1,-1,-1,-1
78,1,1.629,129.018,25.283,27.965,1,-1,-1,-1
78,5,193.802,119.976,159.880,61.830,1,-1,-1,-1
78,3,13.103,181.971,109.979,73.608,1,-1,-1,-1
78,2,352.654,127.688,146.858,64.786,1,-1,-1,-1
79,1,1.967,129.639,24.784,27.869,1,-1,-1,-1
79,3,22.639,190.839,81.348,61.470,1,-1,-1,-1
79,5,193.789,119.975,159.787,61.721,1,-1,-1,-1
79,2,352.876,127.768,146.524,64.745,1,-1,-1,-1
80,1,2.227,130.251,23.757,26.801,1,-1,-1,-1
80,3,24.091,190.614,70.760,59.371,1,-1,-1,-1
80,2,352.544,127.552,146.892,64.805,1,-1,-1,-1
80,5,194.059,119.149,160.135,61.887,1,-1,-1,-1
81,5,193.830,119.453,160.087,61.795,1,-1,-1,-1
81,2,352.367,127.106,147.040,65.111,1,-1,-1,-1
81,1,2.072,130.159,23.859,27.143,1,-1,-1,-1
81,3,21.967,189.954,65.298,58.743,1,-1,-1,-1
82,3,19.119,189.877,60.044,58.283,1,-1,-1,-1
82,2,352.020,126.929,147.422,65.170,1,-1,-1,-1
82,5,194.717,117.593,160.476,62.350,1,-1,-1,-1
82,1,1.949,130.279,23.859,27.143,1,-1,-1,-1
83,3,17.074,188.847,54.628,57.507,1,-1,-1,-1
83,2,352.019,126.600,147.505,65.600,1,-1,-1,-1
83,1,1.826,130.399,23.859,27.143,1,-1,-1,-1
83,5,194.829,117.412,160.327,62.577,1,-1,-1,-1
84,3,11.182,194.158,33.844,58.997,1,-1,-1,-1
84,2,351.720,126.109,147.854,66.264,1,-1,-1,-1
84,1,1.704,130.519,23.859,27.143,1,-1,-1,-1
84,5,194.474,117.382,160.326,62.837,1,-1,-1,-1
85,2,351.511,125.360,148.129,67.162,1,-1,-1,-1
85,5,194.275,117.107,160.185,63.311,1,-1,-1,-1
85,3,11.614,192.442,34.628,59.778,1,-1,-1,-1
85,1,1.581,130.639,23.859,27.143,1,-1,-1,-1
86,5,194.424,117.224,160.190,63.059,1,-1,-1,-1
86,1,1.458,130.759,23.859,27.143,1,-1,-1,-1
86,2,351.134,124.690,148.689,67.970,1,-1,-1,-1
87,5,194.435,117.203,160.190,63.059,1,-1,-1,-1
87,1,2.726,133.202,23.135,29.724,1,-1,-1,-1
87,2,350.975,124.493,149.044,68.195,1,-1,-1,-1
88,1,2.857,131.753,24.062,29.608,1,-1,-1,-1
88,5,194.447,117.181,160.190,63.059,1,-1,-1,-1
88,2,351.013,124.522,149.006,68.182,1,-1,-1,-1
89,5,194.458,117.160,160.190,63.059,1,-1,-1,-1
89,1,2.951,130.555,25.025,28.992,1,-1,-1,-1
89,2,351.162,124.698,148.848,67.952,1,-1,-1,-1
90,2,351.379,124.883,148.032,68.095,1,-1,-1,-1
90,1,3.079,129.837,25.631,28.158,1,-1,-1,-1
90,5,194.039,117.095,158.780,64.182,1,-1,-1,-1
91,2,351.571,125.101,147.282,68.126,1,-1,-1,-1
91,1,3.200,129.361,26.077,28.256,1,-1,-1,-1
91,5,194.784,117.036,157.820,64.384,1,-1,-1,-1
92,1,3.171,128.925,26.465,29.112,1,-1,-1,-1
92,5,194.626,117.649,157.894,64.082,1,-1,-1,-1
92,2,351.712,125.292,146.446,68.220,1,-1,-1,-1
93,2,351.638,125.453,146.453,67.930,1,-1,-1,-1
93,1,3.023,128.875,27.047,29.035,1,-1,-1,-1
93,5,194.512,117.973,157.894,64.082,1,-1,-1,-1
94,5,194.512,117.973,157.894,64.082,1,-1,-1,-1
94,1,2.889,128.793,27.114,29.061,1,-1,-1,-1
94,2,351.546,125.575,146.513,67.777,1,-1,-1,-1
95,5,194.512,117.973,157.894,64.082,1,-1,-1,-1
95,1,2.788,128.731,27.148,28.982,1,-1,-1,-1
95,2,351.365,125.725,146.784,67.603,1,-1,-1,-1
96,5,194.512,117.973,157.894,64.082,1,-1,-1,-1
96,1,2.766,128.606,27.237,28.885,1,-1,-1,-1
96,2,351.105,125.795,147.134,67.553,1,-1,-1,-1
97,2,350.774,125.819,147.540,67.503,1,-1,-1,-1
97,1,2.856,128.534,27.249,28.843,1,-1,-1,-1
97,5,194.934,117.223,157.563,64.416,1,-1,-1,-1
98,1,2.980,128.382,27.232,28.849,1,-1,-1,-1
98,5,194.736,117.548,157.438,64.027,1,-1,-1,-1
98,2,350.241,125.584,148.215,67.455,1,-1,-1,-1
99,1,2.948,128.409,27.195,28.701,1,-1,-1,-1
99,2,350.155,125.799,148.284,67.281,1,-1,-1,-1
99,5,194.750,117.633,157.243,63.923,1,-1,-1,-1
100,1,2.884,128.671,27.370,28.374,1,-1,-1,-1
100,2,350.966,125.706,147.140,66.651,1,-1,-1,-1
100,5,195.228,117.809,156.107,63.248,1,-1,-1,-1
101,2,351.765,125.609,146.129,66.235,1,-1,-1,-1
101,1,2.744,128.892,27.381,28.241,1,-1,-1,-1
101,5,195.681,117.774,155.397,63.142,1,-1,-1,-1
102,5,195.934,117.877,154.770,62.980,1,-1,-1,-1
102,1,2.642,129.056,27.571,28.241,1,-1,-1,-1
102,2,352.656,125.070,145.220,66.137,1,-1,-1,-1
103,2,352.640,124.970,145.469,66.336,1,-1,-1,-1
103,5,195.641,117.908,155.182,63.221,1,-1,-1,-1
103,1,2.495,128.994,27.605,28.354,1,-1,-1,-1
104,1,2.494,129.035,27.726,28.354,1,-1,-1,-1
104,2,352.848,125.034,145.276,66.465,1,-1,-1,-1
104,5,195.532,117.936,155.444,63.146,1,-1,-1,-1
105,1,2.416,128.958,27.768,28.365,1,-1,-1,-1
105,5,195.488,117.897,155.422,63.164,1,-1,-1,-1
105,2,352.578,125.077,145.656,66.415,1,-1,-1,-1
106,5,195.449,117.897,155.422,63.164,1,-1,-1,-1
106,2,352.410,125.082,145.983,66.448,1,-1,-1,-1
106,1,2.388,128.910,27.791,28.397,1,-1,-1,-1
107,5,195.411,117.897,155.422,63.164,1,-1,-1,-1
107,2,352.086,125.393,146.345,65.932,1,-1,-1,-1
107,1,2.403,128.850,27.805,28.408,1,-1,-1,-1
108,1,2.420,128.683,27.749,28.436,1,-1,-1,-1
108,5,195.373,117.896,155.422,63.164,1,-1,-1,-1
108,2,352.649,125.405,145.498,65.767,1,-1,-1,-1
109,5,195.334,117.896,155.422,63.164,1,-1,-1,-1
109,2,353.097,125.245,144.797,65.759,1,-1,-1,-1
109,1,2.413,128.541,27.738,28.481,1,-1,-1,-1
110,2,353.426,124.675,143.945,66.328,1,-1,-1,-1
110,5,196.424,117.802,154.219,62.764,1,-1,-1,-1
110,1,2.315,128.356,28.079,29.144,1,-1,-1,-1
111,2,352.944,124.472,144.225,66.665,1,-1,-1,-1
111,5,196.227,117.653,154.320,62.876,1,-1,-1,-1
111,1,2.203,128.452,28.553,29.761,1,-1,-1,-1
112,2,352.498,124.774,144.535,66.517,1,-1,-1,-1
112,5,198.134,116.956,153.890,63.166,1,-1,-1,-1
112,1,2.004,128.311,28.817,30.336,1,-1,-1,-1
113,5,198.134,116.956,153.890,63.166,1,-1,-1,-1
113,2,352.200,124.730,145.352,66.771,1,-1,-1,-1
113,1,1.841,128.487,28.507,29.768,1,-1,-1,-1
114,2,352.198,125.351,145.536,66.241,1,-1,-1,-1
114,5,196.572,117.687,157.667,62.179,1,-1,-1,-1
114,1,1.659,128.844,27.914,28.991,1,-1,-1,-1
115,1,1.565,129.493,27.549,28.353,1,-1,-1,-1
115,2,351.942,125.722,146.079,65.850,1,-1,-1,-1
115,5,196.327,117.864,158.449,61.968,1,-1,-1,-1
116,1,1.431,130.090,27.814,28.486,1,-1,-1,-1
116,2,351.752,126.498,146.187,64.924,1,-1,-1,-1
116,5,196.642,117.376,158.377,62.276,1,-1,-1,-1
117,5,196.901,117.236,158.377,62.276,1,-1,-1,-1
117,2,351.517,126.764,146.538,64.737,1,-1,-1,-1
117,1,1.478,130.368,28.546,29.130,1,-1,-1,-1
118,5,196.901,117.236,158.377,62.276,1,-1,-1,-1
118,7,3.636,207.202,75.215,92.007,1,-1,-1,-1
118,2,351.683,127.131,146.214,64.417,1,-1,-1,-1
118,1,1.356,130.671,29.547,29.391,1,-1,-1,-1
119,5,193.907,119.090,161.252,61.732,1,-1,-1,-1
119,1,1.316,130.810,30.229,29.239,1,-1,-1,-1
119,2,351.485,127.373,146.537,64.090,1,-1,-1,-1
119,7,3.034,206.521,82.123,95.254,1,-1,-1,-1
120,2,351.192,127.574,147.464,63.840,1,-1,-1,-1
120,7,3.994,207.861,88.147,94.038,1,-1,-1,-1
120,1,1.489,131.578,29.627,27.985,1,-1,-1,-1
120,5,193.758,120.519,160.580,60.690,1,-1,-1,-1
121,7,7.562,208.447,91.069,95.738,1,-1,-1,-1
121,5,193.677,121.446,159.898,60.123,1,-1,-1,-1
121,2,350.629,127.579,148.743,63.790,1,-1,-1,-1
121,1,1.790,131.700,28.873,27.134,1,-1,-1,-1
122,7,3.401,205.961,107.866,102.052,1,-1,-1,-1
122,2,350.660,127.740,149.079,63.966,1,-1,-1,-1
122,8,82.684,122.459,156.751,65.697,1,-1,-1,-1
122,1,1.809,131.505,28.110,26.774,1,-1,-1,-1
122,5,194.065,122.430,158.377,59.659,1,-1,-1,-1
123,1,1.647,130.601,28.008,27.245,1,-1,-1,-1
123,8,81.649,122.125,158.229,65.825,1,-1,-1,-1
123,2,350.463,127.834,149.041,63.862,1,-1,-1,-1
123,5,193.784,122.439,158.591,59.866,1,-1,-1,-1
123,7,5.732,206.856,115.217,102.163,1,-1,-1,-1
124,2,350.235,127.872,148.997,63.831,1,-1,-1,-1
124,1,1.564,130.244,27.440,27.470,1,-1,-1,-1
124,8,81.308,122.192,158.957,65.358,1,-1,-1,-1
124,7,7.238,208.170,121.995,101.863,1,-1,-1,-1
124,5,193.475,122.377,159.033,60.104,1,-1,-1,-1
125,2,349.897,127.882,149.056,63.403,1,-1,-1,-1
125,8,81.258,122.415,159.134,64.687,1,-1,-1,-1
125,1,1.885,130.315,26.557,27.353,1,-1,-1,-1
125,5,193.163,122.542,158.858,59.896,1,-1,-1,-1
125,7,18.923,211.746,124.341,98.671,1,-1,-1,-1
126,7,20.131,212.784,133.140,100.497,1,-1,-1,-1
126,2,349.665,127.771,149.077,63.124,1,-1,-1,-1
126,8,81.404,122.822,158.965,63.954,1,-1,-1,-1
126,1,1.986,130.397,26.092,27.306,1,-1,-1,-1
126,5,193.320,122.625,158.539,59.669,1,-1,-1,-1
127,7,21.654,213.293,143.321,104.263,1,-1,-1,-1
127,8,81.517,123.246,158.659,63.819,1,-1,-1,-1
127,1,2.209,130.327,26.127,27.823,1,-1,-1,-1
127,5,193.464,122.797,157.945,59.562,1,-1,-1,-1
127,2,349.456,127.659,149.180,63.202,1,-1,-1,-1
128,7,19.901,213.496,156.345,108.758,1,-1,-1,-1
128,8,81.854,123.825,158.588,63.224,1,-1,-1,-1
128,5,193.666,122.897,158.005,59.549,1,-1,-1,-1
128,2,349.271,127.538,149.437,63.579,1,-1,-1,-1
128,1,2.292,130.083,26.351,28.246,1,-1,-1,-1
129,2,349.229,127.588,149.578,63.896,1,-1,-1,-1
129,1,2.407,129.881,26.728,28.502,1,-1,-1,-1
129,5,192.763,123.173,159.327,59.519,1,-1,-1,-1
129,8,81.988,124.241,158.505,62.767,1,-1,-1,-1
129,7,17.959,214.224,168.439,110.872,1,-1,-1,-1
130,7,38.030,215.355,159.226,112.565,1,-1,-1,-1
130,1,2.265,129.574,26.891,28.923,1,-1,-1,-1
130,8,83.332,123.335,155.495,63.656,1,-1,-1,-1
130,2,349.865,127.917,148.695,63.379,1,-1,-1,-1
130,5,193.163,123.289,159.315,59.343,1,-1,-1,-1
131,5,193.277,123.338,159.654,59.190,1,-1,-1,-1
131,7,33.727,215.823,173.821,114.213,1,-1,-1,-1
131,1,1.980,129.463,27.193,29.345,1,-1,-1,-1
131,8,83.890,122.433,153.473,65.018,1,-1,-1,-1
131,2,350.529,128.249,147.772,62.889,1,-1,-1,-1
132,5,194.218,123.431,158.969,58.934,1,-1,-1,-1
132,1,1.984,129.383,26.968,30.098,1,-1,-1,-1
132,7,30.180,217.442,190.071,114.073,1,-1,-1,-1
132,2,351.311,128.565,146.573,62.361,1,-1,-1,-1
132,8,91.472,129.520,69.065,46.067,1,-1,-1,-1
133,5,194.368,123.431,159.189,58.732,1,-1,-1,-1
133,7,34.226,219.004,194.820,112.820,1,-1,-1,-1
133,1,2.086,129.470,26.876,30.185,1,-1,-1,-1
133,8,91.672,129.869,68.597,46.184,1,-1,-1,-1
133,2,351.664,128.608,146.017,62.376,1,-1,-1,-1
134,7,38.277,218.826,197.728,114.971,1,-1,-1,-1
134,5,194.191,123.586,159.681,58.903,1,-1,-1,-1
134,1,2.298,129.557,26.889,29.976,1,-1,-1,-1
134,2,351.566,128.455,145.990,62.518,1,-1,-1,-1
134,8,91.758,130.171,68.217,46.440,1,-1,-1,-1
135,2,351.627,128.315,145.706,62.513,1,-1,-1,-1
135,8,90.815,129.787,69.908,46.643,1,-1,-1,-1
135,5,193.303,123.091,161.146,59.610,1,-1,-1,-1
135,1,2.295,129.472,27.438,29.574,1,-1,-1,-1
135,7,57.363,217.100,191.822,121.159,1,-1,-1,-1
136,5,191.991,122.867,163.230,60.406,1,-1,-1,-1
136,1,2.408,129.421,28.113,29.325,1,-1,-1,-1
136,7,53.124,220.265,206.460,129.104,1,-1,-1,-1
136,2,351.574,128.352,145.637,62.353,1,-1,-1,-1
136,8,89.666,129.432,72.008,46.515,1,-1,-1,-1
137,2,352.063,128.585,144.722,61.963,1,-1,-1,-1
137,5,191.960,121.897,163.873,60.974,1,-1,-1,-1
137,8,89.500,128.712,73.408,47.047,1,-1,-1,-1
137,7,56.848,220.524,210.102,129.836,1,-1,-1,-1
137,1,2.473,129.128,28.504,29.585,1,-1,-1,-1
138,2,352.219,128.944,144.100,61.455,1,-1,-1,-1
138,7,63.547,223.388,209.219,126.267,1,-1,-1,-1
138,1,2.546,129.021,28.444,29.619,1,-1,-1,-1
138,5,191.648,121.540,164.196,61.189,1,-1,-1,-1
139,7,72.396,224.697,203.215,125.189,1,-1,-1,-1
139,2,352.365,129.133,143.755,61.368,1,-1,-1,-1
139,1,2.404,128.965,28.279,29.583,1,-1,-1,-1
139,5,191.097,121.207,164.721,61.324,1,-1,-1,-1
140,2,351.796,128.946,145.602,61.868,1,-1,-1,-1
140,5,190.354,120.960,166.213,61.385,1,-1,-1,-1
140,7,77.700,225.721,200.068,124.795,1,-1,-1,-1
140,1,2.546,129.118,28.025,28.960,1,-1,-1,-1
141,5,191.000,120.481,165.924,61.970,1,-1,-1,-1
141,7,87.028,221.407,212.709,136.120,1,-1,-1,-1
141,2,351.268,128.455,147.656,62.792,1,-1,-1,-1
141,1,2.776,129.345,27.760,28.359,1,-1,-1,-1
142,5,193.173,119.678,163.641,62.805,1,-1,-1,-1
142,7,86.831,222.661,219.970,135.135,1,-1,-1,-1
142,1,3.057,129.718,27.478,27.646,1,-1,-1,-1
142,2,351.204,127.877,148.401,63.533,1,-1,-1,-1
143,7,94.795,226.781,217.280,130.019,1,-1,-1,-1
143,5,194.195,119.264,161.701,64.108,1,-1,-1,-1
143,1,3.040,130.076,27.510,27.213,1,-1,-1,-1
143,2,351.704,127.550,147.426,63.917,1,-1,-1,-1
144,7,103.871,228.320,211.625,127.348,1,-1,-1,-1
144,5,194.237,120.078,161.849,63.341,1,-1,-1,-1
144,1,2.989,130.241,27.572,26.836,1,-1,-1,-1
144,2,352.638,127.622,146.129,63.939,1,-1,-1,-1
145,5,194.432,120.327,161.849,63.341,1,-1,-1,-1
145,7,112.124,229.843,205.955,126.524,1,-1,-1,-1
145,1,2.984,130.299,27.435,26.354,1,-1,-1,-1
145,2,352.968,127.559,146.179,64.091,1,-1,-1,-1
146,5,194.628,120.576,161.849,63.341,1,-1,-1,-1
146,1,3.007,130.400,27.524,26.309,1,-1,-1,-1
146,7,118.889,229.972,218.305,133.234,1,-1,-1,-1
146,2,352.467,127.422,147.648,64.093,1,-1,-1,-1
147,5,194.823,120.825,161.849,63.341,1,-1,-1,-1
147,1,2.985,130.691,27.754,26.281,1,-1,-1,-1
147,7,121.257,231.641,223.230,135.430,1,-1,-1,-1
147,2,351.358,126.929,149.806,64.209,1,-1,-1,-1
148,1,2.980,130.859,28.024,26.508,1,-1,-1,-1
148,7,123.558,225.740,232.737,138.875,1,-1,-1,-1
148,2,350.055,126.569,152.137,64.177,1,-1,-1,-1
148,5,192.716,119.336,162.925,65.835,1,-1,-1,-1
149,2,349.771,125.910,152.789,64.653,1,-1,-1,-1
149,7,128.648,225.733,235.883,142.468,1,-1,-1,-1
149,5,193.338,120.566,162.794,64.916,1,-1,-1,-1
149,1,2.930,130.721,27.937,26.471,1,-1,-1,-1
150,1,2.610,130.271,27.997,26.731,1,-1,-1,-1
150,2,349.233,126.011,153.179,64.267,1,-1,-1,-1
150,5,192.608,119.134,162.095,65.156,1,-1,-1,-1
150,7,134.402,226.776,236.290,143.335,1,-1,-1,-1
151,1,2.277,129.947,28.040,26.950,1,-1,-1,-1
151,2,349.891,126.178,151.419,64.028,1,-1,-1,-1
151,5,192.808,119.592,162.127,65.047,1,-1,-1,-1
151,7,142.001,227.774,239.282,146.310,1,-1,-1,-1
152,5,192.950,119.663,159.297,64.019,1,-1,-1,-1
152,7,147.074,229.570,245.289,146.625,1,-1,-1,-1
152,2,349.761,126.717,150.830,63.440,1,-1,-1,-1
152,1,2.057,129.937,28.174,27.022,1,-1,-1,-1
153,5,192.709,120.056,159.336,63.340,1,-1,-1,-1
153,7,153.257,233.313,251.498,145.494,1,-1,-1,-1
153,2,350.346,127.050,149.662,63.341,1,-1,-1,-1
153,1,2.056,130.138,28.316,26.927,1,-1,-1,-1
154,5,192.281,120.642,159.949,62.697,1,-1,-1,-1
154,2,349.234,126.883,151.789,63.533,1,-1,-1,-1
154,7,156.165,236.269,258.099,143.839,1,-1,-1,-1
154,1,2.135,130.479,28.124,26.880,1,-1,-1,-1
155,5,192.897,120.641,158.998,62.837,1,-1,-1,-1
155,1,2.008,130.349,28.251,27.261,1,-1,-1,-1
155,7,154.587,236.686,270.534,145.761,1,-1,-1,-1
155,2,348.681,126.254,152.912,64.163,1,-1,-1,-1
156,1,1.905,129.882,28.218,27.872,1,-1,-1,-1
156,7,186.022,232.912,245.812,152.742,1,-1,-1,-1
156,2,347.685,125.425,154.617,64.858,1,-1,-1,-1
156,5,192.728,120.366,159.046,63.526,1,-1,-1,-1
157,7,187.543,231.685,262.832,159.105,1,-1,-1,-1
157,2,348.062,124.948,153.921,65.311,1,-1,-1,-1
157,1,1.758,129.107,28.478,28.507,1,-1,-1,-1
157,5,192.178,119.786,159.605,64.120,1,-1,-1,-1
158,1,1.786,128.788,28.420,28.987,1,-1,-1,-1
158,5,190.986,119.925,161.442,64.194,1,-1,-1,-1
158,7,192.579,230.994,277.233,163.209,1,-1,-1,-1
158,2,348.937,125.480,152.644,64.433,1,-1,-1,-1
159,2,349.493,125.300,152.136,64.506,1,-1,-1,-1
159,1,1.988,128.809,28.394,29.409,1,-1,-1,-1
159,5,190.836,119.757,162.015,64.316,1,-1,-1,-1
159,7,197.205,246.592,293.286,151.388,1,-1,-1,-1
160,1,2.291,128.462,28.464,29.665,1,-1,-1,-1
160,5,190.587,119.926,161.949,64.268,1,-1,-1,-1
160,2,349.077,124.090,153.553,65.679,1,-1,-1,-1
160,7,204.775,247.019,301.517,151.542,1,-1,-1,-1
161,1,2.474,128.212,28.287,29.450,1,-1,-1,-1
161,5,190.411,120.014,161.949,64.268,1,-1,-1,-1
161,2,348.207,122.842,155.480,67.406,1,-1,-1,-1
161,7,226.170,243.586,309.887,162.275,1,-1,-1,-1
162,5,193.399,116.356,162.372,64.116,1,-1,-1,-1
162,1,2.473,127.951,28.169,28.987,1,-1,-1,-1
162,7,235.567,241.132,312.328,171.471,1,-1,-1,-1
162,2,347.504,122.020,157.036,68.276,1,-1,-1,-1
163,7,246.960,241.457,322.711,176.709,1,-1,-1,-1
163,1,2.559,128.260,27.843,28.759,1,-1,-1,-1
163,2,347.286,122.935,157.506,67.238,1,-1,-1,-1
163,5,192.570,116.057,162.293,64.208,1,-1,-1,-1
164,7,253.652,243.410,342.647,182.692,1,-1,-1,-1
164,2,347.371,123.748,157.341,66.339,1,-1,-1,-1
164,5,192.774,114.980,162.293,64.208,1,-1,-1,-1
164,1,2.864,128.480,27.823,29.018,1,-1,-1,-1
165,5,189.710,119.667,164.818,61.682,1,-1,-1,-1
165,1,3.200,128.908,27.458,29.065,1,-1,-1,-1
165,2,347.150,124.485,157.642,65.837,1,-1,-1,-1
165,7,285.395,242.702,355.579,194.111,1,-1,-1,-1
166,5,189.689,119.751,164.649,61.749,1,-1,-1,-1
166,2,347.823,124.135,156.214,66.442,1,-1,-1,-1
166,7,294.822,242.965,369.888,202.390,1,-1,-1,-1
166,1,3.084,129.042,27.395,29.275,1,-1,-1,-1
167,7,300.405,248.838,394.059,199.993,1,-1,-1,-1
167,2,347.974,124.036,155.344,66.331,1,-1,-1,-1
167,5,189.413,120.224,165.185,61.448,1,-1,-1,-1
167,1,2.888,129.217,27.274,29.059,1,-1,-1,-1
168,7,338.849,252.623,406.612,209.990,1,-1,-1,-1
168,5,190.275,120.123,163.992,61.182,1,-1,-1,-1
168,2,349.193,124.101,152.895,66.078,1,-1,-1,-1
168,1,2.515,129.452,27.325,28.494,1,-1,-1,-1
169,2,349.336,125.015,152.303,64.817,1,-1,-1,-1
169,1,2.228,129.947,27.297,27.471,1,-1,-1,-1
169,5,190.758,120.131,163.396,61.106,1,-1,-1,-1
169,7,346.662,260.783,433.419,209.620,1,-1,-1,-1
170,1,2.086,130.913,27.717,26.414,1,-1,-1,-1
170,5,191.047,119.563,163.492,62.053,1,-1,-1,-1
170,2,349.309,126.488,152.736,63.284,1,-1,-1,-1
170,7,400.049,265.366,429.445,214.650,1,-1,-1,-1
171,7,410.066,249.895,458.076,259.242,1,-1,-1,-1
171,2,348.861,128.062,153.609,61.718,1,-1,-1,-1
171,1,2.140,131.602,27.859,25.915,1,-1,-1,-1
171,5,190.366,119.478,164.855,62.720,1,-1,-1,-1
172,5,189.832,119.217,165.889,63.200,1,-1,-1,-1
172,2,348.840,129.195,153.768,60.535,1,-1,-1,-1
172,1,2.407,132.439,27.920,25.479,1,-1,-1,-1
172,7,446.369,254.935,470.666,266.099,1,-1,-1,-1
173,2,349.290,128.974,152.878,60.865,1,-1,-1,-1
173,1,2.509,132.555,27.908,25.475,1,-1,-1,-1
173,7,468.193,250.569,489.142,283.703,1,-1,-1,-1
173,5,189.812,119.011,165.365,62.941,1,-1,-1,-1
174,5,189.897,119.255,165.390,62.925,1,-1,-1,-1
174,2,349.465,128.190,152.553,61.770,1,-1,-1,-1
174,1,2.597,132.589,28.574,25.694,1,-1,-1,-1
174,7,534.052,258.887,501.738,294.193,1,-1,-1,-1
175,7,558.592,264.147,544.191,307.243,1,-1,-1,-1
175,1,2.638,132.217,29.216,26.065,1,-1,-1,-1
175,2,349.390,127.806,152.664,62.369,1,-1,-1,-1
175,5,189.894,119.319,165.390,62.925,1,-1,-1,-1
176,7,614.019,278.951,612.723,307.043,1,-1,-1,-1
176,1,2.978,131.761,28.888,26.232,1,-1,-1,-1
176,2,349.210,127.690,152.999,62.448,1,-1,-1,-1
176,5,190.104,119.436,164.702,61.937,1,-1,-1,-1
177,7,660.768,296.280,602.713,302.004,1,-1,-1,-1
177,5,190.335,120.123,164.822,61.247,1,-1,-1,-1
177,1,3.620,131.566,28.335,25.718,1,-1,-1,-1
177,2,349.492,128.286,152.280,61.741,1,-1,-1,-1
178,2,350.097,128.242,150.863,61.906,1,-1,-1,-1
178,1,3.938,131.608,27.289,25.262,1,-1,-1,-1
178,7,727.524,289.046,677.674,312.658,1,-1,-1,-1
178,5,190.492,120.867,164.667,60.812,1,-1,-1,-1
179,1,4.081,131.939,27.221,25.173,1,-1,-1,-1
179,7,767.805,324.689,682.224,313.521,1,-1,-1,-1
179,2,350.841,128.356,149.339,61.981,1,-1,-1,-1
179,5,190.961,121.348,163.214,60.542,1,-1,-1,-1
180,9,1211.798,183.413,143.429,84.932,1,-1,-1,-1
180,1,3.302,131.933,27.769,25.843,1,-1,-1,-1
180,5,191.798,121.442,161.722,59.650,1,-1,-1,-1
180,2,352.135,127.765,148.021,62.854,1,-1,-1,-1
180,7,859.274,324.371,724.661,346.774,1,-1,-1,-1
181,9,1201.612,185.151,148.385,84.897,1,-1,-1,-1
181,1,2.983,131.810,28.290,26.344,1,-1,-1,-1
181,5,192.669,120.873,160.853,59.227,1,-1,-1,-1
181,7,907.869,326.807,707.110,361.433,1,-1,-1,-1
181,2,353.098,127.712,147.318,63.080,1,-1,-1,-1
182,7,1031.258,349.039,717.880,374.179,1,-1,-1,-1
182,2,353.883,127.516,146.618,63.494,1,-1,-1,-1
182,5,193.188,120.263,160.516,58.936,1,-1,-1,-1
182,9,1192.297,186.670,151.073,84.428,1,-1,-1,-1
182,1,2.948,131.632,27.181,26.138,1,-1,-1,-1
183,9,1183.763,187.325,154.705,86.649,1,-1,-1,-1
183,1,3.023,130.842,26.333,26.695,1,-1,-1,-1
183,5,193.370,119.770,160.438,59.637,1,-1,-1,-1
183,2,352.866,127.445,147.241,63.661,1,-1,-1,-1
183,7,1090.961,351.651,670.882,386.721,1,-1,-1,-1
184,9,1171.688,187.557,156.187,89.577,1,-1,-1,-1
184,1,3.194,130.347,25.423,27.268,1,-1,-1,-1
184,5,193.670,119.307,160.179,60.284,1,-1,-1,-1
184,2,351.764,127.164,147.972,64.023,1,-1,-1,-1
184,7,1197.524,374.758,687.218,399.867,1,-1,-1,-1
185,1,3.122,130.044,25.807,27.813,1,-1,-1,-1
185,2,350.961,126.532,148.266,64.816,1,-1,-1,-1
185,7,1282.004,391.862,607.864,382.262,1,-1,-1,-1
185,5,193.764,119.262,160.193,59.947,1,-1,-1,-1
185,9,1165.623,188.917,158.904,90.913,1,-1,-1,-1
186,7,1353.959,416.055,565.041,383.119,1,-1,-1,-1
186,5,193.898,119.051,160.193,59.947,1,-1,-1,-1
186,1,3.489,130.626,25.339,27.161,1,-1,-1,-1
186,9,1156.066,192.277,162.867,88.898,1,-1,-1,-1
186,2,350.725,126.027,148.394,65.410,1,-1,-1,-1
187,7,1447.280,437.211,471.720,381.341,1,-1,-1,-1
187,9,1147.920,194.146,165.333,89.067,1,-1,-1,-1
187,5,193.898,119.051,160.193,59.947,1,-1,-1,-1
187,1,3.678,130.887,25.637,26.702,1,-1,-1,-1
187,2,350.584,125.842,148.536,65.681,1,-1,-1,-1
188,9,1141.592,196.292,165.966,88.593,1,-1,-1,-1
188,5,194.384,119.022,159.160,60.256,1,-1,-1,-1
188,2,350.266,126.042,149.171,65.554,1,-1,-1,-1
188,7,1598.881,417.358,302.041,441.845,1,-1,-1,-1
188,1,3.648,130.794,25.853,26.726,1,-1,-1,-1
189,2,350.115,126.202,149.541,65.416,1,-1,-1,-1
189,1,3.701,130.729,25.937,26.828,1,-1,-1,-1
189,9,1131.321,193.894,162.500,96.781,1,-1,-1,-1
189,5,194.122,119.140,159.521,60.102,1,-1,-1,-1
190,2,350.066,126.596,149.440,64.844,1,-1,-1,-1
190,9,1124.742,194.188,164.487,96.662,1,-1,-1,-1
190,5,194.074,119.068,159.847,60.311,1,-1,-1,-1
190,1,3.558,130.484,26.095,26.979,1,-1,-1,-1
191,5,194.249,119.019,159.639,60.444,1,-1,-1,-1
191,2,349.832,126.946,149.458,64.207,1,-1,-1,-1
191,1,3.491,130.378,26.216,27.036,1,-1,-1,-1
191,9,1112.824,200.802,174.704,95.392,1,-1,-1,-1
192,1,3.395,130.025,26.486,27.991,1,-1,-1,-1
192,5,194.311,119.163,159.650,60.362,1,-1,-1,-1
192,2,349.749,127.540,149.459,63.041,1,-1,-1,-1
192,9,1105.321,203.417,177.519,91.983,1,-1,-1,-1
193,5,195.409,117.587,159.202,61.543,1,-1,-1,-1
193,1,3.469,129.869,26.705,28.814,1,-1,-1,-1
193,2,349.573,127.766,149.810,62.672,1,-1,-1,-1
193,9,1100.259,204.306,179.242,92.170,1,-1,-1,-1
194,2,349.540,128.146,149.938,62.207,1,-1,-1,-1
194,9,1096.986,202.975,180.183,95.873,1,-1,-1,-1
194,5,195.409,117.587,159.202,61.543,1,-1,-1,-1
194,1,3.639,129.624,26.876,29.736,1,-1,-1,-1
195,2,349.346,128.097,150.204,62.428,1,-1,-1,-1
195,5,195.869,117.021,158.349,62.267,1,-1,-1,-1
195,9,1077.962,195.649,196.267,109.423,1,-1,-1,-1
195,1,3.783,129.619,26.995,29.706,1,-1,-1,-1
196,2,349.423,128.132,150.342,62.584,1,-1,-1,-1
196,9,1076.245,197.140,194.136,107.363,1,-1,-1,-1
196,5,195.784,117.172,157.598,62.071,1,-1,-1,-1
196,1,3.826,129.766,26.803,29.618,1,-1,-1,-1
197,9,1075.330,200.390,190.709,102.681,1,-1,-1,-1
197,1,3.703,129.749,26.448,29.473,1,-1,-1,-1
197,2,349.552,128.123,150.598,62.701,1,-1,-1,-1
197,5,195.495,117.610,157.157,61.529,1,-1,-1,-1
198,1,3.573,129.747,26.070,29.168,1,-1,-1,-1
198,2,349.889,128.392,150.363,62.653,1,-1,-1,-1
198,9,1073.533,203.219,187.277,97.893,1,-1,-1,-1
198,5,195.717,117.440,157.206,61.681,1,-1,-1,-1
199,1,3.493,129.584,25.924,28.994,1,-1,-1,-1
199,2,349.958,128.525,150.255,62.505,1,-1,-1,-1
199,9,1071.300,204.979,186.268,95.351,1,-1,-1,-1
199,5,195.711,117.403,157.206,61.681,1,-1,-1,-1
200,1,3.473,129.629,25.932,28.899,1,-1,-1,-1
200,5,194.628,119.040,157.512,60.659,1,-1,-1,-1
200,10,1609.461,433.952,308.250,172.924,1,-1,-1,-1
200,2,349.697,127.278,150.971,63.473,1,-1,-1,-1
200,9,1067.904,205.679,186.485,94.416,1,-1,-1,-1
201,5,194.628,119.040,157.512,60.659,1,-1,-1,-1
201,10,1597.332,434.109,321.526,169.080,1,-1,-1,-1
201,2,349.114,126.000,151.917,64.136,1,-1,-1,-1
201,9,1064.382,205.945,188.908,94.822,1,-1,-1,-1
201,1,3.530,129.659,25.961,28.791,1,-1,-1,-1
202,5,194.550,119.044,157.520,60.811,1,-1,-1,-1
202,10,1580.440,430.517,339.175,169.600,1,-1,-1,-1
202,2,348.463,124.740,153.098,64.765,1,-1,-1,-1
202,9,1061.631,206.450,190.090,94.464,1,-1,-1,-1
202,1,3.586,129.611,26.065,28.692,1,-1,-1,-1
203,5,196.040,117.487,155.449,62.205,1,-1,-1,-1
203,1,3.709,129.397,26.184,28.783,1,-1,-1,-1
203,10,1558.942,429.285,359.470,168.531,1,-1,-1,-1
203,2,348.190,124.862,152.835,64.313,1,-1,-1,-1
203,9,1060.308,206.631,190.136,94.636,1,-1,-1,-1
204,10,1535.946,418.284,377.054,177.954,1,-1,-1,-1
204,5,195.976,117.115,156.112,62.617,1,-1,-1,-1
204,2,348.248,124.610,152.448,64.433,1,-1,-1,-1
204,1,3.665,129.127,26.458,29.215,1,-1,-1,-1
204,9,1059.841,206.345,189.376,95.136,1,-1,-1,-1
205,1,3.534,129.032,26.572,29.380,1,-1,-1,-1
205,9,1059.124,206.209,189.799,95.163,1,-1,-1,-1
205,5,196.110,117.107,156.108,62.496,1,-1,-1,-1
205,2,348.666,124.818,151.577,64.400,1,-1,-1,-1
205,10,1518.058,410.217,390.096,183.672,1,-1,-1,-1
206,9,1058.267,206.090,191.009,95.179,1,-1,-1,-1
206,2,349.076,124.914,151.485,64.388,1,-1,-1,-1
206,10,1469.410,396.953,422.712,191.744,1,-1,-1,-1
206,1,3.333,129.025,26.765,29.343,1,-1,-1,-1
206,5,195.571,117.401,156.458,62.417,1,-1,-1,-1
207,1,3.220,129.068,26.841,29.097,1,-1,-1,-1
207,9,1057.923,205.860,191.881,95.509,1,-1,-1,-1
207,2,349.394,125.420,151.458,64.133,1,-1,-1,-1
207,5,195.065,117.671,156.674,62.390,1,-1,-1,-1
207,10,1446.879,391.489,425.867,196.204,1,-1,-1,-1
208,1,3.337,129.036,27.076,29.173,1,-1,-1,-1
208,2,349.313,125.390,151.680,64.034,1,-1,-1,-1
208,9,1057.883,205.700,191.805,95.663,1,-1,-1,-1
208,10,1435.787,385.717,413.824,197.700,1,-1,-1,-1
209,2,349.110,125.352,151.677,63.901,1,-1,-1,-1
209,10,1375.652,380.762,430.348,192.735,1,-1,-1,-1
209,9,1057.824,205.507,191.817,95.965,1,-1,-1,-1
209,1,3.422,129.160,27.047,29.212,1,-1,-1,-1
210,9,1057.975,205.710,190.906,95.826,1,-1,-1,-1
210,10,1336.383,382.278,399.007,179.652,1,-1,-1,-1
210,1,3.526,129.732,26.997,28.874,1,-1,-1,-1
210,2,349.348,126.037,151.761,63.671,1,-1,-1,-1
211,9,1057.926,205.762,190.429,95.851,1,-1,-1,-1
211,2,349.633,126.512,151.912,63.741,1,-1,-1,-1
211,1,3.458,130.228,26.871,28.561,1,-1,-1,-1
211,10,1309.926,370.799,407.439,168.687,1,-1,-1,-1
212,1,3.458,130.608,26.852,28.274,1,-1,-1,-1
212,10,1265.926,363.744,378.428,166.463,1,-1,-1,-1
212,2,349.896,126.943,152.225,63.942,1,-1,-1,-1
212,9,1058.077,205.776,189.904,95.986,1,-1,-1,-1
213,1,3.453,130.392,26.932,28.741,1,-1,-1,-1
213,9,1058.337,205.538,190.052,96.376,1,-1,-1,-1
213,2,349.186,126.377,153.391,64.205,1,-1,-1,-1
213,10,1233.693,360.113,405.652,165.567,1,-1,-1,-1
214,9,1058.854,205.301,189.724,97.328,1,-1,-1,-1
214,2,348.390,125.852,154.563,64.219,1,-1,-1,-1
214,10,1177.489,352.477,398.195,161.379,1,-1,-1,-1
214,1,3.453,130.338,26.963,28.883,1,-1,-1,-1
215,9,1059.006,205.161,189.594,98.173,1,-1,-1,-1
215,1,3.433,130.283,27.048,28.973,1,-1,-1,-1
215,10,1157.338,343.981,401.753,165.719,1,-1,-1,-1
215,2,347.527,125.256,155.982,64.537,1,-1,-1,-1
216,10,1094.608,333.159,405.609,168.571,1,-1,-1,-1
216,9,1058.736,205.316,189.669,98.629,1,-1,-1,-1
216,1,3.449,130.458,27.200,28.527,1,-1,-1,-1
216,2,347.266,124.911,156.354,65.059,1,-1,-1,-1
217,9,1059.034,206.127,188.819,97.399,1,-1,-1,-1
217,10,1080.905,327.193,393.006,169.159,1,-1,-1,-1
217,1,3.461,130.656,27.275,28.209,1,-1,-1,-1
217,2,347.827,126.154,155.292,64.029,1,-1,-1,-1
218,2,348.196,126.968,154.300,63.300,1,-1,-1,-1
218,10,1028.489,323.695,380.692,158.210,1,-1,-1,-1
218,11,196.320,119.861,157.305,59.689,1,-1,-1,-1
218,9,1059.587,206.329,187.378,97.448,1,-1,-1,-1
218,1,3.475,130.890,27.265,27.827,1,-1,-1,-1
219,2,348.459,127.534,153.689,62.738,1,-1,-1,-1
219,9,1059.973,206.249,186.440,98.218,1,-1,-1,-1
219,10,961.999,324.455,385.704,147.536,1,-1,-1,-1
219,11,195.881,120.287,158.244,59.261,1,-1,-1,-1
219,1,3.422,131.160,27.082,27.479,1,-1,-1,-1
220,1,3.142,131.063,26.889,27.456,1,-1,-1,-1
220,11,195.438,119.862,158.495,59.404,1,-1,-1,-1
220,10,953.140,305.265,367.466,147.247,1,-1,-1,-1
220,2,348.603,126.592,153.615,63.892,1,-1,-1,-1
220,9,1058.473,204.548,187.917,102.185,1,-1,-1,-1
221,1,2.878,131.001,26.793,27.479,1,-1,-1,-1
221,10,898.486,297.246,348.476,149.359,1,-1,-1,-1
221,11,195.138,119.348,157.946,59.795,1,-1,-1,-1
221,2,349.344,126.126,152.657,64.755,1,-1,-1,-1
221,9,1057.189,203.799,189.006,103.873,1,-1,-1,-1
222,10,849.121,295.133,325.605,145.489,1,-1,-1,-1
222,1,2.582,130.838,26.697,27.606,1,-1,-1,-1
222,2,350.085,125.623,151.578,65.511,1,-1,-1,-1
222,9,1054.547,203.424,192.285,104.007,1,-1,-1,-1
223,1,2.481,131.077,26.887,27.458,1,-1,-1,-1
223,2,350.593,125.808,150.518,64.766,1,-1,-1,-1
223,9,1054.311,204.131,193.041,101.236,1,-1,-1,-1
223,10,819.146,292.227,343.748,142.527,1,-1,-1,-1
224,10,767.430,286.097,330.170,142.175,1,-1,-1,-1
224,9,1053.601,205.161,194.684,97.966,1,-1,-1,-1
224,2,350.239,125.968,150.859,63.656,1,-1,-1,-1
224,1,2.335,131.128,26.991,27.213,1,-1,-1,-1
225,1,2.269,131.335,26.963,26.934,1,-1,-1,-1
225,10,739.452,278.238,346.139,144.129,1,-1,-1,-1
225,2,349.628,126.242,151.685,62.529,1,-1,-1,-1
225,9,1053.851,204.723,193.876,97.737,1,-1,-1,-1
226,1,2.284,131.484,26.745,26.647,1,-1,-1,-1
226,10,688.832,276.992,327.176,132.846,1,-1,-1,-1
226,2,348.830,125.784,153.225,62.857,1,-1,-1,-1
226,9,1053.419,204.397,193.353,98.333,1,-1,-1,-1
227,2,348.599,125.414,154.100,63.478,1,-1,-1,-1
227,10,661.318,269.462,343.098,135.641,1,-1,-1,-1
227,1,2.355,131.877,26.660,26.384,1,-1,-1,-1
227,9,1053.382,202.945,192.031,101.550,1,-1,-1,-1
228,2,348.930,125.091,153.928,64.538,1,-1,-1,-1
228,10,620.904,267.441,308.322,122.708,1,-1,-1,-1
228,9,1053.495,203.341,191.343,101.585,1,-1,-1,-1
228,1,2.560,132.219,26.759,26.089,1,-1,-1,-1
229,9,1040.510,203.714,195.013,102.390,1,-1,-1,-1
229,1,2.503,132.321,27.029,26.166,1,-1,-1,-1
229,2,349.618,124.737,153.098,65.461,1,-1,-1,-1
229,10,554.858,248.970,326.391,119.379,1,-1,-1,-1
230,1,2.720,132.179,27.252,26.315,1,-1,-1,-1
230,9,1036.996,205.391,195.527,100.727,1,-1,-1,-1
230,2,350.469,124.873,151.828,65.559,1,-1,-1,-1
230,10,556.562,250.514,285.588,113.738,1,-1,-1,-1
231,2,350.933,124.925,151.183,65.316,1,-1,-1,-1
231,9,1033.810,207.069,193.572,99.612,1,-1,-1,-1
231,10,521.313,250.385,254.367,102.780,1,-1,-1,-1
231,1,2.791,131.858,27.527,26.636,1,-1,-1,-1
232,9,1029.726,207.959,193.435,99.600,1,-1,-1,-1
232,2,350.626,125.054,151.558,65.184,1,-1,-1,-1
232,10,487.917,236.223,284.454,121.725,1,-1,-1,-1
232,1,3.050,131.671,27.648,26.560,1,-1,-1,-1
233,9,1021.884,210.408,197.296,97.681,1,-1,-1,-1
233,2,349.496,124.542,153.235,65.548,1,-1,-1,-1
233,10,480.958,241.997,249.408,103.129,1,-1,-1,-1
233,1,3.052,131.529,27.787,26.707,1,-1,-1,-1
234,2,349.215,124.086,153.575,65.494,1,-1,-1,-1
234,9,1012.209,212.453,205.500,98.971,1,-1,-1,-1
234,1,2.948,131.209,27.831,26.638,1,-1,-1,-1
234,10,450.912,238.276,237.507,103.218,1,-1,-1,-1
235,1,3.087,130.734,27.896,27.334,1,-1,-1,-1
235,9,1000.146,214.214,203.266,103.147,1,-1,-1,-1
235,10,425.061,237.895,218.727,100.027,1,-1,-1,-1
235,2,349.633,123.570,153.181,65.184,1,-1,-1,-1
236,1,3.229,130.437,27.795,27.779,1,-1,-1,-1
236,9,986.407,218.236,218.652,100.324,1,-1,-1,-1
236,10,391.062,235.354,216.640,99.890,1,-1,-1,-1
236,2,351.014,123.324,151.312,64.785,1,-1,-1,-1
237,1,3.405,130.402,27.664,28.311,1,-1,-1,-1
237,10,365.694,225.647,199.589,97.509,1,-1,-1,-1
237,9,973.347,221.184,227.812,98.998,1,-1,-1,-1
237,2,351.477,123.507,150.994,64.184,1,-1,-1,-1
238,2,351.523,124.014,150.935,63.401,1,-1,-1,-1
238,9,965.080,222.294,228.447,101.990,1,-1,-1,-1
238,10,350.307,223.007,213.112,96.084,1,-1,-1,-1
238,1,3.371,130.644,27.476,28.003,1,-1,-1,-1
239,2,351.392,125.428,151.024,62.103,1,-1,-1,-1
239,9,949.476,222.688,222.841,108.777,1,-1,-1,-1
239,10,326.120,220.351,194.846,93.226,1,-1,-1,-1
239,12,194.325,115.034,159.792,62.896,1,-1,-1,-1
239,1,3.359,130.996,27.331,27.572,1,-1,-1,-1
240,12,194.901,117.502,158.714,60.967,1,-1,-1,-1
240,9,934.358,231.505,232.495,106.493,1,-1,-1,-1
240,10,305.575,218.340,170.411,90.153,1,-1,-1,-1
240,1,3.081,131.164,26.657,26.492,1,-1,-1,-1
240,2,350.094,126.697,152.362,60.878,1,-1,-1,-1
241,2,348.208,127.066,154.961,60.828,1,-1,-1,-1
241,10,296.557,216.508,169.762,88.760,1,-1,-1,-1
241,9,928.702,232.086,224.528,106.788,1,-1,-1,-1
241,1,2.786,131.058,26.024,25.729,1,-1,-1,-1
241,12,195.907,119.482,157.329,59.392,1,-1,-1,-1
242,1,2.456,131.070,25.384,24.786,1,-1,-1,-1
242,2,346.690,126.827,156.567,61.040,1,-1,-1,-1
242,9,903.883,232.028,232.756,111.413,1,-1,-1,-1
242,12,196.743,121.802,156.003,58.487,1,-1,-1,-1
242,10,272.778,214.761,157.595,88.057,1,-1,-1,-1
243,1,2.466,131.176,25.377,24.535,1,-1,-1,-1
243,12,196.051,123.029,156.807,58.005,1,-1,-1,-1
243,9,891.929,234.735,235.702,109.306,1,-1,-1,-1
243,2,346.460,126.369,156.739,61.638,1,-1,-1,-1
243,10,244.879,215.279,152.916,83.528,1,-1,-1,-1
244,12,194.405,123.758,158.462,58.380,1,-1,-1,-1
244,9,863.120,237.709,239.609,108.294,1,-1,-1,-1
244,2,347.521,127.098,155.080,61.140,1,-1,-1,-1
244,1,2.129,131.067,25.692,24.454,1,-1,-1,-1
244,10,239.292,211.256,144.001,85.348,1,-1,-1,-1
245,9,855.020,240.715,234.724,109.991,1,-1,-1,-1
245,1,1.693,130.525,26.107,25.071,1,-1,-1,-1
245,2,348.333,127.535,154.208,61.222,1,-1,-1,-1
245,10,213.773,211.994,143.246,81.821,1,-1,-1,-1
245,12,192.999,122.965,160.640,59.470,1,-1,-1,-1
246,10,206.487,210.615,135.658,80.452,1,-1,-1,-1
246,9,823.008,244.975,248.934,113.714,1,-1,-1,-1
246,2,349.846,128.176,152.467,61.121,1,-1,-1,-1
246,12,192.762,121.495,162.024,60.731,1,-1,-1,-1
246,1,1.464,130.230,26.278,25.498,1,-1,-1,-1
247,9,797.656,242.996,262.246,126.447,1,-1,-1,-1
247,2,350.654,128.308,151.449,61.007,1,-1,-1,-1
247,10,181.146,212.553,134.616,74.433,1,-1,-1,-1
247,12,192.095,120.901,163.964,60.831,1,-1,-1,-1
247,1,1.623,130.453,26.099,25.625,1,-1,-1,-1
248,12,192.017,120.727,163.871,61.053,1,-1,-1,-1
248,10,174.826,213.311,124.909,70.286,1,-1,-1,-1
248,1,1.752,130.916,26.018,25.482,1,-1,-1,-1
248,2,351.287,128.392,150.804,60.706,1,-1,-1,-1
248,9,774.534,244.388,270.918,126.948,1,-1,-1,-1
249,10,150.736,212.287,125.024,70.968,1,-1,-1,-1
249,2,351.284,128.360,150.862,60.389,1,-1,-1,-1
249,1,1.666,131.222,26.054,25.541,1,-1,-1,-1
249,12,191.207,121.063,164.058,60.692,1,-1,-1,-1
249,9,724.604,250.878,295.650,122.175,1,-1,-1,-1
250,2,351.439,128.740,150.525,59.844,1,-1,-1,-1
250,10,147.975,205.773,109.595,72.132,1,-1,-1,-1
250,12,192.507,120.747,161.854,61.028,1,-1,-1,-1
250,9,704.604,260.770,299.059,128.329,1,-1,-1,-1
250,1,1.628,131.511,26.419,26.069,1,-1,-1,-1
251,2,352.131,128.872,149.266,59.718,1,-1,-1,-1
251,10,136.323,204.097,112.343,68.656,1,-1,-1,-1
251,12,192.592,120.925,160.929,60.393,1,-1,-1,-1
251,13,87.859,130.808,73.674,45.828,1,-1,-1,-1
251,9,678.275,265.823,312.290,129.219,1,-1,-1,-1
251,1,1.821,131.450,26.298,26.374,1,-1,-1,-1
252,1,1.842,131.448,26.372,26.611,1,-1,-1,-1
252,9,638.094,268.958,309.991,139.094,1,-1,-1,-1
252,10,116.940,206.625,108.594,65.142,1,-1,-1,-1
252,2,352.616,128.365,148.361,60.110,1,-1,-1,-1
252,12,193.105,120.628,160.169,59.918,1,-1,-1,-1
252,13,88.275,131.177,73.900,45.511,1,-1,-1,-1
253,10,113.153,204.685,98.655,63.196,1,-1,-1,-1
253,2,352.962,127.666,147.768,60.830,1,-1,-1,-1
253,9,612.478,275.466,317.352,141.645,1,-1,-1,-1
253,12,193.125,121.146,159.194,58.556,1,-1,-1,-1
253,13,89.296,132.180,72.848,44.727,1,-1,-1,-1
253,1,1.776,131.278,26.233,26.427,1,-1,-1,-1
254,9,557.045,275.748,328.873,154.261,1,-1,-1,-1
254,2,352.448,126.908,148.532,61.332,1,-1,-1,-1
254,10,92.323,205.690,89.519,60.832,1,-1,-1,-1
254,12,194.295,121.096,157.387,58.303,1,-1,-1,-1
254,13,89.798,132.644,72.147,44.202,1,-1,-1,-1
254,1,1.513,131.075,26.493,26.682,1,-1,-1,-1
255,9,536.809,282.259,327.022,154.887,1,-1,-1,-1
255,12,194.774,121.583,155.910,58.087,1,-1,-1,-1
255,13,90.341,132.635,71.046,43.410,1,-1,-1,-1
255,10,79.100,204.193,100.365,63.628,1,-1,-1,-1
255,1,1.571,130.701,26.708,27.185,1,-1,-1,-1
255,2,352.221,126.948,148.691,61.148,1,-1,-1,-1
256,12,194.821,120.790,156.165,59.439,1,-1,-1,-1
256,9,480.251,288.130,329.495,162.995,1,-1,-1,-1
256,1,1.610,130.339,27.211,27.863,1,-1,-1,-1
256,2,352.189,127.188,148.745,60.807,1,-1,-1,-1
256,10,78.016,205.068,86.402,58.315,1,-1,-1,-1
256,13,89.622,131.650,71.641,43.292,1,-1,-1,-1
257,1,1.906,130.333,27.434,28.261,1,-1,-1,-1
257,10,57.589,206.390,84.814,54.092,1,-1,-1,-1
257,2,352.554,127.940,148.280,60.049,1,-1,-1,-1
257,12,194.787,120.315,156.592,60.222,1,-1,-1,-1
257,13,89.202,130.953,71.721,43.833,1,-1,-1,-1
257,9,457.140,296.349,334.674,165.348,1,-1,-1,-1
258,2,352.836,128.129,148.061,60.137,1,-1,-1,-1
258,10,50.792,204.688,83.146,55.413,1,-1,-1,-1
258,12,195.402,119.210,156.959,61.530,1,-1,-1,-1
258,9,380.397,309.812,365.322,184.795,1,-1,-1,-1
258,1,1.748,130.040,27.440,28.618,1,-1,-1,-1
259,2,352.808,127.742,148.488,60.304,1,-1,-1,-1
259,10,47.612,203.351,73.282,54.235,1,-1,-1,-1
259,9,351.913,315.181,383.396,187.247,1,-1,-1,-1
259,1,1.405,129.663,27.378,28.898,1,-1,-1,-1
260,9,302.042,315.665,376.376,199.167,1,-1,-1,-1
260,2,352.648,127.104,149.018,60.672,1,-1,-1,-1
260,10,44.927,201.518,69.075,54.382,1,-1,-1,-1
260,1,0.858,129.171,27.579,29.217,1,-1,-1,-1
