3,1,358.87,124.74,131.28,56.87,1,-1,-1,-1
3,2,82.93,124.84,118.40,58.34,1,-1,-1,-1
3,4,194.92,125.00,153.51,56.39,1,-1,-1,-1
3,5,-0.04,131.26,18.30,29.93,1,-1,-1,-1
3,6,20.23,123.63,37.89,27.28,1,-1,-1,-1
4,1,358.87,124.73,131.32,56.90,1,-1,-1,-1
4,2,82.76,124.66,118.85,58.57,1,-1,-1,-1
4,4,194.92,125.01,153.47,56.37,1,-1,-1,-1
4,5,0.02,131.52,18.21,29.78,1,-1,-1,-1
4,6,21.56,124.28,36.89,26.57,1,-1,-1,-1
5,1,358.93,124.78,131.13,56.81,1,-1,-1,-1
5,2,82.78,124.66,118.89,58.59,1,-1,-1,-1
5,4,194.96,124.88,154.09,56.60,1,-1,-1,-1
5,5,0.04,131.61,18.18,29.74,1,-1,-1,-1
5,6,21.98,124.51,36.57,26.34,1,-1,-1,-1
6,1,358.56,124.54,131.99,57.21,1,-1,-1,-1
6,2,83.49,125.24,117.32,57.80,1,-1,-1,-1
6,4,193.50,124.39,154.81,56.78,1,-1,-1,-1
6,5,-0.18,131.06,18.57,30.45,1,-1,-1,-1
6,6,24.03,124.55,36.11,26.12,1,-1,-1,-1
6,8,1567.67,377.26,334.42,216.43,1,-1,-1,-1
7,1,358.51,124.66,131.95,57.21,1,-1,-1,-1
7,2,83.93,125.73,116.22,57.23,1,-1,-1,-1
7,4,192.21,124.12,156.99,57.52,1,-1,-1,-1
7,5,-0.03,131.52,18.35,30.07,1,-1,-1,-1
7,6,23.74,124.56,36.68,26.62,1,-1,-1,-1
7,8,1534.32,367.57,384.59,249.28,1,-1,-1,-1
8,1,358.49,124.68,131.98,57.24,1,-1,-1,-1
8,2,84.86,127.17,113.83,55.95,1,-1,-1,-1
8,4,192.22,124.31,155.93,57.00,1,-1,-1,-1
8,5,0.04,131.76,18.23,29.88,1,-1,-1,-1
8,6,23.16,124.56,36.92,26.86,1,-1,-1,-1
8,8,1510.80,362.04,405.33,262.60,1,-1,-1,-1
9,1,358.43,124.74,131.98,57.26,1,-1,-1,-1
9,2,84.67,126.74,114.59,56.27,1,-1,-1,-1
9,4,192.20,124.36,155.92,56.85,1,-1,-1,-1
9,5,0.06,131.87,18.18,29.79,1,-1,-1,-1
9,6,23.08,124.63,36.86,26.89,1,-1,-1,-1
9,8,1497.96,358.52,411.24,265.58,1,-1,-1,-1
10,1,358.28,124.79,132.31,57.44,1,-1,-1,-1
10,2,82.86,124.66,119.20,58.68,1,-1,-1,-1
10,4,190.85,123.91,158.91,57.89,1,-1,-1,-1
10,5,-0.01,132.33,17.82,29.22,1,-1,-1,-1
10,6,24.02,124.85,36.28,26.54,1,-1,-1,-1
10,8,1485.48,351.98,420.82,270.82,1,-1,-1,-1
11,1,359.34,125.22,129.83,56.20,1,-1,-1,-1
11,2,82.36,123.93,120.34,59.37,1,-1,-1,-1
11,4,191.13,125.08,157.02,57.18,1,-1,-1,-1
11,5,0.27,130.26,18.85,30.79,1,-1,-1,-1
11,6,25.64,126.75,34.58,25.31,1,-1,-1,-1
11,8,1470.57,349.96,422.06,268.68,1,-1,-1,-1
12,1,359.63,125.39,129.15,55.76,1,-1,-1,-1
12,2,82.38,123.88,120.26,59.43,1,-1,-1,-1
12,4,191.32,125.55,156.32,56.89,1,-1,-1,-1
12,5,0.31,130.07,18.94,30.94,1,-1,-1,-1
12,6,26.12,127.09,34.31,25.12,1,-1,-1,-1
12,8,1455.27,345.53,434.82,276.80,1,-1,-1,-1
13,1,359.80,125.46,128.85,55.47,1,-1,-1,-1
13,2,84.12,126.94,114.57,56.41,1,-1,-1,-1
13,4,190.67,125.74,155.62,56.60,1,-1,-1,-1
13,5,-0.07,129.25,19.42,31.82,1,-1,-1,-1
13,6,26.95,127.90,32.82,24.14,1,-1,-1,-1
14,1,359.84,125.44,128.96,55.38,1,-1,-1,-1
14,2,90.23,123.50,114.97,56.59,1,-1,-1,-1
14,4,190.48,125.74,155.95,56.63,1,-1,-1,-1
14,5,-0.29,128.85,19.12,31.46,1,-1,-1,-1
14,6,25.47,128.64,33.37,24.78,1,-1,-1,-1
15,1,359.55,125.56,129.23,55.36,1,-1,-1,-1
15,2,91.08,123.27,114.66,56.44,1,-1,-1,-1
15,4,189.53,126.12,155.28,56.26,1,-1,-1,-1
15,5,-0.85,127.64,19.95,33.28,1,-1,-1,-1
15,6,26.92,130.47,30.94,23.11,1,-1,-1,-1
15,12,1343.72,326.10,514.53,256.93,1,-1,-1,-1
15,13,47.96,125.45,22.40,20.49,1,-1,-1,-1
16,1,359.43,125.58,129.47,55.35,1,-1,-1,-1
16,2,85.97,127.61,111.22,54.53,1,-1,-1,-1
16,4,189.63,126.27,155.16,56.07,1,-1,-1,-1
16,5,0.32,132.84,17.30,28.71,1,-1,-1,-1
16,6,26.70,130.24,31.13,23.44,1,-1,-1,-1
16,12,1311.62,323.51,512.28,255.44,1,-1,-1,-1
16,13,47.19,126.85,22.11,20.16,1,-1,-1,-1
17,1,359.28,125.52,129.86,55.43,1,-1,-1,-1
17,2,84.08,133.70,100.93,49.39,1,-1,-1,-1
17,4,189.49,126.16,155.82,56.22,1,-1,-1,-1
17,5,0.34,129.70,19.03,31.55,1,-1,-1,-1
17,6,33.15,130.12,28.46,21.68,1,-1,-1,-1
17,12,1281.61,315.82,514.57,256.24,1,-1,-1,-1
17,13,46.42,128.47,20.94,19.00,1,-1,-1,-1
18,1,359.12,125.53,130.50,55.66,1,-1,-1,-1
18,2,84.16,129.58,108.67,53.11,1,-1,-1,-1
18,4,190.09,126.10,155.82,56.09,1,-1,-1,-1
18,5,2.36,126.84,20.96,33.90,1,-1,-1,-1
18,6,30.88,131.98,27.78,21.28,1,-1,-1,-1
18,12,1250.35,309.89,512.60,254.90,1,-1,-1,-1
18,13,40.58,130.30,21.73,19.65,1,-1,-1,-1
19,1,359.05,125.50,130.76,55.72,1,-1,-1,-1
19,2,84.08,128.30,111.26,54.30,1,-1,-1,-1
19,4,190.37,126.12,155.73,55.92,1,-1,-1,-1
19,5,4.97,125.47,21.16,32.85,1,-1,-1,-1
19,6,33.04,132.23,25.67,19.80,1,-1,-1,-1
19,12,1223.52,310.25,497.02,246.28,1,-1,-1,-1
19,13,43.58,128.61,22.19,19.92,1,-1,-1,-1
20,1,358.96,125.47,130.98,55.78,1,-1,-1,-1
20,2,83.77,126.84,114.11,55.71,1,-1,-1,-1
20,4,190.39,126.16,155.89,55.85,1,-1,-1,-1
20,5,4.57,128.28,20.54,30.97,1,-1,-1,-1
20,6,32.84,131.00,26.16,20.42,1,-1,-1,-1
20,12,1198.19,304.62,485.73,239.69,1,-1,-1,-1
20,13,41.97,127.92,22.77,20.33,1,-1,-1,-1
21,1,358.79,125.48,130.84,55.64,1,-1,-1,-1
21,2,84.30,128.34,112.13,54.52,1,-1,-1,-1
21,4,193.00,125.94,154.25,55.52,1,-1,-1,-1
21,5,3.48,127.99,21.14,31.20,1,-1,-1,-1
21,6,30.21,128.98,28.22,22.12,1,-1,-1,-1
21,12,1172.42,298.10,478.54,235.04,1,-1,-1,-1
21,13,43.57,125.71,24.77,22.19,1,-1,-1,-1
21,19,0.40,137.56,16.04,23.70,1,-1,-1,-1
22,1,358.87,125.41,130.76,55.52,1,-1,-1,-1
22,2,83.96,128.37,113.88,55.24,1,-1,-1,-1
22,4,198.97,126.32,150.37,54.89,1,-1,-1,-1
22,5,3.61,127.11,21.50,30.85,1,-1,-1,-1
22,6,31.57,126.48,27.51,21.30,1,-1,-1,-1
22,12,1137.11,293.29,476.45,232.53,1,-1,-1,-1
22,13,44.80,124.90,24.46,22.06,1,-1,-1,-1
22,19,-1.10,134.76,17.97,26.75,1,-1,-1,-1
23,1,358.75,125.43,131.04,55.59,1,-1,-1,-1
23,2,83.89,129.49,112.16,54.25,1,-1,-1,-1
23,4,197.64,125.63,151.28,55.45,1,-1,-1,-1
23,5,5.86,128.22,21.34,29.27,1,-1,-1,-1
23,6,31.90,126.18,27.23,21.09,1,-1,-1,-1
23,12,1104.53,287.70,472.13,228.77,1,-1,-1,-1
23,13,43.94,124.49,24.41,22.06,1,-1,-1,-1
23,19,-0.46,132.89,18.55,27.65,1,-1,-1,-1
24,1,358.72,125.39,131.36,55.70,1,-1,-1,-1
24,2,83.81,129.85,111.74,53.90,1,-1,-1,-1
24,4,197.39,125.34,151.33,55.68,1,-1,-1,-1
24,5,5.63,129.12,20.52,27.46,1,-1,-1,-1
24,6,29.30,128.88,28.00,21.79,1,-1,-1,-1
24,12,1072.33,286.35,465.51,224.09,1,-1,-1,-1
24,13,40.82,126.33,24.72,22.00,1,-1,-1,-1
24,19,-0.34,133.79,17.98,26.91,1,-1,-1,-1
24,23,183.50,129.75,68.06,54.35,1,-1,-1,-1
25,1,358.99,125.31,131.44,55.74,1,-1,-1,-1
25,2,83.61,129.95,111.72,53.75,1,-1,-1,-1
25,4,193.87,125.53,153.25,56.41,1,-1,-1,-1
25,5,6.19,129.10,20.25,27.10,1,-1,-1,-1
25,6,28.36,129.12,28.95,22.70,1,-1,-1,-1
25,12,1038.18,281.22,462.59,221.21,1,-1,-1,-1
25,13,40.07,126.87,25.50,22.39,1,-1,-1,-1
25,19,-1.11,130.89,19.46,29.39,1,-1,-1,-1
25,23,183.56,129.83,67.96,54.27,1,-1,-1,-1
25,24,-7.20,125.15,38.43,23.40,1,-1,-1,-1
26,1,359.01,125.24,131.54,55.78,1,-1,-1,-1
26,2,82.89,134.48,102.81,49.42,1,-1,-1,-1
26,4,196.52,125.37,152.25,56.26,1,-1,-1,-1
26,6,29.74,128.94,29.44,23.20,1,-1,-1,-1
26,12,1007.66,276.08,450.75,213.40,1,-1,-1,-1
26,13,39.42,127.04,25.67,22.54,1,-1,-1,-1
26,19,-1.58,130.45,19.58,29.99,1,-1,-1,-1
26,23,184.14,130.02,67.48,53.87,1,-1,-1,-1
26,24,-9.42,124.71,41.81,25.45,1,-1,-1,-1
27,1,358.77,125.38,131.53,55.74,1,-1,-1,-1
27,2,83.11,136.21,99.25,47.64,1,-1,-1,-1
27,4,199.45,126.21,151.60,56.26,1,-1,-1,-1
27,6,26.00,128.47,31.73,25.07,1,-1,-1,-1
27,12,971.95,270.27,449.27,210.83,1,-1,-1,-1
27,19,-1.75,130.01,19.70,30.59,1,-1,-1,-1
27,23,183.62,131.77,65.07,51.96,1,-1,-1,-1
28,1,358.79,125.44,131.47,55.68,1,-1,-1,-1
28,2,82.34,136.74,98.33,47.26,1,-1,-1,-1
28,4,201.85,126.30,151.16,56.42,1,-1,-1,-1
28,6,25.64,128.45,32.03,25.31,1,-1,-1,-1
28,12,938.62,263.34,449.39,209.72,1,-1,-1,-1
28,13,34.91,124.38,28.98,25.18,1,-1,-1,-1
28,19,-1.62,128.14,20.64,32.42,1,-1,-1,-1
28,23,184.63,130.81,65.63,52.18,1,-1,-1,-1
29,1,358.62,125.48,131.61,55.71,1,-1,-1,-1
29,2,81.65,137.02,97.89,47.15,1,-1,-1,-1
29,4,198.07,126.48,150.29,55.62,1,-1,-1,-1
29,5,3.53,127.15,23.97,31.29,1,-1,-1,-1
29,12,911.07,259.45,440.81,204.23,1,-1,-1,-1
29,13,31.07,125.26,28.97,25.01,1,-1,-1,-1
29,19,-1.23,128.78,20.05,31.79,1,-1,-1,-1
29,23,136.56,123.60,72.47,55.26,1,-1,-1,-1
30,1,358.50,125.56,131.77,55.76,1,-1,-1,-1
30,2,79.12,137.12,96.87,47.14,1,-1,-1,-1
30,4,199.64,126.21,148.45,54.98,1,-1,-1,-1
30,5,1.53,125.28,25.54,33.21,1,-1,-1,-1
30,12,877.29,254.63,434.19,199.94,1,-1,-1,-1
30,13,33.15,125.87,28.41,24.43,1,-1,-1,-1
30,19,-1.18,129.43,19.36,31.04,1,-1,-1,-1
30,23,116.44,123.85,76.21,56.07,1,-1,-1,-1
31,1,358.00,125.45,132.89,56.31,1,-1,-1,-1
31,2,78.54,137.76,95.75,46.59,1,-1,-1,-1
31,4,197.03,126.44,148.63,54.54,1,-1,-1,-1
31,5,2.72,126.50,26.20,32.78,1,-1,-1,-1
31,12,846.38,247.10,434.55,199.50,1,-1,-1,-1
31,13,30.63,126.93,29.53,25.29,1,-1,-1,-1
31,19,-0.62,130.78,18.76,30.16,1,-1,-1,-1
31,23,102.60,123.57,82.51,58.55,1,-1,-1,-1
32,1,357.97,125.32,133.00,56.38,1,-1,-1,-1
32,4,195.34,126.53,149.37,54.33,1,-1,-1,-1
32,5,2.77,126.27,26.44,33.08,1,-1,-1,-1
32,6,24.17,123.94,37.01,28.77,1,-1,-1,-1
32,12,820.22,244.39,422.73,192.88,1,-1,-1,-1
32,13,29.56,127.07,29.89,25.60,1,-1,-1,-1
32,19,-0.37,130.84,18.70,30.11,1,-1,-1,-1
32,23,96.29,122.90,87.83,60.35,1,-1,-1,-1
33,1,358.38,125.25,132.50,56.17,1,-1,-1,-1
33,4,195.00,126.50,150.37,54.39,1,-1,-1,-1
33,6,26.05,125.02,34.94,27.33,1,-1,-1,-1
33,12,796.83,247.19,402.08,181.34,1,-1,-1,-1
33,19,-0.43,129.34,19.57,31.66,1,-1,-1,-1
33,23,93.75,122.93,90.90,60.59,1,-1,-1,-1
33,28,42.31,125.82,26.98,20.51,1,-1,-1,-1
34,1,358.36,125.10,132.47,56.19,1,-1,-1,-1
34,4,196.34,126.28,154.05,55.74,1,-1,-1,-1
34,6,24.51,123.61,36.87,28.58,1,-1,-1,-1
34,12,753.21,235.10,417.53,188.10,1,-1,-1,-1
34,19,-0.49,128.75,19.91,32.20,1,-1,-1,-1
34,23,92.76,123.01,93.52,60.75,1,-1,-1,-1
34,28,42.23,124.50,28.63,21.79,1,-1,-1,-1
35,1,357.60,124.95,132.41,56.18,1,-1,-1,-1
35,4,194.07,126.33,153.17,55.14,1,-1,-1,-1
35,6,24.98,124.80,36.16,27.94,1,-1,-1,-1
35,12,720.93,231.01,414.00,185.89,1,-1,-1,-1
35,23,91.86,123.02,95.84,60.81,1,-1,-1,-1
35,28,42.33,124.46,28.94,22.13,1,-1,-1,-1
36,1,357.19,124.88,132.51,56.26,1,-1,-1,-1
36,4,192.78,126.29,153.47,55.00,1,-1,-1,-1
36,6,27.58,126.69,33.50,25.94,1,-1,-1,-1
36,12,693.50,228.58,404.97,181.89,1,-1,-1,-1
36,23,91.12,123.00,98.06,60.89,1,-1,-1,-1
36,28,42.62,123.91,29.13,22.41,1,-1,-1,-1
37,1,358.07,124.93,132.34,56.22,1,-1,-1,-1
37,2,82.52,127.28,116.36,56.61,1,-1,-1,-1
37,4,192.62,126.41,152.88,54.59,1,-1,-1,-1
37,6,29.58,126.49,32.88,25.54,1,-1,-1,-1
37,12,660.21,225.93,397.18,177.86,1,-1,-1,-1
37,19,-0.10,129.51,19.21,31.08,1,-1,-1,-1
37,23,85.11,122.50,98.90,61.41,1,-1,-1,-1
37,28,42.49,125.65,27.69,21.47,1,-1,-1,-1
38,1,358.05,124.82,133.15,56.66,1,-1,-1,-1
38,2,82.52,127.08,116.61,56.68,1,-1,-1,-1
38,4,192.56,126.47,152.80,54.59,1,-1,-1,-1
38,6,29.86,126.45,32.88,25.54,1,-1,-1,-1
38,12,635.99,223.73,383.90,171.49,1,-1,-1,-1
38,13,22.01,124.82,34.77,29.13,1,-1,-1,-1
38,19,-0.10,130.06,18.93,30.67,1,-1,-1,-1
38,28,41.04,125.30,28.16,21.91,1,-1,-1,-1
39,1,358.33,125.30,132.36,56.33,1,-1,-1,-1
39,2,82.59,126.51,117.77,57.25,1,-1,-1,-1
39,4,197.81,126.19,150.62,54.05,1,-1,-1,-1
39,6,30.54,126.76,32.26,24.88,1,-1,-1,-1
39,12,601.75,218.70,384.71,172.36,1,-1,-1,-1
39,13,20.88,124.72,35.29,29.57,1,-1,-1,-1
39,19,0.02,129.99,19.00,30.74,1,-1,-1,-1
39,23,84.14,133.65,83.01,50.80,1,-1,-1,-1
39,28,42.47,126.80,26.66,20.76,1,-1,-1,-1
40,1,358.35,125.50,132.08,56.20,1,-1,-1,-1
40,2,88.39,122.38,116.70,57.05,1,-1,-1,-1
40,4,200.02,126.43,153.44,55.18,1,-1,-1,-1
40,6,31.50,128.54,30.59,23.63,1,-1,-1,-1
40,12,578.08,216.35,372.15,166.85,1,-1,-1,-1
40,19,-0.01,130.20,18.93,30.65,1,-1,-1,-1
40,23,83.57,135.90,80.26,48.56,1,-1,-1,-1
40,28,43.72,127.39,25.63,19.97,1,-1,-1,-1
41,1,358.83,125.54,131.60,56.03,1,-1,-1,-1
41,2,84.92,124.89,117.51,57.40,1,-1,-1,-1
41,4,199.69,126.10,151.38,54.61,1,-1,-1,-1
41,6,29.82,130.60,30.19,23.11,1,-1,-1,-1
41,12,557.26,214.15,357.43,160.34,1,-1,-1,-1
41,19,-0.32,129.75,19.23,31.31,1,-1,-1,-1
41,23,79.29,136.78,78.90,47.74,1,-1,-1,-1
41,28,40.83,127.96,27.50,21.27,1,-1,-1,-1
41,30,182.99,130.70,69.16,51.97,1,-1,-1,-1
42,1,359.05,125.55,131.38,55.96,1,-1,-1,-1
42,2,83.74,125.89,117.58,57.33,1,-1,-1,-1
42,4,199.48,125.98,150.56,54.46,1,-1,-1,-1
42,6,31.13,129.55,30.46,23.06,1,-1,-1,-1
42,12,537.21,210.72,348.40,156.71,1,-1,-1,-1
42,19,-0.40,129.44,19.35,31.68,1,-1,-1,-1
42,28,42.37,127.25,27.11,20.95,1,-1,-1,-1
42,30,182.76,130.98,69.13,51.98,1,-1,-1,-1
42,31,67.68,123.28,30.57,20.54,1,-1,-1,-1
43,1,359.38,125.63,130.70,55.64,1,-1,-1,-1
43,2,83.42,126.93,116.75,56.80,1,-1,-1,-1
43,4,199.88,126.30,152.62,55.29,1,-1,-1,-1
43,6,29.75,130.73,30.46,22.95,1,-1,-1,-1
43,12,517.01,211.38,328.30,147.16,1,-1,-1,-1
43,19,-0.48,129.78,19.09,31.44,1,-1,-1,-1
43,28,40.37,127.18,28.71,22.08,1,-1,-1,-1
43,30,182.50,130.96,69.13,52.05,1,-1,-1,-1
43,31,50.04,123.54,32.26,21.85,1,-1,-1,-1
44,1,359.85,125.62,130.11,55.39,1,-1,-1,-1
44,2,83.04,127.08,117.81,57.33,1,-1,-1,-1
44,4,195.42,126.19,154.15,55.87,1,-1,-1,-1
44,6,29.27,131.39,29.81,22.47,1,-1,-1,-1
44,12,490.27,207.60,323.25,145.33,1,-1,-1,-1
44,13,0.49,124.53,39.95,33.91,1,-1,-1,-1
44,19,-0.45,129.72,18.89,31.31,1,-1,-1,-1
44,28,40.86,126.02,29.10,22.38,1,-1,-1,-1
44,30,182.21,131.16,69.23,52.12,1,-1,-1,-1
44,31,43.98,123.82,32.68,22.13,1,-1,-1,-1
45,1,360.00,125.57,129.83,55.26,1,-1,-1,-1
45,2,82.70,126.96,118.29,57.63,1,-1,-1,-1
45,4,193.81,126.03,154.78,56.14,1,-1,-1,-1
45,6,28.95,131.57,29.67,22.39,1,-1,-1,-1
45,12,465.13,205.72,316.86,142.78,1,-1,-1,-1
45,13,-1.19,124.37,40.07,34.40,1,-1,-1,-1
45,19,-0.41,129.71,18.78,31.29,1,-1,-1,-1
45,28,39.81,126.81,29.16,22.35,1,-1,-1,-1
45,31,43.62,124.37,31.02,21.17,1,-1,-1,-1
46,1,359.91,125.51,129.89,55.27,1,-1,-1,-1
46,2,83.12,127.93,116.76,56.83,1,-1,-1,-1
46,4,199.72,126.33,151.55,55.15,1,-1,-1,-1
46,6,29.32,131.79,29.19,22.05,1,-1,-1,-1
46,12,443.12,203.83,305.20,137.83,1,-1,-1,-1
46,13,-3.42,124.28,40.76,35.00,1,-1,-1,-1
46,19,-0.38,129.92,18.60,31.15,1,-1,-1,-1
46,28,39.01,127.64,28.85,22.03,1,-1,-1,-1
46,30,184.02,130.76,67.65,50.77,1,-1,-1,-1
46,31,43.23,124.66,30.15,20.75,1,-1,-1,-1
47,1,359.84,125.53,130.02,55.32,1,-1,-1,-1
47,2,82.85,127.59,117.65,57.31,1,-1,-1,-1
47,4,199.99,125.82,150.69,55.07,1,-1,-1,-1
47,6,28.99,131.80,29.25,22.10,1,-1,-1,-1
47,12,421.44,202.49,295.78,134.06,1,-1,-1,-1
47,13,-2.10,124.61,39.54,34.31,1,-1,-1,-1
47,19,-0.35,129.78,18.59,31.27,1,-1,-1,-1
47,28,38.53,128.08,28.61,21.80,1,-1,-1,-1
47,30,182.20,131.66,67.86,51.20,1,-1,-1,-1
47,31,42.98,124.70,29.75,20.64,1,-1,-1,-1
48,1,359.96,125.77,129.48,55.08,1,-1,-1,-1
48,2,83.11,127.20,117.76,57.40,1,-1,-1,-1
48,4,196.37,125.89,152.42,55.73,1,-1,-1,-1
48,6,28.78,131.74,29.43,22.24,1,-1,-1,-1
48,12,401.83,201.18,286.68,130.41,1,-1,-1,-1
48,13,-1.67,124.68,39.11,34.14,1,-1,-1,-1
48,19,-0.32,129.69,18.53,31.30,1,-1,-1,-1
48,28,38.02,128.48,28.44,21.65,1,-1,-1,-1
48,30,181.98,131.85,67.76,51.12,1,-1,-1,-1
48,31,43.43,124.75,29.16,20.41,1,-1,-1,-1
49,1,359.37,125.74,129.23,55.00,1,-1,-1,-1
49,2,83.80,128.24,114.85,55.97,1,-1,-1,-1
49,4,197.49,125.63,152.11,55.84,1,-1,-1,-1
49,6,28.99,131.87,29.09,22.02,1,-1,-1,-1
49,12,379.21,197.72,281.51,128.72,1,-1,-1,-1
49,13,-1.88,124.85,38.69,34.14,1,-1,-1,-1
49,19,-0.29,129.65,18.59,31.51,1,-1,-1,-1
49,28,37.46,129.00,27.79,21.20,1,-1,-1,-1
49,30,182.55,130.45,68.95,52.04,1,-1,-1,-1
49,31,45.16,126.45,26.83,18.93,1,-1,-1,-1
50,1,359.39,126.10,127.72,54.36,1,-1,-1,-1
50,2,83.98,128.13,114.60,55.79,1,-1,-1,-1
50,4,194.71,125.86,152.89,56.09,1,-1,-1,-1
50,6,26.59,129.60,31.39,23.59,1,-1,-1,-1
50,12,356.43,195.19,275.91,126.98,1,-1,-1,-1
50,13,-3.47,124.83,39.12,34.51,1,-1,-1,-1
50,19,-0.21,130.51,18.18,30.87,1,-1,-1,-1
50,28,36.69,130.05,27.16,20.66,1,-1,-1,-1
50,30,182.44,130.43,69.02,52.09,1,-1,-1,-1
50,31,42.89,127.00,27.66,19.68,1,-1,-1,-1
51,1,358.73,126.02,127.81,54.38,1,-1,-1,-1
51,2,90.35,123.53,115.42,56.23,1,-1,-1,-1
51,4,193.36,126.23,152.97,55.76,1,-1,-1,-1
51,6,26.06,128.75,32.38,24.36,1,-1,-1,-1
51,12,333.32,192.63,272.91,126.50,1,-1,-1,-1
51,13,-2.78,127.29,36.29,32.71,1,-1,-1,-1
51,19,0.40,132.16,17.30,29.13,1,-1,-1,-1
51,28,36.90,129.45,28.15,21.48,1,-1,-1,-1
51,31,42.71,125.04,29.62,21.35,1,-1,-1,-1
52,1,359.53,126.19,127.83,54.26,1,-1,-1,-1
52,2,93.68,122.17,114.81,56.01,1,-1,-1,-1
52,4,192.46,126.36,153.44,55.66,1,-1,-1,-1
52,6,28.43,131.04,29.82,22.50,1,-1,-1,-1
52,12,320.10,191.66,262.01,122.40,1,-1,-1,-1
52,13,-2.41,127.91,35.21,32.29,1,-1,-1,-1
52,19,0.60,132.83,17.02,28.43,1,-1,-1,-1
52,28,36.97,129.29,28.37,21.73,1,-1,-1,-1
52,31,42.78,124.37,30.08,21.97,1,-1,-1,-1
52,32,67.53,122.18,29.90,23.96,1,-1,-1,-1
53,1,358.87,125.94,131.04,55.61,1,-1,-1,-1
53,2,94.16,121.65,115.01,56.11,1,-1,-1,-1
53,4,192.12,126.47,153.92,55.58,1,-1,-1,-1
53,6,26.42,129.21,31.92,24.07,1,-1,-1,-1
53,12,302.39,190.74,251.72,118.58,1,-1,-1,-1
53,13,-2.02,127.95,34.53,32.12,1,-1,-1,-1
53,19,0.59,132.88,17.09,28.38,1,-1,-1,-1
53,28,37.05,129.15,28.44,21.85,1,-1,-1,-1
53,31,42.97,123.97,30.18,22.32,1,-1,-1,-1
53,32,67.89,122.50,29.21,23.43,1,-1,-1,-1
53,33,82.33,136.42,98.26,46.94,1,-1,-1,-1
54,1,358.60,126.03,131.88,55.95,1,-1,-1,-1
54,2,95.15,121.03,115.12,56.16,1,-1,-1,-1
54,4,192.48,126.70,153.97,55.35,1,-1,-1,-1
54,6,28.42,131.14,29.73,22.48,1,-1,-1,-1
54,12,285.91,189.33,243.66,115.86,1,-1,-1,-1
54,13,-1.10,128.73,33.31,31.21,1,-1,-1,-1
54,19,0.63,133.37,16.85,27.81,1,-1,-1,-1
54,28,37.33,128.89,28.68,22.09,1,-1,-1,-1
54,31,43.31,123.71,30.17,22.57,1,-1,-1,-1
54,32,67.85,122.51,29.39,23.57,1,-1,-1,-1
54,33,79.75,136.45,98.00,46.95,1,-1,-1,-1
55,1,359.63,125.75,132.07,56.22,1,-1,-1,-1
55,2,85.99,125.82,114.84,55.88,1,-1,-1,-1
55,4,192.05,126.48,154.03,55.17,1,-1,-1,-1
55,6,26.68,129.53,31.23,23.62,1,-1,-1,-1
55,12,264.14,187.26,237.73,113.34,1,-1,-1,-1
55,13,-1.97,129.04,33.26,31.17,1,-1,-1,-1
55,19,0.58,133.22,16.94,27.84,1,-1,-1,-1
55,28,37.14,129.00,28.75,22.15,1,-1,-1,-1
55,31,42.00,123.67,30.43,22.77,1,-1,-1,-1
55,33,78.73,136.42,98.09,47.00,1,-1,-1,-1
56,1,360.21,125.59,131.40,56.07,1,-1,-1,-1
56,2,84.42,127.52,114.66,55.59,1,-1,-1,-1
56,4,190.89,126.55,152.66,54.56,1,-1,-1,-1
56,6,25.49,128.68,32.18,24.33,1,-1,-1,-1
56,12,244.39,185.52,236.85,113.80,1,-1,-1,-1
56,13,-0.48,130.71,30.68,29.08,1,-1,-1,-1
56,19,0.42,133.56,16.79,27.56,1,-1,-1,-1
57,1,359.74,125.79,130.87,55.86,1,-1,-1,-1
57,2,83.69,128.03,114.87,55.54,1,-1,-1,-1
57,4,190.67,126.81,151.06,53.81,1,-1,-1,-1
57,6,24.93,128.30,32.63,24.65,1,-1,-1,-1
57,12,229.34,184.87,229.52,110.90,1,-1,-1,-1
57,13,-0.08,131.04,29.95,28.65,1,-1,-1,-1
57,19,0.35,133.66,16.76,27.47,1,-1,-1,-1
58,1,359.25,125.70,130.47,55.63,1,-1,-1,-1
58,2,83.51,128.51,114.71,55.29,1,-1,-1,-1
58,4,193.21,126.32,153.00,54.67,1,-1,-1,-1
58,6,24.78,128.16,32.78,24.75,1,-1,-1,-1
58,12,220.46,183.57,220.86,108.08,1,-1,-1,-1
58,13,0.13,131.29,29.41,28.36,1,-1,-1,-1
58,19,0.31,133.74,16.74,27.42,1,-1,-1,-1
59,1,359.27,125.63,130.80,55.81,1,-1,-1,-1
59,2,83.85,129.72,112.80,54.14,1,-1,-1,-1
59,4,197.42,125.95,154.15,55.65,1,-1,-1,-1
59,6,24.49,128.06,33.09,24.97,1,-1,-1,-1
59,12,215.02,183.21,207.46,103.15,1,-1,-1,-1
59,13,0.37,131.08,29.44,28.57,1,-1,-1,-1
59,19,0.29,133.78,16.72,27.36,1,-1,-1,-1
59,30,185.92,131.09,68.42,51.06,1,-1,-1,-1
60,1,359.16,125.85,130.75,55.78,1,-1,-1,-1
60,2,83.39,129.92,112.67,53.96,1,-1,-1,-1
60,4,197.58,125.93,154.87,56.15,1,-1,-1,-1
60,6,26.18,129.53,31.44,23.75,1,-1,-1,-1
60,12,197.11,183.61,204.67,102.84,1,-1,-1,-1
60,13,0.34,129.87,30.46,29.68,1,-1,-1,-1
60,19,0.27,133.34,16.95,27.69,1,-1,-1,-1
60,30,186.17,131.14,68.35,51.01,1,-1,-1,-1
60,32,66.97,122.76,30.93,25.06,1,-1,-1,-1
61,1,358.30,125.79,131.09,55.85,1,-1,-1,-1
61,2,82.53,127.10,117.24,56.27,1,-1,-1,-1
61,4,195.07,126.24,153.51,55.75,1,-1,-1,-1
61,6,27.68,131.17,30.64,23.11,1,-1,-1,-1
61,12,182.69,182.40,196.14,99.50,1,-1,-1,-1
61,13,-0.85,126.72,34.12,33.54,1,-1,-1,-1
61,19,-0.13,132.36,18.04,29.60,1,-1,-1,-1
61,32,66.84,122.79,31.19,25.27,1,-1,-1,-1
62,1,357.85,125.73,131.57,56.00,1,-1,-1,-1
62,2,81.94,125.22,120.61,58.08,1,-1,-1,-1
62,4,186.23,126.63,152.26,55.78,1,-1,-1,-1
62,6,28.78,129.97,31.48,23.48,1,-1,-1,-1
62,12,170.98,182.62,187.62,96.00,1,-1,-1,-1
62,13,-1.31,126.49,34.52,33.93,1,-1,-1,-1
62,19,-0.27,132.11,18.32,30.20,1,-1,-1,-1
63,1,357.77,125.69,131.73,56.03,1,-1,-1,-1
63,2,81.95,124.98,120.40,58.14,1,-1,-1,-1
63,4,186.79,125.75,155.92,57.19,1,-1,-1,-1
63,6,28.64,131.35,30.78,22.94,1,-1,-1,-1
63,12,158.96,181.95,181.22,93.52,1,-1,-1,-1
63,19,-0.30,132.04,18.37,30.42,1,-1,-1,-1
64,1,357.56,125.61,132.06,56.15,1,-1,-1,-1
64,2,81.95,124.82,120.17,58.20,1,-1,-1,-1
64,4,186.97,125.84,156.08,57.18,1,-1,-1,-1
64,6,28.61,131.90,30.49,22.72,1,-1,-1,-1
64,12,145.54,180.36,179.24,93.59,1,-1,-1,-1
64,19,-0.30,132.06,18.32,30.46,1,-1,-1,-1
65,1,357.53,125.62,132.08,56.13,1,-1,-1,-1
65,2,81.68,123.53,122.56,59.60,1,-1,-1,-1
65,4,188.72,125.83,153.92,56.18,1,-1,-1,-1
65,6,28.60,132.12,30.36,22.62,1,-1,-1,-1
65,12,130.22,177.20,177.19,93.67,1,-1,-1,-1
65,19,-0.30,132.10,18.20,30.38,1,-1,-1,-1
66,1,357.81,125.69,131.41,55.78,1,-1,-1,-1
66,2,83.29,124.91,119.10,57.98,1,-1,-1,-1
66,4,190.91,126.23,150.51,54.87,1,-1,-1,-1
66,6,28.03,131.96,30.81,22.96,1,-1,-1,-1
66,12,120.61,177.79,168.02,89.91,1,-1,-1,-1
66,13,-0.23,124.88,36.07,35.44,1,-1,-1,-1
66,19,-0.14,132.12,18.08,30.21,1,-1,-1,-1
67,1,358.33,125.56,131.08,55.58,1,-1,-1,-1
67,2,84.73,127.72,114.41,55.43,1,-1,-1,-1
67,4,191.09,125.86,149.39,54.18,1,-1,-1,-1
67,6,29.02,131.27,30.49,22.52,1,-1,-1,-1
67,12,111.02,177.41,159.78,86.57,1,-1,-1,-1
67,13,-0.45,124.59,36.46,35.82,1,-1,-1,-1
67,19,-0.05,131.77,18.24,30.49,1,-1,-1,-1
68,1,358.39,125.66,131.19,55.58,1,-1,-1,-1
68,2,84.81,127.86,114.16,55.31,1,-1,-1,-1
68,4,190.46,126.01,152.06,55.13,1,-1,-1,-1
68,6,29.37,131.06,30.42,22.28,1,-1,-1,-1
68,12,99.19,173.89,162.18,89.50,1,-1,-1,-1
68,19,0.00,131.62,18.32,30.64,1,-1,-1,-1
68,33,82.45,136.85,96.34,46.45,1,-1,-1,-1
69,1,358.41,125.62,131.49,55.70,1,-1,-1,-1
69,4,192.53,125.60,156.55,56.92,1,-1,-1,-1
69,6,27.91,131.61,31.15,22.89,1,-1,-1,-1
69,12,86.90,171.44,157.47,88.08,1,-1,-1,-1
69,19,0.01,131.53,18.36,30.72,1,-1,-1,-1
69,33,81.08,135.35,98.65,48.32,1,-1,-1,-1
70,1,358.12,125.53,131.86,55.85,1,-1,-1,-1
70,2,89.59,124.88,116.91,56.69,1,-1,-1,-1
70,4,193.54,125.61,159.25,58.07,1,-1,-1,-1
70,6,26.72,130.80,32.36,23.83,1,-1,-1,-1
70,12,75.41,168.70,157.59,89.93,1,-1,-1,-1
70,19,0.03,131.83,18.17,30.41,1,-1,-1,-1
70,33,78.87,136.29,93.42,46.98,1,-1,-1,-1
71,1,358.64,125.88,131.89,55.90,1,-1,-1,-1
71,2,91.27,122.32,116.22,56.65,1,-1,-1,-1
71,4,191.93,125.62,155.84,56.72,1,-1,-1,-1
71,6,26.59,130.80,32.48,23.92,1,-1,-1,-1
71,12,67.44,172.56,145.73,84.02,1,-1,-1,-1
71,19,0.01,131.45,17.92,29.99,1,-1,-1,-1
71,33,81.74,135.75,94.38,47.76,1,-1,-1,-1
72,1,358.86,125.98,131.87,55.94,1,-1,-1,-1
72,2,96.10,127.24,102.58,50.16,1,-1,-1,-1
72,4,188.58,124.82,159.82,58.34,1,-1,-1,-1
72,12,63.45,176.52,132.36,76.83,1,-1,-1,-1
72,13,2.18,124.21,37.06,35.52,1,-1,-1,-1
72,19,0.01,131.47,17.79,29.76,1,-1,-1,-1
72,33,82.11,136.78,89.10,45.68,1,-1,-1,-1
73,1,359.45,124.88,133.81,57.29,1,-1,-1,-1
73,2,92.50,126.15,107.66,53.14,1,-1,-1,-1
73,4,188.18,124.00,162.55,59.39,1,-1,-1,-1
73,12,53.65,177.74,127.99,74.86,1,-1,-1,-1
73,13,2.28,124.01,37.28,35.73,1,-1,-1,-1
73,19,0.01,131.69,17.58,29.41,1,-1,-1,-1
73,33,82.31,137.12,84.84,44.01,1,-1,-1,-1
74,1,360.01,124.44,133.88,57.81,1,-1,-1,-1
74,2,94.84,126.09,105.61,52.70,1,-1,-1,-1
74,4,187.87,123.87,163.27,59.66,1,-1,-1,-1
74,12,46.10,177.89,123.14,72.19,1,-1,-1,-1
74,19,0.07,131.75,17.50,29.26,1,-1,-1,-1
74,33,82.87,137.33,80.97,42.66,1,-1,-1,-1
75,1,360.02,125.43,131.37,56.66,1,-1,-1,-1
75,2,94.23,125.40,107.95,53.65,1,-1,-1,-1
75,4,188.64,123.75,163.39,59.71,1,-1,-1,-1
75,12,36.90,177.95,118.61,69.94,1,-1,-1,-1
75,19,0.07,131.92,17.39,29.06,1,-1,-1,-1
75,33,81.64,136.61,79.80,42.85,1,-1,-1,-1
76,1,359.96,125.84,130.45,56.19,1,-1,-1,-1
76,2,94.93,123.41,108.94,54.16,1,-1,-1,-1
76,4,189.27,123.70,163.25,59.69,1,-1,-1,-1
76,12,27.51,177.15,114.99,68.41,1,-1,-1,-1
76,19,0.13,132.12,17.16,28.65,1,-1,-1,-1
76,33,84.28,136.59,79.68,42.74,1,-1,-1,-1
77,1,359.81,126.05,130.28,56.05,1,-1,-1,-1
77,2,97.81,127.27,110.17,52.59,1,-1,-1,-1
77,4,189.35,123.78,163.20,59.65,1,-1,-1,-1
77,12,18.57,177.03,111.87,66.87,1,-1,-1,-1
77,19,0.19,132.14,16.96,28.23,1,-1,-1,-1
77,33,81.61,136.31,81.53,44.57,1,-1,-1,-1
78,1,359.72,126.12,130.30,55.99,1,-1,-1,-1
78,2,97.59,128.46,113.00,51.99,1,-1,-1,-1
78,4,190.43,124.24,160.41,58.57,1,-1,-1,-1
78,12,10.56,175.94,109.90,66.25,1,-1,-1,-1
78,19,0.21,132.17,16.87,28.08,1,-1,-1,-1
78,33,79.92,136.07,82.64,45.92,1,-1,-1,-1
79,1,359.63,126.14,130.42,55.98,1,-1,-1,-1
79,2,93.51,123.73,116.77,54.32,1,-1,-1,-1
79,4,190.87,124.45,159.17,58.01,1,-1,-1,-1
79,12,3.98,176.16,106.60,64.98,1,-1,-1,-1
79,33,82.16,136.31,83.28,46.25,1,-1,-1,-1
80,1,359.57,126.15,130.53,55.98,1,-1,-1,-1
80,2,90.43,122.27,118.97,55.80,1,-1,-1,-1
80,4,191.05,124.55,158.81,57.79,1,-1,-1,-1
80,12,-3.23,175.56,106.42,65.93,1,-1,-1,-1
80,19,0.07,132.22,16.97,28.23,1,-1,-1,-1
80,33,85.00,136.39,84.39,46.46,1,-1,-1,-1
81,1,358.99,125.98,131.03,56.17,1,-1,-1,-1
81,2,85.54,124.85,118.70,55.86,1,-1,-1,-1
81,4,189.72,125.13,156.19,56.89,1,-1,-1,-1
81,12,-7.40,176.45,102.01,64.14,1,-1,-1,-1
81,19,-0.05,131.45,17.68,29.46,1,-1,-1,-1
81,33,85.03,136.37,84.61,46.58,1,-1,-1,-1
82,1,358.79,125.95,131.14,56.19,1,-1,-1,-1
82,2,85.01,124.74,119.10,56.05,1,-1,-1,-1
82,4,189.43,125.33,155.23,56.57,1,-1,-1,-1
82,12,-12.24,177.21,98.89,63.71,1,-1,-1,-1
82,19,-0.13,130.78,18.12,30.25,1,-1,-1,-1
82,33,86.51,135.59,87.33,47.62,1,-1,-1,-1
83,1,358.69,125.93,131.23,56.20,1,-1,-1,-1
83,2,82.72,125.77,119.19,56.35,1,-1,-1,-1
83,4,189.30,125.41,154.89,56.47,1,-1,-1,-1
83,12,-13.51,177.19,93.35,61.90,1,-1,-1,-1
83,19,-0.16,130.65,18.19,30.38,1,-1,-1,-1
83,33,86.73,135.49,87.72,47.83,1,-1,-1,-1
84,1,358.65,125.92,131.29,56.20,1,-1,-1,-1
84,2,82.06,125.51,120.08,57.09,1,-1,-1,-1
84,4,189.22,125.45,154.70,56.43,1,-1,-1,-1
84,12,-15.11,178.10,87.17,59.73,1,-1,-1,-1
84,19,-0.33,129.17,19.17,32.18,1,-1,-1,-1
85,1,358.52,125.87,131.37,56.21,1,-1,-1,-1
85,2,82.03,125.25,120.69,57.60,1,-1,-1,-1
85,4,189.47,125.36,154.85,56.43,1,-1,-1,-1
85,12,-17.12,177.75,83.41,59.47,1,-1,-1,-1
85,19,-0.25,128.81,19.35,32.56,1,-1,-1,-1
86,1,358.45,125.85,131.44,56.21,1,-1,-1,-1
86,2,82.36,125.89,119.11,56.97,1,-1,-1,-1
86,4,189.59,125.36,154.89,56.41,1,-1,-1,-1
86,12,-15.56,177.29,72.12,53.44,1,-1,-1,-1
86,13,23.29,126.75,30.70,28.00,1,-1,-1,-1
86,19,-0.54,127.82,19.94,33.84,1,-1,-1,-1
87,1,358.42,125.85,131.46,56.19,1,-1,-1,-1
87,2,81.89,125.25,120.12,57.63,1,-1,-1,-1
87,4,189.51,125.37,155.17,56.47,1,-1,-1,-1
87,12,-15.99,176.60,62.77,48.94,1,-1,-1,-1
87,13,24.41,127.66,30.47,26.94,1,-1,-1,-1
87,19,-0.69,128.16,19.59,33.56,1,-1,-1,-1
88,1,358.40,125.85,131.50,56.18,1,-1,-1,-1
88,2,81.58,124.98,120.39,57.93,1,-1,-1,-1
88,4,189.37,125.39,155.47,56.54,1,-1,-1,-1
88,6,41.92,126.36,28.38,21.48,1,-1,-1,-1
88,12,-21.75,176.48,59.79,46.62,1,-1,-1,-1
88,13,26.89,129.60,28.71,25.06,1,-1,-1,-1
88,19,-0.27,130.13,18.19,31.22,1,-1,-1,-1
89,1,358.41,125.86,131.50,56.15,1,-1,-1,-1
89,2,81.44,124.79,120.57,58.18,1,-1,-1,-1
89,4,189.17,125.46,155.42,56.49,1,-1,-1,-1
89,6,42.69,126.13,28.22,21.36,1,-1,-1,-1
89,13,25.00,127.12,31.09,26.46,1,-1,-1,-1
89,19,-0.21,130.31,17.91,30.81,1,-1,-1,-1
89,32,36.37,125.96,29.65,24.08,1,-1,-1,-1
89,39,-5.30,185.08,34.87,91.64,1,-1,-1,-1
90,1,358.44,125.86,131.56,56.16,1,-1,-1,-1
90,2,81.47,124.74,120.40,58.24,1,-1,-1,-1
90,4,189.13,125.49,155.53,56.48,1,-1,-1,-1
90,13,27.47,128.19,30.10,25.29,1,-1,-1,-1
90,19,-0.26,130.07,17.97,31.01,1,-1,-1,-1
90,32,35.88,125.89,29.72,24.21,1,-1,-1,-1
90,39,-2.95,196.35,30.75,81.34,1,-1,-1,-1
91,1,358.69,125.71,131.49,56.07,1,-1,-1,-1
91,2,81.93,126.08,117.83,57.08,1,-1,-1,-1
91,4,192.83,126.15,153.15,55.22,1,-1,-1,-1
91,6,44.37,124.22,28.72,22.31,1,-1,-1,-1
91,13,28.43,129.48,28.65,23.73,1,-1,-1,-1
91,19,-0.09,131.14,17.40,30.02,1,-1,-1,-1
91,32,34.77,125.99,29.67,24.17,1,-1,-1,-1
91,39,-3.34,195.30,31.31,82.83,1,-1,-1,-1
92,1,358.81,125.65,131.51,56.03,1,-1,-1,-1
92,2,82.15,126.48,116.93,56.71,1,-1,-1,-1
92,4,194.01,126.51,152.43,54.60,1,-1,-1,-1
92,6,44.91,124.24,28.16,22.25,1,-1,-1,-1
92,13,28.09,129.81,28.77,23.54,1,-1,-1,-1
92,19,0.04,131.52,17.14,29.55,1,-1,-1,-1
93,1,358.84,125.64,131.53,55.98,1,-1,-1,-1
93,2,82.29,126.50,116.69,56.65,1,-1,-1,-1
93,4,193.88,126.62,152.99,54.48,1,-1,-1,-1
93,6,45.11,124.10,27.94,22.37,1,-1,-1,-1
93,13,27.34,129.68,29.38,23.80,1,-1,-1,-1
93,19,-0.02,131.07,17.36,29.95,1,-1,-1,-1
94,1,358.80,125.64,131.65,55.99,1,-1,-1,-1
94,2,82.38,126.16,117.23,57.02,1,-1,-1,-1
94,4,193.65,126.55,153.82,54.51,1,-1,-1,-1
94,6,45.18,123.97,27.81,22.51,1,-1,-1,-1
94,13,27.28,129.67,29.61,23.77,1,-1,-1,-1
94,19,-0.06,130.95,17.44,30.11,1,-1,-1,-1
94,40,-0.00,126.12,29.52,33.76,1,-1,-1,-1
95,1,358.72,125.61,131.82,56.02,1,-1,-1,-1
95,2,82.41,126.02,117.43,57.21,1,-1,-1,-1
95,4,193.38,126.51,154.64,54.56,1,-1,-1,-1
95,6,45.23,123.89,27.65,22.58,1,-1,-1,-1
95,13,27.29,129.66,29.75,23.69,1,-1,-1,-1
95,19,-0.04,130.87,17.45,30.15,1,-1,-1,-1
95,40,-0.09,126.08,29.54,33.79,1,-1,-1,-1
96,1,358.65,125.66,131.94,56.04,1,-1,-1,-1
96,2,82.55,126.29,116.58,56.83,1,-1,-1,-1
96,4,192.75,126.54,155.34,54.57,1,-1,-1,-1
96,6,45.43,123.89,27.47,22.66,1,-1,-1,-1
96,13,27.17,129.71,29.92,23.68,1,-1,-1,-1
96,19,-0.02,130.85,17.40,30.06,1,-1,-1,-1
96,40,-0.11,125.50,30.05,34.42,1,-1,-1,-1
97,1,358.72,125.56,131.97,56.01,1,-1,-1,-1
97,2,82.44,126.20,116.46,56.81,1,-1,-1,-1
97,4,192.52,126.83,155.36,54.36,1,-1,-1,-1
97,6,46.00,124.31,26.90,22.36,1,-1,-1,-1
97,13,27.67,130.24,29.47,23.17,1,-1,-1,-1
97,19,0.00,131.24,17.27,29.83,1,-1,-1,-1
97,40,-0.18,125.32,30.21,34.60,1,-1,-1,-1
98,1,358.71,125.53,132.03,56.00,1,-1,-1,-1
98,2,82.45,126.26,116.22,56.71,1,-1,-1,-1
98,4,192.09,126.97,155.78,54.25,1,-1,-1,-1
98,6,46.24,124.48,26.59,22.24,1,-1,-1,-1
98,13,27.78,130.43,29.42,22.99,1,-1,-1,-1
98,19,0.01,131.39,17.22,29.74,1,-1,-1,-1
99,1,358.83,125.48,132.10,56.02,1,-1,-1,-1
99,2,82.80,127.03,114.99,56.13,1,-1,-1,-1
99,4,191.69,126.97,156.19,54.27,1,-1,-1,-1
99,6,46.63,124.07,26.53,22.48,1,-1,-1,-1
99,13,28.08,130.59,29.25,22.76,1,-1,-1,-1
99,19,-0.02,131.40,17.20,29.76,1,-1,-1,-1
100,1,358.52,125.43,132.48,56.18,1,-1,-1,-1
100,2,82.93,127.65,113.79,55.52,1,-1,-1,-1
100,4,191.16,126.95,156.73,54.26,1,-1,-1,-1
100,6,46.84,124.23,26.14,22.28,1,-1,-1,-1
100,13,28.04,130.63,29.31,22.72,1,-1,-1,-1
100,19,-0.11,130.74,17.53,30.38,1,-1,-1,-1
100,32,38.99,129.02,26.76,21.49,1,-1,-1,-1
101,1,358.66,125.60,132.48,56.21,1,-1,-1,-1
101,2,83.95,127.75,114.06,55.51,1,-1,-1,-1
101,4,189.13,126.31,160.61,55.59,1,-1,-1,-1
101,6,46.04,123.85,26.71,22.94,1,-1,-1,-1
101,13,28.48,130.81,28.96,22.45,1,-1,-1,-1
101,19,-0.19,130.33,17.73,30.81,1,-1,-1,-1
101,32,39.03,129.29,26.48,21.26,1,-1,-1,-1
102,1,358.78,125.57,132.06,56.00,1,-1,-1,-1
102,2,84.08,127.18,115.48,56.14,1,-1,-1,-1
102,4,187.40,125.88,162.75,56.46,1,-1,-1,-1
102,6,45.77,123.57,27.05,23.37,1,-1,-1,-1
102,19,-0.26,129.77,17.94,31.30,1,-1,-1,-1
103,1,358.84,125.62,132.33,56.15,1,-1,-1,-1
103,2,84.21,127.68,114.74,55.65,1,-1,-1,-1
103,4,187.64,125.87,162.66,56.44,1,-1,-1,-1
103,6,45.91,123.75,26.73,23.24,1,-1,-1,-1
103,19,-0.21,130.05,17.75,31.04,1,-1,-1,-1
104,1,358.98,125.67,132.30,56.16,1,-1,-1,-1
104,2,84.23,127.85,114.61,55.47,1,-1,-1,-1
104,4,187.75,125.87,162.64,56.44,1,-1,-1,-1
104,6,45.77,123.62,26.79,23.42,1,-1,-1,-1
104,19,-0.19,130.01,17.73,31.06,1,-1,-1,-1
105,1,359.03,125.66,132.29,56.19,1,-1,-1,-1
105,2,84.28,128.12,114.30,55.19,1,-1,-1,-1
105,4,187.85,125.95,162.52,56.38,1,-1,-1,-1
105,6,45.77,123.59,26.72,23.48,1,-1,-1,-1
105,19,-0.17,129.98,17.71,31.08,1,-1,-1,-1
106,1,359.14,125.64,132.06,56.12,1,-1,-1,-1
106,2,84.23,127.92,114.89,55.37,1,-1,-1,-1
106,4,188.29,125.88,162.46,56.36,1,-1,-1,-1
106,6,45.79,123.57,26.63,23.50,1,-1,-1,-1
106,19,-0.17,129.97,17.69,31.11,1,-1,-1,-1
107,1,359.19,125.64,132.00,56.12,1,-1,-1,-1
107,2,84.20,127.90,115.12,55.37,1,-1,-1,-1
107,4,188.47,125.87,162.35,56.31,1,-1,-1,-1
107,6,45.74,123.49,26.63,23.59,1,-1,-1,-1
107,19,-0.11,130.06,17.62,31.02,1,-1,-1,-1
108,1,358.78,125.32,132.39,56.53,1,-1,-1,-1
108,2,84.16,128.09,114.97,55.19,1,-1,-1,-1
108,4,188.18,125.92,162.43,56.35,1,-1,-1,-1
108,6,45.83,123.61,26.44,23.50,1,-1,-1,-1
108,19,-0.04,130.20,17.52,30.85,1,-1,-1,-1
109,1,359.35,124.98,131.01,56.06,1,-1,-1,-1
109,2,83.71,127.63,115.49,55.35,1,-1,-1,-1
109,4,187.94,125.80,162.59,56.48,1,-1,-1,-1
109,6,45.38,123.75,26.42,23.47,1,-1,-1,-1
109,19,-0.03,130.40,17.50,30.81,1,-1,-1,-1
109,40,1.21,126.69,29.49,33.27,1,-1,-1,-1
110,1,359.65,124.86,130.31,55.88,1,-1,-1,-1
110,2,83.48,127.49,115.73,55.38,1,-1,-1,-1
110,4,188.08,125.74,162.64,56.57,1,-1,-1,-1
110,6,45.14,123.68,26.55,23.56,1,-1,-1,-1
110,19,-0.03,130.42,17.51,30.84,1,-1,-1,-1
110,40,1.05,126.67,29.84,33.30,1,-1,-1,-1
111,1,359.24,125.23,130.65,55.95,1,-1,-1,-1
111,2,82.53,126.88,117.26,56.18,1,-1,-1,-1
111,4,189.23,126.08,160.53,55.78,1,-1,-1,-1
111,6,44.87,124.13,26.05,23.06,1,-1,-1,-1
111,13,28.42,131.62,28.81,22.49,1,-1,-1,-1
111,19,0.13,131.14,17.02,29.95,1,-1,-1,-1
111,40,1.25,126.99,29.74,32.73,1,-1,-1,-1
112,1,359.05,125.37,130.73,55.92,1,-1,-1,-1
112,2,82.11,126.97,117.08,56.09,1,-1,-1,-1
112,4,189.72,126.15,159.69,55.39,1,-1,-1,-1
112,6,44.88,125.20,25.15,22.04,1,-1,-1,-1
112,13,28.52,131.63,28.78,22.51,1,-1,-1,-1
112,19,0.21,131.30,16.91,29.73,1,-1,-1,-1
112,40,1.62,126.50,30.58,33.08,1,-1,-1,-1
113,1,359.16,125.53,130.79,55.91,1,-1,-1,-1
113,2,81.66,126.84,118.53,56.88,1,-1,-1,-1
113,4,190.09,126.01,160.76,55.72,1,-1,-1,-1
113,6,44.77,125.39,25.21,21.96,1,-1,-1,-1
113,13,31.31,130.88,27.71,21.65,1,-1,-1,-1
113,19,0.15,131.11,17.02,29.91,1,-1,-1,-1
113,40,0.60,126.57,30.60,33.11,1,-1,-1,-1
114,1,359.42,125.54,130.59,55.76,1,-1,-1,-1
114,2,81.64,126.50,119.14,57.30,1,-1,-1,-1
114,4,188.95,125.91,161.35,55.95,1,-1,-1,-1
114,6,44.34,124.71,25.93,22.56,1,-1,-1,-1
114,13,29.59,131.36,28.27,22.18,1,-1,-1,-1
114,19,0.18,131.11,16.91,29.70,1,-1,-1,-1
114,40,0.49,126.82,30.55,32.99,1,-1,-1,-1
115,1,359.09,125.57,130.78,55.78,1,-1,-1,-1
115,2,81.11,125.26,121.25,58.57,1,-1,-1,-1
115,4,189.42,126.07,160.63,55.60,1,-1,-1,-1
115,6,44.26,125.22,25.57,22.05,1,-1,-1,-1
115,13,28.80,130.58,28.94,22.61,1,-1,-1,-1
115,19,0.02,130.21,17.33,30.46,1,-1,-1,-1
115,40,0.68,125.70,31.48,33.79,1,-1,-1,-1
116,1,358.93,125.44,131.36,56.03,1,-1,-1,-1
116,2,80.98,124.72,121.91,59.14,1,-1,-1,-1
116,4,189.17,125.93,161.06,55.69,1,-1,-1,-1
116,6,43.96,125.16,25.83,22.10,1,-1,-1,-1
116,13,28.51,130.25,29.27,22.78,1,-1,-1,-1
116,19,-0.03,129.73,17.53,30.84,1,-1,-1,-1
116,40,0.73,125.61,31.53,33.84,1,-1,-1,-1
117,1,359.02,125.33,131.39,56.01,1,-1,-1,-1
117,2,82.12,126.40,118.22,57.36,1,-1,-1,-1
117,4,188.11,125.91,161.24,55.83,1,-1,-1,-1
117,6,43.74,125.05,26.17,22.31,1,-1,-1,-1
117,13,28.76,130.60,28.87,22.40,1,-1,-1,-1
117,19,0.11,130.92,16.88,29.69,1,-1,-1,-1
117,40,1.09,128.11,29.41,31.43,1,-1,-1,-1
118,1,358.96,125.38,131.37,55.96,1,-1,-1,-1
118,2,82.15,126.43,118.34,57.48,1,-1,-1,-1
118,4,188.73,125.87,161.40,55.84,1,-1,-1,-1
118,6,43.65,125.09,26.13,22.28,1,-1,-1,-1
118,13,28.94,130.86,28.63,22.16,1,-1,-1,-1
118,19,0.23,131.79,16.47,28.89,1,-1,-1,-1
118,32,37.74,127.92,27.14,21.63,1,-1,-1,-1
118,40,1.33,129.38,28.17,29.99,1,-1,-1,-1
118,45,8.01,205.77,54.23,87.12,1,-1,-1,-1
119,1,358.90,125.44,131.45,55.97,1,-1,-1,-1
119,2,82.78,126.82,117.25,56.94,1,-1,-1,-1
119,4,188.25,125.60,162.44,56.19,1,-1,-1,-1
119,13,29.20,130.81,28.53,22.00,1,-1,-1,-1
119,19,0.29,131.90,16.39,28.65,1,-1,-1,-1
119,32,37.68,127.88,27.14,21.62,1,-1,-1,-1
119,40,1.45,129.69,27.83,29.63,1,-1,-1,-1
119,45,12.94,211.73,54.15,85.23,1,-1,-1,-1
120,1,359.33,125.37,131.23,55.87,1,-1,-1,-1
120,2,82.75,126.97,116.75,56.74,1,-1,-1,-1
120,4,188.08,125.74,162.13,56.12,1,-1,-1,-1
120,13,28.94,130.84,28.78,22.12,1,-1,-1,-1
120,19,0.33,131.81,16.40,28.58,1,-1,-1,-1
120,45,15.85,206.85,59.27,91.13,1,-1,-1,-1
121,1,358.21,125.28,132.18,56.29,1,-1,-1,-1
121,2,83.07,123.71,121.48,59.02,1,-1,-1,-1
121,4,189.16,125.85,161.08,55.66,1,-1,-1,-1
121,13,29.00,130.85,28.71,22.07,1,-1,-1,-1
121,19,0.50,132.17,16.39,28.35,1,-1,-1,-1
121,32,39.25,128.59,27.51,20.98,1,-1,-1,-1
121,45,18.26,206.16,64.21,95.98,1,-1,-1,-1
122,1,357.70,125.23,132.68,56.53,1,-1,-1,-1
122,2,83.09,123.37,121.99,59.27,1,-1,-1,-1
122,4,189.79,125.76,160.82,55.52,1,-1,-1,-1
122,19,0.52,132.52,16.39,28.15,1,-1,-1,-1
122,32,42.43,127.83,27.09,20.27,1,-1,-1,-1
122,45,20.54,205.16,69.19,99.86,1,-1,-1,-1
123,1,357.68,125.30,132.58,56.51,1,-1,-1,-1
123,2,84.09,122.96,123.21,59.80,1,-1,-1,-1
123,4,189.26,125.78,160.88,55.52,1,-1,-1,-1
123,19,0.48,132.38,16.56,28.29,1,-1,-1,-1
123,32,43.47,127.51,27.16,20.07,1,-1,-1,-1
123,45,23.36,205.42,73.82,101.98,1,-1,-1,-1
123,46,82.41,136.85,92.19,46.73,1,-1,-1,-1
124,1,357.24,124.28,135.20,58.07,1,-1,-1,-1
124,2,83.79,122.64,123.48,59.88,1,-1,-1,-1
124,4,189.18,125.75,160.94,55.54,1,-1,-1,-1
124,19,0.37,132.08,16.83,28.65,1,-1,-1,-1
124,32,43.72,127.41,27.33,20.02,1,-1,-1,-1
124,45,25.68,206.50,79.75,105.58,1,-1,-1,-1
124,46,86.70,135.53,96.13,48.47,1,-1,-1,-1
125,1,357.29,123.91,135.62,58.64,1,-1,-1,-1
125,2,84.33,122.79,123.47,59.79,1,-1,-1,-1
125,4,189.21,125.76,160.92,55.52,1,-1,-1,-1
125,13,30.60,131.10,27.93,21.39,1,-1,-1,-1
125,19,0.33,132.22,16.86,28.58,1,-1,-1,-1
125,32,43.87,127.49,27.30,19.84,1,-1,-1,-1
125,45,27.61,207.55,85.31,107.12,1,-1,-1,-1
125,46,83.63,136.45,93.80,47.27,1,-1,-1,-1
126,1,358.39,124.66,132.36,57.16,1,-1,-1,-1
126,2,84.33,128.03,115.06,55.32,1,-1,-1,-1
126,4,189.10,125.71,161.01,55.55,1,-1,-1,-1
126,13,30.68,131.20,27.87,21.28,1,-1,-1,-1
126,19,0.31,132.33,16.88,28.51,1,-1,-1,-1
126,32,43.85,127.51,27.44,19.82,1,-1,-1,-1
126,45,32.09,209.00,89.45,106.28,1,-1,-1,-1
126,46,83.70,136.38,94.04,47.39,1,-1,-1,-1
127,1,358.80,124.95,131.10,56.52,1,-1,-1,-1
127,2,84.26,129.60,112.86,53.91,1,-1,-1,-1
127,4,188.89,125.66,161.10,55.64,1,-1,-1,-1
127,13,30.86,131.24,27.75,21.19,1,-1,-1,-1
127,19,0.22,131.64,17.19,28.97,1,-1,-1,-1
127,32,44.19,127.55,26.65,19.17,1,-1,-1,-1
127,45,37.38,210.81,95.10,107.07,1,-1,-1,-1
128,1,358.66,125.14,130.98,56.39,1,-1,-1,-1
128,2,83.69,129.54,113.29,53.90,1,-1,-1,-1
128,4,189.24,125.83,159.98,55.26,1,-1,-1,-1
128,13,33.82,131.17,26.84,20.38,1,-1,-1,-1
128,19,0.24,131.96,17.05,28.65,1,-1,-1,-1
128,32,43.86,127.63,27.20,19.49,1,-1,-1,-1
128,45,34.99,211.20,105.02,111.64,1,-1,-1,-1
129,1,358.57,125.24,130.98,56.32,1,-1,-1,-1
129,2,83.56,129.68,113.00,53.54,1,-1,-1,-1
129,4,189.25,126.03,158.80,54.81,1,-1,-1,-1
129,13,34.45,131.12,26.75,20.20,1,-1,-1,-1
129,19,0.26,132.18,16.98,28.44,1,-1,-1,-1
129,32,43.67,127.64,27.49,19.62,1,-1,-1,-1
129,45,39.13,211.90,110.25,111.22,1,-1,-1,-1
130,1,358.56,125.25,131.06,56.29,1,-1,-1,-1
130,2,83.49,129.65,112.84,53.29,1,-1,-1,-1
130,4,189.40,125.87,159.18,54.91,1,-1,-1,-1
130,13,31.93,131.20,27.64,20.88,1,-1,-1,-1
130,19,0.27,132.32,16.95,28.31,1,-1,-1,-1
130,32,43.54,127.67,27.66,19.66,1,-1,-1,-1
130,45,47.10,215.72,115.40,110.70,1,-1,-1,-1
131,1,359.29,125.39,130.46,56.00,1,-1,-1,-1
131,2,83.44,128.76,112.91,53.25,1,-1,-1,-1
131,4,190.41,124.98,161.26,55.97,1,-1,-1,-1
131,13,28.65,129.09,30.39,23.15,1,-1,-1,-1
131,19,0.04,131.74,17.46,29.20,1,-1,-1,-1
131,32,43.98,125.78,29.31,21.21,1,-1,-1,-1
131,45,52.45,214.93,123.52,113.51,1,-1,-1,-1
132,1,359.59,125.45,130.20,55.85,1,-1,-1,-1
132,2,83.50,129.02,111.70,52.56,1,-1,-1,-1
132,4,190.89,125.93,159.02,54.98,1,-1,-1,-1
132,13,27.43,128.22,31.36,24.06,1,-1,-1,-1
132,19,-0.04,131.47,17.66,29.58,1,-1,-1,-1
132,32,44.16,125.00,29.75,21.87,1,-1,-1,-1
132,45,55.85,216.27,130.87,115.65,1,-1,-1,-1
133,1,359.41,125.39,130.36,55.89,1,-1,-1,-1
133,2,83.89,129.20,110.69,51.98,1,-1,-1,-1
133,4,190.80,125.79,158.04,54.95,1,-1,-1,-1
133,13,27.25,128.20,31.27,24.16,1,-1,-1,-1
133,19,0.02,131.60,17.63,29.53,1,-1,-1,-1
133,32,44.72,124.47,29.64,22.19,1,-1,-1,-1
133,45,59.30,214.86,137.54,117.83,1,-1,-1,-1
134,1,359.45,125.38,130.33,55.85,1,-1,-1,-1
134,2,83.93,128.69,111.56,52.32,1,-1,-1,-1
134,4,190.91,125.90,156.12,54.66,1,-1,-1,-1
134,13,27.39,128.39,30.89,24.02,1,-1,-1,-1
134,19,0.06,131.72,17.58,29.46,1,-1,-1,-1
134,32,45.33,124.62,28.92,21.97,1,-1,-1,-1
134,45,65.13,215.42,144.30,120.32,1,-1,-1,-1
135,1,359.46,125.32,130.43,55.87,1,-1,-1,-1
135,2,83.96,128.01,113.18,53.08,1,-1,-1,-1
135,4,191.01,126.07,155.03,54.63,1,-1,-1,-1
135,6,41.84,125.75,26.84,22.60,1,-1,-1,-1
135,13,27.00,127.90,31.31,24.48,1,-1,-1,-1
135,19,0.06,131.50,17.58,29.51,1,-1,-1,-1
135,32,48.38,125.06,26.34,20.18,1,-1,-1,-1
135,45,71.82,215.30,148.91,121.11,1,-1,-1,-1
136,1,359.57,125.23,130.51,55.85,1,-1,-1,-1
136,2,84.59,129.10,111.64,52.14,1,-1,-1,-1
136,4,191.45,126.68,153.29,53.83,1,-1,-1,-1
136,6,41.74,125.79,26.85,22.62,1,-1,-1,-1
136,13,25.93,127.73,31.94,24.99,1,-1,-1,-1
136,19,0.12,131.56,17.51,29.37,1,-1,-1,-1
136,32,45.90,124.27,28.11,21.80,1,-1,-1,-1
136,45,77.80,215.00,156.93,124.48,1,-1,-1,-1
136,47,295.34,122.05,59.88,41.16,1,-1,-1,-1
137,1,359.51,125.11,130.66,55.87,1,-1,-1,-1
137,2,83.93,124.90,120.44,56.38,1,-1,-1,-1
137,4,192.13,127.02,152.29,53.27,1,-1,-1,-1
137,13,25.63,127.77,32.05,25.08,1,-1,-1,-1
137,19,0.14,131.52,17.52,29.36,1,-1,-1,-1
137,32,48.73,125.28,25.48,19.81,1,-1,-1,-1
137,45,82.06,216.13,160.65,124.42,1,-1,-1,-1
137,46,86.70,136.69,92.91,46.24,1,-1,-1,-1
137,47,295.56,122.05,59.67,40.93,1,-1,-1,-1
138,1,359.35,125.06,130.71,55.86,1,-1,-1,-1
138,2,83.91,123.53,123.33,57.86,1,-1,-1,-1
138,4,191.69,127.06,152.94,53.36,1,-1,-1,-1
138,13,25.78,127.77,31.70,24.87,1,-1,-1,-1
138,19,0.11,131.22,17.68,29.64,1,-1,-1,-1
138,32,46.68,124.53,27.08,21.33,1,-1,-1,-1
138,40,0.22,127.30,30.31,32.40,1,-1,-1,-1
138,45,87.73,218.31,163.98,124.09,1,-1,-1,-1
138,46,86.37,136.84,93.22,45.93,1,-1,-1,-1
138,47,295.86,122.10,58.87,40.27,1,-1,-1,-1
139,1,359.16,125.02,130.90,55.90,1,-1,-1,-1
139,2,84.39,126.77,117.09,54.74,1,-1,-1,-1
139,4,190.71,127.05,153.32,53.41,1,-1,-1,-1
139,13,25.40,127.36,31.94,25.14,1,-1,-1,-1
139,19,-0.03,130.55,18.02,30.28,1,-1,-1,-1
139,32,49.10,125.34,24.94,19.74,1,-1,-1,-1
139,40,0.16,127.21,30.42,32.52,1,-1,-1,-1
139,45,92.91,219.56,167.85,124.39,1,-1,-1,-1
139,46,86.63,136.86,93.05,45.85,1,-1,-1,-1
139,47,295.76,122.11,58.62,40.01,1,-1,-1,-1
140,1,358.76,125.15,131.83,56.33,1,-1,-1,-1
140,2,84.58,127.80,115.42,53.85,1,-1,-1,-1
140,4,196.31,126.88,151.69,53.53,1,-1,-1,-1
140,13,25.05,127.12,32.15,25.36,1,-1,-1,-1
140,19,-0.03,130.61,17.97,30.24,1,-1,-1,-1
140,32,50.07,125.70,24.06,19.12,1,-1,-1,-1
140,40,0.16,126.59,30.86,33.13,1,-1,-1,-1
140,45,95.14,217.40,176.90,129.03,1,-1,-1,-1
140,47,294.99,122.55,58.16,39.46,1,-1,-1,-1
141,1,359.71,125.34,130.57,55.75,1,-1,-1,-1
141,2,82.99,127.73,116.80,54.60,1,-1,-1,-1
141,4,198.62,126.21,153.12,54.50,1,-1,-1,-1
141,6,45.61,126.89,25.19,21.18,1,-1,-1,-1
141,13,24.45,126.98,33.08,26.06,1,-1,-1,-1
141,19,0.08,132.25,17.28,29.06,1,-1,-1,-1
141,32,50.52,125.66,23.87,18.97,1,-1,-1,-1
141,40,1.39,126.96,31.12,32.53,1,-1,-1,-1
141,45,99.26,217.80,181.97,130.32,1,-1,-1,-1
141,47,295.08,122.58,57.62,39.10,1,-1,-1,-1
142,1,360.06,125.42,130.12,55.52,1,-1,-1,-1
142,2,82.28,127.48,117.83,55.21,1,-1,-1,-1
142,4,199.16,125.91,153.05,54.83,1,-1,-1,-1
142,6,45.82,126.98,25.13,21.09,1,-1,-1,-1
142,13,24.33,127.01,33.38,26.27,1,-1,-1,-1
142,19,0.11,132.80,17.06,28.70,1,-1,-1,-1
142,40,0.95,125.55,31.79,33.14,1,-1,-1,-1
142,45,103.69,218.52,186.70,131.24,1,-1,-1,-1
142,48,180.53,132.38,69.69,50.72,1,-1,-1,-1
143,1,360.16,125.70,129.36,55.05,1,-1,-1,-1
143,2,81.82,126.77,118.82,55.86,1,-1,-1,-1
143,4,196.97,125.86,153.29,55.17,1,-1,-1,-1
143,6,40.85,127.80,26.34,21.89,1,-1,-1,-1
143,13,24.27,126.70,33.90,26.68,1,-1,-1,-1
143,19,0.17,132.77,17.13,28.81,1,-1,-1,-1
143,40,0.75,124.48,32.59,33.90,1,-1,-1,-1
143,45,107.71,220.03,189.96,131.22,1,-1,-1,-1
143,47,297.07,123.07,60.25,40.78,1,-1,-1,-1
143,48,181.00,131.73,70.55,51.47,1,-1,-1,-1
144,1,360.06,125.72,129.37,54.93,1,-1,-1,-1
144,2,81.41,125.96,120.67,56.97,1,-1,-1,-1
144,4,198.51,126.04,151.25,54.76,1,-1,-1,-1
144,6,39.06,127.93,27.02,22.28,1,-1,-1,-1
144,13,26.04,128.32,32.25,25.45,1,-1,-1,-1
144,19,0.31,133.56,16.72,28.06,1,-1,-1,-1
144,40,0.85,124.89,32.48,33.65,1,-1,-1,-1
144,45,110.49,219.97,196.60,134.17,1,-1,-1,-1
144,47,297.42,123.16,60.22,40.76,1,-1,-1,-1
144,48,181.58,130.96,70.33,51.38,1,-1,-1,-1
145,1,360.01,125.64,129.32,54.78,1,-1,-1,-1
145,2,82.24,123.73,124.10,58.82,1,-1,-1,-1
145,4,201.17,126.30,149.68,54.65,1,-1,-1,-1
145,6,38.56,128.12,27.07,22.33,1,-1,-1,-1
145,13,29.90,129.63,29.77,23.42,1,-1,-1,-1
145,19,0.25,134.19,16.41,27.48,1,-1,-1,-1
145,32,45.58,127.20,25.98,20.66,1,-1,-1,-1
145,40,0.88,124.65,32.63,33.81,1,-1,-1,-1
145,45,112.57,220.23,201.26,135.93,1,-1,-1,-1
145,46,87.30,136.76,96.86,46.92,1,-1,-1,-1
145,47,299.80,123.51,57.49,38.54,1,-1,-1,-1
145,48,181.22,132.26,68.58,50.34,1,-1,-1,-1
146,1,359.88,125.61,129.55,54.77,1,-1,-1,-1
146,2,82.08,123.34,124.99,59.24,1,-1,-1,-1
146,4,196.94,126.51,150.31,54.59,1,-1,-1,-1
146,13,32.12,130.10,28.66,22.51,1,-1,-1,-1
146,19,-0.08,134.51,16.34,27.49,1,-1,-1,-1
146,32,44.99,127.43,26.17,20.81,1,-1,-1,-1
146,45,119.06,220.73,205.09,137.23,1,-1,-1,-1
146,46,85.55,136.94,96.76,46.64,1,-1,-1,-1
146,47,300.43,123.63,57.06,38.25,1,-1,-1,-1
146,48,181.07,132.29,68.59,50.35,1,-1,-1,-1
147,1,359.50,125.59,130.05,54.93,1,-1,-1,-1
147,2,89.62,122.61,117.17,55.64,1,-1,-1,-1
147,4,194.16,126.63,151.07,54.70,1,-1,-1,-1
147,13,32.25,130.41,28.30,22.20,1,-1,-1,-1
147,19,0.10,134.10,16.41,27.59,1,-1,-1,-1
147,32,45.10,127.08,26.46,21.18,1,-1,-1,-1
147,45,123.74,221.97,207.27,137.11,1,-1,-1,-1
147,46,83.53,137.40,95.09,46.12,1,-1,-1,-1
147,47,299.38,123.40,58.30,38.81,1,-1,-1,-1
148,1,359.45,125.67,130.17,54.92,1,-1,-1,-1
148,2,91.73,122.67,114.73,54.57,1,-1,-1,-1
148,4,197.38,126.71,149.31,54.79,1,-1,-1,-1
148,13,32.24,130.49,28.27,22.15,1,-1,-1,-1
148,19,0.17,133.97,16.44,27.59,1,-1,-1,-1
148,32,45.23,126.79,26.65,21.49,1,-1,-1,-1
148,45,129.00,223.14,209.97,137.53,1,-1,-1,-1
148,46,82.76,137.47,94.36,46.00,1,-1,-1,-1
148,47,299.13,123.44,58.47,38.68,1,-1,-1,-1
148,48,181.15,131.64,69.97,51.67,1,-1,-1,-1
149,1,359.32,125.67,130.53,55.03,1,-1,-1,-1
149,2,91.90,122.66,114.23,54.36,1,-1,-1,-1
149,4,198.96,126.67,147.77,54.90,1,-1,-1,-1
149,13,32.22,130.50,28.26,22.13,1,-1,-1,-1
149,19,0.17,133.85,16.50,27.69,1,-1,-1,-1
149,32,45.32,126.77,26.52,21.51,1,-1,-1,-1
149,45,130.18,221.66,219.18,142.56,1,-1,-1,-1
149,46,83.75,137.41,94.54,46.03,1,-1,-1,-1
149,47,298.83,123.37,58.99,38.84,1,-1,-1,-1
149,48,181.24,131.40,69.91,51.97,1,-1,-1,-1
150,1,359.07,125.38,131.30,55.34,1,-1,-1,-1
150,2,92.76,122.62,113.71,54.21,1,-1,-1,-1
150,4,195.33,126.43,148.79,55.01,1,-1,-1,-1
150,13,30.30,131.54,28.35,22.31,1,-1,-1,-1
150,19,0.22,134.18,16.33,27.33,1,-1,-1,-1
150,32,45.61,126.99,26.10,21.26,1,-1,-1,-1
150,45,133.56,222.66,223.40,144.05,1,-1,-1,-1
150,46,82.64,137.43,94.10,45.91,1,-1,-1,-1
150,47,298.57,123.26,59.16,38.80,1,-1,-1,-1
150,48,181.12,131.30,70.20,52.18,1,-1,-1,-1
151,1,359.19,125.55,131.15,55.25,1,-1,-1,-1
151,2,90.14,121.58,116.78,56.05,1,-1,-1,-1
151,4,193.50,125.47,152.54,56.24,1,-1,-1,-1
151,13,26.22,129.81,30.82,24.05,1,-1,-1,-1
151,19,0.21,133.55,16.64,27.88,1,-1,-1,-1
151,32,49.44,126.19,24.39,19.89,1,-1,-1,-1
151,45,138.04,223.69,227.03,145.29,1,-1,-1,-1
151,46,79.14,136.79,94.50,46.72,1,-1,-1,-1
151,47,298.84,123.29,58.97,38.67,1,-1,-1,-1
152,1,359.53,125.95,130.44,54.88,1,-1,-1,-1
152,2,89.49,123.72,114.49,55.20,1,-1,-1,-1
152,4,194.90,125.19,153.43,56.33,1,-1,-1,-1
152,13,26.40,130.54,30.42,23.67,1,-1,-1,-1
152,19,0.19,133.17,16.84,28.24,1,-1,-1,-1
152,32,50.79,125.50,24.23,19.80,1,-1,-1,-1
152,40,2.83,129.40,29.53,29.65,1,-1,-1,-1
152,45,145.80,225.36,231.13,146.93,1,-1,-1,-1
152,46,78.09,136.62,93.10,46.78,1,-1,-1,-1
153,1,359.63,126.12,130.17,54.69,1,-1,-1,-1
153,2,89.62,123.62,114.51,55.21,1,-1,-1,-1
153,4,193.69,124.88,154.46,56.61,1,-1,-1,-1
153,13,26.45,130.80,30.34,23.54,1,-1,-1,-1
153,19,0.21,133.15,16.84,28.26,1,-1,-1,-1
153,32,51.31,125.34,24.02,19.68,1,-1,-1,-1
153,40,2.75,129.89,29.78,29.19,1,-1,-1,-1
153,45,151.52,225.71,235.43,148.72,1,-1,-1,-1
153,46,78.75,136.67,91.63,46.61,1,-1,-1,-1
154,1,359.64,126.06,130.15,54.62,1,-1,-1,-1
154,4,194.09,125.02,153.87,56.18,1,-1,-1,-1
154,13,26.44,130.90,30.39,23.52,1,-1,-1,-1
154,19,0.12,133.79,16.47,27.73,1,-1,-1,-1
154,32,51.47,125.22,23.96,19.69,1,-1,-1,-1
154,40,2.41,130.13,30.10,29.00,1,-1,-1,-1
154,45,157.33,226.93,241.78,151.82,1,-1,-1,-1
154,46,80.46,136.17,91.96,47.09,1,-1,-1,-1
155,1,359.71,126.21,130.40,54.69,1,-1,-1,-1
155,2,82.03,127.29,115.61,55.92,1,-1,-1,-1
155,4,195.58,124.83,154.48,56.61,1,-1,-1,-1
155,13,25.88,130.95,30.88,23.60,1,-1,-1,-1
155,19,0.10,133.13,16.86,28.39,1,-1,-1,-1
155,32,51.84,125.11,23.87,19.62,1,-1,-1,-1
155,40,1.27,126.48,33.69,32.38,1,-1,-1,-1
155,45,165.69,227.94,244.96,152.43,1,-1,-1,-1
155,46,79.98,136.08,92.10,47.16,1,-1,-1,-1
155,48,182.04,131.37,70.15,52.24,1,-1,-1,-1
156,1,359.64,126.26,130.73,54.83,1,-1,-1,-1
156,2,81.07,127.58,115.81,56.26,1,-1,-1,-1
156,4,195.32,124.75,154.36,56.75,1,-1,-1,-1
156,13,25.75,130.86,31.31,23.71,1,-1,-1,-1
156,19,0.12,132.74,17.03,28.66,1,-1,-1,-1
156,40,1.27,126.23,33.92,32.61,1,-1,-1,-1
156,45,174.19,227.23,251.29,154.67,1,-1,-1,-1
156,48,182.05,131.32,70.31,52.36,1,-1,-1,-1
157,1,359.33,126.12,130.42,54.61,1,-1,-1,-1
157,2,81.56,127.51,115.55,56.20,1,-1,-1,-1
157,4,197.94,124.60,153.33,56.73,1,-1,-1,-1
157,13,26.02,130.88,31.24,23.57,1,-1,-1,-1
157,19,0.13,132.64,17.02,28.65,1,-1,-1,-1
157,45,181.23,229.47,257.98,157.52,1,-1,-1,-1
157,48,182.64,131.32,70.08,52.03,1,-1,-1,-1
158,1,359.16,126.05,130.46,54.54,1,-1,-1,-1
158,2,82.30,127.74,114.96,55.91,1,-1,-1,-1
158,4,199.58,124.52,152.52,56.78,1,-1,-1,-1
158,13,26.17,130.93,31.22,23.46,1,-1,-1,-1
158,19,0.15,132.66,16.98,28.56,1,-1,-1,-1
158,40,-0.78,124.34,34.62,33.77,1,-1,-1,-1
158,45,189.52,230.30,265.80,161.21,1,-1,-1,-1
158,48,182.74,131.25,70.20,52.00,1,-1,-1,-1
159,1,358.85,125.73,131.15,54.79,1,-1,-1,-1
159,2,82.71,127.60,114.48,55.73,1,-1,-1,-1
159,4,201.65,125.00,149.40,55.91,1,-1,-1,-1
159,13,24.69,130.44,32.33,24.13,1,-1,-1,-1
159,19,0.07,132.35,17.12,28.82,1,-1,-1,-1
159,40,-1.01,123.95,34.93,34.07,1,-1,-1,-1
159,45,201.25,232.77,273.47,164.95,1,-1,-1,-1
159,48,182.19,129.93,71.71,53.28,1,-1,-1,-1
160,1,358.49,125.52,131.96,55.12,1,-1,-1,-1
160,2,82.93,127.04,116.31,56.71,1,-1,-1,-1
160,4,198.62,125.35,149.31,55.64,1,-1,-1,-1
160,13,23.87,130.21,32.90,24.43,1,-1,-1,-1
160,19,-0.01,131.88,17.23,29.08,1,-1,-1,-1
160,32,46.70,123.95,25.58,21.13,1,-1,-1,-1
160,45,213.36,234.48,277.70,165.91,1,-1,-1,-1
160,48,181.82,129.84,71.73,53.50,1,-1,-1,-1
161,1,357.25,125.20,133.71,55.95,1,-1,-1,-1
161,2,82.99,126.10,117.58,57.36,1,-1,-1,-1
161,4,195.27,125.89,150.03,55.55,1,-1,-1,-1
161,13,23.55,130.20,33.04,24.53,1,-1,-1,-1
161,19,-0.12,131.49,17.42,29.50,1,-1,-1,-1
161,32,45.34,124.73,26.61,21.74,1,-1,-1,-1
161,45,228.09,237.00,283.43,167.40,1,-1,-1,-1
161,48,181.77,129.67,72.00,53.71,1,-1,-1,-1
162,1,356.85,125.07,134.36,56.30,1,-1,-1,-1
162,2,83.06,125.54,118.50,57.86,1,-1,-1,-1
162,4,193.70,126.05,150.80,55.51,1,-1,-1,-1
162,19,-0.15,131.50,17.42,29.59,1,-1,-1,-1
162,32,44.34,124.57,27.75,22.51,1,-1,-1,-1
162,45,239.13,238.76,294.69,173.08,1,-1,-1,-1
163,1,356.77,125.02,134.56,56.47,1,-1,-1,-1
163,2,83.26,125.39,118.59,57.91,1,-1,-1,-1
163,4,192.69,126.06,151.78,55.61,1,-1,-1,-1
163,19,-0.13,131.49,17.39,29.62,1,-1,-1,-1
163,32,44.27,125.20,27.66,22.21,1,-1,-1,-1
163,45,250.45,241.95,305.78,177.87,1,-1,-1,-1
164,1,357.19,125.45,133.57,56.05,1,-1,-1,-1
164,2,81.66,123.19,122.89,60.19,1,-1,-1,-1
164,4,192.09,125.79,152.69,55.72,1,-1,-1,-1
164,6,36.44,128.32,28.06,22.79,1,-1,-1,-1
164,19,-0.21,130.79,17.68,30.26,1,-1,-1,-1
164,32,43.91,125.18,27.85,22.36,1,-1,-1,-1
164,45,267.08,244.68,316.05,182.32,1,-1,-1,-1
165,1,357.02,125.57,133.77,56.16,1,-1,-1,-1
165,2,81.29,122.90,123.75,60.62,1,-1,-1,-1
165,4,191.43,125.70,153.41,55.82,1,-1,-1,-1
165,6,36.07,128.26,28.55,22.90,1,-1,-1,-1
165,19,-0.27,130.56,17.73,30.47,1,-1,-1,-1
165,45,284.71,245.50,325.22,185.79,1,-1,-1,-1
166,1,356.88,125.58,133.97,56.28,1,-1,-1,-1
166,2,81.38,122.41,124.27,61.05,1,-1,-1,-1
166,4,191.03,125.65,154.16,55.93,1,-1,-1,-1
166,6,36.36,127.95,29.21,23.14,1,-1,-1,-1
166,13,21.43,127.12,36.26,26.90,1,-1,-1,-1
166,19,-0.30,130.38,17.77,30.66,1,-1,-1,-1
166,45,297.90,248.13,343.29,194.81,1,-1,-1,-1
167,1,357.56,125.86,132.88,55.78,1,-1,-1,-1
167,2,81.04,122.10,125.13,61.47,1,-1,-1,-1
167,4,190.64,125.49,155.45,56.24,1,-1,-1,-1
167,6,36.30,127.93,29.28,23.19,1,-1,-1,-1
167,13,22.56,127.74,35.15,26.06,1,-1,-1,-1
167,19,-0.29,130.26,17.85,30.93,1,-1,-1,-1
167,32,45.58,123.84,28.92,23.27,1,-1,-1,-1
167,45,314.46,244.91,364.17,206.00,1,-1,-1,-1
168,1,357.54,125.93,132.87,55.77,1,-1,-1,-1
168,2,81.24,122.23,125.07,61.71,1,-1,-1,-1
168,4,190.02,125.43,156.44,56.49,1,-1,-1,-1
168,6,37.43,127.34,30.65,23.69,1,-1,-1,-1
168,13,22.34,127.56,35.36,26.22,1,-1,-1,-1
168,19,-0.21,130.15,17.82,30.93,1,-1,-1,-1
168,32,45.83,123.72,29.51,23.64,1,-1,-1,-1
168,45,336.76,249.60,375.87,210.79,1,-1,-1,-1
169,1,357.43,125.85,132.91,55.77,1,-1,-1,-1
169,2,82.41,123.45,121.80,60.22,1,-1,-1,-1
169,4,190.99,125.76,155.80,56.03,1,-1,-1,-1
169,6,37.81,126.97,30.40,23.21,1,-1,-1,-1
169,19,-0.18,130.40,17.64,30.69,1,-1,-1,-1
169,32,47.19,124.69,28.01,22.23,1,-1,-1,-1
169,45,356.58,250.69,395.10,220.86,1,-1,-1,-1
170,1,357.33,125.83,133.00,55.80,1,-1,-1,-1
170,2,83.05,124.04,120.13,59.47,1,-1,-1,-1
170,4,190.84,125.79,156.02,55.95,1,-1,-1,-1
170,6,36.60,127.03,30.51,22.89,1,-1,-1,-1
170,13,28.34,130.51,29.78,21.82,1,-1,-1,-1
170,19,-0.21,130.35,17.59,30.74,1,-1,-1,-1
170,32,50.38,125.16,25.58,20.31,1,-1,-1,-1
170,45,384.63,256.42,407.45,225.68,1,-1,-1,-1
171,1,357.49,125.48,132.97,55.79,1,-1,-1,-1
171,2,82.96,123.99,120.36,59.58,1,-1,-1,-1
171,4,191.18,125.91,155.51,55.52,1,-1,-1,-1
171,6,36.34,126.98,29.78,22.15,1,-1,-1,-1
171,13,27.31,130.92,28.40,21.01,1,-1,-1,-1
171,19,0.48,130.75,17.36,30.09,1,-1,-1,-1
171,32,47.23,125.09,26.33,20.97,1,-1,-1,-1
171,45,415.83,261.74,425.49,233.66,1,-1,-1,-1
171,46,81.62,136.63,91.79,47.06,1,-1,-1,-1
172,1,357.43,125.25,133.16,55.89,1,-1,-1,-1
172,2,84.73,126.36,115.27,56.68,1,-1,-1,-1
172,4,191.03,125.96,155.73,55.38,1,-1,-1,-1
172,6,35.86,124.80,31.79,23.79,1,-1,-1,-1
172,13,26.72,129.58,29.63,22.22,1,-1,-1,-1
172,19,0.61,130.65,17.56,30.28,1,-1,-1,-1
172,32,47.21,125.11,26.26,20.91,1,-1,-1,-1
172,40,2.08,127.70,30.05,29.22,1,-1,-1,-1
172,45,447.51,265.73,449.06,244.96,1,-1,-1,-1
172,46,81.65,136.65,91.80,47.06,1,-1,-1,-1
173,1,357.45,125.17,133.18,55.92,1,-1,-1,-1
173,2,84.67,126.39,115.74,56.66,1,-1,-1,-1
173,4,190.99,126.01,155.83,55.21,1,-1,-1,-1
173,6,40.16,125.21,29.43,22.24,1,-1,-1,-1
173,13,29.16,129.92,28.44,21.11,1,-1,-1,-1
173,19,1.33,132.69,16.69,28.23,1,-1,-1,-1
173,40,0.26,126.55,31.36,31.00,1,-1,-1,-1
173,45,476.25,272.69,471.16,255.30,1,-1,-1,-1
173,52,69.06,122.25,30.50,22.66,1,-1,-1,-1
174,1,357.44,125.06,133.25,55.98,1,-1,-1,-1
174,2,84.44,126.30,116.31,56.74,1,-1,-1,-1
174,4,191.20,126.03,156.23,55.15,1,-1,-1,-1
174,6,41.81,125.16,29.26,22.28,1,-1,-1,-1
174,13,28.93,129.29,29.29,21.66,1,-1,-1,-1
174,19,1.60,132.26,17.19,28.59,1,-1,-1,-1
174,40,1.42,127.24,31.10,30.53,1,-1,-1,-1
174,45,515.54,282.68,494.96,265.65,1,-1,-1,-1
174,52,69.03,122.13,31.11,23.11,1,-1,-1,-1
175,1,357.45,125.02,133.28,56.01,1,-1,-1,-1
175,2,84.24,126.31,116.76,56.77,1,-1,-1,-1
175,4,191.00,126.02,156.79,55.18,1,-1,-1,-1
175,6,45.69,126.29,26.52,20.45,1,-1,-1,-1
175,13,26.47,128.65,30.73,22.70,1,-1,-1,-1
175,19,1.86,134.28,16.17,26.27,1,-1,-1,-1
175,40,-0.99,125.76,33.18,33.49,1,-1,-1,-1
175,45,554.39,289.68,515.93,274.97,1,-1,-1,-1
175,52,68.22,122.35,30.87,22.99,1,-1,-1,-1
176,1,357.79,125.03,132.94,55.88,1,-1,-1,-1
176,2,82.98,124.94,120.54,58.66,1,-1,-1,-1
176,4,190.64,125.81,157.78,55.40,1,-1,-1,-1
176,6,46.60,126.21,26.18,20.19,1,-1,-1,-1
176,13,26.63,129.38,29.59,22.01,1,-1,-1,-1
176,19,2.08,134.60,15.94,25.89,1,-1,-1,-1
176,32,39.87,126.20,27.83,22.01,1,-1,-1,-1
176,40,-1.31,125.63,33.53,33.85,1,-1,-1,-1
176,45,598.24,293.70,546.06,288.97,1,-1,-1,-1
176,52,68.95,122.29,31.14,23.22,1,-1,-1,-1
177,1,358.20,125.12,132.63,55.77,1,-1,-1,-1
177,2,83.13,125.43,119.61,58.13,1,-1,-1,-1
177,4,191.02,125.85,157.96,55.24,1,-1,-1,-1
177,6,49.83,126.43,24.82,19.33,1,-1,-1,-1
177,13,26.21,129.66,29.04,21.57,1,-1,-1,-1
177,32,39.44,127.14,27.25,21.18,1,-1,-1,-1
177,40,1.02,129.63,31.45,31.39,1,-1,-1,-1
177,45,643.40,295.54,585.83,309.43,1,-1,-1,-1
177,52,68.27,122.56,30.95,23.20,1,-1,-1,-1
178,1,358.49,125.27,132.30,55.63,1,-1,-1,-1
178,2,82.06,124.19,121.85,59.38,1,-1,-1,-1
178,4,191.08,125.74,158.88,55.39,1,-1,-1,-1
178,6,47.97,126.72,24.61,19.28,1,-1,-1,-1
178,13,24.28,130.75,28.29,21.02,1,-1,-1,-1
178,32,33.10,127.58,27.51,21.54,1,-1,-1,-1
178,40,3.90,126.87,32.01,30.86,1,-1,-1,-1
178,45,700.00,306.83,605.90,317.19,1,-1,-1,-1
178,52,69.17,122.44,30.49,22.88,1,-1,-1,-1
178,53,1873.41,492.54,27.65,139.40,1,-1,-1,-1
179,1,358.93,125.74,131.41,55.21,1,-1,-1,-1
179,2,81.45,123.08,124.09,60.68,1,-1,-1,-1
179,4,191.69,125.88,158.66,55.10,1,-1,-1,-1
179,6,47.21,126.95,25.24,19.90,1,-1,-1,-1
179,13,24.50,130.87,28.24,21.31,1,-1,-1,-1
179,32,31.85,127.89,27.20,21.72,1,-1,-1,-1
179,40,2.19,129.76,30.08,29.18,1,-1,-1,-1
179,45,760.46,319.55,635.70,330.58,1,-1,-1,-1
179,52,68.36,122.60,30.58,23.06,1,-1,-1,-1
179,53,1860.25,484.51,31.17,145.70,1,-1,-1,-1
180,1,358.84,125.60,131.73,55.36,1,-1,-1,-1
180,2,81.58,123.29,123.73,60.61,1,-1,-1,-1
180,4,191.79,125.79,159.20,55.14,1,-1,-1,-1
180,6,47.08,127.05,25.21,20.00,1,-1,-1,-1
180,13,26.54,131.63,27.42,20.82,1,-1,-1,-1
180,32,33.62,127.36,26.57,21.41,1,-1,-1,-1
180,40,-0.03,132.56,27.57,27.19,1,-1,-1,-1
180,45,823.36,335.12,661.33,341.86,1,-1,-1,-1
180,52,68.33,122.66,29.90,22.68,1,-1,-1,-1
180,53,1847.79,477.29,34.92,146.25,1,-1,-1,-1
181,1,358.23,125.55,132.97,55.92,1,-1,-1,-1
181,2,81.42,122.52,123.88,60.85,1,-1,-1,-1
181,4,190.29,125.62,160.91,55.88,1,-1,-1,-1
181,6,47.80,127.87,23.91,18.92,1,-1,-1,-1
181,13,26.50,131.75,28.82,21.89,1,-1,-1,-1
181,19,2.14,133.44,17.65,27.68,1,-1,-1,-1
181,32,32.64,127.51,26.57,21.41,1,-1,-1,-1
181,40,-0.23,133.21,27.10,26.72,1,-1,-1,-1
181,45,884.52,342.37,711.98,366.61,1,-1,-1,-1
181,52,68.20,122.70,29.89,22.67,1,-1,-1,-1
181,53,1836.32,471.58,39.87,147.12,1,-1,-1,-1
182,1,358.10,125.53,133.26,56.06,1,-1,-1,-1
182,2,81.56,122.24,123.70,60.92,1,-1,-1,-1
182,4,189.63,125.56,161.35,56.15,1,-1,-1,-1
182,6,47.92,128.12,23.30,18.34,1,-1,-1,-1
182,13,27.72,131.37,28.46,21.72,1,-1,-1,-1
182,19,0.86,130.76,19.40,30.37,1,-1,-1,-1
182,45,955.49,360.00,739.68,378.52,1,-1,-1,-1
182,53,1824.65,467.53,46.11,148.42,1,-1,-1,-1
183,1,358.05,125.52,133.33,56.11,1,-1,-1,-1
183,2,81.40,122.05,123.44,60.95,1,-1,-1,-1
183,4,189.47,124.91,162.90,57.15,1,-1,-1,-1
183,6,47.44,128.14,23.51,18.42,1,-1,-1,-1
183,13,28.31,131.38,28.32,21.71,1,-1,-1,-1
183,19,0.24,130.75,19.23,30.30,1,-1,-1,-1
183,45,1034.37,375.41,771.09,393.46,1,-1,-1,-1
183,53,1815.93,462.12,53.34,150.11,1,-1,-1,-1
184,1,357.77,125.22,134.18,56.56,1,-1,-1,-1
184,2,81.89,122.53,121.75,60.15,1,-1,-1,-1
184,4,189.95,125.40,161.09,56.71,1,-1,-1,-1
184,6,48.13,124.99,25.91,20.62,1,-1,-1,-1
184,13,27.59,130.90,29.15,22.36,1,-1,-1,-1
184,19,-0.33,132.02,18.39,29.39,1,-1,-1,-1
184,40,-1.53,125.80,32.21,32.32,1,-1,-1,-1
184,45,1132.84,409.02,771.60,394.79,1,-1,-1,-1
184,48,181.98,129.39,71.76,54.27,1,-1,-1,-1
184,53,1807.43,455.74,54.93,154.58,1,-1,-1,-1
184,54,1181.13,185.77,144.90,82.86,1,-1,-1,-1
185,1,357.72,125.11,134.35,56.71,1,-1,-1,-1
185,2,81.89,122.48,121.67,60.19,1,-1,-1,-1
185,4,189.97,124.86,162.60,57.71,1,-1,-1,-1
185,6,48.35,123.76,26.71,21.58,1,-1,-1,-1
185,13,27.03,130.59,29.77,22.84,1,-1,-1,-1
185,19,-0.34,132.15,18.07,29.13,1,-1,-1,-1
185,40,-1.64,124.91,32.76,33.41,1,-1,-1,-1
185,45,1198.60,415.86,765.69,397.16,1,-1,-1,-1
185,48,181.97,129.38,71.79,54.29,1,-1,-1,-1
185,54,1171.39,187.27,146.51,83.49,1,-1,-1,-1
186,1,357.96,124.95,134.02,56.65,1,-1,-1,-1
186,2,82.05,122.44,121.52,60.21,1,-1,-1,-1
186,4,189.98,125.26,160.30,56.86,1,-1,-1,-1
186,6,47.08,124.01,26.96,21.91,1,-1,-1,-1
186,13,27.16,131.35,29.40,22.65,1,-1,-1,-1
186,19,-0.09,132.44,17.68,28.64,1,-1,-1,-1
186,40,-2.40,124.91,30.29,31.81,1,-1,-1,-1
186,45,1282.94,428.12,711.96,376.80,1,-1,-1,-1
186,54,1164.34,188.88,145.69,82.64,1,-1,-1,-1
187,1,357.90,124.94,133.86,56.61,1,-1,-1,-1
187,2,82.05,122.34,121.68,60.38,1,-1,-1,-1
187,4,190.66,125.18,158.88,56.73,1,-1,-1,-1
187,6,46.87,124.52,26.52,21.65,1,-1,-1,-1
187,13,26.97,130.87,29.51,22.74,1,-1,-1,-1
187,19,-0.04,132.33,17.63,28.70,1,-1,-1,-1
187,40,-0.09,127.98,28.81,30.13,1,-1,-1,-1
187,45,1391.54,443.54,626.63,341.53,1,-1,-1,-1
187,54,1156.43,191.78,146.04,82.42,1,-1,-1,-1
188,1,358.15,125.00,133.62,56.56,1,-1,-1,-1
188,2,81.95,122.38,121.85,60.57,1,-1,-1,-1
188,4,190.88,125.50,157.55,56.36,1,-1,-1,-1
188,6,47.06,125.06,25.92,21.23,1,-1,-1,-1
188,13,27.46,131.12,28.89,22.27,1,-1,-1,-1
188,19,0.09,133.00,17.32,28.24,1,-1,-1,-1
188,40,1.58,130.87,26.75,27.79,1,-1,-1,-1
188,45,1463.46,442.53,609.62,350.47,1,-1,-1,-1
188,54,1147.30,193.06,147.61,82.81,1,-1,-1,-1
189,1,358.44,125.18,133.11,56.38,1,-1,-1,-1
189,2,81.83,122.27,122.06,60.68,1,-1,-1,-1
189,4,190.80,125.56,157.18,56.18,1,-1,-1,-1
189,6,47.23,125.36,25.56,21.00,1,-1,-1,-1
189,13,27.44,131.12,28.84,22.22,1,-1,-1,-1
189,19,0.11,133.18,17.26,28.22,1,-1,-1,-1
189,40,1.98,131.29,26.87,27.75,1,-1,-1,-1
189,45,1526.73,447.57,595.63,367.16,1,-1,-1,-1
189,54,1137.79,194.58,152.19,84.92,1,-1,-1,-1
190,1,358.61,125.25,132.85,56.29,1,-1,-1,-1
190,4,195.51,125.75,154.64,55.97,1,-1,-1,-1
190,6,47.21,125.31,25.55,21.06,1,-1,-1,-1
190,13,27.39,131.07,28.90,22.27,1,-1,-1,-1
190,19,0.13,133.28,17.20,28.19,1,-1,-1,-1
190,40,2.09,131.42,26.96,27.72,1,-1,-1,-1
190,45,1580.90,455.98,603.55,372.04,1,-1,-1,-1
190,48,181.77,129.36,70.78,54.21,1,-1,-1,-1
190,54,1130.07,195.63,156.04,86.66,1,-1,-1,-1
191,1,357.56,125.17,133.69,56.65,1,-1,-1,-1
191,2,83.35,131.64,106.79,52.59,1,-1,-1,-1
191,4,199.50,125.82,151.19,55.08,1,-1,-1,-1
191,6,49.82,124.60,24.55,20.52,1,-1,-1,-1
191,13,29.05,131.91,27.81,21.41,1,-1,-1,-1
191,19,0.00,133.12,17.14,28.19,1,-1,-1,-1
191,40,2.22,131.66,26.78,27.54,1,-1,-1,-1
191,48,182.30,130.71,67.07,51.99,1,-1,-1,-1
191,54,1123.30,196.24,158.61,87.77,1,-1,-1,-1
192,1,357.32,125.26,133.70,56.62,1,-1,-1,-1
192,2,83.10,133.20,104.70,51.17,1,-1,-1,-1
192,4,201.96,125.84,149.22,54.67,1,-1,-1,-1
192,6,50.88,124.30,24.08,20.32,1,-1,-1,-1
192,13,29.86,132.33,27.22,20.92,1,-1,-1,-1
192,19,-0.10,133.36,16.90,27.90,1,-1,-1,-1
192,32,38.41,128.78,25.07,20.30,1,-1,-1,-1
192,48,182.66,131.16,65.56,51.24,1,-1,-1,-1
192,54,1112.09,196.08,164.52,91.27,1,-1,-1,-1
193,1,357.18,125.05,133.76,56.66,1,-1,-1,-1
193,2,83.56,127.46,113.05,55.30,1,-1,-1,-1
193,4,201.06,125.33,151.78,56.06,1,-1,-1,-1
193,6,51.30,124.11,24.03,20.28,1,-1,-1,-1
193,13,29.88,132.92,26.97,20.83,1,-1,-1,-1
193,19,-0.02,133.73,16.66,27.53,1,-1,-1,-1
193,32,38.52,128.91,24.98,20.22,1,-1,-1,-1
193,48,183.36,130.59,65.41,51.38,1,-1,-1,-1
193,52,46.89,127.92,24.44,18.68,1,-1,-1,-1
193,54,1106.66,197.37,164.71,91.05,1,-1,-1,-1
194,1,356.75,124.91,134.48,56.99,1,-1,-1,-1
194,2,83.72,127.51,112.74,55.15,1,-1,-1,-1
194,4,203.85,125.63,147.46,54.65,1,-1,-1,-1
194,13,30.08,133.16,26.69,20.70,1,-1,-1,-1
194,19,0.03,133.89,16.55,27.38,1,-1,-1,-1
194,46,79.26,135.28,93.22,48.53,1,-1,-1,-1
194,48,183.69,130.49,64.95,51.23,1,-1,-1,-1
194,52,46.32,128.06,24.13,18.57,1,-1,-1,-1
194,54,1098.76,197.63,169.86,93.84,1,-1,-1,-1
195,1,356.88,124.97,134.36,56.97,1,-1,-1,-1
195,4,204.47,125.81,146.13,54.25,1,-1,-1,-1
195,6,51.54,125.23,23.51,19.97,1,-1,-1,-1
195,13,30.00,133.23,26.58,20.71,1,-1,-1,-1
195,19,0.08,134.04,16.45,27.23,1,-1,-1,-1
195,40,-1.21,128.64,27.57,28.86,1,-1,-1,-1
195,46,79.51,135.18,92.36,48.54,1,-1,-1,-1
195,48,183.74,130.43,64.80,51.33,1,-1,-1,-1
195,52,45.00,128.38,23.82,18.33,1,-1,-1,-1
195,54,1095.10,199.95,168.17,92.49,1,-1,-1,-1
196,1,356.90,124.93,134.36,56.99,1,-1,-1,-1
196,4,205.61,125.54,146.79,54.92,1,-1,-1,-1
196,6,51.66,125.40,23.29,19.91,1,-1,-1,-1
196,13,29.88,133.20,26.61,20.82,1,-1,-1,-1
196,19,0.06,133.89,16.52,27.36,1,-1,-1,-1
196,40,-1.33,127.99,27.74,29.44,1,-1,-1,-1
196,46,79.82,135.21,91.76,48.49,1,-1,-1,-1
196,48,184.55,129.59,66.25,52.26,1,-1,-1,-1
196,54,1088.66,200.34,170.95,93.66,1,-1,-1,-1
197,1,357.04,125.07,134.12,56.92,1,-1,-1,-1
197,4,200.91,125.08,150.81,56.52,1,-1,-1,-1
197,6,49.88,127.43,21.95,18.62,1,-1,-1,-1
197,13,29.63,132.65,26.67,20.90,1,-1,-1,-1
197,19,0.18,133.95,16.49,27.31,1,-1,-1,-1
197,40,-1.60,127.80,27.81,29.51,1,-1,-1,-1
197,46,80.17,135.09,92.01,48.67,1,-1,-1,-1
197,48,184.36,129.46,66.88,52.69,1,-1,-1,-1
197,54,1081.64,198.89,176.71,96.85,1,-1,-1,-1
197,56,1665.14,428.24,243.15,167.82,1,-1,-1,-1
198,1,357.13,125.19,133.81,56.81,1,-1,-1,-1
198,4,201.19,125.26,148.45,55.66,1,-1,-1,-1
198,6,49.28,127.21,22.47,19.01,1,-1,-1,-1
198,13,29.58,132.42,26.74,20.99,1,-1,-1,-1
198,19,0.16,133.80,16.56,27.45,1,-1,-1,-1
198,46,79.53,135.55,90.37,48.14,1,-1,-1,-1
198,48,184.15,129.42,67.36,52.98,1,-1,-1,-1
198,54,1077.53,198.97,178.22,97.63,1,-1,-1,-1
198,56,1656.37,425.12,250.14,172.21,1,-1,-1,-1
199,1,357.26,125.26,133.56,56.72,1,-1,-1,-1
199,4,202.29,125.42,146.79,55.08,1,-1,-1,-1
199,6,51.21,126.72,22.23,18.92,1,-1,-1,-1
199,13,29.89,132.43,26.55,20.88,1,-1,-1,-1
199,19,0.17,133.82,16.53,27.42,1,-1,-1,-1
199,46,79.29,135.95,88.97,47.69,1,-1,-1,-1
199,48,184.19,129.47,67.39,52.89,1,-1,-1,-1
199,54,1074.72,200.38,177.51,97.03,1,-1,-1,-1
199,56,1646.36,421.71,256.17,175.58,1,-1,-1,-1
200,1,357.32,125.28,133.39,56.66,1,-1,-1,-1
200,4,202.57,125.49,146.57,55.03,1,-1,-1,-1
200,6,52.08,126.74,21.91,18.72,1,-1,-1,-1
200,13,30.02,132.45,26.38,20.79,1,-1,-1,-1
200,19,0.17,133.85,16.51,27.39,1,-1,-1,-1
200,46,79.39,136.10,88.11,47.47,1,-1,-1,-1
200,48,183.92,129.46,67.66,53.01,1,-1,-1,-1
200,54,1071.74,202.11,177.11,96.54,1,-1,-1,-1
200,56,1627.36,421.28,280.25,191.63,1,-1,-1,-1
201,1,358.10,125.60,132.96,56.50,1,-1,-1,-1
201,2,81.58,124.42,120.30,59.09,1,-1,-1,-1
201,4,197.11,125.17,150.72,56.14,1,-1,-1,-1
201,6,51.00,124.65,23.91,20.64,1,-1,-1,-1
201,13,28.70,131.11,28.08,22.12,1,-1,-1,-1
201,19,0.10,132.73,17.05,28.29,1,-1,-1,-1
201,46,79.18,136.16,87.96,47.39,1,-1,-1,-1
201,48,183.98,129.41,67.69,53.04,1,-1,-1,-1
201,54,1071.22,204.53,172.30,93.34,1,-1,-1,-1
201,56,1612.26,416.51,295.19,201.13,1,-1,-1,-1
202,1,358.69,125.68,132.51,56.32,1,-1,-1,-1
202,2,81.61,124.10,120.50,59.37,1,-1,-1,-1
202,4,195.99,124.54,153.64,57.24,1,-1,-1,-1
202,6,49.98,125.89,22.99,19.65,1,-1,-1,-1
202,13,28.21,130.62,28.67,22.54,1,-1,-1,-1
202,19,-0.07,131.22,17.79,29.57,1,-1,-1,-1
202,52,37.15,129.83,26.38,20.40,1,-1,-1,-1
202,54,1068.08,204.97,174.68,94.21,1,-1,-1,-1
202,56,1598.07,411.19,305.35,206.68,1,-1,-1,-1
203,1,358.93,125.74,132.20,56.20,1,-1,-1,-1
203,2,81.91,124.53,120.02,59.17,1,-1,-1,-1
203,4,195.82,125.21,153.53,56.53,1,-1,-1,-1
203,6,49.91,124.07,24.52,21.15,1,-1,-1,-1
203,13,27.80,130.17,29.27,22.99,1,-1,-1,-1
203,19,-0.08,131.37,17.60,29.28,1,-1,-1,-1
203,52,35.94,130.08,26.49,20.49,1,-1,-1,-1
203,54,1066.39,205.72,174.58,93.60,1,-1,-1,-1
203,56,1585.98,409.12,309.90,207.13,1,-1,-1,-1
204,1,359.03,125.83,131.99,56.11,1,-1,-1,-1
204,2,82.24,124.72,119.17,58.75,1,-1,-1,-1
204,4,195.40,125.50,154.28,56.22,1,-1,-1,-1
204,6,48.58,124.19,24.94,21.58,1,-1,-1,-1
204,13,28.28,130.14,28.76,22.56,1,-1,-1,-1
204,19,0.10,131.86,17.23,28.61,1,-1,-1,-1
204,54,1064.53,206.04,175.89,93.85,1,-1,-1,-1
204,56,1569.38,402.81,315.94,207.30,1,-1,-1,-1
205,1,359.13,125.63,132.34,56.32,1,-1,-1,-1
205,2,83.20,128.12,113.22,55.44,1,-1,-1,-1
205,4,196.43,125.06,154.82,56.47,1,-1,-1,-1
205,6,48.60,125.47,23.51,20.15,1,-1,-1,-1
205,13,27.94,129.91,28.92,22.72,1,-1,-1,-1
205,19,-0.05,131.57,17.40,28.98,1,-1,-1,-1
205,54,1063.42,206.43,176.53,93.82,1,-1,-1,-1
205,56,1549.19,396.66,325.36,209.56,1,-1,-1,-1
206,1,358.80,125.58,132.77,56.55,1,-1,-1,-1
206,2,83.38,128.91,112.11,54.66,1,-1,-1,-1
206,4,196.74,125.15,154.08,56.12,1,-1,-1,-1
206,6,47.68,124.72,24.87,21.32,1,-1,-1,-1
206,13,27.64,129.91,29.08,22.86,1,-1,-1,-1
206,19,-0.14,131.21,17.59,29.34,1,-1,-1,-1
206,54,1062.73,206.60,177.39,93.94,1,-1,-1,-1
206,56,1529.67,393.92,324.82,204.74,1,-1,-1,-1
207,1,358.74,125.57,132.74,56.59,1,-1,-1,-1
207,2,82.65,127.75,114.66,55.95,1,-1,-1,-1
207,4,196.33,125.07,154.79,56.31,1,-1,-1,-1
207,6,47.77,125.46,24.44,20.86,1,-1,-1,-1
207,13,28.32,130.32,28.44,22.40,1,-1,-1,-1
207,19,-0.09,131.71,17.34,28.97,1,-1,-1,-1
207,54,1062.37,206.58,178.11,94.02,1,-1,-1,-1
207,56,1502.83,389.42,320.75,197.13,1,-1,-1,-1
208,1,358.80,125.57,132.62,56.58,1,-1,-1,-1
208,2,82.44,127.41,115.32,56.30,1,-1,-1,-1
208,4,196.41,125.09,154.81,56.23,1,-1,-1,-1
208,6,47.74,125.68,24.38,20.75,1,-1,-1,-1
208,13,28.54,130.47,28.20,22.25,1,-1,-1,-1
208,19,-0.06,131.92,17.22,28.82,1,-1,-1,-1
208,54,1062.76,206.84,177.81,93.50,1,-1,-1,-1
208,56,1470.22,387.57,320.48,192.04,1,-1,-1,-1
209,1,358.80,125.53,132.79,56.72,1,-1,-1,-1
209,2,82.21,127.01,116.21,56.80,1,-1,-1,-1
209,4,196.32,125.03,155.27,56.33,1,-1,-1,-1
209,6,49.40,125.21,24.17,20.65,1,-1,-1,-1
209,13,28.36,130.25,28.67,22.64,1,-1,-1,-1
209,19,-0.08,131.73,17.27,28.92,1,-1,-1,-1
209,40,0.17,127.47,29.65,31.49,1,-1,-1,-1
209,54,1062.77,206.83,178.11,93.33,1,-1,-1,-1
209,56,1434.95,382.19,323.63,189.67,1,-1,-1,-1
210,1,358.78,125.50,132.78,56.78,1,-1,-1,-1
210,2,82.23,127.09,115.82,56.66,1,-1,-1,-1
210,4,195.69,124.73,156.64,56.75,1,-1,-1,-1
210,6,47.85,125.69,24.43,20.77,1,-1,-1,-1
210,13,25.00,127.51,32.11,25.27,1,-1,-1,-1
210,19,-0.01,132.29,16.95,28.37,1,-1,-1,-1
210,40,0.56,127.54,29.81,31.60,1,-1,-1,-1
210,54,1062.69,206.72,178.71,93.38,1,-1,-1,-1
210,56,1393.05,372.74,328.92,189.19,1,-1,-1,-1
211,1,359.19,125.40,132.08,56.53,1,-1,-1,-1
211,2,89.01,124.42,113.23,55.07,1,-1,-1,-1
211,4,193.65,123.51,161.78,58.71,1,-1,-1,-1
211,6,47.73,125.69,24.50,20.83,1,-1,-1,-1
211,13,24.61,127.14,32.55,25.62,1,-1,-1,-1
211,19,0.11,132.29,16.93,28.33,1,-1,-1,-1
211,32,31.48,132.29,26.07,21.30,1,-1,-1,-1
211,40,1.23,127.74,29.46,31.27,1,-1,-1,-1
211,46,84.35,136.98,87.30,46.31,1,-1,-1,-1
211,48,184.39,129.87,67.10,52.20,1,-1,-1,-1
211,52,37.49,129.84,26.71,20.69,1,-1,-1,-1
211,54,1062.36,206.14,179.35,93.51,1,-1,-1,-1
211,56,1346.71,361.06,342.48,194.13,1,-1,-1,-1
212,1,359.41,125.35,131.76,56.42,1,-1,-1,-1
212,2,91.38,123.41,112.61,54.48,1,-1,-1,-1
212,4,192.74,123.18,163.40,59.39,1,-1,-1,-1
212,19,0.16,132.41,16.86,28.21,1,-1,-1,-1
212,32,31.40,132.39,25.92,21.28,1,-1,-1,-1
212,40,1.56,127.96,29.15,30.99,1,-1,-1,-1
212,46,84.12,137.03,88.12,46.24,1,-1,-1,-1
212,48,184.17,129.85,67.48,52.25,1,-1,-1,-1
212,52,37.77,129.81,26.65,20.66,1,-1,-1,-1
212,54,1062.18,205.90,179.74,93.55,1,-1,-1,-1
212,56,1304.75,354.09,343.14,191.25,1,-1,-1,-1
213,1,359.46,125.35,131.59,56.38,1,-1,-1,-1
213,2,91.35,123.15,112.73,54.42,1,-1,-1,-1
213,4,193.74,124.91,157.72,56.88,1,-1,-1,-1
213,19,0.19,132.49,16.82,28.12,1,-1,-1,-1
213,32,31.07,132.56,25.97,21.33,1,-1,-1,-1
213,40,1.67,128.17,28.89,30.76,1,-1,-1,-1
213,46,83.63,137.04,88.78,46.28,1,-1,-1,-1
213,48,184.22,129.86,67.43,52.21,1,-1,-1,-1
213,52,37.86,129.77,26.65,20.66,1,-1,-1,-1
213,54,1062.12,205.73,180.06,93.55,1,-1,-1,-1
213,56,1265.22,346.25,339.44,185.40,1,-1,-1,-1
214,1,359.62,124.85,131.82,56.71,1,-1,-1,-1
214,2,92.22,122.81,112.31,54.22,1,-1,-1,-1
214,4,193.04,125.35,157.30,56.35,1,-1,-1,-1
214,19,0.17,133.03,16.42,27.45,1,-1,-1,-1
214,40,1.72,127.98,29.04,30.87,1,-1,-1,-1
214,46,85.04,137.18,90.37,46.32,1,-1,-1,-1
214,52,34.62,130.63,26.70,20.65,1,-1,-1,-1
214,54,1061.96,205.46,180.62,93.71,1,-1,-1,-1
214,56,1224.83,341.94,335.42,180.09,1,-1,-1,-1
215,1,359.78,124.66,131.63,56.83,1,-1,-1,-1
215,2,88.68,122.52,115.76,55.45,1,-1,-1,-1
215,4,193.47,124.84,158.02,56.73,1,-1,-1,-1
215,19,0.16,133.21,16.29,27.23,1,-1,-1,-1
215,40,1.79,127.94,29.14,30.92,1,-1,-1,-1
215,46,83.96,137.08,91.25,46.51,1,-1,-1,-1
215,52,33.48,131.07,26.63,20.53,1,-1,-1,-1
215,54,1061.74,205.30,181.28,93.96,1,-1,-1,-1
215,56,1183.19,332.59,332.36,175.64,1,-1,-1,-1
216,1,360.02,124.63,131.49,56.99,1,-1,-1,-1
216,2,87.97,122.30,116.94,55.66,1,-1,-1,-1
216,4,193.30,124.68,158.27,56.88,1,-1,-1,-1
216,6,47.22,128.20,23.18,19.31,1,-1,-1,-1
216,19,0.19,133.57,16.09,26.87,1,-1,-1,-1
216,40,2.18,128.57,28.67,30.26,1,-1,-1,-1
216,46,83.21,137.06,91.65,46.53,1,-1,-1,-1
216,52,30.85,131.35,27.46,21.19,1,-1,-1,-1
216,54,1061.50,205.14,182.05,94.28,1,-1,-1,-1
216,56,1137.36,324.36,339.58,177.55,1,-1,-1,-1
217,1,359.68,124.51,131.56,57.23,1,-1,-1,-1
217,2,88.32,121.98,116.90,55.64,1,-1,-1,-1
217,4,192.29,125.08,158.06,56.42,1,-1,-1,-1
217,6,47.13,128.42,23.07,19.21,1,-1,-1,-1
217,19,0.28,133.63,16.07,26.76,1,-1,-1,-1
217,32,37.22,129.43,26.03,21.07,1,-1,-1,-1
217,40,2.35,128.64,28.63,30.21,1,-1,-1,-1
217,46,83.38,137.08,92.33,46.58,1,-1,-1,-1
217,52,29.95,131.54,27.57,21.28,1,-1,-1,-1
217,54,1061.73,205.15,181.75,93.98,1,-1,-1,-1
217,56,1093.32,317.85,336.53,173.72,1,-1,-1,-1
218,1,359.13,124.37,131.90,57.56,1,-1,-1,-1
218,4,192.09,125.57,157.66,55.83,1,-1,-1,-1
218,19,0.35,133.10,16.33,27.12,1,-1,-1,-1
218,32,37.88,129.58,25.62,20.65,1,-1,-1,-1
218,46,85.20,137.01,93.56,46.57,1,-1,-1,-1
218,54,1063.60,205.66,178.98,92.30,1,-1,-1,-1
218,56,1047.79,309.95,334.80,170.80,1,-1,-1,-1
219,1,358.72,123.86,132.80,58.26,1,-1,-1,-1
219,2,84.28,121.93,121.50,57.64,1,-1,-1,-1
219,4,193.96,125.27,156.81,55.68,1,-1,-1,-1
219,19,0.17,132.51,16.83,27.97,1,-1,-1,-1
219,32,37.97,129.42,26.01,20.88,1,-1,-1,-1
219,40,1.90,127.72,29.58,31.22,1,-1,-1,-1
219,46,85.04,137.04,94.13,46.43,1,-1,-1,-1
219,52,27.70,128.92,30.68,23.96,1,-1,-1,-1
219,54,1064.54,205.90,177.21,90.93,1,-1,-1,-1
219,56,1007.40,305.14,326.77,164.56,1,-1,-1,-1
220,1,358.70,123.69,132.77,58.53,1,-1,-1,-1
220,2,84.19,121.67,121.88,57.82,1,-1,-1,-1
220,4,192.54,123.86,162.48,57.79,1,-1,-1,-1
220,19,0.09,132.21,17.05,28.36,1,-1,-1,-1
220,32,37.96,129.38,26.17,20.96,1,-1,-1,-1
220,40,1.80,127.49,29.80,31.47,1,-1,-1,-1
220,46,85.03,136.87,95.36,46.63,1,-1,-1,-1
220,52,27.44,128.52,30.92,24.38,1,-1,-1,-1
220,54,1064.39,205.88,176.85,90.43,1,-1,-1,-1
220,56,963.14,300.41,321.10,159.65,1,-1,-1,-1
221,1,360.49,124.62,130.05,57.19,1,-1,-1,-1
221,2,89.05,122.18,115.41,54.62,1,-1,-1,-1
221,4,199.78,125.49,153.68,55.39,1,-1,-1,-1
221,6,47.64,125.75,24.36,20.04,1,-1,-1,-1
221,19,0.24,133.13,16.66,27.62,1,-1,-1,-1
221,32,38.21,129.39,26.09,20.85,1,-1,-1,-1
221,40,1.87,127.43,29.88,31.55,1,-1,-1,-1
221,46,82.67,137.09,94.80,46.43,1,-1,-1,-1
221,48,184.55,130.24,67.47,51.70,1,-1,-1,-1
221,52,29.97,131.16,27.70,22.00,1,-1,-1,-1
221,54,1064.89,205.79,176.49,89.98,1,-1,-1,-1
221,56,919.13,295.62,317.29,156.17,1,-1,-1,-1
222,1,361.17,125.01,128.98,56.56,1,-1,-1,-1
222,2,90.01,122.42,113.96,53.83,1,-1,-1,-1
222,4,201.13,126.38,153.40,55.66,1,-1,-1,-1
222,6,47.50,125.58,24.71,20.11,1,-1,-1,-1
222,19,0.33,133.57,16.47,27.19,1,-1,-1,-1
222,32,38.29,129.43,26.10,20.80,1,-1,-1,-1
222,46,81.97,137.15,94.56,46.34,1,-1,-1,-1
222,48,183.63,130.51,67.42,51.96,1,-1,-1,-1
222,52,31.10,132.22,26.32,21.01,1,-1,-1,-1
222,54,1061.82,204.91,182.27,92.93,1,-1,-1,-1
222,56,873.00,286.85,315.98,154.29,1,-1,-1,-1
223,1,360.96,124.95,129.23,56.57,1,-1,-1,-1
223,2,89.50,122.47,114.52,54.01,1,-1,-1,-1
223,4,202.83,126.38,148.82,54.73,1,-1,-1,-1
223,6,47.29,125.39,25.13,20.27,1,-1,-1,-1
223,19,0.28,133.09,16.70,27.50,1,-1,-1,-1
223,32,38.32,129.30,26.37,20.93,1,-1,-1,-1
223,46,82.41,137.10,94.98,46.46,1,-1,-1,-1
223,48,183.94,130.45,67.62,51.82,1,-1,-1,-1
223,52,31.43,132.49,25.95,20.79,1,-1,-1,-1
223,54,1060.77,205.03,183.37,93.46,1,-1,-1,-1
223,56,831.43,281.25,310.80,150.79,1,-1,-1,-1
224,1,361.30,124.96,128.78,56.28,1,-1,-1,-1
224,2,89.65,123.75,112.37,53.05,1,-1,-1,-1
224,4,204.21,126.18,146.11,54.47,1,-1,-1,-1
224,6,45.92,126.28,25.40,20.40,1,-1,-1,-1
224,13,17.13,125.15,36.83,28.65,1,-1,-1,-1
224,19,0.29,132.46,16.93,27.79,1,-1,-1,-1
224,32,38.60,129.20,26.37,20.93,1,-1,-1,-1
224,46,80.39,137.29,93.98,46.25,1,-1,-1,-1
224,48,184.13,130.47,67.95,51.75,1,-1,-1,-1
224,52,30.75,132.29,26.39,21.18,1,-1,-1,-1
224,54,1060.73,205.76,182.64,93.02,1,-1,-1,-1
224,56,793.71,278.51,299.22,143.99,1,-1,-1,-1
225,1,359.30,124.22,132.63,58.44,1,-1,-1,-1
225,2,91.08,123.07,112.32,53.04,1,-1,-1,-1
225,4,205.94,126.13,144.46,54.34,1,-1,-1,-1
225,6,45.39,126.52,25.59,20.47,1,-1,-1,-1
225,13,16.60,124.94,37.16,28.92,1,-1,-1,-1
225,19,0.23,133.04,16.71,27.42,1,-1,-1,-1
225,46,81.19,137.42,93.34,45.92,1,-1,-1,-1
225,48,184.30,130.38,68.44,51.69,1,-1,-1,-1
225,52,30.52,132.39,26.39,21.22,1,-1,-1,-1
225,54,1059.90,206.35,182.40,92.82,1,-1,-1,-1
225,56,752.88,272.61,293.27,140.00,1,-1,-1,-1
226,1,358.75,124.00,133.24,59.12,1,-1,-1,-1
226,2,91.55,123.03,111.83,52.81,1,-1,-1,-1
226,4,205.35,126.64,146.26,55.28,1,-1,-1,-1
226,6,45.40,127.65,24.60,19.47,1,-1,-1,-1
226,19,0.07,132.65,16.94,27.86,1,-1,-1,-1
226,46,82.84,137.31,94.24,46.15,1,-1,-1,-1
226,48,183.86,130.27,69.05,52.02,1,-1,-1,-1
226,52,28.36,129.77,28.90,23.29,1,-1,-1,-1
226,54,1057.53,206.11,185.70,94.73,1,-1,-1,-1
226,56,715.54,268.98,283.68,134.60,1,-1,-1,-1
227,1,358.77,123.92,132.99,59.38,1,-1,-1,-1
227,4,205.01,126.70,146.90,55.77,1,-1,-1,-1
227,6,45.08,127.22,25.41,20.01,1,-1,-1,-1
227,19,0.02,132.49,17.00,28.01,1,-1,-1,-1
227,46,83.45,137.34,94.81,46.22,1,-1,-1,-1
227,48,183.46,130.63,68.64,51.93,1,-1,-1,-1
227,52,27.56,128.85,29.77,24.03,1,-1,-1,-1
227,54,1055.66,206.50,186.55,95.36,1,-1,-1,-1
227,56,674.58,260.28,282.47,134.03,1,-1,-1,-1
228,1,360.94,124.70,129.17,57.48,1,-1,-1,-1
228,4,203.22,125.14,148.77,56.68,1,-1,-1,-1
228,6,45.76,128.02,24.48,19.09,1,-1,-1,-1
228,19,0.07,133.06,16.75,27.61,1,-1,-1,-1
228,46,83.97,133.85,102.59,49.69,1,-1,-1,-1
228,48,184.01,130.40,69.07,51.99,1,-1,-1,-1
228,52,29.47,130.32,27.89,22.55,1,-1,-1,-1
228,54,1052.64,206.25,188.56,96.65,1,-1,-1,-1
228,56,634.84,253.75,277.04,131.37,1,-1,-1,-1
229,1,361.90,125.10,127.75,56.66,1,-1,-1,-1
229,2,90.80,122.69,117.71,55.77,1,-1,-1,-1
229,4,204.55,126.27,146.63,55.92,1,-1,-1,-1
229,6,45.45,128.26,24.29,18.75,1,-1,-1,-1
229,19,0.10,133.16,16.74,27.62,1,-1,-1,-1
229,46,82.50,135.70,98.63,47.79,1,-1,-1,-1
229,48,183.30,130.50,68.72,51.94,1,-1,-1,-1
229,52,32.47,130.00,26.91,21.82,1,-1,-1,-1
229,54,1049.09,206.77,189.06,97.00,1,-1,-1,-1
229,56,603.27,250.55,262.52,124.25,1,-1,-1,-1
230,1,362.06,125.29,127.34,56.28,1,-1,-1,-1
230,2,84.76,127.03,115.35,54.61,1,-1,-1,-1
230,4,206.82,126.34,142.79,54.66,1,-1,-1,-1
230,6,45.38,128.42,24.12,18.63,1,-1,-1,-1
230,19,-0.03,131.63,17.41,28.78,1,-1,-1,-1
230,32,38.93,128.72,26.51,20.95,1,-1,-1,-1
230,46,82.62,135.57,98.89,47.92,1,-1,-1,-1
230,48,183.03,130.58,68.72,52.16,1,-1,-1,-1
230,52,28.62,128.73,29.36,23.70,1,-1,-1,-1
230,54,1044.23,207.33,189.46,97.32,1,-1,-1,-1
230,56,570.15,247.90,251.45,118.59,1,-1,-1,-1
231,1,361.40,125.11,127.38,56.08,1,-1,-1,-1
231,2,82.42,127.08,116.62,55.27,1,-1,-1,-1
231,4,199.86,126.41,141.97,53.69,1,-1,-1,-1
231,6,46.85,128.89,23.72,18.33,1,-1,-1,-1
231,19,0.22,132.09,17.30,28.48,1,-1,-1,-1
231,32,39.20,129.15,25.88,20.64,1,-1,-1,-1
231,48,182.96,130.62,68.74,52.18,1,-1,-1,-1
231,52,30.22,131.55,26.71,21.55,1,-1,-1,-1
231,54,1038.48,207.86,190.48,97.95,1,-1,-1,-1
231,56,537.06,243.06,245.37,115.63,1,-1,-1,-1
231,60,295.17,121.20,63.01,39.60,1,-1,-1,-1
232,1,360.96,125.08,127.66,56.00,1,-1,-1,-1
232,2,81.73,126.80,117.62,55.78,1,-1,-1,-1
232,4,196.87,126.34,142.78,53.41,1,-1,-1,-1
232,6,47.20,129.05,23.56,18.20,1,-1,-1,-1
232,19,0.31,132.27,17.28,28.35,1,-1,-1,-1
232,32,39.41,129.34,25.53,20.50,1,-1,-1,-1
232,40,-1.22,124.14,31.02,33.44,1,-1,-1,-1
232,52,30.92,132.78,25.57,20.62,1,-1,-1,-1
232,54,1031.55,208.87,193.05,99.43,1,-1,-1,-1
232,56,504.19,239.80,238.20,112.30,1,-1,-1,-1
232,60,294.85,121.28,63.71,40.02,1,-1,-1,-1
233,1,360.70,125.05,127.97,55.94,1,-1,-1,-1
233,2,81.54,126.78,117.73,55.86,1,-1,-1,-1
233,4,195.13,126.29,144.00,53.38,1,-1,-1,-1
233,6,47.26,129.06,23.58,18.23,1,-1,-1,-1
233,13,19.69,127.22,34.39,26.55,1,-1,-1,-1
233,19,0.33,132.23,17.32,28.31,1,-1,-1,-1
233,32,39.47,129.34,25.43,20.54,1,-1,-1,-1
233,40,-1.43,123.90,31.16,33.59,1,-1,-1,-1
233,52,31.11,133.16,25.26,20.37,1,-1,-1,-1
233,54,1024.35,208.73,195.43,100.78,1,-1,-1,-1
233,56,473.93,236.90,231.50,109.50,1,-1,-1,-1
233,60,294.83,121.31,63.59,39.90,1,-1,-1,-1
234,1,360.35,124.84,128.66,56.09,1,-1,-1,-1
234,2,81.74,127.22,116.85,55.41,1,-1,-1,-1
234,4,193.67,126.24,145.28,53.48,1,-1,-1,-1
234,6,47.24,129.08,23.60,18.24,1,-1,-1,-1
234,13,19.71,127.30,34.30,26.49,1,-1,-1,-1
234,19,0.33,132.26,17.34,28.26,1,-1,-1,-1
234,32,39.52,129.38,25.30,20.53,1,-1,-1,-1
234,52,31.20,133.31,25.13,20.24,1,-1,-1,-1
234,54,1015.67,209.57,196.59,101.49,1,-1,-1,-1
234,56,443.80,231.66,226.54,107.83,1,-1,-1,-1
234,60,294.96,121.79,62.82,39.37,1,-1,-1,-1
235,1,360.21,124.60,129.61,56.45,1,-1,-1,-1
235,2,81.66,128.80,114.49,54.27,1,-1,-1,-1
235,4,193.19,126.49,146.09,53.42,1,-1,-1,-1
235,6,47.00,128.32,24.39,19.03,1,-1,-1,-1
235,19,0.09,132.02,17.46,28.50,1,-1,-1,-1
235,32,39.65,129.37,25.27,20.50,1,-1,-1,-1
235,52,30.50,132.85,25.97,20.88,1,-1,-1,-1
235,54,1006.79,211.34,198.68,102.64,1,-1,-1,-1
235,56,414.63,227.80,222.37,106.70,1,-1,-1,-1
235,60,295.67,121.92,61.80,38.69,1,-1,-1,-1
236,1,360.60,124.70,129.05,56.10,1,-1,-1,-1
236,2,82.40,130.25,112.46,53.09,1,-1,-1,-1
236,4,193.14,126.84,147.40,53.60,1,-1,-1,-1
236,6,46.82,126.80,25.64,20.19,1,-1,-1,-1
236,19,0.18,132.67,16.97,27.67,1,-1,-1,-1
236,52,30.50,132.69,26.03,20.87,1,-1,-1,-1
236,54,999.93,213.56,197.15,101.56,1,-1,-1,-1
236,56,387.91,224.53,215.69,104.34,1,-1,-1,-1
236,60,294.60,120.47,63.29,39.64,1,-1,-1,-1
237,1,360.91,124.78,128.67,55.84,1,-1,-1,-1
237,2,83.10,131.71,110.32,51.79,1,-1,-1,-1
237,4,193.14,126.74,149.35,53.91,1,-1,-1,-1
237,6,46.39,126.09,26.20,20.81,1,-1,-1,-1
237,19,0.20,132.64,16.94,27.61,1,-1,-1,-1
237,52,30.50,132.66,26.08,20.85,1,-1,-1,-1
237,54,989.20,214.55,200.98,103.32,1,-1,-1,-1
237,56,361.70,220.89,210.56,102.75,1,-1,-1,-1
237,60,294.22,120.08,64.17,40.21,1,-1,-1,-1
238,1,359.11,123.59,132.55,58.04,1,-1,-1,-1
238,2,83.12,132.35,109.56,51.21,1,-1,-1,-1
238,4,192.91,126.82,150.26,53.87,1,-1,-1,-1
238,6,46.09,125.79,26.40,21.14,1,-1,-1,-1
238,19,0.21,132.88,16.77,27.32,1,-1,-1,-1
238,52,30.10,132.00,26.76,21.28,1,-1,-1,-1
238,54,978.50,217.34,200.73,102.86,1,-1,-1,-1
238,56,339.29,219.73,200.01,98.19,1,-1,-1,-1
238,60,293.99,119.91,64.46,40.38,1,-1,-1,-1
239,1,360.63,124.05,129.21,56.39,1,-1,-1,-1
239,2,82.95,131.94,110.81,51.64,1,-1,-1,-1
239,4,193.41,126.67,147.35,52.73,1,-1,-1,-1
239,6,46.02,125.59,26.64,21.33,1,-1,-1,-1
239,19,0.18,132.89,16.76,27.30,1,-1,-1,-1
239,32,39.80,127.66,26.82,21.73,1,-1,-1,-1
239,52,30.24,132.47,26.55,21.07,1,-1,-1,-1
239,54,965.20,218.93,202.95,103.59,1,-1,-1,-1
239,56,320.53,219.04,186.76,92.30,1,-1,-1,-1
239,60,291.54,122.16,66.46,41.78,1,-1,-1,-1
240,1,360.86,124.44,128.87,56.12,1,-1,-1,-1
240,2,82.72,131.84,111.61,51.87,1,-1,-1,-1
240,4,191.59,126.14,151.15,53.96,1,-1,-1,-1
240,19,0.16,132.76,16.81,27.38,1,-1,-1,-1
240,32,39.76,127.38,27.12,21.95,1,-1,-1,-1
240,52,30.14,132.58,26.65,21.11,1,-1,-1,-1
240,54,950.10,221.64,207.33,105.51,1,-1,-1,-1
240,56,301.56,217.48,178.43,88.56,1,-1,-1,-1
240,60,293.52,120.83,64.14,40.18,1,-1,-1,-1
241,1,360.51,125.04,129.15,56.15,1,-1,-1,-1
241,2,81.18,135.16,103.85,48.41,1,-1,-1,-1
241,4,191.07,125.88,154.41,55.03,1,-1,-1,-1
241,6,46.10,125.39,25.79,20.62,1,-1,-1,-1
241,19,-0.12,132.47,17.40,28.45,1,-1,-1,-1
241,32,39.85,127.21,27.26,22.06,1,-1,-1,-1
241,40,0.51,127.79,29.75,31.80,1,-1,-1,-1
241,48,183.31,130.35,69.09,52.22,1,-1,-1,-1
241,52,30.05,132.65,26.65,21.12,1,-1,-1,-1
241,54,934.49,223.11,212.59,107.89,1,-1,-1,-1
241,56,281.93,215.89,169.40,84.61,1,-1,-1,-1
241,60,293.31,120.80,64.30,40.28,1,-1,-1,-1
242,1,360.12,125.27,129.68,56.33,1,-1,-1,-1
242,2,81.79,136.31,101.32,47.21,1,-1,-1,-1
242,4,191.17,125.82,155.88,55.48,1,-1,-1,-1
242,6,46.10,125.37,25.66,20.49,1,-1,-1,-1
242,19,-0.21,132.35,17.60,28.87,1,-1,-1,-1
242,40,0.53,128.03,29.80,31.70,1,-1,-1,-1
242,48,183.15,130.30,69.37,52.35,1,-1,-1,-1
242,54,917.22,225.20,217.49,110.24,1,-1,-1,-1
242,56,263.89,214.45,162.60,81.87,1,-1,-1,-1
243,1,359.55,125.59,129.77,56.26,1,-1,-1,-1
243,2,79.58,136.78,99.18,46.74,1,-1,-1,-1
243,4,193.20,126.31,154.10,54.65,1,-1,-1,-1
243,6,46.06,125.21,25.75,20.56,1,-1,-1,-1
243,19,-0.27,132.11,17.60,28.99,1,-1,-1,-1
243,40,0.85,127.80,29.83,31.54,1,-1,-1,-1
243,48,183.15,130.28,69.40,52.37,1,-1,-1,-1
243,54,898.45,228.08,221.70,112.20,1,-1,-1,-1
243,56,244.19,210.89,161.08,81.96,1,-1,-1,-1
244,1,358.86,125.62,130.73,56.61,1,-1,-1,-1
244,2,81.14,136.57,99.46,47.04,1,-1,-1,-1
244,4,193.05,126.52,153.57,54.31,1,-1,-1,-1
244,6,45.63,125.50,25.96,20.73,1,-1,-1,-1
244,19,-0.31,131.89,17.63,29.16,1,-1,-1,-1
244,40,0.71,127.56,30.03,31.62,1,-1,-1,-1
244,54,879.51,229.73,227.07,114.81,1,-1,-1,-1
244,56,227.35,209.18,153.97,78.95,1,-1,-1,-1
245,1,358.84,125.52,130.93,56.67,1,-1,-1,-1
245,2,80.89,136.90,98.67,46.84,1,-1,-1,-1
245,4,198.16,126.33,155.41,55.25,1,-1,-1,-1
245,6,45.54,125.38,26.06,20.81,1,-1,-1,-1
245,19,-0.36,131.97,17.67,29.34,1,-1,-1,-1
245,40,0.80,127.66,29.97,31.56,1,-1,-1,-1
245,46,84.02,122.89,122.30,59.41,1,-1,-1,-1
245,48,184.39,130.49,67.36,50.47,1,-1,-1,-1
245,54,855.43,231.79,235.35,119.14,1,-1,-1,-1
245,56,210.89,207.88,148.68,76.91,1,-1,-1,-1
246,1,358.90,125.50,130.95,56.67,1,-1,-1,-1
246,2,80.98,136.99,98.29,46.81,1,-1,-1,-1
246,4,200.89,126.33,154.99,55.32,1,-1,-1,-1
246,19,-0.34,132.08,17.58,29.32,1,-1,-1,-1
246,46,84.49,122.46,122.71,59.82,1,-1,-1,-1
246,48,184.25,131.35,66.09,49.73,1,-1,-1,-1
246,54,832.65,233.64,241.31,121.85,1,-1,-1,-1
246,56,194.62,205.25,145.15,75.94,1,-1,-1,-1
247,1,359.30,125.57,130.16,56.25,1,-1,-1,-1
247,2,81.24,137.08,98.04,46.79,1,-1,-1,-1
247,4,202.37,125.99,150.39,53.80,1,-1,-1,-1
247,19,-0.33,131.67,17.80,29.79,1,-1,-1,-1
247,40,-0.06,127.77,30.13,31.87,1,-1,-1,-1
247,46,84.96,122.42,122.52,59.93,1,-1,-1,-1
247,48,184.64,130.53,66.61,49.68,1,-1,-1,-1
247,54,809.92,236.54,245.45,123.64,1,-1,-1,-1
247,56,180.26,203.44,140.77,74.45,1,-1,-1,-1
248,1,359.59,125.44,130.01,56.13,1,-1,-1,-1
248,2,83.30,137.17,98.46,46.77,1,-1,-1,-1
248,4,195.70,126.10,152.14,54.29,1,-1,-1,-1
248,19,-0.37,131.13,18.04,30.32,1,-1,-1,-1
248,40,-0.06,127.09,30.66,32.46,1,-1,-1,-1
248,46,85.31,122.83,121.00,59.41,1,-1,-1,-1
248,48,184.81,130.53,66.32,49.47,1,-1,-1,-1
248,54,785.58,241.50,248.68,124.61,1,-1,-1,-1
248,56,164.30,203.26,134.91,72.09,1,-1,-1,-1
249,1,359.61,125.34,130.15,56.15,1,-1,-1,-1
249,2,83.33,137.38,98.42,46.65,1,-1,-1,-1
249,4,191.97,126.13,154.43,55.08,1,-1,-1,-1
249,19,-0.35,130.90,18.09,30.54,1,-1,-1,-1
249,40,-0.06,126.89,30.78,32.62,1,-1,-1,-1
249,46,85.92,122.77,121.29,59.57,1,-1,-1,-1
249,54,759.04,246.93,254.78,127.25,1,-1,-1,-1
249,56,149.83,202.36,129.71,70.15,1,-1,-1,-1
250,1,359.62,125.28,130.22,56.14,1,-1,-1,-1
250,2,84.46,137.34,98.93,46.61,1,-1,-1,-1
250,4,189.73,125.21,159.44,57.11,1,-1,-1,-1
250,19,-0.31,130.86,18.05,30.56,1,-1,-1,-1
250,40,-0.07,126.91,30.72,32.61,1,-1,-1,-1
250,46,86.39,122.86,120.95,59.40,1,-1,-1,-1
250,54,729.07,250.25,262.36,130.82,1,-1,-1,-1
250,56,136.95,202.99,122.77,66.85,1,-1,-1,-1
251,1,359.38,124.25,131.72,57.04,1,-1,-1,-1
251,2,83.47,131.90,109.98,51.91,1,-1,-1,-1
251,4,191.26,125.20,161.71,58.38,1,-1,-1,-1
251,19,0.04,131.17,17.69,29.92,1,-1,-1,-1
251,40,-0.10,126.90,30.78,32.66,1,-1,-1,-1
251,46,86.59,122.42,121.76,59.79,1,-1,-1,-1
251,54,697.08,255.11,268.11,132.74,1,-1,-1,-1
251,56,124.98,202.86,115.99,63.66,1,-1,-1,-1
252,1,359.58,124.70,130.59,56.45,1,-1,-1,-1
252,2,82.63,128.42,116.60,55.27,1,-1,-1,-1
252,4,192.11,125.31,161.09,58.38,1,-1,-1,-1
252,6,40.49,128.02,26.88,21.13,1,-1,-1,-1
252,19,-0.03,130.31,18.05,30.57,1,-1,-1,-1
252,54,666.27,260.72,276.11,136.29,1,-1,-1,-1
252,56,112.45,202.49,111.64,61.82,1,-1,-1,-1
253,1,359.47,124.88,130.13,56.13,1,-1,-1,-1
253,2,83.15,126.50,118.46,56.34,1,-1,-1,-1
253,4,190.69,125.21,158.99,57.35,1,-1,-1,-1
253,6,40.08,128.16,26.95,21.20,1,-1,-1,-1
253,19,0.03,130.35,17.98,30.47,1,-1,-1,-1
253,54,626.08,264.65,287.79,142.16,1,-1,-1,-1
253,56,97.17,199.74,110.46,61.77,1,-1,-1,-1
254,1,359.37,124.96,130.06,55.98,1,-1,-1,-1
254,2,83.86,125.68,118.55,56.54,1,-1,-1,-1
254,4,190.63,125.28,158.26,56.76,1,-1,-1,-1
254,19,0.08,130.53,17.84,30.23,1,-1,-1,-1
254,54,585.86,269.59,303.97,150.36,1,-1,-1,-1
254,56,84.02,197.63,110.19,62.39,1,-1,-1,-1
255,1,359.54,125.03,130.07,55.88,1,-1,-1,-1
255,2,83.98,122.05,126.13,60.69,1,-1,-1,-1
255,4,190.29,125.30,158.95,56.70,1,-1,-1,-1
255,19,0.12,130.97,17.59,29.80,1,-1,-1,-1
255,40,-1.13,124.49,31.53,33.99,1,-1,-1,-1
255,46,82.10,133.69,103.43,50.86,1,-1,-1,-1
255,54,546.62,274.71,317.67,157.20,1,-1,-1,-1
255,56,72.40,197.60,106.00,60.61,1,-1,-1,-1
256,1,359.59,125.09,130.14,55.82,1,-1,-1,-1
256,2,84.60,127.79,116.68,55.96,1,-1,-1,-1
256,4,190.41,125.37,159.62,56.67,1,-1,-1,-1
256,19,0.20,131.08,17.55,29.68,1,-1,-1,-1
256,40,-1.22,124.13,31.07,33.99,1,-1,-1,-1
256,46,81.83,134.37,102.39,50.35,1,-1,-1,-1
256,54,498.74,278.94,338.08,168.25,1,-1,-1,-1
256,56,60.69,197.27,103.83,59.88,1,-1,-1,-1
257,1,359.26,124.88,130.97,56.11,1,-1,-1,-1
257,2,85.58,123.89,122.25,58.97,1,-1,-1,-1
257,4,191.18,125.28,159.75,56.93,1,-1,-1,-1
257,19,0.18,130.82,17.62,29.81,1,-1,-1,-1
257,40,-1.37,123.89,31.20,34.12,1,-1,-1,-1
257,46,84.15,136.01,97.21,47.58,1,-1,-1,-1
257,48,183.57,131.23,68.10,50.45,1,-1,-1,-1
257,54,454.49,289.23,345.89,172.70,1,-1,-1,-1
257,56,48.20,196.05,101.10,59.14,1,-1,-1,-1
258,1,359.44,124.85,131.11,56.12,1,-1,-1,-1
258,2,89.14,121.73,120.41,57.94,1,-1,-1,-1
258,4,194.48,124.92,158.09,56.56,1,-1,-1,-1
258,19,0.19,130.89,17.54,29.68,1,-1,-1,-1
258,46,85.84,137.29,93.69,45.62,1,-1,-1,-1
258,48,182.42,130.34,69.98,52.15,1,-1,-1,-1
258,54,404.75,298.33,357.64,179.67,1,-1,-1,-1
258,56,36.77,195.11,99.49,58.71,1,-1,-1,-1
259,1,359.53,124.86,131.31,56.19,1,-1,-1,-1
259,2,88.00,121.77,120.59,58.08,1,-1,-1,-1
259,4,197.35,124.94,155.78,55.95,1,-1,-1,-1
259,19,0.15,130.93,17.46,29.56,1,-1,-1,-1
259,46,85.32,136.72,96.06,46.55,1,-1,-1,-1
259,48,182.42,130.06,70.53,52.65,1,-1,-1,-1
259,54,356.88,309.25,363.96,183.31,1,-1,-1,-1
259,56,27.40,194.95,93.86,56.04,1,-1,-1,-1
260,1,358.59,124.22,132.83,57.08,1,-1,-1,-1
260,2,89.82,121.50,117.82,57.01,1,-1,-1,-1
260,4,199.91,125.69,156.81,56.76,1,-1,-1,-1
260,19,0.17,131.12,17.22,29.11,1,-1,-1,-1
260,46,82.41,137.26,94.34,46.00,1,-1,-1,-1
260,48,181.74,130.77,70.21,52.83,1,-1,-1,-1
260,54,300.16,318.54,377.09,191.20,1,-1,-1,-1
260,56,19.02,194.42,90.88,54.81,1,-1,-1,-1
