1,4,194.638,124.958,153.974,56.556,1,-1,-1,-1
1,7,83.037,124.789,118.305,58.284,1,-1,-1,-1
1,5,358.908,124.758,131.226,56.848,1,-1,-1,-1
1,2,0.115,131.965,18.041,29.476,1,-1,-1,-1
1,1,22.574,124.730,36.046,25.987,1,-1,-1,-1
2,5,358.951,124.736,131.125,56.893,1,-1,-1,-1
2,1,19.595,123.541,38.987,27.413,1,-1,-1,-1
2,7,83.008,125.073,117.973,58.091,1,-1,-1,-1
2,3,0.097,131.247,18.067,29.946,1,-1,-1,-1
2,4,194.869,124.979,153.498,56.400,1,-1,-1,-1
3,1,19.886,123.691,38.702,27.212,1,-1,-1,-1
3,5,358.944,124.747,131.118,56.867,1,-1,-1,-1
3,4,194.946,125.007,153.485,56.385,1,-1,-1,-1
3,2,0.143,126.155,28.954,32.288,1,-1,-1,-1
3,7,83.041,124.770,118.256,58.410,1,-1,-1,-1
4,2,0.117,131.643,18.032,29.714,1,-1,-1,-1
4,9,1591.569,382.318,325.328,211.236,1,-1,-1,-1
4,7,82.970,124.617,118.469,58.619,1,-1,-1,-1
4,1,22.159,124.548,36.380,26.272,1,-1,-1,-1
4,5,359.018,124.730,131.052,56.904,1,-1,-1,-1
4,4,194.838,125.003,153.601,56.373,1,-1,-1,-1
5,7,82.971,124.694,118.501,58.559,1,-1,-1,-1
5,1,22.059,124.551,36.502,26.293,1,-1,-1,-1
5,3,0.114,131.637,18.030,29.720,1,-1,-1,-1
5,9,1569.831,381.184,349.211,214.352,1,-1,-1,-1
5,6,195.021,124.836,154.226,56.693,1,-1,-1,-1
5,5,358.934,124.792,131.085,56.780,1,-1,-1,-1
6,7,83.437,125.500,117.345,57.439,1,-1,-1,-1
6,3,0.049,130.823,18.088,30.733,1,-1,-1,-1
6,9,1550.847,376.180,365.737,217.300,1,-1,-1,-1
6,5,358.997,124.442,131.173,57.380,1,-1,-1,-1
6,6,196.862,124.394,154.130,58.944,1,-1,-1,-1
6,1,26.099,124.517,33.273,26.089,1,-1,-1,-1
7,5,358.792,124.727,131.320,57.179,1,-1,-1,-1
7,1,24.284,124.513,35.129,26.892,1,-1,-1,-1
7,3,0.038,131.773,18.256,29.832,1,-1,-1,-1
7,7,83.731,125.905,116.521,57.043,1,-1,-1,-1
7,9,1533.143,365.015,384.580,259.356,1,-1,-1,-1
7,8,190.489,124.057,160.410,57.809,1,-1,-1,-1
8,10,37.175,124.926,29.580,23.820,1,-1,-1,-1
8,9,1505.017,361.562,410.082,263.056,1,-1,-1,-1
8,3,0.057,131.862,18.201,29.772,1,-1,-1,-1
8,5,358.817,124.701,131.317,57.228,1,-1,-1,-1
8,12,85.706,122.799,122.402,60.036,1,-1,-1,-1
8,6,197.368,124.560,153.079,58.992,1,-1,-1,-1
9,9,1488.905,359.115,427.187,260.955,1,-1,-1,-1
9,5,358.673,124.768,131.443,57.245,1,-1,-1,-1
9,3,0.061,131.901,18.181,29.741,1,-1,-1,-1
9,7,85.876,122.170,122.442,60.789,1,-1,-1,-1
9,11,189.836,124.427,160.834,56.748,1,-1,-1,-1
9,10,37.237,124.969,29.672,23.821,1,-1,-1,-1
10,5,358.754,124.813,131.390,57.497,1,-1,-1,-1
10,3,0.041,132.520,17.471,28.957,1,-1,-1,-1
10,9,1476.084,350.990,439.973,268.142,1,-1,-1,-1
10,10,37.173,124.906,29.944,23.972,1,-1,-1,-1
10,11,189.373,123.727,162.197,58.358,1,-1,-1,-1
10,7,83.729,123.557,117.935,59.946,1,-1,-1,-1
10,14,182.064,129.455,71.396,52.693,1,-1,-1,-1
11,9,1439.584,351.402,477.673,262.595,1,-1,-1,-1
11,3,0.000,129.221,20.182,31.580,1,-1,-1,-1
11,5,357.821,125.432,132.705,55.565,1,-1,-1,-1
11,12,83.639,123.607,117.798,59.657,1,-1,-1,-1
11,13,191.193,125.728,156.382,56.738,1,-1,-1,-1
11,10,26.367,127.615,33.591,24.734,1,-1,-1,-1
11,14,183.439,130.941,63.553,52.161,1,-1,-1,-1
12,5,357.847,125.438,132.714,55.602,1,-1,-1,-1
12,12,83.583,123.954,117.782,59.355,1,-1,-1,-1
12,6,191.099,125.760,156.832,56.718,1,-1,-1,-1
12,1,25.842,125.818,34.705,26.541,1,-1,-1,-1
12,3,0.000,130.257,19.900,30.795,1,-1,-1,-1
12,9,1464.488,354.022,454.512,265.143,1,-1,-1,-1
13,5,357.764,125.462,132.991,55.395,1,-1,-1,-1
13,1,27.831,128.021,30.930,23.947,1,-1,-1,-1
13,9,1383.475,339.965,520.675,260.094,1,-1,-1,-1
13,3,0.103,129.071,18.949,32.026,1,-1,-1,-1
13,16,47.339,125.009,23.400,21.431,1,-1,-1,-1
13,13,189.849,125.782,156.468,56.442,1,-1,-1,-1
13,14,183.503,130.725,63.039,52.401,1,-1,-1,-1
13,12,82.876,128.569,115.870,54.785,1,-1,-1,-1
14,12,84.950,122.664,121.557,59.063,1,-1,-1,-1
14,1,26.193,128.784,30.609,25.186,1,-1,-1,-1
14,3,0.000,128.783,18.128,31.177,1,-1,-1,-1
14,9,1365.038,337.185,519.384,254.920,1,-1,-1,-1
14,15,48.772,122.098,23.688,22.187,1,-1,-1,-1
14,5,358.157,125.384,132.435,55.415,1,-1,-1,-1
14,17,189.234,125.691,158.734,56.647,1,-1,-1,-1
14,14,183.740,130.746,63.242,52.488,1,-1,-1,-1
15,3,0.254,127.169,17.588,34.115,1,-1,-1,-1
15,5,357.723,125.590,132.734,55.427,1,-1,-1,-1
15,17,187.502,126.259,158.319,56.085,1,-1,-1,-1
15,12,82.245,136.362,95.850,47.277,1,-1,-1,-1
15,1,28.346,131.155,28.191,22.361,1,-1,-1,-1
15,9,1330.658,330.490,525.116,255.031,1,-1,-1,-1
16,12,82.354,128.850,114.376,54.061,1,-1,-1,-1
16,3,0.641,135.893,16.488,26.014,1,-1,-1,-1
16,9,1296.279,323.795,530.848,255.141,1,-1,-1,-1
16,5,358.012,125.549,132.359,55.417,1,-1,-1,-1
16,15,46.259,127.000,23.645,20.226,1,-1,-1,-1
16,6,197.104,125.616,158.238,56.016,1,-1,-1,-1
17,6,195.848,125.760,160.323,55.867,1,-1,-1,-1
17,3,0.236,128.226,20.034,32.872,1,-1,-1,-1
17,12,82.295,136.303,98.344,47.240,1,-1,-1,-1
17,14,182.445,130.019,69.121,54.565,1,-1,-1,-1
17,1,27.087,130.405,29.656,23.680,1,-1,-1,-1
17,5,358.206,125.452,132.071,55.538,1,-1,-1,-1
17,9,1275.532,320.780,532.208,254.256,1,-1,-1,-1
18,12,83.535,127.374,114.210,55.121,1,-1,-1,-1
18,6,188.829,126.019,159.238,56.043,1,-1,-1,-1
18,1,27.324,130.702,29.603,23.672,1,-1,-1,-1
18,5,358.475,125.515,131.962,55.829,1,-1,-1,-1
18,14,182.616,129.623,68.988,54.844,1,-1,-1,-1
18,9,1240.962,312.905,522.270,252.670,1,-1,-1,-1
18,3,0.506,135.236,18.446,26.899,1,-1,-1,-1
19,9,1206.393,305.030,512.331,251.084,1,-1,-1,-1
19,15,34.573,132.060,23.344,19.323,1,-1,-1,-1
19,6,188.829,126.091,159.233,55.869,1,-1,-1,-1
19,5,358.475,125.457,131.961,55.788,1,-1,-1,-1
19,3,2.513,124.979,28.690,32.018,1,-1,-1,-1
19,12,83.369,127.468,114.275,55.083,1,-1,-1,-1
20,12,83.742,126.032,115.470,56.500,1,-1,-1,-1
20,5,358.479,125.437,131.948,55.836,1,-1,-1,-1
20,9,1180.042,301.436,509.544,242.745,1,-1,-1,-1
20,6,188.700,126.133,159.493,55.844,1,-1,-1,-1
20,16,40.702,127.288,24.891,20.605,1,-1,-1,-1
20,18,0.407,138.728,14.727,23.366,1,-1,-1,-1
20,14,182.505,129.723,69.111,54.647,1,-1,-1,-1
21,15,32.814,133.337,23.715,20.389,1,-1,-1,-1
21,12,82.572,129.160,115.085,53.863,1,-1,-1,-1
21,5,357.716,125.468,132.738,55.583,1,-1,-1,-1
21,9,1153.690,297.843,506.758,234.407,1,-1,-1,-1
21,16,45.355,124.440,24.560,23.125,1,-1,-1,-1
21,6,197.745,125.797,146.690,55.393,1,-1,-1,-1
21,14,183.046,130.287,69.070,53.510,1,-1,-1,-1
21,3,0.677,127.961,25.493,31.285,1,-1,-1,-1
22,18,0.199,133.997,14.969,27.702,1,-1,-1,-1
22,6,211.548,126.497,129.191,54.612,1,-1,-1,-1
22,1,30.754,125.135,30.108,20.937,1,-1,-1,-1
22,12,82.608,128.336,117.176,55.649,1,-1,-1,-1
22,5,357.971,125.362,132.629,55.480,1,-1,-1,-1
22,14,183.183,129.382,68.576,54.761,1,-1,-1,-1
22,9,1113.969,293.163,515.161,232.876,1,-1,-1,-1
23,19,183.483,129.723,68.030,54.384,1,-1,-1,-1
23,16,43.912,124.313,23.779,21.979,1,-1,-1,-1
23,9,1082.026,287.222,512.056,228.492,1,-1,-1,-1
23,14,289.033,120.996,66.389,41.361,1,-1,-1,-1
23,18,0.344,132.598,17.870,27.592,1,-1,-1,-1
23,12,82.356,130.012,114.256,53.729,1,-1,-1,-1
23,5,358.141,125.428,132.301,55.655,1,-1,-1,-1
24,5,358.436,125.359,132.060,55.776,1,-1,-1,-1
24,12,82.396,129.934,114.353,53.771,1,-1,-1,-1
24,1,29.114,129.668,27.106,22.029,1,-1,-1,-1
24,9,1052.990,287.916,499.127,223.416,1,-1,-1,-1
24,14,199.609,125.197,146.264,55.833,1,-1,-1,-1
24,18,0.348,134.815,16.313,26.107,1,-1,-1,-1
25,12,82.287,129.881,114.271,53.750,1,-1,-1,-1
25,5,359.148,125.257,131.444,55.769,1,-1,-1,-1
25,3,0.422,124.245,23.125,24.801,1,-1,-1,-1
25,20,290.539,120.436,62.870,42.190,1,-1,-1,-1
25,16,38.169,127.074,29.557,22.524,1,-1,-1,-1
25,19,183.918,129.723,68.500,54.286,1,-1,-1,-1
25,9,1018.672,280.801,497.180,221.478,1,-1,-1,-1
26,5,358.976,125.202,131.618,55.810,1,-1,-1,-1
26,9,983.531,275.706,494.344,211.299,1,-1,-1,-1
26,1,29.108,130.381,27.483,22.830,1,-1,-1,-1
26,3,0.211,130.877,15.488,29.793,1,-1,-1,-1
26,6,200.693,125.292,146.135,56.163,1,-1,-1,-1
26,12,82.049,136.665,99.359,47.286,1,-1,-1,-1
27,9,942.578,270.156,500.933,212.313,1,-1,-1,-1
27,1,29.134,131.150,27.483,22.830,1,-1,-1,-1
27,18,0.560,132.771,16.821,28.790,1,-1,-1,-1
27,5,358.245,125.459,132.286,55.724,1,-1,-1,-1
27,21,204.765,125.405,154.134,56.288,1,-1,-1,-1
27,12,82.639,136.680,99.419,47.109,1,-1,-1,-1
28,9,919.524,265.059,485.945,207.777,1,-1,-1,-1
28,5,358.366,125.472,132.289,55.655,1,-1,-1,-1
28,1,33.033,123.810,32.076,25.628,1,-1,-1,-1
28,3,0.112,127.704,17.833,32.925,1,-1,-1,-1
28,6,206.821,126.314,142.952,56.492,1,-1,-1,-1
28,12,82.576,136.601,97.449,47.431,1,-1,-1,-1
29,9,896.470,259.962,470.956,203.241,1,-1,-1,-1
29,1,28.757,125.792,30.305,24.720,1,-1,-1,-1
29,6,190.024,126.541,161.326,55.183,1,-1,-1,-1
29,12,82.328,136.773,96.489,47.440,1,-1,-1,-1
29,5,358.215,125.487,132.304,55.736,1,-1,-1,-1
29,19,183.737,131.419,65.688,52.288,1,-1,-1,-1
29,18,1.110,127.010,28.430,31.721,1,-1,-1,-1
30,1,34.443,126.207,28.839,23.949,1,-1,-1,-1
30,19,183.811,130.945,66.627,52.764,1,-1,-1,-1
30,18,0.037,124.379,27.026,34.141,1,-1,-1,-1
30,20,294.210,125.289,54.382,39.603,1,-1,-1,-1
30,12,82.535,136.816,87.910,47.445,1,-1,-1,-1
30,9,867.870,252.889,461.062,202.159,1,-1,-1,-1
30,5,358.266,125.594,132.210,55.793,1,-1,-1,-1
31,6,189.336,126.531,161.281,54.376,1,-1,-1,-1
31,16,21.251,135.578,31.753,24.999,1,-1,-1,-1
31,9,839.269,245.817,451.169,201.077,1,-1,-1,-1
31,12,82.557,123.887,121.510,59.623,1,-1,-1,-1
31,5,358.521,125.382,131.926,56.590,1,-1,-1,-1
31,18,0.000,127.400,33.326,32.325,1,-1,-1,-1
31,19,183.886,130.472,67.566,53.240,1,-1,-1,-1
32,9,809.584,245.585,444.845,191.281,1,-1,-1,-1
32,1,22.168,123.435,41.434,29.059,1,-1,-1,-1
32,16,19.868,137.228,31.753,24.999,1,-1,-1,-1
32,12,82.269,122.984,122.263,60.966,1,-1,-1,-1
32,5,358.241,125.244,132.471,56.387,1,-1,-1,-1
32,6,188.489,126.545,161.857,54.299,1,-1,-1,-1
32,20,292.556,123.119,59.807,40.387,1,-1,-1,-1
32,18,0.000,131.135,18.126,29.848,1,-1,-1,-1
33,5,358.630,125.221,132.184,56.028,1,-1,-1,-1
33,16,41.980,125.727,27.573,20.370,1,-1,-1,-1
33,12,82.750,123.382,121.383,60.313,1,-1,-1,-1
33,9,778.191,240.598,434.536,189.027,1,-1,-1,-1
33,3,0.000,128.806,19.028,32.235,1,-1,-1,-1
33,20,290.749,122.435,61.558,40.781,1,-1,-1,-1
33,19,184.271,129.957,66.489,53.725,1,-1,-1,-1
34,3,0.000,130.001,18.858,31.386,1,-1,-1,-1
34,1,22.645,123.021,39.975,29.077,1,-1,-1,-1
34,5,358.706,125.025,131.707,56.182,1,-1,-1,-1
34,20,296.167,124.995,52.536,38.471,1,-1,-1,-1
34,12,84.293,123.428,119.200,60.472,1,-1,-1,-1
34,9,746.798,235.611,424.228,186.774,1,-1,-1,-1
34,19,183.727,129.409,67.368,54.454,1,-1,-1,-1
35,12,83.996,123.354,119.287,60.502,1,-1,-1,-1
35,5,357.453,124.885,131.875,56.168,1,-1,-1,-1
35,3,0.000,130.108,18.858,31.386,1,-1,-1,-1
35,1,24.932,125.667,36.430,27.370,1,-1,-1,-1
35,20,296.710,125.271,52.116,37.953,1,-1,-1,-1
35,19,184.027,129.295,66.942,54.378,1,-1,-1,-1
35,9,713.292,231.445,428.578,186.393,1,-1,-1,-1
36,12,83.857,123.281,119.572,60.631,1,-1,-1,-1
36,9,683.167,229.142,418.162,181.924,1,-1,-1,-1
36,6,189.033,126.253,159.951,54.946,1,-1,-1,-1
36,19,183.966,129.253,67.116,54.395,1,-1,-1,-1
36,3,0.000,130.215,18.858,31.386,1,-1,-1,-1
36,1,29.333,127.787,31.353,24.755,1,-1,-1,-1
36,5,357.363,124.866,131.872,56.281,1,-1,-1,-1
37,5,359.010,124.983,131.371,56.192,1,-1,-1,-1
37,12,82.764,126.591,117.889,57.243,1,-1,-1,-1
37,3,0.000,129.877,18.922,30.674,1,-1,-1,-1
37,19,184.333,129.429,66.179,53.855,1,-1,-1,-1
37,9,653.041,226.839,407.746,177.456,1,-1,-1,-1
37,16,43.882,126.539,23.826,21.003,1,-1,-1,-1
37,20,296.701,125.315,51.927,37.939,1,-1,-1,-1
38,12,82.196,127.313,116.606,56.375,1,-1,-1,-1
38,3,0.000,130.448,18.550,30.364,1,-1,-1,-1
38,6,192.885,126.485,152.315,54.629,1,-1,-1,-1
38,5,358.979,124.781,131.688,56.866,1,-1,-1,-1
38,9,634.483,224.748,389.643,170.027,1,-1,-1,-1
38,20,296.921,125.375,51.766,37.789,1,-1,-1,-1
38,1,19.721,124.606,39.376,29.253,1,-1,-1,-1
39,3,0.000,130.085,19.137,30.668,1,-1,-1,-1
39,12,81.457,135.977,89.258,48.563,1,-1,-1,-1
39,9,610.374,221.492,377.152,166.311,1,-1,-1,-1
39,6,203.677,126.026,143.379,53.823,1,-1,-1,-1
39,5,358.588,125.571,131.713,56.124,1,-1,-1,-1
39,16,43.283,127.497,25.747,20.210,1,-1,-1,-1
40,16,44.272,127.532,25.147,19.703,1,-1,-1,-1
40,9,586.266,218.236,364.660,162.596,1,-1,-1,-1
40,12,81.409,136.455,87.041,47.983,1,-1,-1,-1
40,3,0.000,130.434,18.774,30.492,1,-1,-1,-1
40,5,358.333,125.601,131.948,56.128,1,-1,-1,-1
40,6,202.361,126.556,152.167,55.816,1,-1,-1,-1
41,23,86.503,122.369,121.782,61.070,1,-1,-1,-1
41,9,562.157,214.980,352.169,158.880,1,-1,-1,-1
41,5,359.374,125.545,130.770,55.937,1,-1,-1,-1
41,6,202.591,125.470,155.172,55.845,1,-1,-1,-1
41,16,38.244,128.074,30.787,21.974,1,-1,-1,-1
41,3,0.000,129.617,18.378,31.567,1,-1,-1,-1
42,1,30.338,128.832,33.414,23.159,1,-1,-1,-1
42,6,202.638,125.578,155.326,55.744,1,-1,-1,-1
42,12,86.557,122.741,121.642,60.838,1,-1,-1,-1
42,9,545.163,210.864,339.723,156.785,1,-1,-1,-1
42,3,0.000,129.391,18.507,31.750,1,-1,-1,-1
42,5,359.391,125.541,130.786,55.926,1,-1,-1,-1
42,22,183.341,130.988,67.966,51.949,1,-1,-1,-1
43,1,28.276,131.193,31.889,23.000,1,-1,-1,-1
43,23,82.263,127.701,117.762,56.285,1,-1,-1,-1
43,16,48.153,123.532,26.242,22.315,1,-1,-1,-1
43,5,359.241,125.656,130.932,55.492,1,-1,-1,-1
43,3,0.000,130.085,17.878,31.188,1,-1,-1,-1
43,19,197.486,127.134,129.988,53.816,1,-1,-1,-1
43,9,511.590,207.515,335.225,150.856,1,-1,-1,-1
44,9,494.420,207.314,316.698,146.525,1,-1,-1,-1
44,6,193.196,126.118,154.305,56.153,1,-1,-1,-1
44,23,82.963,127.309,117.727,57.433,1,-1,-1,-1
44,5,360.061,125.589,129.837,55.291,1,-1,-1,-1
44,3,0.084,129.777,17.744,31.142,1,-1,-1,-1
44,1,29.017,131.533,29.536,22.329,1,-1,-1,-1
44,20,297.451,125.484,50.934,37.169,1,-1,-1,-1
45,5,359.827,125.534,130.121,55.227,1,-1,-1,-1
45,3,0.079,129.783,17.790,31.195,1,-1,-1,-1
45,9,468.921,206.340,311.701,143.522,1,-1,-1,-1
45,19,190.544,129.563,96.833,52.627,1,-1,-1,-1
45,25,83.120,127.009,116.977,57.605,1,-1,-1,-1
45,20,296.912,125.464,51.193,37.092,1,-1,-1,-1
45,24,38.884,127.220,29.990,22.286,1,-1,-1,-1
46,3,0.081,130.099,17.612,31.003,1,-1,-1,-1
46,9,448.145,204.356,297.743,137.360,1,-1,-1,-1
46,5,359.645,125.459,130.329,55.317,1,-1,-1,-1
46,6,205.111,126.502,145.395,54.568,1,-1,-1,-1
46,22,183.427,130.941,67.252,52.011,1,-1,-1,-1
46,25,82.912,128.556,116.484,56.223,1,-1,-1,-1
46,16,46.730,124.638,26.185,20.587,1,-1,-1,-1
46,1,29.601,131.708,28.892,21.986,1,-1,-1,-1
47,9,428.547,199.788,295.231,139.405,1,-1,-1,-1
47,3,0.060,129.767,17.810,31.281,1,-1,-1,-1
47,1,28.892,131.630,29.262,22.248,1,-1,-1,-1
47,6,202.866,125.557,144.453,55.029,1,-1,-1,-1
47,20,296.857,124.946,51.580,37.471,1,-1,-1,-1
47,5,359.765,125.532,130.128,55.386,1,-1,-1,-1
47,25,83.020,127.471,117.261,57.429,1,-1,-1,-1
48,25,83.020,127.471,117.261,57.429,1,-1,-1,-1
48,6,194.778,125.951,152.534,56.079,1,-1,-1,-1
48,5,359.751,125.880,129.728,54.978,1,-1,-1,-1
48,9,409.162,201.809,277.120,130.585,1,-1,-1,-1
48,24,37.751,128.571,28.643,21.560,1,-1,-1,-1
48,26,0.160,124.746,37.303,33.819,1,-1,-1,-1
48,22,183.485,130.909,66.776,52.052,1,-1,-1,-1
49,1,29.335,131.803,28.578,21.986,1,-1,-1,-1
49,16,48.530,127.130,23.260,18.299,1,-1,-1,-1
49,26,0.026,129.679,18.022,31.561,1,-1,-1,-1
49,6,200.829,125.505,146.503,55.857,1,-1,-1,-1
49,9,386.819,197.265,269.729,129.779,1,-1,-1,-1
49,5,359.373,125.710,128.486,55.004,1,-1,-1,-1
49,27,87.354,123.221,119.233,59.349,1,-1,-1,-1
50,6,192.851,126.007,154.091,56.180,1,-1,-1,-1
50,3,0.000,131.000,17.628,30.485,1,-1,-1,-1
50,5,359.455,126.259,126.890,54.077,1,-1,-1,-1
50,1,24.353,128.335,34.744,24.453,1,-1,-1,-1
50,9,369.090,192.191,260.593,133.205,1,-1,-1,-1
50,20,284.981,125.484,65.659,39.809,1,-1,-1,-1
50,16,44.182,127.035,25.485,20.142,1,-1,-1,-1
50,27,87.145,122.814,120.447,60.212,1,-1,-1,-1
51,6,188.523,126.428,161.525,55.549,1,-1,-1,-1
51,9,351.827,192.318,251.125,127.542,1,-1,-1,-1
51,22,183.571,130.862,66.062,52.113,1,-1,-1,-1
51,28,0.405,128.035,30.315,32.065,1,-1,-1,-1
51,5,358.159,125.951,128.487,54.465,1,-1,-1,-1
51,16,45.884,123.845,26.268,22.243,1,-1,-1,-1
51,27,83.083,136.582,98.038,46.798,1,-1,-1,-1
52,16,67.660,122.163,29.564,23.954,1,-1,-1,-1
52,5,358.566,126.246,130.782,54.254,1,-1,-1,-1
52,9,334.564,192.445,241.657,121.879,1,-1,-1,-1
52,19,85.912,123.139,119.614,58.863,1,-1,-1,-1
52,1,30.297,132.353,27.512,21.434,1,-1,-1,-1
52,28,0.448,128.081,30.550,32.022,1,-1,-1,-1
52,6,188.853,126.422,160.317,55.590,1,-1,-1,-1
53,20,242.393,125.300,109.188,47.896,1,-1,-1,-1
53,5,358.435,125.781,132.954,56.365,1,-1,-1,-1
53,28,0.087,132.785,18.092,28.469,1,-1,-1,-1
53,22,183.600,131.025,65.866,52.044,1,-1,-1,-1
53,1,25.337,128.279,33.257,24.856,1,-1,-1,-1
53,9,317.676,191.444,233.878,118.998,1,-1,-1,-1
53,19,85.432,123.006,120.175,59.238,1,-1,-1,-1
54,25,82.682,136.485,90.481,46.938,1,-1,-1,-1
54,28,0.145,133.496,17.747,27.633,1,-1,-1,-1
54,1,30.000,132.247,27.775,21.565,1,-1,-1,-1
54,9,300.787,190.443,226.099,116.116,1,-1,-1,-1
54,16,46.051,123.583,26.485,22.608,1,-1,-1,-1
54,5,358.319,126.056,132.568,56.111,1,-1,-1,-1
54,6,189.811,126.791,160.061,55.230,1,-1,-1,-1
55,16,54.221,123.410,26.653,22.709,1,-1,-1,-1
55,5,362.098,125.590,128.266,56.311,1,-1,-1,-1
55,28,0.145,133.496,17.747,27.633,1,-1,-1,-1
55,27,81.861,127.355,117.243,55.779,1,-1,-1,-1
55,9,283.899,189.441,218.321,113.235,1,-1,-1,-1
55,24,25.867,128.693,31.953,24.209,1,-1,-1,-1
55,20,214.001,125.177,138.207,53.287,1,-1,-1,-1
56,16,54.609,123.434,26.653,22.709,1,-1,-1,-1
56,5,361.898,125.506,128.105,55.937,1,-1,-1,-1
56,9,267.010,188.440,210.542,110.353,1,-1,-1,-1
56,27,82.039,128.353,117.899,55.446,1,-1,-1,-1
56,28,0.211,133.629,16.967,27.526,1,-1,-1,-1
56,24,24.899,128.261,32.785,24.674,1,-1,-1,-1
56,20,199.805,125.116,152.716,55.982,1,-1,-1,-1
57,5,359.714,125.895,130.009,55.725,1,-1,-1,-1
57,9,250.122,187.439,202.763,107.472,1,-1,-1,-1
57,19,86.282,124.257,121.212,59.460,1,-1,-1,-1
57,1,29.260,131.697,28.245,22.347,1,-1,-1,-1
57,29,1.398,130.990,27.684,28.588,1,-1,-1,-1
57,16,54.998,123.458,26.653,22.709,1,-1,-1,-1
57,6,188.461,126.920,154.908,53.476,1,-1,-1,-1
58,1,29.267,131.822,28.245,22.347,1,-1,-1,-1
58,5,358.372,125.654,131.441,55.493,1,-1,-1,-1
58,16,55.386,123.482,26.653,22.709,1,-1,-1,-1
58,19,86.476,124.456,121.079,59.309,1,-1,-1,-1
58,9,238.906,183.831,193.976,108.006,1,-1,-1,-1
58,6,196.849,126.040,149.768,55.190,1,-1,-1,-1
58,28,1.401,131.192,27.442,28.358,1,-1,-1,-1
59,16,55.775,123.506,26.653,22.709,1,-1,-1,-1
59,5,359.607,125.595,130.317,55.888,1,-1,-1,-1
59,28,1.449,130.781,28.124,28.815,1,-1,-1,-1
59,9,223.039,184.177,190.100,106.028,1,-1,-1,-1
59,6,206.863,125.757,140.285,56.187,1,-1,-1,-1
59,25,82.178,130.231,115.761,53.580,1,-1,-1,-1
59,24,24.410,128.104,33.360,25.008,1,-1,-1,-1
60,20,201.702,126.038,144.173,52.808,1,-1,-1,-1
60,9,207.171,184.523,186.223,104.050,1,-1,-1,-1
60,22,183.911,131.228,72.625,50.179,1,-1,-1,-1
60,5,359.050,125.961,130.819,55.749,1,-1,-1,-1
60,19,86.437,123.973,120.216,59.060,1,-1,-1,-1
60,28,1.016,129.103,30.066,30.350,1,-1,-1,-1
60,16,68.426,122.771,27.993,25.083,1,-1,-1,-1
60,24,27.409,130.395,30.126,23.029,1,-1,-1,-1
61,1,29.069,132.073,28.820,22.420,1,-1,-1,-1
61,22,188.186,128.960,96.550,52.128,1,-1,-1,-1
61,5,357.049,125.756,132.893,55.870,1,-1,-1,-1
61,30,297.993,126.647,53.739,38.769,1,-1,-1,-1
61,16,66.236,123.788,27.854,24.215,1,-1,-1,-1
61,29,0.065,131.815,17.822,30.643,1,-1,-1,-1
61,25,82.511,129.977,115.031,53.945,1,-1,-1,-1
61,9,198.344,180.670,171.192,104.964,1,-1,-1,-1
62,1,28.859,132.075,29.395,22.494,1,-1,-1,-1
62,28,0.063,131.987,17.652,30.471,1,-1,-1,-1
62,9,181.106,183.343,171.664,95.635,1,-1,-1,-1
62,25,83.476,124.242,118.852,58.975,1,-1,-1,-1
62,16,68.082,124.295,27.854,24.215,1,-1,-1,-1
62,5,357.176,125.699,132.765,56.065,1,-1,-1,-1
62,20,201.334,125.230,133.554,55.830,1,-1,-1,-1
63,5,357.380,125.663,132.611,56.021,1,-1,-1,-1
63,9,170.023,181.699,165.290,94.579,1,-1,-1,-1
63,25,83.640,124.980,116.912,58.019,1,-1,-1,-1
63,22,196.737,124.423,144.401,56.027,1,-1,-1,-1
63,1,28.648,132.077,29.970,22.568,1,-1,-1,-1
63,28,0.058,132.026,17.645,30.455,1,-1,-1,-1
64,1,28.437,132.079,30.545,22.641,1,-1,-1,-1
64,28,0.061,132.099,17.584,30.381,1,-1,-1,-1
64,9,158.939,180.055,158.915,93.523,1,-1,-1,-1
64,25,83.636,124.862,116.668,58.082,1,-1,-1,-1
64,22,195.424,124.954,146.717,54.744,1,-1,-1,-1
64,30,293.539,124.658,60.557,39.791,1,-1,-1,-1
64,5,357.328,125.580,132.564,56.192,1,-1,-1,-1
65,1,28.507,132.131,30.395,22.610,1,-1,-1,-1
65,28,0.054,132.135,17.433,30.261,1,-1,-1,-1
65,25,83.935,122.979,119.048,60.203,1,-1,-1,-1
65,16,73.620,125.816,27.854,24.215,1,-1,-1,-1
65,5,357.303,125.627,132.588,56.101,1,-1,-1,-1
65,22,196.342,125.476,145.090,55.790,1,-1,-1,-1
65,9,147.856,178.410,152.541,92.467,1,-1,-1,-1
66,28,0.042,132.144,17.834,30.046,1,-1,-1,-1
66,1,27.718,131.768,31.019,23.172,1,-1,-1,-1
66,5,357.270,125.738,132.524,55.574,1,-1,-1,-1
66,22,198.506,126.233,137.746,53.111,1,-1,-1,-1
66,25,84.869,125.835,115.722,56.914,1,-1,-1,-1
66,30,296.026,124.111,62.973,39.007,1,-1,-1,-1
66,9,136.773,176.766,146.167,91.411,1,-1,-1,-1
66,16,75.465,126.323,27.854,24.215,1,-1,-1,-1
67,28,0.053,131.609,18.228,30.590,1,-1,-1,-1
67,1,28.320,130.827,32.717,22.316,1,-1,-1,-1
67,16,78.682,129.116,48.683,32.522,1,-1,-1,-1
67,9,122.901,177.773,139.887,86.082,1,-1,-1,-1
67,30,292.638,124.652,59.667,40.071,1,-1,-1,-1
67,25,120.476,125.388,130.714,57.058,1,-1,-1,-1
67,5,358.042,125.499,132.088,55.485,1,-1,-1,-1
68,16,81.900,131.910,69.512,40.829,1,-1,-1,-1
68,28,0.077,131.567,18.242,30.647,1,-1,-1,-1
68,1,28.349,130.910,32.675,22.208,1,-1,-1,-1
68,5,357.932,125.714,132.263,55.596,1,-1,-1,-1
68,22,189.874,126.103,154.215,55.680,1,-1,-1,-1
68,9,114.769,172.758,137.172,91.962,1,-1,-1,-1
69,16,85.117,134.703,90.341,49.136,1,-1,-1,-1
69,1,27.511,131.870,30.704,23.245,1,-1,-1,-1
69,5,358.266,125.603,131.943,55.766,1,-1,-1,-1
69,9,100.698,174.007,135.737,86.108,1,-1,-1,-1
69,25,191.691,124.493,160.698,57.345,1,-1,-1,-1
69,28,0.068,131.520,18.254,30.700,1,-1,-1,-1
69,30,292.758,124.489,60.405,41.003,1,-1,-1,-1
70,9,88.988,174.681,131.786,83.886,1,-1,-1,-1
70,5,357.957,125.482,132.084,55.935,1,-1,-1,-1
70,30,298.527,126.412,52.296,36.331,1,-1,-1,-1
70,1,26.404,130.320,32.407,24.332,1,-1,-1,-1
70,22,184.543,129.078,77.557,53.917,1,-1,-1,-1
70,31,90.712,124.309,116.845,56.968,1,-1,-1,-1
70,28,0.066,132.020,18.000,30.179,1,-1,-1,-1
71,30,292.832,123.039,63.195,42.371,1,-1,-1,-1
71,28,0.000,131.280,17.780,29.737,1,-1,-1,-1
71,9,77.279,175.355,127.836,81.664,1,-1,-1,-1
71,22,186.501,128.319,83.311,54.299,1,-1,-1,-1
71,31,94.224,121.191,111.027,56.618,1,-1,-1,-1
71,5,359.329,126.070,131.046,55.922,1,-1,-1,-1
72,5,359.386,126.026,130.968,55.945,1,-1,-1,-1
72,9,72.481,178.574,121.048,75.572,1,-1,-1,-1
72,16,86.309,137.344,78.433,44.556,1,-1,-1,-1
72,28,0.000,131.510,17.746,29.633,1,-1,-1,-1
72,30,290.856,123.060,65.512,42.709,1,-1,-1,-1
72,22,186.014,128.413,81.410,54.170,1,-1,-1,-1
73,22,185.526,128.507,79.509,54.040,1,-1,-1,-1
73,30,297.115,125.500,53.407,39.644,1,-1,-1,-1
73,5,365.410,124.295,123.413,57.976,1,-1,-1,-1
73,9,62.261,177.770,117.501,75.968,1,-1,-1,-1
73,28,0.012,131.834,17.486,29.229,1,-1,-1,-1
73,31,94.671,125.618,102.030,54.741,1,-1,-1,-1
74,9,49.566,178.041,120.283,72.069,1,-1,-1,-1
74,28,0.048,131.790,17.569,29.209,1,-1,-1,-1
74,22,187.432,128.039,87.331,54.838,1,-1,-1,-1
74,30,297.025,125.547,53.226,39.662,1,-1,-1,-1
74,5,365.492,124.251,123.302,58.003,1,-1,-1,-1
74,16,88.048,137.385,69.784,42.188,1,-1,-1,-1
75,30,297.213,125.671,52.709,39.431,1,-1,-1,-1
75,5,359.298,126.022,131.215,55.946,1,-1,-1,-1
75,22,186.915,127.692,81.112,54.541,1,-1,-1,-1
75,31,91.737,125.057,113.158,54.246,1,-1,-1,-1
75,16,87.263,136.221,67.414,43.166,1,-1,-1,-1
75,9,41.176,178.038,112.190,70.024,1,-1,-1,-1
75,28,0.051,132.012,17.377,28.992,1,-1,-1,-1
76,5,359.187,126.055,131.363,55.926,1,-1,-1,-1
76,30,297.287,125.705,52.464,39.358,1,-1,-1,-1
76,28,0.047,132.223,17.288,28.476,1,-1,-1,-1
76,22,186.806,127.591,79.795,54.657,1,-1,-1,-1
76,9,33.132,176.840,105.812,68.805,1,-1,-1,-1
76,16,85.436,136.579,80.673,42.881,1,-1,-1,-1
77,28,0.000,132.142,17.330,28.077,1,-1,-1,-1
77,9,22.043,177.067,107.380,67.214,1,-1,-1,-1
77,30,298.134,125.648,52.491,39.424,1,-1,-1,-1
77,22,187.262,127.698,83.163,54.650,1,-1,-1,-1
77,5,358.954,126.134,131.703,55.974,1,-1,-1,-1
77,16,86.888,136.180,69.600,45.645,1,-1,-1,-1
78,28,0.000,131.729,17.337,28.322,1,-1,-1,-1
78,22,186.632,127.542,80.055,54.786,1,-1,-1,-1
78,5,358.963,126.130,131.706,55.967,1,-1,-1,-1
78,16,85.050,135.960,71.744,46.667,1,-1,-1,-1
78,9,16.167,175.534,102.169,66.962,1,-1,-1,-1
78,30,298.634,125.626,52.491,39.424,1,-1,-1,-1
79,16,83.514,136.463,83.918,46.380,1,-1,-1,-1
79,28,0.000,131.477,17.337,28.322,1,-1,-1,-1
79,9,11.316,176.406,95.726,65.311,1,-1,-1,-1
79,5,358.972,126.120,131.703,55.989,1,-1,-1,-1
79,30,191.076,124.005,166.758,58.403,1,-1,-1,-1
80,5,358.977,126.122,131.698,55.985,1,-1,-1,-1
80,9,6.190,175.398,91.717,67.244,1,-1,-1,-1
80,28,0.000,132.216,17.090,28.305,1,-1,-1,-1
80,31,139.221,127.628,146.977,54.517,1,-1,-1,-1
81,16,83.516,136.755,90.362,46.858,1,-1,-1,-1
81,28,0.000,131.086,17.825,30.083,1,-1,-1,-1
81,9,2.221,177.029,87.454,63.993,1,-1,-1,-1
81,5,358.438,125.873,131.803,56.279,1,-1,-1,-1
81,30,189.680,125.442,153.492,56.433,1,-1,-1,-1
82,9,0.788,177.992,78.414,63.361,1,-1,-1,-1
82,5,358.368,125.919,131.869,56.190,1,-1,-1,-1
82,28,0.000,130.456,17.990,30.645,1,-1,-1,-1
82,16,84.489,137.261,90.362,46.858,1,-1,-1,-1
82,31,199.121,126.283,144.025,57.241,1,-1,-1,-1
83,5,358.402,125.910,131.807,56.199,1,-1,-1,-1
83,16,84.507,126.110,114.506,56.382,1,-1,-1,-1
83,28,0.000,131.192,17.942,30.187,1,-1,-1,-1
83,9,2.412,177.187,67.284,61.696,1,-1,-1,-1
83,30,189.589,125.422,154.299,56.482,1,-1,-1,-1
84,5,358.417,125.906,131.794,56.202,1,-1,-1,-1
84,16,84.920,125.383,114.667,57.357,1,-1,-1,-1
84,28,0.000,128.774,18.700,32.676,1,-1,-1,-1
84,33,2.471,178.102,66.776,62.126,1,-1,-1,-1
84,34,199.193,126.338,143.347,57.253,1,-1,-1,-1
84,22,59.790,128.124,78.346,42.364,1,-1,-1,-1
84,32,296.679,123.278,61.691,39.225,1,-1,-1,-1
85,33,2.246,161.911,60.705,56.478,1,-1,-1,-1
85,5,358.175,125.833,131.997,56.202,1,-1,-1,-1
85,34,199.426,124.327,162.319,57.318,1,-1,-1,-1
85,32,296.789,123.458,56.641,40.083,1,-1,-1,-1
85,28,0.000,128.758,18.981,32.604,1,-1,-1,-1
85,16,84.295,125.134,116.948,57.727,1,-1,-1,-1
86,36,83.964,126.249,115.859,56.484,1,-1,-1,-1
86,28,0.000,127.435,18.815,34.366,1,-1,-1,-1
86,35,21.234,126.860,35.399,27.794,1,-1,-1,-1
86,5,358.154,125.833,132.037,56.206,1,-1,-1,-1
86,33,0.743,177.055,43.356,51.203,1,-1,-1,-1
86,22,43.181,129.229,54.058,33.417,1,-1,-1,-1
86,32,296.901,123.420,56.664,40.098,1,-1,-1,-1
86,16,186.500,128.228,85.751,54.045,1,-1,-1,-1
87,5,358.129,125.849,132.086,56.175,1,-1,-1,-1
87,35,22.571,127.893,34.098,26.749,1,-1,-1,-1
87,36,83.615,124.907,117.136,57.880,1,-1,-1,-1
87,28,0.013,128.536,17.773,33.194,1,-1,-1,-1
87,33,0.992,176.325,30.878,47.872,1,-1,-1,-1
87,34,198.996,124.426,162.874,57.426,1,-1,-1,-1
88,28,0.122,131.331,17.082,29.802,1,-1,-1,-1
88,5,358.126,125.843,132.081,56.171,1,-1,-1,-1
88,22,26.572,130.334,29.770,24.471,1,-1,-1,-1
88,36,83.233,124.863,117.301,57.957,1,-1,-1,-1
88,9,0.000,174.984,52.488,59.761,1,-1,-1,-1
88,16,186.332,128.306,85.511,54.150,1,-1,-1,-1
89,9,0.000,187.799,23.520,89.555,1,-1,-1,-1
89,28,0.000,130.428,17.430,30.571,1,-1,-1,-1
89,36,83.235,124.736,117.279,58.192,1,-1,-1,-1
89,34,198.497,124.384,164.212,57.529,1,-1,-1,-1
89,5,358.129,125.867,132.106,56.135,1,-1,-1,-1
89,35,36.316,125.969,29.456,24.040,1,-1,-1,-1
90,28,0.000,129.968,17.436,31.107,1,-1,-1,-1
90,5,358.295,125.858,131.953,56.163,1,-1,-1,-1
90,35,36.255,125.831,29.443,24.276,1,-1,-1,-1
90,16,184.376,130.511,71.588,51.919,1,-1,-1,-1
90,9,0.906,203.509,23.524,74.482,1,-1,-1,-1
90,36,83.045,124.756,117.519,58.143,1,-1,-1,-1
90,32,297.063,123.589,56.888,39.847,1,-1,-1,-1
91,22,27.018,129.992,30.782,23.243,1,-1,-1,-1
91,35,45.875,124.015,25.864,22.474,1,-1,-1,-1
91,34,206.883,124.323,154.977,56.903,1,-1,-1,-1
91,32,294.693,122.671,63.583,39.771,1,-1,-1,-1
91,28,0.017,131.715,17.098,29.494,1,-1,-1,-1
91,36,83.141,126.813,114.853,56.351,1,-1,-1,-1
91,5,358.228,125.637,132.643,56.024,1,-1,-1,-1
92,22,26.237,129.818,31.464,23.739,1,-1,-1,-1
92,35,45.860,124.438,25.785,22.210,1,-1,-1,-1
92,5,358.341,125.620,132.589,56.014,1,-1,-1,-1
92,30,189.883,126.643,161.329,54.379,1,-1,-1,-1
92,28,0.016,131.675,17.199,29.348,1,-1,-1,-1
92,36,83.059,126.652,115.246,56.480,1,-1,-1,-1
93,36,83.156,126.461,115.313,56.614,1,-1,-1,-1
93,28,0.000,130.789,17.416,30.206,1,-1,-1,-1
93,22,25.454,129.469,32.105,24.181,1,-1,-1,-1
93,5,358.263,125.646,132.704,55.968,1,-1,-1,-1
93,30,189.567,126.606,161.531,54.543,1,-1,-1,-1
94,36,83.499,125.940,115.644,57.192,1,-1,-1,-1
94,37,0.000,130.877,17.329,30.229,1,-1,-1,-1
94,22,25.883,129.542,31.935,23.970,1,-1,-1,-1
94,16,183.817,131.307,66.353,52.427,1,-1,-1,-1
94,32,294.354,122.491,63.883,39.682,1,-1,-1,-1
94,35,45.742,124.060,26.058,22.569,1,-1,-1,-1
94,5,358.272,125.646,132.704,55.998,1,-1,-1,-1
95,22,26.024,129.560,31.902,23.842,1,-1,-1,-1
95,5,358.269,125.610,132.726,56.051,1,-1,-1,-1
95,35,45.724,124.001,26.072,22.594,1,-1,-1,-1
95,30,189.921,126.435,161.480,54.683,1,-1,-1,-1
95,37,0.000,130.877,17.329,30.229,1,-1,-1,-1
95,36,83.447,125.920,115.727,57.277,1,-1,-1,-1
96,36,83.066,126.414,115.447,56.596,1,-1,-1,-1
96,32,294.828,122.722,63.405,39.688,1,-1,-1,-1
96,22,26.078,129.634,31.651,23.840,1,-1,-1,-1
96,37,0.000,130.831,17.351,30.025,1,-1,-1,-1
96,5,358.208,125.691,132.787,56.051,1,-1,-1,-1
96,16,183.765,132.520,62.176,50.313,1,-1,-1,-1
97,5,358.312,125.518,132.846,55.998,1,-1,-1,-1
97,32,296.340,123.605,58.005,40.059,1,-1,-1,-1
97,35,46.771,124.646,25.191,22.183,1,-1,-1,-1
97,16,184.092,130.835,64.332,52.683,1,-1,-1,-1
97,22,26.837,130.420,31.059,23.068,1,-1,-1,-1
97,37,0.000,131.441,17.246,29.726,1,-1,-1,-1
97,36,82.812,126.125,115.736,56.781,1,-1,-1,-1
98,37,0.000,131.443,17.246,29.724,1,-1,-1,-1
98,35,46.772,124.645,25.188,22.184,1,-1,-1,-1
98,36,82.778,126.280,115.645,56.653,1,-1,-1,-1
98,30,188.311,126.982,162.969,54.264,1,-1,-1,-1
98,22,26.838,130.421,31.056,23.067,1,-1,-1,-1
98,32,296.286,123.612,58.098,40.065,1,-1,-1,-1
98,5,358.304,125.518,132.853,55.995,1,-1,-1,-1
99,37,0.095,131.370,16.936,29.800,1,-1,-1,-1
99,22,27.474,130.565,30.351,22.800,1,-1,-1,-1
99,5,358.786,125.471,132.331,56.037,1,-1,-1,-1
99,35,47.914,123.929,23.957,22.600,1,-1,-1,-1
99,36,83.243,127.400,114.013,55.828,1,-1,-1,-1
99,30,189.745,126.913,159.814,54.354,1,-1,-1,-1
100,35,47.376,124.388,24.684,22.169,1,-1,-1,-1
100,36,82.786,127.896,113.789,55.236,1,-1,-1,-1
100,5,358.370,125.411,132.599,56.269,1,-1,-1,-1
100,22,27.292,130.549,30.505,22.848,1,-1,-1,-1
100,38,200.374,125.484,148.182,55.949,1,-1,-1,-1
100,16,183.497,133.395,62.951,50.193,1,-1,-1,-1
100,37,0.000,130.369,17.419,30.727,1,-1,-1,-1
101,5,359.004,125.698,131.941,56.218,1,-1,-1,-1
101,37,0.000,130.124,17.357,31.024,1,-1,-1,-1
101,38,200.374,125.484,148.182,55.949,1,-1,-1,-1
101,36,83.230,127.716,116.891,55.568,1,-1,-1,-1
101,30,184.866,128.311,85.618,53.807,1,-1,-1,-1
101,35,46.301,123.720,25.323,23.285,1,-1,-1,-1
101,22,27.627,130.501,30.499,22.878,1,-1,-1,-1
102,37,0.000,129.520,17.470,31.524,1,-1,-1,-1
102,22,27.838,130.485,30.499,22.878,1,-1,-1,-1
102,35,46.181,123.502,25.870,23.562,1,-1,-1,-1
102,5,358.513,125.564,132.454,55.884,1,-1,-1,-1
102,36,83.521,126.806,117.521,56.510,1,-1,-1,-1
102,38,200.374,125.484,148.182,55.949,1,-1,-1,-1
103,22,17.760,124.790,39.533,28.124,1,-1,-1,-1
103,35,46.597,123.928,25.129,23.107,1,-1,-1,-1
103,32,296.603,126.354,51.587,38.177,1,-1,-1,-1
103,5,359.211,125.645,131.775,56.232,1,-1,-1,-1
103,37,0.000,130.264,17.295,30.835,1,-1,-1,-1
103,36,83.116,127.890,116.643,55.411,1,-1,-1,-1
103,16,186.318,133.189,62.929,50.374,1,-1,-1,-1
104,35,46.270,123.615,25.503,23.475,1,-1,-1,-1
104,36,83.119,127.869,116.790,55.423,1,-1,-1,-1
104,32,296.679,126.314,51.870,38.315,1,-1,-1,-1
104,30,183.073,130.393,70.819,52.282,1,-1,-1,-1
104,5,359.348,125.702,131.655,56.167,1,-1,-1,-1
104,37,0.000,130.027,17.353,31.038,1,-1,-1,-1
105,5,359.338,125.653,131.665,56.199,1,-1,-1,-1
105,36,83.080,128.183,116.598,55.097,1,-1,-1,-1
105,37,0.000,129.997,17.372,31.060,1,-1,-1,-1
105,32,296.820,126.322,52.023,38.360,1,-1,-1,-1
105,35,46.287,123.639,25.485,23.459,1,-1,-1,-1
105,30,182.927,130.549,71.161,52.241,1,-1,-1,-1
106,37,0.000,130.003,17.361,31.096,1,-1,-1,-1
106,5,359.449,125.630,131.385,56.075,1,-1,-1,-1
106,36,83.117,127.741,117.363,55.512,1,-1,-1,-1
106,32,295.894,126.693,52.557,37.817,1,-1,-1,-1
106,35,46.261,123.618,25.534,23.470,1,-1,-1,-1
106,30,182.993,130.125,70.559,52.523,1,-1,-1,-1
107,32,298.360,126.359,51.692,36.972,1,-1,-1,-1
107,35,46.140,123.509,25.662,23.598,1,-1,-1,-1
107,16,191.138,132.175,74.866,51.506,1,-1,-1,-1
107,36,83.154,127.831,117.294,55.416,1,-1,-1,-1
107,5,359.484,125.643,131.390,56.121,1,-1,-1,-1
107,37,0.000,130.146,17.414,30.942,1,-1,-1,-1
108,37,0.000,130.290,17.464,30.732,1,-1,-1,-1
108,35,46.228,123.721,25.525,23.406,1,-1,-1,-1
108,32,296.711,126.817,51.538,37.792,1,-1,-1,-1
108,5,361.118,125.149,127.443,56.737,1,-1,-1,-1
108,30,182.808,130.437,71.293,52.299,1,-1,-1,-1
108,36,83.064,128.137,117.022,55.135,1,-1,-1,-1
109,5,360.972,124.821,127.636,55.800,1,-1,-1,-1
109,32,297.002,126.332,52.903,37.966,1,-1,-1,-1
109,30,182.845,130.097,70.145,52.671,1,-1,-1,-1
109,35,45.014,123.867,26.613,23.416,1,-1,-1,-1
109,39,0.000,126.733,31.921,33.229,1,-1,-1,-1
109,36,82.575,127.342,117.553,55.473,1,-1,-1,-1
110,32,297.292,125.848,54.269,38.140,1,-1,-1,-1
110,36,82.507,127.390,117.572,55.419,1,-1,-1,-1
110,37,0.000,130.439,17.450,30.843,1,-1,-1,-1
110,35,44.971,123.671,26.685,23.586,1,-1,-1,-1
110,16,199.069,128.565,110.678,54.902,1,-1,-1,-1
110,5,360.984,124.839,127.583,55.789,1,-1,-1,-1
111,39,0.000,127.122,32.318,32.464,1,-1,-1,-1
111,36,82.713,126.561,116.727,56.618,1,-1,-1,-1
111,35,44.389,124.387,26.456,22.761,1,-1,-1,-1
111,30,189.158,126.268,160.772,55.337,1,-1,-1,-1
111,5,358.216,125.458,132.457,55.997,1,-1,-1,-1
111,40,28.829,131.595,27.879,22.546,1,-1,-1,-1
112,35,43.879,125.743,26.758,21.533,1,-1,-1,-1
112,36,81.904,127.044,117.012,56.016,1,-1,-1,-1
112,30,188.698,126.189,161.779,55.208,1,-1,-1,-1
112,5,358.261,125.459,132.201,55.908,1,-1,-1,-1
112,40,28.637,131.581,28.554,22.553,1,-1,-1,-1
112,37,0.152,131.335,17.051,29.665,1,-1,-1,-1
113,35,32.597,130.442,27.395,21.238,1,-1,-1,-1
113,37,0.099,130.977,17.115,30.051,1,-1,-1,-1
113,5,358.862,125.611,131.586,55.912,1,-1,-1,-1
113,16,207.001,124.955,146.489,58.298,1,-1,-1,-1
113,41,182.829,129.967,75.230,53.217,1,-1,-1,-1
113,36,85.739,122.474,122.986,61.008,1,-1,-1,-1
114,36,87.115,122.619,121.793,60.917,1,-1,-1,-1
114,5,358.928,125.545,131.750,55.692,1,-1,-1,-1
114,39,0.182,126.931,31.030,32.945,1,-1,-1,-1
114,40,44.050,124.316,26.523,22.917,1,-1,-1,-1
114,30,188.541,125.868,161.175,56.073,1,-1,-1,-1
115,5,358.296,125.584,132.129,55.814,1,-1,-1,-1
115,16,201.009,125.019,163.930,56.645,1,-1,-1,-1
115,35,27.896,130.142,30.178,22.873,1,-1,-1,-1
115,39,0.048,125.120,33.386,34.213,1,-1,-1,-1
115,36,83.349,124.650,117.354,59.155,1,-1,-1,-1
116,42,0.320,202.945,51.493,83.548,1,-1,-1,-1
116,39,0.000,129.512,17.523,31.025,1,-1,-1,-1
116,36,83.388,124.538,117.252,59.303,1,-1,-1,-1
116,41,188.340,125.847,162.670,55.759,1,-1,-1,-1
116,40,42.913,125.098,27.864,22.161,1,-1,-1,-1
116,5,358.851,125.363,131.674,56.173,1,-1,-1,-1
117,5,358.717,125.274,132.107,55.997,1,-1,-1,-1
117,37,0.154,131.597,16.598,29.056,1,-1,-1,-1
117,42,1.312,205.949,58.538,84.869,1,-1,-1,-1
117,35,28.565,130.811,29.301,22.201,1,-1,-1,-1
117,30,185.080,129.127,83.721,53.862,1,-1,-1,-1
117,40,43.258,124.951,27.206,22.459,1,-1,-1,-1
117,32,298.687,123.426,60.394,37.723,1,-1,-1,-1
117,36,82.986,127.414,115.692,56.268,1,-1,-1,-1
118,36,82.729,126.457,117.287,57.490,1,-1,-1,-1
118,43,199.497,125.377,164.827,56.221,1,-1,-1,-1
118,37,0.132,132.204,16.602,28.537,1,-1,-1,-1
118,5,358.516,125.407,132.199,55.941,1,-1,-1,-1
118,40,37.477,127.885,27.668,21.651,1,-1,-1,-1
118,30,184.058,129.761,77.858,53.307,1,-1,-1,-1
118,42,2.106,205.659,68.466,87.745,1,-1,-1,-1
119,37,0.033,131.883,16.955,28.611,1,-1,-1,-1
119,5,358.604,125.470,132.031,55.977,1,-1,-1,-1
119,30,87.171,123.034,121.457,60.679,1,-1,-1,-1
119,40,28.888,130.777,29.325,21.952,1,-1,-1,-1
119,42,0.000,213.559,81.533,84.219,1,-1,-1,-1
119,43,196.974,125.512,166.832,56.211,1,-1,-1,-1
120,30,87.586,123.011,120.292,60.695,1,-1,-1,-1
120,40,28.366,130.849,29.749,22.212,1,-1,-1,-1
120,37,0.124,131.701,16.878,28.623,1,-1,-1,-1
120,42,1.053,204.324,90.302,93.154,1,-1,-1,-1
120,5,359.421,125.341,131.375,55.813,1,-1,-1,-1
120,41,188.422,125.840,161.118,56.055,1,-1,-1,-1
121,30,88.195,122.505,117.182,57.257,1,-1,-1,-1
121,5,357.848,125.236,132.236,56.518,1,-1,-1,-1
121,37,0.015,132.304,17.540,28.307,1,-1,-1,-1
121,36,182.802,132.012,64.806,50.246,1,-1,-1,-1
121,32,296.729,123.223,63.544,40.425,1,-1,-1,-1
121,35,24.459,131.536,29.045,22.185,1,-1,-1,-1
121,42,1.793,205.701,97.963,97.380,1,-1,-1,-1
122,37,0.002,132.633,17.428,28.142,1,-1,-1,-1
122,40,42.946,127.480,28.675,19.980,1,-1,-1,-1
122,30,82.691,136.792,97.565,46.753,1,-1,-1,-1
122,44,4.256,207.667,106.165,101.316,1,-1,-1,-1
122,5,357.778,125.208,132.290,56.639,1,-1,-1,-1
122,32,296.976,123.222,63.342,39.826,1,-1,-1,-1
122,35,23.274,131.719,29.045,22.185,1,-1,-1,-1
122,36,182.838,132.072,64.774,49.910,1,-1,-1,-1
123,40,43.029,127.375,28.675,20.035,1,-1,-1,-1
123,44,0.971,205.586,119.469,101.721,1,-1,-1,-1
123,41,188.775,125.791,161.254,55.548,1,-1,-1,-1
123,37,0.000,132.232,17.550,28.447,1,-1,-1,-1
123,5,357.908,125.347,132.127,56.463,1,-1,-1,-1
123,32,296.823,123.292,63.282,39.815,1,-1,-1,-1
123,45,83.860,122.935,124.458,59.886,1,-1,-1,-1
123,35,22.089,131.901,29.045,22.185,1,-1,-1,-1
124,5,361.811,123.757,127.029,58.846,1,-1,-1,-1
124,40,42.969,127.402,28.692,20.064,1,-1,-1,-1
124,41,189.026,125.745,161.172,55.566,1,-1,-1,-1
124,42,5.679,210.363,124.811,102.361,1,-1,-1,-1
124,45,83.117,122.656,124.259,59.783,1,-1,-1,-1
124,35,20.905,132.084,29.045,22.185,1,-1,-1,-1
124,32,296.588,123.398,63.446,39.691,1,-1,-1,-1
124,37,0.000,131.872,17.584,28.894,1,-1,-1,-1
125,37,0.000,132.256,17.471,28.584,1,-1,-1,-1
125,44,3.401,207.069,125.206,106.113,1,-1,-1,-1
125,45,93.845,124.503,116.572,56.865,1,-1,-1,-1
125,41,189.047,125.771,161.267,55.526,1,-1,-1,-1
125,5,361.611,123.776,127.237,58.839,1,-1,-1,-1
125,40,43.106,127.569,28.506,19.815,1,-1,-1,-1
126,37,0.000,132.342,17.475,28.509,1,-1,-1,-1
126,5,358.312,125.131,131.893,56.244,1,-1,-1,-1
126,47,5.764,208.083,147.414,106.928,1,-1,-1,-1
126,36,190.543,124.940,166.274,56.976,1,-1,-1,-1
126,35,30.343,131.233,28.477,21.274,1,-1,-1,-1
126,45,85.401,123.355,121.786,59.658,1,-1,-1,-1
127,5,358.104,125.126,132.273,56.168,1,-1,-1,-1
127,37,0.000,131.243,17.697,29.247,1,-1,-1,-1
127,35,29.666,130.674,28.488,21.419,1,-1,-1,-1
127,44,6.231,210.240,157.298,107.316,1,-1,-1,-1
127,40,43.774,127.601,27.059,18.907,1,-1,-1,-1
127,41,189.504,125.639,159.721,55.696,1,-1,-1,-1
127,30,85.623,122.980,121.920,60.353,1,-1,-1,-1
128,5,357.802,125.247,132.539,56.331,1,-1,-1,-1
128,44,6.907,210.836,169.951,110.161,1,-1,-1,-1
128,37,0.010,132.129,17.447,28.489,1,-1,-1,-1
128,41,189.515,125.927,159.225,55.070,1,-1,-1,-1
128,40,43.072,127.696,28.390,19.726,1,-1,-1,-1
128,48,295.706,123.537,62.873,39.142,1,-1,-1,-1
128,45,80.057,126.571,117.666,53.893,1,-1,-1,-1
129,37,0.020,132.269,17.434,28.354,1,-1,-1,-1
129,32,204.957,125.071,142.863,57.300,1,-1,-1,-1
129,35,34.047,131.090,27.735,20.205,1,-1,-1,-1
129,5,357.776,125.286,132.535,56.295,1,-1,-1,-1
129,49,182.790,132.030,64.631,49.105,1,-1,-1,-1
129,30,84.488,122.822,122.944,60.531,1,-1,-1,-1
129,47,3.173,212.322,179.556,110.285,1,-1,-1,-1
130,37,0.029,132.363,17.416,28.283,1,-1,-1,-1
130,5,357.893,125.246,132.473,56.288,1,-1,-1,-1
130,44,18.794,213.723,176.135,112.979,1,-1,-1,-1
130,49,189.056,125.778,160.322,55.010,1,-1,-1,-1
130,35,30.446,131.236,28.191,21.288,1,-1,-1,-1
130,45,81.775,129.460,116.361,53.347,1,-1,-1,-1
131,45,82.616,128.168,114.796,53.399,1,-1,-1,-1
131,5,359.264,125.456,130.989,55.859,1,-1,-1,-1
131,44,24.737,215.167,179.227,114.388,1,-1,-1,-1
131,49,195.495,124.518,153.222,56.554,1,-1,-1,-1
131,35,27.861,127.987,29.892,24.363,1,-1,-1,-1
131,37,0.028,131.419,17.526,29.693,1,-1,-1,-1
131,40,46.201,124.827,25.932,22.033,1,-1,-1,-1
131,48,289.900,122.641,67.561,40.579,1,-1,-1,-1
132,35,27.765,127.852,29.979,24.463,1,-1,-1,-1
132,41,202.693,124.439,160.716,57.237,1,-1,-1,-1
132,40,46.032,124.691,26.080,22.177,1,-1,-1,-1
132,37,0.031,131.324,17.539,29.761,1,-1,-1,-1
132,30,186.776,129.298,92.851,52.436,1,-1,-1,-1
132,44,30.681,216.611,182.319,115.797,1,-1,-1,-1
132,45,82.371,129.070,113.635,52.368,1,-1,-1,-1
132,5,359.371,125.470,130.785,55.805,1,-1,-1,-1
133,40,47.112,124.339,25.060,22.278,1,-1,-1,-1
133,37,0.091,131.688,17.510,29.472,1,-1,-1,-1
133,35,28.232,128.343,29.270,24.062,1,-1,-1,-1
133,30,189.717,128.246,110.395,53.176,1,-1,-1,-1
133,5,358.933,125.334,131.186,55.944,1,-1,-1,-1
133,44,38.413,213.677,180.002,117.994,1,-1,-1,-1
133,45,83.076,129.206,112.462,51.873,1,-1,-1,-1
134,35,28.435,128.636,28.969,23.804,1,-1,-1,-1
134,40,47.318,124.864,24.807,21.760,1,-1,-1,-1
134,30,192.659,127.194,127.939,53.917,1,-1,-1,-1
134,44,46.994,214.303,182.050,119.229,1,-1,-1,-1
134,48,294.291,122.625,60.445,41.627,1,-1,-1,-1
134,5,359.115,125.366,130.998,55.851,1,-1,-1,-1
134,45,83.210,128.356,113.700,52.676,1,-1,-1,-1
134,37,0.114,131.799,17.465,29.398,1,-1,-1,-1
135,5,359.215,125.273,130.983,55.907,1,-1,-1,-1
135,40,50.696,125.434,23.195,19.163,1,-1,-1,-1
135,35,27.730,127.756,29.841,24.617,1,-1,-1,-1
135,44,55.575,214.930,184.098,120.464,1,-1,-1,-1
135,45,83.821,127.613,114.471,53.609,1,-1,-1,-1
135,49,210.291,125.431,130.962,57.231,1,-1,-1,-1
135,37,0.153,131.393,17.386,29.503,1,-1,-1,-1
136,30,189.274,126.982,157.321,53.457,1,-1,-1,-1
136,44,59.761,215.732,189.950,121.877,1,-1,-1,-1
136,35,25.589,127.777,31.997,25.133,1,-1,-1,-1
136,48,293.854,121.893,63.042,41.038,1,-1,-1,-1
136,45,82.887,129.660,114.943,51.752,1,-1,-1,-1
136,37,0.101,131.603,17.574,29.273,1,-1,-1,-1
136,5,359.078,125.176,131.618,55.868,1,-1,-1,-1
137,35,25.745,127.916,31.797,24.988,1,-1,-1,-1
137,40,50.463,125.990,23.390,18.645,1,-1,-1,-1
137,37,0.102,131.508,17.610,29.338,1,-1,-1,-1
137,44,63.947,216.535,195.802,123.290,1,-1,-1,-1
137,51,189.791,127.138,157.317,53.066,1,-1,-1,-1
137,5,358.930,125.052,131.792,55.901,1,-1,-1,-1
137,48,293.843,122.114,63.026,40.911,1,-1,-1,-1
137,30,95.674,121.248,113.851,55.689,1,-1,-1,-1
138,35,26.404,127.881,30.690,24.628,1,-1,-1,-1
138,44,70.342,218.210,198.055,123.501,1,-1,-1,-1
138,37,0.116,131.081,17.711,29.772,1,-1,-1,-1
138,40,47.079,124.242,24.760,22.085,1,-1,-1,-1
138,5,358.874,125.046,131.507,55.869,1,-1,-1,-1
138,49,202.999,125.015,156.597,55.962,1,-1,-1,-1
138,50,83.285,136.894,99.075,45.830,1,-1,-1,-1
139,40,50.852,125.888,22.678,18.819,1,-1,-1,-1
139,51,189.092,126.990,155.891,53.526,1,-1,-1,-1
139,44,76.737,219.885,200.307,123.713,1,-1,-1,-1
139,35,25.800,127.244,31.090,25.170,1,-1,-1,-1
139,5,358.648,125.003,131.811,55.944,1,-1,-1,-1
139,37,0.068,130.221,17.829,30.589,1,-1,-1,-1
139,30,85.585,122.627,122.194,59.692,1,-1,-1,-1
140,40,50.773,125.913,22.861,18.869,1,-1,-1,-1
140,5,358.874,125.234,131.675,56.562,1,-1,-1,-1
140,44,80.075,218.841,206.802,126.882,1,-1,-1,-1
140,45,86.052,122.233,122.045,60.152,1,-1,-1,-1
140,37,0.104,130.713,17.678,30.160,1,-1,-1,-1
140,35,25.374,127.100,31.461,25.363,1,-1,-1,-1
140,51,208.048,126.736,133.275,53.668,1,-1,-1,-1
141,37,0.127,133.151,16.909,28.397,1,-1,-1,-1
141,30,58.616,129.879,121.619,57.999,1,-1,-1,-1
141,51,201.905,125.746,133.984,51.703,1,-1,-1,-1
141,44,83.412,217.798,213.296,130.050,1,-1,-1,-1
141,5,359.771,125.438,130.762,55.439,1,-1,-1,-1
142,37,0.475,124.863,32.504,33.411,1,-1,-1,-1
142,5,359.782,125.458,130.758,55.418,1,-1,-1,-1
142,44,87.394,218.692,219.094,130.794,1,-1,-1,-1
142,52,0.144,133.035,16.940,28.542,1,-1,-1,-1
142,51,203.544,125.765,144.108,54.994,1,-1,-1,-1
142,50,83.167,127.350,115.867,55.515,1,-1,-1,-1
143,49,202.020,125.592,156.398,55.782,1,-1,-1,-1
143,48,296.476,123.129,62.423,41.108,1,-1,-1,-1
143,37,0.432,124.020,33.306,34.227,1,-1,-1,-1
143,44,93.576,219.788,219.207,132.691,1,-1,-1,-1
143,5,358.638,125.825,132.071,54.845,1,-1,-1,-1
143,50,83.475,126.415,115.594,56.159,1,-1,-1,-1
144,5,358.678,125.704,132.010,54.930,1,-1,-1,-1
144,50,83.611,125.587,116.817,57.474,1,-1,-1,-1
144,37,0.515,125.273,33.052,33.412,1,-1,-1,-1
144,44,99.758,220.883,219.321,134.588,1,-1,-1,-1
144,45,182.979,130.741,67.842,51.177,1,-1,-1,-1
144,40,37.743,127.890,28.493,22.487,1,-1,-1,-1
144,48,297.892,125.072,53.502,39.090,1,-1,-1,-1
145,5,358.544,125.580,132.165,54.762,1,-1,-1,-1
145,35,26.926,128.891,30.782,25.246,1,-1,-1,-1
145,52,0.115,131.689,16.822,27.245,1,-1,-1,-1
145,50,84.932,122.633,121.381,59.659,1,-1,-1,-1
145,48,297.685,123.573,62.070,37.980,1,-1,-1,-1
145,45,183.904,132.928,62.061,49.793,1,-1,-1,-1
145,44,104.575,220.311,221.042,137.092,1,-1,-1,-1
146,44,109.391,219.739,222.763,139.596,1,-1,-1,-1
146,30,55.662,134.978,106.588,50.705,1,-1,-1,-1
146,49,190.844,126.616,157.946,54.549,1,-1,-1,-1
146,37,2.395,132.502,18.076,29.015,1,-1,-1,-1
146,5,358.626,125.572,132.057,54.827,1,-1,-1,-1
146,35,27.002,129.161,30.782,25.246,1,-1,-1,-1
146,45,183.621,131.300,65.988,51.894,1,-1,-1,-1
147,44,114.485,221.605,225.787,138.290,1,-1,-1,-1
147,37,0.110,133.773,16.684,27.711,1,-1,-1,-1
147,5,358.666,125.573,131.599,55.065,1,-1,-1,-1
147,35,31.895,130.484,28.575,22.151,1,-1,-1,-1
147,53,92.914,122.505,112.587,54.432,1,-1,-1,-1
147,45,183.910,131.206,64.938,52.055,1,-1,-1,-1
147,48,297.184,123.318,62.292,39.010,1,-1,-1,-1
148,44,119.579,223.471,228.811,136.985,1,-1,-1,-1
148,37,0.115,133.820,16.663,27.661,1,-1,-1,-1
148,35,31.862,130.443,28.663,22.228,1,-1,-1,-1
148,49,208.303,126.735,130.076,54.836,1,-1,-1,-1
148,45,183.751,131.547,65.047,51.841,1,-1,-1,-1
148,5,358.734,125.698,131.629,54.953,1,-1,-1,-1
148,50,83.941,137.471,91.071,45.958,1,-1,-1,-1
149,44,123.069,223.647,233.502,139.673,1,-1,-1,-1
149,35,31.916,130.417,28.540,22.222,1,-1,-1,-1
149,5,358.743,125.658,131.768,55.116,1,-1,-1,-1
149,49,208.007,126.627,130.448,54.946,1,-1,-1,-1
149,37,0.115,133.712,16.671,27.795,1,-1,-1,-1
149,30,91.808,122.829,113.697,54.290,1,-1,-1,-1
150,45,183.699,131.187,64.657,52.485,1,-1,-1,-1
150,44,126.558,223.823,238.193,142.362,1,-1,-1,-1
150,30,93.779,122.763,111.719,54.191,1,-1,-1,-1
150,5,358.792,125.220,132.010,55.527,1,-1,-1,-1
150,35,29.799,131.982,27.239,22.481,1,-1,-1,-1
150,48,297.283,123.169,61.333,38.851,1,-1,-1,-1
150,40,46.325,127.087,24.843,21.066,1,-1,-1,-1
150,37,0.100,134.297,16.546,27.200,1,-1,-1,-1
151,5,358.956,125.645,131.668,55.206,1,-1,-1,-1
151,44,130.048,223.999,242.884,145.050,1,-1,-1,-1
151,37,0.253,133.171,16.731,28.209,1,-1,-1,-1
151,35,22.910,128.803,34.583,24.997,1,-1,-1,-1
151,53,91.946,121.206,111.481,57.035,1,-1,-1,-1
151,40,51.568,125.748,23.297,19.134,1,-1,-1,-1
151,48,297.811,123.182,61.368,38.849,1,-1,-1,-1
151,45,183.147,133.594,60.358,49.971,1,-1,-1,-1
152,44,140.296,225.978,245.778,146.923,1,-1,-1,-1
152,35,26.323,130.925,30.930,23.405,1,-1,-1,-1
152,40,51.528,125.187,23.747,19.793,1,-1,-1,-1
152,5,358.920,126.146,131.639,54.697,1,-1,-1,-1
152,53,91.168,125.049,108.844,54.681,1,-1,-1,-1
152,49,198.678,123.683,157.299,58.327,1,-1,-1,-1
152,37,0.249,132.949,16.809,28.451,1,-1,-1,-1
152,48,273.120,123.582,83.378,43.332,1,-1,-1,-1
153,5,358.847,126.180,131.703,54.622,1,-1,-1,-1
153,40,51.653,125.314,23.391,19.662,1,-1,-1,-1
153,35,26.250,130.890,31.073,23.444,1,-1,-1,-1
153,37,0.258,133.133,16.750,28.268,1,-1,-1,-1
153,45,182.953,131.587,66.530,51.733,1,-1,-1,-1
153,48,248.429,123.983,105.387,47.815,1,-1,-1,-1
153,44,145.461,226.910,253.209,149.233,1,-1,-1,-1
153,50,82.646,136.942,81.071,46.457,1,-1,-1,-1
154,54,0.731,130.118,33.205,29.034,1,-1,-1,-1
154,5,358.947,125.997,131.533,54.622,1,-1,-1,-1
154,40,51.633,125.216,23.393,19.729,1,-1,-1,-1
154,44,150.626,227.841,260.639,151.543,1,-1,-1,-1
154,35,26.263,130.888,31.038,23.496,1,-1,-1,-1
154,50,84.196,135.921,87.101,47.320,1,-1,-1,-1
154,45,182.870,131.042,68.179,52.055,1,-1,-1,-1
154,48,223.738,124.383,127.396,52.299,1,-1,-1,-1
155,50,82.089,127.996,112.838,56.051,1,-1,-1,-1
155,44,155.790,228.772,268.070,153.853,1,-1,-1,-1
155,5,359.357,126.264,131.307,54.767,1,-1,-1,-1
155,40,52.794,124.644,23.407,19.716,1,-1,-1,-1
155,48,199.047,124.784,149.406,56.782,1,-1,-1,-1
155,54,0.383,124.590,36.041,34.137,1,-1,-1,-1
156,48,199.047,124.784,149.406,56.782,1,-1,-1,-1
156,40,53.572,124.258,23.407,19.716,1,-1,-1,-1
156,35,24.593,130.763,33.983,23.763,1,-1,-1,-1
156,44,160.955,229.704,275.501,156.163,1,-1,-1,-1
156,37,0.000,133.146,17.011,28.404,1,-1,-1,-1
156,50,82.839,127.579,112.029,56.380,1,-1,-1,-1
156,5,359.547,126.252,130.979,54.925,1,-1,-1,-1
156,45,181.419,131.540,70.663,51.284,1,-1,-1,-1
157,44,171.723,230.031,279.911,159.186,1,-1,-1,-1
157,5,358.152,126.012,132.255,54.510,1,-1,-1,-1
157,40,54.349,123.871,23.407,19.716,1,-1,-1,-1
157,50,82.761,127.326,114.167,56.117,1,-1,-1,-1
157,35,25.754,130.845,32.245,23.480,1,-1,-1,-1
157,37,0.123,132.614,17.037,28.614,1,-1,-1,-1
157,48,203.694,124.583,143.880,56.645,1,-1,-1,-1
157,45,182.090,131.330,71.380,51.916,1,-1,-1,-1
158,35,25.754,130.912,32.363,23.390,1,-1,-1,-1
158,37,0.121,132.704,17.014,28.490,1,-1,-1,-1
158,48,204.565,124.541,143.477,56.738,1,-1,-1,-1
158,44,182.490,230.358,284.322,162.209,1,-1,-1,-1
158,50,82.944,127.734,114.649,55.713,1,-1,-1,-1
158,40,55.126,123.485,23.407,19.716,1,-1,-1,-1
158,45,182.150,131.245,71.405,51.950,1,-1,-1,-1
158,5,358.131,126.001,132.391,54.530,1,-1,-1,-1
159,50,83.640,127.399,113.228,55.620,1,-1,-1,-1
159,35,23.022,130.151,34.857,24.471,1,-1,-1,-1
159,5,358.242,125.556,132.432,54.940,1,-1,-1,-1
159,44,194.829,232.676,290.274,164.845,1,-1,-1,-1
159,40,55.904,123.099,23.407,19.716,1,-1,-1,-1
159,37,0.120,132.218,17.013,28.946,1,-1,-1,-1
159,55,206.203,125.021,151.011,56.177,1,-1,-1,-1
160,5,358.279,125.420,132.461,55.308,1,-1,-1,-1
160,37,0.130,131.668,16.934,29.190,1,-1,-1,-1
160,44,207.168,234.995,296.225,167.480,1,-1,-1,-1
160,48,204.180,124.966,151.872,56.308,1,-1,-1,-1
160,45,182.683,129.899,69.485,53.517,1,-1,-1,-1
160,40,46.607,123.911,24.934,21.256,1,-1,-1,-1
160,35,22.818,130.086,34.659,24.547,1,-1,-1,-1
160,50,83.984,126.651,115.739,57.202,1,-1,-1,-1
161,35,22.721,130.299,34.649,24.401,1,-1,-1,-1
161,56,189.139,126.164,159.216,55.510,1,-1,-1,-1
161,5,357.657,125.049,132.547,56.366,1,-1,-1,-1
161,50,83.462,125.542,117.553,57.634,1,-1,-1,-1
161,40,43.860,125.196,28.923,21.997,1,-1,-1,-1
161,44,219.507,237.313,302.177,170.116,1,-1,-1,-1
161,37,0.110,131.359,16.940,29.679,1,-1,-1,-1
162,35,22.456,130.370,34.649,24.401,1,-1,-1,-1
162,5,357.638,125.041,132.747,56.432,1,-1,-1,-1
162,50,83.667,125.248,117.933,58.025,1,-1,-1,-1
162,40,43.355,124.531,29.519,22.853,1,-1,-1,-1
162,37,0.091,131.575,16.897,29.572,1,-1,-1,-1
162,44,228.988,240.184,319.161,174.654,1,-1,-1,-1
162,56,189.125,126.102,159.050,55.508,1,-1,-1,-1
163,37,0.093,131.556,16.957,29.578,1,-1,-1,-1
163,40,43.438,125.588,29.495,21.923,1,-1,-1,-1
163,35,22.191,130.441,34.649,24.401,1,-1,-1,-1
163,5,357.703,125.023,132.777,56.482,1,-1,-1,-1
163,56,189.209,126.032,158.607,55.681,1,-1,-1,-1
163,50,83.569,125.345,118.277,57.826,1,-1,-1,-1
163,44,238.469,243.054,336.145,179.193,1,-1,-1,-1
163,45,182.907,129.777,68.955,54.003,1,-1,-1,-1
164,50,82.581,122.083,121.599,61.277,1,-1,-1,-1
164,37,0.155,130.484,17.008,30.542,1,-1,-1,-1
164,56,189.223,125.617,158.676,55.786,1,-1,-1,-1
164,45,182.625,129.635,69.589,53.658,1,-1,-1,-1
164,35,21.926,130.511,34.649,24.401,1,-1,-1,-1
164,5,357.497,125.709,132.942,55.763,1,-1,-1,-1
164,44,255.207,244.962,347.868,185.527,1,-1,-1,-1
165,50,83.690,123.234,121.255,60.077,1,-1,-1,-1
165,37,0.042,130.532,17.057,30.489,1,-1,-1,-1
165,35,21.661,130.582,34.649,24.401,1,-1,-1,-1
165,44,271.945,246.870,359.591,191.861,1,-1,-1,-1
165,56,189.271,125.642,157.796,55.876,1,-1,-1,-1
165,5,357.311,125.639,133.177,56.182,1,-1,-1,-1
166,44,288.683,248.778,371.314,198.195,1,-1,-1,-1
166,56,189.009,125.612,158.563,55.984,1,-1,-1,-1
166,37,0.033,130.377,17.097,30.680,1,-1,-1,-1
166,40,35.848,127.788,30.968,23.242,1,-1,-1,-1
166,5,357.271,125.585,133.211,56.299,1,-1,-1,-1
166,50,83.021,122.352,121.168,61.054,1,-1,-1,-1
167,44,312.192,242.199,383.074,210.393,1,-1,-1,-1
167,50,84.099,122.740,121.156,60.677,1,-1,-1,-1
167,37,0.055,130.298,17.207,30.977,1,-1,-1,-1
167,5,357.533,126.008,133.126,55.480,1,-1,-1,-1
167,56,188.565,125.409,160.198,56.384,1,-1,-1,-1
167,59,46.179,123.654,28.549,23.336,1,-1,-1,-1
167,45,182.744,129.719,69.795,54.108,1,-1,-1,-1
167,40,23.259,128.179,34.516,25.520,1,-1,-1,-1
168,5,357.452,125.955,133.054,55.747,1,-1,-1,-1
168,37,0.000,130.186,17.469,30.838,1,-1,-1,-1
168,44,317.146,250.154,413.499,217.092,1,-1,-1,-1
168,59,45.552,123.727,30.611,23.716,1,-1,-1,-1
168,56,188.574,125.405,159.475,56.592,1,-1,-1,-1
169,37,0.075,130.616,17.057,30.478,1,-1,-1,-1
169,58,68.060,122.607,31.328,23.543,1,-1,-1,-1
169,44,346.719,254.533,428.315,221.411,1,-1,-1,-1
169,5,357.254,125.793,133.202,55.758,1,-1,-1,-1
169,56,191.672,125.169,163.155,56.953,1,-1,-1,-1
169,59,47.168,125.274,28.640,21.376,1,-1,-1,-1
169,45,182.507,130.953,69.310,52.002,1,-1,-1,-1
170,37,0.148,130.390,16.822,30.712,1,-1,-1,-1
170,35,34.425,127.113,33.515,22.708,1,-1,-1,-1
170,45,84.027,124.393,117.951,58.978,1,-1,-1,-1
170,56,199.611,126.208,150.219,56.754,1,-1,-1,-1
170,5,357.226,125.810,133.183,55.805,1,-1,-1,-1
170,44,376.291,258.912,443.131,225.731,1,-1,-1,-1
170,58,68.060,122.607,31.328,23.543,1,-1,-1,-1
171,58,69.193,122.417,30.094,22.355,1,-1,-1,-1
171,37,0.198,131.027,18.519,29.698,1,-1,-1,-1
171,5,357.697,125.286,132.761,55.783,1,-1,-1,-1
171,56,199.215,125.150,161.493,56.509,1,-1,-1,-1
171,44,408.758,263.739,463.406,235.500,1,-1,-1,-1
171,35,35.388,127.008,31.013,21.775,1,-1,-1,-1
171,45,108.812,124.315,112.607,57.089,1,-1,-1,-1
172,56,188.294,125.968,161.281,55.334,1,-1,-1,-1
172,44,442.644,266.807,484.446,248.546,1,-1,-1,-1
172,45,133.596,124.237,107.263,55.200,1,-1,-1,-1
172,37,0.239,130.624,18.463,30.358,1,-1,-1,-1
172,5,357.638,125.140,132.781,55.938,1,-1,-1,-1
172,57,36.318,123.785,31.428,24.632,1,-1,-1,-1
173,60,82.598,126.308,120.099,56.738,1,-1,-1,-1
173,44,468.305,275.418,506.564,258.060,1,-1,-1,-1
173,5,357.698,125.153,132.726,55.925,1,-1,-1,-1
173,58,69.042,122.243,30.649,22.646,1,-1,-1,-1
173,56,188.442,126.023,161.055,55.156,1,-1,-1,-1
173,57,43.470,125.615,26.160,21.324,1,-1,-1,-1
173,61,0.724,126.140,29.654,31.639,1,-1,-1,-1
174,5,357.714,125.033,132.752,55.993,1,-1,-1,-1
174,44,506.196,286.916,544.695,268.194,1,-1,-1,-1
174,56,188.762,126.021,161.597,55.158,1,-1,-1,-1
174,37,1.542,127.582,31.983,30.291,1,-1,-1,-1
174,57,43.245,125.258,27.539,22.332,1,-1,-1,-1
174,60,82.642,126.164,119.994,56.875,1,-1,-1,-1
175,61,0.295,135.249,18.911,25.163,1,-1,-1,-1
175,35,24.959,128.362,31.788,23.296,1,-1,-1,-1
175,5,357.706,125.031,132.788,56.013,1,-1,-1,-1
175,60,82.497,126.240,120.303,56.858,1,-1,-1,-1
175,57,48.611,126.975,22.675,19.561,1,-1,-1,-1
175,44,548.714,291.834,553.591,276.706,1,-1,-1,-1
175,56,188.665,125.998,161.597,55.226,1,-1,-1,-1
176,44,599.628,293.173,582.446,296.938,1,-1,-1,-1
176,63,1901.289,523.583,18.064,97.139,1,-1,-1,-1
176,35,27.559,129.846,27.331,21.655,1,-1,-1,-1
176,5,358.113,125.063,132.455,55.797,1,-1,-1,-1
176,56,188.760,125.690,161.695,55.534,1,-1,-1,-1
176,37,1.647,126.247,29.053,32.994,1,-1,-1,-1
176,60,82.724,124.172,121.710,59.686,1,-1,-1,-1
177,63,1872.302,501.320,47.535,131.290,1,-1,-1,-1
177,45,257.518,123.846,80.543,45.755,1,-1,-1,-1
177,44,650.541,294.512,611.301,317.169,1,-1,-1,-1
177,5,358.670,125.191,131.946,55.711,1,-1,-1,-1
177,64,86.733,137.952,76.265,45.917,1,-1,-1,-1
177,61,0.206,133.342,18.767,24.426,1,-1,-1,-1
177,35,25.797,129.814,29.253,21.387,1,-1,-1,-1
178,61,1.035,134.276,28.868,26.713,1,-1,-1,-1
178,63,1848.246,489.347,71.010,141.893,1,-1,-1,-1
178,57,47.243,126.868,23.527,19.405,1,-1,-1,-1
178,44,694.429,311.499,656.292,316.887,1,-1,-1,-1
178,56,188.889,125.682,163.752,55.489,1,-1,-1,-1
178,35,23.440,131.286,27.857,20.818,1,-1,-1,-1
178,45,282.303,123.768,75.199,43.866,1,-1,-1,-1
178,5,358.566,125.364,132.219,55.557,1,-1,-1,-1
178,60,82.941,123.545,120.125,60.005,1,-1,-1,-1
179,61,1.756,131.174,27.988,28.385,1,-1,-1,-1
179,64,85.836,138.144,77.428,45.927,1,-1,-1,-1
179,63,1828.818,484.081,88.854,144.502,1,-1,-1,-1
179,57,47.069,127.060,24.542,20.333,1,-1,-1,-1
179,44,759.943,324.540,681.751,333.559,1,-1,-1,-1
179,62,199.799,124.912,162.858,56.628,1,-1,-1,-1
179,35,26.627,130.865,24.553,21.540,1,-1,-1,-1
179,58,69.040,122.673,28.471,23.136,1,-1,-1,-1
179,56,182.904,130.289,70.369,52.005,1,-1,-1,-1
179,5,358.658,125.991,131.883,55.007,1,-1,-1,-1
180,63,1809.158,477.339,109.006,142.684,1,-1,-1,-1
180,62,189.850,125.742,163.321,55.191,1,-1,-1,-1
180,44,824.168,341.406,701.936,343.389,1,-1,-1,-1
180,61,0.392,133.705,23.509,26.369,1,-1,-1,-1
180,57,47.376,127.083,23.994,20.144,1,-1,-1,-1
180,56,182.169,131.181,67.782,49.411,1,-1,-1,-1
180,5,358.884,125.511,131.686,55.468,1,-1,-1,-1
180,60,82.726,123.525,121.304,60.423,1,-1,-1,-1
181,63,1793.919,472.324,123.625,144.417,1,-1,-1,-1
181,35,26.521,131.715,29.516,22.495,1,-1,-1,-1
181,44,887.611,343.298,756.841,375.801,1,-1,-1,-1
181,60,82.898,122.213,120.772,60.846,1,-1,-1,-1
181,62,191.314,125.526,158.037,56.278,1,-1,-1,-1
181,5,358.238,125.512,132.904,56.219,1,-1,-1,-1
181,45,297.782,124.683,55.957,38.249,1,-1,-1,-1
181,61,0.120,133.285,21.740,27.893,1,-1,-1,-1
182,44,956.013,367.094,785.124,379.575,1,-1,-1,-1
182,5,358.314,125.511,132.820,56.128,1,-1,-1,-1
182,61,0.000,129.376,20.584,31.736,1,-1,-1,-1
182,63,1778.143,468.971,138.662,146.322,1,-1,-1,-1
182,62,190.784,125.545,158.497,56.268,1,-1,-1,-1
182,60,84.277,122.780,120.786,60.695,1,-1,-1,-1
182,66,1193.655,182.628,145.309,83.327,1,-1,-1,-1
182,37,28.934,131.070,27.141,21.631,1,-1,-1,-1
183,35,29.137,131.326,27.074,21.730,1,-1,-1,-1
183,61,0.316,130.869,18.175,30.121,1,-1,-1,-1
183,66,1183.856,184.733,150.525,82.369,1,-1,-1,-1
183,60,82.856,122.080,120.180,60.844,1,-1,-1,-1
183,5,358.202,125.513,132.978,56.114,1,-1,-1,-1
183,44,1047.730,380.488,797.482,396.180,1,-1,-1,-1
183,57,46.543,128.077,24.700,18.598,1,-1,-1,-1
183,65,195.426,124.583,151.595,57.630,1,-1,-1,-1
183,45,297.771,124.595,56.515,38.250,1,-1,-1,-1
183,63,1769.440,462.684,149.394,148.488,1,-1,-1,-1
184,35,27.183,130.603,29.503,22.711,1,-1,-1,-1
184,5,358.598,125.062,132.623,56.766,1,-1,-1,-1
184,57,50.190,123.381,23.464,21.826,1,-1,-1,-1
184,62,200.563,124.944,157.474,56.961,1,-1,-1,-1
184,60,82.578,122.898,120.010,59.632,1,-1,-1,-1
184,45,297.705,124.580,54.999,38.038,1,-1,-1,-1
184,66,1175.089,186.011,154.190,83.015,1,-1,-1,-1
184,44,1174.907,424.307,741.245,389.352,1,-1,-1,-1
184,61,0.309,132.801,16.023,28.791,1,-1,-1,-1
185,5,358.637,125.070,132.511,56.750,1,-1,-1,-1
185,67,0.190,124.637,29.461,33.845,1,-1,-1,-1
185,35,26.718,130.395,30.013,23.075,1,-1,-1,-1
185,66,1162.926,187.483,160.123,83.677,1,-1,-1,-1
185,57,50.017,123.222,23.633,22.086,1,-1,-1,-1
185,45,297.620,124.808,54.559,37.811,1,-1,-1,-1
185,68,183.205,129.522,69.118,53.012,1,-1,-1,-1
185,60,82.670,122.533,120.089,60.159,1,-1,-1,-1
185,44,1256.008,414.376,658.229,392.930,1,-1,-1,-1
186,35,27.771,131.754,28.064,22.502,1,-1,-1,-1
186,44,1364.718,429.791,549.156,360.321,1,-1,-1,-1
186,62,200.531,124.726,158.571,56.968,1,-1,-1,-1
186,60,82.975,122.495,119.784,60.167,1,-1,-1,-1
186,67,0.183,125.155,23.019,30.688,1,-1,-1,-1
186,5,358.842,124.881,132.288,56.562,1,-1,-1,-1
186,45,297.535,125.036,54.119,37.584,1,-1,-1,-1
186,66,1156.978,189.092,158.959,82.247,1,-1,-1,-1
186,57,46.888,124.363,25.581,22.009,1,-1,-1,-1
187,66,1149.143,192.437,159.238,82.361,1,-1,-1,-1
187,44,1499.335,446.587,420.416,319.862,1,-1,-1,-1
187,57,47.172,124.974,25.151,21.416,1,-1,-1,-1
187,62,195.848,125.153,148.485,56.618,1,-1,-1,-1
187,35,26.876,130.583,29.490,22.749,1,-1,-1,-1
187,5,358.269,124.967,132.924,56.558,1,-1,-1,-1
187,60,82.931,122.368,120.019,60.422,1,-1,-1,-1
187,45,297.450,125.264,53.679,37.357,1,-1,-1,-1
187,61,0.365,132.274,16.921,28.723,1,-1,-1,-1
188,66,1139.137,192.933,162.289,83.010,1,-1,-1,-1
188,5,358.876,125.049,132.259,56.505,1,-1,-1,-1
188,60,82.950,122.471,119.830,60.625,1,-1,-1,-1
188,44,1623.800,437.291,294.294,353.441,1,-1,-1,-1
188,62,192.409,125.692,154.053,56.140,1,-1,-1,-1
188,57,47.458,125.463,24.803,20.937,1,-1,-1,-1
188,35,27.749,131.229,28.476,21.990,1,-1,-1,-1
188,61,0.321,133.360,16.900,27.997,1,-1,-1,-1
189,44,1728.372,445.580,190.154,374.129,1,-1,-1,-1
189,60,83.198,122.610,119.842,60.500,1,-1,-1,-1
189,57,47.611,125.603,24.611,20.843,1,-1,-1,-1
189,66,1130.695,194.576,165.973,85.869,1,-1,-1,-1
189,62,190.193,125.591,158.204,56.079,1,-1,-1,-1
189,5,358.901,125.290,132.189,56.257,1,-1,-1,-1
189,35,27.398,131.100,28.833,22.196,1,-1,-1,-1
189,61,0.325,133.246,16.870,28.225,1,-1,-1,-1
189,68,183.236,130.853,63.503,52.622,1,-1,-1,-1
190,67,1.618,131.348,28.022,27.801,1,-1,-1,-1
190,62,201.428,124.687,157.279,56.867,1,-1,-1,-1
190,60,83.345,122.710,119.842,60.500,1,-1,-1,-1
190,66,1125.047,195.400,167.110,87.328,1,-1,-1,-1
190,45,294.417,123.305,63.554,39.461,1,-1,-1,-1
190,35,27.340,131.013,28.940,22.296,1,-1,-1,-1
190,5,358.987,125.284,132.089,56.236,1,-1,-1,-1
190,57,47.529,125.347,24.736,21.073,1,-1,-1,-1
191,5,356.991,125.136,134.134,56.823,1,-1,-1,-1
191,57,52.558,124.286,21.126,20.208,1,-1,-1,-1
191,35,29.774,132.326,27.464,20.966,1,-1,-1,-1
191,45,297.540,125.713,62.742,38.781,1,-1,-1,-1
191,66,1119.991,195.822,166.439,88.031,1,-1,-1,-1
191,60,79.960,133.426,111.310,51.052,1,-1,-1,-1
191,61,0.121,133.379,16.878,28.209,1,-1,-1,-1
191,68,183.932,131.305,62.691,51.010,1,-1,-1,-1
192,61,0.155,133.460,16.224,27.772,1,-1,-1,-1
192,45,302.149,128.132,62.742,38.781,1,-1,-1,-1
192,57,52.287,124.234,21.734,20.227,1,-1,-1,-1
192,35,29.949,132.482,27.399,20.728,1,-1,-1,-1
192,66,1112.487,195.322,161.972,92.712,1,-1,-1,-1
192,60,79.852,133.482,110.661,50.902,1,-1,-1,-1
192,5,356.911,125.315,134.321,56.579,1,-1,-1,-1
192,68,183.996,131.301,62.716,50.995,1,-1,-1,-1
193,57,47.044,128.004,23.356,18.618,1,-1,-1,-1
193,60,84.113,124.400,116.850,57.566,1,-1,-1,-1
193,62,205.773,125.054,142.095,56.831,1,-1,-1,-1
193,5,357.251,124.933,133.576,56.652,1,-1,-1,-1
193,35,30.308,133.130,25.828,20.844,1,-1,-1,-1
193,66,1104.633,197.439,170.268,90.391,1,-1,-1,-1
193,61,0.135,133.878,16.387,27.376,1,-1,-1,-1
193,68,184.175,130.992,62.904,51.159,1,-1,-1,-1
194,5,356.962,124.846,134.053,57.148,1,-1,-1,-1
194,61,0.158,133.922,16.373,27.350,1,-1,-1,-1
194,66,1097.952,197.166,172.784,94.834,1,-1,-1,-1
194,62,207.276,125.801,140.645,53.906,1,-1,-1,-1
194,57,47.018,127.987,23.340,18.621,1,-1,-1,-1
194,68,184.354,130.683,63.092,51.324,1,-1,-1,-1
194,60,80.854,135.271,90.015,48.538,1,-1,-1,-1
194,35,30.578,133.173,25.591,20.701,1,-1,-1,-1
194,45,311.368,132.969,62.742,38.781,1,-1,-1,-1
195,62,205.470,125.900,143.490,54.116,1,-1,-1,-1
195,61,0.155,134.055,16.367,27.209,1,-1,-1,-1
195,69,1678.187,434.861,239.252,165.367,1,-1,-1,-1
195,57,52.058,125.492,22.168,19.931,1,-1,-1,-1
195,5,357.249,125.020,133.744,56.912,1,-1,-1,-1
195,45,309.280,131.812,60.509,38.517,1,-1,-1,-1
195,66,1093.253,200.625,173.934,91.180,1,-1,-1,-1
195,60,80.870,135.162,89.547,48.516,1,-1,-1,-1
195,35,30.380,133.153,25.544,20.773,1,-1,-1,-1
195,68,184.533,130.374,63.280,51.488,1,-1,-1,-1
196,57,52.098,125.498,22.146,19.908,1,-1,-1,-1
196,61,0.128,133.754,16.458,27.477,1,-1,-1,-1
196,60,80.923,135.258,89.650,48.432,1,-1,-1,-1
196,69,1668.513,429.832,241.583,167.547,1,-1,-1,-1
196,5,357.253,124.923,133.728,56.972,1,-1,-1,-1
196,68,184.066,129.139,68.836,52.829,1,-1,-1,-1
196,66,1085.748,199.929,177.991,93.846,1,-1,-1,-1
196,35,30.261,133.096,25.636,20.932,1,-1,-1,-1
196,45,307.192,130.655,58.276,38.253,1,-1,-1,-1
197,57,48.160,128.449,22.662,18.002,1,-1,-1,-1
197,61,0.260,133.944,16.485,27.328,1,-1,-1,-1
197,69,1658.328,427.885,255.647,167.847,1,-1,-1,-1
197,62,210.886,125.755,137.522,54.756,1,-1,-1,-1
197,60,80.604,135.051,91.680,48.741,1,-1,-1,-1
197,66,1081.868,197.538,178.301,98.075,1,-1,-1,-1
197,35,29.636,132.285,26.336,20.986,1,-1,-1,-1
197,5,357.476,125.154,133.324,56.853,1,-1,-1,-1
198,69,1646.446,424.621,268.291,173.438,1,-1,-1,-1
198,35,29.692,132.256,26.444,21.064,1,-1,-1,-1
198,57,48.733,126.998,23.255,19.281,1,-1,-1,-1
198,61,0.201,133.677,16.525,27.562,1,-1,-1,-1
198,5,357.498,125.262,133.039,56.737,1,-1,-1,-1
198,62,201.537,125.381,146.543,55.144,1,-1,-1,-1
198,60,80.797,135.809,86.376,47.837,1,-1,-1,-1
198,66,1078.611,198.568,178.805,97.456,1,-1,-1,-1
199,57,52.723,126.398,21.094,18.945,1,-1,-1,-1
199,35,30.263,132.409,25.969,20.851,1,-1,-1,-1
199,66,1074.922,200.723,179.725,96.138,1,-1,-1,-1
199,5,357.501,125.295,133.128,56.656,1,-1,-1,-1
199,61,0.208,133.801,16.482,27.423,1,-1,-1,-1
199,60,80.807,136.155,85.173,47.476,1,-1,-1,-1
199,69,1632.697,421.211,280.854,176.159,1,-1,-1,-1
199,62,183.617,129.529,68.499,52.825,1,-1,-1,-1
199,45,300.928,127.184,51.577,37.462,1,-1,-1,-1
200,61,0.205,133.844,16.455,27.405,1,-1,-1,-1
200,66,1071.058,202.586,180.773,95.806,1,-1,-1,-1
200,45,298.840,126.027,49.344,37.198,1,-1,-1,-1
200,60,80.875,136.151,85.088,47.386,1,-1,-1,-1
200,57,52.783,126.698,21.049,18.686,1,-1,-1,-1
200,5,357.457,125.284,133.128,56.618,1,-1,-1,-1
200,35,30.279,132.432,25.846,20.779,1,-1,-1,-1
200,68,183.345,129.481,68.568,53.070,1,-1,-1,-1
200,69,1615.840,422.131,301.167,197.426,1,-1,-1,-1
201,69,1600.927,415.111,315.225,203.259,1,-1,-1,-1
201,61,0.074,132.131,17.323,28.773,1,-1,-1,-1
201,35,27.858,130.407,29.229,22.816,1,-1,-1,-1
201,68,183.177,129.995,68.423,53.567,1,-1,-1,-1
201,5,358.764,125.752,132.246,56.410,1,-1,-1,-1
201,66,1069.214,205.308,178.615,91.290,1,-1,-1,-1
201,57,51.420,123.580,22.753,21.659,1,-1,-1,-1
201,45,298.840,126.027,49.344,37.198,1,-1,-1,-1
201,60,82.778,124.263,118.048,59.317,1,-1,-1,-1
202,66,1065.518,204.653,182.757,94.480,1,-1,-1,-1
202,35,27.719,130.418,29.431,22.713,1,-1,-1,-1
202,68,183.103,130.054,69.950,53.832,1,-1,-1,-1
202,60,82.819,134.596,69.658,42.399,1,-1,-1,-1
202,57,48.364,126.685,24.339,19.030,1,-1,-1,-1
202,5,359.158,125.693,131.891,56.239,1,-1,-1,-1
202,61,0.000,130.455,17.871,30.212,1,-1,-1,-1
202,69,1581.626,409.721,334.448,206.440,1,-1,-1,-1
202,45,298.840,126.027,49.344,37.198,1,-1,-1,-1
203,57,50.847,123.181,23.337,21.893,1,-1,-1,-1
203,61,0.000,131.579,17.311,29.020,1,-1,-1,-1
203,35,27.587,130.005,29.594,23.172,1,-1,-1,-1
203,66,1063.286,205.594,183.712,93.074,1,-1,-1,-1
203,60,83.177,134.528,73.268,43.743,1,-1,-1,-1
203,5,359.086,125.741,131.915,56.154,1,-1,-1,-1
203,69,1560.335,409.557,357.164,204.255,1,-1,-1,-1
203,45,190.878,124.853,167.865,57.291,1,-1,-1,-1
204,60,82.441,124.912,118.529,58.422,1,-1,-1,-1
204,61,0.079,132.223,17.246,28.190,1,-1,-1,-1
204,69,1531.583,400.979,384.147,204.676,1,-1,-1,-1
204,57,48.191,124.373,24.363,21.728,1,-1,-1,-1
204,5,359.040,125.856,131.890,56.090,1,-1,-1,-1
204,66,1062.038,205.697,184.002,93.835,1,-1,-1,-1
204,35,28.392,130.227,28.799,22.237,1,-1,-1,-1
204,68,188.139,125.654,168.936,56.008,1,-1,-1,-1
205,69,1510.268,395.132,394.754,208.334,1,-1,-1,-1
205,5,359.690,125.498,131.448,56.442,1,-1,-1,-1
205,66,1061.753,206.170,183.080,93.656,1,-1,-1,-1
205,35,28.050,129.874,28.447,22.757,1,-1,-1,-1
205,57,47.796,126.274,24.403,19.283,1,-1,-1,-1
205,61,0.073,131.482,17.077,29.132,1,-1,-1,-1
205,45,195.657,124.902,161.230,56.959,1,-1,-1,-1
205,60,81.145,129.950,115.161,53.648,1,-1,-1,-1
206,70,299.913,126.559,50.670,37.080,1,-1,-1,-1
206,45,183.411,131.566,67.191,49.761,1,-1,-1,-1
206,35,27.610,130.002,28.938,22.875,1,-1,-1,-1
206,57,47.288,124.376,25.497,21.871,1,-1,-1,-1
206,69,1488.408,394.346,395.235,199.912,1,-1,-1,-1
206,66,1061.478,206.258,183.303,93.877,1,-1,-1,-1
206,61,0.000,131.099,17.302,29.489,1,-1,-1,-1
206,60,81.716,129.175,115.178,54.394,1,-1,-1,-1
206,5,359.176,125.542,131.789,56.686,1,-1,-1,-1
207,69,1454.308,388.896,398.204,191.589,1,-1,-1,-1
207,70,299.913,126.559,50.670,37.080,1,-1,-1,-1
207,61,0.076,132.057,16.920,28.712,1,-1,-1,-1
207,45,183.787,131.271,63.276,51.980,1,-1,-1,-1
207,5,359.195,125.549,131.701,56.602,1,-1,-1,-1
207,35,28.955,130.623,27.591,22.099,1,-1,-1,-1
207,66,1061.300,206.165,183.550,93.936,1,-1,-1,-1
207,57,47.495,125.923,24.971,20.536,1,-1,-1,-1
207,71,85.056,122.072,121.758,60.848,1,-1,-1,-1
208,57,47.454,125.811,25.014,20.645,1,-1,-1,-1
208,61,0.075,132.074,16.931,28.703,1,-1,-1,-1
208,45,183.903,131.332,63.388,51.840,1,-1,-1,-1
208,69,1420.339,388.421,399.621,188.528,1,-1,-1,-1
208,5,359.253,125.557,131.655,56.571,1,-1,-1,-1
208,35,28.882,130.588,27.619,22.149,1,-1,-1,-1
208,70,299.913,126.559,50.670,37.080,1,-1,-1,-1
208,66,1061.447,206.625,183.613,93.117,1,-1,-1,-1
208,71,85.170,122.036,121.385,60.804,1,-1,-1,-1
209,57,50.739,124.968,23.201,20.560,1,-1,-1,-1
209,69,1389.709,381.203,395.066,187.915,1,-1,-1,-1
209,5,359.528,125.499,131.363,56.792,1,-1,-1,-1
209,35,28.398,130.173,28.630,22.819,1,-1,-1,-1
209,60,82.364,129.628,109.644,53.963,1,-1,-1,-1
209,70,192.414,125.124,167.035,56.987,1,-1,-1,-1
209,61,0.002,131.661,17.120,28.954,1,-1,-1,-1
209,66,1061.320,206.503,183.725,93.172,1,-1,-1,-1
210,5,359.429,125.483,131.408,56.801,1,-1,-1,-1
210,35,22.706,126.120,34.970,26.612,1,-1,-1,-1
210,66,1061.492,206.374,183.588,93.349,1,-1,-1,-1
210,61,0.000,132.615,16.848,28.062,1,-1,-1,-1
210,69,1350.911,369.848,390.814,188.582,1,-1,-1,-1
210,71,82.707,127.123,114.714,56.583,1,-1,-1,-1
210,45,201.636,125.418,117.757,56.051,1,-1,-1,-1
210,57,46.527,125.958,25.566,20.812,1,-1,-1,-1
211,5,359.813,125.339,130.871,56.377,1,-1,-1,-1
211,35,31.725,132.302,25.474,21.314,1,-1,-1,-1
211,71,89.840,123.036,117.230,54.263,1,-1,-1,-1
211,69,1309.070,357.383,397.610,196.312,1,-1,-1,-1
211,66,1061.561,205.596,182.928,93.538,1,-1,-1,-1
211,61,1.661,127.864,28.954,31.034,1,-1,-1,-1
211,45,210.502,122.461,144.942,58.156,1,-1,-1,-1
212,69,1267.717,353.183,396.671,189.155,1,-1,-1,-1
212,5,359.873,125.332,130.852,56.368,1,-1,-1,-1
212,60,81.788,137.023,92.715,46.257,1,-1,-1,-1
212,70,193.558,123.097,161.579,59.599,1,-1,-1,-1
212,66,1061.541,205.581,182.794,93.512,1,-1,-1,-1
212,57,38.139,129.755,26.469,20.628,1,-1,-1,-1
212,72,0.152,132.469,16.915,28.154,1,-1,-1,-1
212,74,183.252,129.835,69.251,52.285,1,-1,-1,-1
213,45,189.093,125.928,164.998,55.371,1,-1,-1,-1
213,73,183.194,129.819,69.096,52.243,1,-1,-1,-1
213,35,31.645,132.120,25.493,21.704,1,-1,-1,-1
213,5,359.730,125.359,130.955,56.363,1,-1,-1,-1
213,69,1226.323,345.034,399.928,182.115,1,-1,-1,-1
213,60,81.738,137.004,92.152,46.352,1,-1,-1,-1
213,66,1061.543,205.491,182.886,93.510,1,-1,-1,-1
213,72,0.158,132.534,16.893,28.092,1,-1,-1,-1
214,35,31.913,132.338,25.493,21.704,1,-1,-1,-1
214,45,188.113,125.576,166.393,56.066,1,-1,-1,-1
214,61,1.531,127.877,29.383,30.919,1,-1,-1,-1
214,66,1061.455,205.197,183.152,93.750,1,-1,-1,-1
214,69,1191.498,342.632,386.216,177.532,1,-1,-1,-1
214,74,183.500,131.190,64.013,52.321,1,-1,-1,-1
214,60,74.307,124.549,83.775,42.138,1,-1,-1,-1
214,5,362.090,124.592,127.125,56.883,1,-1,-1,-1
215,61,1.554,127.926,29.584,30.934,1,-1,-1,-1
215,69,1152.205,330.751,379.746,173.828,1,-1,-1,-1
215,5,361.982,124.601,127.232,56.880,1,-1,-1,-1
215,71,81.541,136.995,94.988,46.636,1,-1,-1,-1
215,66,1061.418,205.112,183.275,94.034,1,-1,-1,-1
215,45,195.356,124.555,155.273,56.939,1,-1,-1,-1
215,35,32.181,132.555,25.493,21.704,1,-1,-1,-1
216,61,1.743,128.895,29.550,29.897,1,-1,-1,-1
216,66,1061.281,204.987,183.713,94.385,1,-1,-1,-1
216,73,208.000,122.895,146.043,58.288,1,-1,-1,-1
216,74,183.552,129.908,68.117,53.781,1,-1,-1,-1
216,69,1112.254,323.286,377.941,179.034,1,-1,-1,-1
216,5,362.472,124.651,126.703,57.063,1,-1,-1,-1
216,57,29.963,131.390,27.671,21.517,1,-1,-1,-1
216,60,84.455,122.356,123.471,55.790,1,-1,-1,-1
217,72,0.215,135.262,16.152,26.920,1,-1,-1,-1
217,60,88.480,126.459,123.186,54.458,1,-1,-1,-1
217,5,361.595,124.481,127.348,57.323,1,-1,-1,-1
217,35,32.716,132.989,25.493,21.704,1,-1,-1,-1
217,66,1061.172,205.096,183.876,93.755,1,-1,-1,-1
217,73,196.482,124.750,164.924,56.914,1,-1,-1,-1
217,69,1067.217,317.745,374.592,172.195,1,-1,-1,-1
218,73,197.550,124.733,162.982,56.883,1,-1,-1,-1
218,72,0.183,132.776,16.901,27.371,1,-1,-1,-1
218,69,1023.289,309.173,370.911,169.941,1,-1,-1,-1
218,71,81.465,136.958,103.262,46.578,1,-1,-1,-1
218,66,1062.875,205.857,181.768,91.395,1,-1,-1,-1
218,35,32.984,133.206,25.493,21.704,1,-1,-1,-1
218,5,360.796,124.344,128.140,57.697,1,-1,-1,-1
218,60,137.143,125.665,111.212,51.817,1,-1,-1,-1
219,66,1061.331,205.945,184.346,90.296,1,-1,-1,-1
219,73,196.826,125.088,152.769,55.645,1,-1,-1,-1
219,72,0.108,132.186,17.020,28.446,1,-1,-1,-1
219,74,182.968,130.521,69.241,52.072,1,-1,-1,-1
219,69,985.101,305.963,362.007,162.183,1,-1,-1,-1
219,71,81.461,137.040,100.914,46.371,1,-1,-1,-1
219,35,28.758,128.346,28.937,24.439,1,-1,-1,-1
219,5,361.738,123.641,126.834,58.575,1,-1,-1,-1
220,66,1061.714,205.797,182.447,90.304,1,-1,-1,-1
220,71,81.511,136.772,102.569,46.746,1,-1,-1,-1
220,35,28.779,128.360,28.883,24.426,1,-1,-1,-1
220,60,234.469,124.077,87.266,46.534,1,-1,-1,-1
220,5,361.655,123.664,126.814,58.581,1,-1,-1,-1
220,69,939.823,301.165,357.169,158.256,1,-1,-1,-1
220,74,182.815,130.586,70.043,51.800,1,-1,-1,-1
220,72,0.103,132.078,17.049,28.551,1,-1,-1,-1
221,5,360.113,125.171,131.276,56.396,1,-1,-1,-1
221,69,900.347,296.242,346.785,155.629,1,-1,-1,-1
221,66,1062.979,205.673,181.192,89.896,1,-1,-1,-1
221,72,0.109,133.637,16.840,27.202,1,-1,-1,-1
221,73,212.570,126.423,130.995,54.024,1,-1,-1,-1
221,57,38.010,129.469,26.383,20.796,1,-1,-1,-1
221,60,283.132,123.283,75.292,43.893,1,-1,-1,-1
221,76,89.499,122.401,115.356,53.681,1,-1,-1,-1
222,72,0.073,133.770,16.985,26.988,1,-1,-1,-1
222,73,206.127,126.787,144.211,55.849,1,-1,-1,-1
222,69,856.739,285.502,340.623,154.580,1,-1,-1,-1
222,60,296.107,122.645,59.388,41.381,1,-1,-1,-1
222,75,46.717,125.550,26.302,20.136,1,-1,-1,-1
222,5,359.964,125.218,131.493,56.244,1,-1,-1,-1
222,76,89.464,122.611,115.059,53.535,1,-1,-1,-1
222,66,1060.366,204.404,185.453,94.567,1,-1,-1,-1
223,72,0.041,132.813,17.225,27.684,1,-1,-1,-1
223,5,359.753,124.915,131.513,56.605,1,-1,-1,-1
223,74,183.178,130.385,69.638,51.762,1,-1,-1,-1
223,69,820.293,281.589,328.628,150.264,1,-1,-1,-1
223,35,32.177,132.511,25.016,20.694,1,-1,-1,-1
223,60,295.050,121.476,63.524,39.550,1,-1,-1,-1
223,75,46.535,125.349,26.624,20.347,1,-1,-1,-1
223,71,88.411,122.566,116.228,54.207,1,-1,-1,-1
223,66,1060.266,205.098,184.298,93.706,1,-1,-1,-1
224,69,782.733,280.161,317.954,141.971,1,-1,-1,-1
224,57,44.830,126.806,26.288,20.441,1,-1,-1,-1
224,5,360.446,124.954,130.567,56.154,1,-1,-1,-1
224,72,0.042,132.116,17.559,27.961,1,-1,-1,-1
224,66,1060.334,206.127,183.470,92.725,1,-1,-1,-1
224,35,30.748,132.072,26.300,21.392,1,-1,-1,-1
224,60,293.900,122.603,62.628,40.182,1,-1,-1,-1
224,71,89.969,124.462,110.619,52.654,1,-1,-1,-1
224,74,183.043,130.460,70.510,51.729,1,-1,-1,-1
225,5,363.249,123.834,124.612,59.579,1,-1,-1,-1
225,72,0.143,133.372,16.684,27.223,1,-1,-1,-1
225,66,1059.077,206.614,183.510,92.687,1,-1,-1,-1
225,73,212.282,126.056,132.349,54.360,1,-1,-1,-1
225,69,740.658,272.546,314.732,139.584,1,-1,-1,-1
225,60,295.515,125.725,51.848,39.299,1,-1,-1,-1
225,57,44.853,126.650,26.317,20.484,1,-1,-1,-1
225,71,91.715,122.708,112.383,53.164,1,-1,-1,-1
225,35,30.784,132.358,26.025,21.229,1,-1,-1,-1
226,66,1058.602,205.910,183.305,95.686,1,-1,-1,-1
226,72,0.160,132.438,16.702,28.103,1,-1,-1,-1
226,5,362.703,123.924,125.053,59.385,1,-1,-1,-1
226,35,27.741,128.350,29.596,24.340,1,-1,-1,-1
226,71,81.838,137.233,98.497,46.304,1,-1,-1,-1
226,69,707.918,269.973,297.870,133.585,1,-1,-1,-1
226,73,207.960,126.864,140.941,55.849,1,-1,-1,-1
226,76,82.033,133.014,59.087,32.958,1,-1,-1,-1
227,72,0.154,132.420,16.731,28.081,1,-1,-1,-1
227,71,81.867,137.340,98.766,46.281,1,-1,-1,-1
227,66,1056.798,206.644,183.283,95.560,1,-1,-1,-1
227,35,27.637,128.411,29.678,24.315,1,-1,-1,-1
227,57,44.503,126.955,26.827,20.310,1,-1,-1,-1
227,5,362.627,123.926,125.163,59.392,1,-1,-1,-1
227,78,295.292,125.574,52.727,39.548,1,-1,-1,-1
227,79,184.223,130.812,66.440,51.875,1,-1,-1,-1
227,69,672.956,258.817,285.331,135.358,1,-1,-1,-1
228,72,0.152,133.384,16.496,27.389,1,-1,-1,-1
228,57,45.333,128.402,25.734,18.610,1,-1,-1,-1
228,5,360.375,125.151,130.589,56.372,1,-1,-1,-1
228,71,81.137,132.036,112.561,51.489,1,-1,-1,-1
228,66,1053.839,206.051,184.695,97.175,1,-1,-1,-1
228,73,204.438,124.263,145.090,57.141,1,-1,-1,-1
228,69,633.225,253.468,279.082,131.582,1,-1,-1,-1
229,5,360.413,125.296,130.953,56.237,1,-1,-1,-1
229,72,0.161,133.194,16.650,27.624,1,-1,-1,-1
229,66,1048.682,206.999,187.197,96.985,1,-1,-1,-1
229,69,604.259,251.875,262.935,122.341,1,-1,-1,-1
229,57,44.347,128.308,26.195,18.636,1,-1,-1,-1
229,71,82.642,123.998,123.020,57.887,1,-1,-1,-1
229,78,205.866,126.896,144.053,55.467,1,-1,-1,-1
230,66,1043.376,207.554,187.362,97.280,1,-1,-1,-1
230,69,567.937,249.242,257.996,117.656,1,-1,-1,-1
230,72,0.047,130.832,17.487,29.378,1,-1,-1,-1
230,73,210.272,126.345,136.007,54.014,1,-1,-1,-1
230,77,295.729,120.922,62.768,38.214,1,-1,-1,-1
230,57,38.560,128.731,27.109,20.952,1,-1,-1,-1
230,5,360.161,125.355,131.061,56.136,1,-1,-1,-1
230,71,82.979,124.213,123.036,58.474,1,-1,-1,-1
231,72,0.077,132.412,17.759,28.260,1,-1,-1,-1
231,69,537.765,243.231,248.039,116.035,1,-1,-1,-1
231,57,39.897,129.375,24.306,20.507,1,-1,-1,-1
231,80,188.506,126.408,157.085,53.262,1,-1,-1,-1
231,74,81.436,129.167,114.611,53.990,1,-1,-1,-1
231,5,358.694,124.990,132.113,56.033,1,-1,-1,-1
231,66,1037.386,208.034,188.677,98.083,1,-1,-1,-1
232,72,0.080,132.402,17.783,28.238,1,-1,-1,-1
232,74,81.952,126.477,117.546,56.011,1,-1,-1,-1
232,35,31.325,133.316,25.105,20.188,1,-1,-1,-1
232,69,506.073,240.670,237.731,112.478,1,-1,-1,-1
232,73,188.595,126.273,157.376,53.380,1,-1,-1,-1
232,5,358.607,125.040,132.119,56.017,1,-1,-1,-1
232,66,1030.487,209.289,191.150,99.995,1,-1,-1,-1
233,66,1023.081,208.497,193.941,101.226,1,-1,-1,-1
233,5,358.587,125.022,132.149,55.978,1,-1,-1,-1
233,69,479.866,237.818,225.040,109.893,1,-1,-1,-1
233,72,0.056,132.239,17.869,28.269,1,-1,-1,-1
233,74,81.928,126.622,117.322,55.833,1,-1,-1,-1
233,80,203.828,125.660,141.007,54.596,1,-1,-1,-1
233,79,181.824,130.389,70.764,51.482,1,-1,-1,-1
233,35,47.264,128.977,23.615,18.315,1,-1,-1,-1
234,69,452.600,231.379,214.526,108.694,1,-1,-1,-1
234,5,358.563,124.726,132.318,56.221,1,-1,-1,-1
234,73,188.648,126.203,155.384,53.630,1,-1,-1,-1
234,74,81.898,127.313,116.771,55.117,1,-1,-1,-1
234,57,39.852,129.400,24.512,20.537,1,-1,-1,-1
234,66,1013.683,209.874,194.757,101.542,1,-1,-1,-1
234,72,0.060,132.297,17.857,28.204,1,-1,-1,-1
235,35,47.818,127.864,22.885,19.484,1,-1,-1,-1
235,74,81.740,129.472,113.498,53.662,1,-1,-1,-1
235,66,1004.776,212.106,197.768,102.929,1,-1,-1,-1
235,72,0.059,131.918,17.313,28.604,1,-1,-1,-1
235,69,425.231,228.202,207.331,107.699,1,-1,-1,-1
235,82,188.869,126.603,155.530,53.472,1,-1,-1,-1
235,57,29.932,132.515,26.948,21.250,1,-1,-1,-1
235,5,359.569,124.485,131.302,56.678,1,-1,-1,-1
236,80,200.780,125.537,145.788,55.332,1,-1,-1,-1
236,35,47.699,125.964,24.295,20.810,1,-1,-1,-1
236,72,0.167,133.047,16.822,27.217,1,-1,-1,-1
236,5,359.663,124.764,131.063,55.930,1,-1,-1,-1
236,66,996.012,214.485,200.781,100.627,1,-1,-1,-1
236,81,88.575,122.980,121.472,56.663,1,-1,-1,-1
236,69,399.310,225.150,199.402,104.641,1,-1,-1,-1
236,57,30.288,132.528,26.665,20.885,1,-1,-1,-1
237,69,373.297,221.261,194.187,103.369,1,-1,-1,-1
237,35,47.131,125.764,24.453,21.078,1,-1,-1,-1
237,74,81.056,132.175,114.525,51.245,1,-1,-1,-1
237,82,188.403,126.649,160.456,54.123,1,-1,-1,-1
237,72,0.177,132.621,17.011,27.601,1,-1,-1,-1
237,66,984.203,214.731,206.056,103.984,1,-1,-1,-1
237,5,360.089,124.827,130.426,55.744,1,-1,-1,-1
237,57,30.209,132.597,26.827,20.850,1,-1,-1,-1
238,35,46.850,125.733,24.591,21.223,1,-1,-1,-1
238,69,349.353,221.211,186.875,97.335,1,-1,-1,-1
238,57,29.320,131.620,28.380,21.511,1,-1,-1,-1
238,72,0.169,132.995,16.762,27.193,1,-1,-1,-1
238,5,363.602,122.996,123.712,59.209,1,-1,-1,-1
238,74,81.194,132.354,113.548,51.090,1,-1,-1,-1
238,66,972.684,218.454,205.740,102.290,1,-1,-1,-1
238,82,188.453,126.821,159.867,53.891,1,-1,-1,-1
239,72,0.163,132.873,16.776,27.333,1,-1,-1,-1
239,5,359.659,124.368,130.951,55.420,1,-1,-1,-1
239,66,957.689,219.286,210.715,103.706,1,-1,-1,-1
239,57,30.136,132.708,26.919,20.955,1,-1,-1,-1
239,69,331.696,220.509,172.414,90.976,1,-1,-1,-1
239,81,88.952,123.662,121.378,56.028,1,-1,-1,-1
239,80,205.666,124.811,139.409,57.342,1,-1,-1,-1
240,66,942.769,222.544,214.708,106.238,1,-1,-1,-1
240,69,309.714,218.318,170.752,88.400,1,-1,-1,-1
240,5,359.717,124.673,131.233,56.003,1,-1,-1,-1
240,80,204.587,123.942,159.541,56.656,1,-1,-1,-1
240,35,39.629,127.321,27.358,22.016,1,-1,-1,-1
240,81,89.078,123.890,121.346,55.817,1,-1,-1,-1
240,72,0.156,132.674,16.839,27.450,1,-1,-1,-1
241,81,81.826,136.626,97.347,46.761,1,-1,-1,-1
241,66,927.465,223.272,219.952,108.800,1,-1,-1,-1
241,35,46.015,125.431,25.783,20.398,1,-1,-1,-1
241,69,290.508,216.606,158.855,84.369,1,-1,-1,-1
241,57,28.749,132.902,27.088,21.107,1,-1,-1,-1
241,5,359.276,125.360,131.383,56.184,1,-1,-1,-1
241,80,201.538,125.280,159.075,56.398,1,-1,-1,-1
241,72,0.037,132.318,17.125,29.024,1,-1,-1,-1
242,81,81.989,136.488,101.118,46.919,1,-1,-1,-1
242,69,273.855,215.136,150.647,82.204,1,-1,-1,-1
242,57,27.980,133.120,27.088,21.107,1,-1,-1,-1
242,74,182.808,130.277,70.021,52.406,1,-1,-1,-1
242,5,359.366,125.357,131.093,56.443,1,-1,-1,-1
242,72,0.034,132.292,17.142,29.057,1,-1,-1,-1
242,77,295.472,119.843,64.821,39.970,1,-1,-1,-1
242,35,46.020,125.443,25.761,20.387,1,-1,-1,-1
242,66,911.085,225.687,221.710,111.035,1,-1,-1,-1
243,5,358.184,125.717,131.988,56.241,1,-1,-1,-1
243,69,254.818,210.540,147.596,83.492,1,-1,-1,-1
243,66,891.635,228.944,226.120,112.707,1,-1,-1,-1
243,72,0.570,127.601,30.702,31.501,1,-1,-1,-1
243,74,188.864,130.898,70.315,51.543,1,-1,-1,-1
243,81,83.595,136.622,88.856,46.828,1,-1,-1,-1
243,77,298.842,128.911,48.703,33.911,1,-1,-1,-1
243,35,46.319,124.594,25.779,20.591,1,-1,-1,-1
243,57,27.211,133.337,27.088,21.107,1,-1,-1,-1
244,57,26.443,133.555,27.088,21.107,1,-1,-1,-1
244,82,191.066,126.628,157.078,54.121,1,-1,-1,-1
244,69,236.631,209.717,142.462,78.897,1,-1,-1,-1
244,5,357.788,125.593,132.751,56.797,1,-1,-1,-1
244,77,299.076,128.970,48.189,33.967,1,-1,-1,-1
244,81,83.787,136.093,96.938,47.496,1,-1,-1,-1
244,66,873.755,229.837,230.716,115.617,1,-1,-1,-1
244,83,0.001,131.797,16.996,29.182,1,-1,-1,-1
244,35,45.493,125.632,26.053,20.755,1,-1,-1,-1
245,57,25.674,133.773,27.088,21.107,1,-1,-1,-1
245,69,220.201,208.515,137.103,77.288,1,-1,-1,-1
245,5,358.617,125.428,131.549,56.687,1,-1,-1,-1
245,84,84.624,122.733,121.351,59.546,1,-1,-1,-1
245,83,0.001,131.797,16.996,29.182,1,-1,-1,-1
245,82,211.805,125.808,137.412,54.003,1,-1,-1,-1
245,66,849.598,232.108,235.869,120.811,1,-1,-1,-1
246,82,203.696,125.775,144.468,52.581,1,-1,-1,-1
246,57,24.905,133.990,27.088,21.107,1,-1,-1,-1
246,83,0.000,132.171,16.880,29.244,1,-1,-1,-1
246,5,358.886,125.453,131.126,56.659,1,-1,-1,-1
246,84,85.560,122.626,120.463,59.675,1,-1,-1,-1
246,66,824.102,233.824,248.305,122.490,1,-1,-1,-1
246,69,205.455,205.207,130.575,76.771,1,-1,-1,-1
247,66,802.022,237.287,251.251,123.705,1,-1,-1,-1
247,69,190.853,203.770,127.234,74.925,1,-1,-1,-1
247,84,82.493,136.849,96.347,46.994,1,-1,-1,-1
247,5,358.790,125.570,131.239,56.029,1,-1,-1,-1
247,57,16.620,131.591,28.264,24.966,1,-1,-1,-1
247,83,0.000,131.470,17.288,29.982,1,-1,-1,-1
247,82,204.463,125.343,144.865,53.086,1,-1,-1,-1
248,69,173.200,204.304,121.525,72.106,1,-1,-1,-1
248,66,774.180,243.284,260.224,124.228,1,-1,-1,-1
248,57,8.335,129.191,29.441,28.826,1,-1,-1,-1
248,83,0.000,130.890,17.391,30.519,1,-1,-1,-1
248,82,208.174,124.468,144.805,53.228,1,-1,-1,-1
248,5,359.204,125.341,131.047,56.089,1,-1,-1,-1
248,81,86.683,123.396,116.998,58.810,1,-1,-1,-1
249,82,189.679,126.152,156.415,55.493,1,-1,-1,-1
249,5,359.157,125.267,131.184,56.182,1,-1,-1,-1
249,69,159.825,202.929,115.175,70.351,1,-1,-1,-1
249,66,749.009,248.783,263.943,127.800,1,-1,-1,-1
249,84,82.403,137.264,100.534,46.762,1,-1,-1,-1
249,57,0.050,126.792,30.617,32.685,1,-1,-1,-1
250,69,144.048,204.179,113.981,66.407,1,-1,-1,-1
250,66,719.549,250.798,268.489,131.835,1,-1,-1,-1
250,81,86.489,123.176,120.401,59.060,1,-1,-1,-1
250,83,0.000,130.917,17.429,30.466,1,-1,-1,-1
250,5,359.223,125.240,131.080,56.157,1,-1,-1,-1
250,82,197.777,125.608,148.900,54.673,1,-1,-1,-1
251,69,132.382,203.521,106.621,63.340,1,-1,-1,-1
251,81,87.327,123.503,119.123,59.144,1,-1,-1,-1
251,5,361.847,123.716,127.294,57.511,1,-1,-1,-1
251,57,0.142,131.396,17.668,29.489,1,-1,-1,-1
251,77,293.280,125.063,59.849,38.445,1,-1,-1,-1
251,66,680.522,256.451,286.224,132.752,1,-1,-1,-1
251,74,181.914,130.216,70.279,55.212,1,-1,-1,-1
252,69,119.513,202.961,102.708,62.134,1,-1,-1,-1
252,66,655.966,262.333,285.792,137.198,1,-1,-1,-1
252,83,0.072,129.915,17.940,30.861,1,-1,-1,-1
252,77,291.036,123.682,64.421,39.864,1,-1,-1,-1
252,5,358.669,124.986,131.989,56.101,1,-1,-1,-1
252,74,182.342,130.257,68.912,54.012,1,-1,-1,-1
252,84,84.378,126.588,115.373,56.991,1,-1,-1,-1
253,5,358.129,124.996,132.467,55.963,1,-1,-1,-1
253,66,615.790,265.210,290.047,144.264,1,-1,-1,-1
253,81,112.465,123.064,132.021,59.833,1,-1,-1,-1
253,83,0.125,130.460,17.781,30.337,1,-1,-1,-1
253,69,103.216,199.074,101.892,62.849,1,-1,-1,-1
253,77,288.792,122.301,68.993,41.283,1,-1,-1,-1
254,83,0.112,130.697,17.717,30.045,1,-1,-1,-1
254,5,358.105,125.016,132.492,55.925,1,-1,-1,-1
254,66,577.407,270.667,306.460,153.620,1,-1,-1,-1
254,69,92.311,197.346,99.157,63.658,1,-1,-1,-1
254,74,181.963,130.941,68.772,53.118,1,-1,-1,-1
254,77,295.064,122.094,63.332,40.715,1,-1,-1,-1
254,84,85.677,125.634,114.930,56.259,1,-1,-1,-1
255,82,196.802,124.033,166.204,57.796,1,-1,-1,-1
255,66,538.128,275.814,320.960,159.443,1,-1,-1,-1
255,77,288.551,122.525,70.045,41.605,1,-1,-1,-1
255,5,358.540,125.073,132.294,55.853,1,-1,-1,-1
255,69,79.715,198.331,95.908,60.599,1,-1,-1,-1
255,83,0.101,131.244,17.520,29.528,1,-1,-1,-1
255,84,89.223,120.486,119.074,62.585,1,-1,-1,-1
256,83,0.108,131.156,17.779,29.608,1,-1,-1,-1
256,84,83.379,131.691,113.180,52.667,1,-1,-1,-1
256,5,358.595,125.112,132.225,55.810,1,-1,-1,-1
256,66,494.351,279.439,328.292,172.713,1,-1,-1,-1
256,81,187.224,125.438,166.641,56.602,1,-1,-1,-1
256,77,288.383,122.588,70.189,41.547,1,-1,-1,-1
256,69,66.916,197.760,96.066,60.360,1,-1,-1,-1
257,84,89.261,122.148,118.052,60.235,1,-1,-1,-1
257,66,449.360,293.278,335.560,173.002,1,-1,-1,-1
257,82,203.415,124.756,158.328,56.491,1,-1,-1,-1
257,77,298.957,122.049,60.609,39.633,1,-1,-1,-1
257,5,358.457,124.778,132.675,56.293,1,-1,-1,-1
257,69,56.278,196.059,88.093,59.552,1,-1,-1,-1
257,83,0.187,130.703,17.583,29.865,1,-1,-1,-1
258,69,42.676,195.247,91.983,59.216,1,-1,-1,-1
258,66,402.408,301.259,339.942,181.371,1,-1,-1,-1
258,83,0.197,130.955,17.487,29.598,1,-1,-1,-1
258,84,89.736,120.953,121.150,56.975,1,-1,-1,-1
258,5,358.927,124.839,132.386,56.127,1,-1,-1,-1
258,82,202.090,124.301,152.368,57.673,1,-1,-1,-1
258,86,182.822,129.897,69.001,52.942,1,-1,-1,-1
259,83,0.165,130.973,17.315,29.495,1,-1,-1,-1
259,69,35.015,195.453,82.487,55.410,1,-1,-1,-1
259,66,350.749,313.005,354.539,182.960,1,-1,-1,-1
259,81,201.358,124.985,149.236,55.608,1,-1,-1,-1
259,5,359.411,124.878,131.723,56.230,1,-1,-1,-1
259,85,83.430,136.083,101.010,47.380,1,-1,-1,-1
260,83,0.067,131.235,17.318,28.887,1,-1,-1,-1
260,69,25.973,194.670,82.306,54.947,1,-1,-1,-1
260,81,205.163,125.185,155.975,56.234,1,-1,-1,-1
260,66,297.450,321.007,356.793,193.300,1,-1,-1,-1
260,5,360.569,123.896,128.636,57.535,1,-1,-1,-1
260,87,183.098,131.186,66.615,52.824,1,-1,-1,-1
260,74,93.103,121.774,110.814,56.184,1,-1,-1,-1
