223,1,582.91,803.62,77.71,53.36,1,-1,-1,-1
224,1,591.40,805.08,75.47,51.62,1,-1,-1,-1
225,1,600.62,808.39,70.60,48.03,1,-1,-1,-1
226,1,612.58,812.20,65.49,44.21,1,-1,-1,-1
227,1,621.18,810.74,66.54,44.72,1,-1,-1,-1
228,1,627.41,810.15,67.66,45.18,1,-1,-1,-1
229,1,632.93,806.91,74.74,50.18,1,-1,-1,-1
230,1,638.68,805.61,77.33,52.42,1,-1,-1,-1
231,1,648.03,802.01,85.38,58.60,1,-1,-1,-1
232,1,656.53,802.59,85.00,59.33,1,-1,-1,-1
233,1,663.86,802.25,86.40,60.31,1,-1,-1,-1
236,1,693.31,798.67,99.49,70.20,1,-1,-1,-1
237,1,697.16,794.52,106.65,75.70,1,-1,-1,-1
238,1,720.12,803.41,97.35,69.61,1,-1,-1,-1
239,1,728.07,803.02,102.59,74.16,1,-1,-1,-1
240,1,737.23,804.40,106.04,77.07,1,-1,-1,-1
241,1,751.12,807.05,104.74,76.22,1,-1,-1,-1
242,1,762.58,806.84,109.09,79.49,1,-1,-1,-1
243,1,776.93,808.18,111.73,81.82,1,-1,-1,-1
244,1,785.70,808.22,115.81,84.66,1,-1,-1,-1
245,1,800.22,808.20,120.93,89.02,1,-1,-1,-1
246,1,811.87,807.88,127.65,94.46,1,-1,-1,-1
247,1,827.20,812.00,131.64,97.56,1,-1,-1,-1
248,1,839.48,812.85,137.84,102.16,1,-1,-1,-1
249,1,857.11,814.23,143.86,106.72,1,-1,-1,-1
250,1,871.40,815.41,153.36,113.90,1,-1,-1,-1
251,1,885.15,815.88,163.52,122.26,1,-1,-1,-1
252,1,900.60,814.91,173.41,130.23,1,-1,-1,-1
253,1,920.89,816.81,178.92,134.45,1,-1,-1,-1
254,1,943.95,819.67,183.87,137.78,1,-1,-1,-1
255,1,963.52,825.21,194.40,144.10,1,-1,-1,-1
256,1,989.47,828.90,205.40,150.82,1,-1,-1,-1
257,1,1016.98,831.53,221.73,162.18,1,-1,-1,-1
258,1,1047.98,834.42,238.00,172.85,1,-1,-1,-1
259,1,1077.64,837.44,259.48,186.67,1,-1,-1,-1
260,1,1121.98,842.89,286.65,204.13,1,-1,-1,-1
261,1,1161.40,846.43,324.05,230.08,1,-1,-1,-1
262,1,1210.39,847.76,361.90,255.58,1,-1,-1,-1
263,1,1273.45,858.63,390.85,272.12,1,-1,-1,-1
264,1,1344.67,868.96,433.11,295.22,1,-1,-1,-1
265,1,1430.39,878.00,497.04,333.20,1,-1,-1,-1
266,1,1532.32,891.60,582.13,383.10,1,-1,-1,-1
267,1,1661.09,897.64,698.99,450.64,1,-1,-1,-1
268,1,1702.15,901.70,725.38,467.66,1,-1,-1,-1
734,9,1717.28,672.50,474.78,219.43,1,-1,-1,-1
735,9,1639.78,684.62,436.44,202.41,1,-1,-1,-1
736,9,1567.88,687.48,410.74,191.66,1,-1,-1,-1
737,9,1503.43,689.58,383.07,180.22,1,-1,-1,-1
738,9,1453.97,697.07,349.26,165.77,1,-1,-1,-1
739,9,1400.35,700.30,330.38,158.85,1,-1,-1,-1
740,9,1361.69,702.42,315.59,153.54,1,-1,-1,-1
741,9,1324.23,705.35,292.07,143.76,1,-1,-1,-1
742,9,1284.83,703.52,282.98,141.98,1,-1,-1,-1
743,9,1255.45,706.42,261.17,133.07,1,-1,-1,-1
743,10,575.97,786.25,90.09,57.13,1,-1,-1,-1
744,9,1226.63,709.96,244.61,126.70,1,-1,-1,-1
744,10,581.84,787.27,89.30,56.53,1,-1,-1,-1
745,9,1198.24,711.40,233.56,122.89,1,-1,-1,-1
745,10,585.56,787.33,92.43,58.38,1,-1,-1,-1
746,9,1167.76,711.06,226.96,121.79,1,-1,-1,-1
746,10,590.31,788.41,90.75,57.32,1,-1,-1,-1
747,9,1147.00,715.26,208.40,114.06,1,-1,-1,-1
747,10,601.82,787.69,90.36,57.37,1,-1,-1,-1
748,9,1127.03,717.43,196.40,109.70,1,-1,-1,-1
748,10,611.30,788.35,89.09,56.81,1,-1,-1,-1
749,9,1103.33,715.84,190.56,108.42,1,-1,-1,-1
749,10,617.89,787.58,91.98,59.25,1,-1,-1,-1
750,9,1087.61,721.14,173.63,100.69,1,-1,-1,-1
750,10,621.93,787.58,93.49,61.08,1,-1,-1,-1
751,9,1068.44,725.41,162.84,96.08,1,-1,-1,-1
751,10,626.63,788.04,92.71,61.50,1,-1,-1,-1
752,9,1049.73,724.13,159.19,95.74,1,-1,-1,-1
752,10,630.20,788.95,91.94,62.04,1,-1,-1,-1
753,9,1031.83,726.09,151.83,92.90,1,-1,-1,-1
753,10,634.82,790.66,89.05,60.97,1,-1,-1,-1
754,9,1016.29,729.17,143.33,88.67,1,-1,-1,-1
754,10,646.18,783.98,95.95,66.11,1,-1,-1,-1
755,9,998.13,731.08,138.83,86.90,1,-1,-1,-1
755,10,652.03,783.61,97.20,66.98,1,-1,-1,-1
756,9,982.38,731.57,135.97,86.26,1,-1,-1,-1
757,9,967.59,731.16,129.35,82.87,1,-1,-1,-1
758,9,955.66,731.84,127.80,82.86,1,-1,-1,-1
758,10,685.75,775.18,100.50,69.98,1,-1,-1,-1
759,9,939.70,733.97,123.05,80.63,1,-1,-1,-1
759,10,687.54,772.33,109.71,76.75,1,-1,-1,-1
760,9,926.17,734.89,120.99,79.98,1,-1,-1,-1
760,10,691.37,767.17,116.07,81.52,1,-1,-1,-1
761,9,911.19,736.40,115.11,76.77,1,-1,-1,-1
761,10,706.15,770.89,112.44,79.98,1,-1,-1,-1
762,9,900.83,733.94,114.50,77.30,1,-1,-1,-1
762,10,713.05,769.59,118.64,85.56,1,-1,-1,-1
763,9,888.63,738.15,108.57,73.76,1,-1,-1,-1
763,10,721.12,768.21,124.63,91.06,1,-1,-1,-1
764,9,875.28,739.33,107.61,73.70,1,-1,-1,-1
764,10,730.26,769.87,125.51,92.24,1,-1,-1,-1
765,9,863.59,747.96,96.55,67.23,1,-1,-1,-1
765,10,741.61,771.46,120.71,88.97,1,-1,-1,-1
766,9,854.55,750.85,87.96,61.90,1,-1,-1,-1
766,10,751.17,767.23,129.43,95.06,1,-1,-1,-1
767,9,851.56,752.59,77.06,54.22,1,-1,-1,-1
767,10,758.64,765.48,133.77,97.72,1,-1,-1,-1
768,9,852.46,752.25,67.81,47.93,1,-1,-1,-1
768,10,763.59,765.68,137.76,100.64,1,-1,-1,-1
769,9,841.07,754.10,61.92,43.76,1,-1,-1,-1
769,10,766.42,761.50,145.94,107.78,1,-1,-1,-1
770,10,773.84,758.80,149.06,111.11,1,-1,-1,-1
771,10,778.05,755.69,154.46,115.66,1,-1,-1,-1
771,15,1734.37,667.79,583.14,216.83,1,-1,-1,-1
772,10,785.78,760.88,152.65,113.99,1,-1,-1,-1
772,15,1646.39,668.28,553.16,206.94,1,-1,-1,-1
773,10,796.62,765.62,150.35,111.79,1,-1,-1,-1
773,15,1572.09,672.35,510.76,192.81,1,-1,-1,-1
774,10,810.07,770.56,149.14,110.97,1,-1,-1,-1
774,15,1511.27,674.12,477.46,182.41,1,-1,-1,-1
775,10,817.77,772.74,152.64,113.10,1,-1,-1,-1
775,15,1460.97,677.42,443.29,171.94,1,-1,-1,-1
776,10,829.34,773.15,155.36,115.33,1,-1,-1,-1
776,15,1416.09,682.70,410.30,161.78,1,-1,-1,-1
776,16,740.91,763.18,70.50,52.95,1,-1,-1,-1
777,10,839.48,772.37,160.56,119.54,1,-1,-1,-1
777,15,1378.12,690.01,378.09,151.88,1,-1,-1,-1
777,16,732.45,763.59,67.22,50.42,1,-1,-1,-1
778,10,846.65,771.30,164.96,123.36,1,-1,-1,-1
778,15,1341.56,694.86,347.09,142.07,1,-1,-1,-1
778,16,717.87,764.17,68.67,51.53,1,-1,-1,-1
779,10,853.32,769.45,171.18,129.04,1,-1,-1,-1
779,15,1306.84,696.45,327.90,136.94,1,-1,-1,-1
779,16,713.36,765.14,67.35,50.96,1,-1,-1,-1
780,10,858.14,766.01,180.92,137.62,1,-1,-1,-1
780,15,1272.64,697.06,310.85,132.70,1,-1,-1,-1
780,16,713.83,767.85,58.38,44.64,1,-1,-1,-1
781,10,866.26,764.28,185.80,142.06,1,-1,-1,-1
781,15,1247.20,702.49,285.07,124.01,1,-1,-1,-1
781,16,707.96,769.05,55.56,42.49,1,-1,-1,-1
782,10,871.50,756.88,204.77,158.54,1,-1,-1,-1
782,15,1220.03,704.69,268.42,118.96,1,-1,-1,-1
783,10,879.30,764.51,209.12,163.23,1,-1,-1,-1
783,15,1182.95,701.98,266.47,121.00,1,-1,-1,-1
784,10,890.38,769.58,207.96,163.04,1,-1,-1,-1
784,15,1154.12,704.22,253.81,118.09,1,-1,-1,-1
785,10,907.94,774.38,209.04,164.47,1,-1,-1,-1
785,15,1133.66,707.22,236.68,112.90,1,-1,-1,-1
786,10,924.64,778.20,208.44,163.88,1,-1,-1,-1
786,15,1112.77,711.54,219.70,107.26,1,-1,-1,-1
787,10,931.15,777.80,211.99,166.18,1,-1,-1,-1
787,15,1095.69,714.39,203.34,101.87,1,-1,-1,-1
787,16,646.84,784.31,48.04,36.75,1,-1,-1,-1
788,10,933.02,779.98,218.10,170.09,1,-1,-1,-1
788,15,1078.22,719.68,185.72,94.94,1,-1,-1,-1
788,16,637.47,786.35,48.29,36.35,1,-1,-1,-1
789,10,945.56,782.73,228.62,177.73,1,-1,-1,-1
789,15,1056.56,723.17,169.17,87.36,1,-1,-1,-1
789,16,631.87,788.10,46.80,34.66,1,-1,-1,-1
790,10,955.58,782.03,242.05,188.27,1,-1,-1,-1
790,15,1043.58,721.73,163.05,85.51,1,-1,-1,-1
790,16,616.76,790.67,46.76,33.79,1,-1,-1,-1
791,10,967.16,782.68,252.04,196.54,1,-1,-1,-1
791,15,1018.80,721.99,155.81,82.41,1,-1,-1,-1
791,16,608.19,790.02,51.34,36.03,1,-1,-1,-1
792,10,981.21,784.17,264.01,205.66,1,-1,-1,-1
792,15,999.96,726.63,145.78,77.48,1,-1,-1,-1
792,16,603.49,790.54,51.35,34.93,1,-1,-1,-1
793,10,999.16,789.19,274.00,213.18,1,-1,-1,-1
793,15,977.79,728.31,148.82,80.17,1,-1,-1,-1
793,16,598.54,790.00,52.86,34.95,1,-1,-1,-1
794,10,1018.66,796.23,279.66,216.94,1,-1,-1,-1
794,15,962.59,729.86,144.26,78.53,1,-1,-1,-1
794,16,594.12,788.54,54.15,35.34,1,-1,-1,-1
795,10,1036.47,794.93,295.74,228.03,1,-1,-1,-1
795,15,949.91,733.36,140.22,77.30,1,-1,-1,-1
795,16,589.24,788.58,55.72,35.76,1,-1,-1,-1
796,10,1049.47,794.55,322.12,247.39,1,-1,-1,-1
796,15,934.42,736.34,133.41,74.49,1,-1,-1,-1
796,16,582.30,789.45,55.00,35.29,1,-1,-1,-1
797,10,1070.47,800.91,331.72,251.77,1,-1,-1,-1
797,15,914.07,736.59,137.56,78.15,1,-1,-1,-1
798,10,1085.20,798.51,359.64,271.60,1,-1,-1,-1
798,15,897.10,737.52,132.97,76.97,1,-1,-1,-1
799,10,1109.64,793.27,392.97,293.60,1,-1,-1,-1
799,15,880.25,738.20,133.45,78.24,1,-1,-1,-1
800,10,1132.02,794.72,408.14,302.62,1,-1,-1,-1
800,15,869.93,739.41,127.22,76.07,1,-1,-1,-1
801,10,1154.83,792.76,447.62,327.72,1,-1,-1,-1
801,15,852.12,746.80,118.67,71.59,1,-1,-1,-1
802,10,1177.16,790.66,486.89,352.20,1,-1,-1,-1
802,15,840.99,748.54,113.02,68.68,1,-1,-1,-1
803,10,1208.56,796.87,503.96,358.80,1,-1,-1,-1
803,15,831.76,750.31,105.63,64.71,1,-1,-1,-1
804,10,1246.41,801.74,543.76,381.09,1,-1,-1,-1
804,15,819.21,756.71,101.79,62.34,1,-1,-1,-1
805,10,1284.48,799.46,587.45,404.32,1,-1,-1,-1
805,15,805.68,758.07,99.16,60.68,1,-1,-1,-1
806,10,1329.33,791.92,650.44,441.59,1,-1,-1,-1
806,15,794.26,758.35,96.38,59.04,1,-1,-1,-1
807,10,1382.43,786.00,713.79,477.54,1,-1,-1,-1
807,15,777.68,756.75,99.86,61.47,1,-1,-1,-1
808,10,1433.13,794.22,793.27,525.92,1,-1,-1,-1
808,15,766.56,758.54,95.94,59.08,1,-1,-1,-1
808,17,2083.14,648.09,381.69,289.09,1,-1,-1,-1
809,10,1526.17,813.94,849.23,553.04,1,-1,-1,-1
809,15,758.60,758.38,93.54,58.22,1,-1,-1,-1
809,17,2002.92,652.14,359.97,265.34,1,-1,-1,-1
810,10,1567.24,814.40,925.63,599.27,1,-1,-1,-1
810,15,745.14,761.91,90.86,56.98,1,-1,-1,-1
810,17,1912.58,657.98,313.88,223.92,1,-1,-1,-1
811,10,1589.29,823.64,990.88,649.12,1,-1,-1,-1
811,15,737.42,764.31,87.87,55.16,1,-1,-1,-1
811,17,1790.99,663.92,318.78,221.10,1,-1,-1,-1
812,10,1620.41,825.72,1024.95,671.44,1,-1,-1,-1
812,15,729.06,765.68,83.00,52.28,1,-1,-1,-1
812,17,1696.51,669.08,322.59,218.16,1,-1,-1,-1
813,15,723.37,766.46,78.38,49.78,1,-1,-1,-1
813,17,1623.97,673.66,306.57,202.11,1,-1,-1,-1
814,15,712.87,766.26,76.44,49.41,1,-1,-1,-1
814,17,1557.49,675.27,302.41,195.78,1,-1,-1,-1
814,18,1539.03,498.43,72.23,58.64,1,-1,-1,-1
815,15,708.12,766.43,71.68,47.43,1,-1,-1,-1
815,17,1498.60,681.05,284.40,181.03,1,-1,-1,-1
815,18,1538.66,498.75,72.22,58.63,1,-1,-1,-1
815,19,1962.32,898.88,684.18,576.93,1,-1,-1,-1
816,15,704.57,767.83,65.60,44.53,1,-1,-1,-1
816,17,1457.11,687.92,261.06,163.67,1,-1,-1,-1
816,19,1997.35,814.41,812.59,703.77,1,-1,-1,-1
817,15,694.38,769.09,62.88,42.69,1,-1,-1,-1
817,17,1411.13,697.64,242.08,149.51,1,-1,-1,-1
817,19,2032.23,792.11,866.03,750.06,1,-1,-1,-1
818,17,1362.29,700.04,231.49,141.45,1,-1,-1,-1
819,17,1321.03,698.08,231.61,140.74,1,-1,-1,-1
820,17,1283.36,699.76,227.15,137.93,1,-1,-1,-1
821,17,1246.58,701.19,217.77,132.68,1,-1,-1,-1
821,18,1544.49,496.10,77.75,63.14,1,-1,-1,-1
822,17,1210.74,701.57,219.08,134.04,1,-1,-1,-1
822,18,1545.07,495.88,78.40,63.66,1,-1,-1,-1
823,17,1184.14,707.95,204.96,125.48,1,-1,-1,-1
824,17,1157.20,711.85,194.83,119.72,1,-1,-1,-1
825,17,1133.90,715.82,182.02,112.38,1,-1,-1,-1
825,20,627.65,787.62,55.42,34.34,1,-1,-1,-1
826,17,1111.20,717.43,174.23,108.42,1,-1,-1,-1
826,18,1546.98,496.37,73.45,60.97,1,-1,-1,-1
826,20,615.96,789.57,52.03,32.00,1,-1,-1,-1
827,17,1090.69,720.43,163.33,102.59,1,-1,-1,-1
827,18,1547.45,496.27,73.56,61.06,1,-1,-1,-1
827,20,604.74,788.48,58.60,35.82,1,-1,-1,-1
828,17,1068.74,727.18,152.22,95.57,1,-1,-1,-1
828,18,1545.84,497.70,72.62,61.14,1,-1,-1,-1
828,20,599.59,788.26,60.13,36.49,1,-1,-1,-1
829,17,1045.59,727.41,153.37,96.54,1,-1,-1,-1
829,18,1546.82,498.91,70.44,59.30,1,-1,-1,-1
829,20,595.24,786.29,61.89,37.33,1,-1,-1,-1
830,17,1026.81,729.84,145.69,92.12,1,-1,-1,-1
830,18,1547.11,499.11,70.29,59.17,1,-1,-1,-1
830,20,589.29,784.91,63.55,38.22,1,-1,-1,-1
831,17,1009.60,732.49,137.93,87.16,1,-1,-1,-1
831,20,587.83,785.44,61.10,36.54,1,-1,-1,-1
831,21,560.39,783.51,62.64,37.30,1,-1,-1,-1
832,17,988.17,733.94,136.00,85.80,1,-1,-1,-1
832,20,583.57,785.86,60.72,35.99,1,-1,-1,-1
832,21,559.88,783.39,63.25,37.67,1,-1,-1,-1
833,17,977.21,732.56,128.99,82.09,1,-1,-1,-1
833,20,578.19,785.60,61.16,36.26,1,-1,-1,-1
833,21,555.76,783.01,69.90,41.33,1,-1,-1,-1
834,17,957.99,734.16,130.29,83.56,1,-1,-1,-1
834,21,554.38,782.83,71.93,42.53,1,-1,-1,-1
835,17,945.09,734.64,124.67,80.96,1,-1,-1,-1
835,21,552.05,782.18,71.21,42.03,1,-1,-1,-1
836,17,929.44,736.67,120.73,78.60,1,-1,-1,-1
836,21,551.44,782.05,69.08,40.83,1,-1,-1,-1
837,17,911.68,736.96,120.13,78.90,1,-1,-1,-1
837,18,1548.55,500.34,67.00,56.90,1,-1,-1,-1
837,21,550.05,781.81,70.10,41.43,1,-1,-1,-1
838,17,900.74,737.23,114.77,75.84,1,-1,-1,-1
838,18,1548.76,500.52,66.72,56.66,1,-1,-1,-1
839,17,884.56,738.63,112.77,75.20,1,-1,-1,-1
840,17,877.89,742.19,105.13,70.72,1,-1,-1,-1
841,17,856.87,745.51,106.64,71.84,1,-1,-1,-1
842,17,843.21,748.43,100.98,68.39,1,-1,-1,-1
843,17,833.80,752.23,94.31,63.95,1,-1,-1,-1
844,17,818.85,754.37,95.52,64.89,1,-1,-1,-1
845,17,808.29,754.57,92.89,63.39,1,-1,-1,-1
845,18,1543.86,498.56,65.30,55.54,1,-1,-1,-1
846,17,794.79,755.44,90.82,61.58,1,-1,-1,-1
846,18,1542.62,498.28,65.25,55.31,1,-1,-1,-1
847,17,779.09,755.73,93.12,63.06,1,-1,-1,-1
847,18,1542.24,498.19,65.02,55.11,1,-1,-1,-1
848,17,768.26,755.96,90.47,61.34,1,-1,-1,-1
849,17,759.83,756.63,87.71,59.90,1,-1,-1,-1
850,17,747.29,761.29,84.27,57.38,1,-1,-1,-1
851,17,736.35,762.50,84.20,57.06,1,-1,-1,-1
852,17,728.56,763.63,81.06,55.17,1,-1,-1,-1
853,17,721.23,762.94,79.83,55.01,1,-1,-1,-1
854,17,711.60,764.97,76.44,53.01,1,-1,-1,-1
855,17,708.61,766.12,70.31,49.81,1,-1,-1,-1
856,17,697.80,767.50,67.93,48.12,1,-1,-1,-1
866,22,612.86,790.60,53.31,34.63,1,-1,-1,-1
867,22,605.57,790.60,54.58,35.05,1,-1,-1,-1
868,22,601.07,789.59,56.69,36.09,1,-1,-1,-1
869,22,596.96,787.93,56.84,35.79,1,-1,-1,-1
870,22,586.93,785.28,62.17,38.80,1,-1,-1,-1
871,22,583.60,784.35,63.27,39.45,1,-1,-1,-1
872,22,577.66,783.69,64.37,40.14,1,-1,-1,-1
874,22,553.36,780.19,71.20,44.09,1,-1,-1,-1
875,22,546.61,778.49,74.00,45.82,1,-1,-1,-1
876,22,539.33,777.49,75.71,46.88,1,-1,-1,-1
932,24,19.43,1306.04,169.21,183.21,1,-1,-1,-1
933,24,35.22,1294.61,179.54,191.38,1,-1,-1,-1
934,24,52.12,1281.71,190.74,198.25,1,-1,-1,-1
935,24,61.17,1272.29,202.04,202.84,1,-1,-1,-1
936,24,70.89,1266.12,211.24,202.85,1,-1,-1,-1
937,24,79.41,1258.17,221.13,201.51,1,-1,-1,-1
938,24,81.01,1253.72,232.73,201.26,1,-1,-1,-1
939,24,75.87,1248.81,263.71,219.08,1,-1,-1,-1
940,24,74.41,1243.92,291.05,232.07,1,-1,-1,-1
941,24,72.78,1243.07,316.79,242.95,1,-1,-1,-1
942,24,76.03,1241.06,344.91,253.96,1,-1,-1,-1
943,24,78.96,1244.14,352.49,249.11,1,-1,-1,-1
944,24,72.73,1245.46,351.49,239.56,1,-1,-1,-1
945,24,70.92,1246.40,348.83,229.85,1,-1,-1,-1
945,25,438.35,1202.28,147.50,138.25,1,-1,-1,-1
946,24,96.65,1237.02,374.19,236.43,1,-1,-1,-1
946,25,436.23,1189.31,175.55,163.02,1,-1,-1,-1
947,24,113.40,1219.47,406.56,249.48,1,-1,-1,-1
947,25,430.81,1179.99,197.06,180.75,1,-1,-1,-1
948,24,113.67,1211.27,423.73,256.63,1,-1,-1,-1
948,25,432.61,1169.63,216.30,195.82,1,-1,-1,-1
949,24,114.39,1194.73,451.99,272.34,1,-1,-1,-1
949,25,434.52,1166.55,220.34,195.18,1,-1,-1,-1
950,24,129.14,1192.59,454.23,273.14,1,-1,-1,-1
950,25,441.00,1164.56,222.64,188.41,1,-1,-1,-1
951,24,131.20,1186.95,472.71,286.90,1,-1,-1,-1
951,25,435.70,1159.00,230.20,185.19,1,-1,-1,-1
952,24,138.53,1189.35,473.81,290.00,1,-1,-1,-1
952,25,442.47,1148.87,246.30,192.22,1,-1,-1,-1
953,24,151.22,1190.42,464.15,286.16,1,-1,-1,-1
953,25,450.44,1148.19,247.58,184.52,1,-1,-1,-1
954,24,197.69,1159.53,462.36,282.87,1,-1,-1,-1
954,25,454.80,1142.28,254.60,189.75,1,-1,-1,-1
955,24,230.34,1148.66,462.93,281.25,1,-1,-1,-1
956,24,194.31,1163.64,498.71,310.40,1,-1,-1,-1
957,24,181.19,1166.43,512.97,328.41,1,-1,-1,-1
958,24,175.77,1164.49,518.13,342.45,1,-1,-1,-1
958,27,336.79,1127.29,492.83,213.86,1,-1,-1,-1
959,24,227.15,1145.67,483.15,317.79,1,-1,-1,-1
959,27,352.99,1125.44,498.03,215.55,1,-1,-1,-1
960,24,235.99,1139.91,491.05,322.99,1,-1,-1,-1
960,27,375.28,1120.08,500.68,216.64,1,-1,-1,-1
961,27,373.80,1108.71,520.41,225.46,1,-1,-1,-1
962,27,384.02,1106.75,520.96,225.68,1,-1,-1,-1
963,27,381.74,1101.28,535.19,232.08,1,-1,-1,-1
964,27,382.52,1099.53,545.37,236.70,1,-1,-1,-1
965,27,386.16,1099.29,547.33,237.91,1,-1,-1,-1
966,27,393.30,1098.58,554.18,241.43,1,-1,-1,-1
967,27,397.70,1098.82,565.20,246.90,1,-1,-1,-1
968,27,407.70,1097.69,571.88,250.63,1,-1,-1,-1
969,27,410.51,1095.56,582.24,256.12,1,-1,-1,-1
970,27,412.50,1093.00,597.03,263.78,1,-1,-1,-1
971,27,418.83,1089.12,607.08,269.19,1,-1,-1,-1
972,27,428.88,1087.09,600.93,266.58,1,-1,-1,-1
973,27,436.07,1085.36,600.11,265.55,1,-1,-1,-1
974,27,441.48,1081.24,611.69,270.86,1,-1,-1,-1
975,27,456.14,1072.68,610.73,270.95,1,-1,-1,-1
976,27,476.77,1070.41,603.45,266.90,1,-1,-1,-1
977,27,496.16,1067.21,602.49,264.46,1,-1,-1,-1
978,27,508.67,1057.67,613.71,269.36,1,-1,-1,-1
979,27,534.42,1051.01,622.28,273.66,1,-1,-1,-1
980,27,568.71,1045.11,622.42,272.62,1,-1,-1,-1
981,27,580.61,1032.10,637.45,280.30,1,-1,-1,-1
982,27,615.44,1023.73,641.61,283.57,1,-1,-1,-1
983,27,646.20,1016.01,651.07,288.26,1,-1,-1,-1
984,27,671.53,1009.71,651.41,288.29,1,-1,-1,-1
985,27,706.39,1009.52,640.59,283.59,1,-1,-1,-1
986,27,733.75,1003.81,646.59,285.86,1,-1,-1,-1
987,27,772.61,996.62,639.33,281.11,1,-1,-1,-1
988,27,809.58,990.40,633.28,275.73,1,-1,-1,-1
989,27,839.61,989.83,640.92,278.11,1,-1,-1,-1
990,27,881.52,977.79,647.34,279.22,1,-1,-1,-1
991,27,915.24,973.30,653.09,279.69,1,-1,-1,-1
992,27,949.54,963.16,675.05,288.25,1,-1,-1,-1
993,27,986.39,967.76,664.71,280.38,1,-1,-1,-1
994,27,1008.74,956.73,707.07,299.69,1,-1,-1,-1
995,27,1031.50,950.14,735.76,313.13,1,-1,-1,-1
996,27,1047.04,946.08,771.45,330.48,1,-1,-1,-1
997,27,1084.69,949.87,791.67,341.56,1,-1,-1,-1
998,27,1133.22,948.39,812.36,354.05,1,-1,-1,-1
999,27,1148.83,942.49,870.79,384.85,1,-1,-1,-1
1000,27,1184.55,941.90,906.42,406.71,1,-1,-1,-1
1001,27,1230.78,943.30,939.91,427.00,1,-1,-1,-1
1002,27,1263.06,947.43,981.95,452.67,1,-1,-1,-1
1003,27,1342.70,960.03,984.03,456.17,1,-1,-1,-1
1004,27,1404.09,965.26,1028.20,478.78,1,-1,-1,-1
1005,27,1438.99,963.86,1053.64,490.63,1,-1,-1,-1
1096,30,1834.12,609.84,602.25,331.80,1,-1,-1,-1
1097,30,1744.09,602.09,593.73,325.93,1,-1,-1,-1
1098,30,1680.78,611.91,557.28,304.51,1,-1,-1,-1
1099,30,1636.67,621.07,518.21,282.03,1,-1,-1,-1
1100,30,1583.62,626.28,493.86,267.79,1,-1,-1,-1
1101,30,1533.65,627.63,467.23,252.44,1,-1,-1,-1
1102,30,1499.04,631.74,443.83,239.99,1,-1,-1,-1
1103,30,1461.64,634.68,429.19,232.62,1,-1,-1,-1
1104,30,1420.89,637.75,413.09,224.58,1,-1,-1,-1
1105,30,1383.84,646.09,391.61,213.22,1,-1,-1,-1
1106,30,1361.52,650.04,365.57,199.99,1,-1,-1,-1
1107,30,1341.19,653.20,344.38,189.44,1,-1,-1,-1
1108,30,1313.60,653.84,330.14,182.91,1,-1,-1,-1
1109,30,1288.59,658.05,316.08,176.22,1,-1,-1,-1
1110,30,1264.17,659.22,306.96,172.51,1,-1,-1,-1
1111,30,1238.20,661.64,293.15,166.39,1,-1,-1,-1
1112,30,1209.79,663.66,287.13,164.24,1,-1,-1,-1
1113,30,1194.88,665.90,281.52,163.17,1,-1,-1,-1
1114,30,1178.02,670.37,264.53,154.97,1,-1,-1,-1
1115,30,1160.33,676.24,249.92,147.76,1,-1,-1,-1
1116,30,1142.26,674.81,250.42,150.27,1,-1,-1,-1
1117,30,1129.55,676.86,241.38,146.83,1,-1,-1,-1
1118,30,1112.73,678.92,233.14,143.26,1,-1,-1,-1
1119,30,1098.51,683.61,216.21,133.60,1,-1,-1,-1
1120,30,1095.41,688.74,200.07,123.90,1,-1,-1,-1
1121,30,1075.39,690.57,198.56,123.99,1,-1,-1,-1
1122,30,1064.15,692.66,190.98,119.57,1,-1,-1,-1
1123,30,1044.89,691.23,191.53,120.72,1,-1,-1,-1
1124,30,1032.72,694.40,184.03,116.22,1,-1,-1,-1
1125,30,1014.30,696.00,184.01,117.15,1,-1,-1,-1
1126,30,1003.21,698.87,176.37,112.42,1,-1,-1,-1
1127,30,990.06,699.93,172.61,109.84,1,-1,-1,-1
1128,30,977.60,700.46,172.14,110.14,1,-1,-1,-1
1129,30,965.56,701.56,169.63,109.07,1,-1,-1,-1
1130,30,953.25,705.54,163.84,105.80,1,-1,-1,-1
1131,30,944.53,706.64,160.37,104.07,1,-1,-1,-1
1132,30,934.12,707.68,157.32,102.74,1,-1,-1,-1
1133,30,925.97,709.34,151.61,99.42,1,-1,-1,-1
1134,30,912.15,709.47,153.25,101.42,1,-1,-1,-1
1135,30,902.06,711.90,149.50,99.50,1,-1,-1,-1
1136,30,892.54,715.69,143.44,95.96,1,-1,-1,-1
1137,30,882.77,718.39,141.33,95.26,1,-1,-1,-1
1138,30,873.89,717.93,141.61,96.01,1,-1,-1,-1
1139,30,865.10,720.04,136.98,93.15,1,-1,-1,-1
1140,30,853.70,721.76,134.70,91.89,1,-1,-1,-1
1141,30,845.73,722.83,135.19,92.64,1,-1,-1,-1
1142,30,841.10,727.16,130.12,88.67,1,-1,-1,-1
1143,30,831.18,731.46,122.19,82.87,1,-1,-1,-1
1143,31,2216.25,682.37,277.79,280.28,1,-1,-1,-1
1144,30,815.45,732.22,125.21,85.06,1,-1,-1,-1
1144,31,2155.40,670.32,307.00,301.79,1,-1,-1,-1
1145,30,810.11,734.59,119.90,81.31,1,-1,-1,-1
1145,31,2114.08,653.39,325.23,319.71,1,-1,-1,-1
1146,30,803.06,736.42,117.90,79.72,1,-1,-1,-1
1147,30,795.95,737.71,116.94,79.13,1,-1,-1,-1
1148,30,787.27,735.91,118.70,80.32,1,-1,-1,-1
1148,32,1716.04,680.94,617.66,240.09,1,-1,-1,-1
1149,30,783.01,736.94,113.64,76.57,1,-1,-1,-1
1149,32,1648.57,682.25,580.73,226.45,1,-1,-1,-1
1150,30,771.43,732.02,123.10,83.03,1,-1,-1,-1
1150,32,1599.77,686.77,547.81,214.91,1,-1,-1,-1
1151,30,765.15,735.52,120.69,81.15,1,-1,-1,-1
1151,32,1562.71,696.27,495.04,195.34,1,-1,-1,-1
1152,30,755.41,736.36,120.37,81.54,1,-1,-1,-1
1152,32,1521.47,700.25,464.44,184.77,1,-1,-1,-1
1153,30,753.57,740.01,112.89,76.58,1,-1,-1,-1
1153,32,1477.44,695.23,454.99,183.40,1,-1,-1,-1
1154,30,749.43,740.07,109.33,74.49,1,-1,-1,-1
1154,32,1443.78,700.50,426.61,173.90,1,-1,-1,-1
1155,30,737.24,742.99,108.60,73.79,1,-1,-1,-1
1155,32,1410.16,703.97,403.00,167.12,1,-1,-1,-1
1156,30,729.88,743.01,109.36,74.80,1,-1,-1,-1
1156,32,1386.24,706.92,378.66,159.34,1,-1,-1,-1
1157,30,726.70,745.12,104.38,71.95,1,-1,-1,-1
1157,32,1359.89,709.19,353.94,151.67,1,-1,-1,-1
1158,30,720.88,745.64,102.37,71.37,1,-1,-1,-1
1158,32,1334.26,709.87,333.22,144.96,1,-1,-1,-1
1159,30,716.53,744.22,101.68,71.90,1,-1,-1,-1
1159,32,1311.75,710.92,310.67,136.95,1,-1,-1,-1
1160,30,702.56,744.83,104.32,74.60,1,-1,-1,-1
1160,32,1287.16,712.91,308.63,138.30,1,-1,-1,-1
1161,30,694.47,745.67,103.70,74.16,1,-1,-1,-1
1161,32,1263.74,711.16,295.00,134.96,1,-1,-1,-1
1162,30,695.85,747.19,95.67,68.87,1,-1,-1,-1
1162,32,1247.21,721.46,277.58,128.27,1,-1,-1,-1
1163,30,693.55,748.79,93.43,68.69,1,-1,-1,-1
1163,32,1227.81,717.37,267.05,125.86,1,-1,-1,-1
1164,30,686.87,749.79,92.25,67.82,1,-1,-1,-1
1164,32,1208.90,714.18,266.77,128.36,1,-1,-1,-1
1165,32,1195.11,713.69,257.97,126.91,1,-1,-1,-1
1166,32,1184.40,711.50,246.69,124.06,1,-1,-1,-1
1167,32,1179.72,712.33,232.40,120.03,1,-1,-1,-1
1168,32,1177.88,710.56,219.36,116.48,1,-1,-1,-1
1169,32,1175.38,709.72,205.34,112.10,1,-1,-1,-1
1170,32,1180.02,712.32,186.11,104.03,1,-1,-1,-1
1171,32,1178.33,708.92,180.51,104.02,1,-1,-1,-1
1172,32,1177.13,705.68,175.88,104.89,1,-1,-1,-1
1173,32,1174.34,697.07,173.97,107.17,1,-1,-1,-1
1174,32,1181.54,694.97,162.57,103.12,1,-1,-1,-1
1175,32,1185.86,692.21,154.22,100.69,1,-1,-1,-1
1175,33,638.79,770.44,61.21,51.18,1,-1,-1,-1
1176,32,1190.52,687.08,150.79,101.54,1,-1,-1,-1
1176,33,635.69,770.93,61.12,50.69,1,-1,-1,-1
1177,32,1197.58,682.60,146.11,100.99,1,-1,-1,-1
1177,33,631.75,772.07,59.99,49.28,1,-1,-1,-1
1178,32,1205.39,681.28,135.80,95.61,1,-1,-1,-1
1178,33,627.34,774.37,57.28,46.44,1,-1,-1,-1
1179,32,1212.34,669.74,135.97,97.37,1,-1,-1,-1
1179,33,624.71,775.21,55.84,45.28,1,-1,-1,-1
1180,32,1223.22,665.36,127.02,91.81,1,-1,-1,-1
1181,32,1233.57,659.29,125.28,91.15,1,-1,-1,-1
1182,32,1247.73,656.56,120.79,87.46,1,-1,-1,-1
1183,32,1257.35,657.53,111.59,80.67,1,-1,-1,-1
1183,34,588.58,771.87,83.99,50.93,1,-1,-1,-1
1184,32,1276.15,645.79,111.52,80.06,1,-1,-1,-1
1184,34,587.96,773.85,80.55,48.78,1,-1,-1,-1
1185,32,1284.39,637.26,111.35,79.80,1,-1,-1,-1
1185,34,583.20,773.14,82.73,50.11,1,-1,-1,-1
1186,32,1296.13,634.40,106.05,75.97,1,-1,-1,-1
1186,34,581.19,773.77,81.76,49.53,1,-1,-1,-1
1187,32,1304.67,632.86,100.38,72.57,1,-1,-1,-1
1188,32,1318.83,618.84,106.45,77.64,1,-1,-1,-1
1189,32,1334.90,615.55,97.18,70.94,1,-1,-1,-1
1190,32,1360.42,606.86,98.64,72.11,1,-1,-1,-1
1191,32,1370.82,605.45,95.49,70.14,1,-1,-1,-1
1192,32,1381.56,600.26,93.07,68.36,1,-1,-1,-1
1193,36,1413.00,582.09,93.75,64.99,1,-1,-1,-1
1194,36,1417.03,576.52,95.59,66.03,1,-1,-1,-1
1195,32,1427.80,577.08,85.54,61.73,1,-1,-1,-1
1195,36,1421.54,559.50,125.27,86.41,1,-1,-1,-1
1196,32,1440.16,571.07,82.88,59.81,1,-1,-1,-1
1196,36,1443.05,555.45,117.12,80.12,1,-1,-1,-1
1197,36,1455.60,551.17,111.48,75.89,1,-1,-1,-1
1198,32,1469.98,557.57,81.67,59.04,1,-1,-1,-1
1198,36,1458.94,519.96,145.31,99.86,1,-1,-1,-1
1199,32,1486.29,541.65,95.01,68.54,1,-1,-1,-1
1199,36,1465.18,509.96,154.58,106.23,1,-1,-1,-1
1200,32,1496.46,524.75,102.33,75.49,1,-1,-1,-1
1201,32,1509.37,516.36,103.09,76.05,1,-1,-1,-1
1202,32,1530.16,509.87,101.23,74.97,1,-1,-1,-1
1203,32,1541.48,507.86,96.52,71.57,1,-1,-1,-1
1204,32,1554.85,500.21,96.61,71.63,1,-1,-1,-1
1214,39,2232.84,641.44,257.35,307.34,1,-1,-1,-1
1215,39,2166.93,633.50,289.47,336.00,1,-1,-1,-1
1216,39,2128.17,620.11,303.41,352.18,1,-1,-1,-1
1219,40,1793.29,638.41,572.27,289.84,1,-1,-1,-1
1220,40,1725.56,646.02,545.20,276.12,1,-1,-1,-1
1221,40,1662.91,648.66,529.47,268.69,1,-1,-1,-1
1222,40,1602.09,646.87,499.84,254.50,1,-1,-1,-1
1223,40,1554.80,654.61,464.15,237.46,1,-1,-1,-1
1224,40,1522.27,666.12,423.08,216.92,1,-1,-1,-1
1225,40,1491.88,665.41,398.30,206.38,1,-1,-1,-1
1226,40,1445.55,667.77,386.53,201.92,1,-1,-1,-1
1227,40,1414.32,670.73,364.67,192.49,1,-1,-1,-1
1228,40,1382.03,676.76,344.62,183.97,1,-1,-1,-1
1229,40,1356.30,680.72,326.02,176.39,1,-1,-1,-1
1230,40,1329.26,686.25,302.94,166.11,1,-1,-1,-1
1231,40,1300.89,686.90,290.34,161.27,1,-1,-1,-1
1232,40,1273.48,688.36,281.48,158.74,1,-1,-1,-1
1233,40,1254.38,692.36,263.59,149.83,1,-1,-1,-1
1234,40,1224.32,694.79,259.08,148.73,1,-1,-1,-1
1235,40,1202.77,696.13,252.29,146.71,1,-1,-1,-1
1236,40,1178.62,695.40,246.05,144.55,1,-1,-1,-1
1237,40,1152.85,693.46,244.24,145.76,1,-1,-1,-1
1238,40,1136.07,693.45,233.59,142.10,1,-1,-1,-1
1238,41,557.73,791.20,87.59,64.13,1,-1,-1,-1
1239,40,1119.82,698.55,219.13,135.38,1,-1,-1,-1
1239,41,563.00,791.21,90.73,66.66,1,-1,-1,-1
1240,40,1103.24,701.56,206.63,129.33,1,-1,-1,-1
1240,41,567.15,790.90,91.06,67.05,1,-1,-1,-1
1241,40,1090.28,707.89,192.78,122.48,1,-1,-1,-1
1241,41,573.69,791.32,89.18,65.54,1,-1,-1,-1
1242,40,1073.05,708.38,187.19,120.31,1,-1,-1,-1
1242,41,582.56,794.27,85.38,62.25,1,-1,-1,-1
1243,40,1057.91,711.34,177.30,115.66,1,-1,-1,-1
1243,41,589.65,795.51,83.36,60.15,1,-1,-1,-1
1244,40,1042.54,710.29,173.28,114.68,1,-1,-1,-1
1244,41,595.18,794.42,85.05,60.71,1,-1,-1,-1
1245,40,1027.06,716.33,161.86,108.54,1,-1,-1,-1
1245,41,604.46,798.46,78.90,56.06,1,-1,-1,-1
1246,40,1016.29,715.44,156.68,106.49,1,-1,-1,-1
1246,41,611.08,799.09,79.70,56.57,1,-1,-1,-1
1247,40,996.74,719.88,150.15,102.36,1,-1,-1,-1
1247,41,617.28,798.34,80.87,57.21,1,-1,-1,-1
1248,40,983.57,718.51,150.28,103.53,1,-1,-1,-1
1248,41,623.25,797.66,82.76,58.50,1,-1,-1,-1
1249,40,972.91,720.11,144.73,100.34,1,-1,-1,-1
1249,41,627.16,795.23,87.07,62.00,1,-1,-1,-1
1250,40,960.40,723.82,138.78,96.89,1,-1,-1,-1
1250,41,630.79,793.35,89.93,64.61,1,-1,-1,-1
1251,40,948.03,722.34,138.06,97.44,1,-1,-1,-1
1251,41,633.08,793.13,89.90,65.35,1,-1,-1,-1
1252,40,937.16,724.43,132.19,94.07,1,-1,-1,-1
1252,41,636.04,793.41,88.39,65.42,1,-1,-1,-1
1253,40,925.08,727.68,127.04,90.90,1,-1,-1,-1
1253,41,640.57,789.68,92.82,69.46,1,-1,-1,-1
1254,40,915.93,730.61,120.01,86.56,1,-1,-1,-1
1254,41,650.80,790.83,90.72,68.30,1,-1,-1,-1
1255,40,906.44,731.22,115.30,84.24,1,-1,-1,-1
1255,41,659.78,790.70,91.61,69.86,1,-1,-1,-1
1256,40,893.87,733.36,114.10,83.39,1,-1,-1,-1
1256,41,665.46,790.44,92.52,70.55,1,-1,-1,-1
1257,40,883.48,733.77,112.45,82.99,1,-1,-1,-1
1257,41,683.28,787.70,96.01,73.70,1,-1,-1,-1
1258,40,873.67,735.86,107.79,79.53,1,-1,-1,-1
1258,41,692.73,787.21,98.58,75.86,1,-1,-1,-1
1259,40,855.09,740.01,108.26,80.41,1,-1,-1,-1
1259,41,696.65,784.25,105.16,80.50,1,-1,-1,-1
1260,40,844.83,741.68,104.16,77.77,1,-1,-1,-1
1260,41,709.29,787.36,102.71,79.14,1,-1,-1,-1
1261,40,839.02,742.49,101.20,75.81,1,-1,-1,-1
1261,41,716.31,788.11,105.91,82.17,1,-1,-1,-1
1262,40,836.02,743.47,93.27,70.49,1,-1,-1,-1
1262,41,721.21,785.64,112.39,87.31,1,-1,-1,-1
1263,40,818.82,743.86,97.28,73.93,1,-1,-1,-1
1263,41,730.32,785.93,113.79,88.03,1,-1,-1,-1
1264,40,811.26,745.87,92.36,70.31,1,-1,-1,-1
1264,41,724.16,775.75,128.86,99.70,1,-1,-1,-1
1265,40,804.84,745.27,88.14,67.48,1,-1,-1,-1
1265,41,723.30,770.43,138.72,107.38,1,-1,-1,-1
1266,40,793.83,746.59,85.40,65.38,1,-1,-1,-1
1266,41,729.98,767.76,144.30,112.28,1,-1,-1,-1
1267,41,743.33,766.02,147.51,116.58,1,-1,-1,-1
1268,41,756.07,765.46,146.86,116.92,1,-1,-1,-1
1269,41,767.03,771.57,142.77,113.50,1,-1,-1,-1
1270,41,777.49,773.46,146.64,116.48,1,-1,-1,-1
1271,41,791.76,778.22,144.60,114.55,1,-1,-1,-1
1271,42,731.53,752.02,89.76,71.32,1,-1,-1,-1
1272,41,808.96,782.78,143.54,113.43,1,-1,-1,-1
1272,42,729.66,753.60,86.28,68.70,1,-1,-1,-1
1273,41,816.79,781.07,149.53,118.25,1,-1,-1,-1
1273,42,717.24,753.58,83.44,66.86,1,-1,-1,-1
1274,41,827.96,781.28,155.79,123.23,1,-1,-1,-1
1274,42,709.14,754.55,81.23,65.38,1,-1,-1,-1
1275,41,843.05,783.78,157.45,123.98,1,-1,-1,-1
1275,42,703.81,755.47,80.69,65.54,1,-1,-1,-1
1276,41,853.33,783.32,163.91,129.35,1,-1,-1,-1
1276,42,704.43,759.42,72.60,59.86,1,-1,-1,-1
1277,41,862.48,781.85,172.20,136.15,1,-1,-1,-1
1277,42,699.11,759.97,71.37,58.84,1,-1,-1,-1
1278,41,877.50,784.38,174.46,138.36,1,-1,-1,-1
1279,41,889.77,787.14,183.60,144.73,1,-1,-1,-1
1280,41,901.37,789.44,189.77,148.49,1,-1,-1,-1
1281,41,917.59,789.74,195.49,152.07,1,-1,-1,-1
1282,41,931.20,790.04,200.24,154.49,1,-1,-1,-1
1283,41,936.34,787.46,212.59,162.94,1,-1,-1,-1
1284,41,950.71,787.66,222.65,169.36,1,-1,-1,-1
1285,41,967.02,789.64,232.97,176.27,1,-1,-1,-1
1286,41,980.97,788.01,250.82,190.02,1,-1,-1,-1
1286,43,638.03,781.44,50.27,41.34,1,-1,-1,-1
1287,41,994.79,787.58,270.42,204.84,1,-1,-1,-1
1287,43,631.98,781.38,50.63,41.51,1,-1,-1,-1
1288,41,1011.62,791.04,282.35,214.25,1,-1,-1,-1
1288,43,627.32,781.87,50.48,41.24,1,-1,-1,-1
1289,41,1035.47,785.55,299.58,227.94,1,-1,-1,-1
1289,42,609.09,783.79,52.42,42.20,1,-1,-1,-1
1289,43,623.45,782.17,49.87,40.74,1,-1,-1,-1
1290,41,1059.13,787.55,307.79,233.62,1,-1,-1,-1
1290,42,604.05,784.01,54.47,42.57,1,-1,-1,-1
1291,41,1084.29,793.01,323.09,244.74,1,-1,-1,-1
1291,42,599.18,784.25,54.42,41.06,1,-1,-1,-1
1292,41,1105.28,792.41,348.20,262.65,1,-1,-1,-1
1292,42,594.49,781.68,58.09,43.40,1,-1,-1,-1
1293,41,1138.70,796.06,370.45,278.47,1,-1,-1,-1
1293,42,588.32,779.19,62.86,46.97,1,-1,-1,-1
1294,41,1173.52,797.71,400.40,297.67,1,-1,-1,-1
1294,42,582.34,779.48,62.79,46.92,1,-1,-1,-1
1295,41,1212.47,804.25,432.14,318.37,1,-1,-1,-1
1295,42,578.80,778.17,65.09,48.57,1,-1,-1,-1
1296,41,1248.61,803.34,464.03,339.04,1,-1,-1,-1
1296,42,573.09,778.29,65.28,48.71,1,-1,-1,-1
1297,41,1295.95,812.67,497.75,358.71,1,-1,-1,-1
1298,41,1348.17,821.42,549.62,391.18,1,-1,-1,-1
1298,42,552.46,777.12,69.17,50.25,1,-1,-1,-1
1299,41,1402.27,821.45,616.83,433.35,1,-1,-1,-1
1299,42,546.38,775.93,73.19,52.91,1,-1,-1,-1
1300,41,1463.54,822.89,688.02,477.79,1,-1,-1,-1
1300,42,539.92,775.79,73.88,53.41,1,-1,-1,-1
1301,41,1541.52,837.47,773.38,528.92,1,-1,-1,-1
1302,41,1574.21,840.20,800.97,547.79,1,-1,-1,-1
1306,45,2051.40,900.41,654.45,708.08,1,-1,-1,-1
1307,45,2102.17,916.97,651.90,705.33,1,-1,-1,-1
1464,47,2264.68,761.30,172.25,318.07,1,-1,-1,-1
1465,47,2194.15,756.06,186.73,316.42,1,-1,-1,-1
1466,47,2145.37,739.00,194.25,329.15,1,-1,-1,-1
1469,48,1535.78,779.97,742.05,305.50,1,-1,-1,-1
1470,48,1437.12,801.68,697.92,287.61,1,-1,-1,-1
1471,48,1354.57,821.78,650.40,268.15,1,-1,-1,-1
1472,48,1116.84,865.14,621.67,257.44,1,-1,-1,-1
1473,48,981.25,892.55,602.72,251.02,1,-1,-1,-1
1474,48,893.50,910.63,586.07,245.12,1,-1,-1,-1
1475,48,813.74,937.58,562.31,236.69,1,-1,-1,-1
1476,48,739.95,961.95,557.28,236.30,1,-1,-1,-1
1477,48,661.27,969.87,557.82,238.96,1,-1,-1,-1
1478,48,595.30,991.98,533.64,229.83,1,-1,-1,-1
1479,48,517.28,1016.43,528.26,229.30,1,-1,-1,-1
1480,48,435.22,1026.78,529.27,232.87,1,-1,-1,-1
1481,48,374.20,1043.03,515.04,229.40,1,-1,-1,-1
1482,48,341.42,1062.65,467.36,210.86,1,-1,-1,-1
1483,48,202.79,1086.23,527.56,243.91,1,-1,-1,-1
1484,48,139.45,1072.11,523.27,246.15,1,-1,-1,-1
1485,48,64.09,1061.30,529.79,252.56,1,-1,-1,-1
1485,49,364.88,1131.90,221.45,140.63,1,-1,-1,-1
1486,48,-23.27,1074.54,530.22,252.76,1,-1,-1,-1
1486,49,357.33,1144.67,194.63,123.60,1,-1,-1,-1
1486,50,14.71,1194.06,383.33,187.01,1,-1,-1,-1
1487,50,-13.94,1186.40,384.06,187.72,1,-1,-1,-1
1488,50,-27.43,1191.17,367.52,180.93,1,-1,-1,-1
1489,50,-48.85,1203.95,345.52,172.87,1,-1,-1,-1
1490,50,-64.54,1222.29,299.68,154.47,1,-1,-1,-1
1491,50,-92.74,1230.08,290.38,149.67,1,-1,-1,-1
1625,51,573.84,793.44,84.61,58.90,1,-1,-1,-1
1626,51,581.89,794.45,84.49,58.40,1,-1,-1,-1
1627,51,589.43,797.18,82.45,56.41,1,-1,-1,-1
1628,51,601.92,798.23,76.19,51.83,1,-1,-1,-1
1629,51,613.94,797.87,76.32,51.76,1,-1,-1,-1
1630,51,622.89,797.50,77.58,52.39,1,-1,-1,-1
1631,51,629.12,797.56,79.29,53.74,1,-1,-1,-1
1632,51,634.78,797.54,80.29,55.04,1,-1,-1,-1
1633,51,638.78,797.66,80.05,55.48,1,-1,-1,-1
1634,51,650.01,794.56,82.87,58.13,1,-1,-1,-1
1635,51,657.58,794.51,83.23,58.38,1,-1,-1,-1
1639,52,704.92,781.66,94.01,71.35,1,-1,-1,-1
1640,52,720.51,783.33,95.91,72.83,1,-1,-1,-1
1641,52,732.63,784.34,96.86,73.52,1,-1,-1,-1
1642,52,742.80,786.57,97.04,73.26,1,-1,-1,-1
1643,52,750.92,787.06,100.39,75.27,1,-1,-1,-1
1644,52,760.45,788.11,102.83,76.60,1,-1,-1,-1
1645,52,772.14,787.38,106.36,79.23,1,-1,-1,-1
1646,52,782.38,787.66,108.47,80.87,1,-1,-1,-1
1647,52,794.39,790.19,109.82,81.53,1,-1,-1,-1
1648,52,803.94,789.10,115.53,85.65,1,-1,-1,-1
1649,52,809.49,787.55,125.42,92.97,1,-1,-1,-1
1650,52,820.52,788.53,128.89,95.52,1,-1,-1,-1
1651,52,829.55,789.79,134.41,99.91,1,-1,-1,-1
1652,52,839.69,788.77,142.58,106.25,1,-1,-1,-1
1653,52,851.89,789.10,149.50,111.85,1,-1,-1,-1
1654,52,866.48,790.09,154.60,116.03,1,-1,-1,-1
1655,52,880.10,792.35,160.60,121.12,1,-1,-1,-1
1656,52,890.60,790.23,170.13,129.43,1,-1,-1,-1
1657,52,910.49,793.36,171.74,130.88,1,-1,-1,-1
1658,52,926.00,794.19,177.74,135.65,1,-1,-1,-1
1659,52,937.35,793.88,191.81,145.86,1,-1,-1,-1
1660,52,955.99,798.22,198.85,150.80,1,-1,-1,-1
1661,52,979.64,803.55,206.03,155.75,1,-1,-1,-1
1662,52,998.65,807.03,221.39,167.62,1,-1,-1,-1
1663,52,1027.73,813.07,229.65,172.03,1,-1,-1,-1
1664,52,1052.42,810.71,248.34,185.12,1,-1,-1,-1
1665,52,1085.13,810.77,262.88,193.92,1,-1,-1,-1
1666,52,1122.71,812.11,288.32,210.85,1,-1,-1,-1
1667,52,1158.37,814.38,318.41,230.00,1,-1,-1,-1
1668,52,1201.18,817.95,352.19,251.92,1,-1,-1,-1
1669,52,1249.85,820.14,385.81,271.88,1,-1,-1,-1
1670,52,1302.45,822.21,429.63,296.94,1,-1,-1,-1
1671,52,1380.69,826.26,481.23,326.31,1,-1,-1,-1
1672,52,1455.75,833.25,551.87,367.44,1,-1,-1,-1
1673,52,1552.04,840.84,630.09,411.56,1,-1,-1,-1
1674,52,1587.65,843.23,653.16,426.63,1,-1,-1,-1
1677,53,2037.93,887.64,702.65,577.02,1,-1,-1,-1
1678,53,2094.81,894.41,715.84,587.86,1,-1,-1,-1
1780,55,582.08,792.86,102.72,66.75,1,-1,-1,-1
1781,55,596.00,794.75,93.33,60.92,1,-1,-1,-1
1782,55,606.57,794.02,90.94,59.64,1,-1,-1,-1
1783,55,614.60,795.94,88.07,57.98,1,-1,-1,-1
1784,55,622.45,796.89,88.70,58.80,1,-1,-1,-1
1785,55,626.42,794.55,95.38,64.23,1,-1,-1,-1
1786,55,629.52,795.08,93.89,64.38,1,-1,-1,-1
1787,55,640.95,793.21,94.04,65.41,1,-1,-1,-1
1788,55,647.58,793.29,94.43,65.68,1,-1,-1,-1
1793,56,721.21,785.77,81.93,76.31,1,-1,-1,-1
1794,56,729.37,787.23,84.57,78.65,1,-1,-1,-1
1795,56,733.94,784.06,88.47,81.92,1,-1,-1,-1
1796,56,739.31,782.20,94.11,86.62,1,-1,-1,-1
1797,56,744.44,783.73,97.73,89.22,1,-1,-1,-1
1798,56,752.50,786.00,103.66,93.42,1,-1,-1,-1
1799,56,761.40,786.60,107.33,95.68,1,-1,-1,-1
1800,56,774.19,788.67,108.96,96.17,1,-1,-1,-1
1801,56,785.92,790.45,110.63,96.63,1,-1,-1,-1
1802,56,796.03,789.72,115.57,100.19,1,-1,-1,-1
1803,56,804.73,788.64,122.38,105.60,1,-1,-1,-1
1804,56,819.76,792.29,125.05,107.16,1,-1,-1,-1
1805,56,828.45,790.57,134.13,114.22,1,-1,-1,-1
1806,56,839.12,789.81,142.31,121.24,1,-1,-1,-1
1807,56,853.40,790.42,147.19,125.14,1,-1,-1,-1
1808,56,863.95,789.17,156.99,133.31,1,-1,-1,-1
1809,56,881.38,791.41,159.98,135.38,1,-1,-1,-1
1810,56,893.06,793.88,167.59,141.64,1,-1,-1,-1
1811,56,909.80,798.92,176.78,148.65,1,-1,-1,-1
1812,56,929.19,799.29,190.06,159.38,1,-1,-1,-1
1813,56,943.64,799.51,201.05,167.72,1,-1,-1,-1
1814,56,960.88,804.65,214.19,178.21,1,-1,-1,-1
1815,56,982.47,806.20,226.61,187.79,1,-1,-1,-1
1816,56,1005.72,807.76,244.16,200.75,1,-1,-1,-1
1817,56,1033.74,803.84,261.89,214.12,1,-1,-1,-1
1818,56,1059.84,808.57,277.17,224.34,1,-1,-1,-1
1819,56,1097.73,811.34,306.87,245.86,1,-1,-1,-1
1820,56,1134.09,809.44,344.19,275.04,1,-1,-1,-1
1821,56,1180.97,815.28,374.75,296.94,1,-1,-1,-1
1822,56,1230.47,817.15,418.69,328.45,1,-1,-1,-1
1823,56,1277.16,815.31,477.89,372.57,1,-1,-1,-1
1824,56,1351.77,821.32,528.89,406.69,1,-1,-1,-1
1825,56,1436.68,828.11,605.09,459.42,1,-1,-1,-1
1826,56,1546.64,834.70,692.06,517.44,1,-1,-1,-1
1827,56,1644.11,838.88,799.99,598.41,1,-1,-1,-1
1828,56,1682.05,841.02,829.76,620.68,1,-1,-1,-1
2128,58,2140.69,574.41,352.95,395.87,1,-1,-1,-1
2129,58,2102.24,583.66,351.26,383.56,1,-1,-1,-1
2130,58,2060.71,599.20,333.49,346.86,1,-1,-1,-1
2131,58,1985.26,607.05,335.30,331.25,1,-1,-1,-1
2132,58,1911.10,613.93,335.03,315.82,1,-1,-1,-1
2133,58,1837.63,624.20,327.83,295.14,1,-1,-1,-1
2134,58,1772.53,629.95,314.00,269.98,1,-1,-1,-1
2135,58,1701.96,627.99,312.62,259.38,1,-1,-1,-1
2136,58,1646.32,630.76,310.23,250.02,1,-1,-1,-1
2137,58,1592.74,642.83,298.29,233.03,1,-1,-1,-1
2138,58,1543.95,648.20,292.64,222.78,1,-1,-1,-1
2139,58,1509.25,657.24,277.82,205.68,1,-1,-1,-1
2140,58,1467.98,660.07,268.85,194.27,1,-1,-1,-1
2141,58,1427.61,662.38,269.46,191.75,1,-1,-1,-1
2142,58,1396.28,669.82,256.23,178.48,1,-1,-1,-1
2143,58,1376.06,673.44,248.70,170.86,1,-1,-1,-1
2144,58,1342.70,672.20,241.78,164.61,1,-1,-1,-1
2145,58,1313.59,673.61,241.18,164.15,1,-1,-1,-1
2146,58,1292.81,680.18,226.93,153.98,1,-1,-1,-1
2147,58,1263.36,680.12,224.10,151.62,1,-1,-1,-1
2148,58,1238.45,682.27,222.18,150.78,1,-1,-1,-1
2149,58,1219.02,684.28,214.52,145.83,1,-1,-1,-1
2150,58,1194.92,685.89,209.41,142.23,1,-1,-1,-1
2151,58,1173.46,685.38,208.47,142.47,1,-1,-1,-1
2152,58,1158.22,685.73,203.96,140.30,1,-1,-1,-1
2153,58,1138.37,683.98,204.07,142.18,1,-1,-1,-1
2154,58,1124.66,687.39,194.59,137.25,1,-1,-1,-1
2155,58,1108.02,687.02,192.65,137.59,1,-1,-1,-1
2156,58,1095.63,688.35,181.64,130.74,1,-1,-1,-1
2157,58,1081.12,689.62,177.25,128.62,1,-1,-1,-1
2158,58,1069.48,694.31,170.11,123.34,1,-1,-1,-1
2159,58,1055.44,696.06,163.65,119.64,1,-1,-1,-1
2160,58,1042.91,699.38,156.00,114.12,1,-1,-1,-1
2161,58,1030.33,703.21,149.12,108.84,1,-1,-1,-1
2162,58,1017.77,705.29,146.69,107.33,1,-1,-1,-1
2163,58,998.89,706.56,146.41,106.74,1,-1,-1,-1
2164,58,985.89,706.73,144.76,105.79,1,-1,-1,-1
2165,58,976.59,709.29,139.74,102.09,1,-1,-1,-1
2166,58,968.30,711.41,136.00,99.74,1,-1,-1,-1
2167,58,957.87,712.41,133.59,98.50,1,-1,-1,-1
2168,58,947.00,714.72,130.20,95.80,1,-1,-1,-1
2169,58,936.41,716.55,127.68,93.88,1,-1,-1,-1
2170,58,924.55,716.36,128.28,94.78,1,-1,-1,-1
2171,58,917.48,720.84,118.77,87.84,1,-1,-1,-1
2172,58,904.47,722.25,117.38,87.60,1,-1,-1,-1
2173,58,890.26,721.07,121.21,90.77,1,-1,-1,-1
2174,58,881.74,720.76,123.50,92.34,1,-1,-1,-1
2175,58,871.22,723.12,116.23,87.02,1,-1,-1,-1
2176,58,864.92,725.99,111.44,83.00,1,-1,-1,-1
2177,58,856.27,730.87,108.79,80.42,1,-1,-1,-1
2178,58,846.02,734.75,105.81,78.35,1,-1,-1,-1
2179,58,833.25,735.39,104.85,78.22,1,-1,-1,-1
2180,58,823.26,738.74,101.41,75.21,1,-1,-1,-1
2181,58,815.64,742.50,97.90,72.19,1,-1,-1,-1
2182,58,802.60,744.82,97.68,71.57,1,-1,-1,-1
2183,58,793.83,747.09,96.80,70.37,1,-1,-1,-1
2184,58,779.97,747.76,99.54,71.89,1,-1,-1,-1
2185,58,772.36,742.17,100.76,72.94,1,-1,-1,-1
2186,58,763.48,744.78,100.38,72.42,1,-1,-1,-1
2187,58,758.77,747.46,97.13,69.91,1,-1,-1,-1
2188,58,749.17,748.97,95.46,68.71,1,-1,-1,-1
2189,58,739.43,751.54,92.59,66.74,1,-1,-1,-1
2190,58,730.95,751.30,93.03,67.19,1,-1,-1,-1
2191,58,721.45,752.71,91.53,66.11,1,-1,-1,-1
2254,61,578.60,808.41,94.67,55.05,1,-1,-1,-1
2255,61,583.57,809.45,94.50,55.05,1,-1,-1,-1
2256,61,585.27,807.44,98.26,57.37,1,-1,-1,-1
2257,61,598.37,810.55,89.78,52.83,1,-1,-1,-1
2258,61,607.17,811.60,85.67,50.65,1,-1,-1,-1
2259,61,614.51,810.90,86.67,51.82,1,-1,-1,-1
2260,61,620.02,809.81,88.78,53.78,1,-1,-1,-1
2261,61,625.56,810.00,89.05,53.94,1,-1,-1,-1
2270,62,727.08,802.52,86.37,73.60,1,-1,-1,-1
2271,62,735.48,805.70,88.53,75.22,1,-1,-1,-1
2272,62,741.34,805.65,94.75,80.35,1,-1,-1,-1
2273,62,746.25,804.05,99.60,84.34,1,-1,-1,-1
2274,62,758.77,807.33,100.63,84.97,1,-1,-1,-1
2275,62,771.26,809.33,101.60,85.69,1,-1,-1,-1
2276,62,785.89,809.05,110.75,92.36,1,-1,-1,-1
2277,62,793.46,810.47,115.03,95.24,1,-1,-1,-1
2278,62,801.76,813.68,118.21,97.37,1,-1,-1,-1
2279,62,814.08,815.17,119.77,98.37,1,-1,-1,-1
2280,62,825.14,818.16,122.86,100.64,1,-1,-1,-1
2281,62,836.73,819.38,130.86,107.20,1,-1,-1,-1
2282,62,849.75,822.16,137.40,112.54,1,-1,-1,-1
2283,62,862.90,824.42,141.61,116.03,1,-1,-1,-1
2284,62,874.24,822.86,151.58,124.30,1,-1,-1,-1
2285,62,886.62,826.05,159.74,130.87,1,-1,-1,-1
2286,62,895.26,824.01,174.09,142.85,1,-1,-1,-1
2287,62,916.14,829.26,181.55,149.66,1,-1,-1,-1
2288,62,945.00,838.93,189.44,155.51,1,-1,-1,-1
2289,62,961.47,842.34,201.03,164.44,1,-1,-1,-1
2290,62,982.10,845.68,210.93,172.20,1,-1,-1,-1
2291,62,1009.30,850.46,227.76,184.41,1,-1,-1,-1
2292,62,1034.26,856.47,242.95,195.56,1,-1,-1,-1
2293,62,1062.82,854.57,261.78,209.94,1,-1,-1,-1
2294,62,1096.86,860.77,279.25,223.13,1,-1,-1,-1
2295,62,1129.66,870.56,304.77,241.87,1,-1,-1,-1
2296,62,1165.44,872.13,341.82,270.15,1,-1,-1,-1
2297,62,1215.17,879.01,380.17,298.71,1,-1,-1,-1
2298,62,1279.28,886.42,421.50,325.95,1,-1,-1,-1
2299,62,1357.09,900.31,480.12,367.11,1,-1,-1,-1
2300,62,1442.49,912.54,551.18,415.73,1,-1,-1,-1
2301,62,1560.37,928.29,639.15,473.77,1,-1,-1,-1
2302,62,1596.33,933.64,662.96,491.41,1,-1,-1,-1
2366,66,582.25,795.94,84.50,62.71,1,-1,-1,-1
2367,66,588.34,795.57,85.48,63.23,1,-1,-1,-1
2368,66,595.16,796.19,84.07,62.00,1,-1,-1,-1
2368,67,1516.95,685.08,402.05,194.03,1,-1,-1,-1
2369,66,606.95,797.96,77.44,56.82,1,-1,-1,-1
2369,67,1451.35,687.00,377.86,183.01,1,-1,-1,-1
2370,66,614.74,798.92,75.11,54.77,1,-1,-1,-1
2370,67,1396.43,695.56,343.22,167.20,1,-1,-1,-1
2371,66,621.97,800.95,74.54,54.12,1,-1,-1,-1
2371,67,1348.53,700.61,322.91,158.38,1,-1,-1,-1
2372,66,629.03,802.06,75.19,54.57,1,-1,-1,-1
2372,67,1312.37,705.86,298.91,147.72,1,-1,-1,-1
2373,66,632.03,799.46,79.99,58.37,1,-1,-1,-1
2373,67,1271.38,705.73,290.11,145.41,1,-1,-1,-1
2374,66,635.43,798.71,80.64,59.33,1,-1,-1,-1
2374,67,1239.51,710.09,273.53,138.42,1,-1,-1,-1
2375,66,638.22,798.91,79.42,58.92,1,-1,-1,-1
2375,67,1207.00,707.37,260.24,133.86,1,-1,-1,-1
2376,66,650.33,797.88,80.14,60.17,1,-1,-1,-1
2376,67,1178.79,709.49,246.07,128.65,1,-1,-1,-1
2377,66,656.95,798.10,80.11,60.15,1,-1,-1,-1
2377,67,1156.61,709.65,233.83,124.02,1,-1,-1,-1
2378,67,1137.66,713.75,216.69,116.62,1,-1,-1,-1
2379,67,1120.98,716.54,204.22,111.90,1,-1,-1,-1
2380,67,1107.54,717.88,189.92,105.96,1,-1,-1,-1
2381,67,1089.96,719.89,179.96,101.74,1,-1,-1,-1
2382,66,698.92,786.72,99.30,76.00,1,-1,-1,-1
2382,67,1074.76,721.90,168.75,96.69,1,-1,-1,-1
2383,66,714.50,789.46,95.84,74.94,1,-1,-1,-1
2383,67,1057.05,723.14,164.03,95.13,1,-1,-1,-1
2384,66,722.63,788.92,98.52,78.25,1,-1,-1,-1
2384,67,1042.96,723.88,156.80,91.86,1,-1,-1,-1
2385,66,728.63,785.93,102.98,82.60,1,-1,-1,-1
2385,67,1029.99,726.33,150.02,88.87,1,-1,-1,-1
2386,66,735.52,785.61,103.80,83.52,1,-1,-1,-1
2386,67,1014.90,725.89,145.29,86.80,1,-1,-1,-1
2387,66,740.76,786.07,105.50,84.58,1,-1,-1,-1
2387,67,998.91,728.37,141.07,84.63,1,-1,-1,-1
2388,66,748.32,788.83,107.78,85.79,1,-1,-1,-1
2388,67,984.32,728.04,137.80,83.06,1,-1,-1,-1
2389,66,755.37,789.37,111.49,89.01,1,-1,-1,-1
2389,67,974.85,726.61,135.83,82.61,1,-1,-1,-1
2390,66,763.61,790.00,116.25,92.08,1,-1,-1,-1
2390,67,963.83,728.13,132.27,80.90,1,-1,-1,-1
2391,66,773.10,788.20,120.65,95.77,1,-1,-1,-1
2391,67,951.28,729.65,126.05,77.43,1,-1,-1,-1
2392,66,785.64,790.84,120.18,94.80,1,-1,-1,-1
2392,67,942.40,731.59,121.10,74.98,1,-1,-1,-1
2393,66,794.28,791.30,122.44,96.17,1,-1,-1,-1
2393,67,929.49,733.83,120.54,74.89,1,-1,-1,-1
2394,66,802.72,786.11,133.09,104.97,1,-1,-1,-1
2394,67,918.12,735.18,116.31,73.10,1,-1,-1,-1
2395,66,809.92,783.69,137.89,109.63,1,-1,-1,-1
2395,67,907.98,734.36,114.69,72.94,1,-1,-1,-1
2396,66,818.47,777.64,146.31,117.10,1,-1,-1,-1
2396,67,893.73,736.52,113.17,72.44,1,-1,-1,-1
2397,66,832.20,783.90,144.49,115.51,1,-1,-1,-1
2397,67,883.87,736.62,109.93,70.92,1,-1,-1,-1
2398,66,844.41,786.78,149.22,119.65,1,-1,-1,-1
2398,67,880.86,738.47,102.22,66.57,1,-1,-1,-1
2399,66,855.99,786.51,155.11,125.30,1,-1,-1,-1
2399,67,868.09,739.65,98.84,64.37,1,-1,-1,-1
2400,66,864.28,785.60,161.12,130.52,1,-1,-1,-1
2401,66,876.03,790.55,159.66,129.47,1,-1,-1,-1
2402,66,892.19,797.10,159.16,128.68,1,-1,-1,-1
2402,67,828.42,753.35,95.58,62.25,1,-1,-1,-1
2403,66,898.38,794.32,171.77,139.85,1,-1,-1,-1
2403,67,819.98,755.94,92.70,59.84,1,-1,-1,-1
2404,66,914.39,797.36,174.41,142.06,1,-1,-1,-1
2404,67,809.63,755.80,90.71,58.67,1,-1,-1,-1
2405,66,929.89,799.86,182.02,147.48,1,-1,-1,-1
2405,67,799.43,753.66,91.41,59.31,1,-1,-1,-1
2406,66,940.00,801.65,191.95,154.30,1,-1,-1,-1
2406,67,783.95,753.56,95.40,62.05,1,-1,-1,-1
2407,66,952.76,806.31,199.63,159.69,1,-1,-1,-1
2407,67,774.99,753.55,94.84,61.53,1,-1,-1,-1
2408,66,969.64,810.56,209.25,166.52,1,-1,-1,-1
2408,67,767.13,753.78,92.20,59.75,1,-1,-1,-1
2409,66,986.96,814.03,217.35,172.56,1,-1,-1,-1
2409,67,761.83,755.32,89.14,57.76,1,-1,-1,-1
2410,66,1002.14,811.35,233.42,184.95,1,-1,-1,-1
2410,67,758.49,756.64,86.61,56.19,1,-1,-1,-1
2411,66,1024.15,814.47,245.28,193.24,1,-1,-1,-1
2411,67,747.17,760.28,86.45,55.81,1,-1,-1,-1
2412,66,1047.57,816.49,260.17,204.29,1,-1,-1,-1
2412,67,739.59,761.66,86.20,55.06,1,-1,-1,-1
2413,66,1071.15,825.03,276.57,216.07,1,-1,-1,-1
2413,67,731.60,762.03,82.79,52.46,1,-1,-1,-1
2414,66,1098.58,827.47,294.57,229.09,1,-1,-1,-1
2414,67,728.63,764.41,77.71,49.25,1,-1,-1,-1
2415,66,1125.50,829.96,325.15,251.59,1,-1,-1,-1
2415,67,725.40,764.55,75.28,47.70,1,-1,-1,-1
