220,1,579.89,804.98,61.16,53.59,1,-1,-1,-1
221,1,585.91,806.65,61.38,53.61,1,-1,-1,-1
222,1,590.97,808.95,61.21,53.13,1,-1,-1,-1
223,1,596.79,811.74,60.30,51.76,1,-1,-1,-1
224,1,601.31,813.26,60.11,51.59,1,-1,-1,-1
227,2,618.59,810.48,81.43,53.39,1,-1,-1,-1
228,2,626.52,810.33,82.49,54.29,1,-1,-1,-1
229,2,634.13,810.48,83.40,55.22,1,-1,-1,-1
230,2,640.57,811.32,82.55,55.08,1,-1,-1,-1
231,2,645.40,812.76,80.17,54.09,1,-1,-1,-1
232,2,653.41,812.34,85.49,58.11,1,-1,-1,-1
233,2,662.62,814.59,85.51,58.43,1,-1,-1,-1
234,2,674.03,817.30,83.78,57.16,1,-1,-1,-1
235,2,701.34,817.69,80.64,55.66,1,-1,-1,-1
236,2,712.38,815.79,84.74,58.70,1,-1,-1,-1
237,2,719.90,814.07,89.58,62.32,1,-1,-1,-1
238,2,725.60,812.82,95.02,66.38,1,-1,-1,-1
239,2,730.24,812.87,97.72,68.01,1,-1,-1,-1
240,2,744.04,814.26,103.28,71.78,1,-1,-1,-1
241,2,753.90,814.53,106.99,73.94,1,-1,-1,-1
242,2,763.10,814.08,110.17,75.69,1,-1,-1,-1
243,2,773.04,814.30,108.94,74.58,1,-1,-1,-1
244,2,787.86,815.62,114.75,78.00,1,-1,-1,-1
245,2,798.29,815.20,122.24,83.21,1,-1,-1,-1
246,2,807.51,818.37,130.35,89.47,1,-1,-1,-1
247,2,821.39,817.26,144.74,100.11,1,-1,-1,-1
248,2,832.46,816.48,154.89,108.17,1,-1,-1,-1
249,2,843.09,816.81,162.04,113.95,1,-1,-1,-1
250,2,863.81,819.12,163.95,115.47,1,-1,-1,-1
251,2,879.58,821.58,167.16,117.80,1,-1,-1,-1
252,2,902.68,821.75,175.44,123.16,1,-1,-1,-1
253,2,917.99,823.32,182.57,127.58,1,-1,-1,-1
254,2,942.09,824.57,196.95,136.79,1,-1,-1,-1
255,2,957.22,826.38,206.72,143.89,1,-1,-1,-1
256,2,986.14,828.60,216.30,150.01,1,-1,-1,-1
257,2,1025.81,840.00,223.21,154.05,1,-1,-1,-1
258,2,1044.90,843.81,233.35,161.60,1,-1,-1,-1
259,2,1073.87,837.44,279.06,191.43,1,-1,-1,-1
260,2,1120.20,831.66,322.18,217.92,1,-1,-1,-1
261,2,1152.98,846.72,340.76,227.82,1,-1,-1,-1
262,2,1208.24,852.07,379.39,248.78,1,-1,-1,-1
263,2,1241.70,867.68,394.72,249.35,1,-1,-1,-1
264,2,1317.95,847.02,529.88,335.07,1,-1,-1,-1
265,2,1350.81,834.62,600.82,376.37,1,-1,-1,-1
266,2,1461.71,862.85,671.99,422.53,1,-1,-1,-1
267,2,1602.11,885.67,768.29,487.69,1,-1,-1,-1
268,2,1751.28,925.21,796.52,515.11,1,-1,-1,-1
269,2,1792.79,929.58,825.97,534.15,1,-1,-1,-1
732,5,2017.71,670.71,418.85,249.09,1,-1,-1,-1
733,5,1931.83,677.82,389.54,225.19,1,-1,-1,-1
734,5,1758.52,677.12,384.86,221.14,1,-1,-1,-1
735,5,1652.06,685.02,361.87,206.20,1,-1,-1,-1
735,6,551.26,784.51,67.14,65.02,1,-1,-1,-1
736,5,1560.72,690.59,346.60,195.59,1,-1,-1,-1
736,6,550.16,782.77,70.49,67.80,1,-1,-1,-1
737,5,1528.38,697.05,327.25,182.77,1,-1,-1,-1
737,6,549.04,781.90,73.18,69.85,1,-1,-1,-1
738,5,1464.39,705.38,276.79,154.92,1,-1,-1,-1
738,6,565.47,789.19,64.06,60.44,1,-1,-1,-1
739,5,1447.58,707.30,255.05,142.73,1,-1,-1,-1
739,6,575.36,792.89,59.54,55.45,1,-1,-1,-1
740,5,1377.13,706.57,252.60,141.97,1,-1,-1,-1
740,6,581.75,794.82,57.93,53.11,1,-1,-1,-1
741,5,1324.29,705.24,250.99,142.40,1,-1,-1,-1
741,6,587.01,795.93,56.80,51.10,1,-1,-1,-1
742,5,1305.64,705.86,241.59,137.70,1,-1,-1,-1
742,6,590.60,796.20,57.88,51.04,1,-1,-1,-1
743,5,1271.44,707.62,235.28,135.24,1,-1,-1,-1
743,6,593.94,795.93,59.11,51.14,1,-1,-1,-1
744,5,1236.20,711.41,222.11,128.65,1,-1,-1,-1
744,6,596.87,795.56,61.29,52.03,1,-1,-1,-1
745,5,1201.53,715.96,207.22,120.57,1,-1,-1,-1
745,6,599.53,795.43,62.86,52.40,1,-1,-1,-1
746,5,1184.79,717.31,197.95,115.90,1,-1,-1,-1
746,6,611.58,793.85,67.13,54.68,1,-1,-1,-1
746,7,546.39,780.29,54.32,34.56,1,-1,-1,-1
747,5,1154.06,717.20,195.04,115.56,1,-1,-1,-1
747,6,617.32,793.26,71.16,57.01,1,-1,-1,-1
747,7,547.46,780.41,52.62,33.46,1,-1,-1,-1
748,5,1121.14,719.25,188.93,112.61,1,-1,-1,-1
748,6,622.05,793.32,74.16,58.71,1,-1,-1,-1
748,7,548.06,780.50,51.72,32.86,1,-1,-1,-1
749,5,1104.57,719.45,181.88,109.86,1,-1,-1,-1
749,6,626.72,792.65,77.42,60.99,1,-1,-1,-1
749,7,547.61,780.30,51.32,32.65,1,-1,-1,-1
750,5,1076.56,720.87,176.59,107.70,1,-1,-1,-1
750,6,630.70,791.43,80.97,63.93,1,-1,-1,-1
750,7,546.79,779.78,51.57,32.95,1,-1,-1,-1
751,5,1061.62,722.30,169.57,104.80,1,-1,-1,-1
751,6,634.46,790.37,83.53,66.65,1,-1,-1,-1
751,7,545.75,779.24,52.34,33.69,1,-1,-1,-1
752,5,1036.54,723.26,165.07,102.73,1,-1,-1,-1
752,6,637.79,789.61,84.93,68.72,1,-1,-1,-1
752,7,545.00,778.53,53.73,34.92,1,-1,-1,-1
753,5,1021.30,723.65,161.88,102.22,1,-1,-1,-1
753,6,650.15,786.77,86.25,68.79,1,-1,-1,-1
753,7,544.46,778.10,54.51,35.79,1,-1,-1,-1
754,5,1009.52,725.21,156.01,99.76,1,-1,-1,-1
754,6,657.81,786.37,86.48,67.51,1,-1,-1,-1
754,7,544.11,777.81,54.70,35.92,1,-1,-1,-1
755,5,988.63,725.91,153.94,99.50,1,-1,-1,-1
755,6,664.18,786.32,87.53,67.09,1,-1,-1,-1
756,5,973.11,726.46,153.39,100.38,1,-1,-1,-1
756,6,669.71,785.71,90.78,68.72,1,-1,-1,-1
757,5,974.92,735.38,126.95,83.51,1,-1,-1,-1
757,6,672.55,783.27,97.73,73.77,1,-1,-1,-1
758,5,955.05,739.87,119.20,78.22,1,-1,-1,-1
758,6,700.82,787.04,88.12,67.93,1,-1,-1,-1
759,5,941.48,741.69,115.68,74.70,1,-1,-1,-1
759,6,712.39,785.89,87.98,68.68,1,-1,-1,-1
760,5,933.76,743.59,110.02,70.62,1,-1,-1,-1
760,6,719.42,785.06,89.71,70.40,1,-1,-1,-1
761,5,913.74,745.75,111.75,71.33,1,-1,-1,-1
761,6,725.06,785.03,91.79,71.61,1,-1,-1,-1
762,5,899.98,747.07,111.37,70.53,1,-1,-1,-1
762,6,728.97,784.97,95.43,73.22,1,-1,-1,-1
763,5,891.25,748.46,107.02,67.54,1,-1,-1,-1
763,6,731.17,784.73,98.85,74.59,1,-1,-1,-1
764,5,873.88,752.91,101.86,65.00,1,-1,-1,-1
764,6,744.46,784.59,102.08,76.86,1,-1,-1,-1
765,5,863.91,756.20,97.64,62.55,1,-1,-1,-1
765,6,751.04,783.34,107.57,81.12,1,-1,-1,-1
766,5,857.05,758.89,91.23,58.67,1,-1,-1,-1
766,6,755.24,780.70,113.53,85.87,1,-1,-1,-1
767,5,853.61,761.22,83.49,54.43,1,-1,-1,-1
767,6,759.16,772.46,128.44,96.87,1,-1,-1,-1
768,5,840.60,763.73,78.54,51.21,1,-1,-1,-1
768,6,770.38,767.49,135.63,102.25,1,-1,-1,-1
769,6,774.53,764.23,141.49,107.95,1,-1,-1,-1
769,8,2041.90,671.51,395.09,230.57,1,-1,-1,-1
770,6,778.31,762.64,145.36,112.34,1,-1,-1,-1
770,8,1887.84,680.73,354.89,202.54,1,-1,-1,-1
771,6,782.94,762.35,148.74,115.95,1,-1,-1,-1
771,8,1770.95,682.01,347.58,192.75,1,-1,-1,-1
772,6,790.95,764.24,148.86,116.41,1,-1,-1,-1
772,8,1723.26,677.03,357.83,194.09,1,-1,-1,-1
773,6,799.82,767.18,147.38,114.89,1,-1,-1,-1
773,8,1652.25,679.98,344.70,183.70,1,-1,-1,-1
774,6,818.44,773.72,144.81,111.91,1,-1,-1,-1
774,8,1564.65,684.87,339.53,178.06,1,-1,-1,-1
775,6,830.45,777.63,143.63,109.71,1,-1,-1,-1
775,8,1526.57,688.89,332.17,170.67,1,-1,-1,-1
775,9,743.35,768.72,78.49,49.15,1,-1,-1,-1
776,6,839.85,778.78,145.53,109.49,1,-1,-1,-1
776,8,1494.90,697.82,287.66,146.51,1,-1,-1,-1
776,9,734.28,769.56,77.39,48.41,1,-1,-1,-1
777,6,847.55,778.96,150.23,111.18,1,-1,-1,-1
777,8,1420.13,699.36,272.77,139.91,1,-1,-1,-1
777,9,728.36,770.24,75.65,47.39,1,-1,-1,-1
778,6,859.77,783.90,155.94,113.49,1,-1,-1,-1
778,8,1365.70,700.03,266.61,137.58,1,-1,-1,-1
778,9,722.77,770.03,74.29,46.89,1,-1,-1,-1
779,6,864.93,784.12,162.90,117.37,1,-1,-1,-1
779,8,1320.38,701.62,259.90,135.35,1,-1,-1,-1
779,9,716.66,768.71,74.50,47.73,1,-1,-1,-1
780,6,871.07,783.10,170.60,122.30,1,-1,-1,-1
780,8,1302.60,701.57,253.66,133.94,1,-1,-1,-1
780,9,709.47,768.83,73.70,47.22,1,-1,-1,-1
781,6,877.15,781.06,179.61,128.70,1,-1,-1,-1
781,8,1270.53,704.19,241.01,128.59,1,-1,-1,-1
782,6,881.74,779.14,189.93,136.72,1,-1,-1,-1
782,8,1233.51,706.76,230.27,123.83,1,-1,-1,-1
782,10,1543.22,516.19,36.22,39.76,1,-1,-1,-1
783,6,888.84,778.38,201.67,145.33,1,-1,-1,-1
783,8,1197.56,709.99,219.54,119.27,1,-1,-1,-1
783,10,1543.15,516.15,36.46,39.97,1,-1,-1,-1
784,6,895.00,778.59,209.37,150.77,1,-1,-1,-1
784,8,1181.24,711.94,209.03,114.67,1,-1,-1,-1
784,10,1543.21,515.86,36.75,40.24,1,-1,-1,-1
785,6,902.83,778.92,214.09,154.08,1,-1,-1,-1
785,8,1150.34,713.27,202.78,112.58,1,-1,-1,-1
785,10,1543.36,516.06,36.63,40.02,1,-1,-1,-1
786,6,909.03,784.13,223.52,161.32,1,-1,-1,-1
786,8,1137.75,717.20,188.23,105.19,1,-1,-1,-1
786,10,1543.45,516.11,36.55,39.94,1,-1,-1,-1
786,11,655.95,777.76,47.24,47.41,1,-1,-1,-1
787,6,913.75,786.76,229.65,166.34,1,-1,-1,-1
787,8,1108.02,718.49,184.04,103.96,1,-1,-1,-1
787,11,651.77,778.01,47.82,47.48,1,-1,-1,-1
787,12,548.21,780.13,45.70,33.51,1,-1,-1,-1
788,6,928.51,789.75,234.70,169.08,1,-1,-1,-1
788,8,1077.71,722.32,175.23,99.67,1,-1,-1,-1
788,9,634.47,779.60,71.61,46.49,1,-1,-1,-1
788,11,649.26,777.74,48.28,47.94,1,-1,-1,-1
788,12,549.47,780.42,44.44,32.53,1,-1,-1,-1
789,6,939.46,791.32,240.14,172.00,1,-1,-1,-1
789,8,1061.99,722.85,168.63,97.01,1,-1,-1,-1
789,9,629.72,781.92,68.84,44.57,1,-1,-1,-1
789,12,550.06,780.55,44.37,32.34,1,-1,-1,-1
790,6,948.93,794.45,243.72,174.08,1,-1,-1,-1
790,8,1072.00,733.44,131.69,77.49,1,-1,-1,-1
790,9,625.46,784.03,66.25,42.27,1,-1,-1,-1
790,12,550.94,781.04,44.91,32.48,1,-1,-1,-1
791,6,966.98,798.45,254.86,181.52,1,-1,-1,-1
791,8,1033.48,729.19,142.07,83.38,1,-1,-1,-1
791,9,621.74,785.92,62.75,39.03,1,-1,-1,-1
791,12,551.56,781.52,45.62,32.67,1,-1,-1,-1
792,6,972.26,795.34,282.71,202.00,1,-1,-1,-1
792,8,999.79,730.09,144.79,84.39,1,-1,-1,-1
792,9,603.51,787.07,60.72,36.71,1,-1,-1,-1
792,12,552.06,782.11,45.59,32.26,1,-1,-1,-1
793,6,986.29,797.45,295.63,211.62,1,-1,-1,-1
793,8,977.66,729.67,150.36,88.31,1,-1,-1,-1
793,9,595.20,787.58,60.82,35.79,1,-1,-1,-1
793,12,552.55,782.71,45.78,31.92,1,-1,-1,-1
794,6,1002.87,802.12,302.11,216.21,1,-1,-1,-1
794,8,960.74,730.58,152.76,90.33,1,-1,-1,-1
794,9,589.25,788.05,60.84,35.02,1,-1,-1,-1
794,12,553.38,783.10,45.41,31.66,1,-1,-1,-1
795,6,1024.76,799.79,321.10,228.91,1,-1,-1,-1
795,8,937.04,730.19,156.23,93.82,1,-1,-1,-1
795,9,582.48,788.16,61.51,34.77,1,-1,-1,-1
796,6,1035.85,797.43,340.75,242.44,1,-1,-1,-1
796,8,919.93,730.57,156.60,95.28,1,-1,-1,-1
796,9,574.94,788.13,62.92,34.96,1,-1,-1,-1
797,6,1049.15,795.17,364.07,258.04,1,-1,-1,-1
797,8,905.80,741.29,133.03,81.71,1,-1,-1,-1
797,9,567.57,787.39,65.54,35.97,1,-1,-1,-1
798,6,1061.46,791.50,386.59,273.61,1,-1,-1,-1
798,8,895.46,744.27,126.87,77.49,1,-1,-1,-1
798,9,550.40,783.69,71.38,38.79,1,-1,-1,-1
799,6,1091.86,786.68,416.71,295.45,1,-1,-1,-1
799,8,886.50,746.15,120.76,73.33,1,-1,-1,-1
799,9,542.00,781.86,76.50,41.74,1,-1,-1,-1
800,6,1112.82,784.14,442.78,314.23,1,-1,-1,-1
800,8,886.09,745.68,113.36,69.75,1,-1,-1,-1
800,9,537.42,780.96,79.44,43.94,1,-1,-1,-1
801,6,1150.71,783.57,463.04,326.74,1,-1,-1,-1
801,8,860.56,750.64,114.07,69.93,1,-1,-1,-1
801,9,529.17,780.74,80.17,44.34,1,-1,-1,-1
801,12,546.15,781.57,63.49,44.06,1,-1,-1,-1
802,6,1171.40,792.37,491.29,344.32,1,-1,-1,-1
802,8,847.21,754.45,109.16,66.71,1,-1,-1,-1
802,12,544.83,781.39,64.47,44.97,1,-1,-1,-1
803,6,1187.37,788.53,569.09,403.96,1,-1,-1,-1
803,8,842.16,758.10,99.19,60.76,1,-1,-1,-1
803,12,543.83,781.40,64.22,45.26,1,-1,-1,-1
804,6,1222.10,789.51,602.39,430.73,1,-1,-1,-1
804,8,822.66,760.73,96.04,59.05,1,-1,-1,-1
804,12,542.83,780.97,63.56,45.40,1,-1,-1,-1
805,6,1275.85,785.69,636.62,453.88,1,-1,-1,-1
805,8,809.97,762.21,93.34,57.27,1,-1,-1,-1
805,12,541.80,780.73,62.00,44.82,1,-1,-1,-1
806,6,1329.58,791.93,659.82,466.09,1,-1,-1,-1
806,8,802.08,763.82,88.25,54.19,1,-1,-1,-1
806,12,540.64,780.61,59.69,43.33,1,-1,-1,-1
807,6,1379.43,795.42,672.25,467.03,1,-1,-1,-1
807,8,783.78,767.99,85.47,52.04,1,-1,-1,-1
807,12,539.87,780.63,57.53,41.67,1,-1,-1,-1
808,6,1453.27,804.52,743.62,508.98,1,-1,-1,-1
808,8,773.88,770.57,84.15,51.10,1,-1,-1,-1
808,12,539.79,780.55,55.56,39.87,1,-1,-1,-1
809,6,1549.62,807.97,815.10,547.60,1,-1,-1,-1
809,8,767.54,773.01,79.02,47.80,1,-1,-1,-1
809,12,540.37,780.65,53.86,38.25,1,-1,-1,-1
809,14,2005.35,673.38,420.64,247.94,1,-1,-1,-1
810,6,1590.07,809.35,883.82,589.86,1,-1,-1,-1
810,8,763.14,774.72,73.59,43.96,1,-1,-1,-1
810,12,541.11,780.77,52.33,36.82,1,-1,-1,-1
810,14,1930.95,679.41,397.46,230.25,1,-1,-1,-1
811,6,1625.82,817.30,937.15,628.67,1,-1,-1,-1
811,8,741.85,776.07,73.22,42.91,1,-1,-1,-1
811,12,540.88,780.76,51.98,36.58,1,-1,-1,-1
811,14,1770.45,682.40,379.10,217.38,1,-1,-1,-1
812,6,1649.50,821.77,977.91,669.21,1,-1,-1,-1
812,8,731.65,776.32,74.42,43.09,1,-1,-1,-1
812,14,1656.30,683.10,366.94,208.75,1,-1,-1,-1
813,6,1714.36,834.02,963.46,677.63,1,-1,-1,-1
813,8,724.27,776.60,73.65,42.88,1,-1,-1,-1
813,14,1613.26,683.70,357.51,199.47,1,-1,-1,-1
814,6,1784.90,849.43,919.92,669.58,1,-1,-1,-1
814,8,718.24,776.46,71.71,42.33,1,-1,-1,-1
814,14,1549.04,689.12,330.42,181.72,1,-1,-1,-1
815,6,1850.61,856.92,859.43,647.77,1,-1,-1,-1
815,8,713.62,776.36,69.12,41.65,1,-1,-1,-1
815,14,1469.71,691.77,322.48,175.00,1,-1,-1,-1
816,6,1949.98,854.96,855.16,688.28,1,-1,-1,-1
816,8,703.19,777.62,66.66,40.16,1,-1,-1,-1
816,14,1412.02,698.66,280.60,153.19,1,-1,-1,-1
817,6,1991.22,858.31,877.74,706.46,1,-1,-1,-1
817,14,1396.82,700.24,264.64,144.59,1,-1,-1,-1
818,14,1332.04,703.10,253.23,138.10,1,-1,-1,-1
819,14,1308.11,704.27,248.76,135.93,1,-1,-1,-1
820,14,1272.18,706.18,240.66,132.16,1,-1,-1,-1
821,14,1232.12,708.42,236.57,130.82,1,-1,-1,-1
822,14,1196.58,712.29,222.58,124.14,1,-1,-1,-1
822,15,651.16,779.11,58.64,48.67,1,-1,-1,-1
822,16,1557.10,505.11,71.64,54.66,1,-1,-1,-1
823,14,1180.05,713.86,213.76,120.15,1,-1,-1,-1
823,15,646.41,778.93,59.11,48.77,1,-1,-1,-1
823,16,1555.56,505.29,73.16,55.82,1,-1,-1,-1
824,14,1150.27,715.62,205.01,116.24,1,-1,-1,-1
824,15,641.02,779.31,58.45,47.69,1,-1,-1,-1
825,14,1136.74,718.55,192.56,109.55,1,-1,-1,-1
825,15,636.83,781.07,56.45,45.26,1,-1,-1,-1
826,12,549.84,781.54,47.25,32.47,1,-1,-1,-1
826,14,1109.22,721.04,185.44,106.13,1,-1,-1,-1
826,15,633.00,783.18,53.84,42.10,1,-1,-1,-1
827,12,550.21,781.96,48.77,32.75,1,-1,-1,-1
827,14,1075.05,723.09,182.42,104.83,1,-1,-1,-1
827,15,629.13,785.19,51.19,38.84,1,-1,-1,-1
828,12,549.93,782.51,50.48,33.04,1,-1,-1,-1
828,14,1057.64,723.98,175.81,101.89,1,-1,-1,-1
828,15,608.57,786.27,50.50,36.69,1,-1,-1,-1
829,12,549.28,782.87,51.97,33.16,1,-1,-1,-1
829,14,1029.60,723.44,176.45,103.45,1,-1,-1,-1
829,15,600.06,786.89,51.71,36.07,1,-1,-1,-1
830,12,548.85,783.41,53.90,33.55,1,-1,-1,-1
830,14,1013.03,723.75,173.18,102.95,1,-1,-1,-1
830,15,594.36,787.47,52.45,35.34,1,-1,-1,-1
831,12,549.30,783.62,53.82,33.50,1,-1,-1,-1
831,14,1001.97,725.93,166.22,99.64,1,-1,-1,-1
831,15,588.01,787.93,53.21,34.83,1,-1,-1,-1
832,14,976.45,726.46,165.02,100.19,1,-1,-1,-1
832,15,579.17,787.29,56.10,35.87,1,-1,-1,-1
833,14,960.28,727.93,160.75,98.48,1,-1,-1,-1
833,15,556.16,783.20,63.60,39.42,1,-1,-1,-1
834,14,937.44,728.26,161.13,100.12,1,-1,-1,-1
834,15,546.09,780.83,70.03,42.45,1,-1,-1,-1
835,14,922.71,729.34,159.26,100.24,1,-1,-1,-1
835,15,540.94,779.55,74.56,44.72,1,-1,-1,-1
836,14,912.11,731.15,153.92,97.53,1,-1,-1,-1
836,15,538.09,779.38,76.22,45.71,1,-1,-1,-1
837,14,900.85,740.45,132.52,84.36,1,-1,-1,-1
837,15,536.39,779.62,76.49,46.17,1,-1,-1,-1
838,14,890.84,743.26,125.08,79.17,1,-1,-1,-1
838,15,535.32,779.91,75.43,46.12,1,-1,-1,-1
839,14,885.63,743.96,117.65,74.91,1,-1,-1,-1
839,15,534.55,780.19,73.37,45.45,1,-1,-1,-1
840,14,864.39,748.46,113.83,72.90,1,-1,-1,-1
840,15,533.55,780.40,71.85,45.09,1,-1,-1,-1
841,14,851.62,751.82,111.00,70.84,1,-1,-1,-1
841,15,532.77,780.27,70.56,44.90,1,-1,-1,-1
842,14,843.39,754.77,105.31,67.13,1,-1,-1,-1
842,15,532.69,780.25,69.10,44.59,1,-1,-1,-1
843,14,826.62,757.19,99.02,63.95,1,-1,-1,-1
843,15,533.72,780.06,66.21,43.37,1,-1,-1,-1
844,14,816.41,757.52,96.87,63.26,1,-1,-1,-1
844,15,535.17,780.02,62.76,41.57,1,-1,-1,-1
845,14,807.35,759.16,92.32,60.60,1,-1,-1,-1
845,15,537.00,779.67,59.52,39.83,1,-1,-1,-1
846,14,801.05,760.55,87.79,57.84,1,-1,-1,-1
846,15,538.62,779.44,56.62,38.15,1,-1,-1,-1
847,14,783.06,764.60,85.72,56.25,1,-1,-1,-1
847,15,539.58,779.46,54.18,36.65,1,-1,-1,-1
848,14,774.09,767.20,83.14,54.37,1,-1,-1,-1
848,15,537.58,779.30,53.19,35.98,1,-1,-1,-1
849,14,767.24,769.31,78.49,50.96,1,-1,-1,-1
850,14,761.74,770.93,74.60,47.94,1,-1,-1,-1
851,14,741.52,772.59,73.86,46.93,1,-1,-1,-1
852,14,730.44,773.14,75.94,47.71,1,-1,-1,-1
853,14,722.19,772.63,76.35,47.94,1,-1,-1,-1
854,14,715.06,771.23,75.82,47.96,1,-1,-1,-1
855,14,710.32,770.13,74.11,47.79,1,-1,-1,-1
856,14,699.89,771.02,72.12,46.51,1,-1,-1,-1
861,14,644.69,777.52,73.13,48.42,1,-1,-1,-1
862,14,638.79,777.11,74.03,49.96,1,-1,-1,-1
863,14,635.00,777.42,73.58,50.07,1,-1,-1,-1
864,14,632.03,779.18,70.68,47.95,1,-1,-1,-1
865,14,629.61,781.83,66.89,44.54,1,-1,-1,-1
866,14,626.17,784.30,64.16,41.51,1,-1,-1,-1
867,14,622.05,785.69,62.64,39.23,1,-1,-1,-1
868,14,602.67,787.26,61.69,37.13,1,-1,-1,-1
869,14,593.70,787.82,62.57,36.41,1,-1,-1,-1
870,14,588.08,788.69,62.25,35.44,1,-1,-1,-1
871,14,581.64,789.16,62.64,35.08,1,-1,-1,-1
872,14,574.87,788.78,63.96,35.39,1,-1,-1,-1
873,14,551.19,784.37,71.34,38.71,1,-1,-1,-1
874,14,540.60,781.65,77.82,41.82,1,-1,-1,-1
875,14,534.68,779.90,82.93,44.66,1,-1,-1,-1
876,14,531.60,779.22,84.91,46.28,1,-1,-1,-1
877,14,522.95,778.88,85.76,46.74,1,-1,-1,-1
877,15,541.99,779.56,69.44,46.37,1,-1,-1,-1
878,15,542.16,779.57,68.99,46.70,1,-1,-1,-1
879,15,542.50,779.77,67.29,46.40,1,-1,-1,-1
880,15,541.90,779.91,65.66,46.09,1,-1,-1,-1
881,15,541.44,780.04,63.38,45.12,1,-1,-1,-1
882,15,540.87,780.32,61.16,43.80,1,-1,-1,-1
883,15,540.84,780.38,61.30,43.89,1,-1,-1,-1
930,19,26.68,1331.06,105.99,173.09,1,-1,-1,-1
931,19,35.91,1312.02,110.11,175.22,1,-1,-1,-1
932,19,53.51,1303.33,118.21,179.57,1,-1,-1,-1
933,19,64.00,1295.81,131.29,188.80,1,-1,-1,-1
934,19,72.30,1281.85,152.90,207.41,1,-1,-1,-1
935,19,79.82,1273.53,168.86,214.21,1,-1,-1,-1
936,19,82.73,1265.73,186.54,221.47,1,-1,-1,-1
937,19,81.71,1260.35,203.58,227.01,1,-1,-1,-1
938,19,79.62,1255.70,220.23,231.40,1,-1,-1,-1
939,19,95.47,1251.40,237.18,229.93,1,-1,-1,-1
940,19,98.92,1248.67,255.96,230.59,1,-1,-1,-1
941,19,98.83,1247.85,273.57,229.97,1,-1,-1,-1
942,19,97.21,1247.74,291.25,229.47,1,-1,-1,-1
943,19,92.31,1247.95,308.04,229.06,1,-1,-1,-1
944,19,83.09,1246.80,326.11,231.21,1,-1,-1,-1
945,19,94.40,1230.80,339.35,229.11,1,-1,-1,-1
946,19,130.86,1208.26,366.38,232.58,1,-1,-1,-1
947,19,143.67,1196.05,398.39,240.92,1,-1,-1,-1
948,19,155.13,1191.03,417.49,241.50,1,-1,-1,-1
949,19,160.24,1189.73,431.03,240.34,1,-1,-1,-1
950,19,195.05,1184.57,432.43,228.24,1,-1,-1,-1
951,19,210.72,1181.64,444.92,225.03,1,-1,-1,-1
952,19,222.06,1178.86,459.45,225.27,1,-1,-1,-1
953,19,231.51,1179.70,466.97,223.47,1,-1,-1,-1
954,19,235.88,1180.20,473.28,222.86,1,-1,-1,-1
955,19,267.56,1166.49,476.38,216.76,1,-1,-1,-1
956,19,274.47,1160.12,491.45,217.14,1,-1,-1,-1
957,19,277.89,1156.80,505.73,218.64,1,-1,-1,-1
958,19,282.43,1154.71,517.37,220.04,1,-1,-1,-1
959,19,302.30,1141.35,514.82,214.97,1,-1,-1,-1
960,19,310.55,1136.11,517.83,212.53,1,-1,-1,-1
961,19,350.13,1129.80,514.73,210.10,1,-1,-1,-1
962,19,363.90,1126.53,518.11,210.50,1,-1,-1,-1
963,19,372.97,1125.02,518.90,210.22,1,-1,-1,-1
964,19,377.93,1122.11,525.51,212.79,1,-1,-1,-1
965,19,382.01,1118.86,533.86,216.78,1,-1,-1,-1
966,19,384.83,1117.20,541.45,220.86,1,-1,-1,-1
967,19,384.81,1115.97,549.15,225.05,1,-1,-1,-1
968,19,386.49,1116.08,553.58,227.55,1,-1,-1,-1
969,19,389.01,1115.80,554.94,228.47,1,-1,-1,-1
970,19,390.97,1116.16,554.83,228.98,1,-1,-1,-1
971,19,411.11,1105.08,573.21,235.29,1,-1,-1,-1
972,19,417.54,1098.75,589.86,240.83,1,-1,-1,-1
973,19,424.96,1095.74,598.57,242.91,1,-1,-1,-1
974,19,437.55,1094.60,599.00,241.60,1,-1,-1,-1
975,19,454.25,1093.40,596.25,238.88,1,-1,-1,-1
976,19,473.39,1094.15,582.70,231.87,1,-1,-1,-1
977,19,505.82,1082.70,587.28,231.08,1,-1,-1,-1
978,19,529.98,1078.19,587.93,228.70,1,-1,-1,-1
979,19,551.13,1074.71,592.47,228.78,1,-1,-1,-1
980,19,567.19,1072.14,594.31,228.83,1,-1,-1,-1
981,19,592.15,1056.11,619.82,239.03,1,-1,-1,-1
982,19,614.43,1048.32,629.34,243.14,1,-1,-1,-1
983,19,634.83,1043.84,634.12,246.45,1,-1,-1,-1
984,19,649.69,1041.01,635.03,250.07,1,-1,-1,-1
985,19,705.86,1027.66,619.71,244.11,1,-1,-1,-1
986,19,737.29,1020.94,615.90,244.25,1,-1,-1,-1
987,19,785.43,1010.80,624.74,246.85,1,-1,-1,-1
988,19,812.08,1003.22,640.40,252.52,1,-1,-1,-1
989,19,832.46,998.07,649.40,256.82,1,-1,-1,-1
990,19,876.01,989.61,661.72,261.05,1,-1,-1,-1
991,19,903.87,985.03,674.94,266.05,1,-1,-1,-1
992,19,954.04,979.99,677.72,266.67,1,-1,-1,-1
993,19,982.97,976.33,690.06,270.84,1,-1,-1,-1
994,19,1006.01,973.29,700.57,275.58,1,-1,-1,-1
995,19,1043.79,966.97,718.88,283.56,1,-1,-1,-1
996,19,1040.34,951.53,800.62,320.95,1,-1,-1,-1
997,19,1066.56,945.25,843.11,344.04,1,-1,-1,-1
998,19,1099.02,941.45,867.60,361.46,1,-1,-1,-1
999,19,1148.41,942.50,891.79,379.67,1,-1,-1,-1
1000,19,1188.99,946.90,910.77,394.97,1,-1,-1,-1
1001,19,1221.61,947.27,953.44,422.81,1,-1,-1,-1
1002,19,1273.78,943.10,1011.82,460.06,1,-1,-1,-1
1003,19,1318.83,949.82,1047.55,487.14,1,-1,-1,-1
1004,19,1371.51,958.25,1057.66,502.70,1,-1,-1,-1
1005,19,1439.11,958.52,1108.15,534.13,1,-1,-1,-1
1006,19,1491.88,984.27,1131.55,555.32,1,-1,-1,-1
1007,19,1519.81,996.47,1175.80,592.76,1,-1,-1,-1
1008,19,1553.43,1014.68,1181.16,613.39,1,-1,-1,-1
1009,19,1585.32,1016.32,1215.46,631.20,1,-1,-1,-1
1012,20,1948.71,1053.50,646.39,610.05,1,-1,-1,-1
1013,20,2042.17,1063.41,666.67,642.70,1,-1,-1,-1
1014,20,2058.27,1040.09,715.50,710.28,1,-1,-1,-1
1015,20,2090.88,1039.39,738.12,732.73,1,-1,-1,-1
1093,22,2009.03,562.41,544.01,444.83,1,-1,-1,-1
1094,22,1967.22,562.10,552.27,449.28,1,-1,-1,-1
1095,22,1942.81,574.64,527.26,422.63,1,-1,-1,-1
1096,22,1873.30,581.46,511.77,403.39,1,-1,-1,-1
1097,22,1811.97,586.03,499.94,387.22,1,-1,-1,-1
1098,22,1746.34,600.50,415.90,312.65,1,-1,-1,-1
1099,22,1714.40,610.24,386.36,281.33,1,-1,-1,-1
1100,22,1640.51,614.40,380.72,270.18,1,-1,-1,-1
1101,22,1569.78,616.58,368.56,256.12,1,-1,-1,-1
1102,22,1527.82,618.33,372.63,254.24,1,-1,-1,-1
1103,22,1474.85,624.84,358.74,239.79,1,-1,-1,-1
1104,22,1442.45,630.50,352.36,231.85,1,-1,-1,-1
1105,22,1416.05,631.32,346.72,225.68,1,-1,-1,-1
1106,22,1375.91,639.40,335.87,216.67,1,-1,-1,-1
1107,22,1349.56,646.12,320.27,205.35,1,-1,-1,-1
1108,22,1332.49,648.79,304.19,193.49,1,-1,-1,-1
1109,22,1300.15,655.48,292.26,184.34,1,-1,-1,-1
1110,22,1272.05,657.68,287.54,180.16,1,-1,-1,-1
1111,22,1252.81,663.83,274.75,171.76,1,-1,-1,-1
1112,22,1224.18,667.62,265.41,165.94,1,-1,-1,-1
1113,22,1209.44,671.76,256.79,160.25,1,-1,-1,-1
1114,22,1183.49,675.99,247.70,154.54,1,-1,-1,-1
1115,22,1167.69,678.61,242.85,151.18,1,-1,-1,-1
1116,22,1145.42,679.94,236.99,147.99,1,-1,-1,-1
1117,22,1129.59,680.17,234.71,147.14,1,-1,-1,-1
1118,22,1107.82,682.50,225.19,142.54,1,-1,-1,-1
1119,22,1092.46,682.71,224.00,142.60,1,-1,-1,-1
1120,22,1082.22,684.65,216.88,138.57,1,-1,-1,-1
1121,22,1065.35,687.96,208.33,133.72,1,-1,-1,-1
1122,22,1052.32,689.16,203.56,131.21,1,-1,-1,-1
1123,22,1042.39,691.51,197.01,127.47,1,-1,-1,-1
1124,22,1026.77,695.53,188.55,122.07,1,-1,-1,-1
1125,22,1014.65,697.91,183.49,118.91,1,-1,-1,-1
1126,22,1003.26,699.58,179.70,116.47,1,-1,-1,-1
1127,22,986.95,700.38,177.05,114.97,1,-1,-1,-1
1128,22,976.83,700.85,174.07,113.03,1,-1,-1,-1
1129,22,966.21,702.30,170.39,110.77,1,-1,-1,-1
1130,22,956.18,703.95,166.72,108.63,1,-1,-1,-1
1131,22,939.35,702.88,168.81,111.08,1,-1,-1,-1
1132,22,928.26,702.75,167.14,110.80,1,-1,-1,-1
1133,22,917.97,703.78,162.67,108.71,1,-1,-1,-1
1134,22,909.94,710.69,157.82,105.99,1,-1,-1,-1
1135,22,896.57,707.84,157.60,106.65,1,-1,-1,-1
1136,22,884.77,711.52,158.40,108.05,1,-1,-1,-1
1137,22,874.36,714.32,154.40,106.06,1,-1,-1,-1
1138,22,866.82,716.98,149.18,103.09,1,-1,-1,-1
1139,22,853.24,716.19,153.19,107.32,1,-1,-1,-1
1140,22,845.87,717.05,152.43,107.53,1,-1,-1,-1
1141,22,838.86,718.19,151.36,107.05,1,-1,-1,-1
1142,22,830.95,720.38,149.01,105.20,1,-1,-1,-1
1143,22,822.96,721.66,147.65,104.18,1,-1,-1,-1
1143,23,2239.14,686.28,209.47,288.77,1,-1,-1,-1
1144,22,808.16,723.16,145.35,104.07,1,-1,-1,-1
1144,23,2205.89,683.07,210.82,290.63,1,-1,-1,-1
1145,22,799.19,724.43,142.66,103.28,1,-1,-1,-1
1146,22,802.18,737.81,119.36,85.09,1,-1,-1,-1
1147,22,798.31,743.05,111.04,77.41,1,-1,-1,-1
1147,24,1875.37,686.30,532.53,242.52,1,-1,-1,-1
1148,22,791.75,744.20,110.55,75.56,1,-1,-1,-1
1148,24,1785.72,686.45,507.10,230.26,1,-1,-1,-1
1149,22,785.95,744.91,111.32,75.12,1,-1,-1,-1
1149,24,1695.90,687.82,489.78,222.55,1,-1,-1,-1
1150,22,773.14,746.12,114.41,77.03,1,-1,-1,-1
1150,24,1662.21,692.84,467.17,211.04,1,-1,-1,-1
1151,22,767.56,749.03,111.24,74.80,1,-1,-1,-1
1151,24,1613.44,703.70,419.39,188.02,1,-1,-1,-1
1152,22,763.41,751.79,106.15,71.18,1,-1,-1,-1
1152,24,1548.63,712.88,388.95,173.09,1,-1,-1,-1
1153,22,758.25,753.49,102.74,68.47,1,-1,-1,-1
1153,24,1518.27,717.60,365.02,161.31,1,-1,-1,-1
1154,22,752.80,754.40,101.24,66.91,1,-1,-1,-1
1154,24,1458.50,716.29,368.16,162.38,1,-1,-1,-1
1155,22,748.28,754.88,99.88,65.80,1,-1,-1,-1
1155,24,1423.73,715.33,363.85,160.29,1,-1,-1,-1
1156,22,732.73,758.30,96.21,63.13,1,-1,-1,-1
1156,24,1376.30,711.19,356.77,160.02,1,-1,-1,-1
1157,22,726.00,758.64,95.54,62.61,1,-1,-1,-1
1157,24,1334.62,703.61,371.08,168.23,1,-1,-1,-1
1158,22,723.70,760.16,91.76,59.99,1,-1,-1,-1
1158,24,1315.84,704.95,347.67,160.22,1,-1,-1,-1
1159,22,721.67,761.28,87.81,57.70,1,-1,-1,-1
1159,24,1293.72,707.77,321.74,150.88,1,-1,-1,-1
1160,22,719.72,761.85,84.25,55.93,1,-1,-1,-1
1160,24,1282.83,709.53,305.40,145.18,1,-1,-1,-1
1161,22,717.08,761.75,81.90,55.22,1,-1,-1,-1
1161,24,1257.86,710.71,291.96,141.20,1,-1,-1,-1
1162,22,715.54,761.64,78.32,53.93,1,-1,-1,-1
1162,24,1244.30,711.79,282.76,138.86,1,-1,-1,-1
1163,22,715.11,762.34,73.72,51.97,1,-1,-1,-1
1163,24,1222.49,713.40,271.71,135.77,1,-1,-1,-1
1164,22,710.60,763.43,71.17,50.17,1,-1,-1,-1
1164,24,1211.43,714.42,259.70,131.88,1,-1,-1,-1
1165,24,1204.52,714.27,250.05,129.23,1,-1,-1,-1
1166,24,1191.42,715.29,235.99,124.28,1,-1,-1,-1
1167,24,1184.48,715.37,225.56,121.20,1,-1,-1,-1
1168,24,1178.38,713.58,218.55,120.27,1,-1,-1,-1
1169,24,1174.45,711.48,212.62,120.35,1,-1,-1,-1
1170,24,1167.97,709.65,205.90,120.31,1,-1,-1,-1
1171,24,1168.15,708.30,198.49,119.74,1,-1,-1,-1
1172,24,1175.74,707.28,175.68,108.60,1,-1,-1,-1
1173,22,634.70,771.06,78.74,56.82,1,-1,-1,-1
1173,24,1181.46,706.00,164.43,104.06,1,-1,-1,-1
1174,22,631.02,771.83,77.08,56.29,1,-1,-1,-1
1174,24,1186.19,703.91,156.88,101.47,1,-1,-1,-1
1175,22,629.02,772.19,75.94,55.64,1,-1,-1,-1
1175,24,1191.35,700.44,149.77,98.94,1,-1,-1,-1
1176,22,626.94,772.97,75.08,54.84,1,-1,-1,-1
1176,24,1195.54,694.46,145.78,98.59,1,-1,-1,-1
1177,22,625.01,773.76,73.83,53.46,1,-1,-1,-1
1177,24,1198.25,686.48,144.76,100.53,1,-1,-1,-1
1178,22,623.40,774.93,72.31,51.62,1,-1,-1,-1
1178,24,1205.45,679.12,143.65,101.01,1,-1,-1,-1
1179,22,621.16,775.88,71.12,49.63,1,-1,-1,-1
1179,24,1211.94,674.30,140.53,99.53,1,-1,-1,-1
1180,22,619.41,777.48,69.50,47.17,1,-1,-1,-1
1180,24,1216.69,667.86,145.85,104.84,1,-1,-1,-1
1181,22,618.11,778.64,67.90,44.79,1,-1,-1,-1
1181,24,1229.19,661.24,137.33,98.55,1,-1,-1,-1
1182,22,600.98,778.80,69.18,43.82,1,-1,-1,-1
1182,24,1246.67,663.69,116.05,82.46,1,-1,-1,-1
1183,22,592.59,779.17,71.19,43.55,1,-1,-1,-1
1183,24,1257.36,662.71,107.48,76.28,1,-1,-1,-1
1184,22,587.30,779.03,73.83,43.97,1,-1,-1,-1
1184,24,1282.84,651.22,103.19,72.85,1,-1,-1,-1
1185,22,582.01,778.87,76.55,44.74,1,-1,-1,-1
1185,24,1292.26,646.45,102.83,72.09,1,-1,-1,-1
1186,22,578.09,779.30,77.35,44.57,1,-1,-1,-1
1186,24,1298.54,643.07,102.12,71.30,1,-1,-1,-1
1187,22,573.82,779.43,77.44,44.16,1,-1,-1,-1
1187,24,1308.64,641.71,94.79,65.92,1,-1,-1,-1
1188,22,570.55,779.87,76.38,43.34,1,-1,-1,-1
1188,24,1319.66,641.78,83.36,57.65,1,-1,-1,-1
1189,22,568.40,780.09,75.21,42.61,1,-1,-1,-1
1189,24,1325.84,629.24,83.08,58.09,1,-1,-1,-1
1190,22,566.91,780.51,74.55,42.24,1,-1,-1,-1
1190,24,1345.77,617.03,89.66,64.14,1,-1,-1,-1
1191,22,565.76,781.49,72.71,41.06,1,-1,-1,-1
1191,24,1355.19,611.08,87.20,62.38,1,-1,-1,-1
1192,22,563.65,781.87,71.99,40.74,1,-1,-1,-1
1193,22,560.13,782.38,70.99,40.16,1,-1,-1,-1
1195,28,1451.00,574.23,85.69,59.82,1,-1,-1,-1
1196,28,1452.94,568.49,92.84,64.25,1,-1,-1,-1
1197,28,1457.26,562.29,97.20,67.17,1,-1,-1,-1
1198,28,1481.76,550.16,101.67,69.04,1,-1,-1,-1
1199,28,1494.02,545.24,100.10,66.96,1,-1,-1,-1
1200,28,1505.53,544.78,91.70,60.72,1,-1,-1,-1
1201,28,1517.20,545.67,80.71,53.30,1,-1,-1,-1
1201,29,1571.50,516.95,59.69,52.35,1,-1,-1,-1
1202,28,1517.01,527.58,87.01,59.20,1,-1,-1,-1
1202,29,1568.62,515.32,67.04,58.71,1,-1,-1,-1
1203,28,1522.29,522.26,82.03,57.63,1,-1,-1,-1
1203,29,1568.59,515.31,71.81,62.45,1,-1,-1,-1
1204,28,1529.86,515.71,82.24,57.78,1,-1,-1,-1
1204,29,1568.56,512.43,76.19,65.16,1,-1,-1,-1
1205,29,1567.66,508.78,78.64,65.99,1,-1,-1,-1
1206,29,1588.93,501.89,78.20,63.52,1,-1,-1,-1
1207,29,1601.17,498.24,76.19,60.35,1,-1,-1,-1
1208,29,1610.55,497.51,69.50,54.41,1,-1,-1,-1
1209,29,1618.15,498.81,61.17,47.69,1,-1,-1,-1
1209,30,1540.10,515.94,39.97,41.58,1,-1,-1,-1
1210,29,1622.69,497.07,60.99,47.55,1,-1,-1,-1
1210,30,1540.55,515.42,40.16,41.75,1,-1,-1,-1
1211,30,1540.96,515.41,40.51,42.06,1,-1,-1,-1
1212,30,1541.46,516.36,40.14,41.58,1,-1,-1,-1
1213,30,1541.65,516.64,40.19,41.56,1,-1,-1,-1
1213,32,2366.02,660.80,79.43,303.70,1,-1,-1,-1
1214,30,1541.81,516.59,40.44,41.77,1,-1,-1,-1
1214,32,2295.80,653.24,92.37,304.94,1,-1,-1,-1
1215,30,1541.79,515.88,41.23,42.61,1,-1,-1,-1
1215,32,2251.73,648.44,110.70,306.00,1,-1,-1,-1
1216,30,1541.79,515.48,41.86,43.33,1,-1,-1,-1
1216,32,2213.90,649.22,106.16,293.45,1,-1,-1,-1
1217,30,1541.70,515.12,42.31,43.83,1,-1,-1,-1
1218,30,1541.43,514.91,42.75,44.38,1,-1,-1,-1
1219,30,1541.38,514.82,42.83,44.60,1,-1,-1,-1
1219,34,1781.24,653.30,523.10,258.44,1,-1,-1,-1
1220,30,1541.42,514.82,42.80,44.77,1,-1,-1,-1
1220,34,1742.58,650.66,525.82,259.58,1,-1,-1,-1
1221,30,1541.51,514.71,43.05,45.04,1,-1,-1,-1
1221,34,1675.25,651.63,509.88,251.69,1,-1,-1,-1
1222,34,1597.53,651.10,496.19,246.56,1,-1,-1,-1
1223,34,1566.04,656.02,475.41,236.56,1,-1,-1,-1
1224,34,1510.30,663.11,446.05,223.26,1,-1,-1,-1
1225,34,1482.67,671.61,419.47,210.65,1,-1,-1,-1
1226,34,1434.24,677.42,397.28,201.10,1,-1,-1,-1
1227,34,1400.08,678.51,390.55,199.86,1,-1,-1,-1
1228,34,1352.62,677.48,383.38,199.43,1,-1,-1,-1
1229,34,1334.36,685.74,333.23,175.82,1,-1,-1,-1
1230,30,1541.05,513.86,41.92,44.79,1,-1,-1,-1
1230,34,1326.34,687.59,310.60,166.84,1,-1,-1,-1
1231,30,1541.76,514.69,39.98,43.06,1,-1,-1,-1
1231,34,1298.08,690.23,296.55,161.71,1,-1,-1,-1
1232,30,1542.20,515.52,38.52,41.50,1,-1,-1,-1
1232,34,1261.49,692.96,286.72,159.34,1,-1,-1,-1
1233,30,1541.88,515.90,38.21,41.22,1,-1,-1,-1
1233,34,1243.38,691.84,282.02,159.18,1,-1,-1,-1
1234,30,1541.53,516.01,38.13,41.18,1,-1,-1,-1
1234,34,1217.32,694.66,269.11,153.90,1,-1,-1,-1
1235,30,1541.20,515.87,38.31,41.37,1,-1,-1,-1
1235,34,1205.56,697.60,255.99,148.35,1,-1,-1,-1
1236,30,1541.22,515.69,38.42,41.39,1,-1,-1,-1
1236,34,1179.15,699.41,246.68,145.05,1,-1,-1,-1
1237,30,1541.22,515.56,38.63,41.48,1,-1,-1,-1
1237,34,1165.61,701.12,236.57,141.16,1,-1,-1,-1
1238,30,1541.38,515.56,38.63,41.30,1,-1,-1,-1
1238,34,1141.13,702.43,228.62,138.06,1,-1,-1,-1
1239,30,1541.56,515.80,38.39,40.83,1,-1,-1,-1
1239,34,1130.49,706.46,213.68,130.21,1,-1,-1,-1
1240,30,1541.78,516.10,38.11,40.31,1,-1,-1,-1
1240,34,1108.12,711.48,201.30,123.44,1,-1,-1,-1
1240,37,585.08,800.00,69.48,56.38,1,-1,-1,-1
1241,30,1541.86,516.37,37.99,39.97,1,-1,-1,-1
1241,34,1094.79,714.24,191.22,117.93,1,-1,-1,-1
1241,37,589.40,800.74,69.02,55.66,1,-1,-1,-1
1241,38,1561.70,506.75,48.78,40.70,1,-1,-1,-1
1242,30,1541.70,516.34,38.30,40.14,1,-1,-1,-1
1242,34,1072.24,716.98,184.61,114.64,1,-1,-1,-1
1242,37,592.37,801.47,70.32,56.25,1,-1,-1,-1
1242,38,1561.56,506.56,48.94,40.84,1,-1,-1,-1
1243,30,1541.83,516.38,38.08,39.73,1,-1,-1,-1
1243,34,1057.32,717.90,178.78,111.80,1,-1,-1,-1
1243,37,595.31,801.71,70.20,55.58,1,-1,-1,-1
1243,38,1561.64,506.64,48.82,40.76,1,-1,-1,-1
1244,30,1542.06,516.45,37.74,39.19,1,-1,-1,-1
1244,34,1033.51,719.20,177.67,112.11,1,-1,-1,-1
1244,37,607.06,802.19,72.72,56.70,1,-1,-1,-1
1244,38,1561.70,506.65,48.70,40.65,1,-1,-1,-1
1245,30,1542.46,516.56,37.14,38.35,1,-1,-1,-1
1245,34,1019.83,720.30,172.81,109.98,1,-1,-1,-1
1245,37,612.05,801.66,75.75,58.20,1,-1,-1,-1
1246,30,1542.57,516.59,37.01,38.02,1,-1,-1,-1
1246,34,1007.53,721.42,168.53,108.03,1,-1,-1,-1
1246,37,616.11,801.42,77.68,59.00,1,-1,-1,-1
1247,30,1542.54,516.56,37.15,37.97,1,-1,-1,-1
1247,34,986.97,721.11,169.18,109.33,1,-1,-1,-1
1247,37,621.01,801.19,79.17,59.55,1,-1,-1,-1
1248,30,1542.57,516.24,37.49,38.15,1,-1,-1,-1
1248,34,972.75,720.34,168.76,110.17,1,-1,-1,-1
1248,37,626.27,800.80,81.07,60.57,1,-1,-1,-1
1249,30,1542.65,515.73,37.98,38.51,1,-1,-1,-1
1249,34,961.23,720.33,163.98,108.12,1,-1,-1,-1
1249,37,630.96,800.63,83.29,62.05,1,-1,-1,-1
1250,30,1542.80,515.15,38.39,38.76,1,-1,-1,-1
1250,34,944.97,721.74,160.45,107.19,1,-1,-1,-1
1250,37,635.06,801.22,84.13,62.91,1,-1,-1,-1
1251,30,1542.82,514.88,38.65,38.87,1,-1,-1,-1
1251,34,933.31,722.27,159.47,107.86,1,-1,-1,-1
1251,37,639.11,802.40,82.96,62.49,1,-1,-1,-1
1252,30,1542.71,514.78,38.96,39.07,1,-1,-1,-1
1252,34,921.22,722.36,158.11,108.47,1,-1,-1,-1
1252,37,643.43,804.22,79.93,60.72,1,-1,-1,-1
1253,30,1542.54,514.83,39.33,39.40,1,-1,-1,-1
1253,34,912.51,722.54,154.51,107.37,1,-1,-1,-1
1253,37,655.41,804.19,81.11,61.22,1,-1,-1,-1
1254,30,1542.43,514.93,39.58,39.65,1,-1,-1,-1
1254,34,896.89,722.33,150.92,106.80,1,-1,-1,-1
1254,37,663.79,805.29,82.16,61.03,1,-1,-1,-1
1255,30,1542.42,515.12,39.54,39.60,1,-1,-1,-1
1255,34,886.16,723.75,145.58,104.31,1,-1,-1,-1
1255,37,670.05,805.25,85.14,62.23,1,-1,-1,-1
1256,30,1542.42,515.26,39.45,39.50,1,-1,-1,-1
1256,34,888.59,736.36,120.50,85.59,1,-1,-1,-1
1256,37,673.60,804.21,89.43,64.93,1,-1,-1,-1
1257,30,1542.42,515.32,39.36,39.40,1,-1,-1,-1
1257,34,887.68,739.80,111.20,79.13,1,-1,-1,-1
1257,37,676.82,802.76,91.88,66.91,1,-1,-1,-1
1258,30,1542.40,515.27,39.38,39.44,1,-1,-1,-1
1258,34,866.55,742.32,112.04,80.06,1,-1,-1,-1
1258,37,699.11,800.88,92.37,68.15,1,-1,-1,-1
1259,30,1542.45,515.20,39.40,39.48,1,-1,-1,-1
1259,34,854.89,744.08,110.71,78.92,1,-1,-1,-1
1259,37,709.14,799.15,95.43,70.67,1,-1,-1,-1
1260,30,1542.47,515.17,39.58,39.75,1,-1,-1,-1
1260,34,845.88,746.22,108.03,76.59,1,-1,-1,-1
1260,37,716.08,798.11,98.92,73.17,1,-1,-1,-1
1261,30,1542.54,515.28,39.57,39.81,1,-1,-1,-1
1261,34,839.81,748.53,105.27,74.60,1,-1,-1,-1
1261,37,721.91,797.30,102.27,75.29,1,-1,-1,-1
1262,30,1542.56,515.31,39.67,39.97,1,-1,-1,-1
1262,34,826.42,752.48,100.50,71.70,1,-1,-1,-1
1262,37,725.84,795.96,106.03,77.40,1,-1,-1,-1
1263,30,1542.67,515.38,39.47,39.75,1,-1,-1,-1
1263,34,819.74,754.76,95.70,68.14,1,-1,-1,-1
1263,37,736.73,797.53,112.67,82.28,1,-1,-1,-1
1264,30,1542.68,515.26,39.59,39.86,1,-1,-1,-1
1264,34,814.22,755.81,90.10,63.87,1,-1,-1,-1
1264,37,742.70,798.50,118.52,86.31,1,-1,-1,-1
1265,30,1542.68,515.21,39.71,40.00,1,-1,-1,-1
1265,34,808.71,755.38,84.47,59.44,1,-1,-1,-1
1265,37,748.33,799.15,121.70,88.35,1,-1,-1,-1
1266,30,1542.60,515.17,39.89,40.24,1,-1,-1,-1
1266,34,808.69,756.25,73.24,51.49,1,-1,-1,-1
1266,37,753.52,790.33,126.54,92.27,1,-1,-1,-1
1267,30,1542.53,515.10,39.94,40.38,1,-1,-1,-1
1267,34,800.61,757.98,67.59,47.51,1,-1,-1,-1
1267,37,753.53,782.44,137.58,100.51,1,-1,-1,-1
1268,30,1542.61,515.01,39.87,40.39,1,-1,-1,-1
1268,37,757.63,778.05,144.15,105.59,1,-1,-1,-1
1269,30,1542.70,514.85,39.85,40.47,1,-1,-1,-1
1269,37,773.59,784.78,139.79,101.96,1,-1,-1,-1
1270,30,1542.92,514.72,39.91,40.63,1,-1,-1,-1
1270,37,785.68,790.49,138.08,99.97,1,-1,-1,-1
1271,30,1543.09,514.86,39.79,40.62,1,-1,-1,-1
1271,37,796.93,794.23,139.20,100.11,1,-1,-1,-1
1271,40,723.48,769.51,100.15,50.39,1,-1,-1,-1
1272,30,1543.26,514.94,39.72,40.60,1,-1,-1,-1
1272,37,805.40,794.62,142.23,101.56,1,-1,-1,-1
1272,40,716.61,767.51,104.18,52.89,1,-1,-1,-1
1273,30,1543.64,515.76,39.21,40.10,1,-1,-1,-1
1273,37,823.64,799.62,143.61,101.28,1,-1,-1,-1
1273,40,710.90,766.08,104.87,54.00,1,-1,-1,-1
1274,30,1544.01,516.89,38.52,39.35,1,-1,-1,-1
1274,37,834.74,799.77,150.48,105.15,1,-1,-1,-1
1274,40,706.26,764.71,103.70,54.44,1,-1,-1,-1
1275,30,1544.32,518.19,37.80,38.59,1,-1,-1,-1
1275,37,842.01,796.82,160.56,111.53,1,-1,-1,-1
1275,40,703.07,764.28,99.78,53.54,1,-1,-1,-1
1276,30,1544.25,518.78,37.49,38.26,1,-1,-1,-1
1276,37,856.36,798.40,164.17,112.84,1,-1,-1,-1
1276,40,700.94,764.90,94.81,52.31,1,-1,-1,-1
1277,30,1544.00,518.61,37.74,38.56,1,-1,-1,-1
1277,37,864.68,797.60,170.91,117.22,1,-1,-1,-1
1277,40,695.19,764.34,95.63,52.76,1,-1,-1,-1
1278,30,1543.71,517.92,38.35,39.32,1,-1,-1,-1
1278,37,867.34,797.25,191.57,132.15,1,-1,-1,-1
1279,30,1543.59,517.52,38.65,39.78,1,-1,-1,-1
1279,37,872.18,795.27,204.63,142.03,1,-1,-1,-1
1280,30,1543.75,517.39,38.55,39.80,1,-1,-1,-1
1280,37,887.18,793.35,213.22,148.58,1,-1,-1,-1
1281,30,1543.85,517.43,38.30,39.63,1,-1,-1,-1
1281,37,897.65,790.82,222.17,155.68,1,-1,-1,-1
1282,30,1543.79,517.01,38.52,40.00,1,-1,-1,-1
1282,37,907.95,789.55,228.06,160.70,1,-1,-1,-1
1282,41,654.45,778.46,56.32,47.62,1,-1,-1,-1
1283,30,1543.63,516.49,38.91,40.60,1,-1,-1,-1
1283,37,926.52,787.58,237.72,168.11,1,-1,-1,-1
1283,41,651.57,777.77,56.87,47.91,1,-1,-1,-1
1284,30,1543.60,516.47,38.90,40.79,1,-1,-1,-1
1284,37,940.37,787.59,244.24,174.04,1,-1,-1,-1
1284,41,647.85,776.76,58.73,49.18,1,-1,-1,-1
1285,30,1543.72,517.04,38.29,40.31,1,-1,-1,-1
1285,37,960.05,788.07,255.14,182.14,1,-1,-1,-1
1285,41,642.93,776.74,59.65,49.53,1,-1,-1,-1
1286,30,1543.80,517.69,37.68,39.78,1,-1,-1,-1
1286,37,972.31,790.18,265.89,190.60,1,-1,-1,-1
1286,41,638.77,778.23,58.53,47.97,1,-1,-1,-1
1287,30,1543.77,517.79,37.67,39.77,1,-1,-1,-1
1287,37,985.17,788.58,283.55,203.03,1,-1,-1,-1
1287,40,623.48,780.95,80.21,44.85,1,-1,-1,-1
1287,41,635.17,778.49,58.13,47.64,1,-1,-1,-1
1288,37,1002.73,789.66,293.58,210.67,1,-1,-1,-1
1288,40,620.62,783.15,76.65,42.88,1,-1,-1,-1
1289,37,1017.22,792.22,301.34,215.52,1,-1,-1,-1
1289,40,617.35,784.45,74.56,41.49,1,-1,-1,-1
1290,37,1044.53,792.39,323.35,230.73,1,-1,-1,-1
1290,40,598.64,785.52,70.92,39.17,1,-1,-1,-1
1291,37,1067.88,794.67,342.03,243.14,1,-1,-1,-1
1291,40,589.20,785.53,71.80,39.27,1,-1,-1,-1
1292,37,1102.71,795.33,370.80,261.37,1,-1,-1,-1
1292,40,581.48,785.82,72.52,39.23,1,-1,-1,-1
1293,37,1125.32,797.23,396.77,278.92,1,-1,-1,-1
1293,40,574.50,785.18,73.84,39.70,1,-1,-1,-1
1294,37,1174.04,799.97,420.72,289.41,1,-1,-1,-1
1294,40,568.02,784.50,75.21,40.33,1,-1,-1,-1
1295,37,1194.30,808.25,456.59,311.95,1,-1,-1,-1
1295,40,563.02,783.56,77.67,41.90,1,-1,-1,-1
1296,37,1210.35,799.98,543.56,377.80,1,-1,-1,-1
1296,40,560.15,783.32,78.56,43.16,1,-1,-1,-1
1297,37,1260.92,810.50,524.77,364.53,1,-1,-1,-1
1297,40,553.32,783.55,78.64,43.20,1,-1,-1,-1
1297,41,572.31,782.68,55.78,44.38,1,-1,-1,-1
1298,37,1330.22,818.27,579.59,404.28,1,-1,-1,-1
1298,40,542.04,779.93,83.38,46.29,1,-1,-1,-1
1298,41,566.77,783.05,55.37,44.05,1,-1,-1,-1
1299,37,1383.82,822.85,606.84,420.10,1,-1,-1,-1
1299,40,538.39,779.07,84.21,47.31,1,-1,-1,-1
1300,37,1471.74,833.34,683.75,473.79,1,-1,-1,-1
1300,40,531.37,778.83,84.96,47.73,1,-1,-1,-1
1300,41,550.82,779.76,60.93,47.48,1,-1,-1,-1
1301,37,1578.36,840.64,777.63,533.37,1,-1,-1,-1
1301,41,544.84,779.72,61.05,47.57,1,-1,-1,-1
1302,37,1630.45,851.14,862.51,594.87,1,-1,-1,-1
1303,37,1666.30,854.20,894.46,616.91,1,-1,-1,-1
1306,42,1983.04,905.95,663.37,737.31,1,-1,-1,-1
1307,42,2007.69,919.61,676.03,751.37,1,-1,-1,-1
1309,30,1540.35,516.07,41.88,44.43,1,-1,-1,-1
1310,30,1540.19,516.00,42.07,44.64,1,-1,-1,-1
1327,30,1540.60,511.15,45.22,48.13,1,-1,-1,-1
1328,30,1540.69,511.22,45.00,48.04,1,-1,-1,-1
1329,30,1540.70,510.99,45.17,48.22,1,-1,-1,-1
1337,30,1540.17,510.49,45.30,48.79,1,-1,-1,-1
1338,30,1540.20,510.41,45.14,48.89,1,-1,-1,-1
1339,30,1540.15,510.28,45.25,49.00,1,-1,-1,-1
1345,30,1540.01,509.98,44.91,48.57,1,-1,-1,-1
1346,30,1539.92,510.11,44.82,48.28,1,-1,-1,-1
1347,30,1539.76,510.11,44.84,48.14,1,-1,-1,-1
1348,30,1539.52,509.98,45.05,48.28,1,-1,-1,-1
1349,30,1539.35,509.86,45.21,48.39,1,-1,-1,-1
1350,30,1539.23,509.73,45.44,48.59,1,-1,-1,-1
1351,30,1539.28,509.71,45.47,48.55,1,-1,-1,-1
1352,30,1539.38,509.58,45.51,48.47,1,-1,-1,-1
1353,30,1539.60,509.68,45.26,48.13,1,-1,-1,-1
1354,30,1539.81,509.94,44.83,47.63,1,-1,-1,-1
1355,30,1540.03,510.43,44.18,46.98,1,-1,-1,-1
1356,30,1540.26,510.91,43.65,46.42,1,-1,-1,-1
1357,30,1540.40,510.97,43.55,46.33,1,-1,-1,-1
1358,30,1540.47,511.05,43.38,46.15,1,-1,-1,-1
1399,43,1542.52,510.76,40.60,47.22,1,-1,-1,-1
1400,43,1541.99,510.49,41.25,47.97,1,-1,-1,-1
1401,43,1541.78,510.35,41.52,48.28,1,-1,-1,-1
1409,43,1539.98,510.62,40.98,48.09,1,-1,-1,-1
1410,43,1540.91,511.82,39.71,46.78,1,-1,-1,-1
1411,43,1540.79,511.94,39.63,46.70,1,-1,-1,-1
1466,44,1961.09,734.36,538.93,386.53,1,-1,-1,-1
1467,44,1866.71,751.81,517.64,364.36,1,-1,-1,-1
1468,44,1789.26,756.52,520.20,357.69,1,-1,-1,-1
1469,44,1648.09,764.66,523.55,353.96,1,-1,-1,-1
1470,44,1609.19,798.47,432.21,284.37,1,-1,-1,-1
1471,44,1531.57,847.93,397.42,247.56,1,-1,-1,-1
1472,44,1458.59,832.18,351.99,199.73,1,-1,-1,-1
1473,44,1398.18,843.40,305.74,173.49,1,-1,-1,-1
1474,45,966.20,906.97,562.66,234.59,1,-1,-1,-1
1475,45,877.22,927.23,541.73,226.49,1,-1,-1,-1
1476,45,763.63,948.29,567.77,239.05,1,-1,-1,-1
1477,45,672.10,972.48,562.29,238.92,1,-1,-1,-1
1478,45,581.87,998.30,546.31,234.43,1,-1,-1,-1
1479,45,495.94,1022.38,521.02,225.25,1,-1,-1,-1
1480,45,470.54,1034.30,486.96,211.58,1,-1,-1,-1
1481,45,389.85,1061.59,487.08,212.84,1,-1,-1,-1
1482,45,322.43,1088.11,461.15,202.16,1,-1,-1,-1
1483,45,291.10,1102.78,440.93,195.00,1,-1,-1,-1
1484,45,217.69,1117.36,438.02,194.00,1,-1,-1,-1
1485,45,257.31,1136.48,361.96,166.21,1,-1,-1,-1
1486,45,203.80,1155.54,345.29,158.55,1,-1,-1,-1
1486,46,56.66,1183.47,344.29,200.29,1,-1,-1,-1
1487,46,20.32,1187.70,342.10,198.86,1,-1,-1,-1
1488,46,-7.21,1187.64,350.66,204.62,1,-1,-1,-1
1489,46,-20.90,1190.94,355.13,208.92,1,-1,-1,-1
1490,46,-22.39,1201.69,301.73,179.04,1,-1,-1,-1
1491,46,-46.75,1230.84,267.43,162.95,1,-1,-1,-1
1492,46,-155.99,1200.24,382.09,248.56,1,-1,-1,-1
1493,46,-194.24,1199.90,402.40,261.77,1,-1,-1,-1
1623,48,578.67,798.78,63.48,54.61,1,-1,-1,-1
1624,48,585.43,800.01,62.06,53.11,1,-1,-1,-1
1625,48,590.94,800.73,60.92,51.61,1,-1,-1,-1
1626,48,596.77,802.18,60.04,50.22,1,-1,-1,-1
1627,48,601.62,803.69,59.06,48.78,1,-1,-1,-1
1628,48,614.77,802.49,63.77,52.06,1,-1,-1,-1
1629,48,621.74,801.18,68.24,55.26,1,-1,-1,-1
1630,48,628.71,800.49,70.28,56.70,1,-1,-1,-1
1631,48,635.71,800.53,70.21,56.68,1,-1,-1,-1
1632,48,642.59,800.72,68.79,55.61,1,-1,-1,-1
1633,48,648.14,800.71,67.40,54.90,1,-1,-1,-1
1634,48,653.57,801.68,63.82,52.45,1,-1,-1,-1
1635,48,669.89,799.97,68.22,55.16,1,-1,-1,-1
1636,48,680.85,800.29,69.38,55.35,1,-1,-1,-1
1637,48,689.03,800.30,69.59,55.51,1,-1,-1,-1
1640,49,737.66,798.59,66.36,60.63,1,-1,-1,-1
1641,49,739.27,797.58,71.33,64.08,1,-1,-1,-1
1642,49,740.63,797.14,74.96,66.25,1,-1,-1,-1
1643,49,756.41,795.91,81.23,70.63,1,-1,-1,-1
1644,49,767.08,794.49,86.94,74.46,1,-1,-1,-1
1645,49,774.81,793.97,90.94,77.31,1,-1,-1,-1
1646,49,795.11,795.98,92.70,77.30,1,-1,-1,-1
1647,49,804.48,796.46,97.83,79.96,1,-1,-1,-1
1648,49,805.07,790.38,113.33,92.17,1,-1,-1,-1
1649,49,810.32,786.49,125.64,101.62,1,-1,-1,-1
1650,49,826.57,789.09,127.63,101.76,1,-1,-1,-1
1651,49,839.57,794.95,127.65,100.12,1,-1,-1,-1
1652,49,852.08,800.10,128.70,98.99,1,-1,-1,-1
1653,49,870.32,803.79,132.80,99.19,1,-1,-1,-1
1654,49,879.98,805.17,139.32,102.38,1,-1,-1,-1
1655,49,884.91,806.22,156.27,114.50,1,-1,-1,-1
1656,49,889.41,803.91,171.64,125.84,1,-1,-1,-1
1657,49,903.14,801.19,183.99,135.01,1,-1,-1,-1
1658,49,913.64,798.77,195.01,143.07,1,-1,-1,-1
1659,49,937.22,799.48,201.23,146.81,1,-1,-1,-1
1660,49,951.40,800.90,210.23,153.25,1,-1,-1,-1
1661,49,979.62,806.52,216.90,156.93,1,-1,-1,-1
1662,49,993.92,808.32,229.54,165.84,1,-1,-1,-1
1663,49,1022.09,810.40,242.50,174.66,1,-1,-1,-1
1664,49,1045.36,815.56,236.76,168.86,1,-1,-1,-1
1665,49,1075.20,810.95,275.73,194.49,1,-1,-1,-1
1666,49,1094.29,807.46,306.69,214.24,1,-1,-1,-1
1667,49,1134.86,804.78,342.41,238.24,1,-1,-1,-1
1668,49,1194.86,803.21,381.67,260.28,1,-1,-1,-1
1669,49,1232.93,804.12,395.64,267.35,1,-1,-1,-1
1670,49,1295.66,800.97,411.66,273.14,1,-1,-1,-1
1671,49,1349.46,801.77,544.63,364.80,1,-1,-1,-1
1672,49,1460.71,802.56,615.73,408.78,1,-1,-1,-1
1673,49,1526.72,812.71,642.72,422.98,1,-1,-1,-1
1674,49,1641.05,837.42,739.26,488.26,1,-1,-1,-1
1675,49,1678.27,839.13,767.84,507.13,1,-1,-1,-1
1772,51,556.09,784.78,59.00,70.04,1,-1,-1,-1
1773,51,571.15,792.09,51.07,59.71,1,-1,-1,-1
1774,51,578.83,793.65,49.68,56.63,1,-1,-1,-1
1775,51,583.70,794.34,50.71,56.18,1,-1,-1,-1
1776,51,588.52,795.23,51.47,55.35,1,-1,-1,-1
1777,51,592.77,795.91,52.43,54.50,1,-1,-1,-1
1778,51,596.49,796.64,54.88,55.05,1,-1,-1,-1
1779,51,599.08,797.51,58.47,56.73,1,-1,-1,-1
1780,51,616.09,798.95,57.25,54.22,1,-1,-1,-1
1781,51,623.91,800.04,58.29,54.11,1,-1,-1,-1
1782,51,629.41,800.26,60.45,55.08,1,-1,-1,-1
1783,51,634.65,800.78,62.09,55.63,1,-1,-1,-1
1784,51,639.82,801.07,63.85,56.64,1,-1,-1,-1
1785,51,644.25,801.58,64.62,57.17,1,-1,-1,-1
1786,51,648.30,802.08,64.90,57.57,1,-1,-1,-1
1787,51,651.67,801.85,64.67,58.03,1,-1,-1,-1
1788,51,657.58,802.57,64.51,57.89,1,-1,-1,-1
1794,52,736.90,799.10,67.72,71.01,1,-1,-1,-1
1795,52,738.21,797.61,73.35,75.98,1,-1,-1,-1
1796,52,730.53,788.91,91.30,92.29,1,-1,-1,-1
1797,52,750.42,794.45,87.90,87.60,1,-1,-1,-1
1798,52,762.33,796.78,88.82,87.12,1,-1,-1,-1
1799,52,771.99,798.13,90.74,87.33,1,-1,-1,-1
1800,52,777.62,794.84,98.57,93.65,1,-1,-1,-1
1801,52,793.82,796.65,99.43,92.35,1,-1,-1,-1
1802,52,802.99,795.13,108.53,99.03,1,-1,-1,-1
1803,52,812.00,795.26,115.34,103.58,1,-1,-1,-1
1804,52,817.33,794.52,123.85,109.87,1,-1,-1,-1
1805,52,833.93,796.13,129.12,112.41,1,-1,-1,-1
1806,52,845.83,795.51,136.85,117.39,1,-1,-1,-1
1807,52,865.86,797.15,140.75,118.09,1,-1,-1,-1
1808,52,873.11,800.31,155.23,129.22,1,-1,-1,-1
1809,52,880.72,799.57,167.71,139.30,1,-1,-1,-1
1810,52,887.95,798.73,176.95,147.04,1,-1,-1,-1
1811,52,904.97,798.78,186.64,154.49,1,-1,-1,-1
1812,52,919.21,800.33,192.41,159.00,1,-1,-1,-1
1813,52,943.07,801.76,203.56,167.38,1,-1,-1,-1
1814,52,958.49,804.75,211.92,173.84,1,-1,-1,-1
1815,52,983.24,806.58,226.93,184.98,1,-1,-1,-1
1816,52,999.40,804.41,253.44,203.61,1,-1,-1,-1
1817,52,1018.37,806.90,270.02,214.18,1,-1,-1,-1
1818,52,1054.74,808.36,293.89,231.04,1,-1,-1,-1
1819,52,1080.63,810.67,315.78,245.36,1,-1,-1,-1
1820,52,1122.76,806.74,354.30,273.32,1,-1,-1,-1
1821,52,1183.06,815.40,392.45,296.75,1,-1,-1,-1
1822,52,1217.08,821.08,415.55,312.10,1,-1,-1,-1
1823,52,1292.42,799.69,536.62,399.56,1,-1,-1,-1
1824,52,1349.23,807.10,581.70,432.08,1,-1,-1,-1
1825,52,1457.85,824.56,662.10,484.63,1,-1,-1,-1
1826,52,1582.48,832.73,759.19,550.17,1,-1,-1,-1
1827,52,1649.39,845.54,818.18,596.68,1,-1,-1,-1
1828,52,1686.69,847.49,848.45,618.76,1,-1,-1,-1
2127,53,2232.30,621.97,237.98,346.40,1,-1,-1,-1
2128,53,2201.46,613.82,241.40,351.38,1,-1,-1,-1
2131,54,1950.08,621.26,387.69,316.82,1,-1,-1,-1
2132,54,1933.80,638.56,344.25,274.81,1,-1,-1,-1
2133,54,1850.05,622.86,338.75,264.29,1,-1,-1,-1
2134,54,1762.55,626.02,329.60,251.61,1,-1,-1,-1
2135,54,1677.63,628.61,326.89,245.16,1,-1,-1,-1
2136,54,1636.56,631.65,325.23,239.48,1,-1,-1,-1
2137,54,1578.23,639.54,311.55,225.26,1,-1,-1,-1
2138,54,1544.63,658.13,299.28,211.38,1,-1,-1,-1
2139,54,1490.83,665.52,294.88,204.70,1,-1,-1,-1
2140,54,1450.48,651.62,306.46,211.67,1,-1,-1,-1
2141,54,1403.84,652.68,298.07,202.54,1,-1,-1,-1
2142,54,1377.73,655.84,288.71,194.23,1,-1,-1,-1
2143,54,1351.67,654.30,288.06,192.33,1,-1,-1,-1
2144,54,1326.64,669.29,254.57,169.15,1,-1,-1,-1
2145,54,1311.68,672.30,246.95,163.94,1,-1,-1,-1
2146,54,1277.17,672.52,249.56,166.03,1,-1,-1,-1
2147,54,1261.06,673.96,244.30,163.10,1,-1,-1,-1
2148,54,1232.83,676.53,238.82,160.18,1,-1,-1,-1
2149,54,1219.71,679.32,229.10,154.42,1,-1,-1,-1
2150,54,1191.48,680.45,226.69,154.46,1,-1,-1,-1
2151,54,1175.37,681.13,222.29,153.11,1,-1,-1,-1
2152,54,1151.30,682.52,216.32,150.38,1,-1,-1,-1
2153,54,1137.56,685.03,207.30,145.25,1,-1,-1,-1
2154,54,1120.01,688.81,195.22,138.04,1,-1,-1,-1
2155,54,1107.04,690.46,189.71,135.35,1,-1,-1,-1
2156,54,1095.78,691.26,185.41,133.30,1,-1,-1,-1
2157,54,1079.71,695.16,174.33,125.26,1,-1,-1,-1
2158,54,1067.26,697.70,167.84,120.19,1,-1,-1,-1
2159,54,1057.24,700.22,161.82,115.35,1,-1,-1,-1
2160,54,1039.99,702.97,155.58,109.82,1,-1,-1,-1
2161,54,1024.08,708.83,158.32,111.69,1,-1,-1,-1
2162,54,1010.71,710.50,159.58,112.59,1,-1,-1,-1
2163,54,992.88,710.93,160.20,113.70,1,-1,-1,-1
2164,54,981.27,711.07,159.43,113.77,1,-1,-1,-1
2165,54,970.43,711.30,156.73,112.50,1,-1,-1,-1
2166,54,963.08,712.80,151.44,109.07,1,-1,-1,-1
2167,54,947.40,712.83,151.54,109.88,1,-1,-1,-1
2168,54,936.40,714.00,148.46,107.95,1,-1,-1,-1
2169,54,923.96,714.51,147.77,107.87,1,-1,-1,-1
2170,54,909.46,716.00,145.34,106.09,1,-1,-1,-1
2173,54,881.17,717.08,146.39,107.45,1,-1,-1,-1
2174,54,872.29,718.69,144.79,106.83,1,-1,-1,-1
2175,54,867.45,720.80,141.84,104.49,1,-1,-1,-1
2176,54,853.43,722.20,137.92,102.74,1,-1,-1,-1
2177,54,850.67,732.91,118.99,87.66,1,-1,-1,-1
2178,54,844.43,737.74,110.46,80.78,1,-1,-1,-1
2179,54,826.94,741.54,106.77,78.86,1,-1,-1,-1
2180,54,818.95,743.78,104.07,76.51,1,-1,-1,-1
2181,54,813.01,746.19,101.31,73.31,1,-1,-1,-1
2182,54,805.41,747.63,99.42,70.47,1,-1,-1,-1
2183,54,797.38,747.86,100.28,69.79,1,-1,-1,-1
2184,54,782.28,751.31,97.42,68.04,1,-1,-1,-1
2185,54,775.61,753.48,96.87,67.31,1,-1,-1,-1
2186,54,771.91,756.57,92.44,63.56,1,-1,-1,-1
2187,54,766.96,759.19,89.08,60.61,1,-1,-1,-1
2188,54,760.31,760.06,88.92,59.59,1,-1,-1,-1
2189,54,754.55,760.50,87.66,57.76,1,-1,-1,-1
2190,54,738.67,762.60,86.01,56.00,1,-1,-1,-1
2191,54,732.16,764.17,83.68,53.86,1,-1,-1,-1
2192,54,727.87,765.09,80.71,51.78,1,-1,-1,-1
2193,54,724.01,765.61,78.11,50.35,1,-1,-1,-1
2194,54,719.82,765.80,76.48,49.69,1,-1,-1,-1
2195,54,716.60,765.93,74.33,48.88,1,-1,-1,-1
2196,54,713.39,765.54,72.60,48.39,1,-1,-1,-1
2197,54,707.45,766.56,70.26,46.83,1,-1,-1,-1
2205,54,643.07,774.24,73.54,50.26,1,-1,-1,-1
2206,54,639.65,774.99,72.17,49.41,1,-1,-1,-1
2207,54,636.51,775.08,71.75,49.06,1,-1,-1,-1
2208,54,633.17,775.29,71.78,48.99,1,-1,-1,-1
2209,54,629.79,775.57,71.97,48.83,1,-1,-1,-1
2210,54,627.49,777.06,70.57,47.31,1,-1,-1,-1
2211,54,626.54,779.17,67.18,44.26,1,-1,-1,-1
2212,54,626.59,781.38,62.67,40.57,1,-1,-1,-1
2213,54,625.93,782.90,58.67,37.76,1,-1,-1,-1
2214,54,603.99,784.81,58.13,37.02,1,-1,-1,-1
2215,54,594.33,785.50,58.78,36.88,1,-1,-1,-1
2216,54,587.49,785.79,59.65,36.70,1,-1,-1,-1
2217,54,581.44,785.56,61.00,36.89,1,-1,-1,-1
2218,54,575.00,784.74,64.06,38.22,1,-1,-1,-1
2219,54,569.77,783.85,66.78,39.44,1,-1,-1,-1
2220,54,565.32,783.12,68.95,40.34,1,-1,-1,-1
2221,54,562.29,782.73,70.42,40.98,1,-1,-1,-1
2222,54,556.62,783.00,70.29,40.90,1,-1,-1,-1
2251,57,578.78,805.94,63.23,57.88,1,-1,-1,-1
2252,57,583.52,807.69,63.38,57.73,1,-1,-1,-1
2253,57,589.27,809.93,62.37,56.29,1,-1,-1,-1
2254,57,592.80,810.98,63.72,56.76,1,-1,-1,-1
2255,57,596.82,812.24,63.44,56.51,1,-1,-1,-1
2258,57,629.24,810.19,62.45,55.10,1,-1,-1,-1
2259,57,636.40,810.59,63.61,55.64,1,-1,-1,-1
2260,57,641.66,811.74,65.15,56.70,1,-1,-1,-1
2261,57,645.63,813.10,66.32,57.76,1,-1,-1,-1
2262,57,648.96,814.39,66.90,58.79,1,-1,-1,-1
2263,57,654.89,815.12,67.13,58.99,1,-1,-1,-1
2270,58,734.21,813.15,76.18,67.71,1,-1,-1,-1
2271,58,739.22,815.44,75.41,66.41,1,-1,-1,-1
2272,58,757.39,819.76,74.67,65.18,1,-1,-1,-1
2273,58,765.64,821.25,77.02,66.20,1,-1,-1,-1
2274,58,770.74,819.09,84.99,72.01,1,-1,-1,-1
2275,58,776.36,817.03,92.36,77.18,1,-1,-1,-1
2276,58,782.52,816.16,95.21,78.86,1,-1,-1,-1
2277,58,799.89,823.44,98.63,80.77,1,-1,-1,-1
2278,58,807.71,819.52,117.46,94.85,1,-1,-1,-1
2279,58,813.68,817.52,128.40,102.84,1,-1,-1,-1
2280,58,823.30,817.03,136.39,109.44,1,-1,-1,-1
2281,58,831.24,817.73,142.94,115.45,1,-1,-1,-1
2282,58,841.66,819.83,147.95,120.17,1,-1,-1,-1
2283,58,851.86,822.28,151.24,123.16,1,-1,-1,-1
2284,58,870.10,825.23,155.16,126.05,1,-1,-1,-1
2285,58,884.73,829.39,159.24,129.02,1,-1,-1,-1
2286,58,902.33,829.07,175.08,141.58,1,-1,-1,-1
2287,58,916.28,829.55,183.19,148.37,1,-1,-1,-1
2288,58,943.38,839.27,188.94,151.64,1,-1,-1,-1
2289,58,957.71,842.51,200.38,160.82,1,-1,-1,-1
2290,58,984.69,846.83,213.47,170.52,1,-1,-1,-1
2291,58,1001.51,853.13,220.01,175.87,1,-1,-1,-1
2292,58,1032.75,860.22,227.47,180.36,1,-1,-1,-1
2293,58,1072.47,869.42,252.80,195.38,1,-1,-1,-1
2294,58,1098.70,873.91,275.32,209.62,1,-1,-1,-1
2295,58,1134.41,875.02,316.47,237.55,1,-1,-1,-1
2296,58,1156.26,879.52,349.59,259.28,1,-1,-1,-1
2297,58,1212.80,887.93,376.80,276.49,1,-1,-1,-1
2298,58,1341.78,923.50,406.35,287.02,1,-1,-1,-1
2299,58,1359.42,897.65,548.56,391.38,1,-1,-1,-1
2300,58,1454.50,897.90,653.51,462.28,1,-1,-1,-1
2301,58,1582.65,905.18,752.56,527.30,1,-1,-1,-1
2302,58,1654.33,924.27,796.29,559.76,1,-1,-1,-1
2303,58,1691.56,928.42,826.44,580.95,1,-1,-1,-1
2360,60,553.49,785.32,65.34,67.18,1,-1,-1,-1
2361,60,570.85,796.19,53.06,53.96,1,-1,-1,-1
2362,60,579.25,799.01,50.11,50.20,1,-1,-1,-1
2363,60,584.76,799.54,50.05,49.31,1,-1,-1,-1
2364,60,589.59,800.55,50.88,49.31,1,-1,-1,-1
2365,60,595.55,801.88,51.91,49.50,1,-1,-1,-1
2365,61,2084.38,675.80,427.73,271.10,1,-1,-1,-1
2366,60,601.40,803.60,53.10,49.94,1,-1,-1,-1
2366,61,2058.97,688.34,373.69,230.28,1,-1,-1,-1
2367,60,606.10,804.91,54.49,50.75,1,-1,-1,-1
2367,61,2049.05,692.92,346.25,213.36,1,-1,-1,-1
2367,62,1526.91,701.20,573.54,189.08,1,-1,-1,-1
2368,60,617.99,804.84,56.90,52.51,1,-1,-1,-1
2368,62,1470.11,705.16,527.02,174.94,1,-1,-1,-1
2369,60,623.95,804.51,59.52,54.47,1,-1,-1,-1
2369,62,1388.25,706.09,505.46,169.68,1,-1,-1,-1
2370,60,628.05,803.78,62.55,56.80,1,-1,-1,-1
2370,62,1297.48,701.03,511.52,174.56,1,-1,-1,-1
2371,60,632.59,803.09,64.61,58.10,1,-1,-1,-1
2371,62,1263.81,699.90,471.82,165.37,1,-1,-1,-1
2372,60,637.20,802.81,65.28,58.18,1,-1,-1,-1
2372,62,1234.95,701.08,433.27,156.30,1,-1,-1,-1
2373,60,641.85,802.96,65.50,58.06,1,-1,-1,-1
2373,62,1205.13,705.56,394.15,146.65,1,-1,-1,-1
2374,60,645.38,803.51,65.21,57.89,1,-1,-1,-1
2374,62,1199.70,708.45,364.77,139.04,1,-1,-1,-1
2375,60,649.05,803.82,65.20,58.13,1,-1,-1,-1
2375,62,1172.98,710.51,344.15,134.92,1,-1,-1,-1
2376,60,652.66,805.04,63.63,57.16,1,-1,-1,-1
2376,62,1144.13,712.59,320.76,129.56,1,-1,-1,-1
2377,60,665.35,805.05,67.11,59.32,1,-1,-1,-1
2377,62,1135.30,715.23,296.94,123.57,1,-1,-1,-1
2378,60,673.63,806.20,68.67,60.12,1,-1,-1,-1
2378,62,1109.89,715.20,282.14,121.05,1,-1,-1,-1
2379,60,680.28,805.81,70.17,61.20,1,-1,-1,-1
2379,62,1101.50,717.44,261.54,115.25,1,-1,-1,-1
2380,60,684.39,803.87,73.86,64.63,1,-1,-1,-1
2380,62,1077.03,716.51,251.95,114.50,1,-1,-1,-1
2381,60,708.62,801.51,73.47,65.23,1,-1,-1,-1
2381,62,1066.90,718.54,235.72,110.07,1,-1,-1,-1
2382,60,721.45,800.89,74.45,66.42,1,-1,-1,-1
2382,62,1044.83,719.08,226.54,108.97,1,-1,-1,-1
2383,60,730.06,801.77,75.26,66.57,1,-1,-1,-1
2383,62,1034.97,721.93,209.82,103.35,1,-1,-1,-1
2384,60,734.07,801.42,79.01,68.94,1,-1,-1,-1
2384,62,1014.61,721.75,206.14,104.42,1,-1,-1,-1
2385,60,735.91,800.39,83.96,71.50,1,-1,-1,-1
2385,62,1003.12,721.95,196.83,102.24,1,-1,-1,-1
2386,60,737.11,799.26,88.78,73.71,1,-1,-1,-1
2386,62,993.84,722.68,187.68,99.82,1,-1,-1,-1
2387,60,750.14,799.57,93.10,76.38,1,-1,-1,-1
2387,62,976.36,721.75,184.56,100.52,1,-1,-1,-1
2388,60,756.87,799.57,98.01,79.58,1,-1,-1,-1
2388,62,963.53,721.60,180.45,100.63,1,-1,-1,-1
2389,60,763.37,798.50,102.51,82.71,1,-1,-1,-1
2389,62,953.51,721.97,173.35,98.63,1,-1,-1,-1
2390,60,768.49,797.01,106.54,85.97,1,-1,-1,-1
2390,62,943.46,730.44,152.88,88.39,1,-1,-1,-1
2391,60,772.78,792.80,114.10,92.33,1,-1,-1,-1
2391,62,937.03,732.57,144.98,84.12,1,-1,-1,-1
2392,60,786.80,794.75,115.46,92.42,1,-1,-1,-1
2392,62,930.55,734.22,138.30,79.94,1,-1,-1,-1
2393,60,795.17,794.20,122.35,97.10,1,-1,-1,-1
2393,62,926.30,736.20,129.23,74.54,1,-1,-1,-1
2394,60,805.19,797.14,124.51,97.90,1,-1,-1,-1
2394,62,908.75,738.82,126.81,73.51,1,-1,-1,-1
2395,60,813.80,798.14,127.50,99.70,1,-1,-1,-1
2395,62,900.15,740.22,120.60,69.47,1,-1,-1,-1
2396,60,831.36,797.46,130.06,100.45,1,-1,-1,-1
2396,62,897.26,742.23,109.63,63.23,1,-1,-1,-1
2397,60,841.38,794.18,137.98,105.53,1,-1,-1,-1
2397,62,899.13,744.71,98.05,56.98,1,-1,-1,-1
2398,60,846.82,789.22,149.85,114.17,1,-1,-1,-1
2398,62,875.51,751.37,93.50,53.21,1,-1,-1,-1
2399,60,849.01,784.51,161.90,123.55,1,-1,-1,-1
2399,62,863.64,754.34,93.96,52.96,1,-1,-1,-1
2400,60,862.00,788.62,164.70,125.59,1,-1,-1,-1
2400,62,854.35,755.43,97.26,55.32,1,-1,-1,-1
2401,60,872.78,798.78,169.71,129.53,1,-1,-1,-1
2401,62,845.31,755.46,101.23,58.52,1,-1,-1,-1
2402,60,882.73,802.82,175.11,133.99,1,-1,-1,-1
2402,62,820.67,754.48,110.79,64.86,1,-1,-1,-1
2403,60,897.13,803.47,182.35,139.60,1,-1,-1,-1
2403,62,809.21,754.60,113.67,66.85,1,-1,-1,-1
2404,60,908.10,804.86,186.95,142.93,1,-1,-1,-1
2404,62,800.92,755.55,111.41,65.89,1,-1,-1,-1
2405,60,919.20,806.41,191.45,146.17,1,-1,-1,-1
2405,62,794.01,755.98,108.06,64.29,1,-1,-1,-1
2406,60,937.80,806.73,201.17,153.08,1,-1,-1,-1
2406,62,779.70,757.99,104.51,62.94,1,-1,-1,-1
2407,60,949.65,808.90,209.67,159.31,1,-1,-1,-1
2407,62,771.05,758.54,104.66,63.65,1,-1,-1,-1
2408,60,961.19,812.44,215.14,163.35,1,-1,-1,-1
2408,62,767.03,761.33,98.45,60.08,1,-1,-1,-1
2409,60,980.68,814.55,228.26,173.16,1,-1,-1,-1
2409,62,763.23,764.29,91.59,55.84,1,-1,-1,-1
2410,60,995.77,816.06,233.18,177.08,1,-1,-1,-1
2410,62,759.79,766.79,86.11,52.07,1,-1,-1,-1
2411,60,1021.74,821.23,245.62,186.78,1,-1,-1,-1
2411,62,756.24,767.63,82.06,49.22,1,-1,-1,-1
2412,60,1036.51,821.52,255.35,195.87,1,-1,-1,-1
2412,62,738.25,769.62,83.46,49.46,1,-1,-1,-1
2413,60,1065.34,821.81,276.59,210.47,1,-1,-1,-1
2413,62,729.64,770.79,84.58,49.53,1,-1,-1,-1
2414,60,1087.14,820.61,299.53,226.10,1,-1,-1,-1
2414,62,724.64,772.57,82.79,48.05,1,-1,-1,-1
2415,60,1115.79,820.06,328.31,245.47,1,-1,-1,-1
2415,62,721.59,774.06,80.72,46.56,1,-1,-1,-1
