221,1,573.128,803.030,74.574,51.281,1,-1,-1,-1
222,1,576.380,800.861,79.710,56.556,1,-1,-1,-1
223,1,582.740,804.585,81.424,52.170,1,-1,-1,-1
224,1,589.268,805.304,82.238,51.200,1,-1,-1,-1
225,1,598.054,809.178,77.174,47.094,1,-1,-1,-1
226,1,610.134,812.948,73.220,43.455,1,-1,-1,-1
227,1,619.079,809.494,72.727,45.630,1,-1,-1,-1
228,1,623.485,809.353,75.422,46.000,1,-1,-1,-1
229,1,634.786,805.068,72.941,52.886,1,-1,-1,-1
230,1,642.515,804.811,69.440,53.633,1,-1,-1,-1
231,1,655.715,800.124,76.459,61.698,1,-1,-1,-1
232,1,665.123,803.180,68.175,59.178,1,-1,-1,-1
233,1,676.186,806.154,68.749,58.589,1,-1,-1,-1
234,1,686.351,808.037,68.749,58.589,1,-1,-1,-1
235,1,696.515,809.919,68.749,58.589,1,-1,-1,-1
236,1,698.953,798.285,91.809,71.258,1,-1,-1,-1
237,1,697.527,792.568,104.177,77.829,1,-1,-1,-1
238,1,731.942,809.200,84.853,64.873,1,-1,-1,-1
239,1,732.441,802.858,94.789,75.838,1,-1,-1,-1
240,1,739.983,805.261,101.860,77.845,1,-1,-1,-1
241,1,754.630,808.555,101.591,74.773,1,-1,-1,-1
242,1,764.480,806.596,109.088,80.478,1,-1,-1,-1
243,1,782.155,808.817,107.171,82.214,1,-1,-1,-1
244,1,784.298,808.064,118.483,85.315,1,-1,-1,-1
245,1,806.716,808.034,114.894,90.476,1,-1,-1,-1
246,1,815.744,807.546,123.990,96.431,1,-1,-1,-1
247,1,831.090,814.297,130.373,98.021,1,-1,-1,-1
248,1,840.430,813.029,139.547,103.428,1,-1,-1,-1
249,1,857.451,813.941,145.366,110.753,1,-1,-1,-1
250,1,874.472,814.852,151.185,118.077,1,-1,-1,-1
251,1,891.493,815.764,157.004,125.402,1,-1,-1,-1
252,1,906.323,813.919,169.634,132.924,1,-1,-1,-1
253,1,926.385,817.644,178.196,134.672,1,-1,-1,-1
254,1,947.842,820.973,188.292,137.466,1,-1,-1,-1
255,1,972.041,824.738,204.151,147.100,1,-1,-1,-1
256,1,996.239,828.504,220.009,156.734,1,-1,-1,-1
257,1,1020.438,832.269,235.868,166.368,1,-1,-1,-1
258,1,1049.478,835.277,259.118,176.405,1,-1,-1,-1
259,1,1073.952,838.325,290.670,191.849,1,-1,-1,-1
260,1,1124.734,845.205,325.040,211.250,1,-1,-1,-1
261,1,1168.955,847.422,350.684,242.096,1,-1,-1,-1
262,1,1219.267,847.284,397.030,266.891,1,-1,-1,-1
263,1,1274.272,864.363,451.228,276.925,1,-1,-1,-1
264,1,1331.524,873.840,534.462,303.688,1,-1,-1,-1
265,1,1427.987,881.811,605.109,350.656,1,-1,-1,-1
266,1,1527.362,898.299,727.618,407.889,1,-1,-1,-1
267,1,1654.504,899.037,900.415,486.423,1,-1,-1,-1
268,1,1716.234,985.776,842.766,453.425,1,-1,-1,-1
269,1,2056.504,970.039,495.154,542.754,1,-1,-1,-1
732,2,1885.517,663.615,551.932,254.128,1,-1,-1,-1
733,2,1799.119,663.733,477.730,244.549,1,-1,-1,-1
734,2,1718.451,674.822,433.133,212.952,1,-1,-1,-1
735,2,1651.333,686.573,394.830,201.313,1,-1,-1,-1
736,2,1590.141,686.396,359.302,192.550,1,-1,-1,-1
737,2,1531.036,688.481,326.472,180.710,1,-1,-1,-1
738,2,1482.698,698.024,298.692,165.132,1,-1,-1,-1
739,2,1433.754,699.593,271.019,160.903,1,-1,-1,-1
740,2,1394.259,701.412,269.265,155.866,1,-1,-1,-1
741,2,1352.260,704.826,249.264,143.962,1,-1,-1,-1
741,3,560.490,782.915,95.420,60.589,1,-1,-1,-1
742,2,1322.488,701.304,222.159,145.181,1,-1,-1,-1
742,3,571.487,787.013,91.890,56.395,1,-1,-1,-1
743,2,1286.789,706.402,214.437,132.963,1,-1,-1,-1
743,3,575.622,785.987,92.230,57.398,1,-1,-1,-1
744,2,1256.076,710.194,200.856,127.624,1,-1,-1,-1
744,3,580.469,787.461,93.437,56.468,1,-1,-1,-1
745,2,1224.482,710.753,196.446,124.706,1,-1,-1,-1
745,3,583.140,787.134,98.158,59.171,1,-1,-1,-1
746,3,590.557,788.667,89.882,56.803,1,-1,-1,-1
746,2,1196.248,709.759,183.391,124.490,1,-1,-1,-1
747,2,1176.434,716.101,164.607,113.528,1,-1,-1,-1
747,3,608.500,787.135,82.908,57.433,1,-1,-1,-1
748,2,1154.654,717.261,156.532,110.672,1,-1,-1,-1
748,3,615.679,788.494,83.181,56.584,1,-1,-1,-1
749,2,1126.115,714.116,157.796,110.567,1,-1,-1,-1
749,3,624.324,787.052,80.764,60.444,1,-1,-1,-1
750,2,1111.656,722.648,139.064,99.740,1,-1,-1,-1
750,3,628.944,787.476,77.755,61.868,1,-1,-1,-1
751,3,634.195,788.182,75.562,61.466,1,-1,-1,-1
751,2,1087.313,726.182,135.507,96.607,1,-1,-1,-1
752,3,637.872,789.304,73.702,62.079,1,-1,-1,-1
752,2,1069.496,722.485,132.020,97.983,1,-1,-1,-1
753,3,641.253,791.393,73.619,60.167,1,-1,-1,-1
753,2,1049.126,726.040,127.484,93.806,1,-1,-1,-1
754,2,1029.026,729.619,128.068,88.829,1,-1,-1,-1
754,3,652.601,780.381,92.589,68.551,1,-1,-1,-1
755,3,657.755,783.489,90.820,66.267,1,-1,-1,-1
755,2,1009.217,730.956,124.683,88.091,1,-1,-1,-1
756,3,665.829,783.368,90.820,66.267,1,-1,-1,-1
756,2,995.183,730.827,120.333,87.821,1,-1,-1,-1
757,2,977.629,730.099,117.237,82.988,1,-1,-1,-1
757,3,695.768,775.301,78.588,64.449,1,-1,-1,-1
758,2,967.689,731.426,115.187,84.460,1,-1,-1,-1
758,3,692.264,774.098,92.177,70.037,1,-1,-1,-1
759,2,948.269,734.270,111.046,81.047,1,-1,-1,-1
759,3,687.060,771.454,109.224,79.562,1,-1,-1,-1
760,2,934.392,734.598,112.380,81.051,1,-1,-1,-1
760,3,691.561,764.868,114.834,83.447,1,-1,-1,-1
761,2,918.204,736.416,104.867,76.529,1,-1,-1,-1
761,3,716.663,773.966,97.551,78.059,1,-1,-1,-1
762,3,719.895,769.480,106.962,87.783,1,-1,-1,-1
762,2,911.462,732.154,103.000,78.793,1,-1,-1,-1
763,3,728.796,768.052,112.475,93.195,1,-1,-1,-1
763,2,894.580,739.709,101.309,73.171,1,-1,-1,-1
764,3,734.579,771.521,118.101,91.671,1,-1,-1,-1
764,2,881.206,739.241,100.823,74.799,1,-1,-1,-1
765,3,745.348,772.873,113.603,85.948,1,-1,-1,-1
765,2,873.178,751.416,78.748,65.176,1,-1,-1,-1
766,3,750.204,765.359,136.920,97.430,1,-1,-1,-1
766,2,861.935,751.111,77.585,60.789,1,-1,-1,-1
767,3,755.360,765.065,140.914,98.087,1,-1,-1,-1
767,2,856.672,752.331,74.564,52.311,1,-1,-1,-1
768,3,761.984,766.405,138.441,101.110,1,-1,-1,-1
769,3,771.003,759.681,134.454,110.586,1,-1,-1,-1
769,4,1914.802,664.812,626.332,232.139,1,-1,-1,-1
770,4,1807.287,659.448,587.524,228.043,1,-1,-1,-1
770,3,780.206,757.956,136.525,111.544,1,-1,-1,-1
771,3,779.562,754.701,149.252,116.739,1,-1,-1,-1
771,4,1743.075,670.192,529.671,213.834,1,-1,-1,-1
772,3,784.509,764.756,153.082,111.400,1,-1,-1,-1
772,4,1678.066,667.728,462.954,205.720,1,-1,-1,-1
773,3,795.992,768.737,152.909,109.245,1,-1,-1,-1
773,4,1615.790,673.044,408.616,190.617,1,-1,-1,-1
774,5,754.034,759.851,78.536,59.306,1,-1,-1,-1
774,3,813.846,773.432,146.117,109.448,1,-1,-1,-1
774,4,1564.411,673.897,372.013,182.015,1,-1,-1,-1
775,5,742.787,761.294,84.443,56.781,1,-1,-1,-1
775,3,814.843,773.884,158.955,113.290,1,-1,-1,-1
775,4,1519.489,677.767,333.967,171.599,1,-1,-1,-1
776,5,735.911,763.647,76.173,51.993,1,-1,-1,-1
776,3,832.730,773.229,152.775,115.567,1,-1,-1,-1
776,4,1470.946,683.699,311.129,161.617,1,-1,-1,-1
777,5,730.037,763.434,69.564,50.299,1,-1,-1,-1
777,3,842.628,771.802,157.878,120.827,1,-1,-1,-1
777,4,1432.994,691.575,282.243,151.853,1,-1,-1,-1
778,4,1389.439,695.199,264.078,142.073,1,-1,-1,-1
778,5,715.519,764.103,69.296,52.521,1,-1,-1,-1
778,3,849.312,770.613,159.188,124.330,1,-1,-1,-1
779,3,858.641,768.400,160.597,130.942,1,-1,-1,-1
779,4,1353.363,695.488,251.030,138.718,1,-1,-1,-1
779,5,719.843,765.227,57.391,51.197,1,-1,-1,-1
780,3,863.860,764.139,169.440,141.025,1,-1,-1,-1
780,5,721.605,768.623,46.151,42.522,1,-1,-1,-1
780,4,1318.169,695.854,234.913,134.569,1,-1,-1,-1
781,3,870.820,763.514,177.648,142.821,1,-1,-1,-1
781,4,1285.757,703.433,224.352,123.770,1,-1,-1,-1
782,3,882.291,752.972,188.798,166.107,1,-1,-1,-1
782,4,1253.902,704.181,216.014,120.210,1,-1,-1,-1
783,3,887.130,769.912,193.160,163.426,1,-1,-1,-1
783,4,1219.843,699.528,203.765,124.960,1,-1,-1,-1
784,4,1191.751,704.192,191.380,119.511,1,-1,-1,-1
784,3,896.518,772.810,196.054,160.353,1,-1,-1,-1
785,4,1172.050,707.540,176.004,113.074,1,-1,-1,-1
785,3,916.835,777.084,200.070,163.004,1,-1,-1,-1
786,4,1145.408,712.373,167.579,107.222,1,-1,-1,-1
786,3,928.577,780.131,206.760,161.407,1,-1,-1,-1
787,3,926.931,777.219,217.080,165.560,1,-1,-1,-1
787,4,1129.385,714.466,150.553,101.930,1,-1,-1,-1
787,6,646.508,784.445,48.008,36.869,1,-1,-1,-1
788,3,924.107,780.865,229.154,170.404,1,-1,-1,-1
788,4,1103.145,720.769,147.382,94.345,1,-1,-1,-1
788,6,634.153,786.338,55.220,36.816,1,-1,-1,-1
789,3,944.607,783.854,238.641,180.081,1,-1,-1,-1
789,4,1068.980,723.331,150.794,86.613,1,-1,-1,-1
789,6,630.356,787.947,52.817,34.454,1,-1,-1,-1
790,6,609.092,790.918,56.703,33.992,1,-1,-1,-1
790,4,1062.691,719.928,141.001,87.143,1,-1,-1,-1
790,3,956.904,781.121,245.705,192.104,1,-1,-1,-1
791,6,601.961,788.766,67.103,37.616,1,-1,-1,-1
791,4,1026.570,721.085,144.439,83.366,1,-1,-1,-1
791,3,971.591,782.620,248.861,198.771,1,-1,-1,-1
792,3,982.878,784.597,269.818,208.188,1,-1,-1,-1
792,4,1006.954,727.708,139.120,77.502,1,-1,-1,-1
792,6,599.118,789.922,64.947,34.765,1,-1,-1,-1
793,6,593.731,788.990,66.909,35.349,1,-1,-1,-1
793,3,1002.564,791.625,278.984,214.575,1,-1,-1,-1
793,4,989.347,727.983,134.308,83.305,1,-1,-1,-1
794,6,592.654,787.176,61.478,35.876,1,-1,-1,-1
794,3,1020.358,799.613,286.286,216.042,1,-1,-1,-1
794,4,974.689,729.490,131.296,79.531,1,-1,-1,-1
795,3,1033.173,801.073,313.054,227.458,1,-1,-1,-1
795,4,963.598,733.939,124.707,78.319,1,-1,-1,-1
795,6,586.377,788.112,65.077,36.258,1,-1,-1,-1
796,3,1045.988,802.534,339.821,238.875,1,-1,-1,-1
796,4,945.696,736.598,117.371,74.647,1,-1,-1,-1
797,3,1058.803,803.994,366.589,250.291,1,-1,-1,-1
797,4,926.411,735.583,118.927,81.189,1,-1,-1,-1
798,4,911.207,736.897,109.620,77.486,1,-1,-1,-1
798,3,1080.346,801.033,390.328,267.774,1,-1,-1,-1
799,4,890.514,737.548,119.561,79.845,1,-1,-1,-1
799,3,1101.888,798.072,414.067,285.257,1,-1,-1,-1
800,4,886.765,739.082,102.762,75.821,1,-1,-1,-1
800,3,1123.431,795.111,437.806,302.740,1,-1,-1,-1
801,3,1145.897,792.027,481.418,332.879,1,-1,-1,-1
801,4,857.933,749.495,106.561,70.272,1,-1,-1,-1
802,3,1168.364,788.942,525.031,363.019,1,-1,-1,-1
802,4,848.691,748.211,104.613,68.290,1,-1,-1,-1
803,4,839.970,750.038,96.272,63.880,1,-1,-1,-1
803,3,1190.830,785.858,568.643,393.158,1,-1,-1,-1
804,4,821.410,758.524,101.972,62.358,1,-1,-1,-1
804,3,1219.479,791.623,634.077,402.230,1,-1,-1,-1
805,4,806.832,757.404,100.497,61.003,1,-1,-1,-1
805,3,1248.127,797.389,699.511,411.302,1,-1,-1,-1
806,7,2191.535,658.060,365.525,282.426,1,-1,-1,-1
806,4,797.026,757.291,95.851,59.335,1,-1,-1,-1
806,3,1304.350,804.761,745.842,444.859,1,-1,-1,-1
807,7,2067.248,659.204,486.631,282.691,1,-1,-1,-1
807,4,779.630,754.993,98.441,63.563,1,-1,-1,-1
807,3,1360.150,802.091,820.168,495.503,1,-1,-1,-1
808,3,1415.950,799.421,894.494,546.147,1,-1,-1,-1
808,7,1986.034,644.918,557.868,290.897,1,-1,-1,-1
808,4,769.087,758.557,94.978,58.666,1,-1,-1,-1
809,7,1867.337,654.886,588.930,256.726,1,-1,-1,-1
809,4,766.541,757.486,84.630,58.586,1,-1,-1,-1
809,3,1482.194,806.537,949.543,581.168,1,-1,-1,-1
810,4,748.759,762.856,84.485,57.134,1,-1,-1,-1
810,3,1548.438,813.654,1004.592,616.190,1,-1,-1,-1
810,7,1798.660,660.207,502.302,213.270,1,-1,-1,-1
811,4,740.967,764.606,86.773,55.023,1,-1,-1,-1
811,3,1637.077,828.417,903.999,667.503,1,-1,-1,-1
811,7,1692.871,665.341,487.213,224.781,1,-1,-1,-1
812,4,732.697,765.453,79.427,51.661,1,-1,-1,-1
812,8,1540.971,497.230,71.977,58.339,1,-1,-1,-1
812,3,1488.252,753.106,821.817,606.821,1,-1,-1,-1
812,7,1624.331,670.179,459.027,221.686,1,-1,-1,-1
813,8,1540.141,497.941,70.406,58.904,1,-1,-1,-1
813,4,729.511,766.004,71.698,49.431,1,-1,-1,-1
813,7,1571.403,674.342,414.523,199.907,1,-1,-1,-1
813,3,1814.276,850.005,740.661,617.184,1,-1,-1,-1
814,7,1524.483,674.678,379.433,197.735,1,-1,-1,-1
814,3,1929.088,879.664,604.874,550.596,1,-1,-1,-1
814,8,1540.346,498.550,69.542,58.552,1,-1,-1,-1
814,4,719.772,765.438,64.359,50.055,1,-1,-1,-1
815,7,1475.081,682.207,341.447,179.361,1,-1,-1,-1
815,3,2094.252,902.834,452.613,584.209,1,-1,-1,-1
815,4,719.103,765.859,55.283,47.270,1,-1,-1,-1
816,3,2292.958,783.966,258.237,743.216,1,-1,-1,-1
816,4,715.500,767.912,48.888,43.984,1,-1,-1,-1
816,7,1445.099,689.234,304.130,161.367,1,-1,-1,-1
817,7,1397.610,699.696,282.238,148.884,1,-1,-1,-1
817,4,702.350,765.411,49.560,45.241,1,-1,-1,-1
818,4,691.745,764.090,49.560,45.241,1,-1,-1,-1
818,7,1352.882,699.067,261.865,143.137,1,-1,-1,-1
819,4,681.139,762.770,49.560,45.241,1,-1,-1,-1
819,7,1320.189,695.618,252.860,144.937,1,-1,-1,-1
820,4,670.534,761.449,49.560,45.241,1,-1,-1,-1
820,7,1289.345,699.060,233.759,140.812,1,-1,-1,-1
821,4,659.928,760.128,49.560,45.241,1,-1,-1,-1
821,7,1256.432,700.489,212.418,134.083,1,-1,-1,-1
822,4,649.323,758.807,49.560,45.241,1,-1,-1,-1
822,7,1220.990,700.552,215.799,137.979,1,-1,-1,-1
823,7,1194.126,709.734,202.066,124.587,1,-1,-1,-1
823,4,641.383,768.367,52.182,41.655,1,-1,-1,-1
824,4,633.444,777.928,54.804,38.070,1,-1,-1,-1
824,7,1167.855,712.226,188.440,120.184,1,-1,-1,-1
825,4,625.504,787.488,57.426,34.484,1,-1,-1,-1
825,7,1145.768,716.169,173.049,112.107,1,-1,-1,-1
826,4,608.328,790.265,60.419,31.155,1,-1,-1,-1
826,7,1124.477,716.756,162.511,109.589,1,-1,-1,-1
827,4,599.101,787.971,68.902,37.204,1,-1,-1,-1
827,7,1104.757,720.419,148.636,102.815,1,-1,-1,-1
828,7,1073.574,728.726,152.424,95.259,1,-1,-1,-1
828,4,596.871,788.124,67.821,36.500,1,-1,-1,-1
829,4,593.396,785.374,68.210,37.413,1,-1,-1,-1
829,7,1051.243,726.073,154.134,99.493,1,-1,-1,-1
830,4,588.246,784.412,66.296,38.320,1,-1,-1,-1
830,7,1035.373,729.563,139.805,92.490,1,-1,-1,-1
831,4,588.078,785.962,63.626,35.320,1,-1,-1,-1
831,7,1014.341,732.362,138.912,87.222,1,-1,-1,-1
832,4,581.000,786.231,66.631,35.552,1,-1,-1,-1
832,7,989.692,733.320,140.605,87.369,1,-1,-1,-1
833,7,989.296,730.762,118.630,82.457,1,-1,-1,-1
833,4,550.087,782.975,81.062,41.820,1,-1,-1,-1
834,7,964.971,733.952,124.306,86.090,1,-1,-1,-1
834,4,557.509,786.190,79.738,40.096,1,-1,-1,-1
835,4,550.907,782.065,72.399,41.627,1,-1,-1,-1
835,7,957.285,733.912,110.373,81.402,1,-1,-1,-1
836,4,552.536,782.109,66.083,39.907,1,-1,-1,-1
836,7,933.862,736.767,118.570,79.075,1,-1,-1,-1
837,7,918.341,736.266,112.159,80.514,1,-1,-1,-1
838,7,908.661,736.588,107.995,75.711,1,-1,-1,-1
839,7,890.969,738.599,104.279,76.190,1,-1,-1,-1
840,7,887.968,743.187,95.122,69.810,1,-1,-1,-1
841,7,856.214,746.217,107.654,73.559,1,-1,-1,-1
842,7,847.857,748.905,95.010,67.829,1,-1,-1,-1
843,7,838.043,753.014,91.934,63.039,1,-1,-1,-1
844,7,820.362,754.303,96.190,66.450,1,-1,-1,-1
845,7,812.979,753.583,89.344,63.710,1,-1,-1,-1
846,7,793.208,754.916,96.439,61.718,1,-1,-1,-1
847,7,778.352,755.024,96.695,64.675,1,-1,-1,-1
848,7,771.014,755.268,89.261,61.283,1,-1,-1,-1
849,7,765.706,756.251,81.788,59.980,1,-1,-1,-1
850,7,746.834,762.849,86.090,56.934,1,-1,-1,-1
851,7,735.912,762.241,88.840,57.698,1,-1,-1,-1
852,7,732.830,763.349,77.453,55.000,1,-1,-1,-1
853,7,728.237,761.869,71.316,55.661,1,-1,-1,-1
854,7,714.972,765.304,71.421,52.710,1,-1,-1,-1
855,7,719.451,765.996,54.947,49.014,1,-1,-1,-1
856,7,704.986,764.395,56.374,50.236,1,-1,-1,-1
857,7,693.971,763.399,56.374,50.236,1,-1,-1,-1
858,7,682.955,762.404,56.374,50.236,1,-1,-1,-1
859,7,671.940,761.408,56.374,50.236,1,-1,-1,-1
860,7,660.924,760.412,56.374,50.236,1,-1,-1,-1
861,7,649.909,759.417,56.374,50.236,1,-1,-1,-1
862,7,640.273,765.732,58.896,47.153,1,-1,-1,-1
863,7,630.637,772.047,61.417,44.071,1,-1,-1,-1
864,7,621.001,778.361,63.939,40.988,1,-1,-1,-1
865,7,611.365,784.676,66.460,37.906,1,-1,-1,-1
866,7,601.729,790.991,68.982,34.823,1,-1,-1,-1
867,7,597.518,790.182,71.012,35.279,1,-1,-1,-1
868,7,596.712,788.923,67.917,36.477,1,-1,-1,-1
869,7,592.417,787.107,67.549,35.571,1,-1,-1,-1
870,7,580.599,784.205,73.273,40.027,1,-1,-1,-1
871,7,584.790,784.187,64.054,39.440,1,-1,-1,-1
873,9,546.290,780.253,84.767,44.706,1,-1,-1,-1
874,9,548.508,779.796,77.281,44.556,1,-1,-1,-1
875,9,546.875,778.093,74.690,46.199,1,-1,-1,-1
930,10,8.170,1326.365,138.479,151.290,1,-1,-1,-1
931,10,6.759,1311.002,174.119,181.624,1,-1,-1,-1
932,10,0.000,1304.601,214.872,182.957,1,-1,-1,-1
933,10,4.047,1292.079,252.403,192.180,1,-1,-1,-1
934,10,6.660,1279.079,291.347,198.337,1,-1,-1,-1
935,10,0.000,1271.714,325.220,201.850,1,-1,-1,-1
936,10,0.000,1267.193,353.375,199.808,1,-1,-1,-1
937,10,0.000,1258.208,379.390,198.275,1,-1,-1,-1
938,10,0.000,1255.481,388.324,199.034,1,-1,-1,-1
939,10,2.592,1250.116,407.581,226.168,1,-1,-1,-1
940,10,0.000,1245.198,439.340,236.241,1,-1,-1,-1
941,10,0.000,1246.506,460.805,245.479,1,-1,-1,-1
942,10,0.000,1243.474,502.453,256.319,1,-1,-1,-1
943,11,418.835,1213.128,134.897,127.819,1,-1,-1,-1
943,10,5.845,1249.256,491.597,242.163,1,-1,-1,-1
944,11,418.827,1204.990,161.315,134.734,1,-1,-1,-1
944,10,4.962,1248.874,466.478,231.114,1,-1,-1,-1
945,10,11.343,1249.162,453.854,222.433,1,-1,-1,-1
945,11,420.778,1201.626,189.808,139.170,1,-1,-1,-1
946,10,31.093,1234.259,534.709,238.143,1,-1,-1,-1
946,11,411.889,1185.723,227.313,170.627,1,-1,-1,-1
947,10,60.010,1212.496,535.292,254.549,1,-1,-1,-1
948,10,81.602,1209.992,481.467,258.053,1,-1,-1,-1
949,10,98.177,1188.993,485.295,278.323,1,-1,-1,-1
950,10,128.188,1195.479,458.161,270.204,1,-1,-1,-1
951,10,147.639,1187.537,436.569,291.439,1,-1,-1,-1
951,12,360.395,1159.319,371.151,179.283,1,-1,-1,-1
952,10,155.864,1194.483,432.193,288.216,1,-1,-1,-1
952,12,400.066,1146.803,339.351,192.271,1,-1,-1,-1
953,10,168.613,1194.212,423.193,280.742,1,-1,-1,-1
953,12,392.215,1151.411,364.953,176.550,1,-1,-1,-1
954,10,201.967,1145.776,488.724,278.415,1,-1,-1,-1
954,12,394.269,1144.823,375.483,184.870,1,-1,-1,-1
955,10,226.485,1146.942,488.476,278.147,1,-1,-1,-1
956,13,226.956,1251.468,177.457,154.947,1,-1,-1,-1
956,10,289.641,1128.876,503.193,218.606,1,-1,-1,-1
957,13,244.689,1257.044,154.650,146.952,1,-1,-1,-1
957,10,315.579,1127.170,502.800,219.110,1,-1,-1,-1
958,10,332.685,1127.355,509.165,212.360,1,-1,-1,-1
958,13,256.957,1262.420,148.242,140.987,1,-1,-1,-1
959,10,345.949,1119.909,511.603,217.928,1,-1,-1,-1
960,10,359.213,1112.463,514.042,223.495,1,-1,-1,-1
961,10,372.477,1105.017,516.480,229.063,1,-1,-1,-1
962,10,382.529,1107.776,520.083,224.936,1,-1,-1,-1
963,10,378.981,1100.514,532.295,234.328,1,-1,-1,-1
964,10,381.259,1100.670,541.435,237.828,1,-1,-1,-1
965,10,388.802,1101.064,535.115,237.172,1,-1,-1,-1
966,10,400.159,1099.871,540.456,241.954,1,-1,-1,-1
967,10,404.595,1100.463,550.758,248.380,1,-1,-1,-1
968,10,419.059,1098.454,552.177,251.042,1,-1,-1,-1
969,10,419.375,1095.702,561.532,257.418,1,-1,-1,-1
970,10,423.251,1092.897,574.333,266.114,1,-1,-1,-1
971,10,429.720,1088.314,586.361,270.080,1,-1,-1,-1
972,10,432.296,1087.366,590.308,263.019,1,-1,-1,-1
973,10,429.322,1085.763,610.077,263.274,1,-1,-1,-1
974,10,442.891,1080.340,610.349,272.152,1,-1,-1,-1
975,10,466.031,1069.489,595.499,269.345,1,-1,-1,-1
976,10,475.305,1070.907,613.374,263.289,1,-1,-1,-1
977,10,480.871,1067.157,641.165,262.133,1,-1,-1,-1
978,10,509.656,1054.374,618.127,271.060,1,-1,-1,-1
979,10,548.137,1049.505,613.288,274.890,1,-1,-1,-1
980,10,569.287,1044.178,642.378,270.904,1,-1,-1,-1
981,10,590.879,1027.569,619.882,283.333,1,-1,-1,-1
982,10,641.440,1022.047,611.122,283.992,1,-1,-1,-1
983,10,659.247,1014.870,642.592,289.395,1,-1,-1,-1
984,10,674.532,1009.433,650.585,286.819,1,-1,-1,-1
985,10,715.936,1012.505,630.277,279.787,1,-1,-1,-1
986,10,733.619,1003.570,655.452,286.121,1,-1,-1,-1
987,10,766.533,995.634,664.417,277.663,1,-1,-1,-1
988,10,789.223,990.043,683.960,272.410,1,-1,-1,-1
989,10,832.424,992.358,663.937,279.103,1,-1,-1,-1
990,10,872.629,974.166,684.619,279.473,1,-1,-1,-1
991,10,897.393,973.982,697.316,279.574,1,-1,-1,-1
992,10,943.495,960.853,703.650,292.316,1,-1,-1,-1
993,10,954.851,973.497,728.486,275.365,1,-1,-1,-1
994,10,1020.644,953.683,695.837,309.171,1,-1,-1,-1
995,10,1041.705,949.636,720.514,319.148,1,-1,-1,-1
996,10,1063.144,947.016,739.741,338.080,1,-1,-1,-1
997,10,1116.161,955.202,745.531,344.996,1,-1,-1,-1
998,10,1182.347,950.213,741.727,357.941,1,-1,-1,-1
999,10,1198.107,941.676,781.608,398.763,1,-1,-1,-1
1000,10,1252.332,944.262,790.237,414.738,1,-1,-1,-1
1001,10,1294.731,946.632,840.758,433.379,1,-1,-1,-1
1002,10,1330.991,952.090,861.085,461.688,1,-1,-1,-1
1003,10,1396.951,969.403,922.086,451.387,1,-1,-1,-1
1004,10,1441.305,969.342,997.988,485.420,1,-1,-1,-1
1094,14,1896.361,599.507,660.118,366.629,1,-1,-1,-1
1095,14,1830.929,609.407,720.695,340.800,1,-1,-1,-1
1096,14,1775.476,609.765,692.827,330.036,1,-1,-1,-1
1097,15,1698.269,599.458,650.406,326.609,1,-1,-1,-1
1098,15,1649.363,615.639,602.220,299.983,1,-1,-1,-1
1099,15,1621.985,625.717,564.842,280.991,1,-1,-1,-1
1100,15,1571.853,626.177,527.948,266.539,1,-1,-1,-1
1101,15,1521.720,626.636,491.053,252.087,1,-1,-1,-1
1102,15,1507.059,631.979,440.461,240.795,1,-1,-1,-1
1103,15,1471.514,634.427,421.103,235.240,1,-1,-1,-1
1104,15,1430.001,637.594,401.485,226.533,1,-1,-1,-1
1105,15,1390.136,648.132,385.378,213.483,1,-1,-1,-1
1106,15,1379.705,650.781,352.958,198.983,1,-1,-1,-1
1107,15,1359.018,652.790,324.876,190.071,1,-1,-1,-1
1108,15,1329.577,652.475,308.707,185.058,1,-1,-1,-1
1109,15,1305.094,655.339,297.448,180.167,1,-1,-1,-1
1110,15,1280.610,658.203,286.188,175.275,1,-1,-1,-1
1111,15,1255.429,661.300,265.853,167.753,1,-1,-1,-1
1112,15,1240.388,664.716,256.912,169.456,1,-1,-1,-1
1113,15,1220.498,665.587,248.951,166.171,1,-1,-1,-1
1114,15,1197.162,671.131,235.628,154.342,1,-1,-1,-1
1115,15,1175.623,677.473,227.378,147.675,1,-1,-1,-1
1116,15,1164.034,672.691,219.951,154.409,1,-1,-1,-1
1117,15,1151.176,676.528,210.893,147.888,1,-1,-1,-1
1118,15,1127.239,678.638,211.481,144.092,1,-1,-1,-1
1119,15,1108.663,685.917,197.907,136.220,1,-1,-1,-1
1120,15,1105.863,689.717,192.983,122.196,1,-1,-1,-1
1121,15,1086.550,690.618,183.323,127.237,1,-1,-1,-1
1122,15,1068.646,689.978,183.362,125.389,1,-1,-1,-1
1123,15,1050.742,689.338,183.401,123.542,1,-1,-1,-1
1124,15,1036.355,692.610,180.129,119.658,1,-1,-1,-1
1125,15,1021.967,695.883,176.856,115.775,1,-1,-1,-1
1126,15,1007.580,699.155,173.584,111.891,1,-1,-1,-1
1127,15,990.695,699.342,176.177,110.384,1,-1,-1,-1
1128,15,983.915,699.702,165.900,111.943,1,-1,-1,-1
1129,15,973.037,701.859,161.808,109.500,1,-1,-1,-1
1130,15,962.158,704.016,157.716,107.058,1,-1,-1,-1
1131,15,951.280,706.173,153.624,104.615,1,-1,-1,-1
1132,15,940.700,707.231,148.719,103.407,1,-1,-1,-1
1133,15,931.638,709.244,145.182,99.060,1,-1,-1,-1
1134,15,918.513,708.676,142.863,103.588,1,-1,-1,-1
1135,15,907.703,712.293,141.391,99.578,1,-1,-1,-1
1136,15,897.651,716.680,135.386,95.244,1,-1,-1,-1
1137,15,889.031,718.725,132.257,95.979,1,-1,-1,-1
1138,15,879.505,716.718,135.496,97.358,1,-1,-1,-1
1139,15,868.594,720.216,132.276,92.579,1,-1,-1,-1
1140,15,855.788,721.729,131.052,92.158,1,-1,-1,-1
1141,16,2350.852,759.939,208.998,215.104,1,-1,-1,-1
1141,15,850.373,722.487,131.042,93.858,1,-1,-1,-1
1142,16,2242.711,707.954,312.399,255.771,1,-1,-1,-1
1142,15,841.213,728.461,135.081,87.424,1,-1,-1,-1
1143,16,2126.424,674.298,428.015,288.270,1,-1,-1,-1
1143,15,828.901,732.533,124.759,80.971,1,-1,-1,-1
1144,15,813.972,731.537,126.190,87.044,1,-1,-1,-1
1144,16,2043.284,673.262,514.252,303.955,1,-1,-1,-1
1145,16,1857.531,612.056,467.502,276.323,1,-1,-1,-1
1145,15,812.028,734.731,120.313,80.294,1,-1,-1,-1
1146,16,1863.740,672.306,682.617,264.543,1,-1,-1,-1
1146,15,802.959,736.274,121.549,79.873,1,-1,-1,-1
1147,16,1787.517,683.576,624.328,245.453,1,-1,-1,-1
1147,15,797.658,737.342,116.990,79.739,1,-1,-1,-1
1148,16,1729.038,680.075,558.288,239.109,1,-1,-1,-1
1148,15,787.717,734.094,120.700,81.724,1,-1,-1,-1
1149,16,1664.886,682.378,528.585,224.241,1,-1,-1,-1
1149,15,783.434,736.708,116.408,75.380,1,-1,-1,-1
1150,15,770.695,729.060,127.476,86.806,1,-1,-1,-1
1150,16,1635.723,687.814,474.904,214.044,1,-1,-1,-1
1151,15,765.000,737.050,123.247,80.476,1,-1,-1,-1
1151,16,1592.807,698.715,435.308,192.012,1,-1,-1,-1
1152,15,759.016,736.295,112.608,82.123,1,-1,-1,-1
1152,16,1553.783,700.232,404.640,185.279,1,-1,-1,-1
1153,15,757.833,741.377,108.236,74.381,1,-1,-1,-1
1153,16,1522.271,692.014,374.893,187.102,1,-1,-1,-1
1154,16,1480.785,701.804,361.712,173.890,1,-1,-1,-1
1154,15,753.482,739.513,104.112,74.036,1,-1,-1,-1
1155,16,1457.778,704.286,316.846,168.176,1,-1,-1,-1
1155,15,733.738,743.844,111.862,74.043,1,-1,-1,-1
1156,15,733.706,742.365,103.759,75.867,1,-1,-1,-1
1156,16,1426.858,706.967,312.628,159.828,1,-1,-1,-1
1157,16,1402.111,708.956,279.961,152.122,1,-1,-1,-1
1157,15,732.769,745.587,95.421,70.972,1,-1,-1,-1
1158,15,727.034,745.275,91.600,71.631,1,-1,-1,-1
1158,16,1367.087,709.035,278.504,145.723,1,-1,-1,-1
1159,16,1339.554,710.359,266.093,137.060,1,-1,-1,-1
1159,15,724.709,742.950,88.788,72.686,1,-1,-1,-1
1160,15,704.621,744.691,95.394,76.384,1,-1,-1,-1
1160,16,1318.362,712.833,261.997,142.196,1,-1,-1,-1
1161,16,1299.722,709.415,233.436,136.459,1,-1,-1,-1
1161,15,699.476,746.107,94.851,74.987,1,-1,-1,-1
1162,15,701.088,747.385,88.432,67.503,1,-1,-1,-1
1162,16,1268.164,725.326,248.815,128.034,1,-1,-1,-1
1163,15,704.050,749.086,76.206,69.033,1,-1,-1,-1
1163,16,1258.904,714.394,216.234,127.509,1,-1,-1,-1
1164,16,1241.308,711.955,217.055,132.008,1,-1,-1,-1
1164,15,694.894,748.354,77.314,68.992,1,-1,-1,-1
1165,15,688.268,748.139,77.314,68.992,1,-1,-1,-1
1165,16,1229.856,712.928,203.086,128.363,1,-1,-1,-1
1166,15,681.642,747.924,77.314,68.992,1,-1,-1,-1
1166,16,1217.995,710.057,193.744,124.646,1,-1,-1,-1
1167,16,1218.594,712.490,171.141,119.982,1,-1,-1,-1
1167,15,675.016,747.708,77.314,68.992,1,-1,-1,-1
1168,15,668.390,747.493,77.314,68.992,1,-1,-1,-1
1168,16,1216.371,709.500,159.717,116.662,1,-1,-1,-1
1169,15,661.764,747.278,77.314,68.992,1,-1,-1,-1
1169,16,1210.542,709.224,149.028,111.885,1,-1,-1,-1
1170,15,657.040,751.195,76.133,65.917,1,-1,-1,-1
1170,16,1210.747,713.457,140.763,102.165,1,-1,-1,-1
1171,15,652.317,755.113,74.953,62.841,1,-1,-1,-1
1171,16,1210.759,707.288,129.212,105.937,1,-1,-1,-1
1172,15,647.594,759.030,73.773,59.766,1,-1,-1,-1
1172,16,1212.194,704.243,119.266,107.085,1,-1,-1,-1
1173,15,642.870,762.947,72.592,56.691,1,-1,-1,-1
1173,16,1206.215,693.224,122.013,109.781,1,-1,-1,-1
1174,15,638.146,766.865,71.411,53.615,1,-1,-1,-1
1174,16,1212.963,694.730,115.534,102.348,1,-1,-1,-1
1175,16,1213.321,691.696,111.108,100.805,1,-1,-1,-1
1175,15,633.423,770.782,70.231,50.540,1,-1,-1,-1
1176,15,628.689,771.111,73.956,50.624,1,-1,-1,-1
1176,16,1218.764,685.521,107.340,103.188,1,-1,-1,-1
1177,15,625.134,772.436,71.382,48.914,1,-1,-1,-1
1177,16,1222.391,681.492,110.058,101.803,1,-1,-1,-1
1178,16,1223.301,681.868,109.859,93.962,1,-1,-1,-1
1178,15,620.062,775.094,69.481,45.626,1,-1,-1,-1
1179,16,1228.472,665.518,115.878,99.295,1,-1,-1,-1
1180,16,1235.380,664.938,113.545,89.989,1,-1,-1,-1
1181,17,592.771,770.448,87.919,53.244,1,-1,-1,-1
1181,16,1242.862,658.164,118.327,91.927,1,-1,-1,-1
1182,16,1251.946,657.132,125.251,86.717,1,-1,-1,-1
1182,17,591.872,769.641,83.420,53.328,1,-1,-1,-1
1183,17,588.592,772.523,82.401,50.246,1,-1,-1,-1
1183,16,1260.134,659.712,110.538,78.608,1,-1,-1,-1
1184,16,1268.467,663.363,92.458,67.311,1,-1,-1,-1
1184,17,586.817,774.180,82.523,48.454,1,-1,-1,-1
1185,16,1284.960,635.329,114.757,80.869,1,-1,-1,-1
1185,17,582.188,772.533,83.699,50.972,1,-1,-1,-1
1186,16,1298.891,635.383,105.392,75.236,1,-1,-1,-1
1187,16,1309.821,634.249,91.057,72.155,1,-1,-1,-1
1188,16,1318.088,639.398,77.544,59.888,1,-1,-1,-1
1189,16,1339.641,616.722,92.734,68.301,1,-1,-1,-1
1190,16,1358.779,607.563,93.084,67.943,1,-1,-1,-1
1191,16,1377.917,598.405,93.434,67.585,1,-1,-1,-1
1192,16,1397.054,589.247,93.783,67.227,1,-1,-1,-1
1193,16,1416.192,580.088,94.133,66.869,1,-1,-1,-1
1194,16,1413.914,575.726,103.086,65.240,1,-1,-1,-1
1195,16,1423.727,576.315,96.471,61.595,1,-1,-1,-1
1196,19,1447.307,557.540,120.848,71.856,1,-1,-1,-1
1196,16,1434.314,586.056,70.962,45.410,1,-1,-1,-1
1197,19,1454.961,552.419,113.231,71.504,1,-1,-1,-1
1198,19,1471.126,557.372,81.299,59.445,1,-1,-1,-1
1199,19,1484.008,557.048,64.696,53.741,1,-1,-1,-1
1212,20,2356.040,719.686,203.082,248.437,1,-1,-1,-1
1213,20,2237.113,650.351,321.891,305.697,1,-1,-1,-1
1214,20,2141.620,639.969,414.642,306.318,1,-1,-1,-1
1215,20,2047.534,636.420,508.912,342.692,1,-1,-1,-1
1216,20,1861.395,578.564,462.647,311.538,1,-1,-1,-1
1217,20,1906.348,621.527,637.226,323.006,1,-1,-1,-1
1218,20,1842.211,632.040,612.736,307.483,1,-1,-1,-1
1219,20,1774.955,639.870,575.898,285.548,1,-1,-1,-1
1220,20,1716.285,646.807,543.793,275.204,1,-1,-1,-1
1221,20,1669.025,647.751,509.152,269.914,1,-1,-1,-1
1222,20,1613.283,644.611,467.444,253.125,1,-1,-1,-1
1223,20,1574.536,656.295,424.531,235.392,1,-1,-1,-1
1224,20,1536.018,668.807,404.256,214.026,1,-1,-1,-1
1225,20,1526.272,663.140,343.497,207.708,1,-1,-1,-1
1226,20,1464.922,667.004,352.521,205.339,1,-1,-1,-1
1227,20,1442.526,670.311,320.477,193.424,1,-1,-1,-1
1228,20,1408.472,677.656,301.552,185.096,1,-1,-1,-1
1229,20,1386.751,680.632,279.234,177.708,1,-1,-1,-1
1230,20,1355.810,686.817,258.844,166.112,1,-1,-1,-1
1231,20,1324.405,685.403,253.825,163.471,1,-1,-1,-1
1232,20,1299.464,687.384,241.071,161.639,1,-1,-1,-1
1233,20,1271.912,692.620,241.921,149.568,1,-1,-1,-1
1234,20,1238.517,694.353,238.014,151.775,1,-1,-1,-1
1235,20,1223.958,695.236,223.069,149.064,1,-1,-1,-1
1236,20,1194.224,693.696,224.134,146.516,1,-1,-1,-1
1236,21,549.207,791.074,82.615,60.357,1,-1,-1,-1
1237,20,1173.810,691.432,210.955,149.004,1,-1,-1,-1
1237,21,549.689,788.288,87.975,65.811,1,-1,-1,-1
1238,20,1163.814,692.549,190.188,142.712,1,-1,-1,-1
1238,21,563.131,792.219,81.752,63.451,1,-1,-1,-1
1239,20,1141.487,700.149,184.770,134.468,1,-1,-1,-1
1239,21,567.726,790.998,83.292,67.373,1,-1,-1,-1
1240,20,1120.749,701.976,179.748,128.871,1,-1,-1,-1
1240,21,569.244,790.609,86.550,66.790,1,-1,-1,-1
1241,20,1109.588,709.712,163.773,121.724,1,-1,-1,-1
1241,21,573.219,791.398,90.966,64.543,1,-1,-1,-1
1242,20,1086.493,707.394,168.302,121.700,1,-1,-1,-1
1242,21,579.220,795.403,93.873,60.684,1,-1,-1,-1
1243,20,1074.184,711.569,151.831,115.794,1,-1,-1,-1
1243,21,584.412,795.709,94.556,59.412,1,-1,-1,-1
1244,20,1057.676,708.711,151.362,116.415,1,-1,-1,-1
1244,21,589.006,793.570,98.256,61.225,1,-1,-1,-1
1245,20,1039.852,718.175,140.258,107.718,1,-1,-1,-1
1245,21,603.970,800.096,80.492,54.100,1,-1,-1,-1
1246,20,1030.748,713.921,137.855,107.602,1,-1,-1,-1
1246,21,610.634,798.899,81.749,57.246,1,-1,-1,-1
1247,20,999.066,720.952,145.941,102.411,1,-1,-1,-1
1247,21,615.670,797.509,84.939,57.903,1,-1,-1,-1
1248,20,994.089,716.831,138.242,105.921,1,-1,-1,-1
1248,21,622.640,796.963,84.869,59.422,1,-1,-1,-1
1249,20,981.150,719.978,136.183,100.470,1,-1,-1,-1
1249,21,629.358,793.739,82.625,63.937,1,-1,-1,-1
1250,20,967.433,724.665,129.499,96.879,1,-1,-1,-1
1250,21,633.669,792.252,83.028,65.935,1,-1,-1,-1
1251,20,957.364,720.723,125.994,99.241,1,-1,-1,-1
1251,21,636.414,793.040,79.212,65.515,1,-1,-1,-1
1252,20,945.058,724.651,121.370,93.854,1,-1,-1,-1
1252,21,642.576,793.610,71.722,65.216,1,-1,-1,-1
1253,21,645.414,787.748,84.709,71.370,1,-1,-1,-1
1253,20,930.128,728.406,120.351,90.803,1,-1,-1,-1
1254,20,923.248,731.093,110.133,85.939,1,-1,-1,-1
1254,21,656.332,791.714,83.884,67.212,1,-1,-1,-1
1255,21,667.224,790.767,80.548,70.360,1,-1,-1,-1
1255,20,915.686,730.595,101.571,84.612,1,-1,-1,-1
1256,21,672.441,792.124,80.798,69.340,1,-1,-1,-1
1256,20,894.897,733.494,115.019,84.387,1,-1,-1,-1
1257,21,689.736,786.950,91.253,74.443,1,-1,-1,-1
1257,20,890.268,733.085,103.350,84.081,1,-1,-1,-1
1258,21,695.212,787.218,97.060,76.507,1,-1,-1,-1
1258,20,875.367,736.053,107.451,79.041,1,-1,-1,-1
1259,21,692.454,782.894,112.976,82.475,1,-1,-1,-1
1259,20,856.039,741.110,103.256,81.984,1,-1,-1,-1
1260,21,715.468,789.551,94.621,77.561,1,-1,-1,-1
1260,20,852.061,741.761,96.726,77.659,1,-1,-1,-1
1261,20,848.084,742.413,90.195,73.333,1,-1,-1,-1
1261,21,719.443,788.714,100.287,83.193,1,-1,-1,-1
1262,20,844.106,743.064,83.665,69.008,1,-1,-1,-1
1262,21,720.508,784.416,113.879,89.439,1,-1,-1,-1
1263,21,729.505,786.369,117.420,87.480,1,-1,-1,-1
1263,20,818.884,743.275,95.307,76.552,1,-1,-1,-1
1264,20,814.245,746.093,89.769,69.373,1,-1,-1,-1
1264,21,716.846,770.342,135.900,105.289,1,-1,-1,-1
1265,20,809.516,744.252,82.834,67.093,1,-1,-1,-1
1265,21,719.375,767.949,142.196,110.583,1,-1,-1,-1
1266,21,734.056,767.114,138.721,113.494,1,-1,-1,-1
1266,20,817.140,751.761,83.451,67.769,1,-1,-1,-1
1267,21,758.247,765.981,126.534,117.320,1,-1,-1,-1
1267,20,826.497,762.276,83.451,67.769,1,-1,-1,-1
1268,21,762.933,771.073,127.415,114.349,1,-1,-1,-1
1269,21,768.628,775.929,140.172,109.903,1,-1,-1,-1
1269,20,779.039,756.716,84.576,69.969,1,-1,-1,-1
1270,21,778.901,775.009,148.104,116.772,1,-1,-1,-1
1270,20,755.309,753.935,85.138,71.070,1,-1,-1,-1
1271,21,794.042,781.298,145.041,112.100,1,-1,-1,-1
1271,20,731.580,751.155,85.701,72.170,1,-1,-1,-1
1272,21,812.378,785.344,144.732,111.725,1,-1,-1,-1
1272,20,733.075,755.060,79.079,66.679,1,-1,-1,-1
1273,21,816.770,780.056,150.540,119.855,1,-1,-1,-1
1273,20,719.557,753.970,71.072,65.800,1,-1,-1,-1
1274,21,829.499,781.382,157.517,124.839,1,-1,-1,-1
1274,20,711.547,755.253,73.868,64.677,1,-1,-1,-1
1275,21,842.343,783.173,160.770,125.338,1,-1,-1,-1
1275,20,710.090,756.036,69.046,65.636,1,-1,-1,-1
1276,21,855.346,782.922,162.683,131.071,1,-1,-1,-1
1276,20,714.958,761.259,54.284,57.315,1,-1,-1,-1
1277,21,863.715,780.908,172.121,138.568,1,-1,-1,-1
1278,21,876.838,783.367,174.769,141.162,1,-1,-1,-1
1279,21,886.353,786.922,189.167,144.995,1,-1,-1,-1
1280,21,895.867,790.476,203.565,148.827,1,-1,-1,-1
1281,21,915.724,789.541,206.700,152.278,1,-1,-1,-1
1282,21,925.373,789.866,215.178,154.018,1,-1,-1,-1
1283,21,926.553,785.691,229.961,165.872,1,-1,-1,-1
1284,21,945.221,787.601,240.828,170.955,1,-1,-1,-1
1284,22,646.533,778.817,54.611,45.094,1,-1,-1,-1
1285,21,964.402,790.605,247.144,177.996,1,-1,-1,-1
1285,22,639.498,781.762,54.837,42.868,1,-1,-1,-1
1286,21,983.864,786.809,254.829,195.549,1,-1,-1,-1
1286,22,635.035,781.304,54.575,40.991,1,-1,-1,-1
1287,21,995.758,787.164,278.676,210.714,1,-1,-1,-1
1287,22,628.824,781.255,55.270,41.836,1,-1,-1,-1
1288,21,1016.778,793.002,280.559,216.452,1,-1,-1,-1
1288,22,625.051,781.967,54.458,41.348,1,-1,-1,-1
1289,21,1046.045,782.031,297.592,232.478,1,-1,-1,-1
1289,22,605.720,783.946,58.653,42.165,1,-1,-1,-1
1290,21,1062.091,788.748,314.167,233.045,1,-1,-1,-1
1290,22,600.322,783.469,64.669,43.169,1,-1,-1,-1
1291,21,1087.894,796.088,332.779,247.403,1,-1,-1,-1
1291,22,594.504,783.666,66.060,40.883,1,-1,-1,-1
1292,21,1102.146,791.721,371.157,269.133,1,-1,-1,-1
1292,22,593.231,779.942,64.294,44.950,1,-1,-1,-1
1293,21,1143.826,797.989,389.282,283.349,1,-1,-1,-1
1293,22,588.308,777.576,65.469,49.075,1,-1,-1,-1
1294,21,1164.319,798.272,451.917,304.204,1,-1,-1,-1
1294,22,591.204,782.768,65.214,47.093,1,-1,-1,-1
1295,21,1207.296,807.749,479.506,325.384,1,-1,-1,-1
1295,22,579.164,777.711,66.439,49.059,1,-1,-1,-1
1296,21,1241.111,802.059,510.196,345.545,1,-1,-1,-1
1296,22,581.810,780.308,66.231,48.381,1,-1,-1,-1
1297,21,1281.254,817.712,570.834,364.145,1,-1,-1,-1
1297,22,580.685,780.993,66.231,48.381,1,-1,-1,-1
1298,21,1334.410,825.737,634.492,403.975,1,-1,-1,-1
1298,22,544.957,776.860,81.420,50.484,1,-1,-1,-1
1299,21,1383.216,820.151,721.609,451.609,1,-1,-1,-1
1299,22,545.386,775.361,77.365,54.076,1,-1,-1,-1
1300,21,1448.347,822.536,793.589,496.627,1,-1,-1,-1
1301,21,1517.954,845.546,921.597,550.907,1,-1,-1,-1
1302,21,1569.582,914.208,909.327,526.284,1,-1,-1,-1
1303,21,1643.569,967.037,909.327,526.284,1,-1,-1,-1
1304,21,1869.883,859.209,683.740,724.915,1,-1,-1,-1
1305,21,2038.495,862.020,513.729,707.273,1,-1,-1,-1
1306,21,2247.967,910.775,303.121,708.661,1,-1,-1,-1
1462,23,2418.300,834.104,135.649,267.229,1,-1,-1,-1
1463,23,2262.380,802.256,289.218,274.166,1,-1,-1,-1
1464,23,2116.654,749.924,438.631,330.870,1,-1,-1,-1
1465,23,1992.697,763.395,566.966,307.493,1,-1,-1,-1
1466,23,1811.543,693.995,515.424,279.539,1,-1,-1,-1
1467,23,1763.969,759.812,791.918,325.941,1,-1,-1,-1
1468,23,1631.906,771.232,760.299,309.177,1,-1,-1,-1
1469,23,1518.706,782.007,727.429,304.877,1,-1,-1,-1
1470,23,1436.005,806.290,671.262,283.760,1,-1,-1,-1
1471,23,1355.863,824.372,637.192,265.091,1,-1,-1,-1
1472,23,1090.146,874.590,572.884,257.988,1,-1,-1,-1
1473,23,1003.379,894.583,551.561,253.023,1,-1,-1,-1
1474,23,925.562,908.681,554.441,246.979,1,-1,-1,-1
1475,23,852.961,939.585,514.586,237.216,1,-1,-1,-1
1476,23,780.820,962.531,513.645,240.063,1,-1,-1,-1
1477,23,706.809,963.085,498.519,243.644,1,-1,-1,-1
1478,23,627.546,992.617,497.531,228.467,1,-1,-1,-1
1479,23,547.884,1017.999,487.920,232.037,1,-1,-1,-1
1480,23,478.895,1021.567,459.843,237.241,1,-1,-1,-1
1481,23,421.760,1041.227,449.132,229.886,1,-1,-1,-1
1482,23,397.356,1062.725,391.501,204.044,1,-1,-1,-1
1483,23,293.277,1106.154,372.374,195.049,1,-1,-1,-1
1484,23,189.199,1149.584,353.246,186.055,1,-1,-1,-1
1485,23,85.120,1193.013,334.119,177.060,1,-1,-1,-1
1486,23,11.074,1193.550,368.657,189.842,1,-1,-1,-1
1487,23,0.000,1181.179,362.714,186.373,1,-1,-1,-1
1488,23,8.399,1192.140,305.424,177.142,1,-1,-1,-1
1489,23,4.030,1207.767,238.743,169.531,1,-1,-1,-1
1490,23,8.711,1227.558,147.469,147.685,1,-1,-1,-1
1623,24,565.363,790.859,83.358,58.269,1,-1,-1,-1
1624,24,566.402,793.319,86.258,57.999,1,-1,-1,-1
1625,24,570.744,793.426,94.419,59.164,1,-1,-1,-1
1626,24,575.820,794.619,99.702,58.135,1,-1,-1,-1
1627,24,581.807,797.913,98.881,55.694,1,-1,-1,-1
1628,24,600.744,798.157,81.558,50.318,1,-1,-1,-1
1629,24,613.724,797.315,80.964,52.267,1,-1,-1,-1
1630,24,620.777,796.979,83.531,53.139,1,-1,-1,-1
1631,24,630.043,797.306,76.698,54.726,1,-1,-1,-1
1632,24,639.233,797.288,69.819,55.869,1,-1,-1,-1
1633,24,642.109,797.493,69.796,55.799,1,-1,-1,-1
1634,24,657.741,792.810,73.012,59.503,1,-1,-1,-1
1635,24,665.916,795.625,72.620,58.081,1,-1,-1,-1
1636,24,675.542,796.221,72.620,58.081,1,-1,-1,-1
1637,24,694.869,782.770,88.741,67.408,1,-1,-1,-1
1638,24,707.118,782.034,85.673,69.557,1,-1,-1,-1
1639,24,701.623,781.568,101.303,71.840,1,-1,-1,-1
1640,24,725.775,783.984,94.726,72.959,1,-1,-1,-1
1641,24,734.308,784.589,97.539,73.310,1,-1,-1,-1
1642,24,739.083,787.275,105.772,72.690,1,-1,-1,-1
1643,24,745.353,786.884,112.162,75.806,1,-1,-1,-1
1644,24,756.248,788.216,112.715,76.747,1,-1,-1,-1
1645,24,773.641,786.589,107.328,80.005,1,-1,-1,-1
1646,24,783.467,787.477,107.600,81.048,1,-1,-1,-1
1647,24,793.134,791.208,114.935,81.172,1,-1,-1,-1
1648,24,802.954,788.108,119.512,87.133,1,-1,-1,-1
1649,24,807.233,786.359,129.678,96.121,1,-1,-1,-1
1650,24,821.386,788.886,129.578,95.715,1,-1,-1,-1
1651,24,831.413,790.262,131.709,101.118,1,-1,-1,-1
1652,24,841.935,787.899,141.820,108.473,1,-1,-1,-1
1653,24,856.502,789.079,145.400,113.501,1,-1,-1,-1
1654,24,871.693,790.462,150.634,116.701,1,-1,-1,-1
1655,24,886.994,791.979,156.114,120.982,1,-1,-1,-1
1656,24,902.295,793.496,161.595,125.262,1,-1,-1,-1
1657,24,917.596,795.013,167.075,129.543,1,-1,-1,-1
1658,24,931.032,796.845,179.598,136.785,1,-1,-1,-1
1659,24,944.469,798.676,192.122,144.028,1,-1,-1,-1
1660,24,957.905,800.508,204.645,151.270,1,-1,-1,-1
1661,24,983.435,806.180,212.997,156.176,1,-1,-1,-1
1662,24,1003.780,808.368,223.794,172.016,1,-1,-1,-1
1663,24,1026.189,815.891,252.705,171.735,1,-1,-1,-1
1664,24,1052.669,808.339,266.568,189.914,1,-1,-1,-1
1665,24,1083.106,809.965,292.014,195.913,1,-1,-1,-1
1666,24,1123.417,812.126,321.985,217.486,1,-1,-1,-1
1667,24,1150.767,814.978,367.639,237.705,1,-1,-1,-1
1668,24,1199.521,819.319,398.657,260.885,1,-1,-1,-1
1669,24,1240.708,820.561,451.971,279.081,1,-1,-1,-1
1670,24,1282.456,822.513,525.324,306.806,1,-1,-1,-1
1671,24,1371.877,827.818,588.857,338.374,1,-1,-1,-1
1672,24,1438.170,836.585,680.286,386.360,1,-1,-1,-1
1673,24,1538.140,844.441,780.362,431.714,1,-1,-1,-1
1674,24,1592.129,905.345,770.320,410.437,1,-1,-1,-1
1675,24,1799.834,855.775,756.484,608.298,1,-1,-1,-1
1676,24,2024.629,883.037,530.876,516.880,1,-1,-1,-1
1677,24,2264.816,888.188,287.681,591.318,1,-1,-1,-1
1778,25,574.491,788.737,101.002,65.285,1,-1,-1,-1
1779,25,584.662,792.006,90.122,65.741,1,-1,-1,-1
1780,25,588.154,793.038,92.507,67.028,1,-1,-1,-1
1781,25,604.948,795.063,79.865,58.875,1,-1,-1,-1
1782,25,612.617,793.428,81.638,59.765,1,-1,-1,-1
1783,25,617.811,796.384,82.016,57.945,1,-1,-1,-1
1784,25,627.566,796.875,79.987,59.733,1,-1,-1,-1
1785,25,636.061,793.105,76.675,67.044,1,-1,-1,-1
1786,25,638.806,795.174,70.827,64.381,1,-1,-1,-1
1787,25,651.860,792.104,77.547,65.835,1,-1,-1,-1
1788,25,660.770,796.829,76.877,65.426,1,-1,-1,-1
1789,25,670.431,799.076,76.877,65.426,1,-1,-1,-1
1790,25,680.092,801.322,76.877,65.426,1,-1,-1,-1
1791,25,697.060,782.869,83.371,77.814,1,-1,-1,-1
1792,25,703.570,778.532,90.486,82.294,1,-1,-1,-1
1793,25,724.111,788.110,83.930,74.353,1,-1,-1,-1
1794,25,727.678,787.039,89.248,79.742,1,-1,-1,-1
1795,25,728.678,782.197,97.916,83.205,1,-1,-1,-1
1796,25,733.433,781.196,106.394,88.314,1,-1,-1,-1
1797,25,737.388,784.472,111.117,89.689,1,-1,-1,-1
1798,25,743.679,787.003,124.741,94.606,1,-1,-1,-1
1799,25,754.964,786.617,122.984,95.735,1,-1,-1,-1
1800,25,770.657,789.461,121.475,95.274,1,-1,-1,-1
1801,25,781.405,790.999,123.306,95.847,1,-1,-1,-1
1802,25,792.079,788.875,126.730,101.109,1,-1,-1,-1
1803,25,801.623,787.683,131.072,107.458,1,-1,-1,-1
1804,25,818.941,794.058,133.782,106.706,1,-1,-1,-1
1805,25,823.774,789.185,146.222,116.837,1,-1,-1,-1
1806,25,840.234,789.044,144.489,123.705,1,-1,-1,-1
1807,25,854.768,790.517,150.753,125.584,1,-1,-1,-1
1808,25,863.359,788.200,162.385,136.144,1,-1,-1,-1
1809,25,883.201,792.542,164.387,134.456,1,-1,-1,-1
1810,25,892.728,795.024,171.447,143.208,1,-1,-1,-1
1811,25,909.098,801.478,187.991,150.546,1,-1,-1,-1
1812,25,931.494,798.919,199.983,163.309,1,-1,-1,-1
1813,25,940.342,799.065,214.041,169.981,1,-1,-1,-1
1814,25,961.333,807.175,223.696,181.559,1,-1,-1,-1
1815,25,983.689,806.395,238.650,190.351,1,-1,-1,-1
1816,25,1002.861,807.951,268.281,205.140,1,-1,-1,-1
1817,25,1035.449,800.692,281.604,218.485,1,-1,-1,-1
1818,25,1053.908,810.911,306.731,226.470,1,-1,-1,-1
1819,25,1096.361,812.294,348.527,254.588,1,-1,-1,-1
1820,25,1141.498,807.468,369.757,288.219,1,-1,-1,-1
1821,25,1176.358,811.512,417.417,314.695,1,-1,-1,-1
1822,25,1229.890,813.919,471.295,351.034,1,-1,-1,-1
1823,25,1283.421,816.325,525.173,387.374,1,-1,-1,-1
1824,25,1351.718,824.477,617.607,420.216,1,-1,-1,-1
1825,25,1437.939,831.529,713.800,483.882,1,-1,-1,-1
1826,25,1549.484,837.882,834.240,544.617,1,-1,-1,-1
1827,25,1687.444,840.297,851.210,639.455,1,-1,-1,-1
1828,25,1736.917,936.647,822.083,592.562,1,-1,-1,-1
1829,25,2075.391,896.609,475.119,647.109,1,-1,-1,-1
2126,26,2262.917,641.145,283.598,323.969,1,-1,-1,-1
2127,26,2158.841,627.769,398.132,317.139,1,-1,-1,-1
2128,26,2059.192,560.115,495.611,417.492,1,-1,-1,-1
2129,26,1991.907,599.787,558.547,362.628,1,-1,-1,-1
2130,26,1925.383,607.103,551.204,343.934,1,-1,-1,-1
2131,26,1858.859,614.419,543.861,325.239,1,-1,-1,-1
2132,26,1792.336,621.735,536.518,306.544,1,-1,-1,-1
2133,26,1725.812,629.051,529.175,287.850,1,-1,-1,-1
2134,26,1677.648,631.990,490.111,262.397,1,-1,-1,-1
2135,26,1628.059,626.625,450.296,259.046,1,-1,-1,-1
2136,26,1594.252,631.504,417.405,250.233,1,-1,-1,-1
2137,26,1542.870,647.343,398.300,230.026,1,-1,-1,-1
2138,26,1511.674,652.147,371.831,218.905,1,-1,-1,-1
2139,26,1480.479,656.950,345.361,207.785,1,-1,-1,-1
2140,26,1449.283,661.754,318.892,196.664,1,-1,-1,-1
2141,26,1408.866,661.641,318.061,195.464,1,-1,-1,-1
2142,26,1381.828,668.296,300.052,183.835,1,-1,-1,-1
2143,26,1368.029,673.109,285.219,172.113,1,-1,-1,-1
2144,26,1334.018,669.918,266.134,166.252,1,-1,-1,-1
2145,26,1316.532,672.775,247.476,167.988,1,-1,-1,-1
2146,26,1296.169,681.724,232.437,153.080,1,-1,-1,-1
2147,26,1261.955,678.587,234.208,154.177,1,-1,-1,-1
2148,26,1245.092,681.870,219.840,153.740,1,-1,-1,-1
2149,26,1226.287,683.862,211.994,146.567,1,-1,-1,-1
2150,26,1196.636,685.359,213.075,143.448,1,-1,-1,-1
2151,26,1182.974,683.970,199.861,145.257,1,-1,-1,-1
2152,26,1170.489,684.864,192.955,141.681,1,-1,-1,-1
2153,26,1154.635,685.262,185.956,140.991,1,-1,-1,-1
2154,26,1138.782,685.659,178.956,140.300,1,-1,-1,-1
2155,26,1122.928,686.057,171.957,139.610,1,-1,-1,-1
2156,26,1107.412,688.295,166.101,129.084,1,-1,-1,-1
2157,26,1093.099,690.869,160.993,125.962,1,-1,-1,-1
2158,26,1078.785,693.442,155.886,122.839,1,-1,-1,-1
2159,26,1064.472,696.016,150.778,119.717,1,-1,-1,-1
2160,26,1046.557,700.062,154.037,113.340,1,-1,-1,-1
2161,26,1031.540,704.022,151.527,108.297,1,-1,-1,-1
2162,26,1021.749,705.204,144.822,108.532,1,-1,-1,-1
2163,26,995.581,706.118,153.665,108.221,1,-1,-1,-1
2164,26,989.532,705.817,142.911,106.935,1,-1,-1,-1
2165,26,979.912,709.635,139.741,101.796,1,-1,-1,-1
2166,26,974.060,711.487,131.600,100.098,1,-1,-1,-1
2167,26,963.232,711.960,127.736,99.336,1,-1,-1,-1
2168,26,947.412,714.948,132.812,95.856,1,-1,-1,-1
2169,26,937.470,716.519,129.175,94.276,1,-1,-1,-1
2170,26,928.165,715.381,124.464,96.454,1,-1,-1,-1
2171,26,921.011,722.233,114.555,85.534,1,-1,-1,-1
2172,26,909.140,722.003,108.645,88.739,1,-1,-1,-1
2173,26,891.460,719.610,120.700,93.430,1,-1,-1,-1
2174,26,883.034,719.850,127.621,93.995,1,-1,-1,-1
2175,26,872.824,723.668,112.076,84.998,1,-1,-1,-1
2176,26,865.057,726.667,115.466,81.959,1,-1,-1,-1
2177,26,853.884,732.394,116.123,80.185,1,-1,-1,-1
2178,26,847.163,735.610,104.144,78.379,1,-1,-1,-1
2179,26,835.950,734.650,98.591,79.135,1,-1,-1,-1
2180,26,821.146,739.370,106.335,74.657,1,-1,-1,-1
2181,26,814.705,743.213,102.521,71.729,1,-1,-1,-1
2182,26,798.614,744.780,104.562,72.254,1,-1,-1,-1
2183,26,791.323,747.032,104.543,70.717,1,-1,-1,-1
2184,26,775.358,746.960,108.041,73.463,1,-1,-1,-1
2185,26,775.050,738.327,100.171,74.155,1,-1,-1,-1
2186,26,762.751,745.494,103.994,72.707,1,-1,-1,-1
2187,26,760.509,748.108,98.253,69.172,1,-1,-1,-1
2188,26,748.768,747.066,98.788,70.466,1,-1,-1,-1
2189,26,739.953,751.814,91.163,66.542,1,-1,-1,-1
2190,26,732.233,750.465,92.464,67.955,1,-1,-1,-1
2252,27,570.587,804.462,94.406,54.772,1,-1,-1,-1
2253,27,579.258,809.349,86.364,50.954,1,-1,-1,-1
2254,27,581.670,808.085,90.116,56.152,1,-1,-1,-1
2255,27,586.928,809.652,89.569,54.677,1,-1,-1,-1
2256,27,587.266,806.471,94.547,57.957,1,-1,-1,-1
2257,27,608.957,811.921,73.403,50.370,1,-1,-1,-1
2258,27,611.855,811.765,78.032,49.829,1,-1,-1,-1
2259,27,622.415,810.320,73.243,52.519,1,-1,-1,-1
2260,27,627.632,809.102,74.548,54.771,1,-1,-1,-1
2261,27,639.203,816.030,74.309,53.670,1,-1,-1,-1
2262,27,649.016,820.066,74.309,53.670,1,-1,-1,-1
2263,27,658.830,824.102,74.309,53.670,1,-1,-1,-1
2264,27,668.644,828.138,74.309,53.670,1,-1,-1,-1
2265,27,678.458,832.174,74.309,53.670,1,-1,-1,-1
2266,27,688.272,836.210,74.309,53.670,1,-1,-1,-1
2267,27,698.839,828.518,78.156,58.258,1,-1,-1,-1
2268,27,709.405,820.826,82.004,62.847,1,-1,-1,-1
2269,27,719.971,813.133,85.852,67.435,1,-1,-1,-1
2270,27,730.538,805.441,89.699,72.023,1,-1,-1,-1
2271,27,731.593,805.267,96.648,76.350,1,-1,-1,-1
2272,27,738.162,804.146,101.058,82.548,1,-1,-1,-1
2273,27,743.364,802.058,103.892,85.784,1,-1,-1,-1
2274,27,758.738,807.958,104.861,84.594,1,-1,-1,-1
2275,27,772.232,809.233,103.035,85.425,1,-1,-1,-1
2276,27,780.239,807.858,131.091,95.054,1,-1,-1,-1
2277,27,786.997,810.251,126.195,95.726,1,-1,-1,-1
2278,27,797.421,814.459,125.549,97.392,1,-1,-1,-1
2279,27,813.605,814.931,123.009,97.775,1,-1,-1,-1
2280,27,824.014,818.750,126.609,100.806,1,-1,-1,-1
2281,27,837.537,818.959,133.866,109.675,1,-1,-1,-1
2282,27,851.227,822.653,139.602,114.186,1,-1,-1,-1
2283,27,864.606,824.562,141.660,116.448,1,-1,-1,-1
2284,27,875.205,820.826,153.997,127.400,1,-1,-1,-1
2285,27,886.798,826.931,163.652,132.791,1,-1,-1,-1
2286,27,895.261,821.733,177.225,147.788,1,-1,-1,-1
2287,27,926.203,831.543,175.143,151.205,1,-1,-1,-1
2288,27,951.685,843.610,198.199,156.342,1,-1,-1,-1
2289,27,960.284,842.937,211.213,167.007,1,-1,-1,-1
2290,27,984.643,846.206,217.108,173.907,1,-1,-1,-1
2291,27,1008.610,851.793,251.415,188.622,1,-1,-1,-1
2292,27,1033.792,858.460,261.172,198.878,1,-1,-1,-1
2293,27,1066.251,851.651,277.426,214.962,1,-1,-1,-1
2294,27,1102.857,862.962,294.248,227.117,1,-1,-1,-1
2295,27,1129.139,874.777,334.151,248.925,1,-1,-1,-1
2296,27,1169.222,871.025,371.911,282.741,1,-1,-1,-1
2297,27,1223.854,881.355,417.722,311.013,1,-1,-1,-1
2298,27,1275.422,888.955,501.151,336.633,1,-1,-1,-1
2299,27,1365.528,906.807,558.783,385.958,1,-1,-1,-1
2300,27,1444.710,917.722,657.139,438.816,1,-1,-1,-1
2301,27,1565.504,935.590,788.618,502.069,1,-1,-1,-1
2302,27,1613.099,1018.738,775.629,473.341,1,-1,-1,-1
2303,27,1700.625,1081.129,775.629,473.341,1,-1,-1,-1
2304,27,2136.603,1040.444,411.315,564.434,1,-1,-1,-1
2364,28,561.925,791.003,87.394,65.154,1,-1,-1,-1
2365,28,565.740,792.208,89.618,63.921,1,-1,-1,-1
2366,28,580.863,796.939,94.715,62.399,1,-1,-1,-1
2366,29,1644.230,677.555,467.842,225.758,1,-1,-1,-1
2367,28,584.450,794.939,93.213,63.591,1,-1,-1,-1
2367,29,1568.779,695.830,426.972,189.615,1,-1,-1,-1
2368,28,592.698,796.057,88.596,61.670,1,-1,-1,-1
2368,29,1515.702,682.553,380.624,195.511,1,-1,-1,-1
2369,28,605.315,798.292,82.206,55.058,1,-1,-1,-1
2369,29,1461.556,687.984,339.436,181.137,1,-1,-1,-1
2370,28,611.073,798.875,82.189,54.628,1,-1,-1,-1
2370,29,1415.629,698.137,296.373,164.590,1,-1,-1,-1
2371,28,619.320,801.330,79.887,54.549,1,-1,-1,-1
2371,29,1369.691,701.380,283.187,158.652,1,-1,-1,-1
2372,28,628.472,801.997,76.715,55.403,1,-1,-1,-1
2372,29,1335.290,706.554,261.950,147.313,1,-1,-1,-1
2373,28,632.618,797.718,77.383,60.616,1,-1,-1,-1
2373,29,1303.842,704.385,233.978,148.010,1,-1,-1,-1
2374,28,637.476,798.018,73.482,59.997,1,-1,-1,-1
2374,29,1262.735,710.682,238.887,138.848,1,-1,-1,-1
2375,28,640.058,798.803,71.606,58.802,1,-1,-1,-1
2375,29,1238.144,705.072,208.151,135.156,1,-1,-1,-1
2376,28,658.606,797.179,70.226,60.892,1,-1,-1,-1
2376,29,1208.362,709.515,198.697,129.489,1,-1,-1,-1
2377,28,664.057,798.569,70.301,60.097,1,-1,-1,-1
2377,29,1183.090,708.868,196.459,124.954,1,-1,-1,-1
2378,28,672.046,798.961,70.301,60.097,1,-1,-1,-1
2378,29,1162.565,714.735,180.706,116.248,1,-1,-1,-1
2379,28,680.036,799.352,70.301,60.097,1,-1,-1,-1
2379,29,1147.882,716.802,165.426,112.684,1,-1,-1,-1
2380,28,688.025,799.743,70.301,60.097,1,-1,-1,-1
2380,29,1133.173,717.514,153.464,106.135,1,-1,-1,-1
2381,28,697.256,783.260,87.713,77.254,1,-1,-1,-1
2381,29,1107.070,719.852,156.402,102.591,1,-1,-1,-1
2382,28,706.337,785.815,87.145,77.156,1,-1,-1,-1
2382,29,1091.348,721.866,146.168,97.065,1,-1,-1,-1
2383,28,726.257,791.577,78.904,73.514,1,-1,-1,-1
2383,29,1070.478,722.804,146.605,96.885,1,-1,-1,-1
2384,28,728.404,788.936,87.837,79.411,1,-1,-1,-1
2384,29,1055.464,723.361,142.215,92.670,1,-1,-1,-1
2385,28,731.488,784.563,96.679,84.306,1,-1,-1,-1
2385,29,1042.608,726.628,134.735,89.673,1,-1,-1,-1
2386,28,736.328,785.875,100.548,83.126,1,-1,-1,-1
2386,29,1023.952,724.888,134.738,87.889,1,-1,-1,-1
2387,28,737.875,786.745,108.479,84.297,1,-1,-1,-1
2387,29,1004.018,728.795,136.861,85.528,1,-1,-1,-1
2388,28,745.289,790.725,114.207,85.630,1,-1,-1,-1
2388,29,990.153,727.153,132.976,84.109,1,-1,-1,-1
2389,28,756.512,789.864,109.761,89.965,1,-1,-1,-1
2389,29,985.232,725.337,126.259,84.021,1,-1,-1,-1
2390,28,760.219,790.513,125.474,92.896,1,-1,-1,-1
2390,29,970.815,728.375,126.023,81.568,1,-1,-1,-1
2391,28,775.301,787.284,119.683,96.849,1,-1,-1,-1
2391,29,956.058,729.867,120.495,77.191,1,-1,-1,-1
2392,28,785.275,792.538,124.777,93.152,1,-1,-1,-1
2392,29,950.520,731.958,112.095,75.244,1,-1,-1,-1
2393,28,792.314,791.585,126.977,96.007,1,-1,-1,-1
2393,29,932.724,734.278,118.713,76.170,1,-1,-1,-1
2394,28,805.318,783.283,132.856,108.883,1,-1,-1,-1
2394,29,926.263,735.179,103.941,73.458,1,-1,-1,-1
2395,28,814.216,782.549,129.191,111.011,1,-1,-1,-1
2395,29,916.659,733.354,103.024,74.009,1,-1,-1,-1
2396,29,897.252,737.034,107.345,73.231,1,-1,-1,-1
2396,28,823.124,774.531,140.598,119.965,1,-1,-1,-1
2397,29,890.050,736.082,102.027,71.120,1,-1,-1,-1
2397,28,834.824,788.268,142.661,112.827,1,-1,-1,-1
2398,29,890.413,738.839,91.317,65.408,1,-1,-1,-1
2398,28,848.468,788.669,145.979,120.516,1,-1,-1,-1
2399,29,873.466,736.096,92.328,67.511,1,-1,-1,-1
2399,28,862.728,786.496,146.182,126.977,1,-1,-1,-1
2400,29,860.439,734.742,92.328,67.511,1,-1,-1,-1
2400,28,865.901,785.213,158.361,131.830,1,-1,-1,-1
2401,29,850.696,747.419,88.220,61.238,1,-1,-1,-1
2401,28,878.298,793.587,155.257,127.043,1,-1,-1,-1
2402,29,828.352,754.284,96.093,62.665,1,-1,-1,-1
2402,28,893.962,800.614,161.106,126.712,1,-1,-1,-1
2403,29,818.944,756.070,98.646,59.523,1,-1,-1,-1
2403,28,902.021,792.437,165.710,144.552,1,-1,-1,-1
2404,29,811.187,754.660,89.756,58.950,1,-1,-1,-1
2404,28,918.533,798.931,173.036,141.423,1,-1,-1,-1
2405,29,801.536,751.713,90.506,60.414,1,-1,-1,-1
2405,28,928.714,800.914,192.592,148.738,1,-1,-1,-1
2406,29,783.092,752.780,96.614,64.065,1,-1,-1,-1
2406,28,932.903,802.232,208.956,156.263,1,-1,-1,-1
2407,29,775.742,752.875,97.231,61.714,1,-1,-1,-1
2407,28,949.656,808.490,210.182,160.667,1,-1,-1,-1
2408,29,768.776,753.337,92.311,59.284,1,-1,-1,-1
2408,28,968.250,812.313,221.791,168.237,1,-1,-1,-1
2409,29,764.762,755.561,88.456,57.260,1,-1,-1,-1
2409,28,988.133,815.201,223.642,173.682,1,-1,-1,-1
2410,29,762.460,756.748,85.296,55.948,1,-1,-1,-1
2410,28,1001.936,808.878,243.861,189.637,1,-1,-1,-1
2411,29,744.589,761.473,90.974,56.163,1,-1,-1,-1
2411,28,1023.721,815.577,261.230,195.230,1,-1,-1,-1
2412,29,736.814,761.633,94.759,55.200,1,-1,-1,-1
2412,28,1049.772,816.847,272.895,207.723,1,-1,-1,-1
2413,29,729.557,761.529,87.570,51.691,1,-1,-1,-1
2413,28,1070.613,829.226,294.679,219.696,1,-1,-1,-1
2414,29,731.664,764.905,76.117,48.325,1,-1,-1,-1
2414,28,1100.106,827.729,312.830,233.182,1,-1,-1,-1
2415,29,727.704,763.972,75.354,47.656,1,-1,-1,-1
2415,28,1124.603,830.231,353.656,261.070,1,-1,-1,-1
