221,1,569.88,800.88,76.72,52.89,1,-1,-1,-1
222,1,576.11,802.74,79.47,52.42,1,-1,-1,-1
223,1,582.66,804.26,80.15,51.38,1,-1,-1,-1
224,1,589.88,805.40,79.28,50.14,1,-1,-1,-1
225,1,597.88,806.13,77.56,49.06,1,-1,-1,-1
226,1,606.52,806.41,75.73,48.51,1,-1,-1,-1
227,1,615.55,806.26,74.11,48.71,1,-1,-1,-1
228,1,624.82,805.74,72.69,49.76,1,-1,-1,-1
229,1,634.26,804.92,71.62,51.57,1,-1,-1,-1
230,1,643.76,803.93,71.23,53.89,1,-1,-1,-1
231,1,653.11,802.89,71.85,56.46,1,-1,-1,-1
232,1,662.10,801.91,73.60,59.04,1,-1,-1,-1
233,1,670.75,801.11,76.96,61.51,1,-1,-1,-1
234,1,679.32,800.55,81.69,63.83,1,-1,-1,-1
235,1,688.20,800.30,86.75,66.05,1,-1,-1,-1
236,1,697.76,800.38,90.95,68.21,1,-1,-1,-1
237,1,708.17,800.79,93.70,70.35,1,-1,-1,-1
238,1,719.26,801.48,95.38,72.48,1,-1,-1,-1
239,1,730.55,802.38,97.02,74.55,1,-1,-1,-1
240,1,741.87,803.41,99.45,76.53,1,-1,-1,-1
241,1,753.26,804.49,102.72,78.46,1,-1,-1,-1
242,1,764.88,805.58,106.34,80.49,1,-1,-1,-1
243,1,776.81,806.64,109.97,82.86,1,-1,-1,-1
244,1,789.16,807.66,113.80,85.79,1,-1,-1,-1
245,1,801.98,808.65,118.37,89.43,1,-1,-1,-1
246,1,815.26,809.62,123.96,93.85,1,-1,-1,-1
247,1,828.99,810.60,130.54,98.93,1,-1,-1,-1
248,1,843.26,811.61,137.77,104.51,1,-1,-1,-1
249,1,858.08,812.68,145.20,110.37,1,-1,-1,-1
250,1,873.42,813.86,152.47,116.30,1,-1,-1,-1
251,1,889.32,815.21,160.01,122.13,1,-1,-1,-1
252,1,905.96,816.78,168.92,127.88,1,-1,-1,-1
253,1,923.66,818.65,179.88,133.75,1,-1,-1,-1
254,1,942.89,820.87,192.82,140.14,1,-1,-1,-1
255,1,964.26,823.47,207.17,147.47,1,-1,-1,-1
256,1,988.41,826.51,222.65,156.05,1,-1,-1,-1
257,1,1015.65,830.04,240.36,166.15,1,-1,-1,-1
258,1,1046.17,834.14,262.35,178.02,1,-1,-1,-1
259,1,1080.33,838.87,289.85,191.90,1,-1,-1,-1
260,1,1118.72,844.27,322.30,208.15,1,-1,-1,-1
261,1,1162.33,850.37,358.51,227.41,1,-1,-1,-1
262,1,1212.81,857.10,399.64,250.81,1,-1,-1,-1
263,1,1272.66,864.37,449.82,280.01,1,-1,-1,-1
264,1,1344.58,872.00,516.28,316.76,1,-1,-1,-1
265,1,1430.43,879.76,608.57,362.19,1,-1,-1,-1
266,1,1530.43,887.45,735.45,416.28,1,-1,-1,-1
267,1,1643.14,894.85,899.78,477.98,1,-1,-1,-1
732,2,1877.34,672.28,547.92,235.86,1,-1,-1,-1
733,2,1797.89,674.93,487.27,226.10,1,-1,-1,-1
734,2,1723.00,677.92,434.80,215.87,1,-1,-1,-1
735,2,1653.49,681.15,390.73,205.39,1,-1,-1,-1
736,2,1589.85,684.49,354.31,194.95,1,-1,-1,-1
737,2,1532.17,687.81,324.36,184.78,1,-1,-1,-1
738,2,1480.18,691.02,299.64,175.09,1,-1,-1,-1
739,2,1433.36,694.03,278.94,166.05,1,-1,-1,-1
740,2,1391.03,696.80,261.05,157.72,1,-1,-1,-1
741,2,1352.51,699.34,244.88,150.12,1,-1,-1,-1
741,3,560.06,785.37,94.89,55.97,1,-1,-1,-1
742,2,1317.15,701.71,229.87,143.20,1,-1,-1,-1
742,3,567.20,785.45,93.50,56.53,1,-1,-1,-1
743,2,1284.42,703.95,215.90,136.90,1,-1,-1,-1
743,3,574.35,785.52,92.11,57.08,1,-1,-1,-1
744,2,1253.96,706.10,202.91,131.15,1,-1,-1,-1
744,3,581.49,785.60,90.72,57.63,1,-1,-1,-1
745,2,1225.56,708.20,190.79,125.86,1,-1,-1,-1
745,3,588.64,785.67,89.33,58.19,1,-1,-1,-1
746,2,1199.06,710.27,179.45,120.97,1,-1,-1,-1
746,3,595.78,785.75,87.94,58.74,1,-1,-1,-1
747,2,1174.25,712.32,168.97,116.42,1,-1,-1,-1
747,3,602.93,785.82,86.55,59.29,1,-1,-1,-1
748,2,1150.87,714.38,159.47,112.16,1,-1,-1,-1
748,3,610.07,785.89,85.16,59.85,1,-1,-1,-1
749,2,1128.63,716.42,151.00,108.16,1,-1,-1,-1
749,3,617.22,785.97,83.77,60.40,1,-1,-1,-1
750,2,1107.30,718.44,143.60,104.42,1,-1,-1,-1
750,3,624.36,786.04,82.38,60.96,1,-1,-1,-1
751,2,1086.69,720.41,137.41,100.93,1,-1,-1,-1
751,3,631.51,786.12,81.00,61.51,1,-1,-1,-1
752,2,1066.73,722.29,132.44,97.70,1,-1,-1,-1
752,3,638.65,786.19,79.61,62.06,1,-1,-1,-1
753,2,1047.41,724.09,128.53,94.72,1,-1,-1,-1
753,3,645.80,786.27,78.22,62.62,1,-1,-1,-1
754,2,1028.80,725.78,125.38,91.99,1,-1,-1,-1
754,3,652.94,786.34,76.83,63.17,1,-1,-1,-1
755,2,1010.98,727.37,122.67,89.50,1,-1,-1,-1
756,2,994.00,728.87,120.18,87.21,1,-1,-1,-1
757,2,977.82,730.33,117.76,85.07,1,-1,-1,-1
757,4,688.05,767.95,84.76,70.01,1,-1,-1,-1
758,2,962.37,731.81,115.33,83.01,1,-1,-1,-1
758,4,690.59,768.88,93.89,73.96,1,-1,-1,-1
759,2,947.57,733.35,112.80,80.96,1,-1,-1,-1
759,4,694.69,768.89,100.14,78.04,1,-1,-1,-1
760,2,933.43,735.01,110.15,78.85,1,-1,-1,-1
760,4,700.68,768.60,104.23,81.74,1,-1,-1,-1
761,2,919.95,736.83,107.24,76.58,1,-1,-1,-1
761,4,708.34,768.46,106.63,84.74,1,-1,-1,-1
762,2,907.10,738.86,103.79,74.08,1,-1,-1,-1
762,4,716.99,768.45,109.58,87.16,1,-1,-1,-1
763,2,894.78,741.11,99.37,71.29,1,-1,-1,-1
763,4,725.86,768.47,112.91,89.15,1,-1,-1,-1
764,2,882.86,743.55,93.55,68.17,1,-1,-1,-1
764,4,734.38,768.31,115.72,91.00,1,-1,-1,-1
765,2,871.14,746.11,86.19,64.73,1,-1,-1,-1
765,4,742.23,767.60,121.73,93.21,1,-1,-1,-1
766,2,859.34,748.71,77.36,61.02,1,-1,-1,-1
766,4,749.35,766.23,132.38,96.04,1,-1,-1,-1
767,4,755.87,764.49,138.41,99.35,1,-1,-1,-1
768,4,762.04,762.69,137.79,102.90,1,-1,-1,-1
769,4,768.11,761.19,137.36,106.36,1,-1,-1,-1
769,7,1896.26,665.07,640.76,224.85,1,-1,-1,-1
770,4,774.41,760.64,141.02,109.09,1,-1,-1,-1
770,7,1818.84,667.43,577.12,216.44,1,-1,-1,-1
771,4,781.30,761.60,145.75,110.54,1,-1,-1,-1
771,7,1746.61,669.88,517.58,207.83,1,-1,-1,-1
772,4,789.16,764.00,148.41,110.76,1,-1,-1,-1
772,7,1680.10,672.40,463.00,199.10,1,-1,-1,-1
773,4,798.13,767.01,149.74,110.57,1,-1,-1,-1
773,7,1619.46,675.01,414.39,190.36,1,-1,-1,-1
774,4,808.02,769.65,151.41,110.95,1,-1,-1,-1
774,5,754.63,758.75,70.40,55.15,1,-1,-1,-1
774,7,1564.46,677.70,372.47,181.71,1,-1,-1,-1
775,4,818.39,771.25,154.15,112.55,1,-1,-1,-1
775,5,746.15,760.37,69.78,54.02,1,-1,-1,-1
775,7,1514.54,680.44,337.34,173.25,1,-1,-1,-1
776,4,828.73,771.63,157.31,115.63,1,-1,-1,-1
776,5,737.67,761.99,69.17,52.90,1,-1,-1,-1
776,7,1468.94,683.22,308.52,165.07,1,-1,-1,-1
777,4,838.59,770.91,159.61,120.16,1,-1,-1,-1
777,5,729.19,763.61,68.55,51.78,1,-1,-1,-1
777,7,1426.92,686.02,285.11,157.27,1,-1,-1,-1
778,4,847.75,769.35,160.35,125.98,1,-1,-1,-1
778,5,720.72,765.23,67.93,50.66,1,-1,-1,-1
778,7,1387.79,688.80,266.05,149.88,1,-1,-1,-1
779,4,856.28,767.35,162.35,132.82,1,-1,-1,-1
779,5,712.24,766.85,67.31,49.53,1,-1,-1,-1
779,7,1351.08,691.56,250.23,142.93,1,-1,-1,-1
780,4,864.49,765.51,167.95,140.08,1,-1,-1,-1
780,5,703.76,768.47,66.70,48.41,1,-1,-1,-1
780,7,1316.45,694.28,236.54,136.43,1,-1,-1,-1
781,4,872.75,764.60,176.86,146.89,1,-1,-1,-1
781,5,695.29,770.09,66.08,47.29,1,-1,-1,-1
781,7,1283.71,696.95,224.03,130.36,1,-1,-1,-1
782,4,881.35,765.33,185.09,152.29,1,-1,-1,-1
782,5,686.81,771.71,65.46,46.16,1,-1,-1,-1
782,7,1252.77,699.58,211.97,124.70,1,-1,-1,-1
783,4,890.33,767.87,189.47,155.88,1,-1,-1,-1
783,5,678.33,773.34,64.84,45.04,1,-1,-1,-1
783,7,1223.57,702.17,200.05,119.39,1,-1,-1,-1
784,4,899.52,771.28,195.61,158.37,1,-1,-1,-1
784,5,669.85,774.96,64.23,43.92,1,-1,-1,-1
784,7,1196.03,704.72,188.36,114.40,1,-1,-1,-1
785,4,908.56,774.52,206.42,160.84,1,-1,-1,-1
785,5,661.38,776.58,63.61,42.80,1,-1,-1,-1
785,7,1169.95,707.24,177.31,109.70,1,-1,-1,-1
786,4,917.22,777.01,214.83,164.09,1,-1,-1,-1
786,5,652.90,778.20,62.99,41.67,1,-1,-1,-1
786,7,1145.01,709.72,167.39,105.28,1,-1,-1,-1
787,4,925.71,778.76,217.55,168.49,1,-1,-1,-1
787,5,644.42,779.82,62.38,40.55,1,-1,-1,-1
787,7,1120.93,712.17,159.00,101.14,1,-1,-1,-1
788,4,934.69,780.10,222.50,174.06,1,-1,-1,-1
788,5,635.95,781.44,61.76,39.43,1,-1,-1,-1
788,7,1097.49,714.59,152.30,97.30,1,-1,-1,-1
789,4,944.88,781.27,233.85,180.76,1,-1,-1,-1
789,5,627.47,783.06,61.14,38.31,1,-1,-1,-1
789,7,1074.65,716.96,147.11,93.79,1,-1,-1,-1
790,4,956.62,782.57,244.46,188.37,1,-1,-1,-1
790,5,618.99,784.68,60.52,37.18,1,-1,-1,-1
790,7,1052.54,719.30,143.01,90.62,1,-1,-1,-1
791,4,969.86,784.41,253.83,196.45,1,-1,-1,-1
791,5,610.52,786.30,59.91,36.06,1,-1,-1,-1
791,7,1031.34,721.60,139.49,87.80,1,-1,-1,-1
792,4,984.26,786.94,266.02,204.75,1,-1,-1,-1
792,5,602.04,787.93,59.29,34.94,1,-1,-1,-1
792,7,1011.26,723.88,136.17,85.34,1,-1,-1,-1
793,4,999.38,789.83,279.23,213.55,1,-1,-1,-1
793,5,593.56,789.55,58.67,33.82,1,-1,-1,-1
793,7,992.40,726.13,132.85,83.20,1,-1,-1,-1
794,4,1014.79,792.36,294.67,223.45,1,-1,-1,-1
794,5,585.08,791.17,58.06,32.69,1,-1,-1,-1
794,7,974.64,728.37,129.39,81.35,1,-1,-1,-1
795,4,1030.25,794.06,316.24,234.86,1,-1,-1,-1
795,5,576.61,792.79,57.44,31.57,1,-1,-1,-1
795,7,957.76,730.58,125.73,79.73,1,-1,-1,-1
796,4,1045.81,794.98,339.80,247.68,1,-1,-1,-1
796,7,941.44,732.79,121.93,78.28,1,-1,-1,-1
797,4,1061.66,795.08,363.80,261.86,1,-1,-1,-1
797,7,925.47,734.98,118.15,76.94,1,-1,-1,-1
798,4,1078.00,794.33,394.32,277.40,1,-1,-1,-1
798,7,909.74,737.16,114.52,75.64,1,-1,-1,-1
799,4,1095.05,793.29,429.96,293.80,1,-1,-1,-1
799,7,894.19,739.33,111.14,74.36,1,-1,-1,-1
800,4,1113.15,792.69,464.96,310.52,1,-1,-1,-1
800,7,878.86,741.49,108.06,73.03,1,-1,-1,-1
801,4,1133.01,792.82,507.93,327.63,1,-1,-1,-1
801,7,863.78,743.63,105.39,71.66,1,-1,-1,-1
802,4,1155.77,793.63,548.01,345.74,1,-1,-1,-1
802,7,849.00,745.74,103.22,70.22,1,-1,-1,-1
803,4,1182.86,794.57,585.15,366.14,1,-1,-1,-1
803,7,834.56,747.81,101.51,68.72,1,-1,-1,-1
804,4,1215.65,794.75,634.25,390.66,1,-1,-1,-1
804,7,820.52,749.83,100.12,67.15,1,-1,-1,-1
805,4,1255.26,794.14,692.65,420.24,1,-1,-1,-1
805,7,806.95,751.79,98.80,65.52,1,-1,-1,-1
806,4,1302.37,794.19,756.03,454.15,1,-1,-1,-1
806,6,2186.03,651.60,371.58,288.92,1,-1,-1,-1
806,7,793.95,753.71,97.30,63.80,1,-1,-1,-1
807,4,1356.99,796.73,828.14,490.87,1,-1,-1,-1
807,6,2076.37,654.21,486.38,276.25,1,-1,-1,-1
807,7,781.64,755.59,95.43,61.99,1,-1,-1,-1
808,4,1418.43,802.14,915.49,529.85,1,-1,-1,-1
808,6,1971.92,656.98,558.33,263.38,1,-1,-1,-1
808,7,770.15,757.45,93.06,60.06,1,-1,-1,-1
809,4,1485.50,808.57,992.68,572.30,1,-1,-1,-1
809,6,1874.05,659.94,568.32,250.44,1,-1,-1,-1
809,7,759.55,759.30,90.13,57.98,1,-1,-1,-1
810,4,1556.82,813.67,995.02,619.80,1,-1,-1,-1
810,6,1784.17,663.08,530.11,237.59,1,-1,-1,-1
810,7,749.93,761.16,86.59,55.73,1,-1,-1,-1
811,4,1631.07,816.42,914.60,672.49,1,-1,-1,-1
811,6,1703.54,666.40,481.88,224.99,1,-1,-1,-1
811,7,741.36,763.05,82.35,53.28,1,-1,-1,-1
812,6,1632.97,669.87,443.85,212.79,1,-1,-1,-1
812,7,733.88,764.97,77.27,50.61,1,-1,-1,-1
813,6,1572.26,673.46,412.03,201.10,1,-1,-1,-1
813,7,727.46,766.95,71.31,47.70,1,-1,-1,-1
814,6,1520.07,677.13,379.29,190.02,1,-1,-1,-1
814,7,721.96,769.00,64.53,44.54,1,-1,-1,-1
815,6,1474.30,680.84,344.92,179.63,1,-1,-1,-1
815,7,717.20,771.13,57.03,41.13,1,-1,-1,-1
816,6,1432.78,684.53,312.57,170.02,1,-1,-1,-1
816,7,712.91,773.33,48.87,37.47,1,-1,-1,-1
817,6,1393.82,688.16,284.47,161.21,1,-1,-1,-1
818,6,1356.53,691.71,262.77,153.21,1,-1,-1,-1
819,6,1320.68,695.16,247.11,145.97,1,-1,-1,-1
820,6,1286.40,698.51,232.91,139.42,1,-1,-1,-1
821,6,1253.91,701.75,219.67,133.46,1,-1,-1,-1
822,6,1223.46,704.90,209.32,127.98,1,-1,-1,-1
823,6,1195.16,707.94,198.97,122.90,1,-1,-1,-1
823,8,635.55,787.95,54.95,32.64,1,-1,-1,-1
824,6,1168.88,710.87,186.85,118.14,1,-1,-1,-1
824,8,628.24,787.49,56.87,33.27,1,-1,-1,-1
825,6,1144.18,713.68,174.65,113.64,1,-1,-1,-1
825,8,620.93,787.03,58.79,33.91,1,-1,-1,-1
826,6,1120.51,716.37,164.25,109.37,1,-1,-1,-1
826,8,613.62,786.56,60.71,34.55,1,-1,-1,-1
827,6,1097.45,718.92,156.41,105.33,1,-1,-1,-1
827,8,606.31,786.10,62.63,35.18,1,-1,-1,-1
828,6,1074.96,721.32,151.42,101.51,1,-1,-1,-1
828,8,599.00,785.64,64.55,35.82,1,-1,-1,-1
829,6,1053.32,723.56,147.66,97.90,1,-1,-1,-1
829,8,591.69,785.17,66.46,36.45,1,-1,-1,-1
830,6,1032.93,725.66,143.03,94.52,1,-1,-1,-1
830,8,584.38,784.71,68.38,37.09,1,-1,-1,-1
831,6,1014.06,727.62,137.92,91.36,1,-1,-1,-1
831,8,577.07,784.25,70.30,37.73,1,-1,-1,-1
832,6,996.72,729.46,132.60,88.43,1,-1,-1,-1
832,8,569.76,783.78,72.22,38.36,1,-1,-1,-1
833,6,980.64,731.20,127.03,85.73,1,-1,-1,-1
833,8,562.45,783.32,74.14,39.00,1,-1,-1,-1
834,6,965.34,732.88,121.81,83.25,1,-1,-1,-1
835,6,950.41,734.51,117.43,80.98,1,-1,-1,-1
836,6,935.63,736.14,113.84,78.89,1,-1,-1,-1
837,6,920.97,737.77,110.37,76.98,1,-1,-1,-1
838,6,906.44,739.42,107.38,75.22,1,-1,-1,-1
839,6,891.94,741.10,104.85,73.60,1,-1,-1,-1
840,6,877.41,742.80,102.54,72.09,1,-1,-1,-1
841,6,862.88,744.51,99.22,70.68,1,-1,-1,-1
842,6,848.53,746.21,95.69,69.35,1,-1,-1,-1
843,6,834.44,747.89,94.02,68.08,1,-1,-1,-1
844,6,820.62,749.54,93.97,66.84,1,-1,-1,-1
845,6,807.07,751.17,94.22,65.62,1,-1,-1,-1
846,6,793.89,752.76,93.87,64.38,1,-1,-1,-1
847,6,781.27,754.34,92.46,63.09,1,-1,-1,-1
848,6,769.38,755.91,90.25,61.71,1,-1,-1,-1
849,6,758.28,757.51,87.90,60.21,1,-1,-1,-1
850,6,748.11,759.14,85.59,58.53,1,-1,-1,-1
851,6,739.06,760.83,82.84,56.63,1,-1,-1,-1
852,6,731.29,762.58,78.63,54.46,1,-1,-1,-1
853,6,724.72,764.42,73.28,51.99,1,-1,-1,-1
854,6,719.12,766.36,66.83,49.18,1,-1,-1,-1
855,6,714.13,768.40,57.68,46.03,1,-1,-1,-1
943,9,-6.57,1245.98,503.47,227.39,1,-1,-1,-1
943,10,420.07,1208.43,132.36,128.39,1,-1,-1,-1
944,9,10.84,1239.42,497.82,233.63,1,-1,-1,-1
944,10,418.00,1202.00,163.95,141.41,1,-1,-1,-1
945,9,28.25,1232.85,492.16,239.87,1,-1,-1,-1
945,10,414.62,1195.03,194.42,154.16,1,-1,-1,-1
946,9,45.66,1226.29,486.51,246.11,1,-1,-1,-1
946,10,410.13,1187.81,223.50,165.78,1,-1,-1,-1
947,9,63.07,1219.73,480.85,252.34,1,-1,-1,-1
947,10,404.87,1180.67,250.96,175.22,1,-1,-1,-1
948,9,80.48,1213.16,475.20,258.58,1,-1,-1,-1
948,10,399.25,1173.91,276.69,181.66,1,-1,-1,-1
949,9,97.89,1206.60,469.54,264.82,1,-1,-1,-1
949,10,393.71,1167.68,300.68,185.01,1,-1,-1,-1
950,9,115.30,1200.03,463.89,271.06,1,-1,-1,-1
950,10,388.62,1161.97,322.90,185.98,1,-1,-1,-1
951,9,132.71,1193.47,458.24,277.29,1,-1,-1,-1
951,10,384.21,1156.69,343.51,185.76,1,-1,-1,-1
952,9,150.12,1186.91,452.58,283.53,1,-1,-1,-1
952,10,380.28,1151.75,363.39,185.53,1,-1,-1,-1
953,9,167.52,1180.34,446.93,289.77,1,-1,-1,-1
953,10,376.42,1147.06,383.76,186.18,1,-1,-1,-1
954,9,184.93,1173.78,441.27,296.01,1,-1,-1,-1
954,10,372.34,1142.52,405.33,188.26,1,-1,-1,-1
955,9,202.34,1167.22,435.62,302.25,1,-1,-1,-1
955,10,368.17,1138.02,427.86,191.84,1,-1,-1,-1
956,9,219.75,1160.65,429.96,308.48,1,-1,-1,-1
956,10,364.38,1133.48,450.37,196.68,1,-1,-1,-1
957,9,237.16,1154.09,424.31,314.72,1,-1,-1,-1
957,10,361.54,1128.87,471.53,202.29,1,-1,-1,-1
958,9,254.57,1147.52,418.65,320.96,1,-1,-1,-1
958,10,360.25,1124.18,489.97,208.16,1,-1,-1,-1
959,9,271.98,1140.96,413.00,327.20,1,-1,-1,-1
959,10,360.88,1119.47,504.68,213.80,1,-1,-1,-1
960,10,363.46,1114.88,515.35,218.91,1,-1,-1,-1
961,10,367.65,1110.63,522.52,223.43,1,-1,-1,-1
962,10,372.95,1106.93,527.22,227.51,1,-1,-1,-1
963,10,378.98,1103.93,530.55,231.39,1,-1,-1,-1
964,10,385.48,1101.61,533.53,235.33,1,-1,-1,-1
965,10,392.24,1099.86,537.11,239.52,1,-1,-1,-1
966,10,398.98,1098.45,542.02,244.05,1,-1,-1,-1
967,10,405.36,1097.13,548.55,248.87,1,-1,-1,-1
968,10,411.10,1095.67,556.57,253.72,1,-1,-1,-1
969,10,416.10,1093.90,565.64,258.22,1,-1,-1,-1
970,10,420.52,1091.73,575.14,261.96,1,-1,-1,-1
971,10,424.87,1089.09,584.36,264.65,1,-1,-1,-1
972,10,429.90,1085.95,592.68,266.24,1,-1,-1,-1
973,10,436.49,1082.25,599.82,266.96,1,-1,-1,-1
974,10,445.51,1077.93,605.78,267.15,1,-1,-1,-1
975,10,457.58,1072.98,610.79,267.20,1,-1,-1,-1
976,10,473.11,1067.38,615.06,267.59,1,-1,-1,-1
977,10,492.22,1061.10,618.58,268.68,1,-1,-1,-1
978,10,514.74,1054.20,621.31,270.63,1,-1,-1,-1
979,10,540.09,1046.84,623.54,273.29,1,-1,-1,-1
980,10,567.40,1039.26,625.59,276.34,1,-1,-1,-1
981,10,595.78,1031.75,627.85,279.38,1,-1,-1,-1
982,10,624.46,1024.63,630.83,281.92,1,-1,-1,-1
983,10,652.94,1018.07,634.72,283.56,1,-1,-1,-1
984,10,681.17,1012.07,639.47,284.05,1,-1,-1,-1
985,10,709.41,1006.47,645.20,283.39,1,-1,-1,-1
986,10,738.12,1001.03,652.10,281.83,1,-1,-1,-1
987,10,767.72,995.55,660.13,279.84,1,-1,-1,-1
988,10,798.55,989.92,668.95,278.06,1,-1,-1,-1
989,10,830.64,984.12,678.26,277.11,1,-1,-1,-1
990,10,863.80,978.22,687.66,277.57,1,-1,-1,-1
991,10,897.79,972.37,696.53,279.95,1,-1,-1,-1
992,10,932.43,966.77,704.27,284.73,1,-1,-1,-1
993,10,967.72,961.54,710.71,292.26,1,-1,-1,-1
994,10,1003.81,956.87,716.38,302.71,1,-1,-1,-1
995,10,1040.94,952.95,722.34,315.90,1,-1,-1,-1
996,10,1079.43,949.97,729.75,331.50,1,-1,-1,-1
997,10,1119.52,948.06,739.71,349.12,1,-1,-1,-1
998,10,1161.19,947.26,753.35,368.36,1,-1,-1,-1
999,10,1204.33,947.64,772.07,388.69,1,-1,-1,-1
1000,10,1248.84,949.15,797.46,409.44,1,-1,-1,-1
1001,10,1294.64,951.55,831.13,430.07,1,-1,-1,-1
1002,10,1341.54,954.36,874.25,450.22,1,-1,-1,-1
1003,10,1389.21,956.92,927.19,469.84,1,-1,-1,-1
1004,10,1437.21,958.59,989.15,488.98,1,-1,-1,-1
1094,12,1886.71,602.91,694.77,355.63,1,-1,-1,-1
1095,12,1825.38,606.25,695.59,340.92,1,-1,-1,-1
1096,12,1767.20,609.64,678.10,326.34,1,-1,-1,-1
1097,12,1712.51,613.07,644.91,311.96,1,-1,-1,-1
1098,12,1661.56,616.54,602.79,297.88,1,-1,-1,-1
1099,12,1614.46,620.04,558.97,284.21,1,-1,-1,-1
1100,12,1571.15,623.56,518.17,271.01,1,-1,-1,-1
1101,12,1531.44,627.09,482.26,258.38,1,-1,-1,-1
1102,12,1495.00,630.61,451.09,246.38,1,-1,-1,-1
1103,12,1461.45,634.12,423.41,235.06,1,-1,-1,-1
1104,12,1430.39,637.60,397.98,224.45,1,-1,-1,-1
1105,12,1401.43,641.05,374.32,214.58,1,-1,-1,-1
1106,12,1374.23,644.44,352.60,205.43,1,-1,-1,-1
1107,12,1348.46,647.79,332.98,197.01,1,-1,-1,-1
1108,12,1323.86,651.07,315.23,189.29,1,-1,-1,-1
1109,12,1300.27,654.28,298.99,182.22,1,-1,-1,-1
1110,12,1277.63,657.41,283.93,175.77,1,-1,-1,-1
1111,12,1255.94,660.47,270.07,169.87,1,-1,-1,-1
1112,12,1235.21,663.45,257.62,164.45,1,-1,-1,-1
1113,12,1215.46,666.35,246.52,159.44,1,-1,-1,-1
1114,12,1196.63,669.17,236.60,154.78,1,-1,-1,-1
1115,12,1178.64,671.90,227.86,150.41,1,-1,-1,-1
1116,12,1161.36,674.54,220.28,146.28,1,-1,-1,-1
1117,12,1144.66,677.11,213.49,142.34,1,-1,-1,-1
1118,12,1128.41,679.59,207.21,138.58,1,-1,-1,-1
1119,12,1112.49,682.00,201.45,134.97,1,-1,-1,-1
1120,12,1096.82,684.33,196.29,131.52,1,-1,-1,-1
1121,12,1081.34,686.58,191.60,128.21,1,-1,-1,-1
1122,12,1066.04,688.77,187.22,125.06,1,-1,-1,-1
1123,12,1050.99,690.90,183.03,122.08,1,-1,-1,-1
1124,12,1036.26,692.97,179.05,119.25,1,-1,-1,-1
1125,12,1021.97,694.98,175.43,116.59,1,-1,-1,-1
1126,12,1008.22,696.95,172.17,114.08,1,-1,-1,-1
1127,12,995.09,698.87,168.98,111.74,1,-1,-1,-1
1128,12,982.61,700.76,165.55,109.56,1,-1,-1,-1
1129,12,970.76,702.62,161.83,107.52,1,-1,-1,-1
1130,12,959.48,704.45,158.03,105.62,1,-1,-1,-1
1131,12,948.66,706.26,154.30,103.86,1,-1,-1,-1
1132,12,938.17,708.04,150.60,102.21,1,-1,-1,-1
1133,12,927.91,709.81,146.81,100.67,1,-1,-1,-1
1134,12,917.78,711.56,142.99,99.22,1,-1,-1,-1
1135,12,907.69,713.28,139.41,97.85,1,-1,-1,-1
1136,12,897.61,714.99,136.51,96.54,1,-1,-1,-1
1137,12,887.52,716.67,134.57,95.28,1,-1,-1,-1
1138,12,877.42,718.33,133.53,94.05,1,-1,-1,-1
1139,12,867.34,719.96,132.99,92.84,1,-1,-1,-1
1140,12,857.34,721.55,132.49,91.64,1,-1,-1,-1
1141,12,847.47,723.12,131.50,90.44,1,-1,-1,-1
1142,12,837.79,724.64,129.53,89.24,1,-1,-1,-1
1143,12,828.39,726.13,126.62,88.03,1,-1,-1,-1
1144,12,819.32,727.58,123.61,86.81,1,-1,-1,-1
1145,12,810.63,728.98,121.40,85.59,1,-1,-1,-1
1146,11,1852.28,676.57,684.16,253.09,1,-1,-1,-1
1146,12,802.32,730.35,120.35,84.37,1,-1,-1,-1
1147,11,1789.65,679.18,622.26,243.82,1,-1,-1,-1
1147,12,794.39,731.69,120.29,83.16,1,-1,-1,-1
1148,11,1731.54,681.98,566.81,233.95,1,-1,-1,-1
1148,12,786.81,732.99,120.72,81.95,1,-1,-1,-1
1149,11,1678.76,684.94,517.95,223.70,1,-1,-1,-1
1149,12,779.54,734.26,120.97,80.77,1,-1,-1,-1
1150,11,1631.54,687.97,475.24,213.35,1,-1,-1,-1
1150,12,772.57,735.52,120.39,79.61,1,-1,-1,-1
1151,11,1589.44,691.04,437.93,203.19,1,-1,-1,-1
1151,12,765.87,736.76,118.53,78.47,1,-1,-1,-1
1152,11,1551.58,694.06,405.18,193.45,1,-1,-1,-1
1152,12,759.40,737.99,115.53,77.35,1,-1,-1,-1
1153,11,1517.01,696.98,376.20,184.28,1,-1,-1,-1
1153,12,753.11,739.21,111.95,76.26,1,-1,-1,-1
1154,11,1484.82,699.76,350.39,175.76,1,-1,-1,-1
1154,12,746.98,740.44,108.29,75.20,1,-1,-1,-1
1155,11,1454.28,702.37,327.53,167.90,1,-1,-1,-1
1155,12,740.96,741.67,104.80,74.15,1,-1,-1,-1
1156,11,1424.83,704.75,307.69,160.73,1,-1,-1,-1
1156,12,735.03,742.91,101.59,73.13,1,-1,-1,-1
1157,11,1396.21,706.90,290.89,154.27,1,-1,-1,-1
1157,12,729.16,744.16,98.59,72.12,1,-1,-1,-1
1158,11,1368.43,708.78,276.92,148.56,1,-1,-1,-1
1158,12,723.34,745.42,95.61,71.11,1,-1,-1,-1
1159,11,1341.82,710.37,265.20,143.60,1,-1,-1,-1
1159,12,717.54,746.70,92.35,70.11,1,-1,-1,-1
1160,11,1316.79,711.67,254.88,139.35,1,-1,-1,-1
1160,12,711.79,747.99,88.54,69.11,1,-1,-1,-1
1161,11,1293.79,712.66,245.15,135.67,1,-1,-1,-1
1161,12,706.10,749.29,84.17,68.11,1,-1,-1,-1
1162,11,1273.28,713.32,235.34,132.40,1,-1,-1,-1
1162,12,700.50,750.60,79.36,67.10,1,-1,-1,-1
1163,11,1255.65,713.64,224.94,129.38,1,-1,-1,-1
1163,12,695.01,751.92,74.31,66.08,1,-1,-1,-1
1164,11,1241.15,713.63,213.67,126.48,1,-1,-1,-1
1164,12,689.63,753.23,69.24,65.07,1,-1,-1,-1
1165,11,1229.84,713.27,201.46,123.61,1,-1,-1,-1
1165,12,684.35,754.55,64.43,64.05,1,-1,-1,-1
1166,11,1221.56,712.56,188.47,120.75,1,-1,-1,-1
1166,12,679.16,755.85,60.14,63.03,1,-1,-1,-1
1167,11,1215.91,711.49,175.16,117.92,1,-1,-1,-1
1167,12,674.04,757.15,56.65,62.02,1,-1,-1,-1
1168,11,1212.32,710.04,162.17,115.19,1,-1,-1,-1
1168,12,668.97,758.42,54.19,61.02,1,-1,-1,-1
1169,11,1210.23,708.18,150.12,112.66,1,-1,-1,-1
1169,12,663.92,759.68,52.95,60.03,1,-1,-1,-1
1170,11,1209.15,705.90,139.43,110.40,1,-1,-1,-1
1170,12,658.87,760.91,53.07,59.06,1,-1,-1,-1
1171,11,1208.78,703.20,130.38,108.42,1,-1,-1,-1
1171,12,653.79,762.11,54.55,58.11,1,-1,-1,-1
1172,11,1208.95,700.07,123.10,106.69,1,-1,-1,-1
1172,12,648.65,763.27,57.27,57.18,1,-1,-1,-1
1173,11,1209.66,696.56,117.55,105.12,1,-1,-1,-1
1173,12,643.43,764.40,60.94,56.28,1,-1,-1,-1
1174,11,1210.98,692.71,113.59,103.62,1,-1,-1,-1
1174,12,638.11,765.50,65.02,55.40,1,-1,-1,-1
1175,11,1212.98,688.58,111.09,102.08,1,-1,-1,-1
1175,12,632.67,766.57,68.79,54.53,1,-1,-1,-1
1176,11,1215.70,684.24,110.00,100.39,1,-1,-1,-1
1176,12,627.11,767.60,71.70,53.68,1,-1,-1,-1
1177,11,1219.20,679.78,110.23,98.47,1,-1,-1,-1
1177,12,621.46,768.61,73.64,52.84,1,-1,-1,-1
1178,11,1223.60,675.28,111.53,96.31,1,-1,-1,-1
1178,12,615.74,769.60,75.01,52.00,1,-1,-1,-1
1179,11,1228.98,670.84,113.51,93.95,1,-1,-1,-1
1179,12,610.02,770.57,76.31,51.14,1,-1,-1,-1
1180,11,1235.31,666.54,115.62,91.49,1,-1,-1,-1
1180,12,604.39,771.54,77.82,50.24,1,-1,-1,-1
1181,11,1242.42,662.45,117.24,89.04,1,-1,-1,-1
1181,12,598.90,772.51,79.55,49.30,1,-1,-1,-1
1182,11,1249.98,658.64,117.86,86.64,1,-1,-1,-1
1182,12,593.60,773.49,81.41,48.28,1,-1,-1,-1
1183,11,1257.59,655.11,117.16,84.32,1,-1,-1,-1
1183,12,588.49,774.48,83.24,47.16,1,-1,-1,-1
1184,12,583.53,775.50,84.72,45.94,1,-1,-1,-1
1185,12,578.63,776.55,85.28,44.59,1,-1,-1,-1
1217,14,1898.68,632.48,647.29,309.05,1,-1,-1,-1
1218,14,1836.07,635.93,609.87,297.29,1,-1,-1,-1
1219,14,1776.46,639.54,573.08,285.37,1,-1,-1,-1
1220,14,1720.54,643.26,536.70,273.38,1,-1,-1,-1
1221,14,1668.84,647.08,500.72,261.43,1,-1,-1,-1
1222,14,1621.61,650.96,465.38,249.64,1,-1,-1,-1
1223,14,1578.77,654.85,431.18,238.15,1,-1,-1,-1
1224,14,1539.88,658.73,398.78,227.07,1,-1,-1,-1
1225,14,1504.24,662.54,368.83,216.52,1,-1,-1,-1
1226,14,1471.10,666.26,341.87,206.57,1,-1,-1,-1
1227,14,1439.78,669.85,318.18,197.31,1,-1,-1,-1
1228,14,1409.72,673.28,297.86,188.75,1,-1,-1,-1
1229,14,1380.52,676.55,280.82,180.93,1,-1,-1,-1
1230,14,1351.92,679.63,266.82,173.81,1,-1,-1,-1
1231,14,1323.88,682.53,255.46,167.37,1,-1,-1,-1
1232,14,1296.49,685.24,246.10,161.55,1,-1,-1,-1
1233,14,1269.99,687.78,238.03,156.28,1,-1,-1,-1
1234,14,1244.64,690.17,230.49,151.49,1,-1,-1,-1
1235,14,1220.69,692.43,222.88,147.08,1,-1,-1,-1
1236,13,546.91,787.37,83.34,63.29,1,-1,-1,-1
1236,14,1198.26,694.59,214.80,142.98,1,-1,-1,-1
1237,13,552.80,788.48,84.40,64.35,1,-1,-1,-1
1237,14,1177.33,696.67,206.14,139.12,1,-1,-1,-1
1238,13,558.25,789.55,85.55,64.76,1,-1,-1,-1
1238,14,1157.75,698.71,197.01,135.42,1,-1,-1,-1
1239,13,563.44,790.58,86.87,64.60,1,-1,-1,-1
1239,14,1139.27,700.71,187.75,131.85,1,-1,-1,-1
1240,13,568.59,791.58,88.32,63.96,1,-1,-1,-1
1240,14,1121.61,702.69,178.72,128.37,1,-1,-1,-1
1241,13,573.95,792.52,89.65,62.99,1,-1,-1,-1
1241,14,1104.51,704.65,170.27,124.97,1,-1,-1,-1
1242,13,579.75,793.39,90.51,61.89,1,-1,-1,-1
1242,14,1087.77,706.60,162.66,121.65,1,-1,-1,-1
1243,13,586.07,794.13,90.61,60.83,1,-1,-1,-1
1243,14,1071.29,708.53,156.06,118.39,1,-1,-1,-1
1244,13,592.86,794.70,89.93,60.02,1,-1,-1,-1
1244,14,1055.01,710.44,150.50,115.21,1,-1,-1,-1
1245,13,599.91,795.05,88.73,59.57,1,-1,-1,-1
1245,14,1038.98,712.34,145.93,112.11,1,-1,-1,-1
1246,13,606.90,795.16,87.38,59.55,1,-1,-1,-1
1246,14,1023.33,714.21,142.12,109.10,1,-1,-1,-1
1247,13,613.57,795.03,86.00,59.97,1,-1,-1,-1
1247,14,1008.21,716.07,138.78,106.18,1,-1,-1,-1
1248,13,619.78,794.66,84.47,60.74,1,-1,-1,-1
1248,14,993.79,717.91,135.60,103.36,1,-1,-1,-1
1249,13,625.57,794.12,82.64,61.79,1,-1,-1,-1
1249,14,980.13,719.73,132.33,100.63,1,-1,-1,-1
1250,13,631.15,793.45,80.62,62.99,1,-1,-1,-1
1250,14,967.19,721.53,128.86,98.01,1,-1,-1,-1
1251,13,636.85,792.71,78.86,64.26,1,-1,-1,-1
1251,14,954.86,723.33,125.21,95.48,1,-1,-1,-1
1252,13,643.03,791.94,77.98,65.58,1,-1,-1,-1
1252,14,942.96,725.10,121.48,93.05,1,-1,-1,-1
1253,13,649.98,791.14,78.48,66.95,1,-1,-1,-1
1253,14,931.33,726.87,117.82,90.73,1,-1,-1,-1
1254,13,657.79,790.32,80.44,68.43,1,-1,-1,-1
1254,14,919.82,728.61,114.39,88.51,1,-1,-1,-1
1255,13,666.33,789.47,83.65,70.10,1,-1,-1,-1
1255,14,908.34,730.34,111.28,86.39,1,-1,-1,-1
1256,13,675.25,788.53,87.73,72.06,1,-1,-1,-1
1256,14,896.89,732.03,108.49,84.39,1,-1,-1,-1
1257,13,684.10,787.46,92.21,74.38,1,-1,-1,-1
1257,14,885.56,733.70,105.90,82.49,1,-1,-1,-1
1258,13,692.47,786.23,96.70,77.11,1,-1,-1,-1
1258,14,874.49,735.33,103.38,80.70,1,-1,-1,-1
1259,13,700.02,784.79,101.07,80.26,1,-1,-1,-1
1259,14,863.77,736.93,100.80,79.01,1,-1,-1,-1
1260,13,706.55,783.12,105.54,83.80,1,-1,-1,-1
1260,14,853.42,738.47,98.09,77.44,1,-1,-1,-1
1261,13,712.04,781.22,110.42,87.64,1,-1,-1,-1
1261,14,843.29,739.98,95.31,75.97,1,-1,-1,-1
1262,13,716.72,779.15,115.75,91.67,1,-1,-1,-1
1262,14,833.12,741.44,92.59,74.61,1,-1,-1,-1
1263,13,721.08,777.05,121.17,95.72,1,-1,-1,-1
1263,14,822.64,742.86,90.09,73.35,1,-1,-1,-1
1264,13,725.85,775.10,126.18,99.61,1,-1,-1,-1
1264,14,811.67,744.24,87.93,72.20,1,-1,-1,-1
1265,13,731.70,773.50,130.42,103.17,1,-1,-1,-1
1265,14,800.17,745.59,86.16,71.14,1,-1,-1,-1
1266,13,739.05,772.42,133.81,106.28,1,-1,-1,-1
1266,14,788.26,746.92,84.78,70.15,1,-1,-1,-1
1267,13,747.93,771.97,136.55,108.90,1,-1,-1,-1
1267,14,776.23,748.23,83.72,69.22,1,-1,-1,-1
1268,13,758.09,772.17,138.90,111.08,1,-1,-1,-1
1268,14,764.49,749.53,82.79,68.33,1,-1,-1,-1
1269,13,769.20,772.95,141.11,112.96,1,-1,-1,-1
1269,14,753.47,750.83,81.78,67.43,1,-1,-1,-1
1270,13,780.99,774.19,143.33,114.71,1,-1,-1,-1
1270,14,743.50,752.14,80.48,66.52,1,-1,-1,-1
1271,13,793.19,775.71,145.69,116.51,1,-1,-1,-1
1271,14,734.76,753.47,78.68,65.55,1,-1,-1,-1
1272,13,805.55,777.37,148.31,118.51,1,-1,-1,-1
1272,14,727.25,754.84,76.28,64.52,1,-1,-1,-1
1273,13,817.87,779.04,151.39,120.85,1,-1,-1,-1
1273,14,720.81,756.27,73.29,63.41,1,-1,-1,-1
1274,13,830.05,780.63,155.09,123.59,1,-1,-1,-1
1274,14,715.16,757.75,69.85,62.21,1,-1,-1,-1
1275,13,841.99,782.10,159.64,126.74,1,-1,-1,-1
1275,14,709.96,759.29,66.20,60.93,1,-1,-1,-1
1276,13,853.65,783.42,165.28,130.28,1,-1,-1,-1
1276,14,704.83,760.89,62.63,59.58,1,-1,-1,-1
1277,13,865.00,784.57,172.25,134.18,1,-1,-1,-1
1277,14,699.42,762.54,59.41,58.18,1,-1,-1,-1
1278,13,876.07,785.53,180.57,138.42,1,-1,-1,-1
1278,14,693.53,764.22,56.74,56.75,1,-1,-1,-1
1279,13,886.98,786.30,189.86,142.99,1,-1,-1,-1
1279,14,687.07,765.93,54.70,55.30,1,-1,-1,-1
1280,13,897.91,786.85,199.51,147.98,1,-1,-1,-1
1280,14,680.05,767.63,53.31,53.85,1,-1,-1,-1
1281,13,909.13,787.18,209.04,153.52,1,-1,-1,-1
1281,14,672.55,769.32,52.54,52.44,1,-1,-1,-1
1282,13,920.95,787.31,218.36,159.79,1,-1,-1,-1
1282,14,664.72,770.98,52.29,51.06,1,-1,-1,-1
1283,13,933.71,787.29,227.68,166.91,1,-1,-1,-1
1283,14,656.69,772.58,52.49,49.75,1,-1,-1,-1
1284,13,947.71,787.20,237.29,174.95,1,-1,-1,-1
1284,14,648.61,774.12,53.05,48.50,1,-1,-1,-1
1285,13,963.11,787.11,247.43,183.85,1,-1,-1,-1
1285,14,640.60,775.58,53.89,47.32,1,-1,-1,-1
1286,13,979.92,787.11,258.32,193.44,1,-1,-1,-1
1286,14,632.72,776.98,54.98,46.21,1,-1,-1,-1
1287,13,998.05,787.32,270.27,203.55,1,-1,-1,-1
1287,14,624.99,778.31,56.32,45.13,1,-1,-1,-1
1288,13,1017.41,787.82,283.78,214.07,1,-1,-1,-1
1288,14,617.46,779.58,57.87,44.08,1,-1,-1,-1
1289,13,1037.94,788.73,299.59,225.03,1,-1,-1,-1
1289,14,610.18,780.82,59.59,43.02,1,-1,-1,-1
1290,13,1059.72,790.12,318.50,236.65,1,-1,-1,-1
1290,14,603.23,782.05,61.38,41.90,1,-1,-1,-1
1291,13,1083.02,792.05,341.18,249.26,1,-1,-1,-1
1291,14,596.62,783.30,63.17,40.69,1,-1,-1,-1
1292,13,1108.31,794.54,367.95,263.30,1,-1,-1,-1
1292,14,590.26,784.58,64.96,39.34,1,-1,-1,-1
1293,13,1136.18,797.57,398.67,279.31,1,-1,-1,-1
1293,14,584.00,785.93,66.79,37.82,1,-1,-1,-1
1294,13,1167.27,801.12,433.21,297.90,1,-1,-1,-1
1295,13,1202.22,805.09,472.04,319.78,1,-1,-1,-1
1296,13,1241.58,809.38,516.92,345.70,1,-1,-1,-1
1297,13,1285.73,813.85,570.63,376.29,1,-1,-1,-1
1298,13,1334.79,818.33,635.91,412.01,1,-1,-1,-1
1299,13,1388.54,822.66,714.83,452.98,1,-1,-1,-1
1300,13,1446.45,826.70,808.44,499.03,1,-1,-1,-1
1301,13,1507.73,830.34,916.78,549.75,1,-1,-1,-1
1467,15,1761.75,754.92,792.05,306.12,1,-1,-1,-1
1468,15,1631.73,775.92,760.07,299.40,1,-1,-1,-1
1469,15,1517.16,796.91,726.62,292.69,1,-1,-1,-1
1470,15,1437.32,817.91,671.08,285.98,1,-1,-1,-1
1471,15,1349.81,838.90,637.72,279.26,1,-1,-1,-1
1472,15,1094.30,859.90,572.15,272.55,1,-1,-1,-1
1473,15,999.95,880.89,553.04,265.84,1,-1,-1,-1
1474,15,926.09,901.89,552.91,259.12,1,-1,-1,-1
1475,15,851.99,922.88,516.02,252.41,1,-1,-1,-1
1476,15,780.28,943.88,513.31,245.70,1,-1,-1,-1
1477,15,706.13,964.87,499.38,238.99,1,-1,-1,-1
1478,15,627.10,985.87,497.84,232.27,1,-1,-1,-1
1479,15,547.27,1006.86,487.54,225.56,1,-1,-1,-1
1480,15,478.09,1027.86,460.43,218.85,1,-1,-1,-1
1481,15,420.92,1048.85,448.47,212.13,1,-1,-1,-1
1482,15,397.00,1069.85,391.39,205.42,1,-1,-1,-1
1483,15,397.12,1090.84,306.99,198.71,1,-1,-1,-1
1623,16,554.74,792.73,94.46,56.67,1,-1,-1,-1
1624,16,563.78,793.05,92.42,56.53,1,-1,-1,-1
1625,16,572.81,793.37,90.38,56.39,1,-1,-1,-1
1626,16,581.84,793.70,88.35,56.26,1,-1,-1,-1
1627,16,590.87,794.02,86.31,56.12,1,-1,-1,-1
1628,16,599.90,794.34,84.27,55.98,1,-1,-1,-1
1629,16,608.93,794.66,82.23,55.85,1,-1,-1,-1
1630,16,617.96,794.98,80.19,55.71,1,-1,-1,-1
1631,16,627.00,795.30,78.15,55.58,1,-1,-1,-1
1632,16,636.03,795.63,76.12,55.44,1,-1,-1,-1
1633,16,645.06,795.95,74.08,55.30,1,-1,-1,-1
1634,16,654.09,796.27,72.04,55.17,1,-1,-1,-1
1637,17,692.97,773.34,88.00,74.44,1,-1,-1,-1
1638,17,702.29,774.73,90.86,76.35,1,-1,-1,-1
1639,17,711.20,776.12,94.22,77.57,1,-1,-1,-1
1640,17,720.09,777.51,97.94,78.32,1,-1,-1,-1
1641,17,729.11,778.89,101.67,78.79,1,-1,-1,-1
1642,17,738.41,780.28,104.94,79.16,1,-1,-1,-1
1643,17,748.24,781.67,107.38,79.57,1,-1,-1,-1
1644,17,758.71,783.06,109.01,80.16,1,-1,-1,-1
1645,17,769.53,784.45,110.47,81.06,1,-1,-1,-1
1646,17,780.19,785.83,112.64,82.39,1,-1,-1,-1
1647,17,790.33,787.22,116.03,84.27,1,-1,-1,-1
1648,17,799.99,788.61,120.43,86.73,1,-1,-1,-1
1649,17,809.58,790.00,125.25,89.72,1,-1,-1,-1
1650,17,819.69,791.39,130.07,93.17,1,-1,-1,-1
1651,17,830.75,792.77,134.82,96.94,1,-1,-1,-1
1652,17,842.95,794.16,139.58,100.95,1,-1,-1,-1
1653,17,856.16,795.55,144.36,105.12,1,-1,-1,-1
1654,17,870.01,796.94,149.30,109.45,1,-1,-1,-1
1655,17,884.04,798.32,154.88,114.02,1,-1,-1,-1
1656,17,897.97,799.71,161.80,119.00,1,-1,-1,-1
1657,17,911.86,801.10,170.47,124.58,1,-1,-1,-1
1658,17,926.12,802.49,180.69,130.96,1,-1,-1,-1
1659,17,941.61,803.88,191.76,138.22,1,-1,-1,-1
1660,17,959.15,805.26,203.22,146.30,1,-1,-1,-1
1661,17,979.13,806.65,215.55,155.07,1,-1,-1,-1
1662,17,1001.53,808.04,229.90,164.45,1,-1,-1,-1
1663,17,1026.26,809.43,247.35,174.56,1,-1,-1,-1
1664,17,1053.30,810.82,268.65,185.84,1,-1,-1,-1
1665,17,1082.79,812.20,294.40,198.96,1,-1,-1,-1
1666,17,1115.10,813.59,325.02,214.69,1,-1,-1,-1
1667,17,1151.11,814.98,360.92,233.77,1,-1,-1,-1
1668,17,1192.35,816.37,403.26,256.83,1,-1,-1,-1
1669,17,1240.78,817.75,454.23,284.47,1,-1,-1,-1
1670,17,1298.32,819.14,516.30,317.11,1,-1,-1,-1
1671,17,1365.89,820.53,591.31,354.75,1,-1,-1,-1
1672,17,1442.89,821.92,680.05,396.86,1,-1,-1,-1
1673,17,1527.61,823.31,782.26,442.40,1,-1,-1,-1
1778,18,574.78,790.95,94.85,63.31,1,-1,-1,-1
1779,18,583.23,791.29,92.31,63.28,1,-1,-1,-1
1780,18,591.68,791.64,89.76,63.26,1,-1,-1,-1
1781,18,600.13,791.98,87.22,63.24,1,-1,-1,-1
1782,18,608.58,792.33,84.67,63.21,1,-1,-1,-1
1783,18,617.02,792.67,82.13,63.19,1,-1,-1,-1
1784,18,625.47,793.02,79.58,63.16,1,-1,-1,-1
1785,18,633.92,793.36,77.04,63.14,1,-1,-1,-1
1786,18,642.37,793.71,74.49,63.12,1,-1,-1,-1
1787,18,650.82,794.05,71.95,63.09,1,-1,-1,-1
1791,19,694.66,774.12,83.70,84.22,1,-1,-1,-1
1792,19,708.32,775.48,85.61,84.88,1,-1,-1,-1
1793,19,718.32,776.84,87.74,85.38,1,-1,-1,-1
1794,19,724.85,778.20,91.41,86.09,1,-1,-1,-1
1795,19,728.96,779.57,97.28,87.25,1,-1,-1,-1
1796,19,732.52,780.93,104.88,88.94,1,-1,-1,-1
1797,19,737.43,782.29,112.88,91.03,1,-1,-1,-1
1798,19,744.89,783.66,119.40,93.24,1,-1,-1,-1
1799,19,754.99,785.02,122.83,95.33,1,-1,-1,-1
1800,19,766.81,786.38,123.85,97.29,1,-1,-1,-1
1801,19,779.12,787.74,124.52,99.29,1,-1,-1,-1
1802,19,791.21,789.11,126.57,101.59,1,-1,-1,-1
1803,19,802.98,790.47,130.55,104.33,1,-1,-1,-1
1804,19,814.63,791.83,135.89,107.54,1,-1,-1,-1
1805,19,826.43,793.20,141.44,111.18,1,-1,-1,-1
1806,19,838.72,794.56,146.77,115.22,1,-1,-1,-1
1807,19,851.61,795.92,152.30,119.78,1,-1,-1,-1
1808,19,865.08,797.29,158.22,125.11,1,-1,-1,-1
1809,19,879.19,798.65,165.07,131.48,1,-1,-1,-1
1810,19,893.92,800.01,174.24,139.02,1,-1,-1,-1
1811,19,909.31,801.37,186.29,147.64,1,-1,-1,-1
1812,19,925.33,802.74,199.42,157.03,1,-1,-1,-1
1813,19,942.16,804.10,212.25,166.95,1,-1,-1,-1
1814,19,960.38,805.46,226.10,177.28,1,-1,-1,-1
1815,19,980.67,806.83,242.73,188.17,1,-1,-1,-1
1816,19,1003.70,808.19,262.06,200.12,1,-1,-1,-1
1817,19,1030.27,809.55,283.66,213.95,1,-1,-1,-1
1818,19,1061.06,810.92,309.20,230.62,1,-1,-1,-1
1819,19,1096.27,812.28,340.33,250.90,1,-1,-1,-1
1820,19,1135.19,813.64,376.70,275.44,1,-1,-1,-1
1821,19,1177.48,815.00,419.60,305.02,1,-1,-1,-1
1822,19,1224.91,816.37,472.06,340.72,1,-1,-1,-1
1823,19,1281.74,817.73,538.67,383.84,1,-1,-1,-1
1824,19,1353.20,819.09,622.54,435.55,1,-1,-1,-1
1825,19,1443.08,820.46,716.97,496.48,1,-1,-1,-1
1826,19,1552.09,821.82,804.68,566.30,1,-1,-1,-1
1827,19,1677.55,823.18,869.62,643.79,1,-1,-1,-1
2126,20,2253.33,624.68,291.82,343.39,1,-1,-1,-1
2127,20,2157.42,612.52,400.10,349.60,1,-1,-1,-1
2128,20,2067.63,599.78,494.42,355.67,1,-1,-1,-1
2129,20,1984.58,598.94,566.01,349.08,1,-1,-1,-1
2130,20,1908.68,606.20,604.88,333.66,1,-1,-1,-1
2131,20,1839.98,614.05,606.86,317.01,1,-1,-1,-1
2132,20,1778.16,620.63,579.50,301.19,1,-1,-1,-1
2133,20,1722.50,625.82,537.45,286.50,1,-1,-1,-1
2134,20,1672.09,629.00,493.48,273.84,1,-1,-1,-1
2135,20,1625.99,631.43,454.56,262.17,1,-1,-1,-1
2136,20,1583.43,635.87,422.68,248.96,1,-1,-1,-1
2137,20,1543.87,642.48,396.62,234.19,1,-1,-1,-1
2138,20,1507.03,649.08,374.41,220.13,1,-1,-1,-1
2139,20,1472.76,654.52,354.26,208.00,1,-1,-1,-1
2140,20,1440.98,658.55,335.21,198.05,1,-1,-1,-1
2141,20,1411.55,662.28,317.58,189.15,1,-1,-1,-1
2142,20,1384.22,665.97,301.34,181.02,1,-1,-1,-1
2143,20,1358.63,668.57,285.26,174.63,1,-1,-1,-1
2144,20,1334.28,670.37,268.68,169.63,1,-1,-1,-1
2145,20,1310.78,672.80,252.98,164.51,1,-1,-1,-1
2146,20,1287.88,675.72,239.65,159.33,1,-1,-1,-1
2147,20,1265.54,677.97,228.98,155.16,1,-1,-1,-1
2148,20,1243.92,679.75,220.32,151.71,1,-1,-1,-1
2149,20,1223.25,681.22,212.77,148.74,1,-1,-1,-1
2150,20,1203.71,682.13,205.58,146.42,1,-1,-1,-1
2151,20,1185.40,682.47,198.45,144.70,1,-1,-1,-1
2152,20,1168.23,682.67,191.20,143.12,1,-1,-1,-1
2153,20,1151.94,683.21,183.85,141.16,1,-1,-1,-1
2154,20,1136.23,684.37,177.10,138.54,1,-1,-1,-1
2155,20,1120.82,685.69,171.75,135.72,1,-1,-1,-1
2156,20,1105.52,687.44,167.80,132.46,1,-1,-1,-1
2157,20,1090.27,689.93,164.74,128.48,1,-1,-1,-1
2158,20,1075.08,692.89,161.67,124.10,1,-1,-1,-1
2159,20,1060.01,695.79,158.16,119.88,1,-1,-1,-1
2160,20,1045.18,698.68,154.78,115.80,1,-1,-1,-1
2161,20,1030.74,701.29,151.69,112.15,1,-1,-1,-1
2162,20,1016.87,703.20,148.54,109.34,1,-1,-1,-1
2163,20,1003.74,704.61,145.14,107.18,1,-1,-1,-1
2164,20,991.44,706.07,141.72,105.10,1,-1,-1,-1
2165,20,979.91,707.87,138.58,102.79,1,-1,-1,-1
2166,20,968.96,709.71,135.77,100.55,1,-1,-1,-1
2167,20,958.34,711.52,133.15,98.42,1,-1,-1,-1
2168,20,947.86,713.36,130.35,96.35,1,-1,-1,-1
2169,20,937.38,715.07,126.83,94.50,1,-1,-1,-1
2170,20,926.83,716.83,122.60,92.68,1,-1,-1,-1
2171,20,916.18,718.70,118.70,90.83,1,-1,-1,-1
2172,20,905.47,719.83,116.65,89.83,1,-1,-1,-1
2173,20,894.78,720.29,116.82,89.58,1,-1,-1,-1
2174,20,884.22,721.30,117.44,88.88,1,-1,-1,-1
2175,20,873.82,723.62,116.80,86.97,1,-1,-1,-1
2176,20,863.53,726.91,114.92,84.19,1,-1,-1,-1
2177,20,853.24,730.42,111.89,81.29,1,-1,-1,-1
2178,20,842.81,733.39,108.19,79.01,1,-1,-1,-1
2179,20,832.19,735.83,105.28,77.29,1,-1,-1,-1
2180,20,821.42,738.50,104.09,75.34,1,-1,-1,-1
2181,20,810.65,741.33,103.97,73.17,1,-1,-1,-1
2182,20,800.10,743.54,103.89,71.51,1,-1,-1,-1
2183,20,790.02,744.43,103.52,71.01,1,-1,-1,-1
2184,20,780.59,743.88,103.07,71.75,1,-1,-1,-1
2185,20,771.89,743.29,102.80,72.30,1,-1,-1,-1
2186,20,763.85,744.73,102.30,70.56,1,-1,-1,-1
2187,20,756.31,747.97,100.38,66.74,1,-1,-1,-1
2268,21,697.25,790.01,92.91,78.56,1,-1,-1,-1
2269,21,710.93,793.91,91.49,79.10,1,-1,-1,-1
2270,21,722.04,797.32,92.42,79.58,1,-1,-1,-1
2271,21,731.07,800.19,94.82,80.34,1,-1,-1,-1
2272,21,739.15,802.56,97.84,81.55,1,-1,-1,-1
2273,21,747.56,804.53,101.68,83.21,1,-1,-1,-1
2274,21,756.91,806.23,107.10,85.30,1,-1,-1,-1
2275,21,766.93,807.80,114.02,87.77,1,-1,-1,-1
2276,21,777.22,809.33,120.60,90.53,1,-1,-1,-1
2277,21,787.84,810.91,124.42,93.48,1,-1,-1,-1
2278,21,799.14,812.56,125.57,96.63,1,-1,-1,-1
2279,21,811.27,814.27,126.21,100.10,1,-1,-1,-1
2280,21,823.93,816.02,128.39,104.03,1,-1,-1,-1
2281,21,836.66,817.81,132.74,108.48,1,-1,-1,-1
2282,21,849.06,819.67,138.73,113.47,1,-1,-1,-1
2283,21,861.15,821.66,145.69,119.11,1,-1,-1,-1
2284,21,873.50,823.89,153.41,125.54,1,-1,-1,-1
2285,21,887.21,826.47,161.90,132.88,1,-1,-1,-1
2286,21,903.25,829.45,171.52,141.03,1,-1,-1,-1
2287,21,921.75,832.83,182.81,149.80,1,-1,-1,-1
2288,21,941.87,836.51,195.71,158.92,1,-1,-1,-1
2289,21,962.96,840.38,209.69,168.27,1,-1,-1,-1
2290,21,985.29,844.37,225.00,177.92,1,-1,-1,-1
2291,21,1009.37,848.52,241.66,188.13,1,-1,-1,-1
2292,21,1035.51,852.96,259.13,199.37,1,-1,-1,-1
2293,21,1063.74,857.86,278.38,212.42,1,-1,-1,-1
2294,21,1094.37,863.43,301.89,228.28,1,-1,-1,-1
2295,21,1128.72,869.86,332.29,248.03,1,-1,-1,-1
2296,21,1169.54,877.25,371.61,272.80,1,-1,-1,-1
2297,21,1220.20,885.58,421.71,303.84,1,-1,-1,-1
2298,21,1283.63,894.74,484.72,342.39,1,-1,-1,-1
2299,21,1361.40,904.39,563.95,389.14,1,-1,-1,-1
2300,21,1452.89,914.15,663.91,443.81,1,-1,-1,-1
2301,21,1555.67,923.59,787.07,505.20,1,-1,-1,-1
2364,22,558.49,791.56,90.61,63.12,1,-1,-1,-1
2365,22,567.93,792.74,91.17,62.50,1,-1,-1,-1
2366,22,576.94,793.83,90.91,61.77,1,-1,-1,-1
2366,23,1631.82,691.61,472.73,197.67,1,-1,-1,-1
2367,22,585.54,794.83,89.82,60.99,1,-1,-1,-1
2367,23,1573.03,693.14,422.44,190.49,1,-1,-1,-1
2368,22,593.77,795.67,88.01,60.23,1,-1,-1,-1
2368,23,1517.27,694.67,377.65,183.29,1,-1,-1,-1
2369,22,601.67,796.35,85.63,59.58,1,-1,-1,-1
2369,23,1465.10,696.20,338.89,176.14,1,-1,-1,-1
2370,22,609.29,796.81,82.91,59.10,1,-1,-1,-1
2370,23,1416.88,697.73,306.40,169.08,1,-1,-1,-1
2371,22,616.69,797.05,80.09,58.87,1,-1,-1,-1
2371,23,1372.79,699.25,279.87,162.18,1,-1,-1,-1
2372,22,623.99,797.03,77.39,58.92,1,-1,-1,-1
2372,23,1332.83,700.78,258.42,155.46,1,-1,-1,-1
2373,22,631.33,796.77,75.02,59.29,1,-1,-1,-1
2373,23,1296.80,702.31,240.82,148.98,1,-1,-1,-1
2374,22,638.89,796.27,73.20,59.97,1,-1,-1,-1
2374,23,1264.42,703.84,225.85,142.75,1,-1,-1,-1
2375,22,646.78,795.57,72.10,60.95,1,-1,-1,-1
2375,23,1235.35,705.37,212.58,136.80,1,-1,-1,-1
2376,22,655.07,794.70,71.82,62.22,1,-1,-1,-1
2376,23,1209.22,706.89,200.45,131.15,1,-1,-1,-1
2377,22,663.71,793.72,72.39,63.73,1,-1,-1,-1
2377,23,1185.59,708.42,189.19,125.80,1,-1,-1,-1
2378,22,672.60,792.68,73.74,65.47,1,-1,-1,-1
2378,23,1163.99,709.95,178.78,120.75,1,-1,-1,-1
2379,22,681.58,791.63,75.76,67.37,1,-1,-1,-1
2379,23,1143.92,711.48,169.36,116.00,1,-1,-1,-1
2380,22,690.50,790.64,78.31,69.40,1,-1,-1,-1
2380,23,1124.91,713.01,161.13,111.54,1,-1,-1,-1
2381,22,699.16,789.74,81.28,71.52,1,-1,-1,-1
2381,23,1106.61,714.53,154.24,107.36,1,-1,-1,-1
2382,22,707.41,788.98,84.60,73.71,1,-1,-1,-1
2382,23,1088.81,716.06,148.67,103.45,1,-1,-1,-1
2383,22,715.11,788.35,88.26,75.94,1,-1,-1,-1
2383,23,1071.46,717.59,144.28,99.78,1,-1,-1,-1
2384,22,722.21,787.86,92.25,78.21,1,-1,-1,-1
2384,23,1054.59,719.12,140.80,96.35,1,-1,-1,-1
2385,22,728.82,787.50,96.55,80.52,1,-1,-1,-1
2385,23,1038.29,720.65,137.95,93.14,1,-1,-1,-1
2386,22,735.17,787.22,101.02,82.88,1,-1,-1,-1
2386,23,1022.67,722.18,135.45,90.14,1,-1,-1,-1
2387,22,741.57,787.01,105.53,85.31,1,-1,-1,-1
2387,23,1007.85,723.70,133.02,87.33,1,-1,-1,-1
2388,22,748.31,786.82,109.94,87.84,1,-1,-1,-1
2388,23,993.92,725.23,130.45,84.72,1,-1,-1,-1
2389,22,755.64,786.62,114.15,90.47,1,-1,-1,-1
2389,23,980.85,726.76,127.55,82.28,1,-1,-1,-1
2390,22,763.67,786.39,118.09,93.21,1,-1,-1,-1
2390,23,968.56,728.29,124.25,80.02,1,-1,-1,-1
2391,22,772.43,786.13,121.74,96.08,1,-1,-1,-1
2391,23,956.89,729.82,120.57,77.94,1,-1,-1,-1
2392,22,781.85,785.87,125.13,99.07,1,-1,-1,-1
2392,23,945.69,731.34,116.63,76.03,1,-1,-1,-1
2393,22,791.84,785.64,128.33,102.17,1,-1,-1,-1
2393,23,934.80,732.87,112.61,74.29,1,-1,-1,-1
2394,22,802.26,785.49,131.44,105.35,1,-1,-1,-1
2394,23,924.09,734.40,108.69,72.71,1,-1,-1,-1
2395,22,813.01,785.51,134.55,108.59,1,-1,-1,-1
2395,23,913.42,735.93,105.07,71.28,1,-1,-1,-1
2396,22,823.96,785.75,137.73,111.86,1,-1,-1,-1
2396,23,902.69,737.46,101.86,70.00,1,-1,-1,-1
2397,22,835.02,786.27,141.06,115.15,1,-1,-1,-1
2397,23,891.78,738.99,99.13,68.84,1,-1,-1,-1
2398,22,846.10,787.09,144.64,118.49,1,-1,-1,-1
2398,23,880.56,740.51,96.92,67.79,1,-1,-1,-1
2399,22,857.12,788.22,148.59,121.89,1,-1,-1,-1
2399,23,868.96,742.04,95.22,66.84,1,-1,-1,-1
2400,22,868.06,789.66,153.10,125.42,1,-1,-1,-1
2400,23,856.98,743.57,94.06,65.95,1,-1,-1,-1
2401,22,878.96,791.38,158.34,129.16,1,-1,-1,-1
2401,23,844.75,745.10,93.39,65.09,1,-1,-1,-1
2402,22,889.91,793.36,164.47,133.20,1,-1,-1,-1
2402,23,832.47,746.63,93.13,64.25,1,-1,-1,-1
2403,22,901.04,795.56,171.54,137.65,1,-1,-1,-1
2403,23,820.36,748.15,93.12,63.38,1,-1,-1,-1
2404,22,912.57,797.95,179.48,142.61,1,-1,-1,-1
2404,23,808.67,749.68,93.21,62.45,1,-1,-1,-1
2405,22,924.75,800.48,188.14,148.19,1,-1,-1,-1
2405,23,797.56,751.21,93.30,61.46,1,-1,-1,-1
2406,22,937.93,803.12,197.36,154.49,1,-1,-1,-1
2406,23,787.17,752.74,93.30,60.38,1,-1,-1,-1
2407,22,952.44,805.83,207.14,161.61,1,-1,-1,-1
2407,23,777.57,754.27,93.13,59.20,1,-1,-1,-1
2408,22,968.51,808.58,217.69,169.63,1,-1,-1,-1
2408,23,768.76,755.79,92.76,57.90,1,-1,-1,-1
2409,22,986.27,811.31,229.44,178.60,1,-1,-1,-1
2409,23,760.68,757.32,92.13,56.47,1,-1,-1,-1
2410,22,1005.70,814.00,242.88,188.55,1,-1,-1,-1
2410,23,753.23,758.85,91.16,54.91,1,-1,-1,-1
2411,22,1026.63,816.60,258.50,199.47,1,-1,-1,-1
2411,23,746.36,760.38,89.70,53.21,1,-1,-1,-1
2412,22,1048.75,819.09,276.67,211.33,1,-1,-1,-1
2412,23,740.05,761.91,87.54,51.35,1,-1,-1,-1
2413,22,1071.66,821.42,297.61,224.06,1,-1,-1,-1
2413,23,734.27,763.44,84.57,49.35,1,-1,-1,-1
2414,22,1094.86,823.55,321.36,237.56,1,-1,-1,-1
2414,23,728.90,764.96,80.75,47.19,1,-1,-1,-1
2415,22,1117.92,825.45,347.73,251.71,1,-1,-1,-1
2415,23,723.76,766.49,76.11,44.88,1,-1,-1,-1
