3,1,398.75,114.98,209.94,159.88,1,-1,-1,-1
3,3,1131.30,298.76,544.84,454.71,1,-1,-1,-1
4,1,395.85,117.23,210.32,160.37,1,-1,-1,-1
4,3,1144.38,301.76,564.84,472.26,1,-1,-1,-1
5,1,392.40,119.14,210.37,160.55,1,-1,-1,-1
5,3,1157.93,304.66,576.21,482.53,1,-1,-1,-1
6,1,389.27,120.45,211.37,161.44,1,-1,-1,-1
6,3,1171.48,311.38,577.46,484.01,1,-1,-1,-1
7,1,385.72,121.76,212.07,162.09,1,-1,-1,-1
7,3,1198.28,318.45,577.05,483.00,1,-1,-1,-1
8,1,379.81,123.67,212.65,162.48,1,-1,-1,-1
8,3,1210.12,327.13,587.04,491.02,1,-1,-1,-1
8,7,1569.04,158.46,328.38,274.74,1,-1,-1,-1
9,1,374.21,126.28,211.37,161.11,1,-1,-1,-1
9,3,1220.77,334.40,602.47,504.44,1,-1,-1,-1
9,7,1555.13,155.39,325.60,272.46,1,-1,-1,-1
10,1,365.33,126.85,214.77,163.79,1,-1,-1,-1
10,3,1232.79,341.88,617.42,517.05,1,-1,-1,-1
10,7,1537.07,157.24,309.69,258.44,1,-1,-1,-1
11,1,357.59,126.78,219.06,167.61,1,-1,-1,-1
11,3,1246.50,343.36,633.04,530.64,1,-1,-1,-1
11,7,1527.37,158.96,296.53,246.38,1,-1,-1,-1
12,1,349.08,126.06,223.31,171.75,1,-1,-1,-1
12,3,1263.31,357.92,647.03,544.10,1,-1,-1,-1
12,7,1515.43,157.32,290.37,239.99,1,-1,-1,-1
13,1,344.98,127.95,221.30,170.48,1,-1,-1,-1
13,3,1279.30,371.89,653.33,551.43,1,-1,-1,-1
13,7,1500.84,153.47,290.98,239.21,1,-1,-1,-1
14,1,340.90,129.41,220.37,170.00,1,-1,-1,-1
14,3,1292.61,378.86,664.83,561.14,1,-1,-1,-1
14,7,1486.75,148.91,296.26,242.54,1,-1,-1,-1
15,1,333.50,133.17,218.65,168.53,1,-1,-1,-1
15,7,1467.13,147.54,295.86,241.82,1,-1,-1,-1
16,1,327.78,133.63,223.28,172.30,1,-1,-1,-1
16,3,1323.04,404.59,655.50,564.90,1,-1,-1,-1
16,7,1453.21,147.52,294.05,239.82,1,-1,-1,-1
17,1,323.13,132.96,228.10,176.17,1,-1,-1,-1
17,3,1341.28,418.64,644.48,569.22,1,-1,-1,-1
17,7,1438.64,147.42,292.62,238.38,1,-1,-1,-1
18,1,319.41,132.66,231.11,178.52,1,-1,-1,-1
18,3,1355.92,430.56,637.47,578.50,1,-1,-1,-1
18,7,1424.85,145.60,292.33,238.02,1,-1,-1,-1
19,1,315.73,132.65,232.58,179.82,1,-1,-1,-1
19,3,1373.35,443.08,624.57,582.38,1,-1,-1,-1
19,7,1413.76,143.63,293.01,238.10,1,-1,-1,-1
20,1,311.15,132.57,234.56,182.06,1,-1,-1,-1
20,3,1389.68,453.67,612.05,586.45,1,-1,-1,-1
20,7,1399.45,141.85,290.63,235.93,1,-1,-1,-1
21,1,306.94,132.29,236.72,184.93,1,-1,-1,-1
21,3,1401.44,463.17,619.56,593.64,1,-1,-1,-1
21,7,1392.64,141.17,289.11,234.48,1,-1,-1,-1
21,9,1861.50,273.37,42.21,201.58,1,-1,-1,-1
22,1,304.23,131.97,238.04,187.45,1,-1,-1,-1
22,7,1388.81,140.65,288.86,234.34,1,-1,-1,-1
22,9,1855.45,267.58,43.75,208.94,1,-1,-1,-1
23,1,303.87,131.81,237.45,188.36,1,-1,-1,-1
23,7,1387.87,140.51,288.82,234.37,1,-1,-1,-1
23,10,1181.77,242.48,108.50,35.10,1,-1,-1,-1
24,1,304.37,131.73,236.22,188.65,1,-1,-1,-1
24,7,1387.97,140.51,288.84,234.45,1,-1,-1,-1
24,10,1181.63,242.46,108.58,35.15,1,-1,-1,-1
25,1,305.15,131.68,234.84,188.70,1,-1,-1,-1
25,7,1388.41,140.56,288.89,234.54,1,-1,-1,-1
25,10,1181.68,242.46,108.48,35.15,1,-1,-1,-1
26,1,305.97,131.64,233.48,188.67,1,-1,-1,-1
26,7,1388.92,140.61,288.94,234.63,1,-1,-1,-1
26,10,1181.77,242.46,108.34,35.14,1,-1,-1,-1
27,1,306.76,131.61,232.21,188.61,1,-1,-1,-1
27,7,1389.43,140.67,288.99,234.72,1,-1,-1,-1
27,10,1181.86,242.47,108.20,35.13,1,-1,-1,-1
28,1,307.48,131.58,231.05,188.54,1,-1,-1,-1
28,7,1389.89,140.72,289.03,234.79,1,-1,-1,-1
28,10,1181.95,242.47,108.06,35.12,1,-1,-1,-1
29,1,308.15,131.56,230.00,188.48,1,-1,-1,-1
29,7,1390.30,140.77,289.06,234.85,1,-1,-1,-1
29,10,1182.04,242.48,107.92,35.11,1,-1,-1,-1
30,1,308.75,131.53,229.04,188.42,1,-1,-1,-1
30,7,1390.66,140.81,289.09,234.91,1,-1,-1,-1
30,10,1182.12,242.48,107.79,35.11,1,-1,-1,-1
31,1,301.30,132.66,232.68,192.14,1,-1,-1,-1
31,7,1386.02,146.29,280.56,223.78,1,-1,-1,-1
31,9,1842.50,202.76,63.11,285.05,1,-1,-1,-1
31,10,1190.27,246.12,91.97,30.37,1,-1,-1,-1
32,1,290.09,134.24,239.54,198.48,1,-1,-1,-1
32,7,1329.76,144.30,256.06,198.80,1,-1,-1,-1
32,9,1756.13,202.31,88.36,270.41,1,-1,-1,-1
32,10,1191.11,246.58,90.18,29.78,1,-1,-1,-1
33,1,276.67,135.72,248.43,206.48,1,-1,-1,-1
33,7,1295.00,140.48,254.10,198.17,1,-1,-1,-1
33,9,1747.22,196.01,90.38,276.60,1,-1,-1,-1
34,1,270.57,136.16,254.05,211.64,1,-1,-1,-1
34,7,1274.30,139.52,249.46,193.74,1,-1,-1,-1
34,11,819.84,218.93,163.08,39.30,1,-1,-1,-1
35,1,270.85,144.49,254.17,212.06,1,-1,-1,-1
35,7,1263.43,138.61,247.23,191.93,1,-1,-1,-1
35,11,800.22,218.05,155.21,38.21,1,-1,-1,-1
36,1,270.01,146.98,256.87,214.75,1,-1,-1,-1
36,7,1252.63,137.94,245.35,190.55,1,-1,-1,-1
36,11,797.96,218.96,141.58,35.80,1,-1,-1,-1
37,1,270.45,150.00,256.38,214.69,1,-1,-1,-1
37,7,1242.33,136.21,244.74,190.45,1,-1,-1,-1
37,11,807.45,223.51,117.24,30.49,1,-1,-1,-1
37,13,916.71,230.45,52.18,22.90,1,-1,-1,-1
37,14,748.11,210.81,96.24,45.65,1,-1,-1,-1
38,1,270.30,151.15,257.84,215.92,1,-1,-1,-1
38,7,1231.68,133.90,244.29,190.56,1,-1,-1,-1
38,11,803.55,224.51,109.16,28.39,1,-1,-1,-1
38,13,916.75,230.75,52.08,22.85,1,-1,-1,-1
38,14,720.81,208.72,100.20,46.20,1,-1,-1,-1
38,15,1550.48,171.65,340.16,268.57,1,-1,-1,-1
39,1,269.76,151.23,260.31,217.86,1,-1,-1,-1
39,7,1224.93,131.79,243.80,190.81,1,-1,-1,-1
39,14,702.95,205.18,106.24,47.48,1,-1,-1,-1
39,15,1530.46,167.23,333.04,262.49,1,-1,-1,-1
40,1,269.34,150.93,262.25,219.20,1,-1,-1,-1
40,7,1219.87,130.03,244.10,191.75,1,-1,-1,-1
40,14,690.67,202.15,112.19,48.72,1,-1,-1,-1
40,15,1523.25,165.05,332.30,261.55,1,-1,-1,-1
41,1,271.44,154.86,262.50,219.27,1,-1,-1,-1
41,7,1215.29,127.32,245.19,193.79,1,-1,-1,-1
41,14,670.23,202.53,117.66,49.50,1,-1,-1,-1
41,15,1514.21,162.54,329.90,259.54,1,-1,-1,-1
42,1,275.65,161.12,261.86,218.61,1,-1,-1,-1
42,7,1199.00,124.69,245.01,194.31,1,-1,-1,-1
42,14,631.13,199.05,127.63,52.51,1,-1,-1,-1
42,15,1500.75,158.84,326.59,256.83,1,-1,-1,-1
43,1,280.03,166.65,263.58,220.07,1,-1,-1,-1
43,7,1188.67,121.29,243.87,195.03,1,-1,-1,-1
43,14,594.34,195.30,137.91,56.02,1,-1,-1,-1
43,15,1485.18,156.33,320.02,250.99,1,-1,-1,-1
44,1,285.45,171.12,263.77,219.83,1,-1,-1,-1
44,7,1181.10,119.04,240.73,194.01,1,-1,-1,-1
44,14,572.20,189.82,151.17,60.81,1,-1,-1,-1
44,15,1461.70,151.58,319.02,249.37,1,-1,-1,-1
45,1,289.26,173.69,265.89,221.09,1,-1,-1,-1
45,7,1175.97,120.42,235.81,190.85,1,-1,-1,-1
45,14,555.85,184.76,165.69,66.29,1,-1,-1,-1
45,15,1447.69,149.32,317.13,247.37,1,-1,-1,-1
46,1,292.89,176.27,267.56,221.85,1,-1,-1,-1
46,7,1169.71,120.77,233.43,189.27,1,-1,-1,-1
46,14,530.20,181.52,173.90,70.10,1,-1,-1,-1
46,15,1435.50,147.94,314.64,245.25,1,-1,-1,-1
47,1,293.82,175.87,272.27,225.55,1,-1,-1,-1
47,7,1163.30,120.80,231.60,187.81,1,-1,-1,-1
47,14,513.82,177.62,184.10,75.09,1,-1,-1,-1
47,15,1424.22,147.50,309.65,241.41,1,-1,-1,-1
48,1,295.72,177.93,274.44,227.22,1,-1,-1,-1
48,7,1156.16,119.00,231.84,188.17,1,-1,-1,-1
48,14,499.80,167.61,197.44,82.01,1,-1,-1,-1
48,15,1414.57,147.03,305.74,238.23,1,-1,-1,-1
49,1,296.09,180.00,279.19,231.44,1,-1,-1,-1
49,7,1149.53,116.76,232.39,189.34,1,-1,-1,-1
49,14,476.73,161.28,206.54,88.58,1,-1,-1,-1
49,15,1406.06,144.55,305.17,237.69,1,-1,-1,-1
50,1,295.61,183.25,284.53,236.29,1,-1,-1,-1
50,7,1140.76,115.35,224.22,183.52,1,-1,-1,-1
50,14,459.56,155.46,217.15,96.25,1,-1,-1,-1
50,15,1388.08,142.23,302.56,234.63,1,-1,-1,-1
51,1,293.70,184.12,291.46,242.79,1,-1,-1,-1
51,7,1136.40,112.10,222.14,183.55,1,-1,-1,-1
51,14,449.06,151.11,223.25,102.29,1,-1,-1,-1
51,15,1378.41,141.51,300.69,232.37,1,-1,-1,-1
51,20,604.66,206.13,59.11,43.31,1,-1,-1,-1
52,1,292.42,184.58,295.51,246.90,1,-1,-1,-1
52,7,1135.17,110.35,219.37,182.98,1,-1,-1,-1
52,14,446.48,149.48,220.28,104.05,1,-1,-1,-1
52,15,1372.78,141.71,299.30,230.61,1,-1,-1,-1
52,20,603.78,207.61,55.79,40.87,1,-1,-1,-1
53,1,292.15,184.68,296.50,248.40,1,-1,-1,-1
53,7,1135.59,109.76,217.29,182.82,1,-1,-1,-1
53,14,447.92,148.98,215.18,104.61,1,-1,-1,-1
53,15,1370.93,141.86,299.41,230.05,1,-1,-1,-1
54,1,292.25,184.64,296.34,248.87,1,-1,-1,-1
54,7,1136.54,109.59,215.57,182.80,1,-1,-1,-1
54,14,450.74,148.92,209.59,104.69,1,-1,-1,-1
54,15,1370.45,141.97,300.02,229.94,1,-1,-1,-1
55,1,292.48,184.56,295.78,248.96,1,-1,-1,-1
55,7,1137.61,109.59,214.07,182.83,1,-1,-1,-1
55,14,453.90,149.03,204.14,104.59,1,-1,-1,-1
55,15,1370.45,142.07,300.76,229.98,1,-1,-1,-1
56,1,292.74,184.47,295.11,248.90,1,-1,-1,-1
56,7,1138.65,109.63,212.73,182.88,1,-1,-1,-1
56,14,457.01,149.19,199.04,104.44,1,-1,-1,-1
56,15,1370.60,142.16,301.51,230.07,1,-1,-1,-1
57,1,292.99,184.38,294.45,248.80,1,-1,-1,-1
57,7,1139.62,109.69,211.52,182.92,1,-1,-1,-1
57,14,459.94,149.37,194.36,104.26,1,-1,-1,-1
57,15,1370.77,142.23,302.21,230.16,1,-1,-1,-1
58,1,293.23,184.29,293.83,248.69,1,-1,-1,-1
58,7,1140.50,109.75,210.43,182.97,1,-1,-1,-1
58,14,462.65,149.54,190.08,104.09,1,-1,-1,-1
58,15,1370.94,142.29,302.86,230.26,1,-1,-1,-1
59,1,293.45,184.22,293.27,248.59,1,-1,-1,-1
59,7,1141.29,109.81,209.45,183.01,1,-1,-1,-1
59,14,465.13,149.71,186.19,103.93,1,-1,-1,-1
59,15,1371.09,142.35,303.45,230.34,1,-1,-1,-1
60,1,293.65,184.15,292.75,248.49,1,-1,-1,-1
60,7,1142.00,109.86,208.55,183.05,1,-1,-1,-1
60,14,467.38,149.86,182.67,103.78,1,-1,-1,-1
60,15,1371.21,142.40,303.98,230.41,1,-1,-1,-1
61,1,307.73,200.13,303.84,256.87,1,-1,-1,-1
61,7,1130.92,110.79,203.30,178.39,1,-1,-1,-1
61,14,474.25,150.77,172.14,98.81,1,-1,-1,-1
61,15,1368.00,146.60,298.20,222.88,1,-1,-1,-1
62,1,323.45,213.99,312.44,262.82,1,-1,-1,-1
62,7,1115.05,112.36,196.87,171.89,1,-1,-1,-1
62,14,481.76,150.70,161.87,93.43,1,-1,-1,-1
62,15,1285.33,137.68,280.60,202.90,1,-1,-1,-1
63,1,338.31,226.21,323.36,270.75,1,-1,-1,-1
63,7,1084.83,110.72,191.64,167.68,1,-1,-1,-1
63,14,476.97,149.29,162.59,93.84,1,-1,-1,-1
63,15,1257.08,136.47,278.63,201.57,1,-1,-1,-1
63,21,276.20,128.68,351.76,110.10,1,-1,-1,-1
64,1,340.80,229.32,336.29,280.43,1,-1,-1,-1
64,7,1070.96,110.39,190.11,166.87,1,-1,-1,-1
64,15,1243.29,136.60,272.46,197.42,1,-1,-1,-1
64,21,250.39,121.52,383.87,122.84,1,-1,-1,-1
65,1,340.27,231.68,345.00,286.96,1,-1,-1,-1
65,7,1061.60,110.55,189.18,166.51,1,-1,-1,-1
65,15,1232.48,136.20,267.76,194.54,1,-1,-1,-1
65,21,233.02,116.04,402.68,132.40,1,-1,-1,-1
66,1,347.43,234.73,352.07,291.53,1,-1,-1,-1
66,7,1052.69,110.98,188.67,166.35,1,-1,-1,-1
66,15,1224.52,136.70,262.26,190.97,1,-1,-1,-1
66,21,222.65,112.65,409.34,138.92,1,-1,-1,-1
67,1,345.69,243.73,368.65,305.67,1,-1,-1,-1
67,7,1047.51,119.35,177.83,154.31,1,-1,-1,-1
67,15,1216.52,135.69,261.32,190.89,1,-1,-1,-1
67,21,216.37,109.68,409.92,144.08,1,-1,-1,-1
68,1,345.70,246.82,376.37,312.56,1,-1,-1,-1
68,7,1041.71,122.27,175.28,149.97,1,-1,-1,-1
68,15,1209.48,133.76,261.32,191.70,1,-1,-1,-1
68,21,213.17,107.05,406.47,148.45,1,-1,-1,-1
69,1,350.27,251.33,375.22,311.70,1,-1,-1,-1
69,7,1035.26,122.95,175.92,148.68,1,-1,-1,-1
69,15,1203.67,131.39,261.42,192.65,1,-1,-1,-1
69,21,212.89,104.81,399.54,152.03,1,-1,-1,-1
70,1,336.15,236.80,407.53,343.67,1,-1,-1,-1
70,7,1021.38,115.27,189.15,160.92,1,-1,-1,-1
70,15,1191.43,130.26,260.91,192.89,1,-1,-1,-1
70,21,213.47,103.76,384.51,152.80,1,-1,-1,-1
71,1,337.03,236.00,415.55,355.40,1,-1,-1,-1
71,7,1016.50,112.88,191.04,163.20,1,-1,-1,-1
71,15,1184.12,129.44,260.54,193.59,1,-1,-1,-1
71,21,216.18,102.59,371.57,154.35,1,-1,-1,-1
72,1,341.04,237.84,419.30,363.91,1,-1,-1,-1
72,7,1014.42,111.78,191.00,163.89,1,-1,-1,-1
72,15,1178.11,127.52,259.95,194.93,1,-1,-1,-1
72,21,220.19,102.58,357.62,155.24,1,-1,-1,-1
73,1,347.30,243.39,420.85,370.44,1,-1,-1,-1
73,7,1010.90,120.06,176.49,148.96,1,-1,-1,-1
73,15,1172.45,126.39,256.64,194.39,1,-1,-1,-1
73,21,225.08,103.83,341.18,154.66,1,-1,-1,-1
74,1,352.58,249.04,421.36,375.66,1,-1,-1,-1
74,7,1007.75,123.64,173.47,144.70,1,-1,-1,-1
74,15,1168.60,125.40,252.15,193.03,1,-1,-1,-1
74,21,230.29,105.10,325.34,153.85,1,-1,-1,-1
74,23,1683.62,210.38,220.75,264.54,1,-1,-1,-1
75,1,357.53,254.99,418.50,377.16,1,-1,-1,-1
75,7,1004.67,125.24,173.55,143.33,1,-1,-1,-1
75,15,1166.64,125.09,247.73,191.33,1,-1,-1,-1
75,21,235.73,105.63,310.78,153.18,1,-1,-1,-1
75,23,1679.18,208.22,222.33,265.20,1,-1,-1,-1
76,1,360.58,257.20,414.73,377.47,1,-1,-1,-1
76,7,1003.30,125.78,174.61,142.90,1,-1,-1,-1
76,15,1166.87,125.01,244.97,190.74,1,-1,-1,-1
76,21,241.70,105.97,297.63,152.71,1,-1,-1,-1
76,23,1677.52,207.60,223.73,265.45,1,-1,-1,-1
77,1,362.75,257.95,410.88,377.34,1,-1,-1,-1
77,7,1002.59,125.94,175.94,142.82,1,-1,-1,-1
77,15,1167.81,125.02,242.95,190.57,1,-1,-1,-1
77,21,247.56,106.22,285.66,152.33,1,-1,-1,-1
77,23,1676.68,207.46,225.13,265.54,1,-1,-1,-1
78,1,364.49,258.12,407.22,377.06,1,-1,-1,-1
78,7,1002.14,125.97,177.27,142.86,1,-1,-1,-1
78,15,1168.93,125.06,241.29,190.55,1,-1,-1,-1
78,21,253.07,106.41,274.74,152.01,1,-1,-1,-1
78,23,1676.05,207.48,226.56,265.58,1,-1,-1,-1
79,1,365.96,258.09,403.84,376.75,1,-1,-1,-1
79,7,1001.80,125.95,178.53,142.94,1,-1,-1,-1
79,15,1170.05,125.11,239.86,190.58,1,-1,-1,-1
79,21,258.16,106.58,264.77,151.74,1,-1,-1,-1
79,23,1675.45,207.53,228.02,265.59,1,-1,-1,-1
80,1,368.43,259.40,399.24,374.76,1,-1,-1,-1
80,7,1001.82,126.14,179.46,142.82,1,-1,-1,-1
80,15,1170.88,125.28,238.66,190.73,1,-1,-1,-1
80,21,262.58,106.53,256.02,151.73,1,-1,-1,-1
80,23,1674.47,207.32,229.98,266.17,1,-1,-1,-1
81,1,371.11,261.22,394.50,372.15,1,-1,-1,-1
81,7,1001.97,126.41,180.22,142.63,1,-1,-1,-1
81,15,1171.56,125.50,237.60,190.93,1,-1,-1,-1
81,21,266.52,106.38,248.16,151.82,1,-1,-1,-1
81,23,1673.33,207.02,232.10,266.95,1,-1,-1,-1
82,1,373.74,263.24,390.02,369.33,1,-1,-1,-1
82,7,1002.18,126.70,180.86,142.40,1,-1,-1,-1
82,15,1172.14,125.73,236.61,191.14,1,-1,-1,-1
82,21,270.07,106.19,241.04,151.98,1,-1,-1,-1
82,23,1672.14,206.68,234.25,267.80,1,-1,-1,-1
83,1,375.06,263.93,387.42,368.14,1,-1,-1,-1
83,7,1002.11,126.80,181.64,142.35,1,-1,-1,-1
83,15,1172.85,125.83,235.61,191.24,1,-1,-1,-1
83,21,273.50,106.18,234.28,151.95,1,-1,-1,-1
83,23,1671.33,206.58,235.88,268.11,1,-1,-1,-1
84,1,375.86,264.11,385.64,367.60,1,-1,-1,-1
84,7,1001.94,126.81,182.42,142.37,1,-1,-1,-1
84,15,1173.55,125.89,234.66,191.30,1,-1,-1,-1
84,21,276.70,106.22,228.02,151.85,1,-1,-1,-1
84,23,1670.67,206.56,237.27,268.21,1,-1,-1,-1
85,1,376.43,264.10,384.24,367.32,1,-1,-1,-1
85,7,1001.74,126.80,183.16,142.41,1,-1,-1,-1
85,15,1174.22,125.92,233.78,191.34,1,-1,-1,-1
85,21,279.62,106.28,222.31,151.74,1,-1,-1,-1
85,23,1670.10,206.57,238.51,268.24,1,-1,-1,-1
86,1,376.89,264.03,383.07,367.14,1,-1,-1,-1
86,7,1001.54,126.78,183.83,142.45,1,-1,-1,-1
86,15,1174.83,125.94,232.98,191.37,1,-1,-1,-1
86,21,282.28,106.34,217.12,151.64,1,-1,-1,-1
86,23,1669.58,206.59,239.64,268.24,1,-1,-1,-1
87,1,377.28,263.94,382.04,367.01,1,-1,-1,-1
87,7,1001.36,126.76,184.45,142.48,1,-1,-1,-1
87,15,1175.37,125.96,232.25,191.39,1,-1,-1,-1
87,21,284.69,106.40,212.42,151.54,1,-1,-1,-1
87,23,1669.09,206.61,240.69,268.23,1,-1,-1,-1
88,1,377.62,263.86,381.12,366.91,1,-1,-1,-1
88,7,1001.18,126.74,185.00,142.52,1,-1,-1,-1
88,15,1175.87,125.97,231.59,191.41,1,-1,-1,-1
88,21,286.87,106.45,208.16,151.45,1,-1,-1,-1
88,23,1668.64,206.63,241.66,268.22,1,-1,-1,-1
89,1,377.93,263.78,380.30,366.83,1,-1,-1,-1
89,7,1001.02,126.72,185.51,142.55,1,-1,-1,-1
89,15,1176.31,125.99,230.99,191.43,1,-1,-1,-1
89,21,288.84,106.50,204.30,151.38,1,-1,-1,-1
89,23,1668.23,206.65,242.55,268.21,1,-1,-1,-1
90,1,378.22,263.71,379.56,366.76,1,-1,-1,-1
90,7,1000.88,126.71,185.96,142.58,1,-1,-1,-1
90,15,1176.71,126.00,230.45,191.45,1,-1,-1,-1
90,21,290.63,106.54,200.81,151.31,1,-1,-1,-1
90,23,1667.85,206.66,243.37,268.20,1,-1,-1,-1
91,1,363.49,252.62,391.89,371.96,1,-1,-1,-1
91,7,1018.42,122.40,202.29,156.04,1,-1,-1,-1
91,15,1171.77,113.86,241.14,207.80,1,-1,-1,-1
91,21,281.56,106.99,212.73,162.96,1,-1,-1,-1
91,23,1673.16,213.65,238.07,261.25,1,-1,-1,-1
92,1,481.18,391.63,438.36,399.37,1,-1,-1,-1
92,7,1035.13,120.41,211.55,164.66,1,-1,-1,-1
92,15,1169.50,112.40,243.04,209.44,1,-1,-1,-1
92,21,272.49,111.71,219.42,170.94,1,-1,-1,-1
92,23,1679.53,222.84,232.90,254.26,1,-1,-1,-1
93,1,485.84,417.09,507.65,458.48,1,-1,-1,-1
93,7,1052.11,119.90,216.81,170.52,1,-1,-1,-1
93,21,254.57,118.59,227.86,179.77,1,-1,-1,-1
93,23,1680.62,224.45,231.61,252.86,1,-1,-1,-1
93,24,924.18,135.21,179.52,139.79,1,-1,-1,-1
93,25,647.16,217.98,150.86,38.17,1,-1,-1,-1
93,26,1883.77,301.65,19.99,224.54,1,-1,-1,-1
94,1,488.12,432.40,546.69,490.59,1,-1,-1,-1
94,7,1056.12,119.74,217.19,172.41,1,-1,-1,-1
94,21,247.19,120.93,230.47,183.78,1,-1,-1,-1
94,24,922.58,135.89,179.74,141.00,1,-1,-1,-1
94,25,608.08,215.61,160.52,40.77,1,-1,-1,-1
94,26,1881.53,313.13,17.89,200.98,1,-1,-1,-1
94,27,1356.39,166.47,373.80,212.00,1,-1,-1,-1
95,1,489.99,444.44,575.41,514.48,1,-1,-1,-1
95,7,1053.96,120.90,213.37,169.98,1,-1,-1,-1
95,21,243.33,121.08,232.13,186.94,1,-1,-1,-1
95,24,926.60,147.52,167.05,131.15,1,-1,-1,-1
95,25,571.48,213.07,169.84,43.42,1,-1,-1,-1
95,27,1344.81,163.76,369.33,211.08,1,-1,-1,-1
96,1,492.35,455.70,599.76,534.63,1,-1,-1,-1
96,7,1048.13,121.16,210.89,168.28,1,-1,-1,-1
96,21,241.69,120.70,233.31,189.77,1,-1,-1,-1
96,24,930.14,154.69,156.50,122.75,1,-1,-1,-1
96,25,553.33,210.19,175.42,45.02,1,-1,-1,-1
96,27,1332.33,159.16,369.30,213.27,1,-1,-1,-1
97,1,497.32,465.02,621.82,553.20,1,-1,-1,-1
97,7,1040.67,121.36,208.82,166.50,1,-1,-1,-1
97,21,241.39,121.10,234.33,192.45,1,-1,-1,-1
97,24,932.74,159.85,146.96,115.11,1,-1,-1,-1
97,25,523.99,208.23,173.63,44.72,1,-1,-1,-1
97,27,1321.23,156.30,365.80,213.96,1,-1,-1,-1
98,1,506.51,466.72,647.22,573.49,1,-1,-1,-1
98,7,1033.09,120.74,209.56,167.08,1,-1,-1,-1
98,21,242.05,121.77,234.99,194.73,1,-1,-1,-1
98,24,934.97,162.20,141.90,111.00,1,-1,-1,-1
98,25,492.22,205.91,177.85,46.04,1,-1,-1,-1
98,27,1312.79,154.54,360.02,213.53,1,-1,-1,-1
99,1,532.53,507.23,626.22,549.07,1,-1,-1,-1
99,7,1027.65,120.61,209.67,167.16,1,-1,-1,-1
99,21,242.62,122.20,236.24,197.39,1,-1,-1,-1
99,24,932.99,149.80,150.36,118.63,1,-1,-1,-1
99,25,474.54,203.11,182.20,47.65,1,-1,-1,-1
99,27,1302.58,155.00,343.20,205.85,1,-1,-1,-1
100,1,542.72,516.19,642.81,559.45,1,-1,-1,-1
100,7,1024.55,120.75,208.45,165.96,1,-1,-1,-1
100,21,242.60,122.09,238.22,200.61,1,-1,-1,-1
100,24,932.06,145.76,152.27,121.19,1,-1,-1,-1
100,25,449.02,201.36,188.21,50.11,1,-1,-1,-1
100,27,1299.77,156.52,329.50,199.56,1,-1,-1,-1
101,1,570.35,527.81,647.07,554.62,1,-1,-1,-1
101,7,1032.35,124.08,197.76,157.94,1,-1,-1,-1
101,21,242.70,122.43,240.07,203.76,1,-1,-1,-1
101,24,932.14,146.00,148.34,119.06,1,-1,-1,-1
101,25,429.49,196.90,200.57,54.95,1,-1,-1,-1
101,27,1299.24,159.80,314.26,191.94,1,-1,-1,-1
101,29,1742.18,235.00,165.07,243.53,1,-1,-1,-1
102,1,587.60,535.77,651.31,549.30,1,-1,-1,-1
102,7,1034.19,124.77,191.96,154.29,1,-1,-1,-1
102,21,243.09,123.45,240.70,205.58,1,-1,-1,-1
102,24,933.96,156.06,140.86,113.39,1,-1,-1,-1
102,25,415.72,191.74,212.99,60.42,1,-1,-1,-1
102,27,1296.11,162.19,302.69,186.57,1,-1,-1,-1
102,29,1738.94,234.18,164.69,242.97,1,-1,-1,-1
103,1,603.26,537.50,661.79,549.36,1,-1,-1,-1
103,7,1033.50,124.36,187.55,151.65,1,-1,-1,-1
103,21,243.40,125.27,241.92,207.45,1,-1,-1,-1
103,24,929.97,164.57,128.26,103.52,1,-1,-1,-1
103,25,392.80,189.54,219.34,62.22,1,-1,-1,-1
103,27,1290.96,163.04,294.39,183.37,1,-1,-1,-1
104,1,636.57,568.76,638.28,522.22,1,-1,-1,-1
104,7,1030.67,123.57,184.87,150.31,1,-1,-1,-1
104,21,243.23,127.35,243.62,209.12,1,-1,-1,-1
104,24,928.05,167.92,123.42,100.03,1,-1,-1,-1
104,27,1283.93,162.69,289.12,182.11,1,-1,-1,-1
105,1,665.69,585.12,631.02,509.79,1,-1,-1,-1
105,7,999.46,123.21,186.72,147.68,1,-1,-1,-1
105,21,248.42,128.01,247.10,212.49,1,-1,-1,-1
105,24,927.16,170.37,120.18,97.40,1,-1,-1,-1
105,27,1278.28,162.96,283.16,179.97,1,-1,-1,-1
106,1,684.48,600.14,633.50,511.79,1,-1,-1,-1
106,7,983.82,123.02,189.45,146.35,1,-1,-1,-1
106,21,250.63,129.76,249.55,214.76,1,-1,-1,-1
106,27,1269.77,154.58,285.11,183.04,1,-1,-1,-1
107,7,977.55,122.32,191.71,145.39,1,-1,-1,-1
107,21,252.10,131.14,253.16,217.92,1,-1,-1,-1
107,27,1253.43,150.34,287.58,185.25,1,-1,-1,-1
108,7,972.57,123.16,193.79,144.43,1,-1,-1,-1
108,21,254.78,133.23,254.62,218.85,1,-1,-1,-1
108,27,1243.04,147.91,288.94,187.35,1,-1,-1,-1
109,7,983.78,120.16,200.62,151.13,1,-1,-1,-1
109,21,257.01,141.82,254.87,218.13,1,-1,-1,-1
109,27,1234.10,146.56,287.01,187.78,1,-1,-1,-1
110,7,988.24,120.12,199.58,151.51,1,-1,-1,-1
110,21,256.71,143.58,260.21,222.31,1,-1,-1,-1
110,27,1227.02,146.49,282.22,186.61,1,-1,-1,-1
110,31,1609.27,201.64,287.97,234.21,1,-1,-1,-1
110,32,733.99,641.32,731.00,440.80,1,-1,-1,-1
111,7,990.28,120.59,197.08,150.42,1,-1,-1,-1
111,21,255.75,143.48,265.62,226.64,1,-1,-1,-1
111,27,1222.25,146.62,277.70,185.65,1,-1,-1,-1
111,31,1604.19,201.40,280.86,228.23,1,-1,-1,-1
111,32,760.63,656.66,715.91,429.61,1,-1,-1,-1
112,7,990.92,120.94,195.59,149.88,1,-1,-1,-1
112,21,254.63,142.12,270.75,231.05,1,-1,-1,-1
112,27,1220.58,146.74,274.39,185.49,1,-1,-1,-1
112,31,1601.14,201.85,277.83,225.40,1,-1,-1,-1
112,32,781.97,667.27,700.51,420.36,1,-1,-1,-1
113,7,991.42,121.08,194.64,149.68,1,-1,-1,-1
113,21,254.21,141.55,272.60,232.65,1,-1,-1,-1
113,27,1221.13,146.83,271.55,185.45,1,-1,-1,-1
113,31,1600.14,202.05,277.49,224.72,1,-1,-1,-1
114,7,991.84,121.14,193.93,149.61,1,-1,-1,-1
114,21,254.07,141.27,273.18,233.17,1,-1,-1,-1
114,27,1222.41,146.91,269.03,185.47,1,-1,-1,-1
114,31,1599.77,202.16,277.95,224.67,1,-1,-1,-1
115,7,992.22,121.16,193.34,149.60,1,-1,-1,-1
115,21,254.04,141.12,273.26,233.26,1,-1,-1,-1
115,27,1223.86,146.98,266.76,185.49,1,-1,-1,-1
115,31,1599.57,202.22,278.66,224.80,1,-1,-1,-1
116,7,992.55,121.18,192.83,149.60,1,-1,-1,-1
116,21,254.04,141.03,273.18,233.21,1,-1,-1,-1
116,27,1225.28,147.04,264.71,185.53,1,-1,-1,-1
116,31,1599.42,202.26,279.40,224.96,1,-1,-1,-1
117,7,992.85,121.19,192.37,149.61,1,-1,-1,-1
117,21,254.07,140.96,273.03,233.10,1,-1,-1,-1
117,27,1226.60,147.09,262.84,185.56,1,-1,-1,-1
117,31,1599.26,202.29,280.12,225.11,1,-1,-1,-1
118,7,993.11,121.19,191.96,149.62,1,-1,-1,-1
118,21,254.09,140.90,272.88,232.99,1,-1,-1,-1
118,27,1227.81,147.13,261.15,185.58,1,-1,-1,-1
118,31,1599.09,202.31,280.81,225.24,1,-1,-1,-1
119,7,993.35,121.20,191.59,149.63,1,-1,-1,-1
119,21,254.11,140.85,272.74,232.88,1,-1,-1,-1
119,27,1228.91,147.17,259.61,185.61,1,-1,-1,-1
119,31,1598.92,202.33,281.44,225.34,1,-1,-1,-1
120,7,993.57,121.20,191.26,149.64,1,-1,-1,-1
120,21,254.13,140.81,272.60,232.78,1,-1,-1,-1
120,27,1229.89,147.21,258.22,185.63,1,-1,-1,-1
120,31,1598.75,202.34,282.03,225.43,1,-1,-1,-1
121,7,991.47,123.41,189.23,148.11,1,-1,-1,-1
121,21,257.84,147.87,282.51,242.21,1,-1,-1,-1
121,26,1890.97,283.32,24.98,257.92,1,-1,-1,-1
121,27,1228.31,146.36,254.17,180.74,1,-1,-1,-1
121,31,1601.84,207.80,290.59,231.89,1,-1,-1,-1
122,7,989.55,127.07,184.25,143.75,1,-1,-1,-1
122,21,262.09,156.46,298.95,258.48,1,-1,-1,-1
122,26,1891.24,282.74,25.09,258.96,1,-1,-1,-1
122,27,1185.35,143.83,250.77,178.95,1,-1,-1,-1
122,31,1521.67,195.51,259.93,202.28,1,-1,-1,-1
123,7,971.59,130.48,183.07,144.06,1,-1,-1,-1
123,21,265.88,164.43,320.57,280.65,1,-1,-1,-1
123,27,1159.60,143.33,243.99,175.67,1,-1,-1,-1
123,31,1480.31,185.35,254.79,198.76,1,-1,-1,-1
124,7,965.62,132.72,178.95,141.60,1,-1,-1,-1
124,21,267.36,166.59,332.46,294.39,1,-1,-1,-1
124,27,1146.78,142.21,240.47,174.58,1,-1,-1,-1
124,31,1458.60,181.74,253.32,198.35,1,-1,-1,-1
124,36,641.12,211.99,86.13,41.02,1,-1,-1,-1
124,38,196.91,128.15,219.55,132.57,1,-1,-1,-1
125,7,962.86,134.30,174.97,138.67,1,-1,-1,-1
125,21,272.50,176.73,331.23,294.44,1,-1,-1,-1
125,27,1137.08,144.63,231.49,167.85,1,-1,-1,-1
125,31,1444.06,178.54,253.39,199.25,1,-1,-1,-1
125,36,631.03,209.52,99.33,46.08,1,-1,-1,-1
125,38,191.62,121.66,229.44,139.99,1,-1,-1,-1
125,40,1675.33,187.70,227.27,265.12,1,-1,-1,-1
126,7,962.88,135.85,170.67,135.12,1,-1,-1,-1
126,21,274.15,179.60,332.99,297.15,1,-1,-1,-1
126,27,1132.14,144.24,229.79,166.90,1,-1,-1,-1
126,31,1435.17,176.06,252.97,199.89,1,-1,-1,-1
126,36,603.45,206.94,114.07,51.98,1,-1,-1,-1
126,38,188.04,115.92,235.61,145.72,1,-1,-1,-1
126,40,1671.18,185.52,227.31,263.87,1,-1,-1,-1
127,7,962.61,136.43,168.63,133.00,1,-1,-1,-1
127,21,273.93,179.54,335.66,300.69,1,-1,-1,-1
127,27,1130.05,143.92,229.00,166.88,1,-1,-1,-1
127,31,1431.06,173.60,252.46,200.55,1,-1,-1,-1
127,36,589.63,205.43,120.41,53.85,1,-1,-1,-1
127,38,185.93,111.16,239.34,150.51,1,-1,-1,-1
127,40,1668.41,184.24,229.07,264.56,1,-1,-1,-1
128,7,962.45,136.59,168.29,132.27,1,-1,-1,-1
128,21,274.16,179.41,335.82,301.89,1,-1,-1,-1
128,27,1129.82,143.82,228.40,166.93,1,-1,-1,-1
128,31,1430.43,172.78,251.64,200.88,1,-1,-1,-1
128,36,583.55,204.93,123.87,54.32,1,-1,-1,-1
128,38,186.80,109.56,237.48,152.04,1,-1,-1,-1
128,40,1667.15,183.89,230.69,264.95,1,-1,-1,-1
129,7,962.32,136.61,168.54,132.06,1,-1,-1,-1
129,21,274.52,179.25,335.06,302.17,1,-1,-1,-1
129,27,1130.25,143.79,227.89,167.01,1,-1,-1,-1
129,31,1431.03,172.56,250.75,201.07,1,-1,-1,-1
129,36,580.81,204.83,126.23,54.28,1,-1,-1,-1
129,38,188.80,109.17,233.48,152.32,1,-1,-1,-1
129,40,1666.36,183.84,232.27,265.19,1,-1,-1,-1
130,7,962.01,136.39,169.70,132.79,1,-1,-1,-1
130,21,274.92,178.89,334.15,302.44,1,-1,-1,-1
130,27,1131.02,143.67,227.13,166.90,1,-1,-1,-1
130,31,1431.87,172.64,250.34,201.60,1,-1,-1,-1
130,36,579.78,204.92,127.58,53.79,1,-1,-1,-1
130,38,191.22,109.17,229.31,152.56,1,-1,-1,-1
130,40,1665.97,184.38,233.14,264.45,1,-1,-1,-1
131,7,960.83,137.36,168.96,131.91,1,-1,-1,-1
131,21,285.98,185.81,334.95,303.77,1,-1,-1,-1
131,27,1123.34,140.60,227.40,168.14,1,-1,-1,-1
131,31,1414.73,172.42,244.36,196.43,1,-1,-1,-1
131,36,571.45,203.26,135.73,57.22,1,-1,-1,-1
131,38,196.83,108.80,223.76,151.50,1,-1,-1,-1
131,40,1648.13,186.21,226.20,251.71,1,-1,-1,-1
132,7,959.49,138.92,167.29,130.11,1,-1,-1,-1
132,21,298.28,198.31,334.98,304.33,1,-1,-1,-1
132,27,1110.56,135.69,228.36,170.55,1,-1,-1,-1
132,31,1396.02,170.15,239.05,193.15,1,-1,-1,-1
132,38,203.72,108.50,218.31,150.01,1,-1,-1,-1
132,40,1626.98,181.67,226.36,246.86,1,-1,-1,-1
133,7,947.90,140.03,165.91,129.10,1,-1,-1,-1
133,21,311.93,212.60,335.56,305.09,1,-1,-1,-1
133,27,1094.63,129.69,229.37,173.58,1,-1,-1,-1
133,31,1376.44,166.77,233.34,190.80,1,-1,-1,-1
133,38,209.58,107.12,215.01,149.59,1,-1,-1,-1
133,40,1603.09,174.43,230.25,246.60,1,-1,-1,-1
134,7,943.89,141.31,163.98,127.68,1,-1,-1,-1
134,21,319.72,220.27,338.22,307.88,1,-1,-1,-1
134,27,1085.89,125.89,228.77,175.48,1,-1,-1,-1
134,31,1359.01,162.54,232.26,191.02,1,-1,-1,-1
134,38,211.73,106.32,215.03,151.56,1,-1,-1,-1
134,40,1591.16,171.42,231.69,244.19,1,-1,-1,-1
134,41,475.39,179.76,130.14,55.95,1,-1,-1,-1
135,7,942.81,142.74,161.38,125.54,1,-1,-1,-1
135,21,311.67,206.78,372.94,344.62,1,-1,-1,-1
135,27,1080.98,124.30,225.84,175.73,1,-1,-1,-1
135,31,1351.29,160.60,229.58,190.10,1,-1,-1,-1
135,38,212.39,105.94,215.58,154.18,1,-1,-1,-1
135,40,1575.13,171.36,229.41,237.15,1,-1,-1,-1
135,41,463.62,176.80,127.35,54.49,1,-1,-1,-1
136,7,942.78,144.01,158.76,123.22,1,-1,-1,-1
136,21,303.96,199.98,391.76,366.72,1,-1,-1,-1
136,27,1078.60,124.34,221.19,174.61,1,-1,-1,-1
136,31,1344.95,159.16,228.05,190.04,1,-1,-1,-1
136,38,213.91,107.03,213.47,154.91,1,-1,-1,-1
136,40,1561.80,169.76,230.08,233.51,1,-1,-1,-1
136,41,456.74,175.94,131.61,56.11,1,-1,-1,-1
137,7,942.60,145.62,155.34,120.02,1,-1,-1,-1
137,21,303.77,199.56,399.44,378.25,1,-1,-1,-1
137,27,1077.52,125.72,215.09,172.23,1,-1,-1,-1
137,31,1338.07,158.85,224.85,188.62,1,-1,-1,-1
137,38,215.89,108.93,209.55,154.06,1,-1,-1,-1
137,40,1547.02,167.10,232.73,232.20,1,-1,-1,-1
137,41,445.09,175.77,132.29,56.35,1,-1,-1,-1
138,7,941.98,146.99,152.94,117.82,1,-1,-1,-1
138,21,306.03,201.38,404.16,386.54,1,-1,-1,-1
138,27,1078.02,126.71,209.22,169.61,1,-1,-1,-1
138,31,1329.72,158.03,224.25,189.24,1,-1,-1,-1
138,38,215.93,109.96,207.88,154.58,1,-1,-1,-1
138,40,1532.36,163.38,237.34,233.39,1,-1,-1,-1
138,41,436.09,173.58,143.18,61.26,1,-1,-1,-1
139,7,941.24,148.04,150.95,116.06,1,-1,-1,-1
139,21,310.15,203.67,410.60,396.39,1,-1,-1,-1
139,27,1072.37,126.41,205.59,167.17,1,-1,-1,-1
139,31,1320.68,158.37,221.52,188.13,1,-1,-1,-1
139,38,210.46,109.69,215.76,161.82,1,-1,-1,-1
139,40,1519.82,159.98,242.05,235.22,1,-1,-1,-1
139,41,426.49,170.06,159.91,69.28,1,-1,-1,-1
140,7,940.44,148.27,151.06,116.24,1,-1,-1,-1
140,21,315.69,208.72,414.22,402.69,1,-1,-1,-1
140,27,1066.66,125.57,205.54,167.65,1,-1,-1,-1
140,31,1312.14,158.79,218.44,187.21,1,-1,-1,-1
140,38,209.42,109.38,219.07,165.97,1,-1,-1,-1
140,40,1510.68,157.75,245.59,236.24,1,-1,-1,-1
140,41,416.27,165.67,179.95,79.43,1,-1,-1,-1
141,7,940.28,148.41,150.99,116.36,1,-1,-1,-1
141,21,323.23,216.67,416.78,407.29,1,-1,-1,-1
141,27,1061.05,125.41,204.90,167.51,1,-1,-1,-1
141,31,1305.80,160.20,213.07,184.60,1,-1,-1,-1
141,38,210.16,108.37,221.64,169.79,1,-1,-1,-1
141,40,1493.19,157.78,246.36,233.63,1,-1,-1,-1
141,41,409.76,162.17,193.22,87.25,1,-1,-1,-1
142,7,940.22,148.44,150.78,116.50,1,-1,-1,-1
142,21,333.28,228.44,413.73,405.39,1,-1,-1,-1
142,27,1069.60,133.32,184.13,148.02,1,-1,-1,-1
142,31,1296.83,163.22,203.48,176.30,1,-1,-1,-1
142,38,211.19,108.23,222.13,171.99,1,-1,-1,-1
142,40,1480.37,155.98,247.92,232.03,1,-1,-1,-1
142,41,407.27,159.78,200.27,92.61,1,-1,-1,-1
143,7,940.08,148.91,149.27,115.57,1,-1,-1,-1
143,21,344.15,241.85,410.95,402.91,1,-1,-1,-1
143,27,1070.14,136.57,176.83,140.34,1,-1,-1,-1
143,31,1288.76,158.74,198.66,171.06,1,-1,-1,-1
143,38,213.29,108.61,219.81,171.54,1,-1,-1,-1
143,40,1469.12,154.15,248.62,230.21,1,-1,-1,-1
143,41,408.08,158.21,201.48,95.40,1,-1,-1,-1
144,7,939.35,149.24,148.07,114.87,1,-1,-1,-1
144,21,353.31,253.39,407.30,398.81,1,-1,-1,-1
144,27,1062.84,136.01,190.06,151.06,1,-1,-1,-1
144,31,1285.65,158.23,195.70,167.61,1,-1,-1,-1
144,38,215.63,109.30,216.03,169.46,1,-1,-1,-1
144,40,1459.50,152.14,250.01,229.54,1,-1,-1,-1
144,41,412.03,155.70,204.68,99.56,1,-1,-1,-1
145,7,939.15,149.90,146.71,113.95,1,-1,-1,-1
145,21,358.91,260.33,405.99,396.87,1,-1,-1,-1
145,27,1059.29,135.40,195.25,155.57,1,-1,-1,-1
145,31,1284.23,158.68,194.01,165.27,1,-1,-1,-1
145,38,217.64,109.42,212.92,167.64,1,-1,-1,-1
145,40,1453.50,151.10,251.15,229.03,1,-1,-1,-1
145,41,413.82,153.82,205.60,102.74,1,-1,-1,-1
146,7,939.16,150.11,146.16,113.64,1,-1,-1,-1
146,21,360.72,262.78,405.65,395.94,1,-1,-1,-1
146,27,1058.23,135.15,197.08,157.37,1,-1,-1,-1
146,31,1283.79,158.88,194.06,164.52,1,-1,-1,-1
146,38,218.62,109.49,211.25,166.87,1,-1,-1,-1
146,40,1451.20,150.79,252.56,228.90,1,-1,-1,-1
146,41,416.34,153.16,202.62,103.90,1,-1,-1,-1
147,7,939.25,150.17,145.93,113.57,1,-1,-1,-1
147,21,361.09,263.51,405.67,395.43,1,-1,-1,-1
147,27,1058.12,135.04,197.57,158.08,1,-1,-1,-1
147,31,1283.67,158.98,194.70,164.34,1,-1,-1,-1
147,38,219.18,109.53,210.17,166.53,1,-1,-1,-1
147,40,1450.29,150.74,253.98,228.90,1,-1,-1,-1
147,41,419.02,152.99,198.34,104.23,1,-1,-1,-1
148,7,939.35,150.16,145.81,113.57,1,-1,-1,-1
148,21,360.94,263.60,405.81,395.09,1,-1,-1,-1
148,27,1058.33,135.00,197.57,158.37,1,-1,-1,-1
148,31,1283.66,159.05,195.49,164.36,1,-1,-1,-1
148,38,219.57,109.56,209.37,166.35,1,-1,-1,-1
148,40,1449.90,150.78,255.31,228.96,1,-1,-1,-1
148,41,421.62,153.01,193.80,104.24,1,-1,-1,-1
149,7,939.45,150.14,145.74,113.61,1,-1,-1,-1
149,21,360.62,263.47,406.00,394.83,1,-1,-1,-1
149,27,1058.63,134.97,197.39,158.49,1,-1,-1,-1
149,31,1283.68,159.09,196.29,164.45,1,-1,-1,-1
149,38,219.88,109.59,208.71,166.24,1,-1,-1,-1
149,40,1449.71,150.85,256.55,229.02,1,-1,-1,-1
149,41,424.04,153.10,189.40,104.14,1,-1,-1,-1
150,7,939.50,150.06,145.77,113.67,1,-1,-1,-1
150,21,360.80,263.81,404.95,393.26,1,-1,-1,-1
150,27,1058.94,134.88,197.33,158.70,1,-1,-1,-1
150,31,1283.52,158.89,197.33,164.87,1,-1,-1,-1
150,38,219.81,109.65,208.59,166.70,1,-1,-1,-1
150,40,1449.80,150.69,257.61,229.05,1,-1,-1,-1
150,41,426.21,153.09,185.33,104.02,1,-1,-1,-1
151,7,939.03,150.50,142.35,111.23,1,-1,-1,-1
151,21,358.31,288.04,418.76,405.98,1,-1,-1,-1
151,27,1044.45,131.46,199.12,159.57,1,-1,-1,-1
151,31,1272.60,157.55,197.91,165.01,1,-1,-1,-1
151,38,223.28,111.74,211.72,169.71,1,-1,-1,-1
151,40,1447.31,151.61,255.34,223.33,1,-1,-1,-1
151,41,429.99,149.60,186.90,106.98,1,-1,-1,-1
152,7,929.62,154.99,131.10,102.92,1,-1,-1,-1
152,21,382.79,311.46,448.01,431.64,1,-1,-1,-1
152,27,1033.18,131.28,188.83,150.28,1,-1,-1,-1
152,31,1229.54,153.95,199.71,162.30,1,-1,-1,-1
152,38,228.12,114.45,216.95,174.38,1,-1,-1,-1
152,40,1402.83,148.67,253.40,220.34,1,-1,-1,-1
152,41,435.54,145.31,189.33,110.33,1,-1,-1,-1
153,7,926.68,157.58,124.46,98.56,1,-1,-1,-1
153,21,394.91,334.21,480.89,460.83,1,-1,-1,-1
153,27,1013.46,132.07,181.73,143.22,1,-1,-1,-1
153,31,1213.28,155.23,201.24,164.24,1,-1,-1,-1
153,38,233.83,117.31,223.64,180.30,1,-1,-1,-1
153,40,1373.45,144.54,253.78,221.12,1,-1,-1,-1
153,41,440.40,140.71,194.85,115.49,1,-1,-1,-1
154,7,925.56,159.23,118.36,95.57,1,-1,-1,-1
154,21,401.58,345.90,507.39,483.81,1,-1,-1,-1
154,27,1004.10,132.94,179.61,139.95,1,-1,-1,-1
154,31,1200.87,154.38,203.32,167.23,1,-1,-1,-1
154,38,237.42,118.48,227.56,184.24,1,-1,-1,-1
154,40,1360.16,143.65,251.55,220.09,1,-1,-1,-1
154,41,444.88,139.65,194.30,117.02,1,-1,-1,-1
155,7,924.19,159.44,115.24,95.07,1,-1,-1,-1
155,21,406.22,350.24,531.47,504.48,1,-1,-1,-1
155,27,987.44,132.29,186.93,141.30,1,-1,-1,-1
155,31,1190.71,152.35,204.05,169.23,1,-1,-1,-1
155,38,240.39,118.94,229.76,187.14,1,-1,-1,-1
155,40,1346.68,144.94,246.70,215.42,1,-1,-1,-1
155,41,447.79,139.23,194.28,119.04,1,-1,-1,-1
156,7,922.58,158.94,113.06,95.41,1,-1,-1,-1
156,21,419.80,377.00,539.64,509.88,1,-1,-1,-1
156,27,991.36,133.71,184.14,137.82,1,-1,-1,-1
156,31,1185.54,149.75,194.79,162.44,1,-1,-1,-1
156,38,243.67,119.34,230.37,188.84,1,-1,-1,-1
156,40,1339.36,146.31,242.65,211.66,1,-1,-1,-1
156,41,459.64,140.19,189.35,118.11,1,-1,-1,-1
157,7,921.65,157.93,112.04,96.83,1,-1,-1,-1
157,21,429.53,392.46,552.70,520.23,1,-1,-1,-1
157,27,991.65,134.16,184.58,137.02,1,-1,-1,-1
157,31,1181.32,148.40,190.56,159.68,1,-1,-1,-1
157,38,246.04,119.72,230.97,190.47,1,-1,-1,-1
157,40,1332.36,147.61,239.53,208.56,1,-1,-1,-1
157,41,464.15,140.23,188.41,119.54,1,-1,-1,-1
158,7,921.20,157.11,110.72,98.12,1,-1,-1,-1
158,21,436.68,406.20,568.38,533.31,1,-1,-1,-1
158,27,989.94,134.39,185.95,137.10,1,-1,-1,-1
158,31,1177.69,148.46,187.27,156.97,1,-1,-1,-1
158,38,247.18,119.70,233.36,193.64,1,-1,-1,-1
158,40,1325.39,148.73,236.73,206.04,1,-1,-1,-1
158,41,465.79,139.62,190.08,122.66,1,-1,-1,-1
159,7,921.07,156.74,108.77,98.92,1,-1,-1,-1
159,21,453.76,424.26,580.20,540.01,1,-1,-1,-1
159,27,973.24,132.87,194.21,140.86,1,-1,-1,-1
159,31,1173.34,148.86,183.68,153.97,1,-1,-1,-1
159,38,247.52,119.85,236.20,197.27,1,-1,-1,-1
159,40,1317.07,142.06,236.67,206.16,1,-1,-1,-1
159,41,466.77,138.70,192.01,126.02,1,-1,-1,-1
160,7,918.95,157.06,107.99,98.21,1,-1,-1,-1
160,21,461.14,443.86,593.73,547.75,1,-1,-1,-1
160,27,961.57,130.92,201.79,144.85,1,-1,-1,-1
160,31,1170.28,149.33,179.81,150.95,1,-1,-1,-1
160,38,247.47,120.80,238.75,200.81,1,-1,-1,-1
160,40,1308.50,139.49,237.00,206.58,1,-1,-1,-1
160,41,469.53,138.21,192.89,128.69,1,-1,-1,-1
161,7,921.80,165.63,100.73,94.32,1,-1,-1,-1
161,21,465.76,460.42,605.13,553.63,1,-1,-1,-1
161,27,960.76,134.18,192.05,136.35,1,-1,-1,-1
161,31,1162.15,147.34,178.20,150.41,1,-1,-1,-1
161,38,247.94,122.64,238.99,202.32,1,-1,-1,-1
161,40,1301.75,138.12,238.17,207.72,1,-1,-1,-1
161,41,472.99,138.18,191.81,129.89,1,-1,-1,-1
162,7,923.91,168.19,96.02,92.17,1,-1,-1,-1
162,21,466.21,466.85,621.93,561.75,1,-1,-1,-1
162,27,960.07,135.20,189.19,133.21,1,-1,-1,-1
162,31,1159.28,146.53,176.76,149.96,1,-1,-1,-1
162,38,248.37,124.28,238.33,202.86,1,-1,-1,-1
162,40,1296.81,137.49,239.54,209.10,1,-1,-1,-1
162,41,475.87,138.34,190.85,131.10,1,-1,-1,-1
163,7,925.30,169.05,93.16,91.46,1,-1,-1,-1
163,21,464.02,468.91,632.27,564.58,1,-1,-1,-1
163,27,959.58,135.56,189.05,132.12,1,-1,-1,-1
163,31,1158.75,146.26,175.82,149.86,1,-1,-1,-1
163,38,248.83,124.89,237.29,202.97,1,-1,-1,-1
163,40,1295.37,137.30,240.00,209.66,1,-1,-1,-1
163,41,477.69,138.44,188.91,131.49,1,-1,-1,-1
164,7,926.41,169.31,91.05,91.24,1,-1,-1,-1
164,21,461.02,469.26,639.64,565.33,1,-1,-1,-1
164,27,959.20,135.69,189.81,131.77,1,-1,-1,-1
164,31,1159.04,146.19,175.09,149.87,1,-1,-1,-1
164,38,249.28,125.10,236.18,202.94,1,-1,-1,-1
164,40,1295.22,137.28,240.11,209.91,1,-1,-1,-1
164,41,479.02,138.52,186.74,131.56,1,-1,-1,-1
165,7,927.35,169.36,89.32,91.20,1,-1,-1,-1
165,21,457.91,468.97,645.51,565.29,1,-1,-1,-1
165,27,958.88,135.72,190.84,131.69,1,-1,-1,-1
165,31,1159.59,146.19,174.48,149.92,1,-1,-1,-1
165,38,249.71,125.15,235.12,202.85,1,-1,-1,-1
165,40,1295.52,137.31,240.09,210.03,1,-1,-1,-1
165,41,480.10,138.59,184.62,131.51,1,-1,-1,-1
166,7,928.19,169.33,87.84,91.22,1,-1,-1,-1
166,21,454.95,468.49,650.51,564.99,1,-1,-1,-1
166,27,958.60,135.73,191.90,131.71,1,-1,-1,-1
166,31,1160.18,146.21,173.94,149.99,1,-1,-1,-1
166,38,250.10,125.14,234.13,202.75,1,-1,-1,-1
166,40,1295.95,137.36,240.03,210.10,1,-1,-1,-1
166,41,481.03,138.65,182.65,131.43,1,-1,-1,-1
167,7,928.93,169.28,86.53,91.26,1,-1,-1,-1
167,21,452.22,467.96,654.90,564.61,1,-1,-1,-1
167,27,958.33,135.72,192.91,131.75,1,-1,-1,-1
167,31,1160.75,146.24,173.46,150.05,1,-1,-1,-1
167,38,250.45,125.12,233.23,202.66,1,-1,-1,-1
167,40,1296.39,137.41,239.96,210.15,1,-1,-1,-1
167,41,481.84,138.70,180.84,131.33,1,-1,-1,-1
168,7,929.60,169.23,85.35,91.31,1,-1,-1,-1
168,21,449.73,467.46,658.83,564.23,1,-1,-1,-1
168,27,958.09,135.72,193.84,131.81,1,-1,-1,-1
168,31,1161.28,146.27,173.02,150.10,1,-1,-1,-1
168,38,250.77,125.09,232.41,202.57,1,-1,-1,-1
168,40,1296.80,137.45,239.89,210.18,1,-1,-1,-1
168,41,482.58,138.74,179.20,131.25,1,-1,-1,-1
169,7,930.20,169.18,84.30,91.35,1,-1,-1,-1
169,21,447.48,467.00,662.37,563.87,1,-1,-1,-1
169,27,957.87,135.71,194.68,131.86,1,-1,-1,-1
169,31,1161.75,146.30,172.63,150.15,1,-1,-1,-1
169,38,251.06,125.06,231.67,202.49,1,-1,-1,-1
169,40,1297.17,137.50,239.82,210.21,1,-1,-1,-1
169,41,483.24,138.78,177.71,131.17,1,-1,-1,-1
170,7,930.73,169.13,83.35,91.39,1,-1,-1,-1
170,21,445.44,466.58,665.56,563.54,1,-1,-1,-1
170,27,957.67,135.70,195.45,131.90,1,-1,-1,-1
170,31,1162.17,146.33,172.27,150.19,1,-1,-1,-1
170,38,251.32,125.03,231.01,202.42,1,-1,-1,-1
170,40,1297.51,137.53,239.75,210.24,1,-1,-1,-1
170,41,483.83,138.82,176.37,131.09,1,-1,-1,-1
171,7,930.09,169.57,82.12,91.33,1,-1,-1,-1
171,21,422.15,424.49,731.66,619.53,1,-1,-1,-1
171,27,955.35,136.06,196.11,132.74,1,-1,-1,-1
171,31,1143.78,144.56,179.56,158.25,1,-1,-1,-1
171,38,262.79,128.26,234.35,205.09,1,-1,-1,-1
171,40,1277.53,141.01,223.90,194.07,1,-1,-1,-1
171,41,493.97,144.18,159.91,117.58,1,-1,-1,-1
172,7,929.49,170.10,81.73,90.91,1,-1,-1,-1
172,21,653.66,565.35,635.96,495.85,1,-1,-1,-1
172,27,953.02,136.87,195.14,133.16,1,-1,-1,-1
172,31,1123.53,141.49,181.80,162.71,1,-1,-1,-1
172,38,271.15,127.58,249.12,217.28,1,-1,-1,-1
172,40,1257.03,141.76,215.07,186.20,1,-1,-1,-1
172,41,538.95,158.07,155.60,112.23,1,-1,-1,-1
173,21,748.26,632.97,609.33,449.00,1,-1,-1,-1
173,27,951.25,137.99,192.21,132.80,1,-1,-1,-1
173,31,1102.36,144.27,169.58,152.05,1,-1,-1,-1
173,38,279.64,135.55,267.05,231.77,1,-1,-1,-1
173,40,1227.08,144.70,209.25,179.56,1,-1,-1,-1
173,41,541.09,152.81,178.38,130.26,1,-1,-1,-1
174,21,784.29,653.17,597.57,440.34,1,-1,-1,-1
174,27,950.65,138.84,188.57,131.99,1,-1,-1,-1
174,31,1091.35,144.76,165.58,148.63,1,-1,-1,-1
174,38,283.33,137.95,279.69,242.04,1,-1,-1,-1
174,40,1212.20,146.37,207.31,176.52,1,-1,-1,-1
174,41,545.64,153.25,182.52,134.31,1,-1,-1,-1
175,27,950.45,139.75,184.25,130.94,1,-1,-1,-1
175,31,1084.88,145.06,163.29,146.66,1,-1,-1,-1
175,38,285.10,137.99,290.14,250.89,1,-1,-1,-1
175,40,1202.80,146.06,208.11,176.47,1,-1,-1,-1
175,41,551.13,155.33,181.26,133.99,1,-1,-1,-1
176,27,940.48,140.43,181.52,129.91,1,-1,-1,-1
176,31,1079.81,145.13,161.94,145.65,1,-1,-1,-1
176,38,287.41,139.86,296.48,256.84,1,-1,-1,-1
176,40,1194.85,142.57,211.21,178.89,1,-1,-1,-1
176,41,557.55,158.22,178.05,131.98,1,-1,-1,-1
177,27,938.02,140.78,178.41,129.07,1,-1,-1,-1
177,31,1075.40,144.15,160.88,145.19,1,-1,-1,-1
177,38,289.14,143.07,300.46,260.97,1,-1,-1,-1
177,40,1189.83,138.90,213.22,180.98,1,-1,-1,-1
177,41,562.66,159.08,178.39,132.88,1,-1,-1,-1
178,27,939.33,141.99,172.87,126.22,1,-1,-1,-1
178,31,1073.72,145.97,157.51,142.37,1,-1,-1,-1
178,38,289.67,147.61,303.92,264.49,1,-1,-1,-1
178,40,1185.42,135.97,213.66,181.65,1,-1,-1,-1
178,41,566.19,159.28,181.20,135.53,1,-1,-1,-1
178,43,895.40,818.27,660.48,248.44,1,-1,-1,-1
179,27,942.10,143.53,166.82,123.04,1,-1,-1,-1
179,31,1072.79,147.66,154.04,139.32,1,-1,-1,-1
179,38,295.15,150.56,307.32,268.02,1,-1,-1,-1
179,40,1180.26,135.12,212.39,180.53,1,-1,-1,-1
179,41,569.57,159.71,182.09,136.40,1,-1,-1,-1
179,43,966.45,847.97,594.85,218.55,1,-1,-1,-1
180,27,943.75,144.77,162.55,120.90,1,-1,-1,-1
180,31,1073.40,149.69,150.21,135.73,1,-1,-1,-1
180,38,297.97,154.41,310.75,271.85,1,-1,-1,-1
180,40,1174.85,134.24,211.50,179.86,1,-1,-1,-1
180,41,572.17,160.82,181.87,135.95,1,-1,-1,-1
180,43,1016.97,875.84,549.93,195.91,1,-1,-1,-1
180,44,816.80,188.69,127.52,73.05,1,-1,-1,-1
181,27,943.06,145.28,160.70,120.40,1,-1,-1,-1
181,31,1068.25,153.59,142.02,128.29,1,-1,-1,-1
181,38,300.99,158.55,314.02,275.73,1,-1,-1,-1
181,40,1168.14,133.13,211.25,179.80,1,-1,-1,-1
181,41,579.42,162.59,180.38,134.70,1,-1,-1,-1
181,43,1111.49,907.43,505.75,172.23,1,-1,-1,-1
181,44,798.43,184.14,136.26,77.95,1,-1,-1,-1
182,27,940.30,145.27,160.58,121.14,1,-1,-1,-1
182,31,1063.66,153.39,140.34,126.81,1,-1,-1,-1
182,38,304.60,163.04,317.88,280.56,1,-1,-1,-1
182,40,1163.67,132.79,209.71,179.00,1,-1,-1,-1
182,41,582.61,163.54,180.96,134.67,1,-1,-1,-1
182,43,1194.94,935.81,431.83,147.06,1,-1,-1,-1
182,44,770.24,183.30,136.15,77.80,1,-1,-1,-1
183,27,937.31,145.44,160.23,121.75,1,-1,-1,-1
183,31,1057.62,143.99,144.92,131.56,1,-1,-1,-1
183,38,308.57,166.99,322.09,285.56,1,-1,-1,-1
183,40,1160.27,133.97,206.38,176.60,1,-1,-1,-1
183,41,585.37,163.95,181.85,135.02,1,-1,-1,-1
183,44,755.32,181.07,137.10,78.49,1,-1,-1,-1
184,27,934.25,145.62,159.84,122.52,1,-1,-1,-1
184,31,1053.15,140.84,146.12,132.87,1,-1,-1,-1
184,38,311.31,169.43,327.87,292.06,1,-1,-1,-1
184,40,1159.11,135.08,201.70,173.02,1,-1,-1,-1
184,41,589.77,165.01,181.28,134.21,1,-1,-1,-1
184,44,731.78,177.67,140.28,81.34,1,-1,-1,-1
185,27,933.92,146.42,156.89,121.37,1,-1,-1,-1
185,31,1049.54,139.39,147.21,134.01,1,-1,-1,-1
185,38,312.40,173.07,338.55,303.08,1,-1,-1,-1
185,40,1147.00,136.26,197.32,165.96,1,-1,-1,-1
185,41,595.00,166.60,181.59,134.27,1,-1,-1,-1
185,44,713.74,175.80,142.75,82.77,1,-1,-1,-1
186,27,934.73,146.89,153.64,120.07,1,-1,-1,-1
186,31,1046.12,138.42,147.86,134.97,1,-1,-1,-1
186,38,315.74,174.77,345.04,310.03,1,-1,-1,-1
186,40,1141.82,135.72,196.43,163.07,1,-1,-1,-1
186,41,598.96,168.69,182.09,134.46,1,-1,-1,-1
187,27,937.60,147.72,149.26,117.94,1,-1,-1,-1
187,31,1043.02,137.63,147.94,135.47,1,-1,-1,-1
187,38,320.04,177.43,349.59,314.65,1,-1,-1,-1
187,40,1139.23,135.26,196.53,161.91,1,-1,-1,-1
187,41,599.99,169.54,184.91,136.86,1,-1,-1,-1
188,27,939.56,148.41,145.70,116.40,1,-1,-1,-1
188,31,1041.08,137.30,146.94,135.14,1,-1,-1,-1
188,38,323.51,180.78,351.99,316.85,1,-1,-1,-1
188,40,1137.57,135.01,197.06,161.68,1,-1,-1,-1
188,41,599.04,169.65,188.60,140.31,1,-1,-1,-1
189,27,941.19,149.27,142.21,114.65,1,-1,-1,-1
189,31,1040.35,137.44,145.44,134.08,1,-1,-1,-1
189,38,325.34,183.52,353.20,317.68,1,-1,-1,-1
189,40,1136.20,135.15,197.50,161.40,1,-1,-1,-1
189,41,598.41,169.44,191.60,143.56,1,-1,-1,-1
190,27,942.12,149.54,140.25,114.08,1,-1,-1,-1
190,31,1028.14,134.25,151.57,141.96,1,-1,-1,-1
190,38,325.63,183.86,353.90,318.10,1,-1,-1,-1
190,40,1136.34,135.50,197.63,160.95,1,-1,-1,-1
190,41,598.36,169.12,192.42,145.24,1,-1,-1,-1
191,27,942.36,150.08,136.89,112.23,1,-1,-1,-1
191,31,1025.35,134.24,149.42,141.93,1,-1,-1,-1
191,38,322.93,192.64,359.81,321.75,1,-1,-1,-1
191,40,1130.75,133.69,200.07,162.68,1,-1,-1,-1
191,41,583.59,159.00,214.12,162.99,1,-1,-1,-1
192,27,941.98,150.98,132.69,109.47,1,-1,-1,-1
192,31,1025.34,135.42,144.50,138.83,1,-1,-1,-1
192,38,327.43,197.81,371.83,331.24,1,-1,-1,-1
192,40,1121.84,130.67,203.64,165.62,1,-1,-1,-1
192,41,572.26,151.25,230.26,176.49,1,-1,-1,-1
193,27,930.81,152.13,128.12,106.47,1,-1,-1,-1
193,31,1025.69,136.91,139.13,134.73,1,-1,-1,-1
193,38,335.92,202.36,387.33,344.23,1,-1,-1,-1
193,40,1110.47,127.33,208.28,169.76,1,-1,-1,-1
193,41,573.24,158.74,232.77,180.31,1,-1,-1,-1
194,27,926.21,152.46,126.33,105.76,1,-1,-1,-1
194,31,1025.12,137.80,135.99,132.34,1,-1,-1,-1
194,38,341.22,204.82,397.92,353.63,1,-1,-1,-1
194,40,1103.47,125.46,211.52,173.21,1,-1,-1,-1
194,41,578.66,163.18,231.57,180.88,1,-1,-1,-1
195,27,924.26,152.07,126.11,106.74,1,-1,-1,-1
195,31,1023.23,138.32,134.67,131.41,1,-1,-1,-1
195,38,346.59,208.46,405.42,361.01,1,-1,-1,-1
195,40,1099.31,124.63,213.39,175.83,1,-1,-1,-1
195,41,590.30,170.11,222.87,175.22,1,-1,-1,-1
195,44,493.80,140.39,154.01,87.99,1,-1,-1,-1
196,27,924.20,152.63,124.28,106.30,1,-1,-1,-1
196,31,1021.61,138.63,133.97,130.80,1,-1,-1,-1
196,38,350.97,213.07,414.44,370.35,1,-1,-1,-1
196,40,1095.85,123.81,214.14,177.60,1,-1,-1,-1
196,41,597.59,174.99,219.97,174.09,1,-1,-1,-1
196,44,476.25,133.45,170.03,97.21,1,-1,-1,-1
197,27,923.93,152.51,123.23,106.55,1,-1,-1,-1
197,31,1020.03,138.87,132.94,129.68,1,-1,-1,-1
197,38,355.20,217.34,425.68,382.08,1,-1,-1,-1
197,40,1093.08,124.08,212.59,176.96,1,-1,-1,-1
197,41,600.79,179.53,221.19,176.37,1,-1,-1,-1
197,44,454.11,132.76,176.05,101.66,1,-1,-1,-1
198,27,923.90,153.01,120.66,105.00,1,-1,-1,-1
198,31,1019.46,138.89,130.99,127.43,1,-1,-1,-1
198,38,358.87,220.75,436.47,393.47,1,-1,-1,-1
198,40,1090.29,124.32,210.54,175.74,1,-1,-1,-1
198,41,601.20,182.30,227.87,183.41,1,-1,-1,-1
198,44,435.95,126.25,193.06,113.73,1,-1,-1,-1
199,27,923.37,152.62,120.40,105.38,1,-1,-1,-1
199,31,1019.01,139.30,128.61,124.75,1,-1,-1,-1
199,38,363.69,227.29,440.57,397.96,1,-1,-1,-1
199,40,1087.93,124.58,208.04,174.17,1,-1,-1,-1
199,41,602.07,184.70,234.74,190.68,1,-1,-1,-1
199,44,422.28,120.44,205.85,123.98,1,-1,-1,-1
200,27,923.29,153.07,118.51,103.93,1,-1,-1,-1
200,31,1019.41,140.33,125.58,121.23,1,-1,-1,-1
200,38,376.41,236.78,440.07,398.84,1,-1,-1,-1
200,40,1086.29,124.10,206.60,173.91,1,-1,-1,-1
200,41,603.72,187.65,241.41,197.79,1,-1,-1,-1
200,44,411.10,114.48,219.32,135.73,1,-1,-1,-1
201,27,923.23,153.17,117.63,103.29,1,-1,-1,-1
201,31,1020.36,141.85,122.68,117.81,1,-1,-1,-1
201,38,382.23,245.23,438.71,398.99,1,-1,-1,-1
201,40,1085.38,123.71,205.36,173.98,1,-1,-1,-1
201,41,605.63,190.43,245.24,202.47,1,-1,-1,-1
201,44,404.83,110.80,226.12,143.80,1,-1,-1,-1
202,27,923.29,153.47,116.19,101.87,1,-1,-1,-1
202,31,1021.24,143.23,120.20,114.66,1,-1,-1,-1
202,38,385.55,250.32,436.16,397.99,1,-1,-1,-1
202,40,1093.09,128.58,197.57,168.45,1,-1,-1,-1
202,41,606.87,192.96,247.12,205.55,1,-1,-1,-1
202,44,402.34,107.80,230.54,150.66,1,-1,-1,-1
203,27,923.33,153.57,115.79,101.38,1,-1,-1,-1
203,31,1021.42,143.72,119.78,113.58,1,-1,-1,-1
203,38,387.05,252.10,434.18,397.39,1,-1,-1,-1
203,40,1096.54,130.47,193.98,166.34,1,-1,-1,-1
203,41,607.79,193.88,246.73,206.62,1,-1,-1,-1
203,44,403.52,106.71,228.90,153.30,1,-1,-1,-1
204,27,923.35,153.59,115.76,101.23,1,-1,-1,-1
204,31,1021.34,143.88,120.08,113.26,1,-1,-1,-1
204,38,387.80,252.61,432.54,396.97,1,-1,-1,-1
204,40,1098.21,131.16,192.08,165.58,1,-1,-1,-1
204,41,608.53,194.17,245.54,206.89,1,-1,-1,-1
204,44,406.06,106.40,225.19,154.20,1,-1,-1,-1
205,27,923.36,153.59,115.86,101.21,1,-1,-1,-1
205,31,1021.17,143.93,120.60,113.20,1,-1,-1,-1
205,38,388.26,252.64,431.10,396.64,1,-1,-1,-1
205,40,1099.18,131.41,190.88,165.33,1,-1,-1,-1
205,41,609.17,194.22,244.14,206.87,1,-1,-1,-1
205,44,408.89,106.41,220.99,154.39,1,-1,-1,-1
206,27,923.36,153.58,116.00,101.23,1,-1,-1,-1
206,31,1020.99,143.93,121.17,113.24,1,-1,-1,-1
206,38,388.59,252.50,429.83,396.36,1,-1,-1,-1
206,40,1099.86,131.49,189.97,165.26,1,-1,-1,-1
206,41,609.74,194.17,242.75,206.75,1,-1,-1,-1
206,44,411.65,106.53,216.90,154.32,1,-1,-1,-1
207,27,923.37,153.57,116.15,101.26,1,-1,-1,-1
207,31,1020.81,143.92,121.72,113.31,1,-1,-1,-1
207,38,388.85,252.31,428.69,396.12,1,-1,-1,-1
207,40,1100.39,131.51,189.23,165.26,1,-1,-1,-1
207,41,610.25,194.10,241.45,206.60,1,-1,-1,-1
207,44,414.21,106.69,213.11,154.16,1,-1,-1,-1
208,27,923.37,153.55,116.28,101.30,1,-1,-1,-1
208,31,1020.64,143.90,122.23,113.38,1,-1,-1,-1
208,38,389.07,252.12,427.66,395.91,1,-1,-1,-1
208,40,1100.84,131.51,188.58,165.28,1,-1,-1,-1
208,41,610.70,194.02,240.25,206.45,1,-1,-1,-1
208,44,416.55,106.85,209.66,153.97,1,-1,-1,-1
209,27,923.37,153.54,116.41,101.33,1,-1,-1,-1
209,31,1020.49,143.88,122.69,113.44,1,-1,-1,-1
209,38,389.27,251.94,426.74,395.72,1,-1,-1,-1
209,40,1101.23,131.50,188.00,165.31,1,-1,-1,-1
209,41,611.11,193.95,239.17,206.30,1,-1,-1,-1
209,44,418.67,107.00,206.55,153.77,1,-1,-1,-1
210,27,923.36,153.53,116.52,101.36,1,-1,-1,-1
210,31,1020.34,143.87,123.11,113.50,1,-1,-1,-1
210,38,389.46,251.77,425.91,395.56,1,-1,-1,-1
210,40,1101.59,131.49,187.47,165.34,1,-1,-1,-1
210,41,611.48,193.88,238.18,206.17,1,-1,-1,-1
210,44,420.59,107.15,203.75,153.59,1,-1,-1,-1
211,27,924.45,155.34,112.06,99.25,1,-1,-1,-1
211,31,996.07,141.93,132.38,122.39,1,-1,-1,-1
211,38,404.32,280.86,453.13,419.24,1,-1,-1,-1
211,40,1085.47,130.11,184.24,159.72,1,-1,-1,-1
211,41,611.73,203.79,228.37,194.53,1,-1,-1,-1
211,44,415.75,99.23,220.33,166.80,1,-1,-1,-1
212,27,923.15,155.91,109.67,99.16,1,-1,-1,-1
212,31,986.41,142.25,133.01,123.54,1,-1,-1,-1
212,38,418.68,296.22,497.87,460.75,1,-1,-1,-1
212,40,1072.64,127.06,187.73,161.78,1,-1,-1,-1
212,41,609.63,216.53,220.12,181.08,1,-1,-1,-1
212,44,402.53,74.04,246.10,191.31,1,-1,-1,-1
213,27,920.07,155.88,108.52,100.54,1,-1,-1,-1
213,31,981.54,143.62,130.14,121.82,1,-1,-1,-1
213,38,430.76,282.07,614.01,569.76,1,-1,-1,-1
213,40,1070.31,125.96,185.37,160.41,1,-1,-1,-1
213,41,600.45,237.78,231.21,183.02,1,-1,-1,-1
213,44,396.78,62.65,253.22,202.55,1,-1,-1,-1
213,49,1869.34,384.78,21.48,370.11,1,-1,-1,-1
214,27,919.27,156.01,106.70,101.19,1,-1,-1,-1
214,31,979.91,144.19,128.60,121.30,1,-1,-1,-1
214,38,432.69,262.94,689.82,644.24,1,-1,-1,-1
214,40,1067.32,124.79,185.27,161.12,1,-1,-1,-1
214,41,594.33,248.79,243.44,187.78,1,-1,-1,-1
214,44,396.67,55.91,252.83,207.63,1,-1,-1,-1
214,49,1856.03,395.07,22.48,335.08,1,-1,-1,-1
214,50,1230.84,203.61,471.36,277.79,1,-1,-1,-1
215,27,919.39,155.95,104.76,101.66,1,-1,-1,-1
215,31,979.81,144.90,126.44,119.99,1,-1,-1,-1
215,38,470.75,318.28,680.69,632.21,1,-1,-1,-1
215,40,1065.28,124.01,184.24,160.94,1,-1,-1,-1
215,41,589.82,257.41,257.27,195.14,1,-1,-1,-1
215,44,397.54,49.73,251.19,211.43,1,-1,-1,-1
215,49,1847.98,400.56,20.89,311.37,1,-1,-1,-1
215,50,1210.94,197.76,466.52,277.75,1,-1,-1,-1
216,27,919.99,155.65,102.83,102.05,1,-1,-1,-1
216,31,984.21,146.23,119.91,116.48,1,-1,-1,-1
216,38,500.74,362.50,672.94,621.17,1,-1,-1,-1
216,40,1063.68,123.00,182.74,160.45,1,-1,-1,-1
216,41,585.40,264.80,273.00,205.04,1,-1,-1,-1
216,44,399.06,43.15,249.78,215.40,1,-1,-1,-1
216,50,1196.34,194.54,457.85,275.91,1,-1,-1,-1
217,27,921.09,155.77,99.98,101.25,1,-1,-1,-1
217,31,988.49,147.15,114.18,113.57,1,-1,-1,-1
217,38,527.04,401.50,666.76,611.08,1,-1,-1,-1
217,40,1063.08,123.00,179.84,158.58,1,-1,-1,-1
217,41,580.14,269.65,291.93,218.35,1,-1,-1,-1
217,44,400.96,37.33,248.54,219.36,1,-1,-1,-1
217,50,1174.24,193.65,442.47,269.62,1,-1,-1,-1
218,27,921.99,156.07,97.08,100.18,1,-1,-1,-1
218,31,992.99,148.50,107.29,109.08,1,-1,-1,-1
218,38,552.27,420.83,681.89,620.71,1,-1,-1,-1
218,40,1061.95,122.41,178.20,158.03,1,-1,-1,-1
218,41,572.53,271.04,313.37,234.29,1,-1,-1,-1
218,44,405.98,35.66,243.45,219.62,1,-1,-1,-1
218,50,1161.18,192.89,431.31,266.36,1,-1,-1,-1
219,27,921.11,156.26,96.84,99.93,1,-1,-1,-1
219,31,970.18,148.83,112.39,112.78,1,-1,-1,-1
219,38,554.75,422.48,715.28,648.70,1,-1,-1,-1
219,40,1054.79,125.92,173.76,153.33,1,-1,-1,-1
219,41,567.43,279.47,328.56,244.82,1,-1,-1,-1
219,44,411.66,33.94,238.29,219.41,1,-1,-1,-1
219,50,1146.23,186.69,422.61,264.93,1,-1,-1,-1
220,27,922.90,157.12,93.40,98.09,1,-1,-1,-1
220,31,970.16,149.62,109.77,111.77,1,-1,-1,-1
220,38,675.47,464.49,508.98,319.73,1,-1,-1,-1
220,40,1051.79,125.88,173.42,153.08,1,-1,-1,-1
220,41,577.24,287.90,331.92,245.55,1,-1,-1,-1
220,44,417.09,31.80,234.79,220.34,1,-1,-1,-1
220,50,1142.38,186.99,399.96,254.59,1,-1,-1,-1
221,27,923.27,157.38,91.65,97.57,1,-1,-1,-1
221,31,970.77,149.50,108.31,111.89,1,-1,-1,-1
221,38,809.88,491.44,289.32,132.42,1,-1,-1,-1
221,40,1050.48,125.11,172.83,153.34,1,-1,-1,-1
221,41,584.63,296.18,331.79,244.41,1,-1,-1,-1
221,44,421.44,28.14,232.96,222.45,1,-1,-1,-1
221,50,1132.25,187.80,372.11,239.31,1,-1,-1,-1
222,27,923.76,157.80,89.88,96.49,1,-1,-1,-1
222,31,972.17,149.42,105.46,110.35,1,-1,-1,-1
222,38,876.33,507.43,221.07,73.07,1,-1,-1,-1
222,40,1049.14,123.97,171.26,153.07,1,-1,-1,-1
222,41,587.80,302.68,336.76,248.23,1,-1,-1,-1
222,44,424.41,23.76,233.88,227.05,1,-1,-1,-1
222,50,1122.97,184.45,357.41,232.33,1,-1,-1,-1
223,27,924.01,158.07,89.13,96.15,1,-1,-1,-1
223,31,972.71,149.41,103.03,109.16,1,-1,-1,-1
223,38,970.90,522.99,80.12,26.48,1,-1,-1,-1
223,40,1046.73,122.42,170.50,153.91,1,-1,-1,-1
223,41,590.81,308.85,342.05,252.77,1,-1,-1,-1
223,44,428.73,22.95,230.87,227.46,1,-1,-1,-1
223,50,1111.10,178.77,348.62,229.39,1,-1,-1,-1
224,27,923.92,158.05,89.34,96.87,1,-1,-1,-1
224,31,970.24,149.76,102.38,108.48,1,-1,-1,-1
224,40,1044.68,121.15,169.45,154.49,1,-1,-1,-1
224,41,594.46,314.89,343.13,253.86,1,-1,-1,-1
224,44,432.71,23.46,227.18,226.83,1,-1,-1,-1
224,50,1101.33,174.28,343.56,229.41,1,-1,-1,-1
224,51,1533.55,316.56,353.14,267.30,1,-1,-1,-1
225,27,921.97,162.30,89.02,97.87,1,-1,-1,-1
225,31,971.85,149.97,101.10,108.85,1,-1,-1,-1
225,40,1043.97,120.25,168.34,155.18,1,-1,-1,-1
225,41,599.04,320.66,340.77,251.91,1,-1,-1,-1
225,44,436.75,25.94,221.64,223.81,1,-1,-1,-1
225,50,1096.12,171.26,339.12,229.88,1,-1,-1,-1
225,51,1521.66,315.01,342.83,257.99,1,-1,-1,-1
226,27,921.58,163.88,88.27,98.25,1,-1,-1,-1
226,31,972.50,150.06,99.66,108.86,1,-1,-1,-1
226,40,1044.31,119.93,166.94,155.46,1,-1,-1,-1
226,41,600.72,322.63,339.80,251.01,1,-1,-1,-1
226,44,439.02,27.05,218.10,222.52,1,-1,-1,-1
226,50,1096.28,170.30,334.74,230.17,1,-1,-1,-1
226,51,1517.44,314.61,341.67,255.39,1,-1,-1,-1
226,53,640.38,542.60,850.02,540.50,1,-1,-1,-1
227,27,921.75,164.46,87.41,98.40,1,-1,-1,-1
227,31,973.15,150.08,98.40,108.88,1,-1,-1,-1
227,40,1044.99,119.83,165.52,155.58,1,-1,-1,-1
227,41,601.26,323.15,339.40,250.55,1,-1,-1,-1
227,44,440.52,27.57,215.48,221.94,1,-1,-1,-1
227,50,1098.25,170.09,330.56,230.38,1,-1,-1,-1
227,51,1515.49,314.53,343.45,254.83,1,-1,-1,-1
227,53,640.52,542.78,850.18,540.35,1,-1,-1,-1
228,27,922.10,164.64,86.57,98.47,1,-1,-1,-1
228,31,973.79,150.08,97.27,108.90,1,-1,-1,-1
228,40,1045.75,119.82,164.19,155.63,1,-1,-1,-1
228,41,601.36,323.14,339.23,250.28,1,-1,-1,-1
228,44,441.66,27.87,213.34,221.63,1,-1,-1,-1
228,50,1100.72,170.13,326.65,230.54,1,-1,-1,-1
228,51,1514.15,314.55,346.18,254.86,1,-1,-1,-1
228,53,640.27,542.78,850.65,540.35,1,-1,-1,-1
229,27,922.50,164.68,85.79,98.49,1,-1,-1,-1
229,31,974.39,150.07,96.28,108.93,1,-1,-1,-1
229,40,1046.49,119.83,162.96,155.66,1,-1,-1,-1
229,41,601.31,322.93,339.16,250.08,1,-1,-1,-1
229,44,442.60,28.07,211.49,221.45,1,-1,-1,-1
229,50,1103.21,170.26,323.02,230.67,1,-1,-1,-1
229,51,1512.95,314.59,349.20,255.04,1,-1,-1,-1
229,53,639.94,542.74,851.22,540.39,1,-1,-1,-1
230,27,922.93,164.83,84.83,98.23,1,-1,-1,-1
230,31,974.95,149.95,95.47,109.06,1,-1,-1,-1
230,40,1047.64,119.85,161.60,155.46,1,-1,-1,-1
230,41,601.39,322.91,338.61,249.42,1,-1,-1,-1
230,44,443.82,29.09,209.44,220.82,1,-1,-1,-1
230,50,1105.43,170.29,319.79,230.88,1,-1,-1,-1
230,51,1511.73,314.49,352.36,255.29,1,-1,-1,-1
230,53,641.25,543.56,850.02,539.15,1,-1,-1,-1
231,27,917.39,166.72,82.63,96.19,1,-1,-1,-1
231,31,972.84,150.15,94.95,109.46,1,-1,-1,-1
231,40,1050.36,123.39,149.97,143.76,1,-1,-1,-1
231,41,618.52,335.81,311.90,223.71,1,-1,-1,-1
231,44,449.16,28.06,212.70,226.13,1,-1,-1,-1
231,50,1083.91,167.29,310.77,225.50,1,-1,-1,-1
231,51,1533.32,319.88,349.86,253.09,1,-1,-1,-1
231,53,645.00,535.02,867.03,546.28,1,-1,-1,-1
232,27,914.54,169.04,79.49,93.13,1,-1,-1,-1
232,31,969.57,150.55,94.08,109.42,1,-1,-1,-1
232,40,1044.44,125.62,191.00,180.65,1,-1,-1,-1
232,41,578.41,347.14,444.27,324.51,1,-1,-1,-1
232,44,456.31,26.47,218.07,234.04,1,-1,-1,-1
232,50,1074.74,165.25,308.44,223.81,1,-1,-1,-1
232,51,1508.01,322.44,422.46,310.64,1,-1,-1,-1
232,53,986.40,722.85,614.15,354.74,1,-1,-1,-1
233,27,913.46,175.98,68.13,82.43,1,-1,-1,-1
233,31,965.07,159.54,89.88,105.21,1,-1,-1,-1
233,40,1036.86,134.81,224.74,210.04,1,-1,-1,-1
233,41,585.28,373.74,472.29,351.25,1,-1,-1,-1
233,44,462.98,21.72,227.31,246.79,1,-1,-1,-1
233,51,1505.22,323.18,431.09,316.98,1,-1,-1,-1
233,53,1151.30,808.04,496.30,263.03,1,-1,-1,-1
233,56,1191.71,259.35,558.62,213.12,1,-1,-1,-1
234,27,913.98,182.74,58.38,73.06,1,-1,-1,-1
234,31,952.28,167.79,82.23,95.59,1,-1,-1,-1
234,40,1027.58,139.19,237.43,220.34,1,-1,-1,-1
234,41,601.50,399.69,473.69,357.83,1,-1,-1,-1
234,44,466.41,19.31,231.35,253.77,1,-1,-1,-1
234,51,1520.47,325.00,419.07,311.00,1,-1,-1,-1
234,53,1213.18,849.66,459.69,222.09,1,-1,-1,-1
234,56,1168.86,251.45,562.32,218.35,1,-1,-1,-1
235,27,915.55,187.72,51.65,66.96,1,-1,-1,-1
235,31,947.78,170.89,80.32,93.11,1,-1,-1,-1
235,40,1016.84,136.20,240.03,221.27,1,-1,-1,-1
235,41,620.49,423.19,462.73,353.18,1,-1,-1,-1
235,44,468.27,17.14,233.95,258.88,1,-1,-1,-1
235,51,1503.11,320.88,431.13,323.83,1,-1,-1,-1
235,53,1303.85,889.74,374.18,180.78,1,-1,-1,-1
235,56,1157.44,247.10,544.66,215.83,1,-1,-1,-1
236,27,914.46,190.42,49.11,63.68,1,-1,-1,-1
236,31,945.14,172.41,79.08,91.49,1,-1,-1,-1
236,40,1006.99,134.36,240.22,220.61,1,-1,-1,-1
236,41,631.28,448.30,458.97,351.67,1,-1,-1,-1
236,44,474.46,24.85,224.52,250.27,1,-1,-1,-1
236,51,1487.44,308.54,424.70,322.54,1,-1,-1,-1
236,56,1155.38,244.36,519.39,210.14,1,-1,-1,-1
237,31,942.81,173.12,78.27,90.57,1,-1,-1,-1
237,40,1001.44,134.28,235.31,215.56,1,-1,-1,-1
237,41,633.50,458.64,471.75,363.05,1,-1,-1,-1
237,44,479.72,24.75,228.45,257.44,1,-1,-1,-1
237,51,1484.73,316.06,380.27,285.40,1,-1,-1,-1
237,56,1139.80,236.50,499.64,206.82,1,-1,-1,-1
238,31,941.92,180.03,70.23,82.75,1,-1,-1,-1
238,40,988.97,134.70,227.89,206.23,1,-1,-1,-1
238,41,632.73,467.64,488.23,377.57,1,-1,-1,-1
238,44,483.85,26.05,228.60,259.77,1,-1,-1,-1
238,51,1473.50,316.11,357.73,265.56,1,-1,-1,-1
238,56,1125.81,229.52,488.90,207.78,1,-1,-1,-1
239,27,922.25,194.44,46.13,62.50,1,-1,-1,-1
239,31,939.49,182.22,66.42,80.22,1,-1,-1,-1
239,40,978.88,135.38,222.73,199.42,1,-1,-1,-1
239,41,641.28,479.23,502.97,389.92,1,-1,-1,-1
239,44,486.18,26.97,228.85,262.01,1,-1,-1,-1
239,51,1446.24,311.69,346.88,254.50,1,-1,-1,-1
239,56,1119.96,226.78,467.28,203.97,1,-1,-1,-1
240,27,922.42,196.61,44.53,60.34,1,-1,-1,-1
240,31,936.52,184.70,64.38,77.76,1,-1,-1,-1
240,40,967.57,135.03,221.25,195.98,1,-1,-1,-1
240,41,644.74,490.21,517.48,402.39,1,-1,-1,-1
240,44,487.97,27.40,230.39,265.45,1,-1,-1,-1
240,51,1424.28,305.96,345.00,250.90,1,-1,-1,-1
240,56,1114.30,218.98,448.51,201.62,1,-1,-1,-1
241,40,958.22,134.41,221.37,194.01,1,-1,-1,-1
241,41,646.83,498.58,528.61,412.15,1,-1,-1,-1
241,44,488.08,26.53,233.11,270.35,1,-1,-1,-1
241,51,1407.68,302.15,342.10,246.71,1,-1,-1,-1
241,56,1108.13,223.88,425.11,196.00,1,-1,-1,-1
242,40,952.62,133.97,222.59,192.99,1,-1,-1,-1
242,41,647.43,502.59,536.85,419.42,1,-1,-1,-1
242,44,489.24,26.40,233.62,272.51,1,-1,-1,-1
242,51,1396.31,299.73,342.64,244.92,1,-1,-1,-1
242,56,1107.37,217.27,411.15,195.16,1,-1,-1,-1
243,40,950.11,133.78,224.25,192.56,1,-1,-1,-1
243,41,647.89,503.80,539.06,421.92,1,-1,-1,-1
243,44,489.97,26.36,233.01,273.23,1,-1,-1,-1
243,51,1391.73,298.91,344.62,244.38,1,-1,-1,-1
243,56,1111.26,215.01,398.98,194.84,1,-1,-1,-1
244,40,948.81,133.70,225.96,192.36,1,-1,-1,-1
244,41,648.27,503.91,538.93,422.51,1,-1,-1,-1
244,44,490.51,26.37,232.04,273.38,1,-1,-1,-1
244,51,1389.69,298.67,346.97,244.29,1,-1,-1,-1
244,56,1116.62,214.35,387.90,194.72,1,-1,-1,-1
245,40,948.01,133.65,227.60,192.26,1,-1,-1,-1
245,41,648.59,503.61,537.98,422.39,1,-1,-1,-1
245,44,490.96,26.38,230.99,273.33,1,-1,-1,-1
245,51,1388.62,298.65,349.31,244.35,1,-1,-1,-1
245,56,1122.22,214.27,377.70,194.67,1,-1,-1,-1
246,40,947.41,133.63,229.12,192.20,1,-1,-1,-1
246,41,648.87,503.19,536.78,422.02,1,-1,-1,-1
246,44,491.34,26.40,229.99,273.22,1,-1,-1,-1
246,51,1387.91,298.69,351.51,244.46,1,-1,-1,-1
246,56,1127.62,214.39,368.26,194.65,1,-1,-1,-1
247,40,946.92,133.61,230.51,192.16,1,-1,-1,-1
247,41,649.12,502.75,535.57,421.59,1,-1,-1,-1
247,44,491.68,26.42,229.06,273.09,1,-1,-1,-1
247,51,1387.37,298.76,353.52,244.57,1,-1,-1,-1
247,56,1132.65,214.56,359.55,194.64,1,-1,-1,-1
248,40,946.49,133.59,231.77,192.12,1,-1,-1,-1
248,41,649.35,502.33,534.43,421.16,1,-1,-1,-1
248,44,491.99,26.44,228.21,272.96,1,-1,-1,-1
248,51,1386.90,298.83,355.36,244.67,1,-1,-1,-1
248,56,1137.27,214.73,351.54,194.64,1,-1,-1,-1
249,40,946.10,133.58,232.91,192.09,1,-1,-1,-1
249,41,649.56,501.94,533.38,420.76,1,-1,-1,-1
249,44,492.26,26.45,227.45,272.85,1,-1,-1,-1
249,51,1386.47,298.89,357.01,244.77,1,-1,-1,-1
249,56,1141.50,214.90,344.18,194.64,1,-1,-1,-1
250,40,945.75,133.57,233.95,192.07,1,-1,-1,-1
250,41,649.74,501.59,532.43,420.39,1,-1,-1,-1
250,44,492.51,26.47,226.75,272.74,1,-1,-1,-1
250,51,1386.08,298.94,358.52,244.85,1,-1,-1,-1
250,56,1145.34,215.04,337.44,194.64,1,-1,-1,-1
251,40,943.74,129.81,231.06,188.63,1,-1,-1,-1
251,41,659.77,500.72,534.69,414.17,1,-1,-1,-1
251,44,502.90,25.39,230.63,278.26,1,-1,-1,-1
251,51,1405.34,313.50,330.10,216.66,1,-1,-1,-1
251,56,1169.36,229.18,333.24,193.71,1,-1,-1,-1
252,40,1006.17,157.11,230.74,186.26,1,-1,-1,-1
252,41,668.98,498.82,544.87,405.61,1,-1,-1,-1
252,44,516.86,24.16,236.43,285.62,1,-1,-1,-1
252,50,878.86,128.03,247.81,182.09,1,-1,-1,-1
252,51,1405.24,314.57,323.95,212.62,1,-1,-1,-1
252,56,1176.21,234.96,342.47,201.91,1,-1,-1,-1
253,40,1035.97,169.68,227.47,182.90,1,-1,-1,-1
253,41,673.05,501.91,547.59,407.64,1,-1,-1,-1
253,44,540.84,29.73,240.81,291.19,1,-1,-1,-1
253,50,867.88,124.04,244.87,182.83,1,-1,-1,-1
253,56,1172.97,235.35,357.08,214.62,1,-1,-1,-1
254,40,1041.33,173.85,223.75,178.69,1,-1,-1,-1
254,44,553.63,33.97,240.78,290.94,1,-1,-1,-1
254,50,862.23,123.06,242.59,182.57,1,-1,-1,-1
254,56,1167.49,233.63,356.17,217.76,1,-1,-1,-1
254,57,1011.66,121.52,163.49,85.68,1,-1,-1,-1
254,59,811.47,820.57,771.96,254.84,1,-1,-1,-1
255,40,1038.80,174.81,219.36,173.93,1,-1,-1,-1
255,44,560.99,35.00,242.87,293.11,1,-1,-1,-1
255,50,835.17,120.33,241.72,186.34,1,-1,-1,-1
255,56,1157.02,231.59,345.66,213.02,1,-1,-1,-1
255,57,1012.95,123.55,159.02,83.87,1,-1,-1,-1
255,59,885.80,844.43,687.89,226.13,1,-1,-1,-1
256,40,1033.57,174.47,216.20,170.56,1,-1,-1,-1
256,44,566.68,35.71,245.76,295.86,1,-1,-1,-1
256,50,824.01,118.24,237.84,187.27,1,-1,-1,-1
256,56,1149.50,228.39,339.67,210.82,1,-1,-1,-1
256,57,996.56,128.47,181.86,97.50,1,-1,-1,-1
256,59,942.54,864.72,627.99,205.13,1,-1,-1,-1
257,40,1026.10,173.54,213.58,167.93,1,-1,-1,-1
257,44,570.99,35.12,250.68,300.69,1,-1,-1,-1
257,50,817.27,116.49,232.60,187.04,1,-1,-1,-1
257,56,1139.64,224.55,337.49,211.60,1,-1,-1,-1
257,57,1006.07,128.30,159.47,85.95,1,-1,-1,-1
257,59,1052.93,928.11,463.31,147.04,1,-1,-1,-1
258,40,1002.32,166.25,223.22,177.39,1,-1,-1,-1
258,44,575.62,37.05,253.13,301.65,1,-1,-1,-1
258,50,813.40,115.71,225.45,184.89,1,-1,-1,-1
258,56,1128.60,215.50,330.99,210.79,1,-1,-1,-1
258,57,1012.10,129.20,141.55,76.26,1,-1,-1,-1
258,59,1110.12,962.97,383.39,116.43,1,-1,-1,-1
259,40,991.41,155.89,221.25,177.60,1,-1,-1,-1
259,44,580.79,40.18,254.50,301.00,1,-1,-1,-1
259,50,812.13,115.15,218.86,182.89,1,-1,-1,-1
259,56,1120.38,212.93,319.34,206.26,1,-1,-1,-1
259,57,1017.62,131.12,125.74,67.01,1,-1,-1,-1
259,59,1170.20,978.36,366.58,105.54,1,-1,-1,-1
260,40,984.57,151.73,219.29,177.82,1,-1,-1,-1
260,44,585.63,42.29,257.08,302.04,1,-1,-1,-1
260,50,813.10,114.31,212.80,180.60,1,-1,-1,-1
260,56,1116.61,213.04,304.28,198.64,1,-1,-1,-1
260,57,1021.73,132.52,116.84,61.08,1,-1,-1,-1
260,59,1243.57,1003.88,285.28,82.13,1,-1,-1,-1
261,40,977.45,149.20,217.46,177.85,1,-1,-1,-1
261,44,591.64,43.93,259.82,303.91,1,-1,-1,-1
261,50,817.24,113.06,207.94,178.53,1,-1,-1,-1
261,56,1117.54,213.97,287.97,189.03,1,-1,-1,-1
261,57,1022.80,133.84,111.37,58.23,1,-1,-1,-1
262,40,968.60,145.84,218.14,180.46,1,-1,-1,-1
262,44,595.64,43.15,265.72,310.38,1,-1,-1,-1
262,50,833.19,123.21,180.48,155.64,1,-1,-1,-1
262,56,1112.22,213.87,276.44,182.15,1,-1,-1,-1
263,40,961.19,144.98,214.81,179.52,1,-1,-1,-1
263,44,599.97,45.37,268.48,313.12,1,-1,-1,-1
263,50,842.01,126.58,167.93,146.75,1,-1,-1,-1
263,56,1106.25,212.25,272.16,179.75,1,-1,-1,-1
264,40,953.68,145.26,211.76,178.58,1,-1,-1,-1
264,44,608.75,49.10,270.58,315.92,1,-1,-1,-1
264,50,847.51,127.28,159.19,141.86,1,-1,-1,-1
264,56,1097.28,208.50,271.87,180.05,1,-1,-1,-1
265,40,946.56,146.61,207.88,176.68,1,-1,-1,-1
265,44,615.80,52.07,271.99,317.08,1,-1,-1,-1
265,50,852.96,127.57,150.36,136.97,1,-1,-1,-1
265,56,1085.97,205.44,272.54,181.08,1,-1,-1,-1
265,62,1573.35,227.25,313.92,225.43,1,-1,-1,-1
266,40,940.40,147.34,205.72,176.48,1,-1,-1,-1
266,44,615.13,36.81,290.40,340.47,1,-1,-1,-1
266,50,855.89,127.75,141.31,133.87,1,-1,-1,-1
266,56,1074.79,202.84,271.78,181.41,1,-1,-1,-1
266,62,1545.56,222.79,305.82,218.74,1,-1,-1,-1
267,40,936.45,147.08,205.35,177.98,1,-1,-1,-1
267,44,620.52,30.45,299.70,352.78,1,-1,-1,-1
267,50,860.76,128.39,132.28,130.92,1,-1,-1,-1
267,56,1065.11,201.30,270.43,181.24,1,-1,-1,-1
267,62,1530.42,221.31,299.81,213.70,1,-1,-1,-1
268,40,932.03,149.90,197.99,171.98,1,-1,-1,-1
268,44,629.53,30.81,302.43,356.78,1,-1,-1,-1
268,50,868.36,129.69,121.43,126.33,1,-1,-1,-1
268,56,1057.10,199.60,269.58,181.21,1,-1,-1,-1
268,57,1015.74,131.66,136.66,72.21,1,-1,-1,-1
268,62,1516.14,214.59,292.95,208.41,1,-1,-1,-1
269,40,934.52,156.42,178.78,154.66,1,-1,-1,-1
269,44,639.19,33.28,303.08,357.66,1,-1,-1,-1
269,50,877.28,130.79,112.97,124.31,1,-1,-1,-1
269,56,1040.38,196.20,267.15,178.75,1,-1,-1,-1
269,57,1016.24,132.10,133.52,70.88,1,-1,-1,-1
269,62,1501.48,212.21,287.09,203.77,1,-1,-1,-1
270,40,936.17,159.25,168.26,145.69,1,-1,-1,-1
270,44,649.23,40.38,301.14,354.08,1,-1,-1,-1
270,50,877.71,131.38,109.41,120.40,1,-1,-1,-1
270,56,1022.06,191.32,270.51,180.14,1,-1,-1,-1
270,57,1015.86,132.31,134.19,71.24,1,-1,-1,-1
270,62,1479.71,210.84,278.58,196.88,1,-1,-1,-1
271,40,937.95,161.14,159.59,138.85,1,-1,-1,-1
271,44,654.86,47.35,303.29,354.25,1,-1,-1,-1
271,56,1000.40,184.63,277.25,184.31,1,-1,-1,-1
271,62,1463.80,207.51,275.42,194.25,1,-1,-1,-1
272,40,942.81,163.92,144.79,126.44,1,-1,-1,-1
272,44,665.99,52.60,305.86,356.79,1,-1,-1,-1
272,56,983.78,180.13,279.98,186.22,1,-1,-1,-1
272,62,1447.62,204.40,272.92,192.33,1,-1,-1,-1
273,40,941.10,165.25,138.89,121.29,1,-1,-1,-1
273,44,673.50,54.65,311.29,362.27,1,-1,-1,-1
273,56,962.54,173.64,277.50,185.07,1,-1,-1,-1
273,62,1432.13,201.69,270.61,190.67,1,-1,-1,-1
274,44,680.97,55.51,315.55,365.81,1,-1,-1,-1
274,56,951.69,167.83,277.31,187.82,1,-1,-1,-1
274,62,1409.94,199.13,267.01,187.75,1,-1,-1,-1
275,44,689.86,58.47,316.85,365.54,1,-1,-1,-1
275,56,943.12,162.00,276.23,192.22,1,-1,-1,-1
275,62,1395.76,196.16,263.48,185.12,1,-1,-1,-1
276,44,703.07,73.23,308.06,354.39,1,-1,-1,-1
276,56,938.49,159.35,269.53,195.92,1,-1,-1,-1
276,62,1381.36,193.30,260.91,183.21,1,-1,-1,-1
277,44,712.34,76.39,310.22,356.11,1,-1,-1,-1
277,56,935.23,159.53,255.36,195.16,1,-1,-1,-1
277,62,1366.11,190.56,259.97,182.70,1,-1,-1,-1
278,44,717.01,75.15,319.09,365.46,1,-1,-1,-1
278,56,979.91,145.29,182.34,141.81,1,-1,-1,-1
278,62,1354.89,189.04,258.17,181.87,1,-1,-1,-1
278,65,1111.95,200.58,120.65,73.98,1,-1,-1,-1
279,44,725.23,74.60,330.35,374.56,1,-1,-1,-1
279,56,995.64,138.40,163.98,131.10,1,-1,-1,-1
279,62,1340.85,188.27,253.71,178.39,1,-1,-1,-1
279,65,1113.06,200.43,120.60,73.72,1,-1,-1,-1
280,44,728.24,75.83,335.82,377.08,1,-1,-1,-1
280,56,997.33,136.18,160.09,132.69,1,-1,-1,-1
280,62,1335.16,188.54,251.19,176.21,1,-1,-1,-1
280,65,1116.02,201.37,118.54,72.21,1,-1,-1,-1
281,44,727.70,75.04,340.58,379.43,1,-1,-1,-1
281,56,999.35,135.44,155.72,133.53,1,-1,-1,-1
281,62,1333.34,188.45,251.22,175.93,1,-1,-1,-1
281,65,1117.45,202.33,116.90,70.86,1,-1,-1,-1
282,44,725.97,73.48,344.78,381.73,1,-1,-1,-1
282,56,1001.40,135.26,151.65,134.26,1,-1,-1,-1
282,62,1332.88,188.21,252.10,176.33,1,-1,-1,-1
282,65,1118.30,203.29,115.55,69.59,1,-1,-1,-1
283,44,724.50,72.83,347.41,382.49,1,-1,-1,-1
283,56,1003.62,135.35,147.64,134.67,1,-1,-1,-1
283,62,1333.08,188.20,252.70,176.56,1,-1,-1,-1
283,65,1118.24,203.58,115.67,69.20,1,-1,-1,-1
284,44,723.20,72.52,349.33,382.67,1,-1,-1,-1
284,56,1005.76,135.51,143.88,134.94,1,-1,-1,-1
284,62,1333.50,188.26,253.18,176.72,1,-1,-1,-1
284,65,1117.90,203.66,116.29,69.11,1,-1,-1,-1
285,44,722.04,72.36,350.88,382.64,1,-1,-1,-1
285,56,1007.74,135.68,140.42,135.13,1,-1,-1,-1
285,62,1333.95,188.34,253.59,176.84,1,-1,-1,-1
285,65,1117.48,203.66,117.06,69.11,1,-1,-1,-1
286,44,721.00,72.26,352.22,382.53,1,-1,-1,-1
286,56,1009.54,135.84,137.25,135.29,1,-1,-1,-1
286,62,1334.38,188.42,253.94,176.94,1,-1,-1,-1
286,65,1117.04,203.64,117.85,69.15,1,-1,-1,-1
287,44,720.07,72.18,353.40,382.40,1,-1,-1,-1
287,56,1011.17,135.97,134.36,135.41,1,-1,-1,-1
287,62,1334.76,188.49,254.25,177.03,1,-1,-1,-1
287,65,1116.61,203.61,118.63,69.19,1,-1,-1,-1
288,44,719.24,72.13,354.46,382.28,1,-1,-1,-1
288,56,1012.64,136.09,131.74,135.52,1,-1,-1,-1
288,62,1335.09,188.56,254.53,177.10,1,-1,-1,-1
288,65,1116.21,203.59,119.37,69.23,1,-1,-1,-1
289,44,718.48,72.08,355.42,382.16,1,-1,-1,-1
289,56,1013.98,136.19,129.36,135.61,1,-1,-1,-1
289,62,1335.38,188.62,254.77,177.17,1,-1,-1,-1
289,65,1115.84,203.57,120.06,69.26,1,-1,-1,-1
290,44,717.81,72.03,356.29,382.06,1,-1,-1,-1
290,56,1015.18,136.28,127.19,135.69,1,-1,-1,-1
290,62,1335.63,188.67,255.00,177.22,1,-1,-1,-1
290,65,1115.50,203.55,120.71,69.29,1,-1,-1,-1
291,44,726.51,75.24,360.71,392.55,1,-1,-1,-1
291,56,1022.70,138.13,116.30,125.92,1,-1,-1,-1
291,62,1326.08,183.77,263.79,182.37,1,-1,-1,-1
291,65,1116.01,203.76,120.15,68.97,1,-1,-1,-1
292,44,842.83,137.11,379.33,395.75,1,-1,-1,-1
292,56,1022.56,137.42,114.52,124.00,1,-1,-1,-1
292,62,1314.93,177.90,276.77,189.70,1,-1,-1,-1
293,44,872.47,138.69,419.85,438.88,1,-1,-1,-1
293,62,1309.90,176.29,277.89,190.47,1,-1,-1,-1
293,67,673.63,143.28,160.62,108.62,1,-1,-1,-1
293,69,1216.19,167.14,214.04,146.83,1,-1,-1,-1
294,44,894.04,140.79,441.91,462.69,1,-1,-1,-1
294,67,670.68,144.75,159.85,108.75,1,-1,-1,-1
294,69,1228.54,166.03,209.67,146.88,1,-1,-1,-1
294,70,785.16,141.97,148.44,125.04,1,-1,-1,-1
294,71,1315.63,265.62,544.80,256.41,1,-1,-1,-1
294,72,134.04,175.36,538.29,159.96,1,-1,-1,-1
295,44,910.98,137.11,460.61,484.04,1,-1,-1,-1
295,67,669.93,146.76,156.42,107.27,1,-1,-1,-1
295,69,1227.28,162.82,220.58,154.53,1,-1,-1,-1
295,70,786.72,141.56,148.35,124.94,1,-1,-1,-1
295,71,1304.68,259.98,535.46,255.59,1,-1,-1,-1
295,72,118.31,175.11,539.25,161.62,1,-1,-1,-1
296,44,924.24,131.30,478.28,505.44,1,-1,-1,-1
296,67,669.32,148.41,152.57,105.75,1,-1,-1,-1
296,70,785.94,139.70,152.05,127.81,1,-1,-1,-1
296,71,1303.18,256.44,514.26,249.75,1,-1,-1,-1
296,72,93.68,178.81,524.27,158.55,1,-1,-1,-1
297,44,952.18,131.53,484.38,512.91,1,-1,-1,-1
297,67,670.22,150.34,147.60,103.59,1,-1,-1,-1
297,70,785.05,139.22,152.52,127.66,1,-1,-1,-1
297,71,1304.81,252.68,478.87,237.44,1,-1,-1,-1
297,72,79.03,180.32,515.18,157.24,1,-1,-1,-1
298,44,970.57,133.36,492.68,522.80,1,-1,-1,-1
298,67,663.03,151.03,147.46,105.10,1,-1,-1,-1
298,70,782.74,138.62,152.41,126.83,1,-1,-1,-1
298,71,1308.49,247.66,454.71,231.60,1,-1,-1,-1
298,72,66.29,180.50,510.15,157.26,1,-1,-1,-1
299,44,992.91,140.63,497.76,528.57,1,-1,-1,-1
299,67,663.33,153.10,140.89,101.85,1,-1,-1,-1
299,70,781.37,138.15,150.13,124.03,1,-1,-1,-1
299,71,1319.01,245.48,426.29,224.17,1,-1,-1,-1
299,72,56.61,179.29,506.86,158.06,1,-1,-1,-1
