1,4,1122.425,300.774,498.513,431.171,1,-1,-1,-1
1,1,412.189,114.761,192.357,156.725,1,-1,-1,-1
1,3,1654.612,179.309,255.381,267.264,1,-1,-1,-1
2,1,404.696,114.227,196.594,158.205,1,-1,-1,-1
2,4,1125.398,306.701,513.420,442.799,1,-1,-1,-1
2,3,1646.291,185.610,269.186,255.239,1,-1,-1,-1
3,1,403.149,116.372,196.076,156.626,1,-1,-1,-1
3,4,1132.396,305.682,555.874,460.606,1,-1,-1,-1
3,3,1623.774,188.372,291.066,267.259,1,-1,-1,-1
4,4,1162.677,307.347,546.907,475.638,1,-1,-1,-1
4,1,396.024,116.434,199.251,158.913,1,-1,-1,-1
4,2,1614.538,169.905,294.109,257.420,1,-1,-1,-1
5,4,1192.959,309.012,537.940,490.669,1,-1,-1,-1
5,1,390.867,116.359,199.126,161.503,1,-1,-1,-1
5,5,1175.996,193.795,104.867,77.289,1,-1,-1,-1
5,3,1600.028,172.672,316.460,277.027,1,-1,-1,-1
6,3,1587.580,170.239,328.332,274.661,1,-1,-1,-1
6,5,1175.996,193.795,104.867,77.289,1,-1,-1,-1
6,4,1192.959,309.012,537.940,490.669,1,-1,-1,-1
6,1,390.867,116.359,199.126,161.503,1,-1,-1,-1
7,5,1204.842,189.633,89.994,73.123,1,-1,-1,-1
7,4,1195.298,325.247,563.324,492.512,1,-1,-1,-1
7,3,1575.133,167.807,340.205,272.296,1,-1,-1,-1
7,1,387.274,117.877,199.871,163.808,1,-1,-1,-1
8,4,1220.146,334.057,579.920,497.755,1,-1,-1,-1
8,3,1556.495,157.229,337.763,281.192,1,-1,-1,-1
8,1,381.223,119.011,202.009,164.326,1,-1,-1,-1
9,4,1244.995,342.867,596.516,502.999,1,-1,-1,-1
9,1,375.986,117.673,201.102,169.381,1,-1,-1,-1
9,3,1541.829,156.811,331.098,270.418,1,-1,-1,-1
10,1,371.367,119.181,206.184,171.663,1,-1,-1,-1
10,3,1527.164,156.393,324.434,259.644,1,-1,-1,-1
10,4,1254.284,335.350,604.532,533.913,1,-1,-1,-1
11,4,1263.574,327.833,612.548,564.827,1,-1,-1,-1
11,3,1512.498,155.975,317.769,248.870,1,-1,-1,-1
11,1,363.998,119.919,209.066,172.158,1,-1,-1,-1
12,3,1495.609,148.205,317.158,261.825,1,-1,-1,-1
12,1,355.257,121.687,214.560,172.140,1,-1,-1,-1
12,4,1298.568,345.232,607.385,571.199,1,-1,-1,-1
13,1,352.448,122.401,213.567,172.791,1,-1,-1,-1
13,3,1485.323,148.389,309.859,257.602,1,-1,-1,-1
13,4,1300.209,352.647,604.217,581.848,1,-1,-1,-1
14,4,1334.969,390.500,576.138,546.264,1,-1,-1,-1
14,3,1475.038,148.573,302.561,253.379,1,-1,-1,-1
14,1,349.683,124.754,209.936,171.911,1,-1,-1,-1
15,4,1356.260,397.183,549.654,559.828,1,-1,-1,-1
15,3,1461.310,129.739,283.602,264.068,1,-1,-1,-1
15,1,345.064,126.253,212.975,171.252,1,-1,-1,-1
16,4,1390.531,419.010,518.189,554.714,1,-1,-1,-1
16,3,1451.544,131.356,281.900,257.599,1,-1,-1,-1
16,1,342.346,128.549,212.030,170.485,1,-1,-1,-1
17,3,1440.208,128.467,283.145,255.985,1,-1,-1,-1
17,4,1399.365,421.040,505.654,557.324,1,-1,-1,-1
17,1,337.999,129.664,207.592,173.112,1,-1,-1,-1
18,3,1427.558,146.497,287.179,229.088,1,-1,-1,-1
18,1,330.377,129.109,211.525,173.308,1,-1,-1,-1
18,4,1432.597,432.374,477.589,583.913,1,-1,-1,-1
19,1,326.355,126.147,211.363,176.062,1,-1,-1,-1
19,3,1413.716,142.085,289.070,236.574,1,-1,-1,-1
19,4,1464.026,461.747,443.849,586.040,1,-1,-1,-1
20,6,1216.152,249.958,111.308,30.153,1,-1,-1,-1
20,1,318.998,124.855,220.213,179.879,1,-1,-1,-1
20,3,1403.535,140.013,274.886,239.082,1,-1,-1,-1
20,4,1484.033,459.827,425.588,568.199,1,-1,-1,-1
21,4,1496.594,456.295,415.490,606.861,1,-1,-1,-1
21,1,311.785,129.558,219.452,178.403,1,-1,-1,-1
21,3,1391.087,135.112,280.986,235.685,1,-1,-1,-1
21,6,1178.089,245.752,122.693,30.260,1,-1,-1,-1
22,4,1496.594,456.295,415.490,606.861,1,-1,-1,-1
22,1,311.785,129.558,219.452,178.403,1,-1,-1,-1
22,3,1391.087,135.112,280.986,235.685,1,-1,-1,-1
22,6,1178.089,245.752,122.693,30.260,1,-1,-1,-1
23,6,1178.089,245.752,122.693,30.260,1,-1,-1,-1
23,4,1496.594,456.295,415.490,606.861,1,-1,-1,-1
23,3,1391.087,135.112,280.986,235.685,1,-1,-1,-1
23,1,311.785,129.558,219.452,178.403,1,-1,-1,-1
24,6,1178.089,245.752,122.693,30.260,1,-1,-1,-1
24,4,1496.594,456.295,415.490,606.861,1,-1,-1,-1
24,1,311.785,129.558,219.452,178.403,1,-1,-1,-1
24,3,1391.087,135.112,280.986,235.685,1,-1,-1,-1
25,3,1391.087,135.112,280.986,235.685,1,-1,-1,-1
25,4,1496.594,456.295,415.490,606.861,1,-1,-1,-1
25,6,1178.089,245.752,122.693,30.260,1,-1,-1,-1
25,1,311.785,129.558,219.452,178.403,1,-1,-1,-1
26,4,1496.594,456.295,415.490,606.861,1,-1,-1,-1
26,6,1178.089,245.752,122.693,30.260,1,-1,-1,-1
26,1,311.785,129.558,219.452,178.403,1,-1,-1,-1
26,3,1391.087,135.112,280.986,235.685,1,-1,-1,-1
27,3,1391.087,135.112,280.986,235.685,1,-1,-1,-1
27,4,1496.594,456.295,415.490,606.861,1,-1,-1,-1
27,6,1178.089,245.752,122.693,30.260,1,-1,-1,-1
27,1,311.785,129.558,219.452,178.403,1,-1,-1,-1
28,1,311.785,129.558,219.452,178.403,1,-1,-1,-1
28,4,1496.594,456.295,415.490,606.861,1,-1,-1,-1
28,6,1178.089,245.752,122.693,30.260,1,-1,-1,-1
28,3,1391.087,135.112,280.986,235.685,1,-1,-1,-1
29,1,311.785,129.558,219.452,178.403,1,-1,-1,-1
29,6,1178.089,245.752,122.693,30.260,1,-1,-1,-1
29,3,1391.087,135.112,280.986,235.685,1,-1,-1,-1
29,4,1496.594,456.295,415.490,606.861,1,-1,-1,-1
30,6,1178.089,245.752,122.693,30.260,1,-1,-1,-1
30,3,1391.087,135.112,280.986,235.685,1,-1,-1,-1
30,4,1496.594,456.295,415.490,606.861,1,-1,-1,-1
30,1,311.785,129.558,219.452,178.403,1,-1,-1,-1
31,4,1496.594,456.295,415.490,606.861,1,-1,-1,-1
31,1,311.785,129.558,219.452,178.403,1,-1,-1,-1
31,6,1178.089,245.752,122.693,30.260,1,-1,-1,-1
31,3,1391.087,135.112,280.986,235.685,1,-1,-1,-1
32,3,1290.386,128.959,252.462,215.412,1,-1,-1,-1
32,1,269.792,135.328,257.133,205.949,1,-1,-1,-1
32,7,1641.320,194.214,271.864,259.456,1,-1,-1,-1
33,3,1280.351,132.550,252.483,210.795,1,-1,-1,-1
33,1,270.610,138.582,258.180,203.985,1,-1,-1,-1
33,7,1624.152,189.702,291.186,262.330,1,-1,-1,-1
34,3,1273.673,130.609,250.907,211.569,1,-1,-1,-1
34,1,265.539,139.629,268.499,207.212,1,-1,-1,-1
34,7,1615.539,182.640,295.522,257.197,1,-1,-1,-1
35,1,263.714,144.489,268.077,212.829,1,-1,-1,-1
35,7,1595.882,177.723,316.474,253.755,1,-1,-1,-1
35,3,1263.410,132.694,248.164,204.583,1,-1,-1,-1
36,3,1249.589,132.199,248.147,200.532,1,-1,-1,-1
36,7,1583.398,171.481,325.720,256.945,1,-1,-1,-1
36,1,265.706,145.996,268.228,214.653,1,-1,-1,-1
36,8,711.915,199.133,205.110,56.933,1,-1,-1,-1
37,1,262.028,148.629,274.485,214.347,1,-1,-1,-1
37,3,1242.975,125.795,246.210,206.496,1,-1,-1,-1
37,8,698.758,196.754,206.437,57.630,1,-1,-1,-1
37,7,1551.289,174.238,348.165,261.197,1,-1,-1,-1
38,8,656.385,193.692,216.541,60.514,1,-1,-1,-1
38,1,257.746,151.046,281.404,213.025,1,-1,-1,-1
38,3,1233.775,120.340,242.725,213.147,1,-1,-1,-1
38,7,1537.055,167.474,341.687,265.774,1,-1,-1,-1
39,8,643.272,191.661,202.500,63.507,1,-1,-1,-1
39,1,269.234,152.172,268.249,215.554,1,-1,-1,-1
39,7,1521.180,166.948,345.307,257.828,1,-1,-1,-1
39,3,1236.113,119.178,238.610,208.061,1,-1,-1,-1
40,3,1236.113,119.178,238.610,208.061,1,-1,-1,-1
40,1,269.234,152.172,268.249,215.554,1,-1,-1,-1
40,8,643.272,191.661,202.500,63.507,1,-1,-1,-1
40,7,1521.180,166.948,345.307,257.828,1,-1,-1,-1
41,3,1236.021,117.849,236.691,210.236,1,-1,-1,-1
41,7,1520.845,167.525,345.427,258.149,1,-1,-1,-1
41,1,262.655,160.085,276.629,210.506,1,-1,-1,-1
41,8,642.667,192.210,205.657,62.432,1,-1,-1,-1
42,3,1213.201,117.122,222.084,205.051,1,-1,-1,-1
42,7,1492.590,161.360,318.026,247.845,1,-1,-1,-1
42,1,268.831,160.309,280.637,224.393,1,-1,-1,-1
42,8,587.074,187.685,187.560,69.691,1,-1,-1,-1
43,3,1200.977,115.395,227.069,203.365,1,-1,-1,-1
43,7,1473.501,160.861,316.252,243.546,1,-1,-1,-1
43,1,271.818,163.835,281.708,225.262,1,-1,-1,-1
43,8,577.485,184.729,189.920,72.050,1,-1,-1,-1
44,7,1459.204,155.426,317.406,245.914,1,-1,-1,-1
44,1,278.336,161.277,285.369,232.259,1,-1,-1,-1
44,3,1190.236,114.379,232.335,203.391,1,-1,-1,-1
44,8,553.852,179.044,165.316,73.736,1,-1,-1,-1
45,3,1180.104,121.622,231.148,191.958,1,-1,-1,-1
45,1,278.961,162.407,286.167,236.531,1,-1,-1,-1
45,7,1444.908,149.990,318.560,248.281,1,-1,-1,-1
45,8,547.969,172.134,159.513,81.821,1,-1,-1,-1
46,7,1426.879,151.032,320.671,244.609,1,-1,-1,-1
46,3,1173.987,116.065,226.993,197.679,1,-1,-1,-1
46,1,285.437,167.446,280.977,235.935,1,-1,-1,-1
46,8,537.243,171.529,153.822,84.295,1,-1,-1,-1
47,7,1415.381,150.964,317.280,240.307,1,-1,-1,-1
47,3,1167.054,115.283,229.661,196.037,1,-1,-1,-1
47,1,289.095,167.328,282.739,237.488,1,-1,-1,-1
47,8,530.033,169.667,160.783,88.780,1,-1,-1,-1
48,3,1164.396,118.984,219.633,189.672,1,-1,-1,-1
48,1,293.569,170.839,282.572,237.307,1,-1,-1,-1
48,7,1406.347,149.415,315.607,239.012,1,-1,-1,-1
48,8,516.380,164.262,148.333,94.086,1,-1,-1,-1
49,1,299.470,170.410,282.042,240.700,1,-1,-1,-1
49,7,1397.313,147.867,313.934,237.717,1,-1,-1,-1
49,3,1158.055,123.262,214.487,183.350,1,-1,-1,-1
49,8,512.821,158.683,141.765,97.055,1,-1,-1,-1
50,1,295.157,171.397,300.036,251.253,1,-1,-1,-1
50,7,1383.786,144.207,303.845,239.495,1,-1,-1,-1
50,8,502.009,155.707,143.369,99.222,1,-1,-1,-1
50,3,1146.790,111.959,217.245,190.027,1,-1,-1,-1
51,3,1134.320,113.212,224.178,186.482,1,-1,-1,-1
51,7,1378.714,143.749,303.315,238.544,1,-1,-1,-1
51,1,301.120,171.334,299.252,259.678,1,-1,-1,-1
52,7,1373.642,143.291,302.784,237.593,1,-1,-1,-1
52,3,1134.320,113.212,224.178,186.482,1,-1,-1,-1
52,1,301.120,171.334,299.252,259.678,1,-1,-1,-1
53,7,1373.642,143.291,302.784,237.593,1,-1,-1,-1
53,1,301.120,171.334,299.252,259.678,1,-1,-1,-1
53,3,1134.320,113.212,224.178,186.482,1,-1,-1,-1
54,3,1134.320,113.212,224.178,186.482,1,-1,-1,-1
54,7,1373.642,143.291,302.784,237.593,1,-1,-1,-1
54,1,301.120,171.334,299.252,259.678,1,-1,-1,-1
55,3,1134.320,113.212,224.178,186.482,1,-1,-1,-1
55,7,1373.642,143.291,302.784,237.593,1,-1,-1,-1
55,1,301.120,171.334,299.252,259.678,1,-1,-1,-1
56,1,301.120,171.334,299.252,259.678,1,-1,-1,-1
56,7,1373.642,143.291,302.784,237.593,1,-1,-1,-1
56,3,1134.320,113.212,224.178,186.482,1,-1,-1,-1
57,7,1373.642,143.291,302.784,237.593,1,-1,-1,-1
57,3,1134.320,113.212,224.178,186.482,1,-1,-1,-1
57,1,301.120,171.334,299.252,259.678,1,-1,-1,-1
58,3,1134.320,113.212,224.178,186.482,1,-1,-1,-1
58,1,301.120,171.334,299.252,259.678,1,-1,-1,-1
58,7,1373.642,143.291,302.784,237.593,1,-1,-1,-1
59,1,301.120,171.334,299.252,259.678,1,-1,-1,-1
59,3,1134.320,113.212,224.178,186.482,1,-1,-1,-1
59,7,1373.642,143.291,302.784,237.593,1,-1,-1,-1
59,8,404.705,128.922,157.801,118.726,1,-1,-1,-1
60,7,1373.642,143.291,302.784,237.593,1,-1,-1,-1
60,3,1134.320,113.212,224.178,186.482,1,-1,-1,-1
60,1,301.120,171.334,299.252,259.678,1,-1,-1,-1
61,7,1373.642,143.291,302.784,237.593,1,-1,-1,-1
61,1,301.120,171.334,299.252,259.678,1,-1,-1,-1
61,8,383.081,122.970,161.008,123.061,1,-1,-1,-1
61,3,1134.320,113.212,224.178,186.482,1,-1,-1,-1
62,8,372.270,119.994,162.611,125.228,1,-1,-1,-1
62,3,1062.674,103.727,209.928,191.910,1,-1,-1,-1
62,7,1314.045,136.238,285.171,226.459,1,-1,-1,-1
62,1,350.127,218.918,316.729,286.977,1,-1,-1,-1
63,3,1068.282,98.982,193.207,192.373,1,-1,-1,-1
63,7,1254.448,129.185,267.558,215.325,1,-1,-1,-1
63,8,361.458,117.018,164.215,127.395,1,-1,-1,-1
63,1,350.044,224.665,326.172,289.861,1,-1,-1,-1
64,1,348.809,228.523,338.748,291.695,1,-1,-1,-1
64,8,348.380,113.525,166.210,132.805,1,-1,-1,-1
64,3,1066.653,105.196,199.137,180.595,1,-1,-1,-1
64,7,1255.164,132.271,250.228,206.052,1,-1,-1,-1
65,7,1244.407,132.496,242.428,203.859,1,-1,-1,-1
65,9,1830.107,275.113,86.144,237.747,1,-1,-1,-1
65,8,335.301,110.033,168.205,138.216,1,-1,-1,-1
65,1,347.884,230.695,347.154,303.977,1,-1,-1,-1
65,3,1062.248,105.431,194.565,184.229,1,-1,-1,-1
66,7,1240.201,130.022,240.576,206.151,1,-1,-1,-1
66,3,1042.834,101.133,205.657,178.375,1,-1,-1,-1
66,9,1815.737,243.549,104.130,271.951,1,-1,-1,-1
66,1,343.281,238.927,362.755,301.655,1,-1,-1,-1
66,8,329.137,108.712,172.438,139.726,1,-1,-1,-1
67,3,1037.689,111.158,202.061,169.239,1,-1,-1,-1
67,1,342.098,243.093,372.984,306.238,1,-1,-1,-1
67,9,1787.970,244.445,126.134,262.630,1,-1,-1,-1
67,7,1235.994,127.549,238.723,208.444,1,-1,-1,-1
67,8,325.440,107.159,171.883,140.966,1,-1,-1,-1
68,7,1231.788,125.075,236.871,210.736,1,-1,-1,-1
68,3,1029.898,104.984,197.301,178.479,1,-1,-1,-1
68,1,341.931,246.825,381.211,308.560,1,-1,-1,-1
68,8,321.742,105.606,171.327,142.206,1,-1,-1,-1
68,9,1773.919,240.654,143.683,259.078,1,-1,-1,-1
69,8,318.045,104.053,170.772,143.445,1,-1,-1,-1
69,3,1021.396,101.713,201.165,189.451,1,-1,-1,-1
69,1,344.046,247.903,382.390,316.587,1,-1,-1,-1
69,9,1760.137,237.010,157.609,255.236,1,-1,-1,-1
69,7,1223.919,127.979,235.122,205.040,1,-1,-1,-1
70,8,314.348,102.500,170.217,144.685,1,-1,-1,-1
70,9,1724.094,225.941,189.542,256.113,1,-1,-1,-1
70,7,1216.050,130.884,233.373,199.345,1,-1,-1,-1
70,1,345.854,248.435,385.757,321.272,1,-1,-1,-1
70,3,1020.584,103.660,198.299,177.606,1,-1,-1,-1
71,8,311.647,103.451,169.997,142.874,1,-1,-1,-1
71,3,1019.040,110.867,191.779,162.290,1,-1,-1,-1
71,1,349.223,249.862,394.496,322.213,1,-1,-1,-1
71,7,1208.467,131.156,232.386,199.831,1,-1,-1,-1
71,9,1743.681,232.052,175.319,254.703,1,-1,-1,-1
72,9,1769.725,236.260,149.275,254.302,1,-1,-1,-1
72,8,308.947,104.403,169.777,141.063,1,-1,-1,-1
72,1,357.548,252.530,397.389,328.082,1,-1,-1,-1
72,3,1013.301,108.608,196.554,169.924,1,-1,-1,-1
72,7,1209.999,129.022,210.881,200.190,1,-1,-1,-1
73,1,360.660,259.085,396.210,337.621,1,-1,-1,-1
73,3,1030.711,112.477,200.848,173.266,1,-1,-1,-1
73,7,1200.498,129.783,208.025,197.892,1,-1,-1,-1
73,8,305.806,103.337,172.205,146.715,1,-1,-1,-1
73,9,1686.148,219.726,226.398,249.552,1,-1,-1,-1
74,3,1048.122,116.345,205.143,176.608,1,-1,-1,-1
74,7,1185.119,131.071,217.219,196.093,1,-1,-1,-1
74,9,1668.204,211.247,244.725,260.066,1,-1,-1,-1
74,8,304.179,103.729,173.347,147.347,1,-1,-1,-1
74,1,357.462,266.313,410.687,344.313,1,-1,-1,-1
75,9,1668.204,211.247,244.725,260.066,1,-1,-1,-1
75,3,1065.532,120.214,209.437,179.950,1,-1,-1,-1
75,8,302.551,104.121,174.489,147.980,1,-1,-1,-1
75,7,1185.119,131.071,217.219,196.093,1,-1,-1,-1
75,1,357.462,266.313,410.687,344.313,1,-1,-1,-1
76,3,1065.532,120.214,209.437,179.950,1,-1,-1,-1
76,10,1666.731,220.667,248.107,236.247,1,-1,-1,-1
76,8,300.924,104.513,175.631,148.612,1,-1,-1,-1
76,7,1185.119,131.071,217.219,196.093,1,-1,-1,-1
76,1,357.462,266.313,410.687,344.313,1,-1,-1,-1
77,1,357.462,266.313,410.687,344.313,1,-1,-1,-1
77,10,1666.731,220.667,248.107,236.247,1,-1,-1,-1
77,8,300.924,104.513,175.631,148.612,1,-1,-1,-1
77,11,1065.532,120.214,209.437,179.950,1,-1,-1,-1
77,7,1185.119,131.071,217.219,196.093,1,-1,-1,-1
78,7,1065.532,120.214,209.437,179.950,1,-1,-1,-1
78,12,1666.731,220.667,248.107,236.247,1,-1,-1,-1
78,8,300.924,104.513,175.631,148.612,1,-1,-1,-1
78,1,357.462,266.313,410.687,344.313,1,-1,-1,-1
78,11,1185.119,131.071,217.219,196.093,1,-1,-1,-1
79,7,1065.532,120.214,209.437,179.950,1,-1,-1,-1
79,12,1666.731,220.667,248.107,236.247,1,-1,-1,-1
79,1,357.462,266.313,410.687,344.313,1,-1,-1,-1
79,8,300.924,104.513,175.631,148.612,1,-1,-1,-1
79,11,1185.119,131.071,217.219,196.093,1,-1,-1,-1
80,13,1185.119,131.071,217.219,196.093,1,-1,-1,-1
80,1,357.462,266.313,410.687,344.313,1,-1,-1,-1
80,8,300.924,104.513,175.631,148.612,1,-1,-1,-1
80,7,1065.532,120.214,209.437,179.950,1,-1,-1,-1
80,12,1666.731,220.667,248.107,236.247,1,-1,-1,-1
81,13,1187.140,131.316,214.111,195.826,1,-1,-1,-1
81,7,1065.762,120.764,209.158,178.826,1,-1,-1,-1
81,1,360.430,267.532,410.352,342.264,1,-1,-1,-1
81,12,1665.646,221.546,247.934,234.745,1,-1,-1,-1
81,8,300.820,104.786,175.053,148.678,1,-1,-1,-1
82,8,300.820,104.786,175.053,148.678,1,-1,-1,-1
82,1,360.430,267.532,410.352,342.264,1,-1,-1,-1
82,9,1668.567,210.533,244.186,260.409,1,-1,-1,-1
82,7,1065.762,120.764,209.158,178.826,1,-1,-1,-1
82,13,1187.140,131.316,214.111,195.826,1,-1,-1,-1
83,7,1065.762,120.764,209.158,178.826,1,-1,-1,-1
83,8,300.820,104.786,175.053,148.678,1,-1,-1,-1
83,13,1187.140,131.316,214.111,195.826,1,-1,-1,-1
83,9,1668.567,210.533,244.186,260.409,1,-1,-1,-1
83,1,360.430,267.532,410.352,342.264,1,-1,-1,-1
84,1,360.430,267.532,410.352,342.264,1,-1,-1,-1
84,15,1187.140,131.316,214.111,195.826,1,-1,-1,-1
84,9,1668.567,210.533,244.186,260.409,1,-1,-1,-1
84,8,300.820,104.786,175.053,148.678,1,-1,-1,-1
84,7,1065.762,120.764,209.158,178.826,1,-1,-1,-1
85,7,1065.762,120.764,209.158,178.826,1,-1,-1,-1
85,8,300.820,104.786,175.053,148.678,1,-1,-1,-1
85,1,360.430,267.532,410.352,342.264,1,-1,-1,-1
85,9,1668.567,210.533,244.186,260.409,1,-1,-1,-1
85,15,1187.140,131.316,214.111,195.826,1,-1,-1,-1
86,16,1665.646,221.546,247.934,234.745,1,-1,-1,-1
86,8,300.820,104.786,175.053,148.678,1,-1,-1,-1
86,15,1187.140,131.316,214.111,195.826,1,-1,-1,-1
86,7,1065.762,120.764,209.158,178.826,1,-1,-1,-1
86,1,360.430,267.532,410.352,342.264,1,-1,-1,-1
87,8,300.820,104.786,175.053,148.678,1,-1,-1,-1
87,16,1665.646,221.546,247.934,234.745,1,-1,-1,-1
87,1,360.430,267.532,410.352,342.264,1,-1,-1,-1
87,15,1187.140,131.316,214.111,195.826,1,-1,-1,-1
87,7,1065.762,120.764,209.158,178.826,1,-1,-1,-1
88,1,360.430,267.532,410.352,342.264,1,-1,-1,-1
88,8,300.820,104.786,175.053,148.678,1,-1,-1,-1
88,7,1065.762,120.764,209.158,178.826,1,-1,-1,-1
88,16,1665.646,221.546,247.934,234.745,1,-1,-1,-1
88,17,1187.140,131.316,214.111,195.826,1,-1,-1,-1
89,7,1065.762,120.764,209.158,178.826,1,-1,-1,-1
89,8,300.820,104.786,175.053,148.678,1,-1,-1,-1
89,17,1187.140,131.316,214.111,195.826,1,-1,-1,-1
89,16,1665.646,221.546,247.934,234.745,1,-1,-1,-1
89,1,360.430,267.532,410.352,342.264,1,-1,-1,-1
90,17,1187.140,131.316,214.111,195.826,1,-1,-1,-1
90,7,1065.762,120.764,209.158,178.826,1,-1,-1,-1
90,9,1668.567,210.533,244.186,260.409,1,-1,-1,-1
90,8,300.820,104.786,175.053,148.678,1,-1,-1,-1
90,1,360.430,267.532,410.352,342.264,1,-1,-1,-1
91,8,300.820,104.786,175.053,148.678,1,-1,-1,-1
91,9,1668.567,210.533,244.186,260.409,1,-1,-1,-1
91,1,360.430,267.532,410.352,342.264,1,-1,-1,-1
91,18,998.116,116.402,190.901,157.680,1,-1,-1,-1
91,17,1187.140,131.316,214.111,195.826,1,-1,-1,-1
92,8,261.722,123.718,194.345,177.653,1,-1,-1,-1
92,19,1422.301,167.904,290.525,215.822,1,-1,-1,-1
92,9,1668.668,210.533,244.186,260.409,1,-1,-1,-1
92,7,1071.237,124.935,202.939,166.139,1,-1,-1,-1
92,18,940.865,126.265,159.769,142.032,1,-1,-1,-1
92,20,441.242,408.882,572.853,503.554,1,-1,-1,-1
93,8,262.092,120.844,196.954,182.802,1,-1,-1,-1
93,18,938.831,133.925,149.092,133.975,1,-1,-1,-1
93,9,1668.730,210.533,244.186,260.409,1,-1,-1,-1
93,19,1402.949,161.223,287.408,220.939,1,-1,-1,-1
93,7,1072.626,114.141,198.153,176.985,1,-1,-1,-1
93,20,449.486,418.922,589.515,520.021,1,-1,-1,-1
94,18,940.101,143.442,148.271,124.616,1,-1,-1,-1
94,7,1066.375,113.527,201.277,176.393,1,-1,-1,-1
94,19,1398.360,159.777,279.005,221.412,1,-1,-1,-1
94,8,262.463,117.970,199.564,187.951,1,-1,-1,-1
94,20,449.724,431.111,646.367,531.957,1,-1,-1,-1
94,9,1668.791,210.532,244.186,260.409,1,-1,-1,-1
95,20,453.519,430.462,649.141,550.078,1,-1,-1,-1
95,19,1389.212,157.768,278.666,219.772,1,-1,-1,-1
95,8,266.103,120.153,195.197,186.100,1,-1,-1,-1
95,21,934.868,145.022,150.839,121.405,1,-1,-1,-1
95,9,1824.117,255.565,95.433,246.822,1,-1,-1,-1
95,7,1054.829,112.657,206.197,176.460,1,-1,-1,-1
96,9,1801.171,258.413,108.325,246.481,1,-1,-1,-1
96,7,1027.629,114.759,220.041,171.052,1,-1,-1,-1
96,21,938.945,152.279,146.281,114.500,1,-1,-1,-1
96,19,1375.923,155.207,283.138,220.774,1,-1,-1,-1
96,20,499.306,445.896,625.201,560.205,1,-1,-1,-1
96,8,265.828,119.272,198.763,189.316,1,-1,-1,-1
97,21,936.326,153.908,147.945,112.188,1,-1,-1,-1
97,8,265.552,118.392,202.329,192.533,1,-1,-1,-1
97,20,493.283,454.147,658.027,571.831,1,-1,-1,-1
97,19,1362.633,152.646,287.609,221.776,1,-1,-1,-1
97,7,1055.123,115.551,184.156,172.328,1,-1,-1,-1
97,9,1783.062,245.565,133.635,243.397,1,-1,-1,-1
98,9,1770.691,245.274,146.542,232.773,1,-1,-1,-1
98,22,489.315,196.166,174.130,62.171,1,-1,-1,-1
98,19,1354.087,152.224,278.142,215.921,1,-1,-1,-1
98,7,1008.524,111.998,225.616,171.309,1,-1,-1,-1
98,20,509.381,471.833,667.385,591.730,1,-1,-1,-1
98,8,267.169,118.245,203.246,200.000,1,-1,-1,-1
98,21,939.775,156.708,143.441,110.567,1,-1,-1,-1
99,23,521.329,489.189,667.976,108.718,1,-1,-1,-1
99,8,255.716,117.927,219.634,205.381,1,-1,-1,-1
99,19,1345.540,151.802,268.675,210.065,1,-1,-1,-1
99,9,1756.862,234.625,157.553,244.225,1,-1,-1,-1
99,22,473.646,193.953,170.618,63.972,1,-1,-1,-1
99,7,979.708,111.404,247.296,170.918,1,-1,-1,-1
100,9,1748.768,235.544,168.316,238.331,1,-1,-1,-1
100,8,258.972,114.207,217.620,213.401,1,-1,-1,-1
100,23,530.210,506.628,696.521,77.678,1,-1,-1,-1
100,22,459.345,194.789,167.917,60.555,1,-1,-1,-1
100,19,1337.193,152.879,267.713,212.349,1,-1,-1,-1
100,7,974.445,110.160,247.228,171.607,1,-1,-1,-1
101,8,260.962,117.762,219.993,211.368,1,-1,-1,-1
101,9,1755.007,229.839,163.993,240.328,1,-1,-1,-1
101,7,966.545,111.033,249.440,168.175,1,-1,-1,-1
101,24,542.677,518.231,722.262,563.101,1,-1,-1,-1
101,23,543.665,517.132,702.078,64.072,1,-1,-1,-1
101,19,1328.846,153.955,266.751,214.633,1,-1,-1,-1
101,22,454.239,193.174,154.751,64.017,1,-1,-1,-1
102,7,956.282,120.256,260.585,152.426,1,-1,-1,-1
102,24,583.757,527.487,705.916,560.506,1,-1,-1,-1
102,19,1321.922,154.804,269.894,206.877,1,-1,-1,-1
102,22,457.400,186.469,118.662,71.519,1,-1,-1,-1
102,9,1758.485,226.000,160.515,240.204,1,-1,-1,-1
102,8,261.651,122.067,233.159,209.928,1,-1,-1,-1
103,19,1307.336,153.344,271.041,204.152,1,-1,-1,-1
103,9,1702.042,227.481,216.789,232.148,1,-1,-1,-1
103,8,259.455,120.632,236.665,215.894,1,-1,-1,-1
103,24,592.189,547.696,731.676,539.145,1,-1,-1,-1
103,7,994.065,119.419,221.999,153.936,1,-1,-1,-1
104,24,601.667,566.921,771.604,515.075,1,-1,-1,-1
104,8,254.644,123.398,248.622,213.427,1,-1,-1,-1
104,7,1031.848,118.582,183.413,155.446,1,-1,-1,-1
104,9,1688.317,223.814,220.873,232.580,1,-1,-1,-1
104,19,1292.751,151.885,272.187,201.428,1,-1,-1,-1
104,25,937.035,151.712,117.981,109.582,1,-1,-1,-1
105,7,1025.436,120.149,184.229,153.957,1,-1,-1,-1
105,9,1671.638,227.237,234.527,224.960,1,-1,-1,-1
105,24,639.741,580.164,781.397,506.671,1,-1,-1,-1
105,8,251.892,123.964,251.305,217.350,1,-1,-1,-1
105,19,1292.298,150.855,253.779,202.622,1,-1,-1,-1
105,25,940.752,147.382,109.984,115.312,1,-1,-1,-1
106,24,651.743,595.959,794.568,490.233,1,-1,-1,-1
106,26,1020.547,119.730,184.235,151.199,1,-1,-1,-1
106,7,937.643,147.809,113.456,116.175,1,-1,-1,-1
106,9,1656.040,223.260,252.564,227.803,1,-1,-1,-1
106,8,249.139,124.530,253.989,221.272,1,-1,-1,-1
106,25,940.752,147.382,109.984,115.312,1,-1,-1,-1
106,19,1283.631,150.351,253.079,200.694,1,-1,-1,-1
107,8,246.387,125.096,256.672,225.195,1,-1,-1,-1
107,26,1020.145,117.571,180.879,154.236,1,-1,-1,-1
107,24,648.059,612.848,849.382,471.195,1,-1,-1,-1
107,9,1640.940,218.797,267.790,229.618,1,-1,-1,-1
107,19,1274.964,149.847,252.378,198.767,1,-1,-1,-1
107,25,933.374,151.592,115.585,112.649,1,-1,-1,-1
108,19,1267.806,152.263,254.806,193.554,1,-1,-1,-1
108,9,1630.130,218.193,271.051,227.952,1,-1,-1,-1
108,25,937.687,150.525,109.586,114.931,1,-1,-1,-1
108,24,657.964,627.507,877.940,458.986,1,-1,-1,-1
108,26,1015.519,120.289,178.420,151.838,1,-1,-1,-1
108,8,248.088,131.172,257.850,226.685,1,-1,-1,-1
109,24,666.955,642.206,884.135,441.932,1,-1,-1,-1
109,19,1256.573,151.306,252.566,191.772,1,-1,-1,-1
109,26,1012.294,118.792,172.510,151.279,1,-1,-1,-1
109,8,253.896,133.332,258.290,228.195,1,-1,-1,-1
109,9,1625.754,211.342,270.676,227.573,1,-1,-1,-1
109,25,936.707,148.675,112.669,118.663,1,-1,-1,-1
110,24,673.427,652.320,900.486,435.478,1,-1,-1,-1
110,25,933.677,144.626,115.124,122.277,1,-1,-1,-1
110,8,259.705,135.492,258.731,229.705,1,-1,-1,-1
110,26,949.237,121.171,229.132,146.838,1,-1,-1,-1
110,9,1612.445,207.812,277.253,224.455,1,-1,-1,-1
110,19,1245.340,150.349,250.327,189.990,1,-1,-1,-1
111,19,1239.979,147.820,242.237,190.745,1,-1,-1,-1
111,25,930.646,140.576,117.579,125.892,1,-1,-1,-1
111,9,1601.072,205.650,276.673,219.226,1,-1,-1,-1
111,8,254.555,136.686,264.349,232.013,1,-1,-1,-1
111,26,1005.726,116.024,170.839,148.839,1,-1,-1,-1
112,8,249.405,137.881,269.968,234.320,1,-1,-1,-1
112,19,1239.979,147.820,242.237,190.745,1,-1,-1,-1
112,25,927.616,136.527,120.034,129.506,1,-1,-1,-1
112,26,1005.726,116.024,170.839,148.839,1,-1,-1,-1
112,9,1601.072,205.650,276.673,219.226,1,-1,-1,-1
113,8,249.405,137.881,269.968,234.320,1,-1,-1,-1
113,9,1601.072,205.650,276.673,219.226,1,-1,-1,-1
113,19,1239.979,147.820,242.237,190.745,1,-1,-1,-1
113,26,1005.726,116.024,170.839,148.839,1,-1,-1,-1
113,25,927.616,136.527,120.034,129.506,1,-1,-1,-1
114,25,927.616,136.527,120.034,129.506,1,-1,-1,-1
114,8,249.405,137.881,269.968,234.320,1,-1,-1,-1
114,26,1005.726,116.024,170.839,148.839,1,-1,-1,-1
114,19,1239.979,147.820,242.237,190.745,1,-1,-1,-1
114,9,1601.072,205.650,276.673,219.226,1,-1,-1,-1
115,25,927.616,136.527,120.034,129.506,1,-1,-1,-1
115,8,249.405,137.881,269.968,234.320,1,-1,-1,-1
115,26,1005.726,116.024,170.839,148.839,1,-1,-1,-1
115,9,1601.072,205.650,276.673,219.226,1,-1,-1,-1
115,19,1239.979,147.820,242.237,190.745,1,-1,-1,-1
116,19,1239.979,147.820,242.237,190.745,1,-1,-1,-1
116,8,249.405,137.881,269.968,234.320,1,-1,-1,-1
116,25,927.616,136.527,120.034,129.506,1,-1,-1,-1
116,9,1601.072,205.650,276.673,219.226,1,-1,-1,-1
116,26,1005.726,116.024,170.839,148.839,1,-1,-1,-1
117,25,927.616,136.527,120.034,129.506,1,-1,-1,-1
117,19,1239.979,147.820,242.237,190.745,1,-1,-1,-1
117,9,1601.072,205.650,276.673,219.226,1,-1,-1,-1
117,26,1005.726,116.024,170.839,148.839,1,-1,-1,-1
117,8,249.405,137.881,269.968,234.320,1,-1,-1,-1
118,19,1239.979,147.820,242.237,190.745,1,-1,-1,-1
118,26,1005.726,116.024,170.839,148.839,1,-1,-1,-1
118,25,927.616,136.527,120.034,129.506,1,-1,-1,-1
118,9,1601.072,205.650,276.673,219.226,1,-1,-1,-1
118,8,249.405,137.881,269.968,234.320,1,-1,-1,-1
119,8,249.405,137.881,269.968,234.320,1,-1,-1,-1
119,19,1239.979,147.820,242.237,190.745,1,-1,-1,-1
119,26,1005.726,116.024,170.839,148.839,1,-1,-1,-1
119,9,1601.072,205.650,276.673,219.226,1,-1,-1,-1
119,25,927.616,136.527,120.034,129.506,1,-1,-1,-1
120,9,1601.072,205.650,276.673,219.226,1,-1,-1,-1
120,8,249.405,137.881,269.968,234.320,1,-1,-1,-1
120,26,1005.726,116.024,170.839,148.839,1,-1,-1,-1
120,19,1239.979,147.820,242.237,190.745,1,-1,-1,-1
120,25,927.616,136.527,120.034,129.506,1,-1,-1,-1
121,26,1005.726,116.024,170.839,148.839,1,-1,-1,-1
121,9,1601.072,205.650,276.673,219.226,1,-1,-1,-1
121,25,927.616,136.527,120.034,129.506,1,-1,-1,-1
121,19,1239.979,147.820,242.237,190.745,1,-1,-1,-1
121,27,260.647,135.421,261.776,236.080,1,-1,-1,-1
122,19,1200.034,143.152,232.349,184.962,1,-1,-1,-1
122,9,1577.832,194.060,252.106,220.373,1,-1,-1,-1
122,25,964.074,137.209,134.185,136.483,1,-1,-1,-1
122,8,278.626,166.339,290.645,261.346,1,-1,-1,-1
122,27,226.663,129.241,152.707,128.178,1,-1,-1,-1
123,9,1622.905,195.698,251.127,238.104,1,-1,-1,-1
123,29,1475.635,183.319,250.852,201.316,1,-1,-1,-1
123,8,282.678,169.898,293.409,264.936,1,-1,-1,-1
123,26,971.553,130.514,174.052,137.638,1,-1,-1,-1
123,19,1160.090,138.483,222.460,179.180,1,-1,-1,-1
123,27,223.885,124.244,160.099,132.754,1,-1,-1,-1
124,25,1036.990,138.572,162.486,150.436,1,-1,-1,-1
124,19,1157.716,139.631,217.736,175.753,1,-1,-1,-1
124,27,219.789,118.152,158.405,134.472,1,-1,-1,-1
124,30,600.894,210.520,179.420,53.771,1,-1,-1,-1
124,29,1463.962,181.235,248.744,200.626,1,-1,-1,-1
124,9,1667.977,197.336,250.148,255.834,1,-1,-1,-1
124,8,285.251,179.442,300.385,271.326,1,-1,-1,-1
125,29,1451.277,178.113,249.607,204.747,1,-1,-1,-1
125,9,1661.572,196.209,255.716,253.778,1,-1,-1,-1
125,30,583.063,205.061,175.517,54.980,1,-1,-1,-1
125,8,291.629,180.469,305.719,288.470,1,-1,-1,-1
125,25,1073.447,139.254,176.637,157.413,1,-1,-1,-1
125,26,971.378,133.599,169.164,133.393,1,-1,-1,-1
125,28,220.397,112.096,167.196,145.568,1,-1,-1,-1
126,29,1451.277,178.113,249.607,204.747,1,-1,-1,-1
126,30,559.028,202.762,171.271,60.368,1,-1,-1,-1
126,26,971.269,134.342,168.643,133.109,1,-1,-1,-1
126,25,1109.905,139.936,190.788,164.390,1,-1,-1,-1
126,8,294.522,179.982,303.958,291.647,1,-1,-1,-1
126,28,226.163,113.113,166.897,148.202,1,-1,-1,-1
126,9,1575.914,186.801,247.147,240.029,1,-1,-1,-1
127,25,1146.363,140.618,204.939,171.367,1,-1,-1,-1
127,31,1653.045,186.421,264.975,262.282,1,-1,-1,-1
127,8,297.415,179.495,302.197,294.824,1,-1,-1,-1
127,26,971.159,135.085,168.121,132.824,1,-1,-1,-1
127,30,559.028,202.762,171.271,60.368,1,-1,-1,-1
127,28,226.163,113.113,166.897,148.202,1,-1,-1,-1
127,9,1490.256,177.392,238.578,226.280,1,-1,-1,-1
128,28,226.163,113.113,166.897,148.202,1,-1,-1,-1
128,8,297.415,179.495,302.197,294.824,1,-1,-1,-1
128,31,1653.045,186.421,264.975,262.282,1,-1,-1,-1
128,25,1146.363,140.618,204.939,171.367,1,-1,-1,-1
128,9,1404.598,167.983,230.009,212.531,1,-1,-1,-1
128,26,971.050,135.828,167.599,132.540,1,-1,-1,-1
128,30,559.028,202.762,171.271,60.368,1,-1,-1,-1
129,25,1137.596,139.470,205.584,169.840,1,-1,-1,-1
129,29,1442.041,179.384,239.446,204.754,1,-1,-1,-1
129,8,297.415,179.495,302.197,294.824,1,-1,-1,-1
129,30,559.028,202.762,171.271,60.368,1,-1,-1,-1
129,31,1653.045,186.421,264.975,262.282,1,-1,-1,-1
129,26,965.292,136.434,168.023,132.570,1,-1,-1,-1
129,28,226.163,113.113,166.897,148.202,1,-1,-1,-1
129,9,1318.939,158.575,221.441,198.782,1,-1,-1,-1
130,9,1233.281,149.167,212.872,185.033,1,-1,-1,-1
130,28,226.163,113.113,166.897,148.202,1,-1,-1,-1
130,30,559.028,202.762,171.271,60.368,1,-1,-1,-1
130,26,959.534,137.040,168.447,132.600,1,-1,-1,-1
130,25,1128.829,138.323,206.229,168.314,1,-1,-1,-1
130,8,297.415,179.495,302.197,294.824,1,-1,-1,-1
130,29,1442.041,179.384,239.446,204.754,1,-1,-1,-1
130,31,1653.045,186.421,264.975,262.282,1,-1,-1,-1
131,30,559.463,202.739,170.486,59.880,1,-1,-1,-1
131,26,953.777,137.647,168.870,132.631,1,-1,-1,-1
131,31,1652.513,186.802,264.856,261.615,1,-1,-1,-1
131,8,298.440,180.482,301.990,293.918,1,-1,-1,-1
131,9,1147.623,139.758,204.303,171.284,1,-1,-1,-1
131,29,1443.576,178.355,238.849,203.845,1,-1,-1,-1
131,28,227.895,112.497,166.567,148.775,1,-1,-1,-1
132,28,230.273,102.171,172.813,147.677,1,-1,-1,-1
132,31,1581.557,169.067,283.424,256.464,1,-1,-1,-1
132,8,303.286,197.173,328.293,303.294,1,-1,-1,-1
132,26,948.019,138.253,169.294,132.661,1,-1,-1,-1
132,9,1113.920,138.224,210.833,160.620,1,-1,-1,-1
132,29,1385.925,172.656,226.897,194.835,1,-1,-1,-1
133,28,228.828,104.035,180.113,143.055,1,-1,-1,-1
133,29,1379.091,169.124,221.012,194.616,1,-1,-1,-1
133,31,1572.765,166.231,284.588,252.584,1,-1,-1,-1
133,25,1102.529,134.880,208.163,163.734,1,-1,-1,-1
133,8,308.132,213.863,354.597,312.669,1,-1,-1,-1
133,26,942.261,138.859,169.718,132.691,1,-1,-1,-1
134,25,1093.762,133.732,208.808,162.208,1,-1,-1,-1
134,8,313.873,210.650,360.706,332.166,1,-1,-1,-1
134,31,1555.885,170.898,280.016,243.689,1,-1,-1,-1
134,26,935.059,139.536,176.380,132.116,1,-1,-1,-1
134,29,1375.277,167.310,217.116,192.493,1,-1,-1,-1
134,28,228.449,103.656,182.091,148.712,1,-1,-1,-1
135,26,935.437,143.969,174.513,129.329,1,-1,-1,-1
135,28,228.071,103.276,184.069,154.370,1,-1,-1,-1
135,8,319.615,207.436,366.815,351.663,1,-1,-1,-1
135,25,1104.707,138.926,200.125,153.200,1,-1,-1,-1
135,29,1372.509,167.195,212.451,190.685,1,-1,-1,-1
135,31,1545.787,163.751,280.686,254.884,1,-1,-1,-1
136,26,934.763,144.977,171.085,127.806,1,-1,-1,-1
136,28,227.692,102.897,186.047,160.027,1,-1,-1,-1
136,29,1369.518,163.593,207.046,191.791,1,-1,-1,-1
136,25,1060.140,140.512,188.628,146.275,1,-1,-1,-1
136,31,1537.491,157.888,276.098,251.490,1,-1,-1,-1
136,8,324.138,210.658,364.857,353.349,1,-1,-1,-1
137,28,228.424,106.452,190.705,154.194,1,-1,-1,-1
137,33,1088.066,136.147,205.326,153.799,1,-1,-1,-1
137,25,1015.573,142.099,177.130,139.349,1,-1,-1,-1
137,31,1530.057,158.373,266.313,247.894,1,-1,-1,-1
137,29,1351.903,165.086,205.558,194.640,1,-1,-1,-1
137,32,442.258,173.557,140.659,61.733,1,-1,-1,-1
137,8,326.030,215.071,374.961,355.114,1,-1,-1,-1
138,31,1516.283,162.510,271.829,237.042,1,-1,-1,-1
138,29,1338.334,167.111,202.526,184.801,1,-1,-1,-1
138,32,436.910,169.936,143.803,73.098,1,-1,-1,-1
138,25,971.005,143.686,165.632,132.423,1,-1,-1,-1
138,33,1077.929,131.431,194.480,166.301,1,-1,-1,-1
138,8,327.922,219.484,385.065,356.879,1,-1,-1,-1
138,28,229.708,107.531,186.587,159.941,1,-1,-1,-1
139,29,1328.944,167.082,207.993,177.848,1,-1,-1,-1
139,31,1502.781,164.959,276.055,230.895,1,-1,-1,-1
139,32,437.247,166.028,143.856,85.656,1,-1,-1,-1
139,33,1074.054,131.500,200.808,164.225,1,-1,-1,-1
139,28,229.761,105.920,188.488,162.900,1,-1,-1,-1
139,8,333.083,227.549,384.913,368.074,1,-1,-1,-1
139,25,926.438,145.272,154.135,125.498,1,-1,-1,-1
140,33,1072.255,137.772,196.072,149.848,1,-1,-1,-1
140,31,1492.213,164.607,276.691,228.152,1,-1,-1,-1
140,28,229.141,106.144,193.105,164.086,1,-1,-1,-1
140,8,338.244,235.615,384.761,379.269,1,-1,-1,-1
140,32,426.119,159.386,150.077,93.346,1,-1,-1,-1
140,29,1316.109,164.803,213.004,176.742,1,-1,-1,-1
140,25,928.866,146.838,150.601,122.613,1,-1,-1,-1
141,28,230.143,107.945,193.913,165.150,1,-1,-1,-1
141,32,433.510,157.043,150.371,95.959,1,-1,-1,-1
141,31,1481.644,164.255,277.327,225.409,1,-1,-1,-1
141,8,338.618,237.152,396.134,390.752,1,-1,-1,-1
141,29,1315.772,164.282,201.366,178.506,1,-1,-1,-1
141,25,925.264,144.603,155.138,125.807,1,-1,-1,-1
141,34,1064.233,133.415,199.438,159.647,1,-1,-1,-1
142,29,1307.034,163.844,201.644,177.476,1,-1,-1,-1
142,34,1058.765,132.235,197.735,158.549,1,-1,-1,-1
142,32,432.556,156.676,150.501,100.893,1,-1,-1,-1
142,8,340.081,250.606,402.037,390.033,1,-1,-1,-1
142,31,1473.586,161.682,274.573,225.969,1,-1,-1,-1
142,28,231.144,109.747,194.720,166.214,1,-1,-1,-1
142,26,930.720,151.028,150.514,118.669,1,-1,-1,-1
143,32,442.091,154.718,142.732,103.224,1,-1,-1,-1
143,28,235.283,110.086,193.268,168.710,1,-1,-1,-1
143,8,341.543,264.060,407.940,389.313,1,-1,-1,-1
143,29,1298.295,163.405,201.923,176.446,1,-1,-1,-1
143,34,1057.749,129.703,189.779,158.864,1,-1,-1,-1
143,31,1465.528,159.109,271.820,226.530,1,-1,-1,-1
143,26,930.046,152.037,147.085,117.146,1,-1,-1,-1
144,32,441.150,153.785,143.038,97.043,1,-1,-1,-1
144,26,929.372,153.045,143.657,115.623,1,-1,-1,-1
144,31,1457.469,156.537,269.066,227.090,1,-1,-1,-1
144,34,1060.178,129.088,188.265,159.631,1,-1,-1,-1
144,29,1289.557,162.966,202.201,175.416,1,-1,-1,-1
144,8,336.735,261.051,442.298,398.087,1,-1,-1,-1
144,28,239.421,110.425,191.817,171.205,1,-1,-1,-1
145,32,441.150,153.785,143.038,97.043,1,-1,-1,-1
145,31,1449.411,153.964,266.312,227.651,1,-1,-1,-1
145,8,336.735,261.051,442.298,398.087,1,-1,-1,-1
145,35,1060.178,129.088,188.265,159.631,1,-1,-1,-1
145,29,1280.819,162.528,202.479,174.386,1,-1,-1,-1
145,34,932.570,148.080,138.795,119.420,1,-1,-1,-1
145,28,239.421,110.425,191.817,171.205,1,-1,-1,-1
146,26,929.372,153.045,143.657,115.623,1,-1,-1,-1
146,32,441.150,153.785,143.038,97.043,1,-1,-1,-1
146,28,239.421,110.425,191.817,171.205,1,-1,-1,-1
146,36,1446.232,158.059,272.751,223.308,1,-1,-1,-1
146,35,1060.178,129.088,188.265,159.631,1,-1,-1,-1
146,29,1280.819,162.528,202.479,174.386,1,-1,-1,-1
146,8,336.735,261.051,442.298,398.087,1,-1,-1,-1
147,32,441.150,153.785,143.038,97.043,1,-1,-1,-1
147,31,1280.819,162.528,202.479,174.386,1,-1,-1,-1
147,36,1449.411,153.964,266.312,227.651,1,-1,-1,-1
147,29,1066.217,134.687,193.608,151.244,1,-1,-1,-1
147,8,336.735,261.051,442.298,398.087,1,-1,-1,-1
147,28,239.421,110.425,191.817,171.205,1,-1,-1,-1
147,26,929.372,153.045,143.657,115.623,1,-1,-1,-1
148,31,1280.819,162.528,202.479,174.386,1,-1,-1,-1
148,28,239.421,110.425,191.817,171.205,1,-1,-1,-1
148,32,441.150,153.785,143.038,97.043,1,-1,-1,-1
148,8,336.735,261.051,442.298,398.087,1,-1,-1,-1
148,36,1449.411,153.964,266.312,227.651,1,-1,-1,-1
148,37,1060.178,129.088,188.265,159.631,1,-1,-1,-1
148,35,932.570,148.080,138.795,119.420,1,-1,-1,-1
149,32,441.150,153.785,143.038,97.043,1,-1,-1,-1
149,31,1280.819,162.528,202.479,174.386,1,-1,-1,-1
149,28,239.421,110.425,191.817,171.205,1,-1,-1,-1
149,36,1449.411,153.964,266.312,227.651,1,-1,-1,-1
149,8,336.735,261.051,442.298,398.087,1,-1,-1,-1
149,26,929.372,153.045,143.657,115.623,1,-1,-1,-1
149,37,1060.178,129.088,188.265,159.631,1,-1,-1,-1
150,36,1449.411,153.964,266.312,227.651,1,-1,-1,-1
150,32,441.150,153.785,143.038,97.043,1,-1,-1,-1
150,28,239.421,110.425,191.817,171.205,1,-1,-1,-1
150,26,929.372,153.045,143.657,115.623,1,-1,-1,-1
150,37,1060.178,129.088,188.265,159.631,1,-1,-1,-1
150,31,1280.819,162.528,202.479,174.386,1,-1,-1,-1
150,8,336.735,261.051,442.298,398.087,1,-1,-1,-1
151,36,1451.239,153.239,262.988,226.980,1,-1,-1,-1
151,26,930.386,153.318,142.126,113.646,1,-1,-1,-1
151,31,1280.581,162.998,202.283,173.808,1,-1,-1,-1
151,37,1058.453,129.368,190.470,158.517,1,-1,-1,-1
151,28,240.159,109.597,190.423,172.477,1,-1,-1,-1
151,8,351.816,301.636,480.861,429.367,1,-1,-1,-1
151,32,440.777,154.033,143.671,97.422,1,-1,-1,-1
152,28,240.329,109.575,201.176,183.303,1,-1,-1,-1
152,31,1393.193,148.381,240.429,218.149,1,-1,-1,-1
152,32,461.962,139.580,154.150,110.696,1,-1,-1,-1
152,8,366.897,342.221,519.424,460.646,1,-1,-1,-1
152,37,1032.468,129.144,194.301,152.264,1,-1,-1,-1
152,26,936.317,154.230,115.376,106.694,1,-1,-1,-1
152,38,1224.500,159.109,192.451,167.706,1,-1,-1,-1
153,39,1640.907,229.432,52.897,19.328,1,-1,-1,-1
153,8,370.950,350.864,534.248,478.863,1,-1,-1,-1
153,28,240.499,109.553,211.929,194.128,1,-1,-1,-1
153,38,1214.769,157.747,189.172,163.202,1,-1,-1,-1
153,37,1006.482,128.920,198.132,146.011,1,-1,-1,-1
153,31,1381.772,149.835,246.985,215.724,1,-1,-1,-1
153,32,463.719,139.882,154.155,111.786,1,-1,-1,-1
154,8,375.003,359.506,549.072,497.081,1,-1,-1,-1
154,38,1225.591,151.798,194.676,178.784,1,-1,-1,-1
154,28,246.423,112.640,212.622,194.548,1,-1,-1,-1
154,32,465.477,140.183,154.160,112.877,1,-1,-1,-1
154,40,1360.581,141.966,245.848,214.928,1,-1,-1,-1
154,39,1637.500,230.448,51.971,17.943,1,-1,-1,-1
154,37,1007.174,127.878,192.654,145.277,1,-1,-1,-1
155,38,1197.146,160.459,194.218,160.580,1,-1,-1,-1
155,28,237.258,120.929,213.296,187.205,1,-1,-1,-1
155,32,467.234,140.485,154.165,113.967,1,-1,-1,-1
155,37,933.482,153.729,119.254,109.888,1,-1,-1,-1
155,31,1298.111,150.045,224.839,196.899,1,-1,-1,-1
155,8,395.125,352.445,562.496,520.341,1,-1,-1,-1
155,39,1639.293,230.474,47.336,17.724,1,-1,-1,-1
156,31,1232.710,151.479,201.861,182.021,1,-1,-1,-1
156,8,411.138,372.557,572.030,525.798,1,-1,-1,-1
156,40,1342.702,141.894,239.999,219.446,1,-1,-1,-1
156,28,237.943,119.474,220.586,190.923,1,-1,-1,-1
156,38,992.841,126.588,190.457,144.959,1,-1,-1,-1
156,39,1644.946,233.080,38.153,15.071,1,-1,-1,-1
156,32,468.279,139.398,156.922,115.564,1,-1,-1,-1
157,40,1325.841,146.347,248.250,209.834,1,-1,-1,-1
157,28,248.817,120.754,219.625,192.122,1,-1,-1,-1
157,38,986.164,126.100,197.879,144.075,1,-1,-1,-1
157,32,474.915,137.758,157.241,118.196,1,-1,-1,-1
157,8,427.152,392.670,581.564,531.256,1,-1,-1,-1
158,8,431.174,409.128,597.496,527.802,1,-1,-1,-1
158,28,250.791,119.179,222.880,198.684,1,-1,-1,-1
158,31,1271.551,146.589,217.052,193.594,1,-1,-1,-1
158,32,477.133,137.541,159.761,118.826,1,-1,-1,-1
158,38,980.655,126.281,201.479,146.312,1,-1,-1,-1
159,28,249.297,120.037,232.540,205.018,1,-1,-1,-1
159,8,426.316,371.144,623.283,611.252,1,-1,-1,-1
159,31,1290.971,144.144,224.647,199.380,1,-1,-1,-1
159,38,980.469,126.280,196.070,146.411,1,-1,-1,-1
159,32,478.591,137.712,162.814,118.631,1,-1,-1,-1
160,38,980.284,126.279,190.660,146.510,1,-1,-1,-1
160,8,451.103,393.773,616.394,609.127,1,-1,-1,-1
160,32,482.704,135.587,166.313,124.647,1,-1,-1,-1
160,40,1203.633,152.845,194.841,168.536,1,-1,-1,-1
160,31,1310.392,141.699,232.243,205.166,1,-1,-1,-1
160,28,255.937,122.421,232.204,206.116,1,-1,-1,-1
161,38,959.089,126.328,213.665,148.567,1,-1,-1,-1
161,8,459.835,435.302,636.117,596.902,1,-1,-1,-1
161,31,1308.598,143.607,224.173,201.663,1,-1,-1,-1
161,32,487.059,141.209,164.826,122.605,1,-1,-1,-1
161,40,1162.897,155.011,177.038,154.770,1,-1,-1,-1
161,28,261.936,122.076,230.449,208.998,1,-1,-1,-1
162,40,1162.897,155.011,177.038,154.770,1,-1,-1,-1
162,28,261.936,122.076,230.449,208.998,1,-1,-1,-1
162,31,1260.031,147.408,208.461,186.032,1,-1,-1,-1
162,32,487.059,141.209,164.826,122.605,1,-1,-1,-1
162,38,959.032,127.108,209.676,147.166,1,-1,-1,-1
162,8,459.835,435.302,636.117,596.902,1,-1,-1,-1
163,8,459.835,435.302,636.117,596.902,1,-1,-1,-1
163,41,1308.598,143.607,224.173,201.663,1,-1,-1,-1
163,32,487.059,141.209,164.826,122.605,1,-1,-1,-1
163,28,261.936,122.076,230.449,208.998,1,-1,-1,-1
163,38,958.975,127.889,205.687,145.766,1,-1,-1,-1
164,32,487.059,141.209,164.826,122.605,1,-1,-1,-1
164,8,459.835,435.302,636.117,596.902,1,-1,-1,-1
164,31,1162.897,155.011,177.038,154.770,1,-1,-1,-1
164,28,261.936,122.076,230.449,208.998,1,-1,-1,-1
164,38,958.919,128.669,201.697,144.365,1,-1,-1,-1
164,42,1292.421,143.625,222.939,195.499,1,-1,-1,-1
165,31,1162.897,155.011,177.038,154.770,1,-1,-1,-1
165,28,261.936,122.076,230.449,208.998,1,-1,-1,-1
165,8,459.835,435.302,636.117,596.902,1,-1,-1,-1
165,38,958.862,129.450,197.708,142.964,1,-1,-1,-1
165,32,487.059,141.209,164.826,122.605,1,-1,-1,-1
165,41,1260.031,147.408,208.461,186.032,1,-1,-1,-1
166,42,1308.598,143.607,224.173,201.663,1,-1,-1,-1
166,32,487.059,141.209,164.826,122.605,1,-1,-1,-1
166,41,1211.464,151.210,192.750,170.401,1,-1,-1,-1
166,28,261.936,122.076,230.449,208.998,1,-1,-1,-1
166,8,459.835,435.302,636.117,596.902,1,-1,-1,-1
166,38,958.805,130.230,193.719,141.563,1,-1,-1,-1
167,8,459.835,435.302,636.117,596.902,1,-1,-1,-1
167,32,487.059,141.209,164.826,122.605,1,-1,-1,-1
167,28,261.936,122.076,230.449,208.998,1,-1,-1,-1
167,41,1162.897,155.011,177.038,154.770,1,-1,-1,-1
167,38,958.748,131.011,189.730,140.163,1,-1,-1,-1
167,42,1308.598,143.607,224.173,201.663,1,-1,-1,-1
168,32,487.059,141.209,164.826,122.605,1,-1,-1,-1
168,8,459.835,435.302,636.117,596.902,1,-1,-1,-1
168,28,261.936,122.076,230.449,208.998,1,-1,-1,-1
168,42,1260.031,147.408,208.461,186.032,1,-1,-1,-1
168,31,944.900,124.229,220.647,147.723,1,-1,-1,-1
168,41,1162.897,155.011,177.038,154.770,1,-1,-1,-1
169,43,1308.598,143.607,224.173,201.663,1,-1,-1,-1
169,8,459.835,435.302,636.117,596.902,1,-1,-1,-1
169,32,487.059,141.209,164.826,122.605,1,-1,-1,-1
169,28,261.936,122.076,230.449,208.998,1,-1,-1,-1
169,41,959.089,126.328,213.665,148.567,1,-1,-1,-1
170,8,459.835,435.302,636.117,596.902,1,-1,-1,-1
170,32,487.059,141.209,164.826,122.605,1,-1,-1,-1
170,28,261.936,122.076,230.449,208.998,1,-1,-1,-1
170,41,959.089,126.328,213.665,148.567,1,-1,-1,-1
170,43,1308.598,143.607,224.173,201.663,1,-1,-1,-1
170,42,1162.897,155.011,177.038,154.770,1,-1,-1,-1
171,8,459.835,435.302,636.117,596.902,1,-1,-1,-1
171,32,487.059,141.209,164.826,122.605,1,-1,-1,-1
171,44,1292.421,143.625,222.939,195.499,1,-1,-1,-1
171,28,261.936,122.076,230.449,208.998,1,-1,-1,-1
171,43,1162.897,155.011,177.038,154.770,1,-1,-1,-1
171,41,944.900,124.229,220.647,147.723,1,-1,-1,-1
172,42,1104.538,145.389,169.053,150.592,1,-1,-1,-1
172,28,274.114,132.240,250.579,227.085,1,-1,-1,-1
172,32,503.812,144.987,170.454,126.989,1,-1,-1,-1
172,8,540.604,649.843,950.378,428.213,1,-1,-1,-1
172,38,958.464,134.913,169.784,133.159,1,-1,-1,-1
172,44,1239.899,143.051,205.928,184.961,1,-1,-1,-1
173,44,1229.336,139.915,205.515,187.309,1,-1,-1,-1
173,28,286.292,142.404,270.710,245.171,1,-1,-1,-1
173,8,559.897,669.535,976.973,408.553,1,-1,-1,-1
173,38,963.459,134.753,164.678,132.771,1,-1,-1,-1
173,42,1103.477,145.931,163.309,149.298,1,-1,-1,-1
173,32,520.566,148.766,176.082,131.374,1,-1,-1,-1
174,44,1211.315,139.207,210.354,184.789,1,-1,-1,-1
174,32,537.319,152.544,181.710,135.758,1,-1,-1,-1
174,8,581.643,706.991,1004.164,370.878,1,-1,-1,-1
174,28,288.680,146.854,274.007,246.504,1,-1,-1,-1
174,38,967.104,136.287,162.071,130.871,1,-1,-1,-1
174,42,1093.001,147.220,158.413,147.799,1,-1,-1,-1
175,28,291.067,151.303,277.303,247.836,1,-1,-1,-1
175,38,970.748,137.821,159.464,128.971,1,-1,-1,-1
175,42,1088.295,147.910,160.929,143.391,1,-1,-1,-1
175,8,635.890,727.498,992.221,352.519,1,-1,-1,-1
175,32,544.252,153.035,184.647,136.214,1,-1,-1,-1
175,44,1213.442,138.420,207.971,187.810,1,-1,-1,-1
176,28,298.358,154.478,276.975,248.982,1,-1,-1,-1
176,38,961.489,133.342,159.292,132.449,1,-1,-1,-1
176,8,610.220,755.572,1104.031,313.710,1,-1,-1,-1
176,44,1195.918,137.129,206.292,189.266,1,-1,-1,-1
176,42,1081.857,145.521,161.623,146.902,1,-1,-1,-1
176,32,552.291,153.600,175.951,140.343,1,-1,-1,-1
177,44,1218.402,141.234,186.928,180.949,1,-1,-1,-1
177,32,550.670,153.252,188.813,141.685,1,-1,-1,-1
177,8,675.956,796.459,1096.933,270.404,1,-1,-1,-1
177,38,962.767,131.735,154.795,131.443,1,-1,-1,-1
177,28,305.649,157.653,276.647,250.129,1,-1,-1,-1
177,42,1079.634,143.531,159.352,145.827,1,-1,-1,-1
178,32,557.550,152.702,186.379,143.235,1,-1,-1,-1
178,42,1077.411,141.540,157.081,144.752,1,-1,-1,-1
178,8,751.355,816.140,953.963,255.002,1,-1,-1,-1
178,38,962.834,132.825,151.848,131.581,1,-1,-1,-1
178,44,1202.531,137.736,193.521,183.365,1,-1,-1,-1
178,28,304.708,158.623,283.411,255.257,1,-1,-1,-1
179,45,820.591,167.131,154.091,99.045,1,-1,-1,-1
179,38,968.273,133.682,147.343,127.773,1,-1,-1,-1
179,32,560.690,153.526,185.953,142.691,1,-1,-1,-1
179,42,1075.188,139.550,154.810,143.677,1,-1,-1,-1
179,28,302.205,160.077,295.696,264.354,1,-1,-1,-1
179,44,1186.660,134.238,200.115,185.781,1,-1,-1,-1
179,8,769.681,830.622,944.832,243.684,1,-1,-1,-1
180,42,1069.812,139.605,152.815,142.586,1,-1,-1,-1
180,45,814.847,170.043,155.218,94.687,1,-1,-1,-1
180,28,299.702,161.531,307.981,273.451,1,-1,-1,-1
180,32,566.664,152.754,182.445,145.116,1,-1,-1,-1
180,8,848.312,876.224,945.420,201.152,1,-1,-1,-1
180,44,1196.655,139.843,181.642,176.907,1,-1,-1,-1
180,38,972.693,132.752,141.850,128.159,1,-1,-1,-1
181,32,572.637,151.981,178.937,147.540,1,-1,-1,-1
181,45,786.036,179.402,183.524,87.960,1,-1,-1,-1
181,8,871.255,924.198,951.474,157.938,1,-1,-1,-1
181,44,1067.073,139.618,152.945,140.231,1,-1,-1,-1
181,38,926.335,150.186,151.103,117.807,1,-1,-1,-1
181,28,302.362,166.042,315.049,278.164,1,-1,-1,-1
181,46,1189.053,142.146,181.368,174.755,1,-1,-1,-1
181,42,1022.310,142.725,153.929,137.621,1,-1,-1,-1
182,28,305.022,170.553,322.118,282.878,1,-1,-1,-1
182,46,1173.895,133.351,198.350,184.958,1,-1,-1,-1
182,32,578.611,151.209,175.429,149.965,1,-1,-1,-1
182,38,961.624,136.595,159.294,131.920,1,-1,-1,-1
182,8,955.071,944.500,929.404,138.795,1,-1,-1,-1
182,45,829.686,162.000,149.387,105.393,1,-1,-1,-1
183,32,588.441,150.225,170.238,153.606,1,-1,-1,-1
183,28,314.235,174.693,312.673,279.801,1,-1,-1,-1
183,46,1177.097,135.652,189.616,173.795,1,-1,-1,-1
183,38,957.010,137.009,159.396,129.214,1,-1,-1,-1
184,32,588.647,155.438,175.977,153.021,1,-1,-1,-1
184,44,1047.573,141.982,148.822,137.779,1,-1,-1,-1
184,38,942.154,143.101,146.869,124.963,1,-1,-1,-1
184,28,315.192,181.328,317.327,284.610,1,-1,-1,-1
184,46,1172.943,134.730,190.552,174.031,1,-1,-1,-1
185,32,588.853,160.651,181.715,152.436,1,-1,-1,-1
185,44,1045.670,140.456,147.923,136.879,1,-1,-1,-1
185,38,944.844,147.084,139.148,118.995,1,-1,-1,-1
185,46,1168.789,133.808,191.489,174.267,1,-1,-1,-1
185,28,316.149,187.962,321.980,289.419,1,-1,-1,-1
185,42,832.303,155.203,158.386,117.762,1,-1,-1,-1
186,47,1162.048,129.545,193.181,178.639,1,-1,-1,-1
186,38,937.792,147.826,140.300,115.797,1,-1,-1,-1
186,28,317.106,194.597,326.634,294.228,1,-1,-1,-1
186,42,784.802,158.322,159.501,112.798,1,-1,-1,-1
186,44,1043.767,138.929,147.023,135.979,1,-1,-1,-1
186,32,596.074,163.259,183.051,153.300,1,-1,-1,-1
187,32,599.700,163.652,178.148,156.511,1,-1,-1,-1
187,38,936.173,142.406,132.651,116.314,1,-1,-1,-1
187,44,1040.256,139.051,148.023,135.821,1,-1,-1,-1
187,28,330.350,198.305,323.922,298.055,1,-1,-1,-1
187,47,1157.969,128.131,192.570,178.492,1,-1,-1,-1
187,42,737.300,161.442,160.615,107.833,1,-1,-1,-1
188,46,1156.328,131.042,194.297,174.976,1,-1,-1,-1
188,44,937.666,148.498,145.391,115.253,1,-1,-1,-1
188,28,329.013,196.794,334.940,306.713,1,-1,-1,-1
188,47,1033.432,142.828,145.798,129.061,1,-1,-1,-1
188,42,734.705,162.651,143.484,108.171,1,-1,-1,-1
188,32,602.644,161.641,179.145,160.297,1,-1,-1,-1
189,48,734.705,162.651,143.484,108.171,1,-1,-1,-1
189,32,602.644,161.641,179.145,160.297,1,-1,-1,-1
189,28,329.013,196.794,334.940,306.713,1,-1,-1,-1
189,46,1152.174,130.120,195.234,175.212,1,-1,-1,-1
189,47,1033.432,142.828,145.798,129.061,1,-1,-1,-1
189,44,937.666,148.498,145.391,115.253,1,-1,-1,-1
190,32,602.644,161.641,179.145,160.297,1,-1,-1,-1
190,46,1148.020,129.198,196.170,175.448,1,-1,-1,-1
190,47,1033.432,142.828,145.798,129.061,1,-1,-1,-1
190,48,734.705,162.651,143.484,108.171,1,-1,-1,-1
190,28,330.157,197.593,337.805,305.385,1,-1,-1,-1
190,44,937.666,148.498,145.391,115.253,1,-1,-1,-1
191,48,734.705,162.651,143.484,108.171,1,-1,-1,-1
191,28,331.301,198.392,340.670,304.057,1,-1,-1,-1
191,46,1148.435,128.232,196.373,176.301,1,-1,-1,-1
191,44,950.791,148.600,121.490,101.771,1,-1,-1,-1
191,32,604.299,165.729,192.521,162.008,1,-1,-1,-1
191,47,1033.069,144.023,145.260,127.656,1,-1,-1,-1
192,44,928.590,149.849,140.268,109.723,1,-1,-1,-1
192,28,344.305,207.135,349.416,319.880,1,-1,-1,-1
192,46,1127.467,126.642,199.400,172.369,1,-1,-1,-1
192,47,1024.004,142.147,133.616,119.935,1,-1,-1,-1
192,32,605.954,169.818,205.898,163.718,1,-1,-1,-1
193,46,1124.851,128.513,193.163,169.410,1,-1,-1,-1
193,47,1023.075,140.816,131.598,120.237,1,-1,-1,-1
193,28,357.308,215.879,358.162,335.702,1,-1,-1,-1
193,44,930.443,150.291,128.054,108.690,1,-1,-1,-1
193,32,564.167,160.010,240.190,174.704,1,-1,-1,-1
194,28,360.932,218.564,363.961,342.758,1,-1,-1,-1
194,46,1125.260,129.916,187.543,167.049,1,-1,-1,-1
194,44,928.068,150.419,128.700,108.961,1,-1,-1,-1
194,32,533.775,148.252,226.801,150.917,1,-1,-1,-1
194,47,1021.296,138.728,132.239,121.952,1,-1,-1,-1
195,28,362.258,218.908,372.969,349.054,1,-1,-1,-1
195,46,1120.658,130.075,188.437,164.562,1,-1,-1,-1
195,44,924.736,149.321,130.850,109.264,1,-1,-1,-1
195,32,503.384,136.495,213.411,127.130,1,-1,-1,-1
195,47,1016.657,137.142,143.673,125.408,1,-1,-1,-1
196,32,472.992,124.737,200.022,103.343,1,-1,-1,-1
196,46,1117.883,127.807,186.936,167.166,1,-1,-1,-1
196,44,924.190,149.298,127.296,112.125,1,-1,-1,-1
196,28,366.025,221.026,378.710,359.424,1,-1,-1,-1
197,46,1116.471,127.996,184.965,167.336,1,-1,-1,-1
197,28,368.581,228.001,387.673,359.016,1,-1,-1,-1
197,44,925.277,150.352,123.922,110.213,1,-1,-1,-1
197,32,459.275,112.481,204.705,123.491,1,-1,-1,-1
198,32,454.574,116.479,185.857,121.072,1,-1,-1,-1
198,46,1118.162,128.815,178.487,164.400,1,-1,-1,-1
198,44,926.364,151.406,120.549,108.301,1,-1,-1,-1
198,49,1695.645,302.425,219.905,338.028,1,-1,-1,-1
198,28,371.061,232.193,404.684,364.246,1,-1,-1,-1
199,32,449.914,111.769,181.055,138.930,1,-1,-1,-1
199,46,1101.957,126.124,191.187,165.148,1,-1,-1,-1
199,47,977.646,145.266,147.678,119.161,1,-1,-1,-1
199,28,373.541,236.384,421.694,369.476,1,-1,-1,-1
199,49,1677.105,293.555,239.143,355.437,1,-1,-1,-1
199,44,927.451,152.461,117.175,106.389,1,-1,-1,-1
200,28,385.354,241.725,425.740,383.275,1,-1,-1,-1
200,46,1105.926,131.170,187.198,158.190,1,-1,-1,-1
200,32,440.405,110.604,177.831,144.548,1,-1,-1,-1
200,49,1632.787,290.925,285.653,342.001,1,-1,-1,-1
200,47,987.697,144.982,143.616,115.292,1,-1,-1,-1
201,28,397.167,247.065,429.785,397.074,1,-1,-1,-1
201,32,441.501,107.304,165.261,149.121,1,-1,-1,-1
201,44,929.624,154.569,110.428,102.564,1,-1,-1,-1
201,46,1103.027,128.704,181.810,159.511,1,-1,-1,-1
202,46,1103.027,128.704,181.810,159.511,1,-1,-1,-1
202,28,397.167,247.065,429.785,397.074,1,-1,-1,-1
202,47,992.443,144.708,137.872,116.332,1,-1,-1,-1
202,32,441.501,107.304,165.261,149.121,1,-1,-1,-1
202,44,930.711,155.623,107.054,100.652,1,-1,-1,-1
203,46,1103.027,128.704,181.810,159.511,1,-1,-1,-1
203,28,397.167,247.065,429.785,397.074,1,-1,-1,-1
203,32,441.501,107.304,165.261,149.121,1,-1,-1,-1
203,44,930.711,155.623,107.054,100.652,1,-1,-1,-1
203,47,992.443,144.708,137.872,116.332,1,-1,-1,-1
204,44,930.711,155.623,107.054,100.652,1,-1,-1,-1
204,28,397.167,247.065,429.785,397.074,1,-1,-1,-1
204,47,992.443,144.708,137.872,116.332,1,-1,-1,-1
204,32,441.501,107.304,165.261,149.121,1,-1,-1,-1
204,46,1103.027,128.704,181.810,159.511,1,-1,-1,-1
205,32,441.501,107.304,165.261,149.121,1,-1,-1,-1
205,44,930.711,155.623,107.054,100.652,1,-1,-1,-1
205,47,992.443,144.708,137.872,116.332,1,-1,-1,-1
205,46,1103.027,128.704,181.810,159.511,1,-1,-1,-1
205,28,397.167,247.065,429.785,397.074,1,-1,-1,-1
206,28,397.167,247.065,429.785,397.074,1,-1,-1,-1
206,44,930.711,155.623,107.054,100.652,1,-1,-1,-1
206,46,1103.027,128.704,181.810,159.511,1,-1,-1,-1
206,47,992.443,144.708,137.872,116.332,1,-1,-1,-1
206,32,441.501,107.304,165.261,149.121,1,-1,-1,-1
207,28,397.167,247.065,429.785,397.074,1,-1,-1,-1
207,32,441.501,107.304,165.261,149.121,1,-1,-1,-1
207,47,992.443,144.708,137.872,116.332,1,-1,-1,-1
207,44,930.711,155.623,107.054,100.652,1,-1,-1,-1
207,46,1103.027,128.704,181.810,159.511,1,-1,-1,-1
208,32,441.501,107.304,165.261,149.121,1,-1,-1,-1
208,47,992.443,144.708,137.872,116.332,1,-1,-1,-1
208,44,930.711,155.623,107.054,100.652,1,-1,-1,-1
208,46,1103.027,128.704,181.810,159.511,1,-1,-1,-1
208,28,397.167,247.065,429.785,397.074,1,-1,-1,-1
209,47,992.443,144.708,137.872,116.332,1,-1,-1,-1
209,28,397.167,247.065,429.785,397.074,1,-1,-1,-1
209,44,930.711,155.623,107.054,100.652,1,-1,-1,-1
209,46,1103.027,128.704,181.810,159.511,1,-1,-1,-1
209,32,441.501,107.304,165.261,149.121,1,-1,-1,-1
210,47,992.443,144.708,137.872,116.332,1,-1,-1,-1
210,32,441.501,107.304,165.261,149.121,1,-1,-1,-1
210,28,397.167,247.065,429.785,397.074,1,-1,-1,-1
210,44,930.711,155.623,107.054,100.652,1,-1,-1,-1
210,46,1103.027,128.704,181.810,159.511,1,-1,-1,-1
211,47,992.443,144.708,137.872,116.332,1,-1,-1,-1
211,32,441.501,107.304,165.261,149.121,1,-1,-1,-1
211,28,397.167,247.065,429.785,397.074,1,-1,-1,-1
211,44,930.711,155.623,107.054,100.652,1,-1,-1,-1
211,46,1103.027,128.704,181.810,159.511,1,-1,-1,-1
212,46,1081.495,121.639,173.094,158.426,1,-1,-1,-1
212,28,479.356,335.876,560.724,538.670,1,-1,-1,-1
212,50,566.328,238.107,288.168,143.428,1,-1,-1,-1
212,44,920.815,157.504,98.763,103.775,1,-1,-1,-1
212,51,1331.680,212.702,354.778,293.593,1,-1,-1,-1
212,47,985.873,144.527,119.156,122.887,1,-1,-1,-1
212,32,443.830,74.704,160.025,176.754,1,-1,-1,-1
213,51,1320.298,210.107,342.506,280.106,1,-1,-1,-1
213,46,1080.012,120.954,165.670,157.916,1,-1,-1,-1
213,32,442.771,74.423,161.047,175.415,1,-1,-1,-1
213,28,493.202,363.713,580.434,529.547,1,-1,-1,-1
213,50,578.967,245.192,277.520,148.181,1,-1,-1,-1
213,44,921.013,159.022,94.365,99.962,1,-1,-1,-1
213,47,997.694,144.073,108.591,124.914,1,-1,-1,-1
214,44,920.818,159.576,97.463,98.080,1,-1,-1,-1
214,32,443.221,74.683,165.878,173.747,1,-1,-1,-1
214,51,1278.983,209.614,354.349,275.341,1,-1,-1,-1
214,46,1080.749,121.619,166.211,160.231,1,-1,-1,-1
214,47,989.121,146.726,112.939,121.705,1,-1,-1,-1
214,28,504.644,372.013,596.337,551.315,1,-1,-1,-1
214,50,583.343,249.475,283.897,160.435,1,-1,-1,-1
215,51,1259.657,209.204,364.846,265.953,1,-1,-1,-1
215,32,448.894,62.137,157.467,183.732,1,-1,-1,-1
215,44,922.999,158.545,91.213,100.306,1,-1,-1,-1
215,47,991.468,138.135,108.503,123.696,1,-1,-1,-1
215,52,1769.118,386.058,143.331,325.295,1,-1,-1,-1
215,28,516.087,380.314,612.240,573.083,1,-1,-1,-1
215,50,575.386,252.873,281.237,175.972,1,-1,-1,-1
215,46,1071.176,120.135,172.931,159.344,1,-1,-1,-1
216,28,514.964,402.766,652.206,574.582,1,-1,-1,-1
216,50,575.229,260.186,287.180,189.468,1,-1,-1,-1
216,32,444.634,59.573,164.952,184.547,1,-1,-1,-1
216,47,988.764,145.924,107.726,125.328,1,-1,-1,-1
216,52,1742.473,369.166,164.905,311.777,1,-1,-1,-1
216,46,1073.098,122.319,163.300,154.647,1,-1,-1,-1
216,44,920.846,159.349,95.689,96.992,1,-1,-1,-1
216,51,1248.879,197.806,337.749,261.974,1,-1,-1,-1
217,46,1070.064,124.113,167.109,153.226,1,-1,-1,-1
217,32,451.019,57.085,159.792,187.857,1,-1,-1,-1
217,44,919.620,160.181,98.366,93.951,1,-1,-1,-1
217,50,582.584,270.280,297.044,203.632,1,-1,-1,-1
217,51,1247.031,203.029,319.224,261.011,1,-1,-1,-1
217,28,506.092,399.239,706.348,626.770,1,-1,-1,-1
217,52,1695.263,361.412,216.068,281.964,1,-1,-1,-1
217,47,987.014,143.419,112.860,126.415,1,-1,-1,-1
218,52,1665.866,355.704,252.732,295.120,1,-1,-1,-1
218,46,1070.660,121.917,161.274,153.047,1,-1,-1,-1
218,51,1210.068,201.093,331.516,248.673,1,-1,-1,-1
218,28,506.862,424.326,738.712,648.344,1,-1,-1,-1
218,47,985.313,145.716,112.186,126.296,1,-1,-1,-1
218,32,447.105,52.825,166.040,192.162,1,-1,-1,-1
218,44,922.298,158.181,95.175,97.241,1,-1,-1,-1
218,50,572.099,282.279,306.243,230.629,1,-1,-1,-1
219,32,448.531,50.794,167.816,195.576,1,-1,-1,-1
219,52,1634.820,354.149,278.976,275.964,1,-1,-1,-1
219,28,545.310,446.034,703.206,638.362,1,-1,-1,-1
219,44,919.992,161.169,99.322,93.285,1,-1,-1,-1
219,50,580.186,288.721,319.003,244.837,1,-1,-1,-1
219,47,980.606,136.105,124.834,127.162,1,-1,-1,-1
219,46,1064.743,120.515,162.746,154.164,1,-1,-1,-1
219,51,1201.445,189.008,309.225,259.320,1,-1,-1,-1
220,50,588.212,291.536,312.635,250.608,1,-1,-1,-1
220,51,1185.500,188.454,308.560,248.188,1,-1,-1,-1
220,46,1060.842,120.100,165.288,152.970,1,-1,-1,-1
220,47,985.343,133.235,129.431,130.798,1,-1,-1,-1
220,52,1608.737,337.955,308.328,284.490,1,-1,-1,-1
220,28,535.533,478.816,784.360,606.719,1,-1,-1,-1
220,32,449.956,48.762,169.593,198.990,1,-1,-1,-1
220,44,922.570,161.189,95.536,94.058,1,-1,-1,-1
221,52,1566.076,334.645,351.965,272.869,1,-1,-1,-1
221,50,592.662,292.916,319.452,257.077,1,-1,-1,-1
221,32,451.382,46.731,171.369,202.404,1,-1,-1,-1
221,44,922.511,160.922,95.450,93.698,1,-1,-1,-1
221,46,1051.988,118.437,174.364,153.142,1,-1,-1,-1
221,47,974.486,158.294,106.591,104.444,1,-1,-1,-1
221,28,554.928,496.080,778.050,590.920,1,-1,-1,-1
221,51,1167.058,184.103,307.182,246.524,1,-1,-1,-1
222,32,452.261,38.730,180.175,217.055,1,-1,-1,-1
222,44,923.435,161.492,95.374,93.799,1,-1,-1,-1
222,52,1593.135,333.061,325.865,278.058,1,-1,-1,-1
222,28,579.816,495.652,828.589,590.535,1,-1,-1,-1
222,51,1153.398,183.831,293.147,232.462,1,-1,-1,-1
222,46,1040.664,122.203,185.222,147.288,1,-1,-1,-1
222,50,592.727,296.783,326.750,262.254,1,-1,-1,-1
223,50,586.870,303.159,336.780,264.389,1,-1,-1,-1
223,32,452.176,33.490,182.480,223.604,1,-1,-1,-1
223,52,1525.021,316.794,390.679,266.775,1,-1,-1,-1
223,28,597.025,541.133,873.120,539.547,1,-1,-1,-1
223,51,1147.416,177.372,278.776,229.639,1,-1,-1,-1
223,46,1043.150,123.205,183.142,146.837,1,-1,-1,-1
223,44,924.358,162.061,95.299,93.899,1,-1,-1,-1
224,46,1037.829,122.779,181.392,149.250,1,-1,-1,-1
224,52,1505.990,311.843,370.486,262.705,1,-1,-1,-1
224,32,461.774,39.792,175.873,217.005,1,-1,-1,-1
224,50,602.896,307.791,324.212,281.875,1,-1,-1,-1
224,51,1132.463,173.811,283.489,231.859,1,-1,-1,-1
224,44,925.281,162.630,95.224,93.999,1,-1,-1,-1
224,53,608.318,564.296,898.792,518.345,1,-1,-1,-1
225,44,926.205,163.200,95.148,94.100,1,-1,-1,-1
225,50,602.896,307.791,324.212,281.875,1,-1,-1,-1
225,46,1037.829,122.779,181.392,149.250,1,-1,-1,-1
225,32,461.774,39.792,175.873,217.005,1,-1,-1,-1
225,51,1132.463,173.811,283.489,231.859,1,-1,-1,-1
225,52,1505.990,311.843,370.486,262.705,1,-1,-1,-1
225,53,608.318,564.296,898.792,518.345,1,-1,-1,-1
226,50,602.896,307.791,324.212,281.875,1,-1,-1,-1
226,52,1505.990,311.843,370.486,262.705,1,-1,-1,-1
226,53,608.318,564.296,898.792,518.345,1,-1,-1,-1
226,46,1037.829,122.779,181.392,149.250,1,-1,-1,-1
226,32,461.774,39.792,175.873,217.005,1,-1,-1,-1
226,44,926.205,163.200,95.148,94.100,1,-1,-1,-1
226,51,1132.463,173.811,283.489,231.859,1,-1,-1,-1
227,52,1505.990,311.843,370.486,262.705,1,-1,-1,-1
227,32,461.774,39.792,175.873,217.005,1,-1,-1,-1
227,46,1037.829,122.779,181.392,149.250,1,-1,-1,-1
227,50,602.896,307.791,324.212,281.875,1,-1,-1,-1
227,51,1132.463,173.811,283.489,231.859,1,-1,-1,-1
227,28,632.981,547.260,865.887,539.417,1,-1,-1,-1
227,44,926.205,163.200,95.148,94.100,1,-1,-1,-1
228,46,1037.829,122.779,181.392,149.250,1,-1,-1,-1
228,51,1132.463,173.811,283.489,231.859,1,-1,-1,-1
228,52,1505.990,311.843,370.486,262.705,1,-1,-1,-1
228,32,461.774,39.792,175.873,217.005,1,-1,-1,-1
228,50,602.896,307.791,324.212,281.875,1,-1,-1,-1
228,54,608.318,564.296,898.792,518.345,1,-1,-1,-1
228,44,926.205,163.200,95.148,94.100,1,-1,-1,-1
229,51,1132.463,173.811,283.489,231.859,1,-1,-1,-1
229,32,461.774,39.792,175.873,217.005,1,-1,-1,-1
229,44,926.205,163.200,95.148,94.100,1,-1,-1,-1
229,52,1505.990,311.843,370.486,262.705,1,-1,-1,-1
229,50,602.896,307.791,324.212,281.875,1,-1,-1,-1
229,28,632.981,547.260,865.887,539.417,1,-1,-1,-1
229,46,1037.829,122.779,181.392,149.250,1,-1,-1,-1
230,50,602.896,307.791,324.212,281.875,1,-1,-1,-1
230,32,461.774,39.792,175.873,217.005,1,-1,-1,-1
230,44,926.205,163.200,95.148,94.100,1,-1,-1,-1
230,52,1505.990,311.843,370.486,262.705,1,-1,-1,-1
230,46,1037.829,122.779,181.392,149.250,1,-1,-1,-1
230,51,1132.463,173.811,283.489,231.859,1,-1,-1,-1
230,54,608.318,564.296,898.792,518.345,1,-1,-1,-1
231,32,462.496,36.332,175.684,219.645,1,-1,-1,-1
231,28,632.825,546.724,866.098,538.235,1,-1,-1,-1
231,52,1504.726,312.431,373.106,262.169,1,-1,-1,-1
231,51,1133.120,173.210,283.919,232.092,1,-1,-1,-1
231,44,926.661,163.638,93.888,93.579,1,-1,-1,-1
231,50,603.470,306.859,322.585,276.542,1,-1,-1,-1
231,46,1039.599,121.980,179.394,149.522,1,-1,-1,-1
232,52,1502.827,311.865,372.911,262.461,1,-1,-1,-1
232,44,928.785,171.020,96.053,87.560,1,-1,-1,-1
232,50,619.884,398.667,413.254,315.937,1,-1,-1,-1
232,51,1042.706,149.522,250.158,219.974,1,-1,-1,-1
232,55,1335.784,262.081,307.611,225.775,1,-1,-1,-1
232,32,481.198,32.073,196.148,239.420,1,-1,-1,-1
233,44,931.127,171.591,94.558,88.394,1,-1,-1,-1
233,32,480.058,29.507,198.306,245.442,1,-1,-1,-1
233,50,620.054,403.786,410.256,336.991,1,-1,-1,-1
233,51,1037.978,145.135,245.685,221.086,1,-1,-1,-1
233,52,1570.603,350.616,337.796,281.927,1,-1,-1,-1
233,55,1322.941,254.126,299.539,220.355,1,-1,-1,-1
234,51,1015.161,137.021,259.277,221.376,1,-1,-1,-1
234,56,1002.075,852.436,917.709,223.996,1,-1,-1,-1
234,52,1556.676,342.284,354.122,283.377,1,-1,-1,-1
234,44,928.715,172.315,94.499,87.485,1,-1,-1,-1
234,55,1306.892,250.029,297.918,217.722,1,-1,-1,-1
234,50,625.529,412.226,425.384,352.691,1,-1,-1,-1
234,32,479.251,36.997,203.108,238.528,1,-1,-1,-1
235,55,1281.553,246.410,288.173,215.937,1,-1,-1,-1
235,50,624.863,424.852,437.396,359.012,1,-1,-1,-1
235,32,481.394,36.314,203.091,240.802,1,-1,-1,-1
235,51,1009.801,136.213,251.702,217.145,1,-1,-1,-1
235,52,1533.420,336.285,374.583,278.142,1,-1,-1,-1
235,44,934.714,170.159,90.027,90.610,1,-1,-1,-1
235,56,1101.599,883.970,798.781,192.765,1,-1,-1,-1
236,50,630.282,439.209,452.279,361.338,1,-1,-1,-1
236,55,1271.160,235.850,281.279,218.299,1,-1,-1,-1
236,52,1510.075,321.705,370.377,276.163,1,-1,-1,-1
236,56,1194.322,922.272,691.385,160.286,1,-1,-1,-1
236,51,1004.441,135.405,244.127,212.914,1,-1,-1,-1
236,44,936.737,158.702,108.023,117.874,1,-1,-1,-1
236,32,485.225,38.609,198.860,240.404,1,-1,-1,-1
237,32,489.191,36.618,197.535,243.347,1,-1,-1,-1
237,50,642.373,450.174,467.199,376.811,1,-1,-1,-1
237,51,993.953,128.295,237.389,203.540,1,-1,-1,-1
237,44,941.234,157.118,105.150,125.983,1,-1,-1,-1
237,55,1247.217,231.774,296.610,212.477,1,-1,-1,-1
237,52,1482.137,314.391,368.272,274.816,1,-1,-1,-1
238,55,1238.338,230.304,271.049,206.302,1,-1,-1,-1
238,50,643.738,470.093,478.912,374.435,1,-1,-1,-1
238,51,986.707,130.049,238.871,203.132,1,-1,-1,-1
238,52,1452.980,304.678,370.044,274.089,1,-1,-1,-1
238,32,491.788,36.887,199.428,245.713,1,-1,-1,-1
239,55,1223.764,224.907,268.545,206.156,1,-1,-1,-1
239,50,637.910,484.292,506.525,386.182,1,-1,-1,-1
239,51,979.461,131.803,240.354,202.723,1,-1,-1,-1
239,52,1436.922,300.779,354.979,269.911,1,-1,-1,-1
239,32,502.715,43.858,207.139,233.557,1,-1,-1,-1
240,55,1211.159,218.978,270.704,210.896,1,-1,-1,-1
240,50,644.407,498.920,516.943,393.859,1,-1,-1,-1
240,51,972.215,133.556,241.836,202.315,1,-1,-1,-1
240,32,505.277,43.384,204.575,238.007,1,-1,-1,-1
240,52,1399.350,303.202,367.838,260.307,1,-1,-1,-1
241,32,511.988,45.751,208.133,237.099,1,-1,-1,-1
241,52,1386.425,297.203,355.373,252.166,1,-1,-1,-1
241,50,642.882,512.018,540.133,419.021,1,-1,-1,-1
241,55,1191.292,212.540,266.899,208.073,1,-1,-1,-1
241,51,964.969,135.310,243.319,201.906,1,-1,-1,-1
242,32,511.988,45.751,208.133,237.099,1,-1,-1,-1
242,51,957.723,137.064,244.801,201.498,1,-1,-1,-1
242,50,642.882,512.018,540.133,419.021,1,-1,-1,-1
242,52,1386.425,297.203,355.373,252.166,1,-1,-1,-1
242,55,1191.292,212.540,266.899,208.073,1,-1,-1,-1
243,32,511.988,45.751,208.133,237.099,1,-1,-1,-1
243,51,957.723,137.064,244.801,201.498,1,-1,-1,-1
243,50,642.882,512.018,540.133,419.021,1,-1,-1,-1
243,52,1386.425,297.203,355.373,252.166,1,-1,-1,-1
243,55,1191.292,212.540,266.899,208.073,1,-1,-1,-1
244,32,511.988,45.751,208.133,237.099,1,-1,-1,-1
244,52,1386.425,297.203,355.373,252.166,1,-1,-1,-1
244,51,957.723,137.064,244.801,201.498,1,-1,-1,-1
244,55,1191.292,212.540,266.899,208.073,1,-1,-1,-1
244,50,642.882,512.018,540.133,419.021,1,-1,-1,-1
245,52,1386.425,297.203,355.373,252.166,1,-1,-1,-1
245,50,642.882,512.018,540.133,419.021,1,-1,-1,-1
245,51,957.723,137.064,244.801,201.498,1,-1,-1,-1
245,32,511.988,45.751,208.133,237.099,1,-1,-1,-1
245,55,1191.292,212.540,266.899,208.073,1,-1,-1,-1
246,52,1386.425,297.203,355.373,252.166,1,-1,-1,-1
246,50,642.882,512.018,540.133,419.021,1,-1,-1,-1
246,51,957.723,137.064,244.801,201.498,1,-1,-1,-1
246,32,511.988,45.751,208.133,237.099,1,-1,-1,-1
246,55,1191.292,212.540,266.899,208.073,1,-1,-1,-1
247,51,957.723,137.064,244.801,201.498,1,-1,-1,-1
247,52,1386.425,297.203,355.373,252.166,1,-1,-1,-1
247,32,511.988,45.751,208.133,237.099,1,-1,-1,-1
247,55,1191.292,212.540,266.899,208.073,1,-1,-1,-1
247,50,642.882,512.018,540.133,419.021,1,-1,-1,-1
248,51,957.723,137.064,244.801,201.498,1,-1,-1,-1
248,50,642.882,512.018,540.133,419.021,1,-1,-1,-1
248,55,1191.292,212.540,266.899,208.073,1,-1,-1,-1
248,52,1386.425,297.203,355.373,252.166,1,-1,-1,-1
248,32,511.988,45.751,208.133,237.099,1,-1,-1,-1
249,32,511.988,45.751,208.133,237.099,1,-1,-1,-1
249,51,957.723,137.064,244.801,201.498,1,-1,-1,-1
249,50,642.882,512.018,540.133,419.021,1,-1,-1,-1
249,52,1386.425,297.203,355.373,252.166,1,-1,-1,-1
249,55,1191.292,212.540,266.899,208.073,1,-1,-1,-1
250,32,511.988,45.751,208.133,237.099,1,-1,-1,-1
250,50,642.882,512.018,540.133,419.021,1,-1,-1,-1
250,52,1386.425,297.203,355.373,252.166,1,-1,-1,-1
250,55,1191.292,212.540,266.899,208.073,1,-1,-1,-1
250,51,957.723,137.064,244.801,201.498,1,-1,-1,-1
251,32,511.988,45.751,208.133,237.099,1,-1,-1,-1
251,52,1386.425,297.203,355.373,252.166,1,-1,-1,-1
251,50,642.882,512.018,540.133,419.021,1,-1,-1,-1
251,55,1191.292,212.540,266.899,208.073,1,-1,-1,-1
251,51,957.723,137.064,244.801,201.498,1,-1,-1,-1
252,32,546.735,33.875,224.904,287.562,1,-1,-1,-1
252,57,1064.451,186.442,222.833,170.857,1,-1,-1,-1
252,55,1231.505,249.628,274.006,204.773,1,-1,-1,-1
252,51,888.017,132.597,203.793,174.396,1,-1,-1,-1
252,58,757.221,761.868,821.028,325.005,1,-1,-1,-1
253,57,1067.724,188.321,206.155,169.448,1,-1,-1,-1
253,51,880.769,131.791,196.639,176.116,1,-1,-1,-1
253,55,1214.665,240.171,271.534,205.428,1,-1,-1,-1
253,32,554.783,40.098,235.637,278.503,1,-1,-1,-1
253,58,743.983,798.949,865.594,282.827,1,-1,-1,-1
254,55,1203.088,236.303,269.068,203.232,1,-1,-1,-1
254,57,1051.842,182.135,211.785,172.479,1,-1,-1,-1
254,58,790.676,821.364,822.175,256.632,1,-1,-1,-1
254,32,555.447,41.387,239.922,284.827,1,-1,-1,-1
254,51,869.777,132.235,188.925,175.742,1,-1,-1,-1
255,32,563.331,29.155,242.643,304.150,1,-1,-1,-1
255,55,1191.268,231.740,274.023,208.386,1,-1,-1,-1
255,58,809.201,847.318,808.545,228.884,1,-1,-1,-1
255,51,867.327,126.639,199.790,179.424,1,-1,-1,-1
255,57,1035.003,178.291,213.233,166.602,1,-1,-1,-1
256,57,1025.932,178.407,209.253,159.944,1,-1,-1,-1
256,58,867.926,887.441,784.558,183.240,1,-1,-1,-1
256,51,872.597,124.017,206.859,180.564,1,-1,-1,-1
256,55,1179.164,233.925,272.044,201.046,1,-1,-1,-1
256,32,571.266,29.005,238.396,307.194,1,-1,-1,-1
257,57,1025.107,172.083,203.028,166.296,1,-1,-1,-1
257,51,854.523,122.592,202.966,175.982,1,-1,-1,-1
257,32,588.879,32.755,232.209,310.882,1,-1,-1,-1
257,58,915.643,935.227,734.724,138.449,1,-1,-1,-1
257,55,1172.323,226.679,264.068,202.582,1,-1,-1,-1
257,59,1751.358,276.183,166.942,223.164,1,-1,-1,-1
258,55,1167.633,218.902,253.517,210.517,1,-1,-1,-1
258,59,1715.174,268.222,204.407,214.598,1,-1,-1,-1
258,57,1013.165,170.573,206.219,166.200,1,-1,-1,-1
258,32,578.933,30.584,252.046,314.019,1,-1,-1,-1
258,51,836.450,121.168,199.073,171.400,1,-1,-1,-1
259,55,1149.517,210.215,257.079,213.384,1,-1,-1,-1
259,59,1705.128,258.589,214.594,223.398,1,-1,-1,-1
259,32,581.544,33.264,253.460,313.605,1,-1,-1,-1
259,57,1004.309,163.589,199.405,169.955,1,-1,-1,-1
259,51,836.871,122.594,190.846,167.233,1,-1,-1,-1
260,57,990.096,158.941,203.632,170.440,1,-1,-1,-1
260,51,841.190,122.145,176.758,168.754,1,-1,-1,-1
260,32,594.418,31.562,247.927,319.965,1,-1,-1,-1
260,59,1705.128,258.589,214.594,223.398,1,-1,-1,-1
260,55,1139.675,210.649,250.270,204.237,1,-1,-1,-1
261,59,1654.517,251.987,257.113,215.643,1,-1,-1,-1
261,51,845.509,121.696,162.669,170.275,1,-1,-1,-1
261,32,593.585,27.598,258.755,322.940,1,-1,-1,-1
261,57,975.626,154.983,207.165,178.535,1,-1,-1,-1
261,55,1135.861,210.238,254.125,195.897,1,-1,-1,-1
262,57,957.314,147.881,207.178,184.113,1,-1,-1,-1
262,55,1128.802,210.136,244.896,193.646,1,-1,-1,-1
262,59,1643.777,244.616,271.951,216.177,1,-1,-1,-1
262,51,848.456,123.606,149.933,159.081,1,-1,-1,-1
262,32,598.269,35.888,249.178,324.300,1,-1,-1,-1
263,51,854.011,121.173,142.790,165.504,1,-1,-1,-1
263,59,1623.579,236.410,292.873,219.834,1,-1,-1,-1
263,55,1124.102,204.536,236.364,197.407,1,-1,-1,-1
263,57,969.862,140.498,184.408,187.855,1,-1,-1,-1
263,32,604.420,38.788,261.819,327.509,1,-1,-1,-1
264,51,861.465,129.699,128.101,154.773,1,-1,-1,-1
264,55,1105.982,201.323,237.874,200.102,1,-1,-1,-1
264,57,952.282,149.239,197.268,171.342,1,-1,-1,-1
264,32,605.922,42.661,264.312,328.849,1,-1,-1,-1
264,59,1595.959,231.389,298.674,218.790,1,-1,-1,-1
265,32,613.011,38.365,273.588,331.312,1,-1,-1,-1
265,59,1568.340,226.369,304.474,217.745,1,-1,-1,-1
265,57,953.175,147.680,199.927,173.720,1,-1,-1,-1
265,55,1097.939,195.411,236.144,205.308,1,-1,-1,-1
265,51,868.919,138.224,113.413,144.042,1,-1,-1,-1
266,51,876.373,146.750,98.724,133.311,1,-1,-1,-1
266,59,1540.720,221.348,310.275,216.701,1,-1,-1,-1
266,55,1088.330,197.129,248.158,198.922,1,-1,-1,-1
266,32,624.367,29.247,267.082,342.527,1,-1,-1,-1
266,57,946.738,147.678,201.313,163.848,1,-1,-1,-1
267,55,1070.215,195.335,252.976,194.916,1,-1,-1,-1
267,32,629.305,48.646,279.362,337.377,1,-1,-1,-1
267,59,1532.973,219.222,303.513,210.557,1,-1,-1,-1
267,57,942.574,152.981,186.107,163.335,1,-1,-1,-1
268,32,634.149,51.736,300.378,338.531,1,-1,-1,-1
268,57,926.720,157.323,185.088,150.831,1,-1,-1,-1
268,59,1509.780,214.870,292.605,209.852,1,-1,-1,-1
268,55,1059.395,190.219,248.999,192.296,1,-1,-1,-1
269,57,937.308,166.407,170.466,147.046,1,-1,-1,-1
269,32,647.535,57.986,294.881,332.722,1,-1,-1,-1
269,55,1046.141,191.071,246.330,186.637,1,-1,-1,-1
269,59,1493.706,212.741,288.927,199.622,1,-1,-1,-1
270,59,1476.645,207.269,286.159,199.381,1,-1,-1,-1
270,57,935.610,168.408,153.581,135.544,1,-1,-1,-1
270,55,1027.362,182.358,248.581,193.729,1,-1,-1,-1
270,32,653.130,59.294,295.240,335.646,1,-1,-1,-1
271,55,1001.437,183.992,262.093,193.569,1,-1,-1,-1
271,32,659.757,68.754,298.430,330.306,1,-1,-1,-1
271,57,939.599,168.470,144.631,128.031,1,-1,-1,-1
271,59,1459.584,201.796,283.392,199.141,1,-1,-1,-1
272,55,985.233,180.037,264.147,191.037,1,-1,-1,-1
272,32,658.056,68.822,312.510,340.808,1,-1,-1,-1
272,59,1442.523,196.324,280.624,198.900,1,-1,-1,-1
273,59,1421.096,198.928,284.982,193.482,1,-1,-1,-1
273,32,674.489,68.250,302.340,344.023,1,-1,-1,-1
273,55,997.122,175.087,223.477,192.690,1,-1,-1,-1
274,32,690.977,69.946,297.887,354.391,1,-1,-1,-1
274,59,1413.205,196.885,270.271,190.473,1,-1,-1,-1
274,55,993.154,171.224,209.366,195.112,1,-1,-1,-1
275,59,1399.858,193.436,267.453,189.477,1,-1,-1,-1
275,55,1000.470,173.561,179.964,193.400,1,-1,-1,-1
275,61,1187.432,246.275,41.582,27.654,1,-1,-1,-1
275,32,700.492,73.418,303.312,357.056,1,-1,-1,-1
276,55,992.156,167.192,161.938,196.178,1,-1,-1,-1
276,59,1386.510,189.986,264.635,188.481,1,-1,-1,-1
276,32,705.248,76.028,311.136,362.089,1,-1,-1,-1
276,60,1162.451,224.888,65.564,46.606,1,-1,-1,-1
277,32,716.214,74.586,312.343,369.385,1,-1,-1,-1
277,60,1123.356,213.321,116.172,59.564,1,-1,-1,-1
277,59,1373.163,186.537,261.817,187.485,1,-1,-1,-1
277,55,1007.181,192.471,115.783,81.544,1,-1,-1,-1
278,32,714.473,76.259,340.649,370.950,1,-1,-1,-1
278,60,1116.737,211.030,131.237,62.848,1,-1,-1,-1
278,55,1010.138,135.719,129.215,140.050,1,-1,-1,-1
278,62,1774.647,376.911,141.642,298.242,1,-1,-1,-1
278,59,1355.266,189.338,256.054,181.304,1,-1,-1,-1
279,32,711.239,81.083,354.601,372.264,1,-1,-1,-1
279,59,1341.444,186.041,251.514,181.005,1,-1,-1,-1
279,62,1753.118,361.237,165.194,254.162,1,-1,-1,-1
279,61,1187.511,239.405,64.683,34.973,1,-1,-1,-1
279,60,1019.038,134.709,110.638,143.115,1,-1,-1,-1
280,62,1753.118,361.237,165.194,254.162,1,-1,-1,-1
280,32,711.239,81.083,354.601,372.264,1,-1,-1,-1
280,61,1187.511,239.405,64.683,34.973,1,-1,-1,-1
280,60,1019.038,134.709,110.638,143.115,1,-1,-1,-1
280,59,1341.444,186.041,251.514,181.005,1,-1,-1,-1
281,62,1755.383,362.229,163.088,252.614,1,-1,-1,-1
281,61,1187.040,239.557,65.203,34.483,1,-1,-1,-1
281,60,1018.662,133.076,111.354,145.110,1,-1,-1,-1
281,32,711.385,85.192,354.445,371.384,1,-1,-1,-1
281,59,1341.258,185.022,251.642,182.643,1,-1,-1,-1
282,62,1755.383,362.229,163.088,252.614,1,-1,-1,-1
282,59,1341.258,185.022,251.642,182.643,1,-1,-1,-1
282,61,1187.040,239.557,65.203,34.483,1,-1,-1,-1
282,32,711.531,89.302,354.288,370.503,1,-1,-1,-1
282,60,1018.662,133.076,111.354,145.110,1,-1,-1,-1
283,32,711.677,93.411,354.132,369.623,1,-1,-1,-1
283,59,1341.258,185.022,251.642,182.643,1,-1,-1,-1
283,61,1187.040,239.557,65.203,34.483,1,-1,-1,-1
283,60,1018.662,133.076,111.354,145.110,1,-1,-1,-1
283,62,1755.383,362.229,163.088,252.614,1,-1,-1,-1
284,32,711.677,93.411,354.132,369.623,1,-1,-1,-1
284,60,1018.662,133.076,111.354,145.110,1,-1,-1,-1
284,62,1755.383,362.229,163.088,252.614,1,-1,-1,-1
284,61,1187.040,239.557,65.203,34.483,1,-1,-1,-1
284,59,1341.258,185.022,251.642,182.643,1,-1,-1,-1
285,62,1755.383,362.229,163.088,252.614,1,-1,-1,-1
285,32,711.677,93.411,354.132,369.623,1,-1,-1,-1
285,61,1187.040,239.557,65.203,34.483,1,-1,-1,-1
285,60,1018.662,133.076,111.354,145.110,1,-1,-1,-1
285,59,1341.258,185.022,251.642,182.643,1,-1,-1,-1
286,32,711.677,93.411,354.132,369.623,1,-1,-1,-1
286,62,1755.383,362.229,163.088,252.614,1,-1,-1,-1
286,59,1341.258,185.022,251.642,182.643,1,-1,-1,-1
286,60,1018.662,133.076,111.354,145.110,1,-1,-1,-1
286,61,1187.040,239.557,65.203,34.483,1,-1,-1,-1
287,59,1341.258,185.022,251.642,182.643,1,-1,-1,-1
287,62,1755.383,362.229,163.088,252.614,1,-1,-1,-1
287,32,711.677,93.411,354.132,369.623,1,-1,-1,-1
287,60,1018.662,133.076,111.354,145.110,1,-1,-1,-1
287,61,1187.040,239.557,65.203,34.483,1,-1,-1,-1
288,62,1755.383,362.229,163.088,252.614,1,-1,-1,-1
288,61,1187.040,239.557,65.203,34.483,1,-1,-1,-1
288,59,1341.258,185.022,251.642,182.643,1,-1,-1,-1
288,32,711.677,93.411,354.132,369.623,1,-1,-1,-1
288,60,1018.662,133.076,111.354,145.110,1,-1,-1,-1
289,59,1341.258,185.022,251.642,182.643,1,-1,-1,-1
289,61,1187.040,239.557,65.203,34.483,1,-1,-1,-1
289,60,1018.662,133.076,111.354,145.110,1,-1,-1,-1
289,32,711.677,93.411,354.132,369.623,1,-1,-1,-1
289,62,1755.383,362.229,163.088,252.614,1,-1,-1,-1
290,59,1341.258,185.022,251.642,182.643,1,-1,-1,-1
290,62,1755.383,362.229,163.088,252.614,1,-1,-1,-1
290,61,1187.040,239.557,65.203,34.483,1,-1,-1,-1
290,60,1018.662,133.076,111.354,145.110,1,-1,-1,-1
290,64,713.517,82.184,352.298,370.181,1,-1,-1,-1
291,60,1018.662,133.076,111.354,145.110,1,-1,-1,-1
291,64,711.677,93.411,354.132,369.623,1,-1,-1,-1
291,61,1187.040,239.557,65.203,34.483,1,-1,-1,-1
291,59,1341.258,185.022,251.642,182.643,1,-1,-1,-1
291,62,1755.383,362.229,163.088,252.614,1,-1,-1,-1
292,64,875.450,114.416,423.323,461.739,1,-1,-1,-1
292,65,245.594,178.243,412.056,160.123,1,-1,-1,-1
292,66,1438.559,286.895,367.374,242.148,1,-1,-1,-1
292,63,807.402,137.701,119.006,124.354,1,-1,-1,-1
292,59,1344.536,185.025,251.642,182.643,1,-1,-1,-1
293,65,222.282,175.707,399.414,159.782,1,-1,-1,-1
293,59,1346.539,185.026,251.642,182.643,1,-1,-1,-1
293,66,1425.024,279.393,354.576,245.954,1,-1,-1,-1
293,68,885.368,119.940,462.083,471.991,1,-1,-1,-1
293,67,730.698,132.511,156.542,120.352,1,-1,-1,-1
294,63,677.803,138.814,145.736,109.749,1,-1,-1,-1
294,59,1348.541,185.027,251.642,182.643,1,-1,-1,-1
294,67,785.598,140.845,147.875,121.187,1,-1,-1,-1
294,66,1409.549,266.174,339.554,251.425,1,-1,-1,-1
294,68,905.554,118.016,434.731,475.811,1,-1,-1,-1
294,65,187.682,181.046,426.850,152.259,1,-1,-1,-1
295,63,682.306,140.401,135.786,105.328,1,-1,-1,-1
295,59,1350.543,185.028,251.642,182.643,1,-1,-1,-1
295,66,1389.610,266.356,343.864,233.392,1,-1,-1,-1
295,68,923.129,117.591,430.639,495.749,1,-1,-1,-1
295,65,169.249,181.789,425.445,155.267,1,-1,-1,-1
295,67,776.463,140.641,157.121,123.868,1,-1,-1,-1
296,65,146.632,178.058,416.980,157.064,1,-1,-1,-1
296,63,683.907,143.346,125.643,103.771,1,-1,-1,-1
296,67,778.370,143.222,154.643,119.124,1,-1,-1,-1
296,68,932.774,107.411,470.884,532.352,1,-1,-1,-1
296,66,1395.767,257.800,310.785,234.947,1,-1,-1,-1
297,65,126.263,175.415,427.588,162.300,1,-1,-1,-1
297,63,684.670,145.186,128.425,102.808,1,-1,-1,-1
297,59,1405.693,255.778,272.055,221.134,1,-1,-1,-1
297,67,775.021,143.082,158.920,121.364,1,-1,-1,-1
297,68,957.380,134.032,477.536,508.956,1,-1,-1,-1
298,63,685.889,145.388,127.751,101.737,1,-1,-1,-1
298,68,965.126,112.149,492.570,553.611,1,-1,-1,-1
298,59,1427.313,250.050,235.128,233.813,1,-1,-1,-1
298,65,116.057,179.079,421.993,160.158,1,-1,-1,-1
298,67,773.272,142.152,148.309,120.205,1,-1,-1,-1
299,68,983.418,130.603,513.288,542.616,1,-1,-1,-1
299,63,685.417,143.611,127.505,104.500,1,-1,-1,-1
299,59,1437.723,247.416,200.428,226.344,1,-1,-1,-1
299,65,109.962,179.868,409.350,160.861,1,-1,-1,-1
299,67,770.868,141.931,147.027,118.891,1,-1,-1,-1
