1,1,1104.74,290.02,510.75,448.26,1,-1,-1,-1
1,2,406.66,111.10,194.16,156.62,1,-1,-1,-1
1,8,1654.32,180.97,261.53,260.56,1,-1,-1,-1
2,1,1122.31,294.01,527.04,455.07,1,-1,-1,-1
2,2,404.27,112.63,195.38,158.07,1,-1,-1,-1
2,8,1643.94,178.62,269.45,259.61,1,-1,-1,-1
3,1,1139.63,299.34,542.77,461.19,1,-1,-1,-1
3,2,401.10,113.81,196.47,159.03,1,-1,-1,-1
3,8,1631.90,175.92,277.75,259.00,1,-1,-1,-1
4,1,1155.54,306.28,555.68,466.18,1,-1,-1,-1
4,2,397.36,114.71,197.46,159.87,1,-1,-1,-1
4,8,1619.28,172.94,288.18,258.69,1,-1,-1,-1
5,1,1169.73,314.06,565.18,470.70,1,-1,-1,-1
5,2,393.26,115.40,198.43,160.88,1,-1,-1,-1
5,8,1606.31,169.70,301.94,258.63,1,-1,-1,-1
6,1,1183.60,321.95,572.44,475.72,1,-1,-1,-1
6,2,388.87,115.99,199.53,162.23,1,-1,-1,-1
6,8,1592.13,166.24,318.21,258.80,1,-1,-1,-1
7,1,1199.48,330.14,578.92,481.53,1,-1,-1,-1
7,2,384.21,116.56,200.86,163.94,1,-1,-1,-1
7,8,1576.02,162.58,330.79,259.17,1,-1,-1,-1
8,1,1218.01,339.33,585.57,487.69,1,-1,-1,-1
8,2,379.24,117.17,202.52,165.92,1,-1,-1,-1
8,8,1558.77,158.76,331.87,259.72,1,-1,-1,-1
9,1,1237.91,350.13,592.40,493.51,1,-1,-1,-1
9,2,374.01,117.90,204.48,167.93,1,-1,-1,-1
9,8,1541.78,154.82,324.30,260.40,1,-1,-1,-1
10,1,1257.85,361.91,598.26,499.36,1,-1,-1,-1
10,2,368.62,118.78,206.59,169.68,1,-1,-1,-1
10,8,1526.18,150.86,317.29,261.13,1,-1,-1,-1
11,1,1277.53,372.79,601.14,506.75,1,-1,-1,-1
11,2,363.23,119.82,208.59,170.95,1,-1,-1,-1
11,8,1512.59,146.97,313.57,261.80,1,-1,-1,-1
12,1,1296.60,381.27,599.07,516.73,1,-1,-1,-1
12,2,358.02,121.00,210.20,171.68,1,-1,-1,-1
12,8,1500.73,143.32,309.66,262.25,1,-1,-1,-1
13,1,1314.76,387.27,591.10,528.86,1,-1,-1,-1
13,2,353.08,122.27,211.24,172.01,1,-1,-1,-1
13,8,1489.45,140.05,303.38,262.35,1,-1,-1,-1
14,1,1332.45,392.33,577.68,541.28,1,-1,-1,-1
14,2,348.36,123.53,211.74,172.16,1,-1,-1,-1
14,8,1477.51,137.29,294.44,261.97,1,-1,-1,-1
15,1,1350.23,398.56,560.42,551.92,1,-1,-1,-1
15,2,343.68,124.71,211.92,172.36,1,-1,-1,-1
15,8,1464.65,135.13,285.38,261.02,1,-1,-1,-1
16,1,1369.50,407.45,540.02,559.80,1,-1,-1,-1
16,2,338.86,125.70,212.07,172.78,1,-1,-1,-1
16,8,1451.41,133.60,282.00,259.47,1,-1,-1,-1
17,1,1392.65,419.21,515.52,565.51,1,-1,-1,-1
17,2,333.81,126.47,212.48,173.45,1,-1,-1,-1
17,8,1438.22,132.66,283.81,257.37,1,-1,-1,-1
18,1,1420.81,432.55,486.68,570.60,1,-1,-1,-1
18,2,328.62,127.02,213.33,174.34,1,-1,-1,-1
18,8,1425.38,132.23,285.10,254.78,1,-1,-1,-1
19,1,1450.92,444.75,456.81,576.73,1,-1,-1,-1
19,2,323.55,127.42,214.57,175.43,1,-1,-1,-1
19,8,1413.32,132.19,282.17,251.84,1,-1,-1,-1
20,1,1476.14,452.92,432.54,584.84,1,-1,-1,-1
20,2,319.00,127.73,215.98,176.63,1,-1,-1,-1
20,3,1188.21,246.18,119.46,30.00,1,-1,-1,-1
20,8,1402.84,132.42,278.00,248.66,1,-1,-1,-1
21,1,1491.76,456.46,418.05,593.99,1,-1,-1,-1
21,2,315.36,128.00,217.23,177.73,1,-1,-1,-1
21,3,1186.74,246.03,119.92,30.00,1,-1,-1,-1
21,8,1394.93,132.81,277.21,245.35,1,-1,-1,-1
22,1,1498.08,456.92,412.61,601.91,1,-1,-1,-1
22,2,312.92,128.22,218.05,178.52,1,-1,-1,-1
22,3,1185.28,245.87,120.38,30.00,1,-1,-1,-1
22,8,1390.14,133.26,279.74,242.02,1,-1,-1,-1
23,1,1498.68,456.14,412.49,607.00,1,-1,-1,-1
23,2,311.72,128.39,218.34,178.88,1,-1,-1,-1
23,3,1183.82,245.72,120.85,30.00,1,-1,-1,-1
23,8,1388.12,133.69,282.39,238.72,1,-1,-1,-1
24,1,1497.33,455.30,414.00,609.14,1,-1,-1,-1
24,2,311.54,128.50,218.12,178.79,1,-1,-1,-1
24,3,1182.36,245.56,121.31,30.00,1,-1,-1,-1
24,8,1388.05,134.06,283.09,235.51,1,-1,-1,-1
25,1,1496.15,454.79,415.13,609.19,1,-1,-1,-1
25,2,311.96,128.56,217.64,178.29,1,-1,-1,-1
25,3,1180.90,245.41,121.77,30.00,1,-1,-1,-1
25,8,1389.36,134.34,281.58,232.42,1,-1,-1,-1
26,1,1495.63,454.55,415.47,608.25,1,-1,-1,-1
26,2,312.41,128.65,217.26,177.52,1,-1,-1,-1
26,3,1179.44,245.26,122.23,30.00,1,-1,-1,-1
26,8,1391.73,134.48,278.46,229.49,1,-1,-1,-1
27,1,1495.41,454.41,415.39,607.21,1,-1,-1,-1
27,2,312.20,128.83,217.53,176.77,1,-1,-1,-1
27,3,1177.97,245.10,122.69,30.00,1,-1,-1,-1
27,8,1394.46,134.48,275.81,226.72,1,-1,-1,-1
28,1,1495.12,454.35,415.32,606.52,1,-1,-1,-1
28,2,310.63,129.22,219.06,176.64,1,-1,-1,-1
28,3,1176.51,244.95,123.15,30.00,1,-1,-1,-1
28,8,1395.59,134.32,277.63,224.13,1,-1,-1,-1
29,1,1494.95,454.68,415.32,606.27,1,-1,-1,-1
29,2,307.15,129.91,222.43,177.91,1,-1,-1,-1
29,3,1175.05,244.79,123.62,30.00,1,-1,-1,-1
29,8,1391.49,133.98,286.02,221.74,1,-1,-1,-1
30,1,1495.92,456.03,414.92,606.22,1,-1,-1,-1
30,2,301.49,131.01,227.93,181.38,1,-1,-1,-1
30,3,1173.59,244.64,124.08,30.00,1,-1,-1,-1
30,8,1377.99,133.45,292.82,219.56,1,-1,-1,-1
31,1,1499.56,459.12,413.32,606.07,1,-1,-1,-1
31,2,293.94,132.55,235.39,187.26,1,-1,-1,-1
31,3,1172.13,244.49,124.54,30.00,1,-1,-1,-1
31,8,1353.49,132.71,281.16,217.61,1,-1,-1,-1
32,2,285.39,134.51,244.06,194.70,1,-1,-1,-1
32,4,1636.96,183.99,275.41,264.25,1,-1,-1,-1
32,8,1322.18,131.77,253.55,215.88,1,-1,-1,-1
33,2,277.12,136.81,252.74,202.05,1,-1,-1,-1
33,4,1627.27,181.34,284.71,263.75,1,-1,-1,-1
33,8,1292.67,130.63,240.55,214.37,1,-1,-1,-1
34,2,270.18,139.34,260.37,208.00,1,-1,-1,-1
34,4,1613.71,178.63,298.18,262.98,1,-1,-1,-1
34,8,1270.48,129.30,245.78,213.09,1,-1,-1,-1
35,2,265.14,141.96,266.31,212.01,1,-1,-1,-1
35,4,1596.39,175.89,314.68,262.08,1,-1,-1,-1
35,8,1255.92,127.79,252.12,212.00,1,-1,-1,-1
36,2,262.09,144.60,270.43,214.06,1,-1,-1,-1
36,4,1575.41,173.13,329.46,261.14,1,-1,-1,-1
36,5,707.12,195.02,208.15,59.07,1,-1,-1,-1
36,8,1246.96,126.15,251.21,211.08,1,-1,-1,-1
37,2,260.80,147.17,272.95,214.64,1,-1,-1,-1
37,4,1553.17,170.38,337.64,260.18,1,-1,-1,-1
37,5,689.27,192.85,207.10,61.37,1,-1,-1,-1
37,8,1241.65,124.45,245.52,210.27,1,-1,-1,-1
38,2,260.91,149.65,274.34,214.55,1,-1,-1,-1
38,4,1535.65,167.65,339.86,259.11,1,-1,-1,-1
38,5,670.99,190.69,205.54,63.67,1,-1,-1,-1
38,8,1238.57,122.75,240.52,209.48,1,-1,-1,-1
39,2,262.03,152.03,275.15,214.70,1,-1,-1,-1
39,4,1525.63,164.97,340.03,257.83,1,-1,-1,-1
39,5,652.53,188.52,206.59,65.97,1,-1,-1,-1
39,8,1236.21,121.15,239.78,208.64,1,-1,-1,-1
40,2,263.83,154.31,275.97,215.80,1,-1,-1,-1
40,4,1520.10,162.35,342.09,256.26,1,-1,-1,-1
40,5,634.00,186.36,209.09,68.26,1,-1,-1,-1
40,8,1232.47,119.71,240.56,207.68,1,-1,-1,-1
41,2,266.15,156.50,277.08,218.22,1,-1,-1,-1
41,4,1511.53,159.80,335.32,254.40,1,-1,-1,-1
41,5,615.45,184.19,206.18,70.56,1,-1,-1,-1
41,8,1225.48,118.49,236.66,206.55,1,-1,-1,-1
42,2,268.96,158.56,278.44,221.73,1,-1,-1,-1
42,4,1496.28,157.34,316.43,252.29,1,-1,-1,-1
42,5,597.13,182.03,194.35,72.86,1,-1,-1,-1
42,8,1214.97,117.49,228.63,205.25,1,-1,-1,-1
43,2,272.27,160.49,279.85,225.64,1,-1,-1,-1
43,4,1479.22,154.96,308.26,250.06,1,-1,-1,-1
43,5,579.54,179.87,178.78,75.16,1,-1,-1,-1
43,8,1202.68,116.73,225.28,203.76,1,-1,-1,-1
44,2,276.01,162.29,281.12,229.30,1,-1,-1,-1
44,4,1463.58,152.69,308.46,247.84,1,-1,-1,-1
44,5,563.22,177.70,165.60,77.46,1,-1,-1,-1
44,8,1190.86,116.18,227.24,202.12,1,-1,-1,-1
45,2,280.05,163.99,282.25,232.39,1,-1,-1,-1
45,4,1448.11,150.52,307.13,245.75,1,-1,-1,-1
45,5,548.53,175.54,158.55,79.76,1,-1,-1,-1
45,8,1180.95,115.79,229.22,200.38,1,-1,-1,-1
46,2,284.21,165.57,283.44,235.05,1,-1,-1,-1
46,4,1433.36,148.46,306.01,243.92,1,-1,-1,-1
46,5,535.58,173.37,156.59,82.06,1,-1,-1,-1
46,8,1173.16,115.50,229.14,198.59,1,-1,-1,-1
47,2,288.26,166.98,285.02,237.79,1,-1,-1,-1
47,4,1418.75,146.53,309.42,242.43,1,-1,-1,-1
47,5,524.31,171.21,155.71,84.36,1,-1,-1,-1
47,8,1166.68,115.27,227.03,196.81,1,-1,-1,-1
48,2,291.94,168.15,287.21,241.23,1,-1,-1,-1
48,4,1404.76,144.72,310.45,241.36,1,-1,-1,-1
48,5,514.58,169.04,152.86,86.66,1,-1,-1,-1
48,8,1160.31,115.05,222.83,195.08,1,-1,-1,-1
49,2,295.00,169.00,290.00,245.67,1,-1,-1,-1
49,4,1393.65,143.03,301.44,240.77,1,-1,-1,-1
49,5,506.32,166.88,148.56,88.96,1,-1,-1,-1
49,8,1153.20,114.80,218.80,193.43,1,-1,-1,-1
50,2,297.30,169.47,293.05,250.77,1,-1,-1,-1
50,4,1385.27,141.48,290.41,240.65,1,-1,-1,-1
50,5,499.53,164.71,144.47,91.26,1,-1,-1,-1
50,8,1145.59,114.51,217.55,191.89,1,-1,-1,-1
51,2,298.79,169.58,295.84,255.68,1,-1,-1,-1
51,4,1379.13,140.05,287.25,240.99,1,-1,-1,-1
51,5,494.27,162.55,141.90,93.56,1,-1,-1,-1
51,8,1138.78,114.19,219.33,190.45,1,-1,-1,-1
52,2,299.48,169.35,297.92,259.50,1,-1,-1,-1
52,4,1376.13,138.75,289.14,241.69,1,-1,-1,-1
52,5,490.55,160.39,141.61,95.85,1,-1,-1,-1
52,8,1134.10,113.82,222.55,189.11,1,-1,-1,-1
53,2,299.47,168.90,299.07,261.77,1,-1,-1,-1
53,4,1375.61,137.56,290.39,242.65,1,-1,-1,-1
53,5,488.27,158.22,142.86,98.15,1,-1,-1,-1
53,8,1131.84,113.42,225.03,187.86,1,-1,-1,-1
54,2,298.98,168.42,299.30,262.43,1,-1,-1,-1
54,4,1375.84,136.47,290.35,243.67,1,-1,-1,-1
54,5,487.18,156.06,144.24,100.45,1,-1,-1,-1
54,8,1131.50,112.97,225.70,186.73,1,-1,-1,-1
55,2,298.36,168.19,298.78,261.57,1,-1,-1,-1
55,4,1375.74,135.48,290.38,244.53,1,-1,-1,-1
55,5,486.97,153.89,144.87,102.75,1,-1,-1,-1
55,8,1132.44,112.45,224.63,185.71,1,-1,-1,-1
56,2,298.09,168.56,297.89,259.45,1,-1,-1,-1
56,4,1375.40,134.57,290.48,244.97,1,-1,-1,-1
56,5,487.28,151.73,144.75,105.05,1,-1,-1,-1
56,8,1134.12,111.84,222.46,184.84,1,-1,-1,-1
57,2,298.78,169.98,297.11,256.67,1,-1,-1,-1
57,4,1376.01,133.73,289.19,244.69,1,-1,-1,-1
57,5,487.79,149.56,144.38,107.35,1,-1,-1,-1
57,8,1135.88,111.12,220.75,184.13,1,-1,-1,-1
58,2,301.06,172.86,297.08,254.40,1,-1,-1,-1
58,4,1378.73,132.95,286.86,243.45,1,-1,-1,-1
58,5,488.19,147.40,144.31,109.65,1,-1,-1,-1
58,8,1136.35,110.29,222.26,183.59,1,-1,-1,-1
59,2,305.38,177.56,298.50,254.39,1,-1,-1,-1
59,4,1381.34,132.23,288.81,241.07,1,-1,-1,-1
59,5,488.24,145.23,144.61,111.95,1,-1,-1,-1
59,8,1133.30,109.35,228.22,183.21,1,-1,-1,-1
60,2,311.85,184.19,302.02,258.39,1,-1,-1,-1
60,4,1374.40,131.55,296.16,237.52,1,-1,-1,-1
60,5,487.71,143.07,144.56,114.25,1,-1,-1,-1
60,8,1124.40,108.33,232.69,182.95,1,-1,-1,-1
61,2,319.93,192.52,308.00,267.05,1,-1,-1,-1
61,4,1345.54,130.93,288.57,232.96,1,-1,-1,-1
61,5,486.43,140.91,142.78,116.55,1,-1,-1,-1
61,8,1109.15,107.28,223.66,182.76,1,-1,-1,-1
62,2,328.43,201.92,316.36,278.71,1,-1,-1,-1
62,4,1298.81,130.36,260.61,227.80,1,-1,-1,-1
62,6,367.43,118.37,159.74,114.18,1,-1,-1,-1
62,8,1090.69,106.28,202.56,182.57,1,-1,-1,-1
63,2,335.85,211.53,326.53,290.04,1,-1,-1,-1
63,4,1260.32,129.84,256.80,222.55,1,-1,-1,-1
63,6,360.70,116.55,163.69,125.50,1,-1,-1,-1
63,8,1074.22,105.43,191.56,182.27,1,-1,-1,-1
64,2,341.16,220.55,337.66,298.66,1,-1,-1,-1
64,4,1242.87,129.38,264.16,217.67,1,-1,-1,-1
64,6,351.27,112.07,163.70,134.72,1,-1,-1,-1
64,8,1061.88,104.79,195.71,181.80,1,-1,-1,-1
65,2,344.14,228.45,348.89,304.12,1,-1,-1,-1
65,4,1240.07,129.00,257.36,213.43,1,-1,-1,-1
65,6,340.84,109.14,169.82,139.59,1,-1,-1,-1
65,7,1827.41,234.87,90.70,276.28,1,-1,-1,-1
65,8,1052.42,104.42,202.47,181.10,1,-1,-1,-1
66,2,345.28,235.01,359.48,307.23,1,-1,-1,-1
66,4,1241.31,128.68,242.51,209.91,1,-1,-1,-1
66,6,331.13,107.18,171.97,142.63,1,-1,-1,-1
66,7,1810.79,234.32,106.48,273.29,1,-1,-1,-1
66,8,1044.10,104.36,204.42,180.13,1,-1,-1,-1
67,2,345.48,240.26,368.87,309.25,1,-1,-1,-1
67,4,1238.92,128.43,234.52,207.05,1,-1,-1,-1
67,6,323.55,105.02,174.35,144.83,1,-1,-1,-1
67,7,1792.05,233.77,124.46,269.24,1,-1,-1,-1
67,8,1036.40,104.60,202.06,178.90,1,-1,-1,-1
68,2,345.61,244.38,376.84,311.25,1,-1,-1,-1
68,4,1231.93,128.27,234.68,204.72,1,-1,-1,-1
68,6,318.22,102.00,176.65,146.04,1,-1,-1,-1
68,7,1771.89,233.22,143.98,264.28,1,-1,-1,-1
68,8,1029.59,105.14,198.78,177.40,1,-1,-1,-1
69,2,346.30,247.68,383.46,313.95,1,-1,-1,-1
69,4,1223.33,128.17,235.16,202.81,1,-1,-1,-1
69,6,314.35,98.92,176.66,146.33,1,-1,-1,-1
69,7,1751.11,232.66,164.20,258.69,1,-1,-1,-1
69,8,1024.07,105.95,197.28,175.67,1,-1,-1,-1
70,2,347.77,250.48,389.07,317.76,1,-1,-1,-1
70,4,1216.11,128.14,232.87,201.23,1,-1,-1,-1
70,6,311.21,98.22,175.62,145.50,1,-1,-1,-1
70,7,1730.74,232.11,184.10,252.83,1,-1,-1,-1
70,8,1019.81,106.98,196.94,173.76,1,-1,-1,-1
71,2,349.84,253.03,393.97,322.90,1,-1,-1,-1
71,4,1211.25,128.18,227.88,199.93,1,-1,-1,-1
71,6,308.26,99.63,173.77,144.78,1,-1,-1,-1
71,7,1711.95,231.56,202.49,247.05,1,-1,-1,-1
71,8,1016.06,108.15,196.02,171.74,1,-1,-1,-1
72,2,352.12,255.50,398.38,329.16,1,-1,-1,-1
72,4,1206.37,128.27,221.09,198.88,1,-1,-1,-1
72,6,305.06,100.90,174.88,145.91,1,-1,-1,-1
72,7,1695.74,231.01,218.41,241.69,1,-1,-1,-1
72,8,1011.98,109.38,193.67,169.70,1,-1,-1,-1
73,2,354.12,257.87,402.35,335.66,1,-1,-1,-1
73,4,1198.17,128.41,215.80,198.09,1,-1,-1,-1
73,6,301.54,101.86,177.33,147.71,1,-1,-1,-1
73,7,1682.77,230.46,231.18,237.00,1,-1,-1,-1
73,8,1007.27,110.59,189.95,167.71,1,-1,-1,-1
74,2,355.55,260.06,405.75,341.09,1,-1,-1,-1
74,4,1189.22,128.58,214.39,197.51,1,-1,-1,-1
74,6,298.33,103.77,178.71,147.72,1,-1,-1,-1
74,7,1673.41,229.90,240.41,233.21,1,-1,-1,-1
74,8,1002.53,111.69,187.79,165.86,1,-1,-1,-1
75,2,356.36,261.93,408.41,344.50,1,-1,-1,-1
75,4,1184.17,128.78,216.31,197.10,1,-1,-1,-1
75,6,296.28,105.02,180.61,147.19,1,-1,-1,-1
75,7,1667.64,229.35,246.12,230.48,1,-1,-1,-1
75,8,998.88,112.62,188.67,164.21,1,-1,-1,-1
76,2,356.70,263.42,410.20,345.82,1,-1,-1,-1
76,4,1183.13,128.99,217.79,196.81,1,-1,-1,-1
76,6,295.53,105.09,181.44,147.08,1,-1,-1,-1
76,7,1664.86,228.80,248.86,228.80,1,-1,-1,-1
76,8,996.88,113.35,190.64,162.80,1,-1,-1,-1
77,2,356.78,264.52,411.18,345.63,1,-1,-1,-1
77,4,1183.62,129.21,217.69,196.60,1,-1,-1,-1
77,6,295.55,104.98,181.40,146.96,1,-1,-1,-1
77,7,1664.11,228.25,249.57,228.03,1,-1,-1,-1
77,8,996.29,113.86,191.74,161.63,1,-1,-1,-1
78,2,356.82,265.28,411.51,344.71,1,-1,-1,-1
78,4,1184.04,129.42,217.23,196.43,1,-1,-1,-1
78,6,295.82,105.23,181.13,146.60,1,-1,-1,-1
78,7,1664.42,227.70,249.22,227.97,1,-1,-1,-1
78,8,996.47,114.15,191.74,160.71,1,-1,-1,-1
79,2,356.95,265.80,411.41,343.68,1,-1,-1,-1
79,4,1184.26,129.62,216.90,196.30,1,-1,-1,-1
79,6,296.12,105.20,180.88,146.81,1,-1,-1,-1
79,7,1665.03,227.15,248.54,228.36,1,-1,-1,-1
79,8,996.85,114.26,191.30,160.00,1,-1,-1,-1
80,2,357.24,266.16,411.09,342.87,1,-1,-1,-1
80,4,1184.70,129.79,216.14,196.20,1,-1,-1,-1
80,6,296.44,103.28,180.47,149.32,1,-1,-1,-1
80,7,1665.51,226.59,247.97,229.01,1,-1,-1,-1
80,8,997.10,114.22,190.97,159.46,1,-1,-1,-1
81,2,357.65,266.40,410.70,342.38,1,-1,-1,-1
81,4,1185.41,129.94,214.87,196.13,1,-1,-1,-1
81,6,296.76,99.69,179.27,153.69,1,-1,-1,-1
81,7,1665.72,226.04,247.65,229.76,1,-1,-1,-1
81,8,997.11,114.07,190.93,159.05,1,-1,-1,-1
82,2,358.11,266.55,410.35,342.17,1,-1,-1,-1
82,4,1185.92,130.04,214.05,196.11,1,-1,-1,-1
82,6,296.95,97.75,178.99,156.15,1,-1,-1,-1
82,7,1665.70,225.49,247.55,230.52,1,-1,-1,-1
82,8,996.92,113.90,191.13,158.69,1,-1,-1,-1
83,2,358.53,266.65,410.09,342.14,1,-1,-1,-1
83,4,1186.06,130.11,213.86,196.14,1,-1,-1,-1
83,6,296.92,97.70,179.07,156.35,1,-1,-1,-1
83,7,1665.53,224.94,247.60,231.22,1,-1,-1,-1
83,8,996.69,113.76,191.41,158.32,1,-1,-1,-1
84,2,358.86,266.69,409.91,342.17,1,-1,-1,-1
84,4,1186.01,130.12,213.91,196.22,1,-1,-1,-1
84,6,296.74,97.98,179.24,156.11,1,-1,-1,-1
84,7,1665.29,224.39,247.72,231.86,1,-1,-1,-1
84,8,996.65,113.76,191.46,157.83,1,-1,-1,-1
85,2,359.10,266.70,409.79,342.19,1,-1,-1,-1
85,4,1185.89,130.08,214.01,196.31,1,-1,-1,-1
85,6,296.65,98.03,179.33,156.23,1,-1,-1,-1
85,7,1665.00,223.83,247.91,232.44,1,-1,-1,-1
85,8,997.07,113.99,190.81,157.12,1,-1,-1,-1
86,2,359.26,266.70,409.72,342.12,1,-1,-1,-1
86,4,1185.76,129.98,214.08,196.39,1,-1,-1,-1
86,6,297.06,98.04,178.93,156.35,1,-1,-1,-1
86,7,1664.66,223.28,248.13,232.98,1,-1,-1,-1
86,8,998.10,114.56,189.32,156.09,1,-1,-1,-1
87,2,359.31,266.75,409.69,341.95,1,-1,-1,-1
87,4,1185.74,129.82,213.96,196.38,1,-1,-1,-1
87,6,298.12,98.15,177.86,155.78,1,-1,-1,-1
87,7,1664.34,222.73,248.32,233.50,1,-1,-1,-1
87,8,999.41,115.58,188.10,154.64,1,-1,-1,-1
88,2,359.26,266.87,409.75,341.74,1,-1,-1,-1
88,4,1186.04,129.59,213.55,196.22,1,-1,-1,-1
88,6,299.21,97.99,176.85,154.52,1,-1,-1,-1
88,7,1664.19,222.18,248.33,234.03,1,-1,-1,-1
88,8,999.81,117.13,189.76,152.66,1,-1,-1,-1
89,2,359.04,267.12,409.94,341.61,1,-1,-1,-1
89,4,1186.66,129.29,213.47,195.80,1,-1,-1,-1
89,6,298.34,97.17,177.38,154.29,1,-1,-1,-1
89,7,1664.48,221.63,247.88,234.59,1,-1,-1,-1
89,8,997.27,119.28,195.34,150.11,1,-1,-1,-1
90,2,358.60,267.55,410.35,341.79,1,-1,-1,-1
90,4,1186.46,128.92,214.45,195.06,1,-1,-1,-1
90,6,292.81,97.38,184.01,157.71,1,-1,-1,-1
90,7,1665.56,221.07,246.60,235.19,1,-1,-1,-1
90,8,989.67,122.02,198.42,146.99,1,-1,-1,-1
91,2,357.87,268.19,411.05,342.49,1,-1,-1,-1
91,4,1182.79,128.47,213.89,193.95,1,-1,-1,-1
91,6,281.66,102.91,192.77,165.05,1,-1,-1,-1
91,7,1667.79,220.52,244.16,235.85,1,-1,-1,-1
91,8,976.52,125.30,186.40,143.33,1,-1,-1,-1
91,11,1083.78,118.37,194.28,176.72,1,-1,-1,-1
92,6,268.82,112.79,185.96,174.37,1,-1,-1,-1
92,7,1671.36,219.97,240.39,236.57,1,-1,-1,-1
92,8,960.73,129.02,160.88,139.26,1,-1,-1,-1
92,9,420.78,391.82,577.23,523.88,1,-1,-1,-1
92,11,1072.35,117.68,199.53,175.56,1,-1,-1,-1
92,17,1413.48,155.67,292.76,224.23,1,-1,-1,-1
93,6,260.91,117.86,198.96,183.81,1,-1,-1,-1
93,7,1676.20,219.42,235.37,237.34,1,-1,-1,-1
93,8,947.34,132.97,145.22,134.97,1,-1,-1,-1
93,9,435.66,406.14,594.17,529.94,1,-1,-1,-1
93,11,1060.92,116.99,204.79,174.40,1,-1,-1,-1
93,17,1405.76,155.39,288.10,222.62,1,-1,-1,-1
94,6,259.60,118.36,201.82,188.55,1,-1,-1,-1
94,7,1682.04,218.87,229.39,238.15,1,-1,-1,-1
94,8,939.11,136.95,145.22,130.67,1,-1,-1,-1
94,9,450.53,420.46,611.12,538.13,1,-1,-1,-1
94,11,1049.49,116.31,210.04,173.24,1,-1,-1,-1
94,17,1396.22,155.09,284.29,221.01,1,-1,-1,-1
95,6,261.89,118.51,198.09,188.51,1,-1,-1,-1
95,7,1688.47,218.32,222.88,238.99,1,-1,-1,-1
95,8,935.55,140.72,148.94,126.60,1,-1,-1,-1
95,9,465.40,434.79,628.06,547.90,1,-1,-1,-1
95,11,1038.06,115.62,215.29,172.07,1,-1,-1,-1
95,17,1385.40,154.76,281.85,219.42,1,-1,-1,-1
96,6,264.16,118.46,198.92,189.03,1,-1,-1,-1
96,7,1694.99,217.76,216.35,239.84,1,-1,-1,-1
96,8,934.86,144.11,149.78,122.93,1,-1,-1,-1
96,9,480.27,449.11,645.01,558.69,1,-1,-1,-1
96,11,1026.63,114.93,220.54,170.91,1,-1,-1,-1
96,17,1374.01,154.42,280.35,217.83,1,-1,-1,-1
97,6,264.46,117.75,202.37,192.98,1,-1,-1,-1
97,7,1701.04,217.21,210.33,240.66,1,-1,-1,-1
97,8,935.19,146.95,148.40,119.82,1,-1,-1,-1
97,9,495.14,463.44,661.95,569.12,1,-1,-1,-1
97,11,1015.20,114.24,225.79,169.75,1,-1,-1,-1
97,17,1362.91,154.06,278.84,216.25,1,-1,-1,-1
98,6,262.69,116.94,206.63,199.11,1,-1,-1,-1
98,7,1706.03,216.66,205.41,241.43,1,-1,-1,-1
98,8,935.37,149.17,146.40,117.36,1,-1,-1,-1
98,9,510.02,477.76,678.90,576.76,1,-1,-1,-1
98,11,1003.77,113.55,231.04,168.59,1,-1,-1,-1
98,17,1352.80,153.69,276.61,214.67,1,-1,-1,-1
99,6,260.30,115.67,214.49,205.79,1,-1,-1,-1
99,7,1709.34,216.11,202.12,242.09,1,-1,-1,-1
99,8,935.10,150.75,143.99,115.56,1,-1,-1,-1
99,9,524.89,492.09,695.85,578.91,1,-1,-1,-1
99,11,992.34,112.86,236.30,167.43,1,-1,-1,-1
99,17,1343.76,153.30,273.81,213.11,1,-1,-1,-1
100,6,259.05,114.88,216.88,210.83,1,-1,-1,-1
100,7,1710.41,215.56,200.98,242.57,1,-1,-1,-1
100,8,934.78,151.72,140.61,114.39,1,-1,-1,-1
100,9,539.76,506.41,712.79,574.45,1,-1,-1,-1
100,11,980.91,112.17,241.55,166.27,1,-1,-1,-1
100,17,1335.12,152.91,271.49,211.55,1,-1,-1,-1
101,6,258.90,116.84,221.72,212.08,1,-1,-1,-1
101,7,1708.71,215.00,202.42,242.79,1,-1,-1,-1
101,8,934.78,152.14,136.08,113.78,1,-1,-1,-1
101,9,554.63,520.74,729.74,564.49,1,-1,-1,-1
101,11,969.48,111.48,246.80,165.11,1,-1,-1,-1
101,17,1326.15,152.50,270.28,210.00,1,-1,-1,-1
102,6,258.52,119.63,234.67,212.06,1,-1,-1,-1
102,7,1703.87,214.45,206.71,242.64,1,-1,-1,-1
102,8,935.25,152.09,130.74,113.67,1,-1,-1,-1
102,9,569.50,535.06,746.68,551.14,1,-1,-1,-1
102,11,958.05,110.79,252.05,163.95,1,-1,-1,-1
102,17,1316.75,152.08,269.48,208.45,1,-1,-1,-1
103,6,257.10,121.06,238.63,212.95,1,-1,-1,-1
103,7,1695.76,213.90,213.87,242.00,1,-1,-1,-1
103,8,936.03,151.64,124.55,113.99,1,-1,-1,-1
103,9,584.38,549.39,763.63,536.24,1,-1,-1,-1
103,10,987.31,109.84,225.80,159.73,1,-1,-1,-1
103,17,1307.38,151.65,267.73,206.91,1,-1,-1,-1
104,6,255.40,122.31,247.26,213.60,1,-1,-1,-1
104,7,1684.69,213.35,223.49,240.80,1,-1,-1,-1
104,8,936.78,150.85,118.20,114.65,1,-1,-1,-1
104,9,599.25,563.71,780.57,521.02,1,-1,-1,-1
104,10,1015.32,110.75,194.51,158.71,1,-1,-1,-1
104,17,1298.64,151.22,264.29,205.38,1,-1,-1,-1
105,6,254.75,123.57,251.28,214.99,1,-1,-1,-1
105,7,1671.47,212.80,234.72,238.97,1,-1,-1,-1
105,8,937.14,149.80,113.78,115.59,1,-1,-1,-1
105,9,614.12,578.04,797.52,506.09,1,-1,-1,-1
105,10,1023.85,111.66,182.72,157.69,1,-1,-1,-1
105,17,1290.51,150.79,259.88,203.86,1,-1,-1,-1
106,6,255.45,124.72,251.87,218.17,1,-1,-1,-1
106,7,1657.30,212.25,246.34,236.53,1,-1,-1,-1
106,8,936.89,148.54,112.04,116.77,1,-1,-1,-1
106,9,628.99,592.36,814.46,491.39,1,-1,-1,-1
106,10,1019.83,112.57,183.46,156.67,1,-1,-1,-1
106,17,1282.27,150.35,256.02,202.34,1,-1,-1,-1
107,6,256.50,127.21,255.11,221.59,1,-1,-1,-1
107,7,1643.42,211.69,257.15,233.55,1,-1,-1,-1
107,8,936.16,147.11,111.87,118.13,1,-1,-1,-1
107,9,643.86,606.68,831.41,476.86,1,-1,-1,-1
107,10,1017.57,113.49,182.46,155.65,1,-1,-1,-1
107,17,1273.33,149.90,253.54,200.82,1,-1,-1,-1
108,6,257.21,130.04,255.28,225.31,1,-1,-1,-1
108,7,1630.78,211.14,266.30,230.15,1,-1,-1,-1
108,8,935.07,145.55,112.76,119.62,1,-1,-1,-1
108,9,658.74,621.01,848.36,462.71,1,-1,-1,-1
108,10,1014.16,114.40,182.60,154.63,1,-1,-1,-1
108,17,1263.82,149.46,251.99,199.31,1,-1,-1,-1
109,6,257.80,132.28,258.83,228.92,1,-1,-1,-1
109,7,1619.95,210.59,273.39,226.59,1,-1,-1,-1
109,8,933.42,143.94,114.57,121.19,1,-1,-1,-1
109,9,673.61,635.33,865.30,449.46,1,-1,-1,-1
109,10,997.86,115.31,195.62,153.61,1,-1,-1,-1
109,17,1254.58,149.01,250.35,197.80,1,-1,-1,-1
110,6,258.59,133.71,259.80,231.97,1,-1,-1,-1
110,7,1611.28,210.04,278.34,223.19,1,-1,-1,-1
110,8,931.26,142.32,116.50,122.77,1,-1,-1,-1
110,9,688.48,649.66,882.25,437.82,1,-1,-1,-1
110,10,975.26,116.23,214.96,152.59,1,-1,-1,-1
110,17,1246.78,148.56,248.09,196.29,1,-1,-1,-1
111,6,259.41,134.16,262.38,234.55,1,-1,-1,-1
111,7,1604.97,209.49,281.19,220.31,1,-1,-1,-1
111,8,929.09,140.79,118.13,124.28,1,-1,-1,-1
111,10,992.41,117.14,194.53,151.57,1,-1,-1,-1
111,17,1241.23,148.11,245.56,194.79,1,-1,-1,-1
112,6,259.93,134.10,262.24,235.99,1,-1,-1,-1
112,7,1601.04,208.93,282.15,218.17,1,-1,-1,-1
112,8,927.50,139.40,119.39,125.64,1,-1,-1,-1
112,10,1004.39,118.05,179.28,150.55,1,-1,-1,-1
112,17,1238.14,147.67,243.41,193.28,1,-1,-1,-1
113,6,260.14,134.03,261.87,236.27,1,-1,-1,-1
113,7,1599.14,208.38,281.68,216.86,1,-1,-1,-1
113,8,926.67,138.22,120.17,126.80,1,-1,-1,-1
113,10,1004.54,118.97,175.87,149.53,1,-1,-1,-1
113,17,1237.17,147.22,241.97,191.77,1,-1,-1,-1
114,6,260.18,134.01,261.89,236.21,1,-1,-1,-1
114,7,1598.65,207.83,280.42,216.30,1,-1,-1,-1
114,8,926.43,137.26,120.45,127.74,1,-1,-1,-1
114,10,1003.79,119.88,173.34,148.51,1,-1,-1,-1
114,17,1237.79,146.77,241.22,190.26,1,-1,-1,-1
115,6,260.19,134.01,261.87,236.39,1,-1,-1,-1
115,7,1598.96,207.28,278.95,216.34,1,-1,-1,-1
115,8,926.53,136.52,120.35,128.47,1,-1,-1,-1
115,10,1003.61,120.79,170.25,147.49,1,-1,-1,-1
115,17,1239.46,146.33,241.09,188.75,1,-1,-1,-1
116,6,260.15,134.10,261.91,236.49,1,-1,-1,-1
116,7,1599.56,206.73,277.66,216.75,1,-1,-1,-1
116,8,926.82,135.96,119.95,129.01,1,-1,-1,-1
116,10,1003.49,121.71,167.10,146.47,1,-1,-1,-1
116,17,1241.57,145.89,241.54,187.23,1,-1,-1,-1
117,6,259.94,134.29,262.16,235.65,1,-1,-1,-1
117,7,1600.13,206.17,276.76,217.35,1,-1,-1,-1
117,8,927.25,135.56,119.41,129.39,1,-1,-1,-1
117,10,1003.32,122.62,164.00,145.45,1,-1,-1,-1
117,17,1243.10,145.45,242.53,185.71,1,-1,-1,-1
118,6,259.49,134.07,262.43,233.85,1,-1,-1,-1
118,7,1600.48,205.62,276.32,217.96,1,-1,-1,-1
118,8,927.70,135.25,119.17,129.67,1,-1,-1,-1
118,10,1003.16,123.53,160.89,144.43,1,-1,-1,-1
118,17,1242.49,145.01,243.66,184.19,1,-1,-1,-1
119,6,259.14,132.86,263.52,233.63,1,-1,-1,-1
119,7,1600.48,205.07,276.39,218.44,1,-1,-1,-1
119,8,927.84,134.98,119.79,129.89,1,-1,-1,-1
119,10,1003.38,124.45,157.41,143.40,1,-1,-1,-1
119,17,1237.71,144.58,243.96,182.65,1,-1,-1,-1
120,6,259.83,133.04,260.52,238.78,1,-1,-1,-1
120,7,1600.00,204.52,277.01,218.69,1,-1,-1,-1
120,8,926.98,134.72,120.84,130.10,1,-1,-1,-1
120,10,1003.43,125.36,154.08,142.38,1,-1,-1,-1
120,17,1227.04,144.15,242.09,181.12,1,-1,-1,-1
121,6,262.81,141.17,262.25,249.25,1,-1,-1,-1
121,7,1598.94,203.97,278.24,218.66,1,-1,-1,-1
121,8,924.24,134.42,119.70,130.34,1,-1,-1,-1
121,10,995.87,126.27,158.37,141.36,1,-1,-1,-1
121,17,1210.41,143.73,237.09,179.58,1,-1,-1,-1
122,6,268.67,156.98,306.69,261.41,1,-1,-1,-1
122,10,976.86,127.19,174.12,140.34,1,-1,-1,-1
122,12,219.75,121.26,156.58,130.82,1,-1,-1,-1
122,17,1190.49,143.32,229.47,178.03,1,-1,-1,-1
123,6,276.63,168.67,308.39,272.70,1,-1,-1,-1
123,10,969.87,128.10,177.84,139.32,1,-1,-1,-1
123,12,220.94,119.97,158.87,134.67,1,-1,-1,-1
123,13,1472.80,179.30,251.51,208.25,1,-1,-1,-1
123,14,1684.22,190.18,269.84,266.13,1,-1,-1,-1
123,17,1171.78,142.91,221.23,176.49,1,-1,-1,-1
124,6,284.90,176.20,299.67,278.86,1,-1,-1,-1
124,10,970.16,129.01,174.28,138.30,1,-1,-1,-1
124,12,221.94,118.58,160.78,137.99,1,-1,-1,-1
124,13,1462.26,178.52,249.72,206.83,1,-1,-1,-1
124,14,1674.08,188.59,269.42,264.53,1,-1,-1,-1
124,17,1157.67,142.51,214.20,174.95,1,-1,-1,-1
125,6,291.22,183.14,305.89,280.88,1,-1,-1,-1
125,10,969.75,129.92,171.41,137.28,1,-1,-1,-1
125,12,222.78,117.12,162.44,140.83,1,-1,-1,-1
125,13,1451.38,177.73,246.14,205.41,1,-1,-1,-1
125,14,1663.93,186.99,269.01,262.92,1,-1,-1,-1
125,17,1149.11,142.12,209.27,173.41,1,-1,-1,-1
126,6,294.12,190.29,300.61,280.07,1,-1,-1,-1
126,10,967.99,130.84,169.90,136.26,1,-1,-1,-1
126,12,223.53,115.61,163.86,143.18,1,-1,-1,-1
126,13,1443.67,176.94,241.27,204.00,1,-1,-1,-1
126,14,1653.79,185.40,268.60,261.31,1,-1,-1,-1
126,17,1145.27,141.73,206.51,171.88,1,-1,-1,-1
127,6,294.16,193.76,299.66,279.31,1,-1,-1,-1
127,10,967.19,131.75,167.43,135.24,1,-1,-1,-1
127,12,224.21,114.10,165.05,144.98,1,-1,-1,-1
127,13,1440.67,176.15,238.68,202.58,1,-1,-1,-1
127,14,1643.64,183.81,268.19,259.70,1,-1,-1,-1
127,17,1144.47,141.34,205.44,170.37,1,-1,-1,-1
128,6,292.91,193.47,301.10,278.80,1,-1,-1,-1
128,10,967.05,132.66,164.30,134.22,1,-1,-1,-1
128,12,224.85,112.62,166.10,146.20,1,-1,-1,-1
128,13,1440.85,175.37,238.74,201.16,1,-1,-1,-1
128,14,1633.50,182.22,267.78,258.09,1,-1,-1,-1
128,17,1144.76,140.96,205.18,168.87,1,-1,-1,-1
129,6,291.91,191.76,302.73,278.98,1,-1,-1,-1
129,10,967.14,133.58,160.94,133.20,1,-1,-1,-1
129,12,225.47,111.19,167.25,146.88,1,-1,-1,-1
129,13,1441.70,174.58,240.15,199.75,1,-1,-1,-1
129,14,1623.35,180.63,267.37,256.48,1,-1,-1,-1
129,17,1144.33,140.59,204.71,167.39,1,-1,-1,-1
130,6,292.56,192.11,299.84,281.65,1,-1,-1,-1
130,10,967.18,134.49,157.63,132.18,1,-1,-1,-1
130,12,226.08,109.85,168.76,147.17,1,-1,-1,-1
130,13,1438.62,173.79,241.10,198.33,1,-1,-1,-1
130,14,1613.21,179.03,266.96,254.87,1,-1,-1,-1
130,17,1141.80,140.21,203.25,165.95,1,-1,-1,-1
131,6,295.96,200.02,301.01,286.47,1,-1,-1,-1
131,10,962.82,135.40,158.72,131.16,1,-1,-1,-1
131,12,226.69,108.62,170.81,147.36,1,-1,-1,-1
131,13,1424.31,173.00,237.44,196.91,1,-1,-1,-1
131,14,1603.06,177.44,266.55,253.26,1,-1,-1,-1
131,17,1136.61,139.83,200.67,164.53,1,-1,-1,-1
132,6,301.84,211.43,345.54,295.65,1,-1,-1,-1
132,10,950.13,136.32,168.14,130.14,1,-1,-1,-1
132,12,227.27,107.54,173.39,147.77,1,-1,-1,-1
132,13,1399.92,172.21,228.02,195.50,1,-1,-1,-1
132,14,1592.91,175.85,266.14,251.65,1,-1,-1,-1
132,17,1129.25,139.45,197.78,163.16,1,-1,-1,-1
133,6,308.19,209.55,355.18,316.16,1,-1,-1,-1
133,10,940.72,137.23,174.28,129.12,1,-1,-1,-1
133,12,227.82,106.61,176.28,148.69,1,-1,-1,-1
133,13,1381.76,171.43,220.13,194.08,1,-1,-1,-1
133,14,1582.77,174.26,265.73,250.05,1,-1,-1,-1
133,17,1120.85,139.06,195.92,161.83,1,-1,-1,-1
134,6,313.21,198.74,356.60,338.94,1,-1,-1,-1
134,10,936.30,138.14,175.44,128.10,1,-1,-1,-1
134,12,228.30,105.86,179.22,150.19,1,-1,-1,-1
134,13,1374.34,170.64,215.82,192.66,1,-1,-1,-1
134,14,1572.62,172.67,265.32,248.44,1,-1,-1,-1
134,17,1112.35,138.66,195.77,160.54,1,-1,-1,-1
135,6,316.37,195.68,362.66,349.58,1,-1,-1,-1
135,10,935.60,139.06,172.86,127.08,1,-1,-1,-1
135,12,228.69,105.30,182.05,152.14,1,-1,-1,-1
135,13,1370.94,169.85,212.39,191.25,1,-1,-1,-1
135,14,1562.48,171.08,264.91,246.83,1,-1,-1,-1
135,17,1104.27,138.25,196.92,159.31,1,-1,-1,-1
135,19,447.53,176.91,148.49,61.04,1,-1,-1,-1
136,6,318.50,199.07,363.33,353.62,1,-1,-1,-1
136,10,935.49,139.97,169.70,126.06,1,-1,-1,-1
136,12,229.00,104.92,184.70,154.30,1,-1,-1,-1
136,13,1364.49,169.06,208.68,189.83,1,-1,-1,-1
136,14,1552.33,169.48,264.50,245.22,1,-1,-1,-1
136,17,1096.76,137.83,198.35,158.14,1,-1,-1,-1
136,19,444.22,174.97,147.27,64.07,1,-1,-1,-1
137,6,320.45,205.65,368.24,356.38,1,-1,-1,-1
137,10,936.87,140.88,165.05,125.03,1,-1,-1,-1
137,12,229.21,104.70,187.19,156.52,1,-1,-1,-1
137,13,1352.73,168.28,205.62,188.41,1,-1,-1,-1
137,14,1542.19,167.89,264.09,243.61,1,-1,-1,-1
137,17,1089.70,137.40,199.24,157.03,1,-1,-1,-1
137,19,440.61,171.99,145.40,68.28,1,-1,-1,-1
138,6,322.52,216.33,389.07,355.59,1,-1,-1,-1
138,10,941.83,141.80,156.83,124.01,1,-1,-1,-1
138,12,229.32,104.65,189.57,158.77,1,-1,-1,-1
138,13,1339.43,167.49,204.98,187.00,1,-1,-1,-1
138,14,1532.04,166.30,263.67,242.00,1,-1,-1,-1
138,17,1082.98,136.94,199.33,155.98,1,-1,-1,-1
138,19,437.25,168.34,144.25,74.78,1,-1,-1,-1
139,6,324.94,226.62,402.18,354.47,1,-1,-1,-1
139,10,944.44,142.71,150.95,122.99,1,-1,-1,-1
139,12,229.34,104.73,191.96,161.01,1,-1,-1,-1
139,13,1328.03,166.70,206.99,185.58,1,-1,-1,-1
139,14,1521.90,164.71,263.26,240.39,1,-1,-1,-1
139,17,1076.58,136.48,198.83,155.00,1,-1,-1,-1
139,19,434.71,164.44,144.36,82.77,1,-1,-1,-1
140,6,328.36,233.59,404.74,357.68,1,-1,-1,-1
140,10,944.87,143.62,147.24,121.97,1,-1,-1,-1
140,12,229.29,104.92,194.43,163.21,1,-1,-1,-1
140,13,1319.42,165.91,207.98,184.16,1,-1,-1,-1
140,14,1511.75,163.12,262.85,238.78,1,-1,-1,-1
140,17,1070.61,135.99,198.08,154.08,1,-1,-1,-1
140,19,433.41,160.76,145.42,90.38,1,-1,-1,-1
141,6,332.74,238.68,406.42,365.98,1,-1,-1,-1
141,10,941.41,144.53,147.43,120.95,1,-1,-1,-1
141,12,229.18,105.21,196.98,165.27,1,-1,-1,-1
141,13,1313.19,165.13,206.41,182.75,1,-1,-1,-1
141,14,1501.61,161.52,262.44,237.17,1,-1,-1,-1
141,17,1065.45,135.49,197.39,153.23,1,-1,-1,-1
141,19,433.46,157.69,146.67,96.27,1,-1,-1,-1
142,6,337.23,244.60,408.47,375.06,1,-1,-1,-1
142,10,936.23,145.45,149.34,119.93,1,-1,-1,-1
142,12,229.07,105.59,199.44,167.09,1,-1,-1,-1
142,13,1306.48,164.34,204.42,181.33,1,-1,-1,-1
142,14,1491.46,159.93,262.03,235.57,1,-1,-1,-1
142,17,1061.71,134.97,196.80,152.45,1,-1,-1,-1
142,19,434.57,155.43,147.30,99.70,1,-1,-1,-1
143,6,340.39,251.89,413.36,379.77,1,-1,-1,-1
143,10,932.11,146.36,150.19,118.91,1,-1,-1,-1
143,12,228.98,106.03,201.58,168.53,1,-1,-1,-1
143,13,1297.61,163.55,201.43,179.91,1,-1,-1,-1
143,14,1481.31,158.34,261.62,233.96,1,-1,-1,-1
143,17,1060.10,134.44,196.15,151.73,1,-1,-1,-1
143,19,436.18,154.03,146.97,100.45,1,-1,-1,-1
144,6,341.50,255.49,426.81,382.24,1,-1,-1,-1
144,10,929.64,147.27,149.40,117.89,1,-1,-1,-1
144,12,228.96,106.54,203.15,169.49,1,-1,-1,-1
144,13,1287.53,162.76,200.03,178.50,1,-1,-1,-1
144,14,1471.17,156.75,261.21,232.35,1,-1,-1,-1
144,17,1060.90,133.89,195.20,151.08,1,-1,-1,-1
144,19,437.68,153.36,145.96,99.25,1,-1,-1,-1
145,6,341.26,255.50,428.26,383.82,1,-1,-1,-1
145,10,928.95,148.19,146.81,116.87,1,-1,-1,-1
145,12,229.02,107.10,204.00,169.98,1,-1,-1,-1
145,13,1281.54,161.97,200.68,177.08,1,-1,-1,-1
145,14,1461.02,155.16,260.80,230.74,1,-1,-1,-1
145,17,1063.54,133.32,193.94,150.49,1,-1,-1,-1
145,19,438.73,153.22,144.66,97.59,1,-1,-1,-1
146,6,340.57,255.21,428.34,383.58,1,-1,-1,-1
146,10,928.86,149.10,143.63,115.85,1,-1,-1,-1
146,12,229.22,107.71,204.13,170.13,1,-1,-1,-1
146,13,1279.90,161.19,201.61,175.66,1,-1,-1,-1
146,14,1450.88,153.56,260.39,229.13,1,-1,-1,-1
146,17,1066.85,132.75,192.69,149.95,1,-1,-1,-1
146,19,439.30,153.31,143.36,96.52,1,-1,-1,-1
147,6,339.70,255.67,429.44,380.47,1,-1,-1,-1
147,10,928.74,150.01,140.49,114.83,1,-1,-1,-1
147,12,229.59,108.37,203.70,170.21,1,-1,-1,-1
147,13,1279.87,160.40,201.97,174.25,1,-1,-1,-1
147,14,1440.73,151.97,259.98,227.52,1,-1,-1,-1
147,17,1069.30,132.17,192.10,149.47,1,-1,-1,-1
147,19,439.70,153.31,142.17,96.31,1,-1,-1,-1
148,6,338.65,255.01,430.24,376.05,1,-1,-1,-1
148,10,928.57,150.93,137.38,113.81,1,-1,-1,-1
148,12,230.19,109.08,203.03,170.59,1,-1,-1,-1
148,13,1280.03,159.61,202.02,172.83,1,-1,-1,-1
148,14,1430.59,150.38,259.57,225.91,1,-1,-1,-1
148,17,1068.92,131.58,192.99,149.05,1,-1,-1,-1
148,19,440.40,152.89,141.29,96.89,1,-1,-1,-1
149,6,338.03,251.53,431.91,377.78,1,-1,-1,-1
149,10,928.35,151.84,134.33,112.79,1,-1,-1,-1
149,12,231.05,109.83,202.51,171.61,1,-1,-1,-1
149,13,1280.11,158.82,202.27,171.41,1,-1,-1,-1
149,14,1420.44,148.79,259.16,224.30,1,-1,-1,-1
149,17,1063.40,131.00,196.11,148.66,1,-1,-1,-1
149,19,441.91,151.79,141.22,98.16,1,-1,-1,-1
150,6,339.66,252.67,426.62,393.54,1,-1,-1,-1
150,10,928.36,152.75,131.05,111.77,1,-1,-1,-1
150,12,232.23,110.61,202.56,173.49,1,-1,-1,-1
150,13,1279.10,158.04,202.85,170.00,1,-1,-1,-1
150,14,1410.30,147.20,258.75,222.70,1,-1,-1,-1
150,17,1050.96,130.42,201.69,148.32,1,-1,-1,-1
150,19,444.59,149.88,142.54,100.04,1,-1,-1,-1
151,6,345.86,277.66,437.58,418.06,1,-1,-1,-1
151,10,929.99,153.67,126.15,110.75,1,-1,-1,-1
151,12,233.75,111.40,203.53,176.28,1,-1,-1,-1
151,13,1274.31,157.25,202.94,168.58,1,-1,-1,-1
151,14,1400.15,145.60,258.34,221.09,1,-1,-1,-1
151,17,1031.72,129.84,209.11,148.01,1,-1,-1,-1
151,19,448.47,147.30,145.43,102.46,1,-1,-1,-1
152,6,357.11,324.68,522.38,441.59,1,-1,-1,-1
152,10,933.25,154.58,119.62,109.73,1,-1,-1,-1
152,12,235.59,112.18,205.58,179.80,1,-1,-1,-1
152,14,1390.01,144.01,257.93,219.48,1,-1,-1,-1
152,17,1008.80,129.28,216.84,147.73,1,-1,-1,-1
152,19,453.17,144.39,149.02,105.24,1,-1,-1,-1
153,6,371.10,354.18,532.23,469.71,1,-1,-1,-1
153,10,933.92,155.49,115.68,108.71,1,-1,-1,-1
153,12,237.74,112.95,208.57,183.70,1,-1,-1,-1
153,14,1379.86,142.42,257.51,217.87,1,-1,-1,-1
153,17,987.21,128.75,223.06,147.48,1,-1,-1,-1
153,19,458.03,141.67,151.91,108.22,1,-1,-1,-1
154,6,385.26,357.81,539.55,498.26,1,-1,-1,-1
154,10,932.44,156.41,113.89,107.69,1,-1,-1,-1
154,12,240.10,113.68,212.23,187.68,1,-1,-1,-1
154,14,1369.71,140.83,257.10,216.26,1,-1,-1,-1
154,17,970.49,128.23,226.75,147.23,1,-1,-1,-1
154,19,462.54,139.50,153.64,111.28,1,-1,-1,-1
155,6,397.49,358.18,558.99,517.08,1,-1,-1,-1
155,10,931.28,157.32,111.78,106.66,1,-1,-1,-1
155,12,242.57,114.37,216.25,191.58,1,-1,-1,-1
155,14,1359.57,139.24,256.69,214.65,1,-1,-1,-1
155,17,959.49,127.75,228.13,147.00,1,-1,-1,-1
155,19,466.55,137.99,154.68,114.12,1,-1,-1,-1
156,6,406.98,371.64,579.93,522.19,1,-1,-1,-1
156,10,931.12,158.23,108.67,105.64,1,-1,-1,-1
156,12,244.97,115.00,220.30,195.32,1,-1,-1,-1
156,14,1349.42,137.65,256.28,213.04,1,-1,-1,-1
156,17,953.26,127.31,227.95,146.76,1,-1,-1,-1
156,19,470.15,137.10,155.78,116.40,1,-1,-1,-1
157,6,413.31,390.50,594.22,524.63,1,-1,-1,-1
157,10,931.63,159.15,104.89,104.62,1,-1,-1,-1
157,12,247.18,115.58,224.10,198.85,1,-1,-1,-1
157,17,950.22,126.90,226.71,146.52,1,-1,-1,-1
157,19,473.48,136.67,157.45,118.08,1,-1,-1,-1
158,6,417.29,405.78,610.83,533.14,1,-1,-1,-1
158,10,932.03,160.06,101.22,103.60,1,-1,-1,-1
158,12,249.08,116.10,227.47,202.08,1,-1,-1,-1
158,17,948.85,126.55,224.74,146.26,1,-1,-1,-1
158,19,476.61,136.58,159.80,119.48,1,-1,-1,-1
158,20,1170.34,154.51,197.25,157.84,1,-1,-1,-1
159,6,422.94,416.64,644.08,549.86,1,-1,-1,-1
159,10,930.29,160.97,99.69,102.58,1,-1,-1,-1
159,12,250.60,116.57,230.25,204.82,1,-1,-1,-1
159,16,1342.23,144.31,230.07,206.96,1,-1,-1,-1
159,17,947.99,126.25,222.53,145.99,1,-1,-1,-1
159,19,479.53,136.71,162.56,121.02,1,-1,-1,-1
159,20,1167.73,154.35,191.39,157.52,1,-1,-1,-1
160,6,433.38,424.52,655.02,571.47,1,-1,-1,-1
160,12,251.72,117.01,232.29,206.84,1,-1,-1,-1
160,16,1335.45,144.01,228.83,205.83,1,-1,-1,-1
160,17,947.05,126.01,220.75,145.68,1,-1,-1,-1
160,19,482.08,136.99,165.24,122.78,1,-1,-1,-1
160,20,1165.47,154.15,185.11,157.22,1,-1,-1,-1
161,6,446.32,431.35,648.52,588.69,1,-1,-1,-1
161,12,252.45,117.42,233.49,207.98,1,-1,-1,-1
161,16,1328.68,143.70,227.58,204.71,1,-1,-1,-1
161,17,946.01,125.84,219.80,145.33,1,-1,-1,-1
161,19,484.09,137.32,167.32,124.33,1,-1,-1,-1
161,20,1163.63,153.92,180.09,156.93,1,-1,-1,-1
162,6,456.22,434.47,638.90,597.37,1,-1,-1,-1
162,12,252.86,117.85,233.83,208.18,1,-1,-1,-1
162,16,1321.90,143.40,226.34,203.58,1,-1,-1,-1
162,17,945.07,125.73,219.61,144.95,1,-1,-1,-1
162,19,485.37,137.60,168.57,125.26,1,-1,-1,-1
162,20,1162.30,153.65,177.27,156.65,1,-1,-1,-1
163,6,460.83,434.48,634.14,599.18,1,-1,-1,-1
163,12,253.04,118.33,233.41,207.54,1,-1,-1,-1
163,16,1315.12,143.09,225.10,202.46,1,-1,-1,-1
163,17,944.39,125.69,219.91,144.51,1,-1,-1,-1
163,19,485.87,137.74,169.16,125.60,1,-1,-1,-1
163,20,1161.61,153.34,176.28,156.36,1,-1,-1,-1
164,6,461.72,433.89,633.31,598.11,1,-1,-1,-1
164,12,253.13,118.89,232.38,206.27,1,-1,-1,-1
164,16,1308.34,142.79,223.85,201.33,1,-1,-1,-1
164,17,943.95,125.73,220.56,144.02,1,-1,-1,-1
164,19,485.68,137.74,169.37,125.67,1,-1,-1,-1
164,20,1161.58,152.98,176.12,156.03,1,-1,-1,-1
165,6,461.02,433.68,634.00,597.18,1,-1,-1,-1
165,12,253.28,119.59,230.98,204.70,1,-1,-1,-1
165,16,1301.56,142.48,222.61,200.20,1,-1,-1,-1
165,17,943.63,125.85,221.51,143.47,1,-1,-1,-1
165,19,485.05,137.61,169.25,125.65,1,-1,-1,-1
165,20,1162.17,152.57,176.09,155.67,1,-1,-1,-1
166,6,459.37,434.36,635.62,596.43,1,-1,-1,-1
166,12,253.68,120.47,229.59,203.27,1,-1,-1,-1
166,16,1294.78,142.18,221.37,199.08,1,-1,-1,-1
166,17,943.36,126.04,222.71,142.86,1,-1,-1,-1
166,19,484.41,137.48,168.59,125.49,1,-1,-1,-1
166,20,1163.18,152.11,176.16,155.23,1,-1,-1,-1
167,6,456.33,435.80,638.90,594.89,1,-1,-1,-1
167,12,254.50,121.59,228.79,202.55,1,-1,-1,-1
167,16,1288.00,141.87,220.12,197.95,1,-1,-1,-1
167,17,943.21,126.31,223.71,142.19,1,-1,-1,-1
167,19,484.36,137.51,167.20,124.97,1,-1,-1,-1
167,20,1164.08,151.60,176.73,154.72,1,-1,-1,-1
168,6,452.71,434.21,641.26,595.54,1,-1,-1,-1
168,12,255.91,122.97,229.30,203.17,1,-1,-1,-1
168,16,1281.22,141.57,218.88,196.83,1,-1,-1,-1
168,17,943.41,126.65,223.48,141.45,1,-1,-1,-1
168,19,485.69,137.92,165.43,124.08,1,-1,-1,-1
168,20,1163.74,151.04,178.00,154.11,1,-1,-1,-1
169,6,453.11,425.40,646.33,603.54,1,-1,-1,-1
169,12,258.04,124.66,231.89,205.67,1,-1,-1,-1
169,16,1274.44,141.27,217.63,195.70,1,-1,-1,-1
169,17,944.38,127.07,220.46,140.64,1,-1,-1,-1
169,19,489.16,138.90,164.40,123.33,1,-1,-1,-1
169,20,1160.49,150.43,179.33,153.39,1,-1,-1,-1
170,6,465.85,426.34,616.34,605.42,1,-1,-1,-1
170,12,260.97,126.67,237.06,210.35,1,-1,-1,-1
170,16,1267.66,140.96,216.39,194.57,1,-1,-1,-1
170,17,946.46,127.56,213.19,139.77,1,-1,-1,-1
170,19,495.32,140.55,165.74,123.76,1,-1,-1,-1
170,20,1152.61,149.78,178.95,152.56,1,-1,-1,-1
171,6,497.14,484.54,620.85,557.47,1,-1,-1,-1
171,12,264.67,129.01,244.72,217.09,1,-1,-1,-1
171,16,1260.88,140.66,215.15,193.45,1,-1,-1,-1
171,17,949.69,128.13,201.47,138.84,1,-1,-1,-1
171,19,504.04,142.82,170.38,126.21,1,-1,-1,-1
171,20,1139.61,149.10,175.15,151.63,1,-1,-1,-1
172,6,541.48,597.47,939.22,460.17,1,-1,-1,-1
172,12,269.06,131.67,253.97,225.18,1,-1,-1,-1
172,16,1254.10,140.35,213.90,192.32,1,-1,-1,-1
172,17,953.56,128.75,187.33,137.84,1,-1,-1,-1
172,19,514.33,145.43,177.09,130.22,1,-1,-1,-1
172,20,1123.41,148.39,168.65,150.59,1,-1,-1,-1
173,6,582.28,672.54,969.83,397.57,1,-1,-1,-1
173,12,273.93,134.64,263.38,233.59,1,-1,-1,-1
173,16,1247.33,140.05,212.66,191.20,1,-1,-1,-1
173,17,957.18,129.44,174.26,136.79,1,-1,-1,-1
173,19,524.68,147.97,182.83,134.07,1,-1,-1,-1
173,20,1107.80,147.67,162.79,149.47,1,-1,-1,-1
174,6,609.17,702.10,979.85,373.29,1,-1,-1,-1
174,12,279.04,137.87,271.78,241.34,1,-1,-1,-1
174,16,1240.55,139.74,211.42,190.07,1,-1,-1,-1
174,17,959.92,130.18,164.57,135.68,1,-1,-1,-1
174,19,533.93,150.10,185.73,136.69,1,-1,-1,-1
174,20,1095.51,146.95,159.65,148.29,1,-1,-1,-1
175,6,625.30,725.62,1004.67,349.03,1,-1,-1,-1
175,12,284.12,141.33,278.58,247.84,1,-1,-1,-1
175,16,1233.77,139.44,210.17,188.94,1,-1,-1,-1
175,17,961.76,130.98,158.37,134.53,1,-1,-1,-1
175,19,541.65,151.63,186.16,138.41,1,-1,-1,-1
175,20,1087.28,146.24,158.80,147.05,1,-1,-1,-1
176,6,644.21,757.35,1069.42,313.34,1,-1,-1,-1
176,12,288.94,144.99,283.82,252.95,1,-1,-1,-1
176,16,1226.99,139.13,208.93,187.82,1,-1,-1,-1
176,17,963.10,131.81,154.49,133.33,1,-1,-1,-1
176,19,547.93,152.49,185.54,139.86,1,-1,-1,-1
176,20,1082.38,145.56,158.53,145.77,1,-1,-1,-1
177,6,678.15,789.60,1089.46,278.36,1,-1,-1,-1
177,12,293.31,148.82,287.95,256.94,1,-1,-1,-1
177,15,1204.54,134.04,191.44,182.18,1,-1,-1,-1
177,17,964.46,132.69,151.77,132.09,1,-1,-1,-1
177,19,553.23,152.76,184.97,141.23,1,-1,-1,-1
177,20,1079.34,144.91,157.65,144.46,1,-1,-1,-1
178,6,726.03,812.66,980.95,256.33,1,-1,-1,-1
178,12,297.15,152.78,291.62,260.31,1,-1,-1,-1
178,15,1199.38,133.76,192.37,181.49,1,-1,-1,-1
178,17,966.00,133.60,149.74,130.82,1,-1,-1,-1
178,19,558.11,152.57,184.54,142.46,1,-1,-1,-1
178,20,1076.58,144.30,156.28,143.14,1,-1,-1,-1
179,6,779.92,836.66,935.00,235.96,1,-1,-1,-1
179,12,300.48,156.84,295.34,263.60,1,-1,-1,-1
179,15,1193.44,133.49,193.38,180.79,1,-1,-1,-1
179,17,967.19,134.54,148.67,129.52,1,-1,-1,-1
179,19,563.05,152.13,183.77,143.52,1,-1,-1,-1
179,20,1072.88,143.74,155.09,141.81,1,-1,-1,-1
180,6,835.27,875.74,952.95,201.04,1,-1,-1,-1
180,12,303.40,160.99,299.26,267.18,1,-1,-1,-1
180,15,1187.14,133.21,194.25,180.10,1,-1,-1,-1
180,17,967.07,135.50,148.89,128.20,1,-1,-1,-1
180,19,568.23,151.65,182.25,144.51,1,-1,-1,-1
180,20,1067.83,143.23,154.19,140.48,1,-1,-1,-1
181,6,889.92,918.74,934.80,161.66,1,-1,-1,-1
181,12,306.03,165.19,303.27,271.27,1,-1,-1,-1
181,15,1180.91,132.93,194.76,179.40,1,-1,-1,-1
181,17,964.76,136.48,150.12,126.86,1,-1,-1,-1
181,19,573.59,151.42,179.97,145.69,1,-1,-1,-1
181,20,1061.77,142.79,153.31,139.15,1,-1,-1,-1
182,6,941.59,943.42,938.77,139.62,1,-1,-1,-1
182,12,308.54,169.41,307.22,275.90,1,-1,-1,-1
182,15,1175.08,132.65,194.76,178.71,1,-1,-1,-1
182,17,960.17,137.47,151.07,125.51,1,-1,-1,-1
182,19,578.86,151.72,177.63,147.30,1,-1,-1,-1
182,20,1055.60,142.40,152.31,137.82,1,-1,-1,-1
183,12,311.05,173.63,311.11,280.93,1,-1,-1,-1
183,15,1169.82,132.37,194.29,178.01,1,-1,-1,-1
183,17,954.04,138.46,150.23,124.16,1,-1,-1,-1
183,19,583.82,152.74,176.28,149.28,1,-1,-1,-1
183,20,1050.29,142.07,151.36,136.49,1,-1,-1,-1
184,12,313.70,177.82,315.05,286.07,1,-1,-1,-1
184,15,1165.19,132.09,193.62,177.32,1,-1,-1,-1
184,17,947.66,139.44,147.39,122.81,1,-1,-1,-1
184,19,588.32,154.43,176.36,151.63,1,-1,-1,-1
184,20,1046.10,141.80,150.55,135.16,1,-1,-1,-1
185,12,316.59,181.96,319.19,290.95,1,-1,-1,-1
185,15,1161.12,131.82,193.18,176.62,1,-1,-1,-1
185,17,942.30,140.42,143.85,121.47,1,-1,-1,-1
185,19,592.29,156.50,177.39,154.30,1,-1,-1,-1
185,20,1042.81,141.58,149.81,133.84,1,-1,-1,-1
186,12,319.77,186.04,323.50,295.22,1,-1,-1,-1
186,15,1157.48,131.54,193.29,175.93,1,-1,-1,-1
186,17,938.73,141.39,141.21,120.14,1,-1,-1,-1
186,19,595.60,158.49,178.51,156.77,1,-1,-1,-1
186,20,1040.08,141.41,149.01,132.53,1,-1,-1,-1
187,12,323.27,190.06,327.78,298.79,1,-1,-1,-1
187,15,1154.04,131.26,193.88,175.23,1,-1,-1,-1
187,17,937.13,142.34,140.18,118.83,1,-1,-1,-1
187,19,597.99,160.06,179.35,158.43,1,-1,-1,-1
187,20,1037.59,141.29,148.08,131.23,1,-1,-1,-1
188,12,327.10,194.03,331.87,301.88,1,-1,-1,-1
188,15,1150.55,130.98,194.70,174.54,1,-1,-1,-1
188,17,937.09,143.27,140.21,117.55,1,-1,-1,-1
188,19,599.14,161.12,180.41,159.03,1,-1,-1,-1
188,20,1035.30,141.20,147.06,129.94,1,-1,-1,-1
189,12,331.26,197.95,335.83,305.04,1,-1,-1,-1
189,15,1146.86,130.70,195.38,173.84,1,-1,-1,-1
189,17,937.73,144.17,139.90,116.29,1,-1,-1,-1
189,19,598.92,161.82,182.65,159.11,1,-1,-1,-1
189,20,1033.32,141.16,145.80,128.68,1,-1,-1,-1
190,12,335.73,201.85,340.07,308.92,1,-1,-1,-1
190,15,1142.83,130.42,195.60,173.15,1,-1,-1,-1
190,17,937.96,145.04,138.26,115.06,1,-1,-1,-1
190,19,597.55,162.44,186.88,159.76,1,-1,-1,-1
190,20,1031.51,141.14,143.65,127.46,1,-1,-1,-1
191,12,340.50,205.74,345.10,314.02,1,-1,-1,-1
191,15,1138.44,130.15,195.09,172.45,1,-1,-1,-1
191,17,936.87,145.88,135.53,113.87,1,-1,-1,-1
191,19,595.71,163.26,192.99,161.83,1,-1,-1,-1
191,20,1029.50,141.16,140.26,126.27,1,-1,-1,-1
192,12,345.51,209.62,351.21,320.42,1,-1,-1,-1
192,15,1133.84,129.87,193.85,171.76,1,-1,-1,-1
192,17,934.27,146.70,132.69,112.72,1,-1,-1,-1
192,19,594.56,164.46,199.56,165.05,1,-1,-1,-1
192,20,1026.90,141.20,136.81,125.15,1,-1,-1,-1
193,12,350.64,213.48,358.27,327.80,1,-1,-1,-1
193,15,1129.32,129.59,192.09,171.06,1,-1,-1,-1
193,17,930.84,147.48,130.57,111.61,1,-1,-1,-1
193,19,595.43,166.13,204.86,168.12,1,-1,-1,-1
193,20,1023.30,141.28,135.70,124.08,1,-1,-1,-1
194,12,355.79,217.30,366.07,335.74,1,-1,-1,-1
194,15,1125.08,129.31,190.19,170.37,1,-1,-1,-1
194,17,927.51,148.23,129.67,110.53,1,-1,-1,-1
194,19,599.07,168.28,208.90,170.09,1,-1,-1,-1
194,20,1018.10,141.38,138.10,123.08,1,-1,-1,-1
195,12,360.88,221.05,374.55,343.97,1,-1,-1,-1
195,15,1121.20,129.03,188.44,169.67,1,-1,-1,-1
195,17,924.91,148.94,129.95,109.50,1,-1,-1,-1
195,18,476.63,121.75,199.30,104.63,1,-1,-1,-1
195,19,604.82,170.89,212.35,170.79,1,-1,-1,-1
195,20,1010.78,141.51,142.71,122.16,1,-1,-1,-1
196,12,365.83,224.70,383.78,352.39,1,-1,-1,-1
196,15,1117.63,128.75,186.99,168.98,1,-1,-1,-1
196,17,923.38,149.63,130.85,108.51,1,-1,-1,-1
196,18,470.03,119.61,197.53,111.66,1,-1,-1,-1
196,19,610.97,173.99,214.54,170.97,1,-1,-1,-1
196,20,1001.69,141.67,146.81,121.32,1,-1,-1,-1
197,12,370.62,228.20,393.77,360.94,1,-1,-1,-1
197,15,1114.33,128.48,185.87,168.28,1,-1,-1,-1
197,17,922.92,150.28,131.35,107.56,1,-1,-1,-1
197,18,463.20,117.44,193.21,118.67,1,-1,-1,-1
197,19,615.92,177.57,214.88,172.19,1,-1,-1,-1
197,20,992.60,141.84,148.71,120.55,1,-1,-1,-1
198,12,375.21,231.50,404.14,369.57,1,-1,-1,-1
198,15,1111.28,128.20,185.05,167.59,1,-1,-1,-1
198,17,923.39,150.90,130.20,106.65,1,-1,-1,-1
198,18,456.65,115.36,186.95,125.39,1,-1,-1,-1
198,19,618.88,181.52,214.20,175.57,1,-1,-1,-1
198,20,986.05,142.03,148.51,119.87,1,-1,-1,-1
199,12,379.55,234.55,414.11,377.99,1,-1,-1,-1
199,15,1108.55,127.92,184.41,166.89,1,-1,-1,-1
199,17,924.55,151.50,126.65,105.78,1,-1,-1,-1
199,18,450.88,113.47,179.96,131.53,1,-1,-1,-1
199,19,619.95,185.57,214.23,180.39,1,-1,-1,-1
199,20,983.44,142.22,146.79,119.28,1,-1,-1,-1
200,12,383.54,237.30,422.67,385.66,1,-1,-1,-1
200,15,1106.28,127.64,183.80,166.20,1,-1,-1,-1
200,17,926.12,152.07,121.12,104.95,1,-1,-1,-1
200,18,446.23,111.85,173.56,136.82,1,-1,-1,-1
200,19,619.77,189.29,216.26,184.49,1,-1,-1,-1
200,20,984.25,142.40,144.32,118.78,1,-1,-1,-1
201,12,387.09,239.73,429.01,391.92,1,-1,-1,-1
201,15,1104.59,127.36,183.19,165.50,1,-1,-1,-1
201,17,927.74,152.61,115.02,104.16,1,-1,-1,-1
201,18,442.85,110.54,168.74,141.10,1,-1,-1,-1
201,19,619.09,192.27,220.00,186.48,1,-1,-1,-1
201,20,986.74,142.58,141.72,118.39,1,-1,-1,-1
202,12,390.10,241.82,432.79,396.31,1,-1,-1,-1
202,15,1103.47,127.08,182.68,164.81,1,-1,-1,-1
202,17,929.06,153.13,110.00,103.41,1,-1,-1,-1
202,18,440.69,109.51,165.92,144.33,1,-1,-1,-1
202,19,618.49,194.22,223.79,186.57,1,-1,-1,-1
202,20,989.24,142.74,139.55,118.12,1,-1,-1,-1
203,12,392.52,243.55,434.23,398.77,1,-1,-1,-1
203,15,1102.85,126.81,182.34,164.11,1,-1,-1,-1
203,17,929.89,153.63,106.95,102.70,1,-1,-1,-1
203,18,439.56,108.68,164.86,146.64,1,-1,-1,-1
203,19,618.26,195.04,226.27,185.90,1,-1,-1,-1
203,20,990.89,142.88,138.12,117.95,1,-1,-1,-1
204,12,394.33,244.94,433.97,399.57,1,-1,-1,-1
204,15,1102.58,126.53,182.23,163.42,1,-1,-1,-1
204,17,930.32,154.11,105.77,102.02,1,-1,-1,-1
204,18,439.20,107.92,164.90,148.24,1,-1,-1,-1
204,19,618.49,194.90,227.09,185.58,1,-1,-1,-1
204,20,991.61,142.98,137.45,117.91,1,-1,-1,-1
205,12,395.59,246.02,432.76,399.21,1,-1,-1,-1
205,15,1102.47,126.25,182.31,162.72,1,-1,-1,-1
205,17,930.50,154.57,105.86,101.38,1,-1,-1,-1
205,18,439.33,107.06,165.36,149.41,1,-1,-1,-1
205,19,619.00,194.13,226.69,186.01,1,-1,-1,-1
205,20,991.70,143.07,137.40,117.98,1,-1,-1,-1
206,12,396.38,246.80,431.26,398.21,1,-1,-1,-1
206,15,1102.29,125.97,182.50,162.03,1,-1,-1,-1
206,17,930.58,155.01,106.56,100.77,1,-1,-1,-1
206,18,439.75,105.88,165.74,150.46,1,-1,-1,-1
206,19,619.40,193.29,225.90,186.82,1,-1,-1,-1
206,20,991.48,143.12,137.79,118.17,1,-1,-1,-1
207,12,396.80,247.33,429.93,397.01,1,-1,-1,-1
207,15,1101.79,125.69,182.63,161.33,1,-1,-1,-1
207,17,930.57,155.44,107.34,100.20,1,-1,-1,-1
207,18,440.28,104.18,165.78,151.65,1,-1,-1,-1
207,19,619.12,193.05,225.68,187.11,1,-1,-1,-1
207,20,991.20,143.13,138.45,118.45,1,-1,-1,-1
208,12,396.96,247.65,429.01,395.93,1,-1,-1,-1
208,15,1100.71,125.41,182.46,160.64,1,-1,-1,-1
208,17,930.33,155.86,107.79,99.66,1,-1,-1,-1
208,18,440.86,101.80,165.42,153.23,1,-1,-1,-1
208,19,617.45,194.22,227.08,185.74,1,-1,-1,-1
208,20,990.93,143.12,138.95,118.83,1,-1,-1,-1
209,12,396.99,247.80,428.58,395.17,1,-1,-1,-1
209,15,1098.83,125.14,181.68,159.94,1,-1,-1,-1
209,17,929.63,156.27,107.48,99.15,1,-1,-1,-1
209,18,441.43,98.62,164.69,155.33,1,-1,-1,-1
209,19,613.74,197.57,231.10,181.79,1,-1,-1,-1
209,20,990.70,143.08,138.42,119.28,1,-1,-1,-1
210,12,396.95,247.81,428.64,394.82,1,-1,-1,-1
210,15,1096.02,124.86,180.03,159.25,1,-1,-1,-1
210,17,928.25,156.67,106.07,98.67,1,-1,-1,-1
210,18,442.02,94.60,163.72,158.03,1,-1,-1,-1
210,19,607.72,203.60,238.38,175.16,1,-1,-1,-1
210,20,990.51,143.01,135.68,119.79,1,-1,-1,-1
211,12,396.93,247.72,429.14,394.90,1,-1,-1,-1
211,15,1092.33,124.58,177.46,158.55,1,-1,-1,-1
211,17,926.23,157.06,103.44,98.22,1,-1,-1,-1
211,18,442.62,89.82,162.65,161.35,1,-1,-1,-1
211,19,599.84,212.25,248.64,167.16,1,-1,-1,-1
211,20,990.39,142.91,130.03,120.31,1,-1,-1,-1
212,15,1088.07,124.30,174.32,157.86,1,-1,-1,-1
212,17,923.94,157.45,100.12,97.80,1,-1,-1,-1
212,18,443.24,84.44,161.69,165.20,1,-1,-1,-1
212,19,591.38,222.74,260.30,160.56,1,-1,-1,-1
212,20,990.39,142.78,122.46,120.84,1,-1,-1,-1
212,21,1330.38,210.92,352.89,287.82,1,-1,-1,-1
212,23,484.90,345.68,556.07,521.81,1,-1,-1,-1
213,15,1083.67,124.02,171.23,157.16,1,-1,-1,-1
213,17,921.95,157.83,97.09,97.41,1,-1,-1,-1
213,18,443.88,78.71,161.03,169.51,1,-1,-1,-1
213,19,583.99,233.86,271.02,158.37,1,-1,-1,-1
213,20,990.35,142.64,115.52,121.34,1,-1,-1,-1
213,21,1310.05,209.23,351.18,282.09,1,-1,-1,-1
213,23,492.64,359.58,580.58,520.29,1,-1,-1,-1
214,15,1079.47,123.74,168.72,156.47,1,-1,-1,-1
214,17,920.61,158.21,95.18,97.06,1,-1,-1,-1
214,18,444.54,72.87,160.78,174.17,1,-1,-1,-1
214,19,578.67,244.59,279.44,162.26,1,-1,-1,-1
214,20,989.96,142.47,110.92,121.77,1,-1,-1,-1
214,21,1284.83,207.20,352.49,275.78,1,-1,-1,-1
214,23,500.39,373.49,604.03,518.77,1,-1,-1,-1
215,15,1075.59,123.47,166.98,155.77,1,-1,-1,-1
215,17,919.90,158.58,94.61,96.73,1,-1,-1,-1
215,18,445.21,67.15,161.00,179.10,1,-1,-1,-1
215,19,575.63,254.47,285.88,172.40,1,-1,-1,-1
215,20,989.11,142.29,109.07,122.12,1,-1,-1,-1
215,21,1263.50,204.77,353.26,269.67,1,-1,-1,-1
215,22,1710.42,367.00,209.43,301.21,1,-1,-1,-1
215,23,508.13,387.39,625.96,517.25,1,-1,-1,-1
216,15,1071.98,123.19,166.03,155.08,1,-1,-1,-1
216,17,919.64,158.95,95.06,96.44,1,-1,-1,-1
216,18,445.90,61.74,161.85,184.20,1,-1,-1,-1
216,19,574.70,263.45,291.80,188.06,1,-1,-1,-1
216,20,987.84,142.09,109.83,122.37,1,-1,-1,-1
216,21,1248.74,201.94,341.59,264.32,1,-1,-1,-1
216,22,1693.92,362.53,222.76,298.09,1,-1,-1,-1
216,23,515.87,401.30,652.58,515.74,1,-1,-1,-1
217,15,1068.43,122.91,165.90,154.38,1,-1,-1,-1
217,17,919.68,159.32,95.91,96.18,1,-1,-1,-1
217,18,446.63,56.78,163.48,189.38,1,-1,-1,-1
217,19,575.50,271.62,298.20,207.36,1,-1,-1,-1
217,20,986.22,141.88,112.76,122.51,1,-1,-1,-1
217,21,1234.77,198.75,329.50,259.83,1,-1,-1,-1
217,22,1677.42,358.07,236.08,294.97,1,-1,-1,-1
217,23,523.61,415.20,683.79,514.22,1,-1,-1,-1
218,15,1064.68,122.63,166.66,153.69,1,-1,-1,-1
218,17,919.98,159.68,96.51,95.96,1,-1,-1,-1
218,18,447.43,52.36,165.99,194.54,1,-1,-1,-1
218,19,577.62,279.00,305.03,226.59,1,-1,-1,-1
218,20,984.23,141.66,116.70,122.53,1,-1,-1,-1
218,21,1217.27,195.19,321.26,255.82,1,-1,-1,-1
218,22,1660.92,353.60,249.41,291.85,1,-1,-1,-1
218,23,531.35,429.11,713.56,512.70,1,-1,-1,-1
219,15,1060.57,122.35,168.33,152.99,1,-1,-1,-1
219,17,920.52,160.04,96.52,95.77,1,-1,-1,-1
219,18,448.36,48.55,169.31,199.53,1,-1,-1,-1
219,19,580.72,285.48,311.79,241.49,1,-1,-1,-1
219,20,981.70,141.43,119.70,122.43,1,-1,-1,-1
219,21,1199.50,191.38,313.40,251.75,1,-1,-1,-1
219,22,1644.42,349.14,262.74,288.73,1,-1,-1,-1
219,23,539.09,443.01,740.25,511.18,1,-1,-1,-1
220,15,1056.12,122.07,170.76,152.30,1,-1,-1,-1
220,17,921.28,160.39,95.89,95.62,1,-1,-1,-1
220,18,449.46,45.34,173.05,204.18,1,-1,-1,-1
220,19,584.37,291.00,317.87,250.64,1,-1,-1,-1
220,20,978.35,141.20,119.47,122.22,1,-1,-1,-1
220,21,1182.93,187.56,309.78,247.15,1,-1,-1,-1
220,22,1627.91,344.67,276.06,285.61,1,-1,-1,-1
220,23,546.83,456.92,769.68,509.67,1,-1,-1,-1
221,15,1051.56,121.80,173.61,151.60,1,-1,-1,-1
221,17,922.18,160.73,94.94,95.51,1,-1,-1,-1
221,18,450.78,42.74,176.56,208.30,1,-1,-1,-1
221,19,588.09,295.53,322.93,256.38,1,-1,-1,-1
221,20,973.93,140.96,115.78,121.90,1,-1,-1,-1
221,21,1167.33,183.97,304.13,242.09,1,-1,-1,-1
221,22,1611.41,340.21,289.39,282.49,1,-1,-1,-1
221,23,554.57,470.83,809.68,508.15,1,-1,-1,-1
222,15,1047.30,121.52,176.35,150.91,1,-1,-1,-1
222,17,923.09,161.07,94.15,95.44,1,-1,-1,-1
222,18,452.29,40.72,179.17,211.73,1,-1,-1,-1
222,19,591.57,299.02,326.64,262.34,1,-1,-1,-1
222,21,1153.77,180.76,292.61,237.18,1,-1,-1,-1
222,22,1594.91,335.74,302.72,279.38,1,-1,-1,-1
222,23,562.32,484.73,856.54,506.63,1,-1,-1,-1
223,15,1043.67,121.24,178.53,150.21,1,-1,-1,-1
223,17,923.91,161.39,93.86,95.41,1,-1,-1,-1
223,18,453.95,39.22,180.47,214.40,1,-1,-1,-1
223,19,594.69,301.36,328.62,270.44,1,-1,-1,-1
223,21,1142.86,178.09,282.82,233.35,1,-1,-1,-1
223,22,1578.41,331.28,316.04,276.26,1,-1,-1,-1
223,23,570.06,498.64,897.65,505.11,1,-1,-1,-1
224,15,1040.89,120.96,179.98,149.52,1,-1,-1,-1
224,17,924.53,161.71,94.06,95.43,1,-1,-1,-1
224,18,455.65,38.15,180.38,216.37,1,-1,-1,-1
224,19,597.32,302.48,328.68,279.43,1,-1,-1,-1
224,21,1134.84,176.11,280.39,231.18,1,-1,-1,-1
224,22,1561.90,326.81,329.37,273.14,1,-1,-1,-1
224,23,577.80,512.54,920.77,503.59,1,-1,-1,-1
225,15,1038.97,120.68,180.81,148.82,1,-1,-1,-1
225,17,924.88,162.01,94.49,95.49,1,-1,-1,-1
225,18,457.26,37.42,179.13,217.81,1,-1,-1,-1
225,19,599.31,302.57,327.02,286.03,1,-1,-1,-1
225,21,1130.76,174.84,282.71,230.64,1,-1,-1,-1
225,22,1545.40,322.35,342.70,270.02,1,-1,-1,-1
225,23,585.54,526.45,923.33,502.08,1,-1,-1,-1
226,15,1037.79,120.40,181.20,148.13,1,-1,-1,-1
226,17,924.99,162.30,94.90,95.59,1,-1,-1,-1
226,18,458.74,36.90,177.21,218.96,1,-1,-1,-1
226,19,600.59,302.31,324.09,287.81,1,-1,-1,-1
226,21,1129.84,174.10,284.23,231.26,1,-1,-1,-1
226,22,1528.90,317.88,356.02,266.90,1,-1,-1,-1
226,23,593.28,540.35,914.98,500.56,1,-1,-1,-1
227,15,1037.07,120.13,181.31,147.43,1,-1,-1,-1
227,17,924.94,162.57,95.16,95.74,1,-1,-1,-1
227,18,460.16,36.50,175.37,220.10,1,-1,-1,-1
227,19,601.39,302.90,320.83,284.14,1,-1,-1,-1
227,21,1130.80,173.47,282.92,232.43,1,-1,-1,-1
227,22,1512.40,313.42,369.35,263.78,1,-1,-1,-1
227,23,601.02,554.26,905.24,499.04,1,-1,-1,-1
228,15,1036.52,119.85,181.21,146.74,1,-1,-1,-1
228,17,924.86,162.83,95.22,95.93,1,-1,-1,-1
228,18,461.65,36.15,174.46,221.48,1,-1,-1,-1
228,19,602.15,305.95,319.12,276.49,1,-1,-1,-1
228,21,1133.26,172.40,280.15,233.47,1,-1,-1,-1
228,22,1495.90,308.95,382.68,260.66,1,-1,-1,-1
228,23,608.76,568.16,896.80,497.52,1,-1,-1,-1
229,15,1035.82,119.57,180.92,146.04,1,-1,-1,-1
229,17,924.92,163.07,95.07,96.16,1,-1,-1,-1
229,18,463.39,35.82,175.36,223.29,1,-1,-1,-1
229,19,603.38,313.07,322.10,269.55,1,-1,-1,-1
229,21,1135.24,170.28,281.72,233.68,1,-1,-1,-1
229,22,1479.39,304.49,396.00,257.55,1,-1,-1,-1
229,23,616.50,582.07,888.46,496.01,1,-1,-1,-1
230,15,1034.67,119.29,180.38,145.35,1,-1,-1,-1
230,17,925.28,163.28,94.74,96.43,1,-1,-1,-1
230,18,465.53,35.51,178.58,225.59,1,-1,-1,-1
230,19,605.53,325.35,333.16,271.10,1,-1,-1,-1
230,21,1129.32,166.60,290.17,232.37,1,-1,-1,-1
230,22,1462.89,300.02,409.33,254.43,1,-1,-1,-1
230,23,624.24,595.97,879.89,494.49,1,-1,-1,-1
231,15,1032.89,119.01,179.56,144.65,1,-1,-1,-1
231,17,926.08,163.48,94.31,96.75,1,-1,-1,-1
231,18,468.13,35.26,183.94,228.32,1,-1,-1,-1
231,19,608.82,342.71,353.55,287.49,1,-1,-1,-1
231,21,1105.62,161.23,283.29,229.25,1,-1,-1,-1
231,22,1446.39,295.56,422.66,251.31,1,-1,-1,-1
231,23,631.99,609.88,874.37,492.97,1,-1,-1,-1
232,17,927.38,163.66,93.96,97.11,1,-1,-1,-1
232,18,471.18,35.15,190.18,231.27,1,-1,-1,-1
232,19,613.09,363.56,379.62,315.39,1,-1,-1,-1
232,21,1067.46,154.63,251.00,224.78,1,-1,-1,-1
232,24,1333.62,256.32,308.47,223.70,1,-1,-1,-1
233,17,929.22,163.82,94.08,97.50,1,-1,-1,-1
233,18,474.58,35.23,195.53,234.16,1,-1,-1,-1
233,19,617.90,385.39,404.47,341.42,1,-1,-1,-1
233,21,1034.86,147.71,244.31,220.00,1,-1,-1,-1
233,24,1319.93,252.65,301.47,221.39,1,-1,-1,-1
233,25,1570.70,328.68,341.33,279.22,1,-1,-1,-1
234,17,931.49,163.95,95.23,97.93,1,-1,-1,-1
234,18,478.27,35.55,198.83,236.71,1,-1,-1,-1
234,19,622.85,406.20,424.38,356.62,1,-1,-1,-1
234,21,1015.34,141.43,251.40,215.78,1,-1,-1,-1
234,24,1303.56,248.23,295.78,218.97,1,-1,-1,-1
234,25,1553.37,326.21,355.67,277.26,1,-1,-1,-1
235,17,933.91,164.06,97.79,98.39,1,-1,-1,-1
235,18,482.25,36.13,200.08,238.71,1,-1,-1,-1
235,19,627.67,425.11,440.16,361.86,1,-1,-1,-1
235,21,1004.92,136.41,248.23,212.60,1,-1,-1,-1
235,24,1285.66,243.27,290.99,216.55,1,-1,-1,-1
235,25,1532.31,323.74,366.69,275.30,1,-1,-1,-1
236,17,935.88,164.15,101.39,98.87,1,-1,-1,-1
236,18,486.49,36.95,200.22,240.06,1,-1,-1,-1
236,19,632.11,442.13,454.54,363.21,1,-1,-1,-1
236,21,997.42,132.95,246.24,210.59,1,-1,-1,-1
236,24,1267.73,238.05,286.50,214.20,1,-1,-1,-1
236,25,1507.85,321.26,371.30,273.34,1,-1,-1,-1
237,17,936.66,164.22,104.97,99.39,1,-1,-1,-1
237,18,490.92,37.99,200.44,240.72,1,-1,-1,-1
237,19,635.91,457.58,469.70,366.38,1,-1,-1,-1
237,21,988.95,131.09,249.29,209.43,1,-1,-1,-1
237,24,1250.72,232.86,281.74,212.02,1,-1,-1,-1
237,25,1481.07,318.79,370.61,271.38,1,-1,-1,-1
238,18,495.38,39.18,201.58,240.73,1,-1,-1,-1
238,19,638.80,471.68,486.22,374.18,1,-1,-1,-1
238,21,979.65,130.69,251.12,208.47,1,-1,-1,-1
238,24,1235.03,227.94,276.68,210.21,1,-1,-1,-1
238,25,1453.67,316.32,367.26,269.42,1,-1,-1,-1
239,18,499.61,40.45,203.70,240.20,1,-1,-1,-1
239,19,640.73,484.27,503.24,386.72,1,-1,-1,-1
239,21,971.50,131.39,248.36,207.19,1,-1,-1,-1
239,24,1220.58,223.43,272.35,208.91,1,-1,-1,-1
239,25,1427.82,313.84,363.02,267.46,1,-1,-1,-1
240,18,503.33,41.72,206.24,239.28,1,-1,-1,-1
240,19,641.84,494.89,518.85,401.43,1,-1,-1,-1
240,21,964.29,132.69,245.83,205.52,1,-1,-1,-1
240,24,1207.76,219.51,269.56,208.13,1,-1,-1,-1
240,25,1406.20,311.37,359.05,265.50,1,-1,-1,-1
241,18,506.26,42.91,208.53,238.12,1,-1,-1,-1
241,19,642.35,503.06,530.92,413.86,1,-1,-1,-1
241,21,959.07,134.05,244.51,203.77,1,-1,-1,-1
241,24,1197.76,216.34,268.08,207.72,1,-1,-1,-1
241,25,1391.51,308.89,356.19,263.54,1,-1,-1,-1
242,18,508.27,43.95,210.07,236.87,1,-1,-1,-1
242,19,642.48,508.56,538.21,420.36,1,-1,-1,-1
242,21,956.86,135.15,244.84,202.31,1,-1,-1,-1
242,24,1191.74,214.02,267.18,207.53,1,-1,-1,-1
242,25,1384.28,306.42,355.29,261.58,1,-1,-1,-1
243,18,509.36,44.78,210.65,235.73,1,-1,-1,-1
243,19,642.38,511.63,541.22,421.27,1,-1,-1,-1
243,21,956.65,135.86,245.31,201.32,1,-1,-1,-1
243,24,1189.32,212.49,266.48,207.47,1,-1,-1,-1
243,25,1382.46,303.95,355.61,259.62,1,-1,-1,-1
244,18,509.72,45.35,210.28,234.90,1,-1,-1,-1
244,19,642.20,512.85,541.59,419.53,1,-1,-1,-1
244,21,956.95,136.23,245.16,200.80,1,-1,-1,-1
244,24,1189.01,211.58,265.99,207.50,1,-1,-1,-1
244,25,1383.19,301.47,355.87,257.66,1,-1,-1,-1
245,18,509.71,45.63,209.09,234.63,1,-1,-1,-1
245,19,641.99,512.90,540.94,417.82,1,-1,-1,-1
245,21,957.05,136.37,244.98,200.68,1,-1,-1,-1
245,24,1189.28,211.17,265.76,207.59,1,-1,-1,-1
245,25,1384.40,299.00,355.61,255.70,1,-1,-1,-1
246,18,509.77,45.60,207.29,235.20,1,-1,-1,-1
246,19,641.80,512.40,540.30,417.24,1,-1,-1,-1
246,21,956.93,136.35,245.02,200.84,1,-1,-1,-1
246,24,1189.25,211.22,265.87,207.73,1,-1,-1,-1
246,25,1385.21,296.53,355.09,253.74,1,-1,-1,-1
247,18,510.45,45.23,205.30,236.91,1,-1,-1,-1
247,19,641.68,511.77,540.01,417.68,1,-1,-1,-1
247,21,956.84,136.20,244.98,201.18,1,-1,-1,-1
247,24,1188.93,211.89,266.40,207.88,1,-1,-1,-1
247,25,1385.62,294.05,354.65,251.78,1,-1,-1,-1
248,18,512.25,44.53,203.95,240.01,1,-1,-1,-1
248,19,641.70,511.21,539.96,418.57,1,-1,-1,-1
248,21,957.11,135.85,244.54,201.61,1,-1,-1,-1
248,24,1189.12,213.44,267.37,207.95,1,-1,-1,-1
248,25,1385.84,291.58,354.53,249.82,1,-1,-1,-1
249,18,515.61,43.50,204.35,244.69,1,-1,-1,-1
249,19,641.96,510.76,539.79,419.40,1,-1,-1,-1
249,21,957.69,135.15,244.38,201.92,1,-1,-1,-1
249,24,1191.19,216.12,268.55,207.84,1,-1,-1,-1
249,25,1385.81,289.11,354.76,247.86,1,-1,-1,-1
250,18,520.74,42.17,207.61,250.97,1,-1,-1,-1
250,19,642.59,510.34,539.14,419.77,1,-1,-1,-1
250,21,957.38,133.93,245.60,201.88,1,-1,-1,-1
250,24,1196.18,219.96,269.42,207.48,1,-1,-1,-1
250,25,1385.03,286.63,355.16,245.90,1,-1,-1,-1
251,18,527.58,40.60,214.04,258.65,1,-1,-1,-1
251,19,643.72,509.85,537.75,419.32,1,-1,-1,-1
251,21,953.47,132.07,245.41,201.20,1,-1,-1,-1
251,24,1203.41,224.54,269.65,206.87,1,-1,-1,-1
251,25,1382.66,284.16,355.30,243.94,1,-1,-1,-1
252,18,535.75,38.86,222.59,267.33,1,-1,-1,-1
252,24,1209.39,228.88,269.73,206.20,1,-1,-1,-1
252,26,1056.91,177.09,222.29,177.84,1,-1,-1,-1
252,27,869.86,127.09,217.57,183.03,1,-1,-1,-1
253,18,544.60,37.05,231.09,276.43,1,-1,-1,-1
253,24,1209.70,231.81,270.54,205.72,1,-1,-1,-1
253,26,1049.32,175.59,219.47,176.47,1,-1,-1,-1
253,27,867.96,126.82,211.03,180.65,1,-1,-1,-1
254,18,553.48,35.28,237.74,285.42,1,-1,-1,-1
254,24,1203.51,232.67,271.62,205.55,1,-1,-1,-1
254,26,1041.72,174.10,216.66,175.10,1,-1,-1,-1
254,27,866.05,126.55,204.49,178.27,1,-1,-1,-1
255,18,561.88,33.67,242.02,293.82,1,-1,-1,-1
255,24,1193.25,231.44,271.55,205.66,1,-1,-1,-1
255,26,1034.13,172.61,213.84,173.72,1,-1,-1,-1
255,27,864.15,126.29,197.96,175.89,1,-1,-1,-1
256,18,569.42,32.31,244.46,301.33,1,-1,-1,-1
256,24,1181.88,228.50,269.29,205.88,1,-1,-1,-1
256,26,1026.53,171.11,211.03,172.35,1,-1,-1,-1
256,27,862.25,126.02,191.42,173.52,1,-1,-1,-1
257,18,575.95,31.30,245.95,307.78,1,-1,-1,-1
257,24,1171.04,224.40,265.09,206.03,1,-1,-1,-1
257,26,1018.93,169.62,208.21,170.98,1,-1,-1,-1
257,27,860.35,125.76,184.88,171.14,1,-1,-1,-1
258,18,581.47,30.71,247.20,313.16,1,-1,-1,-1
258,24,1160.86,219.82,260.27,205.79,1,-1,-1,-1
258,26,1011.34,168.13,205.40,169.61,1,-1,-1,-1
258,27,858.45,125.49,178.34,168.76,1,-1,-1,-1
259,18,586.19,30.57,248.53,317.57,1,-1,-1,-1
259,24,1151.20,215.40,255.84,204.93,1,-1,-1,-1
259,26,1003.74,166.63,202.59,168.23,1,-1,-1,-1
259,27,856.55,125.22,171.80,166.38,1,-1,-1,-1
260,18,590.41,30.91,250.12,321.15,1,-1,-1,-1
260,24,1142.44,211.55,251.70,203.48,1,-1,-1,-1
260,26,996.14,165.14,199.77,166.86,1,-1,-1,-1
260,27,854.65,124.96,165.26,164.00,1,-1,-1,-1
261,18,594.45,31.75,252.13,324.08,1,-1,-1,-1
261,24,1134.62,208.29,247.47,201.80,1,-1,-1,-1
261,26,988.55,163.65,196.96,165.49,1,-1,-1,-1
261,27,852.75,124.69,158.73,161.63,1,-1,-1,-1
261,28,1658.07,230.04,259.94,235.15,1,-1,-1,-1
262,18,598.60,33.09,254.84,326.48,1,-1,-1,-1
262,24,1126.95,205.41,243.42,200.34,1,-1,-1,-1
262,26,980.95,162.15,194.14,164.11,1,-1,-1,-1
262,27,850.85,124.43,152.19,159.25,1,-1,-1,-1
262,28,1637.09,228.02,278.50,231.77,1,-1,-1,-1
263,18,603.11,34.92,258.59,328.46,1,-1,-1,-1
263,24,1118.38,202.69,240.54,199.31,1,-1,-1,-1
263,26,973.36,160.66,191.33,162.74,1,-1,-1,-1
263,27,848.95,124.16,145.65,156.87,1,-1,-1,-1
263,28,1615.30,226.01,293.83,227.98,1,-1,-1,-1
264,18,608.15,37.22,263.53,330.11,1,-1,-1,-1
264,24,1108.46,200.04,239.73,198.55,1,-1,-1,-1
264,26,965.76,159.17,188.51,161.37,1,-1,-1,-1
264,27,847.04,123.89,139.11,154.49,1,-1,-1,-1
264,28,1593.11,223.99,303.71,223.82,1,-1,-1,-1
265,18,613.82,39.97,269.60,331.50,1,-1,-1,-1
265,24,1097.41,197.47,240.98,197.73,1,-1,-1,-1
265,26,958.16,157.67,185.70,159.99,1,-1,-1,-1
265,27,845.14,123.63,132.57,152.11,1,-1,-1,-1
265,28,1571.14,221.98,307.43,219.31,1,-1,-1,-1
266,18,620.13,43.12,276.51,332.73,1,-1,-1,-1
266,24,1085.28,194.96,243.65,196.64,1,-1,-1,-1
266,26,950.57,156.18,182.89,158.62,1,-1,-1,-1
266,28,1549.94,219.96,306.09,214.55,1,-1,-1,-1
267,18,627.04,46.61,283.63,333.92,1,-1,-1,-1
267,24,1071.78,192.43,246.83,195.34,1,-1,-1,-1
267,26,942.97,154.69,180.07,157.25,1,-1,-1,-1
267,28,1529.84,217.94,301.63,209.63,1,-1,-1,-1
268,18,634.49,50.31,290.00,335.19,1,-1,-1,-1
268,24,1056.63,189.79,250.08,194.08,1,-1,-1,-1
268,26,935.37,153.19,177.26,155.88,1,-1,-1,-1
268,28,1510.84,215.93,295.94,204.69,1,-1,-1,-1
269,18,642.43,54.09,294.67,336.72,1,-1,-1,-1
269,24,1039.68,187.00,253.41,193.15,1,-1,-1,-1
269,26,927.78,151.70,174.44,154.50,1,-1,-1,-1
269,28,1492.75,213.91,290.54,199.85,1,-1,-1,-1
270,18,650.81,57.80,297.36,338.68,1,-1,-1,-1
270,24,1021.94,184.08,255.97,192.66,1,-1,-1,-1
270,26,920.18,150.21,171.63,153.13,1,-1,-1,-1
270,28,1475.33,211.90,286.18,195.26,1,-1,-1,-1
271,18,659.56,61.33,298.56,341.21,1,-1,-1,-1
271,24,1006.22,181.12,254.89,192.56,1,-1,-1,-1
271,26,912.59,148.71,168.81,151.76,1,-1,-1,-1
271,28,1458.38,209.88,282.78,191.00,1,-1,-1,-1
272,18,668.59,64.59,299.21,344.36,1,-1,-1,-1
272,24,995.80,178.20,246.62,192.65,1,-1,-1,-1
272,28,1441.76,207.87,279.78,187.16,1,-1,-1,-1
273,18,677.68,67.51,300.46,348.05,1,-1,-1,-1
273,24,991.69,175.47,230.13,192.74,1,-1,-1,-1
273,28,1425.51,205.85,276.49,183.80,1,-1,-1,-1
274,18,686.44,70.09,303.45,352.11,1,-1,-1,-1
274,24,991.97,173.06,207.92,192.60,1,-1,-1,-1
274,28,1409.77,203.84,272.56,180.94,1,-1,-1,-1
275,18,694.42,72.33,308.89,356.28,1,-1,-1,-1
275,24,993.91,171.05,183.59,192.06,1,-1,-1,-1
275,28,1394.75,201.82,268.12,178.63,1,-1,-1,-1
275,29,1011.02,137.71,127.08,102.20,1,-1,-1,-1
276,18,701.18,74.26,316.81,360.28,1,-1,-1,-1
276,24,995.49,169.41,160.18,191.09,1,-1,-1,-1
276,28,1380.75,199.81,263.44,176.88,1,-1,-1,-1
276,29,1011.63,137.22,125.68,105.94,1,-1,-1,-1
276,30,1130.09,212.07,113.10,60.57,1,-1,-1,-1
277,18,706.45,75.90,326.39,363.85,1,-1,-1,-1
277,24,995.74,168.05,139.66,189.80,1,-1,-1,-1
277,28,1368.16,197.79,258.72,175.75,1,-1,-1,-1
277,29,1012.24,136.74,124.28,109.68,1,-1,-1,-1
277,30,1129.30,211.50,114.82,61.18,1,-1,-1,-1
278,18,710.16,77.29,336.13,366.78,1,-1,-1,-1
278,28,1357.46,195.78,254.42,175.24,1,-1,-1,-1
278,29,1012.84,136.25,122.88,113.42,1,-1,-1,-1
278,30,1128.51,210.92,116.54,61.80,1,-1,-1,-1
278,31,1758.29,364.43,158.46,265.00,1,-1,-1,-1
279,18,712.47,78.45,344.28,368.96,1,-1,-1,-1
279,28,1349.06,193.76,251.45,175.34,1,-1,-1,-1
279,29,1013.45,135.76,121.48,117.16,1,-1,-1,-1
279,30,1127.73,210.34,118.26,62.41,1,-1,-1,-1
279,31,1757.80,364.04,158.97,263.67,1,-1,-1,-1
280,18,713.66,79.39,349.77,370.38,1,-1,-1,-1
280,28,1343.15,191.75,250.39,176.03,1,-1,-1,-1
280,29,1014.06,135.28,120.08,120.90,1,-1,-1,-1
280,30,1126.94,209.77,119.98,63.03,1,-1,-1,-1
280,31,1757.32,363.66,159.48,262.34,1,-1,-1,-1
281,18,714.08,80.14,352.56,371.10,1,-1,-1,-1
281,28,1339.58,189.73,250.92,177.24,1,-1,-1,-1
281,29,1014.67,134.79,118.68,124.64,1,-1,-1,-1
281,30,1126.15,209.19,121.70,63.65,1,-1,-1,-1
281,31,1756.84,363.27,159.99,261.01,1,-1,-1,-1
282,18,714.03,80.70,353.36,371.29,1,-1,-1,-1
282,28,1337.94,187.71,252.08,178.87,1,-1,-1,-1
282,29,1015.27,134.31,117.28,128.38,1,-1,-1,-1
282,30,1125.37,208.61,123.42,64.26,1,-1,-1,-1
282,31,1756.35,362.89,160.51,259.68,1,-1,-1,-1
283,18,713.74,81.10,353.10,371.11,1,-1,-1,-1
283,28,1337.65,185.70,253.01,180.81,1,-1,-1,-1
283,29,1015.88,133.82,115.88,132.12,1,-1,-1,-1
283,30,1124.58,208.04,125.14,64.88,1,-1,-1,-1
283,31,1755.87,362.51,161.02,258.35,1,-1,-1,-1
284,18,713.39,81.36,352.52,370.72,1,-1,-1,-1
284,28,1338.19,183.68,253.29,182.94,1,-1,-1,-1
284,29,1016.49,133.34,114.48,135.86,1,-1,-1,-1
284,30,1123.79,207.46,126.86,65.50,1,-1,-1,-1
284,31,1755.38,362.12,161.53,257.02,1,-1,-1,-1
285,18,713.07,81.48,352.06,370.29,1,-1,-1,-1
285,28,1339.10,181.67,252.98,185.16,1,-1,-1,-1
285,29,1017.10,132.85,113.08,139.60,1,-1,-1,-1
285,30,1123.01,206.89,128.58,66.11,1,-1,-1,-1
285,31,1754.90,361.74,162.04,255.69,1,-1,-1,-1
286,18,712.83,81.48,351.84,369.93,1,-1,-1,-1
286,28,1340.03,179.65,252.39,187.36,1,-1,-1,-1
286,29,1017.71,132.37,111.68,143.34,1,-1,-1,-1
286,30,1122.22,206.31,130.30,66.73,1,-1,-1,-1
286,31,1754.42,361.35,162.55,254.36,1,-1,-1,-1
287,18,712.70,81.36,351.83,369.74,1,-1,-1,-1
287,28,1340.75,177.64,251.89,189.43,1,-1,-1,-1
287,29,1018.31,131.88,110.28,147.08,1,-1,-1,-1
287,30,1121.43,205.73,132.02,67.34,1,-1,-1,-1
287,31,1753.93,360.97,163.07,253.03,1,-1,-1,-1
288,18,712.66,81.12,351.91,369.79,1,-1,-1,-1
288,28,1341.07,175.62,251.72,191.31,1,-1,-1,-1
288,29,1018.92,131.40,108.88,150.82,1,-1,-1,-1
288,30,1120.65,205.16,133.74,67.96,1,-1,-1,-1
288,31,1753.45,360.58,163.58,251.70,1,-1,-1,-1
289,18,712.71,80.74,352.01,370.13,1,-1,-1,-1
289,28,1340.81,173.61,251.86,192.90,1,-1,-1,-1
289,29,1019.53,130.91,107.49,154.56,1,-1,-1,-1
289,30,1119.86,204.58,135.46,68.58,1,-1,-1,-1
289,31,1752.97,360.20,164.09,250.37,1,-1,-1,-1
290,18,712.84,80.23,352.08,370.81,1,-1,-1,-1
290,28,1339.81,171.59,252.04,194.16,1,-1,-1,-1
290,29,1020.14,130.43,106.09,158.30,1,-1,-1,-1
290,30,1119.07,204.00,137.18,69.19,1,-1,-1,-1
290,31,1752.48,359.81,164.60,249.04,1,-1,-1,-1
291,18,713.05,79.57,352.12,371.84,1,-1,-1,-1
291,28,1337.92,169.58,251.87,195.03,1,-1,-1,-1
291,29,1020.75,129.94,104.69,162.04,1,-1,-1,-1
291,30,1118.29,203.43,138.90,69.81,1,-1,-1,-1
291,31,1752.00,359.43,165.11,247.71,1,-1,-1,-1
