1,2,411.501,118.361,192.311,153.466,1,-1,-1,-1
1,3,1109.753,285.389,525.216,436.796,1,-1,-1,-1
1,1,1158.808,159.890,244.256,106.706,1,-1,-1,-1
2,4,1640.542,188.346,276.456,243.093,1,-1,-1,-1
2,2,404.840,119.087,193.507,154.882,1,-1,-1,-1
2,1,1142.159,168.935,232.605,97.068,1,-1,-1,-1
2,3,1124.709,304.152,531.099,434.929,1,-1,-1,-1
3,3,1137.016,308.384,527.232,445.036,1,-1,-1,-1
3,4,1624.242,173.841,293.190,270.543,1,-1,-1,-1
3,2,398.374,119.128,194.789,155.966,1,-1,-1,-1
3,1,1172.386,160.170,226.425,111.299,1,-1,-1,-1
4,3,1152.945,319.268,548.504,447.579,1,-1,-1,-1
4,2,388.911,118.052,200.228,157.710,1,-1,-1,-1
4,4,1605.833,162.032,312.879,280.483,1,-1,-1,-1
4,1,1172.386,160.170,226.425,111.299,1,-1,-1,-1
5,2,387.206,120.977,198.122,158.071,1,-1,-1,-1
5,4,1601.774,156.868,314.101,284.908,1,-1,-1,-1
5,1,1186.551,152.814,273.048,114.600,1,-1,-1,-1
5,3,1160.777,323.212,556.557,455.554,1,-1,-1,-1
6,1,1186.551,152.814,273.048,114.600,1,-1,-1,-1
6,2,387.206,120.977,198.122,158.071,1,-1,-1,-1
6,3,1168.609,327.156,564.611,463.529,1,-1,-1,-1
6,4,1601.774,156.868,314.101,284.908,1,-1,-1,-1
7,1,1202.953,190.638,110.472,72.097,1,-1,-1,-1
7,2,381.671,120.957,201.213,159.354,1,-1,-1,-1
7,3,1191.221,333.003,576.438,476.671,1,-1,-1,-1
7,4,1573.990,156.465,336.812,274.193,1,-1,-1,-1
8,1,1219.580,191.483,93.365,75.374,1,-1,-1,-1
8,2,374.987,124.986,203.469,157.733,1,-1,-1,-1
8,3,1213.834,338.850,588.264,489.813,1,-1,-1,-1
8,4,1559.105,145.431,334.468,278.584,1,-1,-1,-1
9,3,1228.433,345.461,606.760,498.695,1,-1,-1,-1
9,2,369.973,122.799,204.104,162.555,1,-1,-1,-1
9,4,1554.832,151.061,317.333,269.657,1,-1,-1,-1
9,1,1243.473,195.889,78.492,66.812,1,-1,-1,-1
10,4,1536.507,145.823,313.698,273.359,1,-1,-1,-1
10,3,1243.032,352.071,625.255,507.578,1,-1,-1,-1
10,2,362.258,122.289,205.498,166.029,1,-1,-1,-1
11,4,1516.410,144.211,324.036,271.211,1,-1,-1,-1
11,3,1251.766,377.980,643.377,494.111,1,-1,-1,-1
11,2,357.946,127.196,210.640,162.489,1,-1,-1,-1
12,4,1501.139,159.043,307.859,229.463,1,-1,-1,-1
12,2,355.014,123.998,206.122,164.710,1,-1,-1,-1
13,2,351.455,122.165,206.700,168.842,1,-1,-1,-1
13,4,1487.727,154.799,304.937,234.502,1,-1,-1,-1
14,2,346.531,122.919,205.582,170.103,1,-1,-1,-1
14,4,1474.315,150.556,302.014,239.542,1,-1,-1,-1
14,5,1328.479,378.062,582.336,557.528,1,-1,-1,-1
15,2,339.492,126.752,211.290,168.999,1,-1,-1,-1
15,4,1460.903,146.312,299.092,244.581,1,-1,-1,-1
15,6,1340.671,405.520,569.630,551.425,1,-1,-1,-1
16,4,1448.599,142.075,294.083,251.289,1,-1,-1,-1
16,6,1364.653,425.859,545.475,555.502,1,-1,-1,-1
16,2,331.214,125.564,216.041,170.252,1,-1,-1,-1
17,2,326.121,124.465,217.830,175.728,1,-1,-1,-1
17,4,1430.236,135.233,302.043,251.027,1,-1,-1,-1
17,5,1400.686,443.949,511.408,555.481,1,-1,-1,-1
18,4,1422.052,136.163,295.279,245.761,1,-1,-1,-1
18,2,325.186,122.645,211.513,178.306,1,-1,-1,-1
18,6,1399.817,436.059,512.448,567.666,1,-1,-1,-1
19,4,1413.869,137.094,288.515,240.495,1,-1,-1,-1
19,2,321.048,125.267,207.835,174.914,1,-1,-1,-1
19,6,1434.980,446.258,479.422,579.829,1,-1,-1,-1
20,7,1211.969,247.335,109.509,32.491,1,-1,-1,-1
20,2,311.966,127.376,215.737,178.356,1,-1,-1,-1
20,6,1470.144,456.458,446.395,591.993,1,-1,-1,-1
20,4,1405.685,138.024,281.751,235.229,1,-1,-1,-1
21,7,1181.552,246.109,129.497,29.155,1,-1,-1,-1
21,2,305.407,130.410,220.038,178.671,1,-1,-1,-1
21,4,1393.356,136.356,281.095,239.779,1,-1,-1,-1
21,6,1487.291,426.917,426.719,624.959,1,-1,-1,-1
22,6,1487.291,426.917,426.719,624.959,1,-1,-1,-1
22,4,1393.356,136.356,281.095,239.779,1,-1,-1,-1
22,2,305.407,130.410,220.038,178.671,1,-1,-1,-1
22,7,1181.552,246.109,129.497,29.155,1,-1,-1,-1
23,2,305.407,130.410,220.038,178.671,1,-1,-1,-1
23,7,1181.552,246.109,129.497,29.155,1,-1,-1,-1
23,6,1487.291,426.917,426.719,624.959,1,-1,-1,-1
23,4,1393.356,136.356,281.095,239.779,1,-1,-1,-1
24,6,1487.291,426.917,426.719,624.959,1,-1,-1,-1
24,7,1181.552,246.109,129.497,29.155,1,-1,-1,-1
24,4,1393.356,136.356,281.095,239.779,1,-1,-1,-1
24,2,305.407,130.410,220.038,178.671,1,-1,-1,-1
25,7,1181.552,246.109,129.497,29.155,1,-1,-1,-1
25,4,1393.356,136.356,281.095,239.779,1,-1,-1,-1
25,6,1487.291,426.917,426.719,624.959,1,-1,-1,-1
25,2,305.407,130.410,220.038,178.671,1,-1,-1,-1
26,4,1393.356,136.356,281.095,239.779,1,-1,-1,-1
26,7,1181.552,246.109,129.497,29.155,1,-1,-1,-1
26,6,1487.291,426.917,426.719,624.959,1,-1,-1,-1
26,2,305.407,130.410,220.038,178.671,1,-1,-1,-1
27,6,1487.291,426.917,426.719,624.959,1,-1,-1,-1
27,2,305.407,130.410,220.038,178.671,1,-1,-1,-1
27,4,1393.356,136.356,281.095,239.779,1,-1,-1,-1
27,7,1181.552,246.109,129.497,29.155,1,-1,-1,-1
28,2,305.407,130.410,220.038,178.671,1,-1,-1,-1
28,4,1393.356,136.356,281.095,239.779,1,-1,-1,-1
28,6,1487.291,426.917,426.719,624.959,1,-1,-1,-1
28,7,1181.552,246.109,129.497,29.155,1,-1,-1,-1
29,2,305.407,130.410,220.038,178.671,1,-1,-1,-1
29,4,1393.356,136.356,281.095,239.779,1,-1,-1,-1
29,7,1181.552,246.109,129.497,29.155,1,-1,-1,-1
29,6,1487.291,426.917,426.719,624.959,1,-1,-1,-1
30,7,1181.552,246.109,129.497,29.155,1,-1,-1,-1
30,6,1487.291,426.917,426.719,624.959,1,-1,-1,-1
30,4,1393.356,136.356,281.095,239.779,1,-1,-1,-1
30,2,305.407,130.410,220.038,178.671,1,-1,-1,-1
31,7,1181.552,246.109,129.497,29.155,1,-1,-1,-1
31,6,1487.291,426.917,426.719,624.959,1,-1,-1,-1
31,2,305.407,130.410,220.038,178.671,1,-1,-1,-1
31,4,1393.356,136.356,281.095,239.779,1,-1,-1,-1
32,2,270.138,136.839,246.300,204.313,1,-1,-1,-1
32,4,1289.312,126.160,265.005,215.953,1,-1,-1,-1
32,8,853.342,218.463,168.635,40.222,1,-1,-1,-1
32,9,1629.648,183.546,289.524,273.205,1,-1,-1,-1
33,2,266.961,138.079,250.415,205.191,1,-1,-1,-1
33,8,822.400,215.898,169.092,41.779,1,-1,-1,-1
33,4,1283.069,125.855,258.249,212.119,1,-1,-1,-1
33,9,1622.762,189.123,295.319,254.903,1,-1,-1,-1
34,8,779.815,212.949,189.715,44.507,1,-1,-1,-1
34,2,268.716,142.777,250.575,206.928,1,-1,-1,-1
34,9,1603.480,186.085,312.682,256.136,1,-1,-1,-1
34,4,1272.018,122.983,250.099,213.649,1,-1,-1,-1
35,4,1260.979,138.201,249.333,192.626,1,-1,-1,-1
35,8,748.671,210.972,201.584,45.571,1,-1,-1,-1
35,10,1584.829,172.618,327.300,279.805,1,-1,-1,-1
35,2,273.856,145.213,243.930,208.074,1,-1,-1,-1
36,8,717.528,208.996,213.452,46.634,1,-1,-1,-1
36,2,272.029,144.877,247.202,211.006,1,-1,-1,-1
36,4,1251.390,128.682,247.078,201.560,1,-1,-1,-1
36,9,1577.944,171.931,328.967,269.235,1,-1,-1,-1
37,2,270.048,142.398,252.535,213.714,1,-1,-1,-1
37,4,1241.801,119.163,244.824,210.494,1,-1,-1,-1
37,9,1567.598,170.944,327.940,264.830,1,-1,-1,-1
37,8,686.384,207.019,225.321,47.698,1,-1,-1,-1
38,9,1557.251,169.957,326.913,260.424,1,-1,-1,-1
38,4,1231.500,61.482,243.855,265.420,1,-1,-1,-1
38,2,275.708,145.249,250.960,216.147,1,-1,-1,-1
38,8,663.463,202.360,248.955,51.682,1,-1,-1,-1
39,4,1221.875,76.298,247.057,247.031,1,-1,-1,-1
39,2,279.060,148.003,249.482,215.604,1,-1,-1,-1
39,8,644.836,199.060,242.369,55.105,1,-1,-1,-1
39,9,1546.905,168.970,325.886,256.019,1,-1,-1,-1
40,9,1536.558,167.983,324.859,251.614,1,-1,-1,-1
40,4,1221.875,76.298,247.057,247.031,1,-1,-1,-1
40,8,626.209,195.760,235.783,58.528,1,-1,-1,-1
40,2,279.060,148.003,249.482,215.604,1,-1,-1,-1
41,4,1221.280,68.905,249.497,255.093,1,-1,-1,-1
41,8,607.583,192.461,229.197,61.952,1,-1,-1,-1
41,2,281.069,153.541,245.933,210.182,1,-1,-1,-1
41,9,1539.313,168.597,322.454,251.516,1,-1,-1,-1
42,2,275.577,159.304,264.530,217.510,1,-1,-1,-1
42,9,1490.322,162.244,321.684,247.292,1,-1,-1,-1
42,8,588.956,189.161,222.611,65.375,1,-1,-1,-1
42,4,1203.030,99.954,238.801,218.981,1,-1,-1,-1
43,8,573.333,184.951,179.321,67.486,1,-1,-1,-1
43,2,277.174,162.304,269.523,219.763,1,-1,-1,-1
43,9,1478.735,158.162,315.794,247.283,1,-1,-1,-1
43,4,1198.267,109.871,226.403,207.876,1,-1,-1,-1
44,2,282.986,161.876,262.253,224.884,1,-1,-1,-1
44,9,1467.149,154.079,309.904,247.273,1,-1,-1,-1
44,8,521.212,168.137,163.019,61.351,1,-1,-1,-1
44,4,1186.377,106.558,235.526,212.375,1,-1,-1,-1
45,2,284.183,163.151,268.345,223.948,1,-1,-1,-1
45,9,1455.562,149.997,304.014,247.264,1,-1,-1,-1
45,8,521.212,168.137,163.019,61.351,1,-1,-1,-1
45,4,1180.437,104.832,228.972,209.888,1,-1,-1,-1
46,2,285.648,168.528,272.589,221.779,1,-1,-1,-1
46,4,1174.886,111.204,219.758,198.831,1,-1,-1,-1
46,8,523.083,171.547,176.021,70.000,1,-1,-1,-1
46,9,1445.164,154.655,297.429,242.522,1,-1,-1,-1
47,4,1167.168,105.503,224.200,211.665,1,-1,-1,-1
47,9,1428.840,152.393,296.773,238.766,1,-1,-1,-1
47,8,524.955,174.958,189.023,78.649,1,-1,-1,-1
47,2,288.266,169.703,272.522,229.303,1,-1,-1,-1
48,8,523.527,167.954,183.098,87.275,1,-1,-1,-1
48,4,1159.526,112.723,221.685,201.527,1,-1,-1,-1
48,9,1412.516,150.131,296.117,235.009,1,-1,-1,-1
48,2,289.448,170.639,282.154,233.660,1,-1,-1,-1
49,8,510.007,165.378,178.950,89.818,1,-1,-1,-1
49,9,1402.129,155.831,300.010,221.593,1,-1,-1,-1
49,2,290.849,178.697,285.630,230.373,1,-1,-1,-1
49,4,1151.492,107.808,226.196,202.228,1,-1,-1,-1
50,4,1144.790,106.366,219.727,202.100,1,-1,-1,-1
50,2,296.266,177.733,287.780,242.084,1,-1,-1,-1
50,8,496.487,162.803,174.802,92.360,1,-1,-1,-1
50,9,1384.444,151.663,303.201,222.592,1,-1,-1,-1
51,4,1138.687,111.547,213.794,190.953,1,-1,-1,-1
51,2,303.877,182.143,286.109,240.502,1,-1,-1,-1
51,9,1366.758,147.495,306.392,223.591,1,-1,-1,-1
51,8,481.364,155.315,169.945,99.451,1,-1,-1,-1
52,9,1366.758,147.495,306.392,223.591,1,-1,-1,-1
52,8,481.364,155.315,169.945,99.451,1,-1,-1,-1
52,4,1138.687,111.547,213.794,190.953,1,-1,-1,-1
52,2,303.877,182.143,286.109,240.502,1,-1,-1,-1
53,2,303.877,182.143,286.109,240.502,1,-1,-1,-1
53,4,1138.687,111.547,213.794,190.953,1,-1,-1,-1
53,9,1366.758,147.495,306.392,223.591,1,-1,-1,-1
53,8,481.364,155.315,169.945,99.451,1,-1,-1,-1
54,2,303.877,182.143,286.109,240.502,1,-1,-1,-1
54,9,1366.758,147.495,306.392,223.591,1,-1,-1,-1
54,8,481.364,155.315,169.945,99.451,1,-1,-1,-1
54,4,1138.687,111.547,213.794,190.953,1,-1,-1,-1
55,8,481.364,155.315,169.945,99.451,1,-1,-1,-1
55,2,303.877,182.143,286.109,240.502,1,-1,-1,-1
55,9,1366.758,147.495,306.392,223.591,1,-1,-1,-1
55,4,1138.687,111.547,213.794,190.953,1,-1,-1,-1
56,4,1138.687,111.547,213.794,190.953,1,-1,-1,-1
56,9,1366.758,147.495,306.392,223.591,1,-1,-1,-1
56,8,481.364,155.315,169.945,99.451,1,-1,-1,-1
56,2,303.877,182.143,286.109,240.502,1,-1,-1,-1
57,4,1138.687,111.547,213.794,190.953,1,-1,-1,-1
57,9,1366.758,147.495,306.392,223.591,1,-1,-1,-1
57,8,481.364,155.315,169.945,99.451,1,-1,-1,-1
57,2,303.877,182.143,286.109,240.502,1,-1,-1,-1
58,4,1138.687,111.547,213.794,190.953,1,-1,-1,-1
58,2,303.877,182.143,286.109,240.502,1,-1,-1,-1
58,9,1366.758,147.495,306.392,223.591,1,-1,-1,-1
58,8,481.364,155.315,169.945,99.451,1,-1,-1,-1
59,2,303.877,182.143,286.109,240.502,1,-1,-1,-1
59,8,481.364,155.315,169.945,99.451,1,-1,-1,-1
59,9,1366.758,147.495,306.392,223.591,1,-1,-1,-1
59,4,1138.687,111.547,213.794,190.953,1,-1,-1,-1
60,9,1366.758,147.495,306.392,223.591,1,-1,-1,-1
60,11,475.277,155.683,177.289,97.061,1,-1,-1,-1
60,2,303.877,182.143,286.109,240.502,1,-1,-1,-1
60,4,1138.687,111.547,213.794,190.953,1,-1,-1,-1
61,2,303.877,182.143,286.109,240.502,1,-1,-1,-1
61,11,481.364,155.315,169.945,99.451,1,-1,-1,-1
61,4,1138.687,111.547,213.794,190.953,1,-1,-1,-1
61,9,1366.758,147.495,306.392,223.591,1,-1,-1,-1
62,12,1266.387,137.255,271.056,205.006,1,-1,-1,-1
62,4,1066.409,89.062,205.983,200.906,1,-1,-1,-1
62,2,326.452,224.702,339.616,281.944,1,-1,-1,-1
62,13,358.215,123.432,176.229,119.251,1,-1,-1,-1
63,4,1061.093,89.274,202.203,197.602,1,-1,-1,-1
63,11,351.771,124.713,176.771,123.797,1,-1,-1,-1
63,12,1256.469,133.681,271.021,209.729,1,-1,-1,-1
63,2,329.044,226.015,346.771,281.155,1,-1,-1,-1
63,14,1879.326,347.662,39.306,178.385,1,-1,-1,-1
64,9,1253.355,134.190,254.314,203.988,1,-1,-1,-1
64,2,330.131,231.176,356.751,285.426,1,-1,-1,-1
64,13,346.922,118.926,175.741,132.045,1,-1,-1,-1
64,12,1428.362,118.647,166.786,126.600,1,-1,-1,-1
64,4,1056.900,87.504,201.169,196.995,1,-1,-1,-1
64,14,1854.618,307.925,64.385,215.946,1,-1,-1,-1
65,4,1051.928,85.398,199.435,196.005,1,-1,-1,-1
65,12,1427.687,118.717,167.894,127.358,1,-1,-1,-1
65,9,1242.354,136.234,253.331,200.627,1,-1,-1,-1
65,14,1836.535,269.870,83.459,247.401,1,-1,-1,-1
65,13,339.544,118.554,181.898,130.021,1,-1,-1,-1
65,2,335.666,232.707,356.843,287.344,1,-1,-1,-1
66,2,336.424,234.764,364.167,294.735,1,-1,-1,-1
66,9,1233.354,134.844,253.115,199.564,1,-1,-1,-1
66,15,331.081,112.781,183.780,138.182,1,-1,-1,-1
66,12,1297.897,107.925,152.631,115.780,1,-1,-1,-1
66,4,1045.637,91.678,204.926,185.289,1,-1,-1,-1
66,14,1818.215,254.999,100.646,260.677,1,-1,-1,-1
67,14,1798.468,248.658,118.466,266.367,1,-1,-1,-1
67,15,330.377,113.512,182.667,140.058,1,-1,-1,-1
67,2,339.165,237.562,370.624,298.656,1,-1,-1,-1
67,4,1038.659,97.324,199.773,179.133,1,-1,-1,-1
67,9,1224.355,133.453,252.900,198.500,1,-1,-1,-1
68,15,327.837,112.106,174.537,138.001,1,-1,-1,-1
68,2,348.519,240.689,373.054,306.314,1,-1,-1,-1
68,14,1769.380,237.973,150.166,267.263,1,-1,-1,-1
68,4,1034.184,92.292,200.146,184.311,1,-1,-1,-1
68,9,1216.984,130.213,250.768,197.468,1,-1,-1,-1
69,15,321.419,108.950,174.583,143.674,1,-1,-1,-1
69,14,1758.604,232.446,161.052,271.190,1,-1,-1,-1
69,4,1024.139,99.564,196.662,172.721,1,-1,-1,-1
69,9,1207.651,129.598,243.597,197.010,1,-1,-1,-1
69,2,339.663,242.458,383.127,312.086,1,-1,-1,-1
70,4,1016.891,113.546,198.700,158.139,1,-1,-1,-1
70,15,315.664,108.714,177.770,143.810,1,-1,-1,-1
70,9,1203.199,132.016,240.844,193.960,1,-1,-1,-1
70,14,1735.542,230.997,183.180,256.903,1,-1,-1,-1
70,2,353.748,244.440,378.400,323.703,1,-1,-1,-1
71,4,1017.618,103.456,195.689,161.747,1,-1,-1,-1
71,14,1760.684,227.129,158.316,262.531,1,-1,-1,-1
71,9,1193.290,131.290,246.090,192.420,1,-1,-1,-1
71,2,341.635,248.268,396.423,330.095,1,-1,-1,-1
71,15,309.910,108.477,180.958,143.945,1,-1,-1,-1
72,4,1004.499,102.870,194.800,165.196,1,-1,-1,-1
72,14,1702.643,226.749,216.107,255.124,1,-1,-1,-1
72,9,1189.748,128.825,241.872,193.087,1,-1,-1,-1
72,2,356.567,249.859,386.089,328.263,1,-1,-1,-1
72,15,306.569,108.511,179.573,145.173,1,-1,-1,-1
73,4,1001.428,108.935,190.493,157.271,1,-1,-1,-1
73,9,1183.142,129.793,235.454,190.244,1,-1,-1,-1
73,15,298.954,108.891,182.146,147.288,1,-1,-1,-1
73,2,351.983,257.063,408.094,336.198,1,-1,-1,-1
73,14,1682.379,222.022,235.304,252.345,1,-1,-1,-1
74,15,291.340,109.270,184.718,149.403,1,-1,-1,-1
74,4,994.180,106.258,204.104,160.599,1,-1,-1,-1
74,2,349.965,263.748,416.942,344.815,1,-1,-1,-1
74,14,1666.073,215.181,252.846,247.055,1,-1,-1,-1
74,9,1176.535,130.761,229.036,187.401,1,-1,-1,-1
75,15,291.340,109.270,184.718,149.403,1,-1,-1,-1
75,4,994.180,106.258,204.104,160.599,1,-1,-1,-1
75,9,1176.535,130.761,229.036,187.401,1,-1,-1,-1
75,14,1666.073,215.181,252.846,247.055,1,-1,-1,-1
75,2,349.965,263.748,416.942,344.815,1,-1,-1,-1
76,2,349.965,263.748,416.942,344.815,1,-1,-1,-1
76,4,994.180,106.258,204.104,160.599,1,-1,-1,-1
76,15,291.340,109.270,184.718,149.403,1,-1,-1,-1
76,9,1176.535,130.761,229.036,187.401,1,-1,-1,-1
76,14,1666.073,215.181,252.846,247.055,1,-1,-1,-1
77,14,1666.073,215.181,252.846,247.055,1,-1,-1,-1
77,9,1176.535,130.761,229.036,187.401,1,-1,-1,-1
77,15,291.340,109.270,184.718,149.403,1,-1,-1,-1
77,2,349.965,263.748,416.942,344.815,1,-1,-1,-1
77,4,994.180,106.258,204.104,160.599,1,-1,-1,-1
78,2,349.965,263.748,416.942,344.815,1,-1,-1,-1
78,4,994.180,106.258,204.104,160.599,1,-1,-1,-1
78,15,291.340,109.270,184.718,149.403,1,-1,-1,-1
78,14,1666.073,215.181,252.846,247.055,1,-1,-1,-1
78,9,1176.535,130.761,229.036,187.401,1,-1,-1,-1
79,2,349.965,263.748,416.942,344.815,1,-1,-1,-1
79,14,1666.073,215.181,252.846,247.055,1,-1,-1,-1
79,15,291.340,109.270,184.718,149.403,1,-1,-1,-1
79,4,994.180,106.258,204.104,160.599,1,-1,-1,-1
79,9,1176.535,130.761,229.036,187.401,1,-1,-1,-1
80,4,994.180,106.258,204.104,160.599,1,-1,-1,-1
80,2,349.965,263.748,416.942,344.815,1,-1,-1,-1
80,15,291.340,109.270,184.718,149.403,1,-1,-1,-1
80,9,1176.535,130.761,229.036,187.401,1,-1,-1,-1
80,14,1666.073,215.181,252.846,247.055,1,-1,-1,-1
81,2,349.773,264.191,417.427,345.180,1,-1,-1,-1
81,9,1176.528,132.719,226.208,184.536,1,-1,-1,-1
81,14,1665.824,213.932,253.015,248.292,1,-1,-1,-1
81,15,295.787,107.082,182.617,149.319,1,-1,-1,-1
81,4,993.629,104.826,204.593,161.093,1,-1,-1,-1
82,15,295.787,107.082,182.617,149.319,1,-1,-1,-1
82,9,1176.528,132.719,226.208,184.536,1,-1,-1,-1
82,16,1670.325,215.024,246.865,256.654,1,-1,-1,-1
82,4,993.629,104.826,204.593,161.093,1,-1,-1,-1
82,2,349.773,264.191,417.427,345.180,1,-1,-1,-1
83,15,295.787,107.082,182.617,149.319,1,-1,-1,-1
83,4,993.629,104.826,204.593,161.093,1,-1,-1,-1
83,16,1670.325,215.024,246.865,256.654,1,-1,-1,-1
83,9,1176.528,132.719,226.208,184.536,1,-1,-1,-1
83,2,349.773,264.191,417.427,345.180,1,-1,-1,-1
84,15,295.787,107.082,182.617,149.319,1,-1,-1,-1
84,9,1176.528,132.719,226.208,184.536,1,-1,-1,-1
84,2,349.773,264.191,417.427,345.180,1,-1,-1,-1
84,14,1665.824,213.932,253.015,248.292,1,-1,-1,-1
84,4,993.629,104.826,204.593,161.093,1,-1,-1,-1
85,2,349.773,264.191,417.427,345.180,1,-1,-1,-1
85,17,1665.824,213.932,253.015,248.292,1,-1,-1,-1
85,4,993.629,104.826,204.593,161.093,1,-1,-1,-1
85,15,295.787,107.082,182.617,149.319,1,-1,-1,-1
85,9,1176.528,132.719,226.208,184.536,1,-1,-1,-1
86,4,993.629,104.826,204.593,161.093,1,-1,-1,-1
86,9,1176.528,132.719,226.208,184.536,1,-1,-1,-1
86,17,1670.325,215.024,246.865,256.654,1,-1,-1,-1
86,15,295.787,107.082,182.617,149.319,1,-1,-1,-1
86,2,349.773,264.191,417.427,345.180,1,-1,-1,-1
87,2,349.773,264.191,417.427,345.180,1,-1,-1,-1
87,4,993.629,104.826,204.593,161.093,1,-1,-1,-1
87,15,295.787,107.082,182.617,149.319,1,-1,-1,-1
87,9,1176.528,132.719,226.208,184.536,1,-1,-1,-1
87,16,1670.325,215.024,246.865,256.654,1,-1,-1,-1
88,4,993.629,104.826,204.593,161.093,1,-1,-1,-1
88,15,295.787,107.082,182.617,149.319,1,-1,-1,-1
88,9,1176.528,132.719,226.208,184.536,1,-1,-1,-1
88,2,349.773,264.191,417.427,345.180,1,-1,-1,-1
88,16,1670.325,215.024,246.865,256.654,1,-1,-1,-1
89,4,993.629,104.826,204.593,161.093,1,-1,-1,-1
89,15,295.787,107.082,182.617,149.319,1,-1,-1,-1
89,9,1176.528,132.719,226.208,184.536,1,-1,-1,-1
89,18,1665.824,213.932,253.015,248.292,1,-1,-1,-1
89,2,349.773,264.191,417.427,345.180,1,-1,-1,-1
90,4,993.629,104.826,204.593,161.093,1,-1,-1,-1
90,9,1176.528,132.719,226.208,184.536,1,-1,-1,-1
90,2,349.773,264.191,417.427,345.180,1,-1,-1,-1
90,15,295.787,107.082,182.617,149.319,1,-1,-1,-1
90,16,1670.325,215.024,246.865,256.654,1,-1,-1,-1
91,2,349.773,264.191,417.427,345.180,1,-1,-1,-1
91,15,295.787,107.082,182.617,149.319,1,-1,-1,-1
91,4,993.629,104.826,204.593,161.093,1,-1,-1,-1
91,9,1174.978,128.949,227.581,187.228,1,-1,-1,-1
91,16,1670.325,215.024,246.865,256.654,1,-1,-1,-1
92,19,659.116,221.186,160.563,32.748,1,-1,-1,-1
92,20,452.598,413.596,569.121,472.008,1,-1,-1,-1
92,15,271.284,116.238,203.421,163.249,1,-1,-1,-1
92,4,1059.830,111.398,209.737,181.117,1,-1,-1,-1
93,15,246.780,125.394,224.225,177.178,1,-1,-1,-1
93,21,925.503,115.800,153.592,148.030,1,-1,-1,-1
93,4,1060.020,114.268,207.725,174.668,1,-1,-1,-1
93,20,456.065,427.073,587.692,479.450,1,-1,-1,-1
93,19,632.424,218.516,163.230,34.092,1,-1,-1,-1
94,4,1055.311,116.144,207.576,170.870,1,-1,-1,-1
94,20,454.918,442.061,611.309,495.296,1,-1,-1,-1
94,22,1406.154,164.034,276.130,214.775,1,-1,-1,-1
94,21,929.131,146.829,139.400,117.170,1,-1,-1,-1
94,19,595.753,215.986,172.526,36.812,1,-1,-1,-1
94,15,244.866,123.792,228.003,180.836,1,-1,-1,-1
95,21,931.372,138.711,133.787,125.310,1,-1,-1,-1
95,19,562.084,212.378,181.193,41.649,1,-1,-1,-1
95,4,1051.251,115.518,203.053,168.887,1,-1,-1,-1
95,15,242.952,122.189,231.780,184.494,1,-1,-1,-1
95,22,1388.145,165.266,281.934,206.151,1,-1,-1,-1
95,20,481.400,432.826,619.247,537.341,1,-1,-1,-1
95,23,1826.001,267.682,92.951,239.268,1,-1,-1,-1
96,21,929.296,148.596,137.844,113.984,1,-1,-1,-1
96,22,1374.630,161.020,282.796,212.959,1,-1,-1,-1
96,20,488.845,451.662,625.160,544.058,1,-1,-1,-1
96,15,244.707,122.905,230.007,185.402,1,-1,-1,-1
96,19,523.305,208.814,195.142,47.411,1,-1,-1,-1
96,4,1045.383,115.774,197.550,167.313,1,-1,-1,-1
96,23,1809.338,257.966,108.878,245.142,1,-1,-1,-1
97,23,1793.737,244.979,124.799,250.556,1,-1,-1,-1
97,21,934.868,141.518,123.349,121.492,1,-1,-1,-1
97,19,507.887,206.176,205.415,49.608,1,-1,-1,-1
97,20,499.482,466.669,640.012,555.218,1,-1,-1,-1
97,15,246.463,123.620,228.234,186.309,1,-1,-1,-1
97,22,1359.251,153.638,283.990,215.909,1,-1,-1,-1
97,4,1041.786,117.193,193.823,164.969,1,-1,-1,-1
98,22,1353.377,154.733,276.868,212.726,1,-1,-1,-1
98,20,510.120,481.677,654.863,566.378,1,-1,-1,-1
98,21,933.065,140.020,122.324,122.735,1,-1,-1,-1
98,19,492.468,203.539,215.688,51.804,1,-1,-1,-1
98,15,244.997,124.701,230.121,189.325,1,-1,-1,-1
98,4,1038.215,115.071,196.343,168.180,1,-1,-1,-1
99,15,243.531,125.782,232.008,192.342,1,-1,-1,-1
99,21,931.262,138.523,121.300,123.978,1,-1,-1,-1
99,19,477.050,200.901,225.961,54.001,1,-1,-1,-1
99,22,1347.504,155.829,269.745,209.543,1,-1,-1,-1
99,20,520.757,496.684,669.715,577.538,1,-1,-1,-1
99,4,1038.219,115.315,191.339,165.572,1,-1,-1,-1
100,4,1034.673,115.131,189.574,165.310,1,-1,-1,-1
100,21,929.459,137.025,120.275,125.221,1,-1,-1,-1
100,20,523.973,508.970,696.465,575.682,1,-1,-1,-1
100,22,1341.630,156.924,262.623,206.360,1,-1,-1,-1
100,15,242.065,126.863,233.895,195.358,1,-1,-1,-1
100,19,467.545,196.905,187.581,54.107,1,-1,-1,-1
100,24,1745.426,242.291,169.352,231.901,1,-1,-1,-1
101,20,537.399,513.938,716.725,569.672,1,-1,-1,-1
101,4,1031.128,114.948,187.810,165.048,1,-1,-1,-1
101,19,461.917,192.790,145.115,60.714,1,-1,-1,-1
101,24,1728.461,233.474,186.083,239.747,1,-1,-1,-1
101,22,1328.173,154.150,266.054,205.645,1,-1,-1,-1
101,15,244.004,129.270,237.439,197.286,1,-1,-1,-1
101,21,933.157,142.962,110.987,119.640,1,-1,-1,-1
102,22,1314.675,155.753,266.608,202.681,1,-1,-1,-1
102,21,932.789,145.438,111.663,116.732,1,-1,-1,-1
102,25,462.010,189.802,126.653,64.425,1,-1,-1,-1
102,20,564.910,539.495,715.941,542.325,1,-1,-1,-1
102,4,1027.582,114.764,186.045,164.786,1,-1,-1,-1
102,15,245.943,131.677,240.983,199.214,1,-1,-1,-1
102,24,1716.148,231.476,201.048,234.186,1,-1,-1,-1
103,22,1302.388,152.472,267.950,201.829,1,-1,-1,-1
103,20,570.799,545.346,715.633,541.654,1,-1,-1,-1
103,15,247.020,132.066,241.729,200.420,1,-1,-1,-1
103,24,1699.456,228.072,214.070,232.909,1,-1,-1,-1
103,4,1024.001,114.301,184.755,161.988,1,-1,-1,-1
103,21,932.598,149.972,101.896,111.753,1,-1,-1,-1
103,25,471.895,186.275,100.427,64.477,1,-1,-1,-1
104,24,1687.936,222.621,227.195,237.888,1,-1,-1,-1
104,4,1020.470,115.316,184.398,159.990,1,-1,-1,-1
104,22,1290.507,155.128,266.986,199.282,1,-1,-1,-1
104,15,248.734,130.345,244.008,205.966,1,-1,-1,-1
104,25,478.500,182.732,112.314,74.370,1,-1,-1,-1
104,20,568.523,574.113,803.399,513.873,1,-1,-1,-1
104,21,936.741,147.663,99.095,114.219,1,-1,-1,-1
105,20,593.310,578.669,793.756,500.322,1,-1,-1,-1
105,15,250.447,128.625,246.287,211.512,1,-1,-1,-1
105,24,1674.891,224.374,241.297,232.057,1,-1,-1,-1
105,4,1016.938,116.331,184.041,157.991,1,-1,-1,-1
105,22,1284.410,153.882,262.421,198.009,1,-1,-1,-1
105,21,938.716,145.136,93.166,115.354,1,-1,-1,-1
106,22,1278.313,152.636,257.855,196.737,1,-1,-1,-1
106,15,250.876,130.269,253.646,213.497,1,-1,-1,-1
106,24,1660.228,222.159,258.829,228.147,1,-1,-1,-1
106,21,937.322,151.973,91.223,107.425,1,-1,-1,-1
106,4,1013.407,117.346,183.684,155.993,1,-1,-1,-1
106,20,612.759,590.887,816.691,494.280,1,-1,-1,-1
107,24,1639.184,218.716,279.429,227.399,1,-1,-1,-1
107,4,1011.799,116.250,183.874,154.306,1,-1,-1,-1
107,20,642.434,609.190,830.524,459.127,1,-1,-1,-1
107,15,251.359,131.767,250.813,217.281,1,-1,-1,-1
107,22,1268.571,151.621,257.420,192.184,1,-1,-1,-1
108,4,938.231,151.420,88.505,111.382,1,-1,-1,-1
108,24,1636.429,216.158,282.658,227.669,1,-1,-1,-1
108,20,644.252,630.613,855.241,448.767,1,-1,-1,-1
108,15,246.003,138.284,258.518,216.578,1,-1,-1,-1
108,22,1259.115,150.439,257.856,190.547,1,-1,-1,-1
109,20,665.479,659.246,885.253,418.461,1,-1,-1,-1
109,4,955.081,113.828,231.423,155.004,1,-1,-1,-1
109,15,248.853,140.931,264.642,217.902,1,-1,-1,-1
109,22,1252.806,150.267,252.549,188.735,1,-1,-1,-1
109,24,1623.780,211.004,282.803,233.307,1,-1,-1,-1
110,20,680.271,669.521,918.050,397.559,1,-1,-1,-1
110,22,1246.497,150.095,247.242,186.924,1,-1,-1,-1
110,24,1614.432,209.282,282.775,230.792,1,-1,-1,-1
110,4,942.891,112.568,242.847,155.386,1,-1,-1,-1
110,15,248.416,147.124,268.473,213.280,1,-1,-1,-1
111,20,689.214,680.259,917.558,387.860,1,-1,-1,-1
111,22,1240.188,149.923,241.935,185.112,1,-1,-1,-1
111,4,962.040,114.304,221.729,153.315,1,-1,-1,-1
111,26,1873.425,289.153,46.311,71.167,1,-1,-1,-1
111,15,250.543,144.253,271.329,219.046,1,-1,-1,-1
111,24,1605.084,207.561,282.746,228.278,1,-1,-1,-1
111,27,1888.655,345.022,30.435,160.197,1,-1,-1,-1
112,15,252.670,141.381,274.186,224.811,1,-1,-1,-1
112,20,698.156,690.998,917.065,378.162,1,-1,-1,-1
112,24,1595.736,205.839,282.718,225.763,1,-1,-1,-1
112,26,1873.425,289.153,46.311,71.167,1,-1,-1,-1
112,27,1888.655,345.022,30.435,160.197,1,-1,-1,-1
112,4,962.040,114.304,221.729,153.315,1,-1,-1,-1
112,22,1240.188,149.923,241.935,185.112,1,-1,-1,-1
113,26,1873.425,289.153,46.311,71.167,1,-1,-1,-1
113,22,1240.188,149.923,241.935,185.112,1,-1,-1,-1
113,15,252.670,141.381,274.186,224.811,1,-1,-1,-1
113,20,707.099,701.736,916.573,368.463,1,-1,-1,-1
113,27,1888.655,345.022,30.435,160.197,1,-1,-1,-1
113,24,1595.736,205.839,282.718,225.763,1,-1,-1,-1
113,4,962.040,114.304,221.729,153.315,1,-1,-1,-1
114,26,1873.425,289.153,46.311,71.167,1,-1,-1,-1
114,20,707.099,701.736,916.573,368.463,1,-1,-1,-1
114,27,1888.655,345.022,30.435,160.197,1,-1,-1,-1
114,4,962.040,114.304,221.729,153.315,1,-1,-1,-1
114,22,1240.188,149.923,241.935,185.112,1,-1,-1,-1
114,15,252.670,141.381,274.186,224.811,1,-1,-1,-1
114,24,1595.736,205.839,282.718,225.763,1,-1,-1,-1
115,20,707.099,701.736,916.573,368.463,1,-1,-1,-1
115,22,1240.188,149.923,241.935,185.112,1,-1,-1,-1
115,24,1595.736,205.839,282.718,225.763,1,-1,-1,-1
115,27,1888.655,345.022,30.435,160.197,1,-1,-1,-1
115,26,1873.425,289.153,46.311,71.167,1,-1,-1,-1
115,4,962.040,114.304,221.729,153.315,1,-1,-1,-1
115,15,252.670,141.381,274.186,224.811,1,-1,-1,-1
116,24,1595.736,205.839,282.718,225.763,1,-1,-1,-1
116,22,1240.188,149.923,241.935,185.112,1,-1,-1,-1
116,26,1873.425,289.153,46.311,71.167,1,-1,-1,-1
116,20,707.099,701.736,916.573,368.463,1,-1,-1,-1
116,27,1888.655,345.022,30.435,160.197,1,-1,-1,-1
116,15,252.670,141.381,274.186,224.811,1,-1,-1,-1
116,4,962.040,114.304,221.729,153.315,1,-1,-1,-1
117,15,252.670,141.381,274.186,224.811,1,-1,-1,-1
117,24,1595.736,205.839,282.718,225.763,1,-1,-1,-1
117,4,962.040,114.304,221.729,153.315,1,-1,-1,-1
117,20,707.099,701.736,916.573,368.463,1,-1,-1,-1
117,26,1873.425,289.153,46.311,71.167,1,-1,-1,-1
117,27,1888.655,345.022,30.435,160.197,1,-1,-1,-1
117,22,1240.188,149.923,241.935,185.112,1,-1,-1,-1
118,20,707.099,701.736,916.573,368.463,1,-1,-1,-1
118,26,1873.425,289.153,46.311,71.167,1,-1,-1,-1
118,22,1240.188,149.923,241.935,185.112,1,-1,-1,-1
118,27,1888.655,345.022,30.435,160.197,1,-1,-1,-1
118,4,962.040,114.304,221.729,153.315,1,-1,-1,-1
118,15,252.670,141.381,274.186,224.811,1,-1,-1,-1
118,24,1595.736,205.839,282.718,225.763,1,-1,-1,-1
119,15,252.670,141.381,274.186,224.811,1,-1,-1,-1
119,27,1888.655,345.022,30.435,160.197,1,-1,-1,-1
119,22,1240.188,149.923,241.935,185.112,1,-1,-1,-1
119,24,1595.736,205.839,282.718,225.763,1,-1,-1,-1
119,26,1873.425,289.153,46.311,71.167,1,-1,-1,-1
119,4,962.040,114.304,221.729,153.315,1,-1,-1,-1
119,20,707.099,701.736,916.573,368.463,1,-1,-1,-1
120,4,962.040,114.304,221.729,153.315,1,-1,-1,-1
120,20,707.099,701.736,916.573,368.463,1,-1,-1,-1
120,15,252.670,141.381,274.186,224.811,1,-1,-1,-1
120,27,1888.655,345.022,30.435,160.197,1,-1,-1,-1
120,24,1595.736,205.839,282.718,225.763,1,-1,-1,-1
120,22,1240.188,149.923,241.935,185.112,1,-1,-1,-1
120,26,1873.425,289.153,46.311,71.167,1,-1,-1,-1
121,27,1888.655,345.022,30.435,160.197,1,-1,-1,-1
121,15,252.670,141.381,274.186,224.811,1,-1,-1,-1
121,4,962.040,114.304,221.729,153.315,1,-1,-1,-1
121,22,1240.188,149.923,241.935,185.112,1,-1,-1,-1
121,26,1873.425,289.153,46.311,71.167,1,-1,-1,-1
121,24,1595.736,205.839,282.718,225.763,1,-1,-1,-1
121,20,696.417,692.212,925.220,375.779,1,-1,-1,-1
122,24,1477.903,185.690,251.766,200.914,1,-1,-1,-1
122,22,1169.436,145.586,217.979,170.915,1,-1,-1,-1
122,15,262.957,156.858,293.684,247.936,1,-1,-1,-1
122,30,637.301,217.343,185.286,40.208,1,-1,-1,-1
122,28,218.839,126.966,160.918,125.931,1,-1,-1,-1
122,31,1133.326,229.970,27.558,38.676,1,-1,-1,-1
122,29,1697.990,195.928,221.770,266.395,1,-1,-1,-1
122,4,954.167,122.822,188.911,142.770,1,-1,-1,-1
123,31,1127.780,218.741,33.996,49.951,1,-1,-1,-1
123,30,602.221,213.379,197.229,43.026,1,-1,-1,-1
123,28,220.314,122.763,162.265,128.693,1,-1,-1,-1
123,29,1684.143,197.753,234.155,256.438,1,-1,-1,-1
123,24,1468.779,182.387,243.771,205.934,1,-1,-1,-1
123,15,273.244,172.336,313.181,271.060,1,-1,-1,-1
123,22,1162.370,145.572,216.632,169.114,1,-1,-1,-1
123,4,962.924,128.859,172.907,139.716,1,-1,-1,-1
124,24,1458.085,183.606,245.550,193.146,1,-1,-1,-1
124,15,273.248,178.081,318.658,268.312,1,-1,-1,-1
124,31,1126.290,199.558,30.061,65.478,1,-1,-1,-1
124,22,1155.305,145.558,215.284,167.314,1,-1,-1,-1
124,30,593.655,210.905,183.219,44.963,1,-1,-1,-1
124,29,1668.260,191.796,250.851,255.458,1,-1,-1,-1
124,28,221.086,122.453,163.982,128.173,1,-1,-1,-1
124,4,944.588,125.807,192.131,139.278,1,-1,-1,-1
125,28,221.427,120.291,170.752,130.796,1,-1,-1,-1
125,22,1148.239,145.544,213.937,165.513,1,-1,-1,-1
125,15,277.454,193.629,314.282,263.189,1,-1,-1,-1
125,31,1122.048,182.607,37.251,82.953,1,-1,-1,-1
125,29,1652.705,193.527,265.948,247.111,1,-1,-1,-1
125,30,576.642,209.110,183.392,45.785,1,-1,-1,-1
125,24,1446.478,182.749,244.857,194.874,1,-1,-1,-1
125,4,941.173,127.296,193.781,139.953,1,-1,-1,-1
126,28,221.769,118.129,177.522,133.418,1,-1,-1,-1
126,30,563.980,205.299,176.591,46.167,1,-1,-1,-1
126,29,1641.068,189.237,276.139,250.467,1,-1,-1,-1
126,24,1440.206,178.546,236.034,191.972,1,-1,-1,-1
126,15,275.646,194.334,318.213,265.870,1,-1,-1,-1
126,4,947.803,134.210,181.305,129.570,1,-1,-1,-1
126,22,1140.927,142.600,217.934,166.939,1,-1,-1,-1
127,28,221.769,118.129,177.522,133.418,1,-1,-1,-1
127,4,947.803,134.210,181.305,129.570,1,-1,-1,-1
127,22,1133.615,139.657,221.930,168.365,1,-1,-1,-1
127,29,1641.068,189.237,276.139,250.467,1,-1,-1,-1
127,15,273.839,195.038,322.145,268.550,1,-1,-1,-1
127,24,1440.206,178.546,236.034,191.972,1,-1,-1,-1
127,30,563.980,205.299,176.591,46.167,1,-1,-1,-1
128,29,1641.068,189.237,276.139,250.467,1,-1,-1,-1
128,24,1440.206,178.546,236.034,191.972,1,-1,-1,-1
128,30,563.980,205.299,176.591,46.167,1,-1,-1,-1
128,15,272.031,195.743,326.076,271.231,1,-1,-1,-1
128,28,221.769,118.129,177.522,133.418,1,-1,-1,-1
128,4,947.803,134.210,181.305,129.570,1,-1,-1,-1
128,22,1133.615,139.657,221.930,168.365,1,-1,-1,-1
129,28,221.769,118.129,177.522,133.418,1,-1,-1,-1
129,15,272.031,195.743,326.076,271.231,1,-1,-1,-1
129,30,563.980,205.299,176.591,46.167,1,-1,-1,-1
129,24,1440.206,178.546,236.034,191.972,1,-1,-1,-1
129,32,1133.615,139.657,221.930,168.365,1,-1,-1,-1
129,29,1641.068,189.237,276.139,250.467,1,-1,-1,-1
129,4,947.803,134.210,181.305,129.570,1,-1,-1,-1
130,28,221.769,118.129,177.522,133.418,1,-1,-1,-1
130,32,1133.615,139.657,221.930,168.365,1,-1,-1,-1
130,15,272.457,195.173,325.951,272.328,1,-1,-1,-1
130,29,1641.068,189.237,276.139,250.467,1,-1,-1,-1
130,4,947.803,134.210,181.305,129.570,1,-1,-1,-1
130,24,1440.206,178.546,236.034,191.972,1,-1,-1,-1
130,30,563.980,205.299,176.591,46.167,1,-1,-1,-1
131,28,220.320,112.593,187.655,141.108,1,-1,-1,-1
131,32,1133.952,139.973,221.107,169.237,1,-1,-1,-1
131,24,1437.526,178.750,240.043,193.228,1,-1,-1,-1
131,29,1639.668,186.730,278.886,252.496,1,-1,-1,-1
131,4,953.432,129.312,174.656,137.009,1,-1,-1,-1
131,30,557.406,207.377,184.016,47.986,1,-1,-1,-1
131,15,272.883,194.602,325.827,273.424,1,-1,-1,-1
132,28,218.871,107.057,197.788,148.798,1,-1,-1,-1
132,4,937.740,140.905,169.367,122.366,1,-1,-1,-1
132,15,297.909,215.107,350.266,300.313,1,-1,-1,-1
132,29,1575.078,178.171,287.467,241.147,1,-1,-1,-1
132,32,1104.295,130.263,209.373,170.839,1,-1,-1,-1
132,24,1414.491,170.548,234.155,200.189,1,-1,-1,-1
133,29,1573.938,176.874,279.463,236.769,1,-1,-1,-1
133,32,1101.303,130.637,208.753,169.053,1,-1,-1,-1
133,28,218.446,106.676,195.935,147.870,1,-1,-1,-1
133,33,473.867,185.021,152.736,69.172,1,-1,-1,-1
133,24,1391.457,162.346,228.267,207.150,1,-1,-1,-1
133,4,935.233,141.429,170.919,123.276,1,-1,-1,-1
133,15,302.812,230.236,365.317,290.456,1,-1,-1,-1
134,15,306.383,227.711,369.724,303.065,1,-1,-1,-1
134,24,1368.422,154.144,222.379,214.111,1,-1,-1,-1
134,4,932.726,141.953,172.470,124.185,1,-1,-1,-1
134,29,1558.550,171.164,281.267,238.866,1,-1,-1,-1
134,33,465.750,181.204,144.924,55.098,1,-1,-1,-1
134,28,218.021,106.295,194.083,146.941,1,-1,-1,-1
134,32,1098.312,131.011,208.132,167.266,1,-1,-1,-1
135,15,309.955,225.186,374.132,315.675,1,-1,-1,-1
135,24,1360.062,152.402,217.257,211.088,1,-1,-1,-1
135,29,1543.162,165.454,283.070,240.962,1,-1,-1,-1
135,34,1416.974,115.749,173.289,89.379,1,-1,-1,-1
135,4,930.219,142.477,174.022,125.095,1,-1,-1,-1
135,28,217.500,105.155,196.973,150.506,1,-1,-1,-1
135,32,1094.559,127.910,206.715,168.031,1,-1,-1,-1
135,33,454.821,181.053,142.094,52.903,1,-1,-1,-1
136,29,1532.612,163.133,280.618,241.916,1,-1,-1,-1
136,24,1087.108,128.857,203.635,168.971,1,-1,-1,-1
136,4,928.859,145.234,168.498,119.179,1,-1,-1,-1
136,28,216.980,104.014,199.863,154.071,1,-1,-1,-1
136,15,313.526,222.661,378.539,328.284,1,-1,-1,-1
136,34,1417.630,114.897,174.091,92.638,1,-1,-1,-1
136,33,449.974,178.558,140.624,57.665,1,-1,-1,-1
137,15,315.650,231.745,386.967,323.987,1,-1,-1,-1
137,24,1086.380,125.828,199.913,170.261,1,-1,-1,-1
137,29,1522.062,160.813,278.166,242.870,1,-1,-1,-1
137,34,1411.994,114.752,179.409,87.203,1,-1,-1,-1
137,33,443.977,175.157,138.555,59.826,1,-1,-1,-1
137,28,216.459,102.874,202.753,157.636,1,-1,-1,-1
137,4,924.863,140.322,167.586,124.638,1,-1,-1,-1
138,29,1511.512,158.492,275.714,243.824,1,-1,-1,-1
138,24,1078.737,119.490,202.206,175.833,1,-1,-1,-1
138,15,318.899,234.445,391.007,333.638,1,-1,-1,-1
138,4,926.995,144.812,158.298,119.065,1,-1,-1,-1
138,33,440.635,174.538,140.205,66.754,1,-1,-1,-1
138,28,216.341,104.824,201.925,157.988,1,-1,-1,-1
138,34,1411.031,115.355,189.200,85.142,1,-1,-1,-1
139,33,435.149,170.614,139.211,76.144,1,-1,-1,-1
139,24,1083.824,128.929,188.339,162.828,1,-1,-1,-1
139,28,216.224,106.773,201.097,158.341,1,-1,-1,-1
139,15,322.149,237.145,395.047,343.288,1,-1,-1,-1
139,4,927.367,147.257,161.243,121.153,1,-1,-1,-1
139,35,1261.577,226.458,56.132,39.606,1,-1,-1,-1
139,29,1505.101,164.419,270.896,232.497,1,-1,-1,-1
140,28,215.061,108.560,207.697,159.695,1,-1,-1,-1
140,15,325.398,239.845,399.087,352.939,1,-1,-1,-1
140,35,1257.295,213.876,54.608,60.838,1,-1,-1,-1
140,29,1321.610,162.486,209.779,184.755,1,-1,-1,-1
140,33,435.209,166.669,135.294,84.810,1,-1,-1,-1
140,36,1490.024,158.396,270.442,230.508,1,-1,-1,-1
140,24,1071.482,125.640,193.497,166.458,1,-1,-1,-1
140,4,931.414,148.788,153.089,118.165,1,-1,-1,-1
141,15,326.526,249.912,410.911,360.055,1,-1,-1,-1
141,29,1309.916,165.226,208.026,172.636,1,-1,-1,-1
141,28,213.897,110.346,214.297,161.049,1,-1,-1,-1
141,36,1477.252,159.130,274.901,226.965,1,-1,-1,-1
141,35,1253.763,209.609,60.063,67.943,1,-1,-1,-1
141,4,935.461,150.318,144.935,115.178,1,-1,-1,-1
141,33,437.350,163.904,139.354,84.619,1,-1,-1,-1
141,24,1064.933,124.129,199.038,165.848,1,-1,-1,-1
142,36,1462.598,148.691,271.543,235.515,1,-1,-1,-1
142,29,1305.358,156.525,208.574,180.103,1,-1,-1,-1
142,28,213.306,111.417,214.962,161.444,1,-1,-1,-1
142,4,932.232,151.375,143.465,113.306,1,-1,-1,-1
142,15,327.655,259.979,422.734,367.172,1,-1,-1,-1
142,24,1059.049,123.026,195.808,165.717,1,-1,-1,-1
142,35,1246.530,210.454,69.419,67.511,1,-1,-1,-1
142,33,441.427,163.195,139.291,87.022,1,-1,-1,-1
143,36,1460.050,154.577,265.294,224.891,1,-1,-1,-1
143,33,437.091,160.820,142.157,90.720,1,-1,-1,-1
143,15,327.202,263.638,432.697,372.827,1,-1,-1,-1
143,24,1054.890,125.117,190.932,160.452,1,-1,-1,-1
143,4,929.003,152.432,141.994,111.435,1,-1,-1,-1
143,28,212.714,112.487,215.626,161.839,1,-1,-1,-1
143,29,1286.793,163.066,211.291,172.551,1,-1,-1,-1
144,24,1050.428,129.453,194.860,156.705,1,-1,-1,-1
144,4,925.774,153.489,140.524,109.563,1,-1,-1,-1
144,36,1449.820,160.638,265.606,219.602,1,-1,-1,-1
144,33,439.132,157.525,143.780,93.929,1,-1,-1,-1
144,28,214.855,113.792,212.578,162.883,1,-1,-1,-1
144,15,326.750,267.298,442.660,378.482,1,-1,-1,-1
144,29,1284.292,161.290,202.466,173.087,1,-1,-1,-1
145,24,1050.428,129.453,194.860,156.705,1,-1,-1,-1
145,28,216.997,115.097,209.529,163.926,1,-1,-1,-1
145,36,1449.820,160.638,265.606,219.602,1,-1,-1,-1
145,33,439.132,157.525,143.780,93.929,1,-1,-1,-1
145,4,925.774,153.489,140.524,109.563,1,-1,-1,-1
145,29,1284.292,161.290,202.466,173.087,1,-1,-1,-1
145,15,326.297,270.957,452.623,384.137,1,-1,-1,-1
146,28,216.997,115.097,209.529,163.926,1,-1,-1,-1
146,15,326.297,270.957,452.623,384.137,1,-1,-1,-1
146,4,925.774,153.489,140.524,109.563,1,-1,-1,-1
146,33,439.132,157.525,143.780,93.929,1,-1,-1,-1
146,36,1449.820,160.638,265.606,219.602,1,-1,-1,-1
146,24,1050.428,129.453,194.860,156.705,1,-1,-1,-1
146,29,1284.292,161.290,202.466,173.087,1,-1,-1,-1
147,15,326.297,270.957,452.623,384.137,1,-1,-1,-1
147,4,925.774,153.489,140.524,109.563,1,-1,-1,-1
147,36,1449.820,160.638,265.606,219.602,1,-1,-1,-1
147,33,439.132,157.525,143.780,93.929,1,-1,-1,-1
147,29,1284.292,161.290,202.466,173.087,1,-1,-1,-1
147,24,1050.428,129.453,194.860,156.705,1,-1,-1,-1
147,28,216.997,115.097,209.529,163.926,1,-1,-1,-1
148,29,1284.292,161.290,202.466,173.087,1,-1,-1,-1
148,4,925.774,153.489,140.524,109.563,1,-1,-1,-1
148,28,216.997,115.097,209.529,163.926,1,-1,-1,-1
148,33,439.132,157.525,143.780,93.929,1,-1,-1,-1
148,36,1449.820,160.638,265.606,219.602,1,-1,-1,-1
148,24,1050.428,129.453,194.860,156.705,1,-1,-1,-1
148,15,326.297,270.957,452.623,384.137,1,-1,-1,-1
149,29,1284.292,161.290,202.466,173.087,1,-1,-1,-1
149,4,925.774,153.489,140.524,109.563,1,-1,-1,-1
149,28,216.997,115.097,209.529,163.926,1,-1,-1,-1
149,33,439.132,157.525,143.780,93.929,1,-1,-1,-1
149,36,1449.820,160.638,265.606,219.602,1,-1,-1,-1
149,15,326.297,270.957,452.623,384.137,1,-1,-1,-1
149,24,1050.428,129.453,194.860,156.705,1,-1,-1,-1
150,36,1449.820,160.638,265.606,219.602,1,-1,-1,-1
150,4,925.774,153.489,140.524,109.563,1,-1,-1,-1
150,33,439.132,157.525,143.780,93.929,1,-1,-1,-1
150,28,217.702,115.911,209.086,162.993,1,-1,-1,-1
150,15,326.297,270.957,452.623,384.137,1,-1,-1,-1
150,29,1284.292,161.290,202.466,173.087,1,-1,-1,-1
150,24,1050.428,129.453,194.860,156.705,1,-1,-1,-1
151,36,1448.518,160.245,267.352,219.834,1,-1,-1,-1
151,4,926.980,153.667,138.375,110.764,1,-1,-1,-1
151,15,326.329,271.804,452.204,384.971,1,-1,-1,-1
151,33,438.540,157.444,144.884,94.650,1,-1,-1,-1
151,24,1049.961,129.601,194.522,159.320,1,-1,-1,-1
151,28,218.407,116.726,208.642,162.060,1,-1,-1,-1
151,29,1284.184,161.331,200.369,172.061,1,-1,-1,-1
152,36,1365.772,150.271,265.210,213.162,1,-1,-1,-1
152,29,1221.324,157.882,193.736,161.655,1,-1,-1,-1
152,24,1020.415,127.572,178.165,149.379,1,-1,-1,-1
152,4,936.017,162.307,96.893,98.347,1,-1,-1,-1
152,33,461.900,141.667,147.204,109.745,1,-1,-1,-1
152,28,222.435,117.347,221.490,172.256,1,-1,-1,-1
152,15,353.073,312.745,494.885,428.099,1,-1,-1,-1
153,37,1649.200,229.554,31.406,17.344,1,-1,-1,-1
153,24,1013.608,125.949,182.169,148.538,1,-1,-1,-1
153,15,379.817,353.686,537.566,471.227,1,-1,-1,-1
153,4,934.556,161.531,94.133,97.891,1,-1,-1,-1
153,28,226.463,117.968,234.338,182.452,1,-1,-1,-1
153,29,1220.224,157.703,179.456,161.407,1,-1,-1,-1
153,33,461.286,140.911,154.905,112.777,1,-1,-1,-1
153,36,1360.449,148.972,261.202,207.236,1,-1,-1,-1
154,37,1635.933,227.947,41.390,18.554,1,-1,-1,-1
154,29,1207.825,160.427,185.596,155.585,1,-1,-1,-1
154,15,389.109,362.844,549.229,482.915,1,-1,-1,-1
154,33,463.934,142.362,152.952,110.555,1,-1,-1,-1
154,28,227.805,118.654,235.221,184.052,1,-1,-1,-1
154,36,1352.918,148.936,256.760,205.254,1,-1,-1,-1
154,4,936.593,162.474,89.727,96.019,1,-1,-1,-1
154,24,1016.892,127.069,175.370,147.687,1,-1,-1,-1
155,24,1008.735,126.741,179.383,149.475,1,-1,-1,-1
155,36,1345.388,148.901,252.319,203.272,1,-1,-1,-1
155,37,1651.350,229.926,32.611,16.759,1,-1,-1,-1
155,15,398.402,372.001,560.892,494.603,1,-1,-1,-1
155,33,469.101,142.274,148.241,111.555,1,-1,-1,-1
155,29,1201.443,156.284,185.294,157.485,1,-1,-1,-1
155,28,229.147,119.339,236.104,185.652,1,-1,-1,-1
155,4,938.630,163.416,85.321,94.146,1,-1,-1,-1
156,24,987.442,125.897,195.606,143.634,1,-1,-1,-1
156,33,467.821,140.685,160.429,110.922,1,-1,-1,-1
156,15,402.474,381.560,586.600,503.564,1,-1,-1,-1
156,28,230.242,118.597,235.793,188.770,1,-1,-1,-1
156,4,940.667,164.359,80.915,92.274,1,-1,-1,-1
156,37,1652.605,228.864,25.492,17.955,1,-1,-1,-1
156,29,1199.075,153.641,176.910,161.226,1,-1,-1,-1
156,36,1338.662,146.404,251.023,210.095,1,-1,-1,-1
157,33,468.242,141.508,162.363,111.688,1,-1,-1,-1
157,24,992.445,128.121,189.376,140.345,1,-1,-1,-1
157,4,940.342,164.220,77.507,93.629,1,-1,-1,-1
157,29,1188.116,155.158,178.487,152.556,1,-1,-1,-1
157,28,231.338,117.855,235.482,191.887,1,-1,-1,-1
157,15,415.516,396.623,590.256,514.553,1,-1,-1,-1
157,36,1328.933,146.840,247.534,205.020,1,-1,-1,-1
158,36,1319.204,147.277,244.044,199.945,1,-1,-1,-1
158,24,985.766,126.521,190.824,141.811,1,-1,-1,-1
158,29,1181.094,150.557,174.545,159.402,1,-1,-1,-1
158,28,231.229,120.688,245.178,194.036,1,-1,-1,-1
158,33,476.740,141.731,157.842,113.917,1,-1,-1,-1
158,15,423.584,406.824,605.003,519.083,1,-1,-1,-1
159,28,231.120,123.520,254.874,196.186,1,-1,-1,-1
159,36,1309.168,142.448,250.686,199.811,1,-1,-1,-1
159,24,978.859,127.413,194.181,140.112,1,-1,-1,-1
159,33,478.246,141.744,162.534,114.238,1,-1,-1,-1
159,15,424.935,427.963,627.571,540.709,1,-1,-1,-1
159,29,1172.135,150.289,177.207,156.543,1,-1,-1,-1
160,29,1168.113,153.830,173.477,147.782,1,-1,-1,-1
160,36,1304.290,144.205,240.239,197.847,1,-1,-1,-1
160,28,233.822,124.653,254.420,197.891,1,-1,-1,-1
160,24,971.951,128.305,197.537,138.412,1,-1,-1,-1
160,15,450.198,453.511,611.901,543.744,1,-1,-1,-1
160,33,479.199,142.181,165.529,116.451,1,-1,-1,-1
161,24,965.651,125.506,201.836,142.449,1,-1,-1,-1
161,36,1299.024,145.302,234.214,201.700,1,-1,-1,-1
161,29,1168.627,150.026,165.603,157.525,1,-1,-1,-1
161,33,487.233,141.567,165.136,121.616,1,-1,-1,-1
161,28,241.141,125.350,248.119,198.531,1,-1,-1,-1
161,15,450.727,459.459,652.242,566.312,1,-1,-1,-1
162,15,450.727,459.459,652.242,566.312,1,-1,-1,-1
162,33,487.233,141.567,165.136,121.616,1,-1,-1,-1
162,29,1168.627,150.026,165.603,157.525,1,-1,-1,-1
162,36,1299.024,145.302,234.214,201.700,1,-1,-1,-1
162,28,248.460,126.048,241.818,199.171,1,-1,-1,-1
162,24,965.651,125.506,201.836,142.449,1,-1,-1,-1
163,29,1168.627,150.026,165.603,157.525,1,-1,-1,-1
163,28,248.460,126.048,241.818,199.171,1,-1,-1,-1
163,15,450.727,459.459,652.242,566.312,1,-1,-1,-1
163,33,487.233,141.567,165.136,121.616,1,-1,-1,-1
163,36,1299.024,145.302,234.214,201.700,1,-1,-1,-1
163,24,965.651,125.506,201.836,142.449,1,-1,-1,-1
164,28,248.460,126.048,241.818,199.171,1,-1,-1,-1
164,36,1299.024,145.302,234.214,201.700,1,-1,-1,-1
164,33,487.233,141.567,165.136,121.616,1,-1,-1,-1
164,15,450.727,459.459,652.242,566.312,1,-1,-1,-1
164,24,965.651,125.506,201.836,142.449,1,-1,-1,-1
164,29,1168.627,150.026,165.603,157.525,1,-1,-1,-1
165,29,1168.627,150.026,165.603,157.525,1,-1,-1,-1
165,28,248.460,126.048,241.818,199.171,1,-1,-1,-1
165,36,1299.024,145.302,234.214,201.700,1,-1,-1,-1
165,33,487.233,141.567,165.136,121.616,1,-1,-1,-1
165,24,965.651,125.506,201.836,142.449,1,-1,-1,-1
165,15,450.727,459.459,652.242,566.312,1,-1,-1,-1
166,29,1168.627,150.026,165.603,157.525,1,-1,-1,-1
166,28,248.460,126.048,241.818,199.171,1,-1,-1,-1
166,15,450.727,459.459,652.242,566.312,1,-1,-1,-1
166,36,1299.024,145.302,234.214,201.700,1,-1,-1,-1
166,24,965.651,125.506,201.836,142.449,1,-1,-1,-1
166,33,487.233,141.567,165.136,121.616,1,-1,-1,-1
167,29,1168.627,150.026,165.603,157.525,1,-1,-1,-1
167,36,1299.024,145.302,234.214,201.700,1,-1,-1,-1
167,24,965.651,125.506,201.836,142.449,1,-1,-1,-1
167,15,450.727,459.459,652.242,566.312,1,-1,-1,-1
167,33,487.233,141.567,165.136,121.616,1,-1,-1,-1
167,28,248.460,126.048,241.818,199.171,1,-1,-1,-1
168,28,248.460,126.048,241.818,199.171,1,-1,-1,-1
168,15,450.727,459.459,652.242,566.312,1,-1,-1,-1
168,33,487.233,141.567,165.136,121.616,1,-1,-1,-1
168,29,1168.627,150.026,165.603,157.525,1,-1,-1,-1
168,24,965.651,125.506,201.836,142.449,1,-1,-1,-1
168,36,1299.024,145.302,234.214,201.700,1,-1,-1,-1
169,36,1299.024,145.302,234.214,201.700,1,-1,-1,-1
169,28,248.460,126.048,241.818,199.171,1,-1,-1,-1
169,33,487.233,141.567,165.136,121.616,1,-1,-1,-1
169,15,450.727,459.459,652.242,566.312,1,-1,-1,-1
169,24,965.651,125.506,201.836,142.449,1,-1,-1,-1
169,29,1168.627,150.026,165.603,157.525,1,-1,-1,-1
170,33,487.233,141.567,165.136,121.616,1,-1,-1,-1
170,24,965.651,125.506,201.836,142.449,1,-1,-1,-1
170,15,450.727,459.459,652.242,566.312,1,-1,-1,-1
170,29,1168.627,150.026,165.603,157.525,1,-1,-1,-1
170,28,248.460,126.048,241.818,199.171,1,-1,-1,-1
170,36,1299.024,145.302,234.214,201.700,1,-1,-1,-1
171,33,487.233,141.567,165.136,121.616,1,-1,-1,-1
171,28,248.460,126.048,241.818,199.171,1,-1,-1,-1
171,24,962.778,131.439,181.201,134.496,1,-1,-1,-1
171,29,1168.627,150.026,165.603,157.525,1,-1,-1,-1
171,15,450.727,459.459,652.242,566.312,1,-1,-1,-1
171,36,1299.024,145.302,234.214,201.700,1,-1,-1,-1
172,24,959.905,137.373,160.565,126.543,1,-1,-1,-1
172,28,259.441,138.291,286.224,233.851,1,-1,-1,-1
172,33,542.163,153.785,168.203,129.155,1,-1,-1,-1
172,29,1101.820,143.258,156.583,141.886,1,-1,-1,-1
172,15,574.839,644.802,921.568,422.046,1,-1,-1,-1
172,36,1218.922,140.551,223.393,183.870,1,-1,-1,-1
173,24,957.181,138.044,160.059,125.898,1,-1,-1,-1
173,33,546.531,153.955,171.064,130.589,1,-1,-1,-1
173,36,1210.143,140.978,221.414,182.828,1,-1,-1,-1
173,28,260.364,138.176,289.924,237.364,1,-1,-1,-1
173,15,595.734,677.094,946.281,407.644,1,-1,-1,-1
173,29,1095.342,143.873,155.826,139.317,1,-1,-1,-1
174,33,549.430,154.175,172.923,132.843,1,-1,-1,-1
174,36,1201.798,140.894,220.197,183.603,1,-1,-1,-1
174,15,610.871,658.834,944.534,428.166,1,-1,-1,-1
174,28,275.234,145.509,283.115,235.893,1,-1,-1,-1
174,29,1092.510,142.975,153.146,144.754,1,-1,-1,-1
174,24,954.458,138.715,159.552,125.253,1,-1,-1,-1
175,28,277.663,154.423,285.835,232.595,1,-1,-1,-1
175,15,641.927,732.923,1009.032,346.051,1,-1,-1,-1
175,36,1198.253,139.445,222.367,179.645,1,-1,-1,-1
175,24,951.734,139.386,159.046,124.609,1,-1,-1,-1
175,29,1087.685,142.817,149.596,139.667,1,-1,-1,-1
175,33,559.382,155.208,165.881,133.538,1,-1,-1,-1
176,24,949.010,140.057,158.539,123.964,1,-1,-1,-1
176,15,611.917,759.588,1102.593,309.658,1,-1,-1,-1
176,29,1083.259,142.175,150.578,137.826,1,-1,-1,-1
176,36,1191.343,139.782,222.038,176.631,1,-1,-1,-1
176,33,555.840,153.738,175.467,137.070,1,-1,-1,-1
176,28,281.333,152.282,286.750,240.140,1,-1,-1,-1
177,15,712.395,789.839,1014.719,284.316,1,-1,-1,-1
177,28,283.034,151.626,291.656,248.135,1,-1,-1,-1
177,24,949.053,142.390,153.363,122.132,1,-1,-1,-1
177,36,1186.934,136.991,215.808,179.938,1,-1,-1,-1
177,33,556.128,157.704,178.826,134.150,1,-1,-1,-1
177,29,1080.108,144.126,149.788,132.030,1,-1,-1,-1
177,38,896.524,205.390,60.254,53.552,1,-1,-1,-1
178,29,1076.366,143.249,148.154,132.661,1,-1,-1,-1
178,38,863.973,191.019,102.898,69.097,1,-1,-1,-1
178,36,1179.046,134.934,222.183,182.427,1,-1,-1,-1
178,15,772.559,824.113,900.772,248.485,1,-1,-1,-1
178,24,949.096,144.723,148.188,120.301,1,-1,-1,-1
178,28,284.735,150.971,296.561,256.131,1,-1,-1,-1
178,33,560.351,158.145,178.257,134.166,1,-1,-1,-1
179,24,956.430,140.706,138.573,123.371,1,-1,-1,-1
179,28,286.436,150.315,301.467,264.126,1,-1,-1,-1
179,15,836.400,855.351,867.091,214.319,1,-1,-1,-1
179,33,566.599,158.208,177.936,134.005,1,-1,-1,-1
179,36,1176.516,134.028,215.676,181.165,1,-1,-1,-1
179,29,1072.624,142.372,146.520,133.291,1,-1,-1,-1
179,38,833.138,187.383,138.163,73.914,1,-1,-1,-1
180,36,1174.030,134.368,208.161,176.669,1,-1,-1,-1
180,29,1068.881,141.496,144.887,133.922,1,-1,-1,-1
180,33,572.579,159.921,176.682,136.844,1,-1,-1,-1
180,28,285.532,155.775,311.892,267.043,1,-1,-1,-1
180,15,887.364,894.964,852.109,179.798,1,-1,-1,-1
180,24,805.909,179.077,162.083,82.485,1,-1,-1,-1
180,39,954.169,143.098,137.291,121.957,1,-1,-1,-1
181,33,578.452,160.956,177.400,138.272,1,-1,-1,-1
181,29,1065.139,140.619,143.253,134.552,1,-1,-1,-1
181,36,1169.961,136.202,204.172,176.642,1,-1,-1,-1
181,28,284.628,161.235,322.317,269.959,1,-1,-1,-1
181,15,938.915,930.844,870.357,141.219,1,-1,-1,-1
181,39,956.918,149.891,133.057,115.593,1,-1,-1,-1
182,36,1161.686,136.212,214.056,177.035,1,-1,-1,-1
182,33,581.729,161.979,175.950,137.097,1,-1,-1,-1
182,28,296.963,172.460,318.928,264.027,1,-1,-1,-1
182,39,949.467,145.061,145.251,120.894,1,-1,-1,-1
182,29,1061.397,139.742,141.619,135.183,1,-1,-1,-1
182,15,976.048,970.829,867.740,106.553,1,-1,-1,-1
183,40,1057.116,130.730,145.909,139.227,1,-1,-1,-1
183,28,303.007,173.253,322.960,267.822,1,-1,-1,-1
183,15,1026.164,1013.590,869.872,61.628,1,-1,-1,-1
183,36,1159.087,137.162,206.603,174.132,1,-1,-1,-1
183,33,580.225,158.321,187.356,145.504,1,-1,-1,-1
183,39,846.360,155.027,173.752,107.296,1,-1,-1,-1
184,33,585.999,159.957,184.583,147.751,1,-1,-1,-1
184,28,300.703,168.026,331.044,287.384,1,-1,-1,-1
184,39,743.253,164.992,202.253,93.698,1,-1,-1,-1
184,40,1154.817,135.530,205.155,170.315,1,-1,-1,-1
184,29,942.041,149.013,141.445,114.222,1,-1,-1,-1
185,39,732.761,160.165,193.500,96.603,1,-1,-1,-1
185,33,594.670,161.493,179.029,145.013,1,-1,-1,-1
185,28,302.620,177.071,338.190,287.222,1,-1,-1,-1
185,29,1052.785,135.185,137.615,136.564,1,-1,-1,-1
185,40,1148.344,132.990,206.142,174.170,1,-1,-1,-1
186,28,304.537,186.116,345.336,287.060,1,-1,-1,-1
186,29,1047.997,137.352,137.257,130.777,1,-1,-1,-1
186,33,589.277,159.857,189.656,152.555,1,-1,-1,-1
186,39,734.438,152.262,178.016,104.246,1,-1,-1,-1
186,40,1146.777,132.805,201.856,171.284,1,-1,-1,-1
187,28,307.605,189.685,348.787,294.719,1,-1,-1,-1
187,40,1045.548,131.347,137.554,140.246,1,-1,-1,-1
187,36,930.880,151.164,136.035,111.474,1,-1,-1,-1
187,39,697.014,147.909,185.643,108.974,1,-1,-1,-1
187,33,586.160,159.763,196.258,157.139,1,-1,-1,-1
188,33,601.396,159.678,182.778,161.179,1,-1,-1,-1
188,29,1134.905,130.745,210.477,170.127,1,-1,-1,-1
188,36,927.657,150.308,140.625,111.612,1,-1,-1,-1
188,28,310.674,193.253,352.238,302.377,1,-1,-1,-1
188,40,1040.232,137.122,139.851,132.889,1,-1,-1,-1
189,29,1134.905,130.745,210.477,170.127,1,-1,-1,-1
189,36,927.657,150.308,140.625,111.612,1,-1,-1,-1
189,28,310.674,193.253,352.238,302.377,1,-1,-1,-1
189,33,601.396,159.678,182.778,161.179,1,-1,-1,-1
190,28,310.674,193.253,352.238,302.377,1,-1,-1,-1
190,29,1134.766,130.499,211.515,170.791,1,-1,-1,-1
190,33,601.396,159.678,182.778,161.179,1,-1,-1,-1
190,36,929.403,151.161,139.048,111.454,1,-1,-1,-1
191,29,1134.627,130.253,212.553,171.455,1,-1,-1,-1
191,33,605.285,156.078,183.271,162.500,1,-1,-1,-1
191,28,320.745,200.758,366.412,312.997,1,-1,-1,-1
191,40,1040.502,137.397,139.815,132.710,1,-1,-1,-1
191,36,931.149,152.015,137.471,111.297,1,-1,-1,-1
192,29,1125.211,131.254,197.093,165.811,1,-1,-1,-1
192,33,614.751,162.417,186.828,173.913,1,-1,-1,-1
192,40,1033.671,135.814,130.666,132.719,1,-1,-1,-1
192,28,330.815,208.263,380.586,323.617,1,-1,-1,-1
192,36,924.334,150.432,129.764,111.887,1,-1,-1,-1
193,28,331.356,210.691,382.516,326.792,1,-1,-1,-1
193,29,1119.729,130.594,198.356,166.661,1,-1,-1,-1
193,36,924.663,153.883,123.395,106.721,1,-1,-1,-1
193,40,1026.691,135.651,130.659,133.109,1,-1,-1,-1
193,33,609.949,164.170,197.926,174.013,1,-1,-1,-1
194,36,923.771,153.784,119.968,106.762,1,-1,-1,-1
194,41,497.336,124.794,228.473,106.165,1,-1,-1,-1
194,28,335.066,215.590,391.929,330.641,1,-1,-1,-1
194,29,1114.247,129.935,199.619,167.512,1,-1,-1,-1
194,42,1024.298,134.193,127.391,132.425,1,-1,-1,-1
195,41,485.690,115.510,215.131,112.837,1,-1,-1,-1
195,28,338.776,220.490,401.341,334.491,1,-1,-1,-1
195,29,1110.500,129.677,200.156,167.759,1,-1,-1,-1
195,36,922.880,153.684,116.542,106.803,1,-1,-1,-1
195,40,1022.813,137.072,127.152,131.870,1,-1,-1,-1
196,42,1109.173,128.773,200.220,165.527,1,-1,-1,-1
196,41,465.716,118.737,220.102,112.139,1,-1,-1,-1
196,28,342.486,225.389,410.754,338.340,1,-1,-1,-1
196,36,922.598,154.504,115.244,105.853,1,-1,-1,-1
196,43,1019.354,136.061,128.071,125.817,1,-1,-1,-1
197,41,459.148,112.195,210.862,124.668,1,-1,-1,-1
197,28,351.732,224.961,410.658,352.464,1,-1,-1,-1
197,42,1105.172,128.400,200.959,165.345,1,-1,-1,-1
197,29,1019.262,135.026,126.693,128.011,1,-1,-1,-1
197,36,922.315,155.323,113.947,104.903,1,-1,-1,-1
198,43,1100.606,127.945,198.932,165.161,1,-1,-1,-1
198,41,445.838,108.506,206.763,135.443,1,-1,-1,-1
198,28,350.388,228.016,426.226,368.273,1,-1,-1,-1
198,40,1018.638,137.029,119.929,129.061,1,-1,-1,-1
198,36,920.593,155.734,113.418,103.690,1,-1,-1,-1
199,41,440.156,110.856,200.853,138.134,1,-1,-1,-1
199,28,362.120,235.715,434.250,373.669,1,-1,-1,-1
199,43,1097.344,126.462,192.802,167.501,1,-1,-1,-1
199,40,1017.246,137.015,117.521,128.125,1,-1,-1,-1
200,28,373.851,243.414,442.273,379.065,1,-1,-1,-1
200,41,434.474,113.206,194.942,140.826,1,-1,-1,-1
200,42,1014.316,133.330,117.410,127.328,1,-1,-1,-1
200,44,1094.202,125.843,191.235,163.483,1,-1,-1,-1
200,45,1632.691,301.411,279.063,327.096,1,-1,-1,-1
201,41,433.681,97.425,188.961,161.059,1,-1,-1,-1
201,45,1604.469,289.695,315.448,321.093,1,-1,-1,-1
201,40,1014.462,136.986,112.706,126.253,1,-1,-1,-1
201,44,1088.936,113.714,188.378,177.357,1,-1,-1,-1
201,28,367.717,245.878,473.083,396.217,1,-1,-1,-1
202,41,433.681,97.425,188.961,161.059,1,-1,-1,-1
202,40,1014.462,136.986,112.706,126.253,1,-1,-1,-1
202,44,1088.936,113.714,188.378,177.357,1,-1,-1,-1
202,45,1604.469,289.695,315.448,321.093,1,-1,-1,-1
202,28,367.717,245.878,473.083,396.217,1,-1,-1,-1
203,41,433.681,97.425,188.961,161.059,1,-1,-1,-1
203,40,920.287,158.818,110.631,100.827,1,-1,-1,-1
203,46,1088.936,113.714,188.378,177.357,1,-1,-1,-1
203,44,1014.462,136.986,112.706,126.253,1,-1,-1,-1
203,45,1604.469,289.695,315.448,321.093,1,-1,-1,-1
203,28,367.717,245.878,473.083,396.217,1,-1,-1,-1
204,28,367.717,245.878,473.083,396.217,1,-1,-1,-1
204,41,433.681,97.425,188.961,161.059,1,-1,-1,-1
204,44,1014.462,136.986,112.706,126.253,1,-1,-1,-1
204,46,1088.936,113.714,188.378,177.357,1,-1,-1,-1
204,45,1604.469,289.695,315.448,321.093,1,-1,-1,-1
205,41,433.681,97.425,188.961,161.059,1,-1,-1,-1
205,28,367.717,245.878,473.083,396.217,1,-1,-1,-1
205,47,1090.732,126.388,192.148,163.124,1,-1,-1,-1
205,44,1014.462,136.986,112.706,126.253,1,-1,-1,-1
205,45,1604.469,289.695,315.448,321.093,1,-1,-1,-1
206,47,1088.936,113.714,188.378,177.357,1,-1,-1,-1
206,41,433.681,97.425,188.961,161.059,1,-1,-1,-1
206,45,1604.469,289.695,315.448,321.093,1,-1,-1,-1
206,46,1013.181,136.335,112.408,123.650,1,-1,-1,-1
206,28,367.717,245.878,473.083,396.217,1,-1,-1,-1
207,47,1088.936,113.714,188.378,177.357,1,-1,-1,-1
207,41,433.681,97.425,188.961,161.059,1,-1,-1,-1
207,28,367.717,245.878,473.083,396.217,1,-1,-1,-1
207,45,1604.469,289.695,315.448,321.093,1,-1,-1,-1
207,44,1014.462,136.986,112.706,126.253,1,-1,-1,-1
208,28,367.717,245.878,473.083,396.217,1,-1,-1,-1
208,41,433.681,97.425,188.961,161.059,1,-1,-1,-1
208,45,1604.469,289.695,315.448,321.093,1,-1,-1,-1
208,44,1014.462,136.986,112.706,126.253,1,-1,-1,-1
208,47,1088.936,113.714,188.378,177.357,1,-1,-1,-1
209,45,1604.469,289.695,315.448,321.093,1,-1,-1,-1
209,41,433.681,97.425,188.961,161.059,1,-1,-1,-1
209,28,367.717,245.878,473.083,396.217,1,-1,-1,-1
209,47,1013.181,136.335,112.408,123.650,1,-1,-1,-1
209,48,1088.936,113.714,188.378,177.357,1,-1,-1,-1
210,45,1604.469,289.695,315.448,321.093,1,-1,-1,-1
210,28,367.717,245.878,473.083,396.217,1,-1,-1,-1
210,48,1088.936,113.714,188.378,177.357,1,-1,-1,-1
210,41,433.681,97.425,188.961,161.059,1,-1,-1,-1
210,44,1014.462,136.986,112.706,126.253,1,-1,-1,-1
211,41,433.681,97.425,188.961,161.059,1,-1,-1,-1
211,48,1088.936,113.714,188.378,177.357,1,-1,-1,-1
211,45,1604.469,289.695,315.448,321.093,1,-1,-1,-1
211,44,1014.462,136.986,112.706,126.253,1,-1,-1,-1
211,49,919.405,159.501,109.741,101.150,1,-1,-1,-1
211,28,367.717,245.878,473.083,396.217,1,-1,-1,-1
212,28,401.872,282.970,536.422,453.363,1,-1,-1,-1
212,41,431.910,77.915,176.497,179.031,1,-1,-1,-1
212,48,1069.040,116.587,177.832,165.075,1,-1,-1,-1
212,51,911.590,195.627,22.891,16.401,1,-1,-1,-1
212,49,927.536,164.524,78.528,91.885,1,-1,-1,-1
212,45,1616.891,290.276,302.109,321.103,1,-1,-1,-1
212,44,987.139,144.638,100.380,116.715,1,-1,-1,-1
212,52,1332.085,234.935,364.520,269.767,1,-1,-1,-1
213,45,1630.633,291.093,288.367,320.621,1,-1,-1,-1
213,51,910.956,197.127,22.058,14.686,1,-1,-1,-1
213,48,1068.668,116.259,173.828,166.824,1,-1,-1,-1
213,44,986.366,144.811,102.194,117.848,1,-1,-1,-1
213,28,436.027,320.061,599.761,510.508,1,-1,-1,-1
213,52,1311.188,222.726,351.187,266.193,1,-1,-1,-1
213,49,928.539,166.944,76.299,89.598,1,-1,-1,-1
213,41,431.456,65.872,175.690,186.913,1,-1,-1,-1
214,51,910.965,196.793,21.645,15.207,1,-1,-1,-1
214,45,1645.072,291.964,273.928,320.084,1,-1,-1,-1
214,52,1282.042,209.372,355.140,271.580,1,-1,-1,-1
214,48,1060.138,121.278,182.613,160.771,1,-1,-1,-1
214,28,470.182,357.153,663.100,567.654,1,-1,-1,-1
214,41,433.880,68.380,177.524,187.270,1,-1,-1,-1
214,49,929.051,164.784,74.821,94.397,1,-1,-1,-1
214,44,983.506,148.028,100.171,114.085,1,-1,-1,-1
214,50,576.070,257.170,287.310,150.711,1,-1,-1,-1
215,50,573.228,259.211,301.553,170.316,1,-1,-1,-1
215,28,490.198,382.345,664.264,587.420,1,-1,-1,-1
215,44,978.584,146.366,102.815,117.898,1,-1,-1,-1
215,49,927.494,166.904,76.651,90.479,1,-1,-1,-1
215,52,1273.377,210.817,334.830,259.352,1,-1,-1,-1
215,45,1769.665,391.696,149.971,301.727,1,-1,-1,-1
215,48,1060.232,123.009,180.307,156.076,1,-1,-1,-1
215,41,435.741,54.353,173.410,197.452,1,-1,-1,-1
216,50,579.422,267.031,294.038,195.258,1,-1,-1,-1
216,49,925.377,166.861,77.380,91.273,1,-1,-1,-1
216,48,1060.326,124.741,178.000,151.381,1,-1,-1,-1
216,44,981.475,150.445,96.329,112.556,1,-1,-1,-1
216,41,437.532,53.821,174.940,198.197,1,-1,-1,-1
216,28,497.697,406.421,699.206,575.127,1,-1,-1,-1
216,52,1256.475,205.905,327.384,255.839,1,-1,-1,-1
216,45,1761.897,396.284,157.103,303.598,1,-1,-1,-1
217,41,439.322,53.290,176.470,198.941,1,-1,-1,-1
217,28,506.079,417.715,692.202,596.787,1,-1,-1,-1
217,53,1054.189,121.691,182.427,155.403,1,-1,-1,-1
217,45,1701.656,368.373,214.866,279.695,1,-1,-1,-1
217,44,977.174,147.198,101.203,117.662,1,-1,-1,-1
217,52,1234.984,200.049,327.532,251.252,1,-1,-1,-1
217,49,927.544,168.687,73.587,87.167,1,-1,-1,-1
217,50,575.720,277.021,314.147,213.600,1,-1,-1,-1
218,50,570.242,280.541,322.261,232.274,1,-1,-1,-1
218,41,441.113,52.758,178.000,199.686,1,-1,-1,-1
218,28,518.334,437.246,732.295,612.381,1,-1,-1,-1
218,48,974.413,153.655,102.511,107.956,1,-1,-1,-1
218,53,1056.451,124.288,178.193,152.563,1,-1,-1,-1
218,45,1671.687,351.265,244.522,293.832,1,-1,-1,-1
218,49,925.904,168.075,73.318,90.825,1,-1,-1,-1
218,52,1218.358,201.219,317.275,242.803,1,-1,-1,-1
219,44,974.021,154.195,98.890,108.848,1,-1,-1,-1
219,41,442.283,52.061,180.470,195.476,1,-1,-1,-1
219,49,928.871,168.507,69.177,86.860,1,-1,-1,-1
219,28,532.428,448.868,758.744,617.062,1,-1,-1,-1
219,52,1204.369,196.240,308.076,241.359,1,-1,-1,-1
219,50,579.524,288.320,322.867,236.281,1,-1,-1,-1
219,53,1050.882,123.250,179.847,151.354,1,-1,-1,-1
219,45,1638.777,346.526,277.319,280.339,1,-1,-1,-1
220,28,546.522,460.491,785.192,621.743,1,-1,-1,-1
220,53,1051.156,122.478,180.779,150.453,1,-1,-1,-1
220,54,1051.198,120.605,176.587,154.997,1,-1,-1,-1
220,45,1650.215,333.514,268.785,287.033,1,-1,-1,-1
220,49,925.619,169.259,73.172,89.940,1,-1,-1,-1
220,44,973.386,150.117,95.523,112.686,1,-1,-1,-1
220,52,1183.682,196.045,309.626,234.505,1,-1,-1,-1
220,41,443.679,56.924,181.479,194.433,1,-1,-1,-1
220,50,578.109,301.910,331.968,229.835,1,-1,-1,-1
221,54,1047.907,123.309,175.373,148.490,1,-1,-1,-1
221,52,1172.158,193.356,296.151,227.615,1,-1,-1,-1
221,49,925.058,164.316,77.229,95.864,1,-1,-1,-1
221,45,1580.695,331.358,337.103,267.894,1,-1,-1,-1
221,41,445.137,53.655,190.944,200.303,1,-1,-1,-1
221,28,543.157,498.104,839.143,586.951,1,-1,-1,-1
221,50,581.805,302.605,335.782,241.302,1,-1,-1,-1
221,44,973.937,150.497,92.527,112.076,1,-1,-1,-1
222,41,448.292,52.325,190.144,203.090,1,-1,-1,-1
222,54,1047.804,122.804,169.706,149.371,1,-1,-1,-1
222,28,576.390,510.940,844.104,571.690,1,-1,-1,-1
222,50,579.225,298.160,348.207,253.093,1,-1,-1,-1
222,52,1154.312,183.160,299.088,235.908,1,-1,-1,-1
222,45,1552.873,326.129,366.524,273.397,1,-1,-1,-1
222,44,974.488,150.878,89.530,111.466,1,-1,-1,-1
222,49,924.498,159.374,81.286,101.788,1,-1,-1,-1
223,52,1136.989,180.818,296.194,229.030,1,-1,-1,-1
223,28,609.622,523.777,849.066,556.429,1,-1,-1,-1
223,45,1523.992,320.039,372.158,267.548,1,-1,-1,-1
223,41,451.447,50.996,189.344,205.877,1,-1,-1,-1
223,56,600.766,534.995,870.152,536.409,1,-1,-1,-1
223,50,585.985,306.115,348.500,262.347,1,-1,-1,-1
223,49,924.943,160.805,78.534,99.738,1,-1,-1,-1
223,55,1052.305,123.679,162.234,147.940,1,-1,-1,-1
223,44,974.047,149.923,89.574,113.958,1,-1,-1,-1
224,52,1126.122,177.139,288.076,224.986,1,-1,-1,-1
224,45,1495.743,311.976,370.100,258.902,1,-1,-1,-1
224,50,590.014,312.923,355.563,266.503,1,-1,-1,-1
224,55,1054.122,128.557,153.067,142.467,1,-1,-1,-1
224,28,631.926,561.336,888.738,526.073,1,-1,-1,-1
224,44,973.607,148.969,89.617,116.450,1,-1,-1,-1
224,41,454.602,49.666,188.544,208.664,1,-1,-1,-1
224,49,925.387,162.236,75.782,97.688,1,-1,-1,-1
225,44,973.607,148.969,89.617,116.450,1,-1,-1,-1
225,52,1126.122,177.139,288.076,224.986,1,-1,-1,-1
225,57,1053.929,121.839,157.940,146.691,1,-1,-1,-1
225,49,925.832,163.668,73.030,95.638,1,-1,-1,-1
225,50,590.014,312.923,355.563,266.503,1,-1,-1,-1
225,45,1495.743,311.976,370.100,258.902,1,-1,-1,-1
225,41,454.602,49.666,188.544,208.664,1,-1,-1,-1
225,28,631.926,561.336,888.738,526.073,1,-1,-1,-1
226,41,454.602,49.666,188.544,208.664,1,-1,-1,-1
226,49,926.276,165.099,70.278,93.588,1,-1,-1,-1
226,56,634.603,569.135,898.050,511.809,1,-1,-1,-1
226,55,1027.284,135.361,131.917,133.795,1,-1,-1,-1
226,44,973.320,152.608,88.719,111.573,1,-1,-1,-1
226,45,1495.743,311.976,370.100,258.902,1,-1,-1,-1
226,52,1126.122,177.139,288.076,224.986,1,-1,-1,-1
226,50,590.014,312.923,355.563,266.503,1,-1,-1,-1
226,57,1054.122,128.557,153.067,142.467,1,-1,-1,-1
227,50,590.014,312.923,355.563,266.503,1,-1,-1,-1
227,52,1126.122,177.139,288.076,224.986,1,-1,-1,-1
227,41,454.602,49.666,188.544,208.664,1,-1,-1,-1
227,45,1495.743,311.976,370.100,258.902,1,-1,-1,-1
227,49,926.721,166.530,67.526,91.538,1,-1,-1,-1
227,58,631.926,561.336,888.738,526.073,1,-1,-1,-1
227,57,1054.122,128.557,153.067,142.467,1,-1,-1,-1
228,50,590.014,312.923,355.563,266.503,1,-1,-1,-1
228,41,454.602,49.666,188.544,208.664,1,-1,-1,-1
228,55,973.607,148.969,89.617,116.450,1,-1,-1,-1
228,45,1495.743,311.976,370.100,258.902,1,-1,-1,-1
228,52,1126.122,177.139,288.076,224.986,1,-1,-1,-1
228,28,634.603,569.135,898.050,511.809,1,-1,-1,-1
228,49,927.166,167.961,64.774,89.488,1,-1,-1,-1
228,57,1054.122,128.557,153.067,142.467,1,-1,-1,-1
229,41,454.602,49.666,188.544,208.664,1,-1,-1,-1
229,50,590.014,312.923,355.563,266.503,1,-1,-1,-1
229,49,927.610,169.392,62.022,87.438,1,-1,-1,-1
229,59,1054.122,128.557,153.067,142.467,1,-1,-1,-1
229,45,1495.743,311.976,370.100,258.902,1,-1,-1,-1
229,28,634.603,569.135,898.050,511.809,1,-1,-1,-1
229,52,1126.122,177.139,288.076,224.986,1,-1,-1,-1
229,55,973.320,152.608,88.719,111.573,1,-1,-1,-1
230,52,1126.122,177.139,288.076,224.986,1,-1,-1,-1
230,45,1495.743,311.976,370.100,258.902,1,-1,-1,-1
230,49,928.055,170.824,59.270,85.388,1,-1,-1,-1
230,50,590.014,312.923,355.563,266.503,1,-1,-1,-1
230,59,1054.122,128.557,153.067,142.467,1,-1,-1,-1
230,28,634.603,569.135,898.050,511.809,1,-1,-1,-1
230,41,454.602,49.666,188.544,208.664,1,-1,-1,-1
231,50,583.763,310.627,364.157,273.734,1,-1,-1,-1
231,49,928.499,172.255,56.518,83.338,1,-1,-1,-1
231,59,1053.549,123.799,156.642,147.801,1,-1,-1,-1
231,52,1127.330,174.805,287.940,228.226,1,-1,-1,-1
231,41,451.719,48.704,192.054,208.452,1,-1,-1,-1
231,58,632.248,567.419,900.208,513.919,1,-1,-1,-1
231,45,1497.482,311.377,368.379,260.458,1,-1,-1,-1
232,41,465.054,41.962,207.632,231.143,1,-1,-1,-1
232,45,1490.470,311.821,368.510,259.789,1,-1,-1,-1
232,52,1043.870,157.791,252.614,203.518,1,-1,-1,-1
232,58,787.844,668.975,870.596,410.473,1,-1,-1,-1
232,60,1332.334,256.746,313.962,232.068,1,-1,-1,-1
232,50,605.447,389.452,417.712,329.523,1,-1,-1,-1
232,59,958.502,156.001,78.856,104.783,1,-1,-1,-1
232,49,928.944,173.686,53.766,81.288,1,-1,-1,-1
233,58,943.441,770.531,840.985,307.026,1,-1,-1,-1
233,41,469.290,42.744,202.556,231.496,1,-1,-1,-1
233,60,1316.077,255.990,302.044,217.754,1,-1,-1,-1
233,50,608.932,399.289,425.758,336.606,1,-1,-1,-1
233,59,959.191,156.593,77.814,104.377,1,-1,-1,-1
233,52,1033.495,157.608,249.771,198.401,1,-1,-1,-1
233,49,929.584,175.205,51.845,81.092,1,-1,-1,-1
233,45,1574.929,347.852,344.638,280.075,1,-1,-1,-1
234,49,929.436,180.190,47.298,75.525,1,-1,-1,-1
234,52,1022.790,156.747,252.499,192.822,1,-1,-1,-1
234,58,1099.037,872.087,811.373,203.580,1,-1,-1,-1
234,59,960.448,155.453,77.125,105.158,1,-1,-1,-1
234,50,610.154,414.001,442.229,342.506,1,-1,-1,-1
234,60,1301.633,249.341,294.016,213.700,1,-1,-1,-1
234,61,1014.431,125.470,166.377,140.569,1,-1,-1,-1
234,41,472.597,44.424,204.798,231.810,1,-1,-1,-1
234,45,1543.508,337.877,373.795,284.474,1,-1,-1,-1
235,60,1279.993,245.262,294.156,212.846,1,-1,-1,-1
235,61,1039.939,124.488,141.331,40.726,1,-1,-1,-1
235,45,1527.785,328.761,381.396,282.812,1,-1,-1,-1
235,50,617.441,423.530,446.284,353.083,1,-1,-1,-1
235,41,475.905,46.103,207.039,232.125,1,-1,-1,-1
235,58,1099.037,872.087,811.373,203.580,1,-1,-1,-1
235,59,958.410,155.453,78.612,103.414,1,-1,-1,-1
235,49,929.288,185.176,42.751,69.957,1,-1,-1,-1
235,52,1016.031,151.769,244.698,199.055,1,-1,-1,-1
236,50,625.856,441.684,452.101,348.797,1,-1,-1,-1
236,60,1256.554,240.693,298.932,208.520,1,-1,-1,-1
236,61,1037.236,124.262,142.572,39.682,1,-1,-1,-1
236,58,1250.590,958.757,638.001,118.015,1,-1,-1,-1
236,52,1008.200,147.366,241.014,199.097,1,-1,-1,-1
236,59,948.656,156.044,85.318,104.262,1,-1,-1,-1
236,41,479.212,47.783,209.281,232.439,1,-1,-1,-1
236,45,1494.226,323.815,384.342,276.674,1,-1,-1,-1
237,41,484.791,46.174,212.179,241.835,1,-1,-1,-1
237,52,996.051,137.755,240.277,203.415,1,-1,-1,-1
237,50,628.683,452.268,467.940,367.919,1,-1,-1,-1
237,45,1475.425,316.722,376.739,275.107,1,-1,-1,-1
237,49,928.992,195.147,33.656,58.822,1,-1,-1,-1
237,61,1035.687,123.797,142.197,35.321,1,-1,-1,-1
237,59,947.189,156.155,83.513,103.656,1,-1,-1,-1
237,60,1248.669,236.982,283.883,202.362,1,-1,-1,-1
238,41,486.989,47.650,204.027,239.951,1,-1,-1,-1
238,49,928.844,200.132,29.109,53.255,1,-1,-1,-1
238,45,1454.330,310.877,364.656,267.180,1,-1,-1,-1
238,60,1232.641,232.454,282.221,204.965,1,-1,-1,-1
238,50,636.184,464.826,473.325,378.673,1,-1,-1,-1
238,52,992.817,127.422,227.408,213.086,1,-1,-1,-1
238,59,948.955,157.093,69.812,102.738,1,-1,-1,-1
239,60,1212.540,227.947,277.484,199.052,1,-1,-1,-1
239,45,1428.646,301.914,371.575,272.202,1,-1,-1,-1
239,50,643.066,482.486,485.708,385.974,1,-1,-1,-1
239,41,489.346,47.116,212.543,240.910,1,-1,-1,-1
239,52,976.046,130.551,237.498,201.583,1,-1,-1,-1
239,59,940.743,157.746,71.570,102.411,1,-1,-1,-1
240,41,488.698,49.788,217.559,239.639,1,-1,-1,-1
240,60,1204.878,222.838,264.167,198.051,1,-1,-1,-1
240,52,965.265,128.905,234.886,203.260,1,-1,-1,-1
240,45,1409.163,300.809,355.179,259.535,1,-1,-1,-1
240,50,644.681,493.663,503.148,401.432,1,-1,-1,-1
241,52,956.111,132.932,232.428,196.049,1,-1,-1,-1
241,45,1392.007,294.894,348.973,255.294,1,-1,-1,-1
241,60,1188.662,214.086,262.150,199.445,1,-1,-1,-1
241,41,495.739,53.142,217.244,236.339,1,-1,-1,-1
241,50,654.660,509.465,520.905,417.630,1,-1,-1,-1
242,52,956.111,132.932,232.428,196.049,1,-1,-1,-1
242,45,1392.007,294.894,348.973,255.294,1,-1,-1,-1
242,60,1188.662,214.086,262.150,199.445,1,-1,-1,-1
242,41,495.739,53.142,217.244,236.339,1,-1,-1,-1
242,50,654.660,509.465,520.905,417.630,1,-1,-1,-1
243,60,1188.662,214.086,262.150,199.445,1,-1,-1,-1
243,52,956.111,132.932,232.428,196.049,1,-1,-1,-1
243,45,1392.007,294.894,348.973,255.294,1,-1,-1,-1
243,50,654.660,509.465,520.905,417.630,1,-1,-1,-1
243,41,495.739,53.142,217.244,236.339,1,-1,-1,-1
244,45,1392.007,294.894,348.973,255.294,1,-1,-1,-1
244,52,956.111,132.932,232.428,196.049,1,-1,-1,-1
244,60,1188.662,214.086,262.150,199.445,1,-1,-1,-1
244,50,654.660,509.465,520.905,417.630,1,-1,-1,-1
244,41,495.739,53.142,217.244,236.339,1,-1,-1,-1
245,50,654.660,509.465,520.905,417.630,1,-1,-1,-1
245,52,956.111,132.932,232.428,196.049,1,-1,-1,-1
245,60,1188.662,214.086,262.150,199.445,1,-1,-1,-1
245,45,1392.007,294.894,348.973,255.294,1,-1,-1,-1
245,41,495.739,53.142,217.244,236.339,1,-1,-1,-1
246,50,654.660,509.465,520.905,417.630,1,-1,-1,-1
246,41,495.739,53.142,217.244,236.339,1,-1,-1,-1
246,45,1392.007,294.894,348.973,255.294,1,-1,-1,-1
246,52,956.111,132.932,232.428,196.049,1,-1,-1,-1
246,60,1188.662,214.086,262.150,199.445,1,-1,-1,-1
247,50,654.660,509.465,520.905,417.630,1,-1,-1,-1
247,41,495.739,53.142,217.244,236.339,1,-1,-1,-1
247,45,1392.007,294.894,348.973,255.294,1,-1,-1,-1
247,52,956.111,132.932,232.428,196.049,1,-1,-1,-1
247,60,1188.662,214.086,262.150,199.445,1,-1,-1,-1
248,50,654.660,509.465,520.905,417.630,1,-1,-1,-1
248,41,495.739,53.142,217.244,236.339,1,-1,-1,-1
248,60,1188.662,214.086,262.150,199.445,1,-1,-1,-1
248,52,956.111,132.932,232.428,196.049,1,-1,-1,-1
248,45,1392.007,294.894,348.973,255.294,1,-1,-1,-1
249,45,1392.007,294.894,348.973,255.294,1,-1,-1,-1
249,41,495.739,53.142,217.244,236.339,1,-1,-1,-1
249,50,654.660,509.465,520.905,417.630,1,-1,-1,-1
249,52,956.111,132.932,232.428,196.049,1,-1,-1,-1
249,60,1188.662,214.086,262.150,199.445,1,-1,-1,-1
250,52,956.111,132.932,232.428,196.049,1,-1,-1,-1
250,45,1392.007,294.894,348.973,255.294,1,-1,-1,-1
250,60,1188.662,214.086,262.150,199.445,1,-1,-1,-1
250,41,495.739,53.142,217.244,236.339,1,-1,-1,-1
250,50,654.660,509.465,520.905,417.630,1,-1,-1,-1
251,41,495.739,53.142,217.244,236.339,1,-1,-1,-1
251,60,1188.662,214.086,262.150,199.445,1,-1,-1,-1
251,52,956.111,132.932,232.428,196.049,1,-1,-1,-1
251,45,1392.007,294.894,348.973,255.294,1,-1,-1,-1
251,50,654.660,509.465,520.905,417.630,1,-1,-1,-1
252,63,762.601,763.445,739.737,303.316,1,-1,-1,-1
252,62,1060.900,187.504,227.697,162.125,1,-1,-1,-1
252,60,1221.363,241.608,289.783,216.950,1,-1,-1,-1
252,52,867.665,135.961,216.750,167.204,1,-1,-1,-1
252,41,539.090,55.943,242.333,258.168,1,-1,-1,-1
253,63,789.905,800.563,757.691,272.927,1,-1,-1,-1
253,52,866.619,134.461,206.323,163.241,1,-1,-1,-1
253,64,1856.414,356.196,61.865,173.164,1,-1,-1,-1
253,41,544.632,54.412,242.530,263.389,1,-1,-1,-1
253,62,1048.453,185.756,225.698,160.218,1,-1,-1,-1
253,60,1211.854,241.168,291.741,215.111,1,-1,-1,-1
254,52,862.632,133.893,209.073,161.349,1,-1,-1,-1
254,63,811.335,830.293,782.443,243.543,1,-1,-1,-1
254,64,1830.316,315.526,87.153,207.309,1,-1,-1,-1
254,41,550.173,52.881,242.727,268.610,1,-1,-1,-1
254,62,1042.226,182.713,219.164,164.172,1,-1,-1,-1
254,60,1204.095,237.627,281.027,210.629,1,-1,-1,-1
255,52,851.836,133.587,217.434,160.030,1,-1,-1,-1
255,41,555.714,51.349,242.925,273.831,1,-1,-1,-1
255,62,1029.925,180.826,216.383,163.538,1,-1,-1,-1
255,65,1040.602,129.700,113.304,88.666,1,-1,-1,-1
255,64,1803.857,291.728,114.766,224.473,1,-1,-1,-1
255,63,840.932,861.793,797.209,207.847,1,-1,-1,-1
255,60,1188.353,232.803,277.741,205.315,1,-1,-1,-1
256,65,1024.559,177.205,214.561,166.680,1,-1,-1,-1
256,63,898.455,893.811,682.064,171.762,1,-1,-1,-1
256,41,561.256,49.818,243.122,279.052,1,-1,-1,-1
256,60,1179.408,230.731,278.371,207.728,1,-1,-1,-1
256,52,847.268,134.686,205.051,159.617,1,-1,-1,-1
256,64,1779.436,277.969,137.268,239.243,1,-1,-1,-1
257,41,570.021,48.309,244.787,288.816,1,-1,-1,-1
257,52,843.149,134.106,205.559,158.798,1,-1,-1,-1
257,63,951.566,927.340,648.235,150.193,1,-1,-1,-1
257,60,1167.405,224.075,276.718,203.935,1,-1,-1,-1
257,65,1014.866,173.833,213.849,157.763,1,-1,-1,-1
257,64,1749.147,275.599,165.583,224.605,1,-1,-1,-1
258,60,1158.691,223.442,273.089,202.590,1,-1,-1,-1
258,63,984.472,964.040,643.667,113.598,1,-1,-1,-1
258,65,1003.623,173.114,212.008,153.709,1,-1,-1,-1
258,41,573.672,51.216,253.372,286.513,1,-1,-1,-1
258,52,833.023,129.994,193.718,157.394,1,-1,-1,-1
258,64,1726.046,268.813,191.454,219.638,1,-1,-1,-1
259,41,576.996,50.063,255.561,290.271,1,-1,-1,-1
259,65,995.802,169.981,207.898,158.875,1,-1,-1,-1
259,63,1053.518,1007.073,608.066,70.427,1,-1,-1,-1
259,60,1147.500,219.739,271.607,199.259,1,-1,-1,-1
259,52,829.527,130.756,192.256,153.851,1,-1,-1,-1
259,64,1702.320,258.742,216.791,221.818,1,-1,-1,-1
260,65,988.370,170.525,204.356,150.549,1,-1,-1,-1
260,41,580.321,48.910,257.750,294.028,1,-1,-1,-1
260,52,834.579,130.280,175.415,152.873,1,-1,-1,-1
260,64,1672.977,250.295,245.821,225.336,1,-1,-1,-1
260,60,1136.853,214.979,268.536,196.973,1,-1,-1,-1
260,66,1006.235,129.768,147.616,71.779,1,-1,-1,-1
261,41,587.583,47.618,259.518,303.609,1,-1,-1,-1
261,65,980.552,163.148,195.596,154.339,1,-1,-1,-1
261,52,844.926,133.526,158.185,143.907,1,-1,-1,-1
261,64,1652.263,247.359,264.249,219.304,1,-1,-1,-1
261,60,1128.263,210.652,263.949,196.896,1,-1,-1,-1
261,66,1004.512,129.281,145.756,62.350,1,-1,-1,-1
262,65,970.491,161.200,200.722,153.632,1,-1,-1,-1
262,41,594.846,46.325,261.285,313.190,1,-1,-1,-1
262,60,1121.845,208.775,253.574,193.951,1,-1,-1,-1
262,66,1006.264,130.563,139.037,52.226,1,-1,-1,-1
262,64,1670.552,240.439,248.448,222.500,1,-1,-1,-1
262,52,844.876,130.671,153.208,134.230,1,-1,-1,-1
263,60,1111.195,208.135,259.950,189.812,1,-1,-1,-1
263,64,1608.833,241.683,307.129,216.889,1,-1,-1,-1
263,41,603.512,56.880,257.493,299.002,1,-1,-1,-1
263,52,850.621,131.190,145.093,133.555,1,-1,-1,-1
263,65,965.459,160.902,199.579,155.765,1,-1,-1,-1
264,60,1100.426,205.458,260.471,190.584,1,-1,-1,-1
264,65,954.018,159.103,197.397,155.254,1,-1,-1,-1
264,41,609.004,54.897,268.352,305.372,1,-1,-1,-1
264,64,1597.567,236.674,311.027,218.656,1,-1,-1,-1
264,52,866.893,125.816,127.043,135.445,1,-1,-1,-1
265,41,617.166,54.588,266.948,309.258,1,-1,-1,-1
265,64,1570.761,231.044,309.663,209.338,1,-1,-1,-1
265,60,1096.143,202.516,255.756,192.285,1,-1,-1,-1
265,65,946.126,157.843,198.720,152.185,1,-1,-1,-1
266,64,1551.251,224.944,304.281,206.937,1,-1,-1,-1
266,41,624.737,71.365,274.835,295.359,1,-1,-1,-1
266,60,1081.116,201.171,255.038,185.533,1,-1,-1,-1
266,65,939.957,161.033,202.192,149.124,1,-1,-1,-1
267,60,1069.984,199.789,257.049,185.505,1,-1,-1,-1
267,65,933.534,157.020,191.216,149.627,1,-1,-1,-1
267,64,1533.782,220.945,296.480,207.062,1,-1,-1,-1
267,41,632.237,69.087,278.357,303.106,1,-1,-1,-1
268,41,639.736,66.808,281.880,310.852,1,-1,-1,-1
268,64,1518.265,216.086,292.960,204.254,1,-1,-1,-1
268,65,923.797,162.584,185.208,145.392,1,-1,-1,-1
268,60,1057.045,196.959,257.497,180.660,1,-1,-1,-1
269,65,933.494,161.909,167.061,135.794,1,-1,-1,-1
269,64,1494.390,213.612,296.269,201.230,1,-1,-1,-1
269,60,1039.830,195.002,261.688,182.172,1,-1,-1,-1
269,41,647.236,64.530,285.402,318.599,1,-1,-1,-1
270,41,656.721,77.185,291.041,312.611,1,-1,-1,-1
270,67,1008.332,133.330,130.271,59.656,1,-1,-1,-1
270,60,1021.150,193.667,271.252,178.883,1,-1,-1,-1
270,65,937.674,163.636,148.946,126.729,1,-1,-1,-1
270,64,1479.869,210.018,286.223,198.498,1,-1,-1,-1
271,41,666.513,76.634,287.677,319.660,1,-1,-1,-1
271,67,1008.304,134.090,130.315,56.047,1,-1,-1,-1
271,65,940.683,161.877,132.793,123.923,1,-1,-1,-1
271,60,999.974,188.779,272.085,177.519,1,-1,-1,-1
271,64,1457.040,204.552,282.152,194.415,1,-1,-1,-1
272,60,970.051,185.061,289.977,177.969,1,-1,-1,-1
272,64,1443.588,202.271,274.064,198.161,1,-1,-1,-1
272,41,670.926,88.763,293.929,316.600,1,-1,-1,-1
272,67,1004.162,134.621,132.956,53.425,1,-1,-1,-1
273,64,1429.485,205.324,273.653,186.131,1,-1,-1,-1
273,67,1003.687,135.600,130.798,52.572,1,-1,-1,-1
273,41,677.850,88.438,300.870,325.247,1,-1,-1,-1
273,60,968.829,186.392,264.729,174.884,1,-1,-1,-1
274,64,1410.458,199.070,272.352,186.214,1,-1,-1,-1
274,67,1003.722,136.934,128.848,53.759,1,-1,-1,-1
274,41,684.775,88.113,307.810,333.895,1,-1,-1,-1
274,60,978.421,182.412,232.854,174.940,1,-1,-1,-1
275,41,691.699,87.788,314.751,342.542,1,-1,-1,-1
275,67,1003.757,138.267,126.897,54.946,1,-1,-1,-1
275,60,985.700,179.351,200.119,172.951,1,-1,-1,-1
275,68,1184.943,238.493,41.840,34.489,1,-1,-1,-1
275,64,1398.371,200.532,261.589,182.628,1,-1,-1,-1
276,64,1385.558,196.789,261.915,177.508,1,-1,-1,-1
276,60,995.696,183.744,160.997,167.737,1,-1,-1,-1
276,67,1004.405,138.405,128.496,72.297,1,-1,-1,-1
276,68,1182.347,217.322,46.123,56.579,1,-1,-1,-1
276,41,698.623,87.464,321.692,351.190,1,-1,-1,-1
277,64,1366.841,194.707,259.259,180.369,1,-1,-1,-1
277,67,1008.328,137.797,137.079,134.997,1,-1,-1,-1
277,68,1189.423,243.373,52.427,30.333,1,-1,-1,-1
277,41,705.548,87.139,328.632,359.837,1,-1,-1,-1
278,64,1355.853,191.958,254.090,177.946,1,-1,-1,-1
278,69,1125.759,206.675,42.832,64.824,1,-1,-1,-1
278,60,1023.274,202.344,75.418,137.750,1,-1,-1,-1
278,41,712.472,86.814,335.573,368.485,1,-1,-1,-1
279,60,1028.010,162.335,54.026,133.279,1,-1,-1,-1
279,41,722.401,96.555,329.703,358.619,1,-1,-1,-1
279,69,1132.757,201.810,120.821,71.936,1,-1,-1,-1
279,64,1344.415,190.999,254.326,175.124,1,-1,-1,-1
280,41,732.331,106.296,323.834,348.753,1,-1,-1,-1
280,64,1344.415,190.999,254.326,175.124,1,-1,-1,-1
280,69,1132.757,201.810,120.821,71.936,1,-1,-1,-1
281,64,1340.581,190.475,254.430,178.853,1,-1,-1,-1
281,70,1133.449,202.106,120.459,71.452,1,-1,-1,-1
281,41,722.620,90.265,331.227,371.457,1,-1,-1,-1
281,69,1028.456,139.583,102.361,127.755,1,-1,-1,-1
282,41,722.620,90.265,331.227,371.457,1,-1,-1,-1
282,69,1028.456,139.583,102.361,127.755,1,-1,-1,-1
282,70,1133.449,202.106,120.459,71.452,1,-1,-1,-1
282,64,1340.581,190.475,254.430,178.853,1,-1,-1,-1
283,69,1028.456,139.583,102.361,127.755,1,-1,-1,-1
283,41,722.620,90.265,331.227,371.457,1,-1,-1,-1
283,70,1133.449,202.106,120.459,71.452,1,-1,-1,-1
283,64,1340.581,190.475,254.430,178.853,1,-1,-1,-1
284,69,1028.456,139.583,102.361,127.755,1,-1,-1,-1
284,64,1340.581,190.475,254.430,178.853,1,-1,-1,-1
284,41,722.620,90.265,331.227,371.457,1,-1,-1,-1
284,70,1133.449,202.106,120.459,71.452,1,-1,-1,-1
285,64,1340.581,190.475,254.430,178.853,1,-1,-1,-1
285,71,1133.449,202.106,120.459,71.452,1,-1,-1,-1
285,69,1028.456,139.583,102.361,127.755,1,-1,-1,-1
285,41,722.620,90.265,331.227,371.457,1,-1,-1,-1
285,70,1031.119,193.049,47.780,91.177,1,-1,-1,-1
286,41,722.620,90.265,331.227,371.457,1,-1,-1,-1
286,64,1340.581,190.475,254.430,178.853,1,-1,-1,-1
286,69,1028.456,139.583,102.361,127.755,1,-1,-1,-1
286,71,1133.449,202.106,120.459,71.452,1,-1,-1,-1
287,69,1028.456,139.583,102.361,127.755,1,-1,-1,-1
287,64,1340.581,190.475,254.430,178.853,1,-1,-1,-1
287,71,1133.449,202.106,120.459,71.452,1,-1,-1,-1
287,41,722.620,90.265,331.227,371.457,1,-1,-1,-1
288,64,1340.581,190.475,254.430,178.853,1,-1,-1,-1
288,41,722.620,90.265,331.227,371.457,1,-1,-1,-1
288,69,1028.456,139.583,102.361,127.755,1,-1,-1,-1
288,71,1133.449,202.106,120.459,71.452,1,-1,-1,-1
289,69,1028.456,139.583,102.361,127.755,1,-1,-1,-1
289,41,722.620,90.265,331.227,371.457,1,-1,-1,-1
289,64,1340.581,190.475,254.430,178.853,1,-1,-1,-1
289,72,1133.449,202.106,120.459,71.452,1,-1,-1,-1
289,71,1031.119,193.049,47.780,91.177,1,-1,-1,-1
290,41,722.620,90.265,331.227,371.457,1,-1,-1,-1
290,64,1340.581,190.475,254.430,178.853,1,-1,-1,-1
290,72,1133.449,202.106,120.459,71.452,1,-1,-1,-1
290,69,1028.456,139.583,102.361,127.755,1,-1,-1,-1
291,72,1133.449,202.106,120.459,71.452,1,-1,-1,-1
291,64,1340.581,190.475,254.430,178.853,1,-1,-1,-1
291,41,792.260,101.487,382.759,422.453,1,-1,-1,-1
292,64,1337.827,190.478,254.430,178.853,1,-1,-1,-1
292,76,1444.928,284.821,353.038,245.793,1,-1,-1,-1
292,75,245.837,174.224,400.852,166.234,1,-1,-1,-1
292,41,861.900,112.709,434.291,473.450,1,-1,-1,-1
292,73,682.339,141.895,138.460,111.108,1,-1,-1,-1
293,75,218.140,178.689,407.297,159.107,1,-1,-1,-1
293,41,878.055,115.717,442.365,479.930,1,-1,-1,-1
293,76,1425.244,277.463,344.686,241.785,1,-1,-1,-1
293,74,789.952,146.389,119.521,116.464,1,-1,-1,-1
293,64,1336.146,190.479,254.430,178.853,1,-1,-1,-1
293,73,677.152,144.054,139.250,109.381,1,-1,-1,-1
294,76,1409.573,269.586,334.922,245.033,1,-1,-1,-1
294,64,1334.464,190.480,254.430,178.853,1,-1,-1,-1
294,75,192.809,178.476,410.641,159.677,1,-1,-1,-1
294,41,894.209,118.726,450.439,486.409,1,-1,-1,-1
294,74,789.910,144.674,131.265,114.806,1,-1,-1,-1
294,73,674.404,145.045,138.067,109.751,1,-1,-1,-1
295,41,894.209,118.726,450.439,486.409,1,-1,-1,-1
295,75,168.246,177.131,415.058,158.521,1,-1,-1,-1
295,76,1391.574,260.594,332.420,246.062,1,-1,-1,-1
295,74,789.161,141.568,146.755,123.970,1,-1,-1,-1
295,73,675.887,149.436,132.419,105.486,1,-1,-1,-1
296,76,1382.711,256.048,324.390,238.732,1,-1,-1,-1
296,41,927.156,112.722,471.490,520.849,1,-1,-1,-1
296,64,1331.100,190.483,254.430,178.853,1,-1,-1,-1
296,75,157.092,177.782,404.878,160.978,1,-1,-1,-1
296,74,676.335,151.770,129.034,102.965,1,-1,-1,-1
296,77,781.040,143.789,159.033,119.664,1,-1,-1,-1
297,41,903.425,122.841,466.284,495.600,1,-1,-1,-1
297,78,929.835,182.534,35.954,75.343,1,-1,-1,-1
297,74,676.994,151.762,126.231,102.870,1,-1,-1,-1
297,76,1397.490,263.053,285.861,219.899,1,-1,-1,-1
297,77,779.194,141.092,161.055,120.789,1,-1,-1,-1
297,75,137.642,177.520,410.356,161.856,1,-1,-1,-1
298,77,778.465,142.484,149.065,119.337,1,-1,-1,-1
298,75,119.974,178.199,412.605,162.356,1,-1,-1,-1
298,74,678.824,150.546,112.816,104.240,1,-1,-1,-1
298,78,930.556,181.405,43.539,74.363,1,-1,-1,-1
298,41,962.627,136.366,497.002,522.387,1,-1,-1,-1
298,64,1407.991,248.073,253.020,228.411,1,-1,-1,-1
299,75,122.806,177.064,389.283,161.072,1,-1,-1,-1
299,77,769.717,142.938,152.326,118.259,1,-1,-1,-1
299,78,936.993,181.328,35.885,74.472,1,-1,-1,-1
299,64,1433.951,252.369,207.509,212.852,1,-1,-1,-1
299,74,679.507,154.042,110.976,97.811,1,-1,-1,-1
