3,1,2477.20,1361.82,77.95,61.15,1,-1,-1,-1
3,2,1711.88,1166.01,226.90,132.93,1,-1,-1,-1
3,3,2352.03,1330.20,89.78,53.12,1,-1,-1,-1
4,1,2477.19,1361.81,78.00,61.19,1,-1,-1,-1
4,2,1713.60,1169.55,225.03,131.93,1,-1,-1,-1
4,3,2352.02,1330.20,89.74,53.09,1,-1,-1,-1
5,1,2477.33,1361.90,77.82,61.05,1,-1,-1,-1
5,2,1712.65,1167.29,226.01,132.51,1,-1,-1,-1
5,3,2352.00,1330.18,89.79,53.12,1,-1,-1,-1
6,1,2476.18,1361.98,80.25,63.03,1,-1,-1,-1
6,2,1713.90,1169.80,224.64,131.83,1,-1,-1,-1
6,3,2352.02,1330.19,89.74,53.08,1,-1,-1,-1
7,1,2475.84,1362.04,80.96,63.66,1,-1,-1,-1
7,2,1714.37,1170.62,224.04,131.62,1,-1,-1,-1
7,3,2352.02,1330.19,89.71,53.06,1,-1,-1,-1
8,1,2475.73,1362.01,81.20,63.92,1,-1,-1,-1
8,2,1714.60,1170.87,223.71,131.57,1,-1,-1,-1
8,3,2352.04,1330.15,89.71,53.06,1,-1,-1,-1
9,1,2475.72,1361.99,81.26,64.05,1,-1,-1,-1
9,2,1713.14,1167.78,225.22,132.42,1,-1,-1,-1
9,3,2352.01,1330.14,89.71,53.05,1,-1,-1,-1
10,1,2475.84,1362.07,81.06,63.97,1,-1,-1,-1
10,2,1712.66,1166.68,225.69,132.66,1,-1,-1,-1
10,3,2351.98,1330.13,89.73,53.06,1,-1,-1,-1
11,1,2476.85,1361.95,78.81,62.18,1,-1,-1,-1
11,2,1712.43,1166.22,225.96,132.77,1,-1,-1,-1
11,3,2351.97,1330.14,89.77,53.08,1,-1,-1,-1
12,1,2477.23,1361.82,78.03,61.55,1,-1,-1,-1
12,2,1712.33,1166.05,226.10,132.82,1,-1,-1,-1
12,3,2351.94,1330.13,89.80,53.10,1,-1,-1,-1
13,1,2476.36,1361.88,79.92,63.14,1,-1,-1,-1
13,2,1713.88,1169.06,224.30,131.94,1,-1,-1,-1
13,3,2352.03,1330.12,89.85,53.15,1,-1,-1,-1
14,1,2476.02,1361.82,80.59,63.76,1,-1,-1,-1
14,2,1714.53,1170.22,223.46,131.61,1,-1,-1,-1
14,3,2352.09,1330.12,89.80,53.14,1,-1,-1,-1
15,1,2475.98,1361.89,80.65,63.88,1,-1,-1,-1
15,2,1714.86,1170.65,222.99,131.48,1,-1,-1,-1
15,3,2352.11,1330.11,89.77,53.14,1,-1,-1,-1
16,1,2475.99,1361.92,80.61,63.92,1,-1,-1,-1
16,2,1715.04,1170.79,222.68,131.45,1,-1,-1,-1
16,3,2352.12,1330.11,89.74,53.14,1,-1,-1,-1
17,1,2475.96,1361.88,80.58,63.96,1,-1,-1,-1
17,2,1715.14,1170.83,222.47,131.45,1,-1,-1,-1
17,3,2352.13,1330.12,89.69,53.12,1,-1,-1,-1
18,1,2475.96,1361.83,80.56,64.01,1,-1,-1,-1
18,2,1713.67,1167.77,224.08,132.30,1,-1,-1,-1
18,3,2352.13,1330.11,89.69,53.13,1,-1,-1,-1
19,1,2475.99,1361.82,80.49,64.01,1,-1,-1,-1
19,2,1713.07,1166.64,224.77,132.60,1,-1,-1,-1
19,3,2352.11,1330.10,89.70,53.15,1,-1,-1,-1
20,1,2476.11,1361.94,80.26,63.88,1,-1,-1,-1
20,2,1712.86,1166.22,225.10,132.72,1,-1,-1,-1
20,3,2352.12,1330.11,89.67,53.14,1,-1,-1,-1
21,1,2476.26,1362.10,80.03,63.71,1,-1,-1,-1
21,2,1714.29,1169.10,223.51,131.93,1,-1,-1,-1
21,3,2352.12,1330.12,89.67,53.15,1,-1,-1,-1
22,1,2476.32,1362.15,79.92,63.66,1,-1,-1,-1
22,2,1714.89,1170.19,222.79,131.65,1,-1,-1,-1
22,3,2352.12,1330.13,89.65,53.15,1,-1,-1,-1
23,1,2476.36,1362.17,79.86,63.63,1,-1,-1,-1
23,2,1713.66,1167.56,224.16,132.35,1,-1,-1,-1
23,3,2352.13,1330.13,89.64,53.15,1,-1,-1,-1
24,1,2476.29,1362.01,79.98,63.77,1,-1,-1,-1
24,2,1714.69,1169.60,222.98,131.80,1,-1,-1,-1
24,3,2352.13,1330.13,89.64,53.16,1,-1,-1,-1
25,1,2476.23,1361.86,80.07,63.87,1,-1,-1,-1
25,2,1713.49,1167.25,224.22,132.41,1,-1,-1,-1
25,3,2352.20,1330.13,89.61,53.15,1,-1,-1,-1
26,1,2476.23,1361.81,80.08,63.91,1,-1,-1,-1
26,2,1713.00,1166.37,224.79,132.65,1,-1,-1,-1
26,3,2352.23,1330.13,89.58,53.14,1,-1,-1,-1
27,1,2476.26,1361.83,80.06,63.91,1,-1,-1,-1
27,2,1712.79,1166.10,224.98,132.66,1,-1,-1,-1
27,3,2352.24,1330.12,89.58,53.15,1,-1,-1,-1
28,1,2476.32,1361.90,79.93,63.82,1,-1,-1,-1
28,2,1712.68,1165.93,225.26,132.76,1,-1,-1,-1
28,3,2352.28,1330.11,89.53,53.13,1,-1,-1,-1
29,1,2476.33,1361.87,79.93,63.83,1,-1,-1,-1
29,2,1712.62,1165.87,225.42,132.79,1,-1,-1,-1
29,3,2352.28,1330.11,89.51,53.13,1,-1,-1,-1
30,1,2476.35,1361.88,79.90,63.82,1,-1,-1,-1
30,2,1712.55,1165.85,225.55,132.81,1,-1,-1,-1
30,3,2352.22,1330.09,89.59,53.18,1,-1,-1,-1
31,1,2476.36,1361.88,79.88,63.81,1,-1,-1,-1
31,2,1712.50,1165.90,225.59,132.78,1,-1,-1,-1
31,3,2352.20,1330.09,89.62,53.21,1,-1,-1,-1
32,1,2476.37,1361.89,79.86,63.80,1,-1,-1,-1
32,2,1712.46,1165.92,225.66,132.76,1,-1,-1,-1
32,3,2352.20,1330.09,89.61,53.21,1,-1,-1,-1
33,1,2476.33,1361.79,79.95,63.89,1,-1,-1,-1
33,2,1712.39,1165.92,225.77,132.78,1,-1,-1,-1
33,3,2352.19,1330.09,89.62,53.22,1,-1,-1,-1
34,1,2476.32,1361.78,79.94,63.91,1,-1,-1,-1
34,2,1712.42,1165.96,225.77,132.74,1,-1,-1,-1
34,3,2352.19,1330.09,89.63,53.23,1,-1,-1,-1
35,1,2476.32,1361.76,79.95,63.93,1,-1,-1,-1
35,2,1712.42,1165.98,225.81,132.72,1,-1,-1,-1
35,3,2352.18,1330.08,89.63,53.23,1,-1,-1,-1
36,1,2476.36,1361.82,79.86,63.86,1,-1,-1,-1
36,2,1712.39,1165.99,225.87,132.72,1,-1,-1,-1
36,3,2352.20,1330.09,89.61,53.22,1,-1,-1,-1
37,1,2476.41,1361.91,79.74,63.76,1,-1,-1,-1
37,2,1712.43,1166.01,225.87,132.69,1,-1,-1,-1
37,3,2352.25,1330.14,89.53,53.17,1,-1,-1,-1
38,1,2476.40,1361.91,79.74,63.76,1,-1,-1,-1
38,2,1712.45,1166.01,225.89,132.68,1,-1,-1,-1
38,3,2352.26,1330.16,89.52,53.16,1,-1,-1,-1
39,1,2476.36,1361.94,79.73,63.75,1,-1,-1,-1
39,2,1712.44,1166.02,225.92,132.68,1,-1,-1,-1
39,3,2352.27,1330.17,89.50,53.14,1,-1,-1,-1
40,1,2476.33,1361.90,79.79,63.79,1,-1,-1,-1
40,2,1712.47,1166.03,225.88,132.65,1,-1,-1,-1
40,3,2352.28,1330.18,89.48,53.13,1,-1,-1,-1
41,1,2476.31,1361.87,79.83,63.82,1,-1,-1,-1
41,2,1712.45,1165.99,225.95,132.68,1,-1,-1,-1
41,3,2352.28,1330.18,89.47,53.12,1,-1,-1,-1
42,1,2476.27,1361.85,79.87,63.86,1,-1,-1,-1
42,2,1712.43,1165.99,225.97,132.69,1,-1,-1,-1
42,3,2352.38,1330.17,89.29,53.02,1,-1,-1,-1
43,1,2476.29,1361.72,80.02,64.00,1,-1,-1,-1
43,2,1712.43,1165.99,225.98,132.69,1,-1,-1,-1
43,3,2352.42,1330.18,89.21,52.98,1,-1,-1,-1
44,1,2476.43,1361.93,79.78,63.80,1,-1,-1,-1
44,2,1712.40,1166.04,225.90,132.62,1,-1,-1,-1
44,3,2352.45,1330.17,89.20,52.97,1,-1,-1,-1
45,1,2476.54,1361.93,79.80,63.80,1,-1,-1,-1
45,2,1712.39,1166.02,225.91,132.61,1,-1,-1,-1
45,3,2352.30,1330.15,89.42,53.09,1,-1,-1,-1
46,1,2476.57,1361.92,79.81,63.81,1,-1,-1,-1
46,2,1712.37,1166.03,225.92,132.59,1,-1,-1,-1
46,3,2352.23,1330.15,89.52,53.13,1,-1,-1,-1
47,1,2476.58,1361.92,79.82,63.82,1,-1,-1,-1
47,2,1712.37,1166.04,225.92,132.57,1,-1,-1,-1
47,3,2352.19,1330.15,89.58,53.15,1,-1,-1,-1
48,1,2476.59,1361.91,79.82,63.82,1,-1,-1,-1
48,2,1712.36,1166.07,225.90,132.54,1,-1,-1,-1
48,3,2352.16,1330.14,89.62,53.16,1,-1,-1,-1
49,1,2476.58,1361.88,79.87,63.87,1,-1,-1,-1
49,2,1712.40,1166.08,225.91,132.52,1,-1,-1,-1
49,3,2352.14,1330.10,89.75,53.25,1,-1,-1,-1
50,1,2476.52,1361.78,79.95,63.96,1,-1,-1,-1
50,2,1712.41,1166.07,225.95,132.53,1,-1,-1,-1
50,3,2352.17,1330.09,89.76,53.26,1,-1,-1,-1
51,1,2476.55,1361.77,79.89,63.93,1,-1,-1,-1
51,2,1712.39,1166.04,226.03,132.57,1,-1,-1,-1
51,3,2352.18,1330.07,89.77,53.27,1,-1,-1,-1
52,1,2476.43,1361.68,79.95,64.00,1,-1,-1,-1
52,2,1712.40,1166.02,226.05,132.58,1,-1,-1,-1
52,3,2352.17,1330.04,89.81,53.30,1,-1,-1,-1
53,1,2476.42,1361.71,79.89,63.98,1,-1,-1,-1
53,2,1712.40,1166.02,226.05,132.57,1,-1,-1,-1
53,3,2352.17,1330.03,89.76,53.28,1,-1,-1,-1
54,1,2476.44,1361.70,79.87,63.97,1,-1,-1,-1
54,2,1712.41,1166.02,226.06,132.57,1,-1,-1,-1
54,3,2352.17,1330.02,89.73,53.28,1,-1,-1,-1
55,1,2476.45,1361.72,79.85,63.98,1,-1,-1,-1
55,2,1712.41,1166.03,226.05,132.56,1,-1,-1,-1
55,3,2352.16,1330.01,89.71,53.28,1,-1,-1,-1
56,1,2476.45,1361.68,79.88,64.01,1,-1,-1,-1
56,2,1712.41,1166.04,226.07,132.56,1,-1,-1,-1
56,3,2352.17,1330.02,89.68,53.27,1,-1,-1,-1
57,1,2476.48,1361.66,79.85,63.99,1,-1,-1,-1
57,2,1712.41,1166.04,226.08,132.57,1,-1,-1,-1
57,3,2352.18,1330.03,89.65,53.26,1,-1,-1,-1
58,1,2476.49,1361.64,79.85,64.00,1,-1,-1,-1
58,2,1712.39,1166.04,226.10,132.58,1,-1,-1,-1
58,3,2352.19,1330.03,89.62,53.25,1,-1,-1,-1
59,1,2476.48,1361.62,79.87,64.02,1,-1,-1,-1
59,2,1712.36,1166.01,226.13,132.60,1,-1,-1,-1
59,3,2352.16,1330.06,89.58,53.22,1,-1,-1,-1
60,1,2476.49,1361.63,79.85,64.01,1,-1,-1,-1
60,2,1712.34,1165.98,226.17,132.63,1,-1,-1,-1
60,3,2352.16,1330.07,89.55,53.20,1,-1,-1,-1
61,1,2476.38,1361.49,80.03,64.17,1,-1,-1,-1
61,2,1712.37,1165.97,226.12,132.60,1,-1,-1,-1
61,3,2352.19,1330.07,89.64,53.25,1,-1,-1,-1
62,1,2476.26,1361.28,80.27,64.41,1,-1,-1,-1
62,2,1712.36,1165.94,226.20,132.67,1,-1,-1,-1
62,3,2352.19,1330.08,89.67,53.27,1,-1,-1,-1
63,1,2476.23,1361.20,80.32,64.49,1,-1,-1,-1
63,2,1712.36,1165.91,226.23,132.71,1,-1,-1,-1
63,3,2352.19,1330.08,89.69,53.28,1,-1,-1,-1
64,1,2476.21,1361.14,80.35,64.56,1,-1,-1,-1
64,2,1712.38,1165.93,226.19,132.70,1,-1,-1,-1
64,3,2352.17,1330.08,89.71,53.29,1,-1,-1,-1
65,1,2476.23,1361.28,80.21,64.48,1,-1,-1,-1
65,2,1712.39,1165.94,226.17,132.69,1,-1,-1,-1
65,3,2352.18,1330.09,89.69,53.28,1,-1,-1,-1
66,1,2476.30,1361.39,80.08,64.38,1,-1,-1,-1
66,2,1712.40,1165.94,226.15,132.69,1,-1,-1,-1
66,3,2352.18,1330.08,89.68,53.27,1,-1,-1,-1
67,1,2475.96,1361.50,80.88,65.12,1,-1,-1,-1
67,2,1712.43,1165.97,226.08,132.65,1,-1,-1,-1
67,3,2352.21,1330.13,89.52,53.17,1,-1,-1,-1
68,1,2474.52,1361.12,81.85,66.24,1,-1,-1,-1
68,2,1712.44,1165.98,226.05,132.64,1,-1,-1,-1
68,3,2352.29,1330.13,89.39,53.09,1,-1,-1,-1
69,1,2473.80,1360.12,84.65,69.08,1,-1,-1,-1
69,2,1712.43,1165.97,226.05,132.64,1,-1,-1,-1
69,3,2352.38,1330.16,89.19,52.97,1,-1,-1,-1
70,1,2473.32,1360.08,85.58,70.54,1,-1,-1,-1
70,2,1712.43,1165.99,226.03,132.63,1,-1,-1,-1
70,3,2352.49,1330.26,88.88,52.76,1,-1,-1,-1
71,1,2473.68,1360.48,86.21,71.62,1,-1,-1,-1
71,2,1712.93,1167.78,224.79,131.41,1,-1,-1,-1
71,3,2351.64,1330.35,87.77,51.94,1,-1,-1,-1
72,1,2474.00,1362.43,86.87,72.75,1,-1,-1,-1
72,2,1712.76,1168.46,224.88,131.02,1,-1,-1,-1
72,3,2351.15,1330.50,87.38,51.50,1,-1,-1,-1
73,1,2473.89,1363.81,88.22,74.79,1,-1,-1,-1
73,2,1712.62,1168.72,225.08,130.73,1,-1,-1,-1
73,3,2350.70,1330.44,87.66,51.48,1,-1,-1,-1
74,1,2473.27,1362.37,89.53,77.39,1,-1,-1,-1
74,2,1712.40,1168.82,225.51,130.62,1,-1,-1,-1
74,3,2350.67,1330.47,87.55,51.26,1,-1,-1,-1
75,1,2471.03,1361.29,91.22,80.17,1,-1,-1,-1
75,2,1712.18,1168.83,226.02,130.59,1,-1,-1,-1
75,3,2350.57,1330.37,87.39,51.01,1,-1,-1,-1
76,1,2465.56,1362.10,92.81,81.96,1,-1,-1,-1
76,2,1711.94,1168.85,226.53,130.59,1,-1,-1,-1
76,3,2350.20,1330.38,88.32,51.33,1,-1,-1,-1
77,1,2462.39,1363.85,91.41,80.29,1,-1,-1,-1
77,2,1711.77,1168.85,226.91,130.54,1,-1,-1,-1
77,3,2349.69,1330.34,88.69,51.31,1,-1,-1,-1
78,1,2458.13,1364.47,91.24,79.19,1,-1,-1,-1
78,2,1711.57,1168.84,227.32,130.53,1,-1,-1,-1
78,3,2349.39,1330.39,88.80,51.09,1,-1,-1,-1
79,1,2450.14,1362.61,95.05,80.78,1,-1,-1,-1
79,2,1711.39,1168.83,227.70,130.52,1,-1,-1,-1
79,3,2349.06,1330.28,88.86,50.83,1,-1,-1,-1
80,1,2441.17,1359.89,98.17,81.02,1,-1,-1,-1
80,2,1711.21,1168.82,228.05,130.52,1,-1,-1,-1
80,3,2348.65,1329.57,85.86,48.88,1,-1,-1,-1
81,1,2426.99,1357.05,102.94,82.37,1,-1,-1,-1
81,2,1711.11,1168.81,228.25,130.44,1,-1,-1,-1
81,3,2349.00,1326.80,81.69,46.50,1,-1,-1,-1
82,1,2415.91,1355.69,107.82,82.33,1,-1,-1,-1
82,2,1710.93,1168.81,228.52,130.42,1,-1,-1,-1
82,3,2348.95,1326.40,80.68,45.93,1,-1,-1,-1
83,1,2402.90,1353.88,111.26,81.76,1,-1,-1,-1
83,2,1710.74,1168.80,228.82,130.42,1,-1,-1,-1
83,4,2514.55,1369.62,37.56,53.04,1,-1,-1,-1
83,5,2356.15,1326.81,50.59,32.96,1,-1,-1,-1
84,1,2410.18,1355.08,108.01,77.40,1,-1,-1,-1
84,2,1710.61,1168.79,229.11,130.44,1,-1,-1,-1
84,4,2510.22,1370.41,38.16,52.96,1,-1,-1,-1
84,5,2355.71,1326.09,51.75,33.72,1,-1,-1,-1
85,1,2406.68,1354.55,108.14,77.49,1,-1,-1,-1
85,2,1710.41,1168.78,229.43,130.49,1,-1,-1,-1
85,4,2503.01,1365.12,43.79,59.75,1,-1,-1,-1
86,2,1710.33,1168.78,229.61,130.47,1,-1,-1,-1
86,4,2495.84,1363.50,47.26,62.42,1,-1,-1,-1
86,7,2346.04,1338.27,130.85,95.06,1,-1,-1,-1
87,2,1710.22,1168.80,229.82,130.48,1,-1,-1,-1
87,4,2489.87,1363.57,49.15,62.32,1,-1,-1,-1
87,7,2332.58,1335.36,127.59,92.30,1,-1,-1,-1
88,2,1710.19,1168.82,229.95,130.45,1,-1,-1,-1
88,4,2488.95,1363.27,51.16,62.40,1,-1,-1,-1
88,7,2314.55,1335.13,126.23,90.33,1,-1,-1,-1
89,2,1710.11,1168.82,230.12,130.46,1,-1,-1,-1
89,4,2488.14,1363.32,52.76,61.95,1,-1,-1,-1
89,7,2297.08,1331.79,130.40,92.51,1,-1,-1,-1
90,2,1710.08,1168.82,230.20,130.42,1,-1,-1,-1
90,4,2487.30,1363.02,54.96,62.34,1,-1,-1,-1
90,7,2276.15,1323.86,138.43,97.57,1,-1,-1,-1
91,2,1710.03,1168.82,230.32,130.42,1,-1,-1,-1
91,4,2486.49,1362.68,57.10,62.70,1,-1,-1,-1
91,7,2256.74,1319.91,140.97,98.67,1,-1,-1,-1
92,2,1709.98,1168.82,230.42,130.41,1,-1,-1,-1
92,4,2485.54,1361.91,59.54,63.51,1,-1,-1,-1
92,7,2241.61,1316.16,140.28,98.01,1,-1,-1,-1
93,2,1709.90,1168.81,230.53,130.42,1,-1,-1,-1
93,4,2484.74,1361.73,61.42,63.80,1,-1,-1,-1
93,7,2228.34,1310.10,143.54,100.72,1,-1,-1,-1
94,2,1709.87,1168.83,230.51,130.35,1,-1,-1,-1
94,3,2352.30,1331.57,92.98,53.69,1,-1,-1,-1
94,4,2484.01,1361.86,62.87,63.69,1,-1,-1,-1
94,7,2197.35,1306.61,147.48,102.55,1,-1,-1,-1
95,2,1709.77,1168.82,230.43,130.26,1,-1,-1,-1
95,3,2348.97,1330.23,94.29,54.53,1,-1,-1,-1
95,4,2483.20,1361.64,64.48,63.84,1,-1,-1,-1
95,7,2172.55,1302.25,152.21,104.74,1,-1,-1,-1
96,2,1709.66,1168.81,230.43,130.21,1,-1,-1,-1
96,3,2349.32,1330.37,92.77,53.71,1,-1,-1,-1
96,4,2481.75,1360.52,66.28,64.53,1,-1,-1,-1
96,7,2152.05,1295.53,152.64,103.38,1,-1,-1,-1
97,2,1708.84,1169.59,229.44,129.84,1,-1,-1,-1
97,3,2349.85,1330.41,92.39,53.85,1,-1,-1,-1
97,4,2481.85,1361.44,66.80,63.75,1,-1,-1,-1
97,7,2127.87,1284.99,152.73,102.23,1,-1,-1,-1
98,2,1708.50,1169.88,229.02,129.81,1,-1,-1,-1
98,3,2350.24,1330.72,91.16,53.04,1,-1,-1,-1
98,4,2481.57,1361.67,67.81,63.57,1,-1,-1,-1
98,7,2087.41,1277.80,155.35,104.90,1,-1,-1,-1
99,2,1708.27,1169.95,228.89,129.94,1,-1,-1,-1
99,3,2350.27,1330.63,90.95,52.88,1,-1,-1,-1
99,4,2481.10,1361.66,68.96,63.61,1,-1,-1,-1
99,7,2057.51,1268.61,169.96,115.23,1,-1,-1,-1
100,2,1710.10,1170.07,229.42,130.93,1,-1,-1,-1
100,3,2350.47,1330.46,90.89,52.84,1,-1,-1,-1
100,4,2480.63,1361.62,70.00,63.65,1,-1,-1,-1
100,7,2030.32,1259.06,181.10,122.51,1,-1,-1,-1
101,2,1709.94,1169.29,228.77,130.74,1,-1,-1,-1
101,3,2350.77,1330.73,89.84,52.18,1,-1,-1,-1
101,4,2479.89,1361.76,70.90,63.49,1,-1,-1,-1
101,7,2004.44,1254.57,183.81,123.46,1,-1,-1,-1
102,2,1712.92,1170.89,222.36,126.78,1,-1,-1,-1
102,3,2350.79,1330.87,89.45,51.88,1,-1,-1,-1
102,4,2479.35,1361.84,71.79,63.42,1,-1,-1,-1
102,7,1975.43,1247.00,198.94,132.58,1,-1,-1,-1
103,2,1714.78,1171.60,219.19,124.48,1,-1,-1,-1
103,3,2350.72,1331.03,89.26,51.63,1,-1,-1,-1
103,4,2478.89,1361.86,72.72,63.47,1,-1,-1,-1
103,7,1947.12,1238.52,211.28,138.95,1,-1,-1,-1
104,2,1718.31,1173.01,214.28,121.35,1,-1,-1,-1
104,3,2350.75,1331.08,89.24,51.48,1,-1,-1,-1
104,4,2478.50,1361.85,73.55,63.51,1,-1,-1,-1
104,7,1911.35,1230.36,219.21,142.47,1,-1,-1,-1
105,2,1717.57,1175.28,201.77,114.37,1,-1,-1,-1
105,3,2350.74,1331.08,89.41,51.44,1,-1,-1,-1
105,4,2478.86,1361.34,72.93,62.37,1,-1,-1,-1
105,7,1883.47,1223.38,225.67,145.40,1,-1,-1,-1
106,2,1707.81,1174.96,193.73,111.40,1,-1,-1,-1
106,3,2350.69,1331.09,89.59,51.41,1,-1,-1,-1
106,4,2478.88,1361.19,72.99,61.88,1,-1,-1,-1
106,7,1842.81,1212.78,238.34,152.42,1,-1,-1,-1
107,2,1708.29,1177.18,173.15,99.98,1,-1,-1,-1
107,3,2350.57,1331.07,89.76,51.39,1,-1,-1,-1
107,4,2477.98,1361.63,74.79,62.91,1,-1,-1,-1
107,7,1804.49,1204.45,245.77,155.81,1,-1,-1,-1
108,2,1707.59,1177.90,167.88,96.94,1,-1,-1,-1
108,3,2350.43,1331.06,89.97,51.40,1,-1,-1,-1
108,4,2478.28,1361.48,74.23,61.97,1,-1,-1,-1
108,7,1747.06,1180.07,276.10,174.28,1,-1,-1,-1
108,12,163.32,1317.76,475.91,576.15,1,-1,-1,-1
109,3,2350.46,1331.12,90.08,51.37,1,-1,-1,-1
109,4,2478.36,1361.90,73.77,61.15,1,-1,-1,-1
109,7,1708.72,1173.86,285.20,179.95,1,-1,-1,-1
109,12,233.30,1289.14,525.55,613.46,1,-1,-1,-1
110,3,2350.48,1331.14,90.16,51.35,1,-1,-1,-1
110,4,2478.28,1362.08,73.83,60.81,1,-1,-1,-1
110,7,1673.48,1169.79,284.59,178.39,1,-1,-1,-1
110,12,327.95,1268.03,529.68,586.32,1,-1,-1,-1
111,3,2351.09,1330.54,90.14,51.30,1,-1,-1,-1
111,4,2477.99,1362.70,75.44,61.80,1,-1,-1,-1
111,7,1625.28,1157.49,298.98,185.05,1,-1,-1,-1
111,12,521.11,1261.24,496.22,519.99,1,-1,-1,-1
112,3,2351.18,1330.33,90.22,51.30,1,-1,-1,-1
112,4,2477.79,1362.92,76.28,62.18,1,-1,-1,-1
112,7,1594.26,1146.91,315.47,191.77,1,-1,-1,-1
112,12,709.78,1259.66,455.67,454.00,1,-1,-1,-1
113,3,2351.06,1330.25,90.40,51.36,1,-1,-1,-1
113,4,2477.59,1363.05,76.78,62.31,1,-1,-1,-1
113,7,1559.70,1136.04,333.30,197.41,1,-1,-1,-1
113,12,872.84,1262.72,418.24,396.23,1,-1,-1,-1
114,3,2351.32,1330.18,90.43,51.40,1,-1,-1,-1
114,4,2477.43,1363.09,77.16,62.37,1,-1,-1,-1
114,7,1530.02,1133.79,338.17,190.89,1,-1,-1,-1
114,12,1019.30,1268.45,388.41,351.96,1,-1,-1,-1
115,3,2351.42,1330.15,90.44,51.42,1,-1,-1,-1
115,4,2477.29,1363.09,77.47,62.40,1,-1,-1,-1
115,7,1444.29,1123.02,349.85,198.31,1,-1,-1,-1
115,12,1129.62,1268.97,367.94,320.84,1,-1,-1,-1
116,3,2351.45,1330.15,90.41,51.42,1,-1,-1,-1
116,4,2477.15,1363.09,77.75,62.42,1,-1,-1,-1
116,7,1381.65,1115.14,369.62,209.75,1,-1,-1,-1
116,12,1226.85,1273.83,343.28,288.14,1,-1,-1,-1
117,2,1714.86,1169.73,221.44,128.02,1,-1,-1,-1
117,3,2351.46,1330.15,90.38,51.42,1,-1,-1,-1
117,4,2477.03,1363.08,77.99,62.43,1,-1,-1,-1
117,7,1323.66,1104.79,384.26,217.56,1,-1,-1,-1
117,12,1308.26,1272.11,332.02,272.04,1,-1,-1,-1
118,2,1711.82,1169.13,226.59,130.29,1,-1,-1,-1
118,3,2351.46,1330.15,90.37,51.42,1,-1,-1,-1
118,4,2476.94,1363.08,78.19,62.44,1,-1,-1,-1
118,7,1266.52,1092.87,393.02,220.74,1,-1,-1,-1
118,12,1378.49,1267.83,316.40,253.75,1,-1,-1,-1
119,2,1710.83,1169.00,228.88,131.15,1,-1,-1,-1
119,3,2351.45,1330.16,90.35,51.42,1,-1,-1,-1
119,4,2476.90,1363.10,78.32,62.40,1,-1,-1,-1
119,7,1197.81,1082.29,422.65,236.41,1,-1,-1,-1
119,12,1431.47,1265.51,306.21,241.26,1,-1,-1,-1
120,2,1709.99,1168.86,230.55,131.80,1,-1,-1,-1
120,3,2351.42,1330.12,90.38,51.46,1,-1,-1,-1
120,4,2476.90,1363.12,78.44,62.36,1,-1,-1,-1
120,7,1127.79,1075.81,445.71,247.97,1,-1,-1,-1
120,12,1500.18,1271.70,276.87,213.53,1,-1,-1,-1
121,2,1710.40,1170.58,227.69,130.01,1,-1,-1,-1
121,3,2351.92,1330.72,90.74,51.75,1,-1,-1,-1
121,4,2476.95,1363.34,78.31,62.10,1,-1,-1,-1
121,7,1049.91,1065.12,475.01,263.22,1,-1,-1,-1
121,12,1560.46,1274.09,253.90,190.40,1,-1,-1,-1
122,2,1710.11,1171.17,228.20,130.39,1,-1,-1,-1
122,3,2352.02,1330.95,90.91,51.92,1,-1,-1,-1
122,4,2476.95,1363.49,78.28,61.94,1,-1,-1,-1
122,7,959.89,1055.38,511.56,282.42,1,-1,-1,-1
122,12,1615.65,1276.92,234.64,170.83,1,-1,-1,-1
123,2,1711.83,1171.34,224.50,127.93,1,-1,-1,-1
123,3,2352.01,1331.08,90.91,51.97,1,-1,-1,-1
123,4,2476.86,1363.46,78.44,61.95,1,-1,-1,-1
123,7,865.89,1042.59,550.83,303.31,1,-1,-1,-1
123,12,1670.01,1278.00,226.58,160.48,1,-1,-1,-1
124,2,1712.60,1171.34,223.06,126.83,1,-1,-1,-1
124,3,2352.02,1331.12,90.87,52.00,1,-1,-1,-1
124,4,2476.87,1363.59,78.46,61.85,1,-1,-1,-1
124,7,761.34,1034.66,596.52,326.64,1,-1,-1,-1
124,12,1707.27,1280.36,228.93,159.29,1,-1,-1,-1
125,2,1711.61,1170.76,223.46,126.22,1,-1,-1,-1
125,3,2352.01,1331.09,90.87,52.06,1,-1,-1,-1
125,4,2476.83,1363.63,78.54,61.81,1,-1,-1,-1
125,7,638.24,1025.85,646.75,351.85,1,-1,-1,-1
125,12,1739.61,1281.18,235.77,162.71,1,-1,-1,-1
126,2,1715.08,1171.69,217.46,122.03,1,-1,-1,-1
126,3,2352.06,1330.99,90.89,52.14,1,-1,-1,-1
126,4,2476.78,1363.57,78.82,61.95,1,-1,-1,-1
126,7,502.94,1007.92,711.16,381.69,1,-1,-1,-1
126,12,1776.94,1290.73,230.78,157.87,1,-1,-1,-1
127,2,1712.78,1171.01,221.22,123.61,1,-1,-1,-1
127,3,2352.03,1331.01,90.72,52.09,1,-1,-1,-1
127,4,2476.79,1363.55,78.88,61.94,1,-1,-1,-1
127,7,317.27,993.79,796.37,422.02,1,-1,-1,-1
127,12,1812.71,1293.19,234.38,160.41,1,-1,-1,-1
128,2,1709.03,1170.14,227.53,127.27,1,-1,-1,-1
128,3,2352.19,1331.05,90.41,51.95,1,-1,-1,-1
128,4,2476.76,1363.55,78.96,61.93,1,-1,-1,-1
128,7,125.10,977.09,889.11,465.34,1,-1,-1,-1
128,12,1846.57,1301.76,227.95,155.48,1,-1,-1,-1
129,2,1707.84,1170.29,230.78,129.19,1,-1,-1,-1
129,3,2352.22,1331.07,90.28,51.92,1,-1,-1,-1
129,4,2476.74,1363.57,79.01,61.91,1,-1,-1,-1
129,7,-14.63,959.78,984.58,520.99,1,-1,-1,-1
129,12,1882.16,1306.32,219.11,148.76,1,-1,-1,-1
130,2,1707.34,1170.12,232.44,130.24,1,-1,-1,-1
130,3,2352.22,1331.08,90.15,51.90,1,-1,-1,-1
130,4,2476.72,1363.59,79.05,61.90,1,-1,-1,-1
130,7,-78.81,933.45,971.91,524.63,1,-1,-1,-1
130,12,1915.32,1309.37,215.30,146.24,1,-1,-1,-1
131,2,1705.86,1169.13,233.91,131.29,1,-1,-1,-1
131,3,2352.48,1331.18,89.33,51.50,1,-1,-1,-1
131,4,2475.83,1362.19,80.53,63.12,1,-1,-1,-1
131,7,-156.73,924.54,960.87,537.63,1,-1,-1,-1
131,12,1945.76,1312.02,209.47,141.92,1,-1,-1,-1
132,2,1708.68,1170.00,232.45,131.10,1,-1,-1,-1
132,3,2352.56,1331.33,89.00,51.32,1,-1,-1,-1
132,4,2475.61,1361.79,80.93,63.48,1,-1,-1,-1
132,7,-198.67,996.12,853.27,501.96,1,-1,-1,-1
132,12,1979.37,1314.97,203.89,137.26,1,-1,-1,-1
133,2,1709.27,1169.83,232.58,131.87,1,-1,-1,-1
133,3,2352.68,1331.44,88.89,51.27,1,-1,-1,-1
133,4,2475.67,1361.66,80.90,63.53,1,-1,-1,-1
133,7,-282.18,990.15,876.86,515.84,1,-1,-1,-1
133,12,2007.29,1317.17,196.14,132.28,1,-1,-1,-1
134,2,1709.51,1169.52,232.80,132.70,1,-1,-1,-1
134,3,2352.56,1331.43,89.03,51.36,1,-1,-1,-1
134,4,2475.73,1361.61,80.81,63.53,1,-1,-1,-1
134,12,2039.77,1321.14,187.17,125.64,1,-1,-1,-1
135,2,1710.04,1169.49,232.16,132.95,1,-1,-1,-1
135,3,2352.43,1331.28,89.50,51.66,1,-1,-1,-1
135,4,2475.78,1361.57,80.75,63.53,1,-1,-1,-1
135,12,2068.65,1326.83,180.21,121.03,1,-1,-1,-1
136,2,1710.50,1169.45,231.35,133.05,1,-1,-1,-1
136,3,2352.61,1331.36,89.39,51.66,1,-1,-1,-1
136,4,2475.87,1361.60,80.62,63.49,1,-1,-1,-1
136,12,2094.95,1334.28,174.83,117.66,1,-1,-1,-1
137,2,1711.01,1169.47,230.42,133.02,1,-1,-1,-1
137,3,2352.82,1331.39,89.32,51.69,1,-1,-1,-1
137,4,2475.93,1361.62,80.52,63.46,1,-1,-1,-1
137,12,2123.54,1344.88,169.16,113.92,1,-1,-1,-1
138,2,1711.46,1169.53,229.45,132.90,1,-1,-1,-1
138,3,2352.80,1331.38,89.37,51.85,1,-1,-1,-1
138,4,2476.07,1361.69,80.35,63.38,1,-1,-1,-1
138,12,2164.92,1357.47,152.81,103.92,1,-1,-1,-1
139,2,1711.87,1169.61,228.55,132.77,1,-1,-1,-1
139,3,2352.79,1331.16,89.32,51.82,1,-1,-1,-1
139,4,2476.27,1361.87,80.07,63.21,1,-1,-1,-1
139,12,2190.88,1361.88,151.73,103.87,1,-1,-1,-1
140,2,1712.29,1169.68,227.77,132.66,1,-1,-1,-1
140,3,2353.07,1331.32,88.49,51.22,1,-1,-1,-1
140,4,2476.46,1362.01,79.88,63.13,1,-1,-1,-1
140,12,2216.50,1363.37,148.22,101.60,1,-1,-1,-1
141,2,1713.41,1170.64,225.58,131.66,1,-1,-1,-1
141,3,2353.57,1330.31,87.91,50.99,1,-1,-1,-1
141,4,2477.46,1363.27,78.29,61.84,1,-1,-1,-1
141,12,2227.96,1367.02,146.73,98.90,1,-1,-1,-1
142,2,1711.26,1169.96,225.53,131.46,1,-1,-1,-1
142,3,2350.35,1328.51,87.98,51.74,1,-1,-1,-1
142,4,2477.81,1363.81,77.70,61.34,1,-1,-1,-1
142,12,2245.25,1367.77,149.58,100.24,1,-1,-1,-1
143,2,1710.28,1169.64,225.72,131.43,1,-1,-1,-1
143,3,2351.64,1329.11,89.43,52.84,1,-1,-1,-1
143,4,2478.25,1364.12,77.31,61.01,1,-1,-1,-1
143,12,2268.88,1371.90,146.40,97.75,1,-1,-1,-1
144,2,1709.99,1169.61,225.75,131.29,1,-1,-1,-1
144,3,2350.00,1328.44,94.47,56.23,1,-1,-1,-1
144,4,2478.40,1364.11,77.38,61.08,1,-1,-1,-1
144,12,2289.98,1375.03,142.61,95.01,1,-1,-1,-1
145,2,1710.42,1168.94,226.55,131.36,1,-1,-1,-1
145,3,2350.17,1327.42,95.29,57.12,1,-1,-1,-1
145,4,2478.34,1364.18,77.15,60.89,1,-1,-1,-1
145,12,2315.02,1383.36,134.03,88.51,1,-1,-1,-1
146,2,1710.37,1168.69,227.24,131.37,1,-1,-1,-1
146,3,2349.45,1327.02,89.16,54.18,1,-1,-1,-1
146,4,2477.82,1364.03,77.22,60.90,1,-1,-1,-1
146,12,2334.81,1388.80,130.89,85.68,1,-1,-1,-1
147,2,1710.16,1168.56,227.90,131.42,1,-1,-1,-1
147,3,2353.57,1328.97,58.78,36.48,1,-1,-1,-1
147,4,2478.05,1364.25,77.03,60.74,1,-1,-1,-1
147,12,2352.72,1392.97,128.16,83.35,1,-1,-1,-1
148,2,1709.89,1168.53,228.47,131.43,1,-1,-1,-1
148,3,2356.57,1330.87,75.53,46.42,1,-1,-1,-1
148,4,2478.53,1364.35,76.91,60.58,1,-1,-1,-1
148,12,2367.93,1396.00,128.14,83.36,1,-1,-1,-1
149,2,1709.62,1168.51,229.00,131.46,1,-1,-1,-1
149,3,2356.19,1330.70,80.77,49.36,1,-1,-1,-1
149,4,2477.95,1364.00,77.54,61.19,1,-1,-1,-1
149,12,2387.22,1399.69,125.51,81.67,1,-1,-1,-1
150,2,1709.98,1167.46,229.27,131.83,1,-1,-1,-1
150,3,2355.04,1330.63,83.96,51.00,1,-1,-1,-1
150,4,2477.62,1363.99,77.96,61.43,1,-1,-1,-1
150,12,2401.16,1400.90,125.33,81.61,1,-1,-1,-1
151,2,1711.41,1167.07,228.69,131.81,1,-1,-1,-1
151,3,2353.89,1330.87,85.36,51.18,1,-1,-1,-1
151,4,2476.82,1363.27,79.79,63.01,1,-1,-1,-1
151,12,2414.89,1401.76,125.37,81.75,1,-1,-1,-1
152,2,1711.86,1166.87,228.40,131.93,1,-1,-1,-1
152,3,2353.13,1331.05,86.18,51.12,1,-1,-1,-1
152,4,2477.89,1362.29,78.35,61.81,1,-1,-1,-1
152,12,2433.56,1404.16,118.59,77.44,1,-1,-1,-1
153,2,1712.14,1166.83,227.98,131.95,1,-1,-1,-1
153,3,2352.82,1331.05,86.31,50.76,1,-1,-1,-1
153,4,2477.93,1362.17,78.36,61.82,1,-1,-1,-1
153,12,2454.09,1407.57,114.92,75.04,1,-1,-1,-1
154,2,1712.26,1166.82,227.62,131.97,1,-1,-1,-1
154,3,2352.31,1331.04,86.56,50.58,1,-1,-1,-1
154,18,2437.82,1371.75,135.92,106.38,1,-1,-1,-1
155,2,1712.45,1166.85,227.23,131.93,1,-1,-1,-1
155,3,2352.23,1331.07,86.54,50.29,1,-1,-1,-1
155,4,2479.35,1363.10,71.57,55.93,1,-1,-1,-1
155,18,2450.97,1367.06,124.38,98.47,1,-1,-1,-1
155,20,-222.17,1416.68,1455.18,476.26,1,-1,-1,-1
156,2,1712.64,1166.88,226.87,131.90,1,-1,-1,-1
156,3,2351.96,1331.09,86.75,50.18,1,-1,-1,-1
156,4,2479.32,1362.02,71.96,56.05,1,-1,-1,-1
156,18,2460.03,1376.59,115.98,93.23,1,-1,-1,-1
156,20,-297.74,1408.99,1456.15,484.67,1,-1,-1,-1
157,2,1712.91,1166.85,226.33,131.70,1,-1,-1,-1
157,3,2351.72,1331.39,86.83,49.89,1,-1,-1,-1
157,4,2480.50,1362.93,70.63,54.54,1,-1,-1,-1
157,18,2464.98,1378.88,113.62,91.33,1,-1,-1,-1
157,20,-388.70,1404.52,1440.62,492.69,1,-1,-1,-1
157,21,2493.99,1416.55,68.28,64.68,1,-1,-1,-1
158,2,1713.03,1166.84,226.10,131.68,1,-1,-1,-1
158,3,2351.52,1331.51,87.06,49.72,1,-1,-1,-1
158,4,2479.25,1362.68,71.97,55.54,1,-1,-1,-1
158,20,-468.07,1407.21,1397.79,496.56,1,-1,-1,-1
158,21,2499.97,1413.00,68.24,65.35,1,-1,-1,-1
159,2,1713.38,1166.83,225.84,131.65,1,-1,-1,-1
159,3,2351.36,1331.69,87.30,49.60,1,-1,-1,-1
159,4,2479.83,1363.25,72.23,55.38,1,-1,-1,-1
159,20,-447.83,1478.25,1154.91,430.32,1,-1,-1,-1
159,21,2507.25,1411.74,65.57,64.03,1,-1,-1,-1
160,2,1713.56,1166.82,225.65,131.65,1,-1,-1,-1
160,3,2351.00,1331.59,88.11,49.84,1,-1,-1,-1
160,4,2478.64,1363.54,75.43,57.74,1,-1,-1,-1
160,20,-518.54,1482.73,1148.61,427.98,1,-1,-1,-1
160,21,2521.41,1426.77,47.63,47.33,1,-1,-1,-1
161,2,1712.02,1166.78,226.53,132.12,1,-1,-1,-1
161,3,2351.46,1330.84,89.38,50.65,1,-1,-1,-1
161,4,2477.67,1364.49,76.59,58.57,1,-1,-1,-1
161,21,2529.55,1430.44,41.93,41.67,1,-1,-1,-1
162,2,1711.58,1166.58,226.98,132.40,1,-1,-1,-1
162,3,2351.56,1330.46,90.20,51.27,1,-1,-1,-1
162,4,2476.49,1363.74,77.75,59.66,1,-1,-1,-1
163,2,1711.37,1166.52,227.14,132.50,1,-1,-1,-1
163,3,2351.73,1330.37,90.11,51.35,1,-1,-1,-1
163,4,2476.15,1363.53,77.94,59.98,1,-1,-1,-1
164,2,1711.29,1166.51,227.12,132.49,1,-1,-1,-1
164,3,2351.89,1330.32,89.95,51.38,1,-1,-1,-1
164,4,2476.00,1363.34,78.20,60.38,1,-1,-1,-1
165,2,1711.24,1166.54,227.06,132.44,1,-1,-1,-1
165,3,2351.94,1330.34,89.82,51.37,1,-1,-1,-1
165,4,2476.06,1363.80,79.24,61.22,1,-1,-1,-1
166,2,1711.34,1166.57,226.85,132.28,1,-1,-1,-1
166,3,2352.04,1330.39,89.52,51.25,1,-1,-1,-1
166,4,2475.78,1364.03,80.16,61.99,1,-1,-1,-1
167,2,1711.41,1166.64,226.72,132.18,1,-1,-1,-1
167,3,2352.11,1330.40,89.42,51.24,1,-1,-1,-1
167,4,2475.35,1364.03,81.20,63.02,1,-1,-1,-1
168,2,1711.43,1166.65,226.72,132.15,1,-1,-1,-1
168,3,2352.16,1330.39,89.30,51.22,1,-1,-1,-1
168,4,2474.27,1364.21,84.01,65.71,1,-1,-1,-1
169,2,1711.49,1166.79,226.66,132.05,1,-1,-1,-1
169,3,2352.28,1330.41,89.15,51.16,1,-1,-1,-1
169,4,2473.29,1364.18,86.52,68.27,1,-1,-1,-1
170,2,1711.48,1166.85,226.69,132.00,1,-1,-1,-1
170,3,2352.29,1330.39,89.17,51.22,1,-1,-1,-1
170,4,2472.68,1364.31,88.32,70.54,1,-1,-1,-1
171,2,1711.94,1166.95,226.53,131.95,1,-1,-1,-1
171,3,2352.47,1330.69,89.43,51.32,1,-1,-1,-1
171,4,2473.74,1363.12,87.21,70.50,1,-1,-1,-1
172,2,1712.21,1167.02,226.32,131.85,1,-1,-1,-1
172,3,2352.40,1330.77,89.77,51.46,1,-1,-1,-1
172,4,2473.96,1364.28,88.67,72.88,1,-1,-1,-1
173,2,1712.32,1167.05,226.10,131.74,1,-1,-1,-1
173,3,2352.30,1330.70,89.93,51.52,1,-1,-1,-1
173,4,2477.05,1366.03,88.65,74.64,1,-1,-1,-1
174,2,1712.36,1167.07,225.99,131.67,1,-1,-1,-1
174,3,2352.26,1330.64,90.15,51.59,1,-1,-1,-1
174,4,2477.08,1365.08,90.79,78.44,1,-1,-1,-1
175,2,1712.32,1167.09,225.96,131.65,1,-1,-1,-1
175,3,2352.43,1330.50,89.98,51.40,1,-1,-1,-1
175,4,2472.71,1364.23,91.83,80.36,1,-1,-1,-1
176,2,1712.39,1167.09,225.97,131.66,1,-1,-1,-1
176,3,2351.64,1330.52,91.48,52.23,1,-1,-1,-1
176,4,2467.83,1364.29,91.32,79.59,1,-1,-1,-1
177,2,1712.40,1167.06,226.01,131.68,1,-1,-1,-1
177,3,2351.59,1330.35,91.30,52.06,1,-1,-1,-1
177,4,2462.05,1364.66,92.13,79.19,1,-1,-1,-1
178,2,1712.40,1167.09,225.96,131.65,1,-1,-1,-1
178,3,2351.22,1330.09,90.81,51.75,1,-1,-1,-1
178,4,2455.97,1365.51,91.16,76.83,1,-1,-1,-1
179,2,1712.38,1167.11,225.97,131.64,1,-1,-1,-1
179,3,2350.80,1329.55,89.75,51.08,1,-1,-1,-1
179,4,2448.62,1366.09,90.31,73.98,1,-1,-1,-1
180,2,1712.32,1167.12,225.98,131.63,1,-1,-1,-1
180,3,2351.55,1328.69,87.07,49.37,1,-1,-1,-1
180,4,2439.07,1364.58,93.51,73.86,1,-1,-1,-1
181,2,1712.23,1167.36,225.71,131.36,1,-1,-1,-1
181,3,2353.56,1328.58,61.11,35.16,1,-1,-1,-1
181,4,2420.09,1361.52,99.76,77.23,1,-1,-1,-1
181,25,2510.15,1369.79,49.51,56.23,1,-1,-1,-1
182,2,1712.18,1167.45,225.70,131.26,1,-1,-1,-1
182,3,2356.44,1324.98,65.17,38.12,1,-1,-1,-1
182,4,2408.95,1360.03,103.65,77.52,1,-1,-1,-1
182,25,2506.60,1370.36,50.12,56.74,1,-1,-1,-1
183,2,1712.10,1167.51,225.76,131.21,1,-1,-1,-1
183,3,2356.93,1324.27,63.32,37.04,1,-1,-1,-1
183,4,2393.11,1354.76,110.01,81.69,1,-1,-1,-1
183,25,2500.64,1368.07,52.02,58.53,1,-1,-1,-1
184,2,1712.02,1167.51,225.91,131.22,1,-1,-1,-1
184,4,2376.00,1350.76,113.99,84.76,1,-1,-1,-1
184,25,2492.75,1366.04,55.77,61.70,1,-1,-1,-1
185,2,1712.00,1167.51,226.11,131.28,1,-1,-1,-1
185,4,2362.33,1346.69,115.56,85.46,1,-1,-1,-1
185,25,2484.51,1365.17,58.27,62.64,1,-1,-1,-1
186,2,1711.92,1167.52,226.14,131.22,1,-1,-1,-1
186,4,2347.89,1343.21,118.49,86.68,1,-1,-1,-1
186,18,2470.86,1361.85,81.20,64.51,1,-1,-1,-1
186,25,2479.21,1364.76,60.58,65.12,1,-1,-1,-1
187,2,1711.84,1167.53,226.23,131.21,1,-1,-1,-1
187,4,2330.45,1337.30,121.82,89.14,1,-1,-1,-1
187,18,2474.77,1362.02,79.53,63.00,1,-1,-1,-1
188,2,1711.72,1167.53,226.34,131.20,1,-1,-1,-1
188,4,2317.26,1334.67,121.61,88.30,1,-1,-1,-1
188,18,2476.85,1362.23,78.94,62.49,1,-1,-1,-1
189,2,1711.69,1167.52,226.44,131.21,1,-1,-1,-1
189,4,2304.53,1332.23,123.36,87.94,1,-1,-1,-1
189,18,2477.72,1362.48,78.52,62.08,1,-1,-1,-1
190,2,1711.68,1167.50,226.51,131.22,1,-1,-1,-1
190,4,2288.10,1330.14,126.76,89.79,1,-1,-1,-1
190,18,2477.73,1362.39,78.84,62.29,1,-1,-1,-1
191,2,1711.67,1167.48,226.60,131.24,1,-1,-1,-1
191,4,2270.02,1327.81,126.59,88.95,1,-1,-1,-1
191,18,2477.67,1362.30,79.15,62.55,1,-1,-1,-1
192,2,1711.60,1167.49,226.66,131.24,1,-1,-1,-1
192,4,2252.14,1323.67,129.18,90.49,1,-1,-1,-1
192,18,2477.48,1362.19,79.46,62.81,1,-1,-1,-1
193,2,1711.54,1167.48,226.60,131.14,1,-1,-1,-1
193,4,2238.82,1318.43,131.98,92.53,1,-1,-1,-1
193,18,2477.32,1361.93,79.76,63.07,1,-1,-1,-1
194,2,1711.54,1167.47,226.60,131.09,1,-1,-1,-1
194,4,2229.98,1316.49,126.11,88.76,1,-1,-1,-1
194,18,2477.15,1361.78,79.97,63.27,1,-1,-1,-1
194,28,2364.80,1329.61,68.42,56.52,1,-1,-1,-1
195,2,1711.47,1167.44,226.67,131.09,1,-1,-1,-1
195,3,2351.06,1330.46,90.12,52.83,1,-1,-1,-1
195,4,2206.64,1315.29,131.12,92.01,1,-1,-1,-1
195,18,2476.91,1361.60,80.18,63.49,1,-1,-1,-1
195,28,2365.77,1330.37,71.64,59.18,1,-1,-1,-1
196,2,1711.39,1167.43,226.66,131.06,1,-1,-1,-1
196,3,2352.08,1330.57,90.31,53.74,1,-1,-1,-1
196,4,2181.16,1311.12,135.26,92.65,1,-1,-1,-1
196,18,2476.72,1361.45,80.36,63.67,1,-1,-1,-1
197,2,1711.21,1167.43,226.71,131.05,1,-1,-1,-1
197,3,2353.17,1330.52,89.18,53.58,1,-1,-1,-1
197,4,2159.54,1305.78,140.96,95.13,1,-1,-1,-1
197,18,2476.63,1361.32,80.50,63.82,1,-1,-1,-1
198,2,1710.94,1167.30,226.86,131.12,1,-1,-1,-1
198,3,2353.08,1330.14,89.02,53.84,1,-1,-1,-1
198,4,2139.18,1298.14,136.01,90.21,1,-1,-1,-1
198,18,2476.42,1361.08,80.93,64.23,1,-1,-1,-1
199,2,1710.89,1167.27,227.05,131.25,1,-1,-1,-1
199,3,2353.14,1330.12,88.57,53.78,1,-1,-1,-1
199,4,2105.32,1289.08,144.40,96.74,1,-1,-1,-1
199,18,2476.35,1361.03,81.03,64.35,1,-1,-1,-1
200,2,1710.91,1167.21,227.21,131.39,1,-1,-1,-1
200,3,2353.53,1330.14,87.94,53.59,1,-1,-1,-1
200,4,2077.95,1283.03,155.55,104.51,1,-1,-1,-1
200,18,2476.33,1361.03,81.03,64.40,1,-1,-1,-1
201,2,1710.17,1168.31,227.91,131.54,1,-1,-1,-1
201,3,2353.18,1330.24,87.64,53.16,1,-1,-1,-1
201,4,2057.80,1277.21,161.21,108.28,1,-1,-1,-1
201,18,2476.38,1361.77,80.06,63.61,1,-1,-1,-1
202,2,1711.81,1170.34,226.71,131.28,1,-1,-1,-1
202,3,2352.94,1330.32,87.64,52.92,1,-1,-1,-1
202,4,2033.35,1268.26,171.22,114.51,1,-1,-1,-1
202,18,2476.32,1361.99,79.84,63.44,1,-1,-1,-1
203,2,1712.50,1170.89,226.27,131.45,1,-1,-1,-1
203,3,2352.79,1330.41,87.66,52.69,1,-1,-1,-1
203,4,2007.84,1261.34,182.22,121.06,1,-1,-1,-1
203,18,2476.29,1362.07,79.75,63.37,1,-1,-1,-1
204,2,1714.60,1171.45,220.67,127.83,1,-1,-1,-1
204,3,2352.72,1330.51,87.73,52.50,1,-1,-1,-1
204,4,1978.87,1255.31,188.75,124.62,1,-1,-1,-1
204,18,2476.26,1362.08,79.78,63.39,1,-1,-1,-1
205,2,1712.46,1169.47,223.78,129.04,1,-1,-1,-1
205,3,2352.79,1330.56,87.74,52.27,1,-1,-1,-1
205,4,1949.73,1248.92,190.51,125.41,1,-1,-1,-1
205,18,2476.26,1362.34,79.52,63.14,1,-1,-1,-1
206,2,1717.50,1172.31,214.43,123.29,1,-1,-1,-1
206,3,2352.79,1330.63,87.81,52.09,1,-1,-1,-1
206,4,1922.07,1243.46,194.10,127.45,1,-1,-1,-1
206,18,2476.22,1362.43,79.48,63.06,1,-1,-1,-1
207,2,1716.87,1170.49,215.67,122.48,1,-1,-1,-1
207,3,2352.72,1330.68,87.96,51.98,1,-1,-1,-1
207,4,1891.38,1236.56,200.29,131.39,1,-1,-1,-1
207,18,2476.19,1362.48,79.48,63.01,1,-1,-1,-1
208,2,1706.86,1173.58,201.37,115.69,1,-1,-1,-1
208,3,2352.55,1330.62,88.26,52.01,1,-1,-1,-1
208,4,1863.85,1232.74,200.63,130.80,1,-1,-1,-1
208,18,2476.11,1362.44,79.61,63.07,1,-1,-1,-1
209,2,1706.84,1175.12,184.22,106.97,1,-1,-1,-1
209,3,2352.35,1330.66,88.54,52.01,1,-1,-1,-1
209,4,1828.83,1223.05,206.44,133.76,1,-1,-1,-1
209,18,2476.08,1362.44,79.65,63.07,1,-1,-1,-1
210,2,1706.25,1173.99,175.56,102.59,1,-1,-1,-1
210,3,2352.16,1330.67,88.82,52.04,1,-1,-1,-1
210,4,1797.58,1217.10,207.17,132.97,1,-1,-1,-1
210,18,2476.06,1362.44,79.70,63.08,1,-1,-1,-1
211,2,1714.25,1176.03,155.26,89.99,1,-1,-1,-1
211,3,2352.01,1330.67,89.05,52.05,1,-1,-1,-1
211,4,1758.33,1212.63,212.08,134.78,1,-1,-1,-1
211,18,2476.06,1362.42,79.73,63.07,1,-1,-1,-1
212,2,1714.77,1176.65,148.22,85.92,1,-1,-1,-1
212,3,2351.89,1330.68,89.23,52.03,1,-1,-1,-1
212,4,1700.88,1185.19,251.96,161.35,1,-1,-1,-1
212,18,2476.01,1362.34,79.84,63.15,1,-1,-1,-1
213,3,2351.79,1330.69,89.38,52.01,1,-1,-1,-1
213,4,1660.03,1171.24,269.55,171.33,1,-1,-1,-1
213,18,2475.95,1362.24,79.99,63.27,1,-1,-1,-1
214,3,2351.70,1330.69,89.53,52.00,1,-1,-1,-1
214,4,1634.71,1171.23,268.05,167.40,1,-1,-1,-1
214,18,2475.93,1362.21,80.04,63.30,1,-1,-1,-1
215,3,2351.69,1330.63,89.74,52.07,1,-1,-1,-1
215,4,1601.05,1170.24,269.61,164.77,1,-1,-1,-1
215,18,2476.07,1362.27,79.95,63.24,1,-1,-1,-1
216,3,2351.62,1330.62,89.86,52.07,1,-1,-1,-1
216,4,1570.82,1161.72,288.42,169.30,1,-1,-1,-1
216,18,2476.06,1362.22,80.01,63.31,1,-1,-1,-1
217,3,2351.49,1330.67,89.97,52.04,1,-1,-1,-1
217,4,1500.21,1154.97,293.32,172.44,1,-1,-1,-1
217,18,2476.03,1362.20,80.06,63.37,1,-1,-1,-1
218,3,2351.38,1330.68,90.11,52.04,1,-1,-1,-1
218,4,1435.61,1142.07,305.47,180.19,1,-1,-1,-1
218,18,2476.05,1362.25,80.00,63.34,1,-1,-1,-1
219,3,2351.32,1330.69,90.22,52.02,1,-1,-1,-1
219,4,1381.67,1134.44,317.40,187.68,1,-1,-1,-1
219,18,2476.10,1362.34,79.87,63.24,1,-1,-1,-1
219,30,1731.10,1169.27,195.44,129.47,1,-1,-1,-1
220,3,2351.25,1330.68,90.34,52.02,1,-1,-1,-1
220,4,1324.07,1126.77,326.97,192.21,1,-1,-1,-1
220,18,2476.12,1362.37,79.80,63.18,1,-1,-1,-1
220,30,1726.92,1169.16,197.47,129.98,1,-1,-1,-1
221,3,2351.64,1330.37,89.81,51.82,1,-1,-1,-1
221,4,1264.73,1122.16,338.52,198.12,1,-1,-1,-1
221,18,2476.49,1362.77,79.09,62.58,1,-1,-1,-1
221,30,1724.56,1168.51,200.29,130.88,1,-1,-1,-1
222,3,2351.85,1330.29,89.46,51.72,1,-1,-1,-1
222,4,1193.85,1111.12,357.30,208.80,1,-1,-1,-1
222,18,2476.58,1362.83,78.95,62.44,1,-1,-1,-1
222,30,1721.34,1168.66,202.54,131.42,1,-1,-1,-1
223,3,2351.97,1330.24,89.24,51.67,1,-1,-1,-1
223,4,1123.09,1101.01,376.98,218.78,1,-1,-1,-1
223,18,2476.60,1362.88,78.89,62.36,1,-1,-1,-1
223,30,1721.49,1168.39,204.36,131.45,1,-1,-1,-1
224,3,2352.04,1330.26,89.04,51.63,1,-1,-1,-1
224,4,1042.51,1089.65,403.80,233.41,1,-1,-1,-1
224,18,2476.62,1362.89,78.90,62.34,1,-1,-1,-1
224,30,1721.07,1168.28,206.26,131.52,1,-1,-1,-1
225,3,2352.09,1330.26,88.90,51.61,1,-1,-1,-1
225,4,958.23,1080.15,428.14,245.51,1,-1,-1,-1
225,18,2476.57,1362.99,78.80,62.21,1,-1,-1,-1
225,30,1720.38,1168.21,208.16,131.57,1,-1,-1,-1
226,3,2352.14,1330.26,88.80,51.61,1,-1,-1,-1
226,4,858.63,1066.73,465.30,265.10,1,-1,-1,-1
226,18,2476.57,1363.00,78.84,62.21,1,-1,-1,-1
226,30,1720.32,1167.90,208.78,131.07,1,-1,-1,-1
227,3,2352.19,1330.25,88.70,51.60,1,-1,-1,-1
227,4,748.57,1053.63,508.80,288.30,1,-1,-1,-1
227,18,2476.54,1363.00,78.88,62.21,1,-1,-1,-1
227,30,1719.98,1167.79,209.81,130.85,1,-1,-1,-1
228,3,2352.17,1330.23,88.68,51.64,1,-1,-1,-1
228,4,632.25,1044.15,543.82,304.50,1,-1,-1,-1
228,18,2476.53,1363.01,78.91,62.20,1,-1,-1,-1
228,30,1719.43,1167.64,211.20,130.91,1,-1,-1,-1
229,3,2352.07,1330.16,88.99,51.94,1,-1,-1,-1
229,4,488.00,1035.68,587.89,325.21,1,-1,-1,-1
229,18,2476.76,1363.20,78.65,61.95,1,-1,-1,-1
229,30,1718.38,1167.94,213.65,131.44,1,-1,-1,-1
230,3,2352.08,1330.14,89.02,52.06,1,-1,-1,-1
230,4,322.50,1023.26,643.61,350.05,1,-1,-1,-1
230,18,2476.83,1363.27,78.58,61.86,1,-1,-1,-1
230,30,1717.56,1168.05,215.50,131.64,1,-1,-1,-1
231,3,2353.35,1330.55,88.05,51.47,1,-1,-1,-1
231,4,131.44,1002.88,725.84,387.84,1,-1,-1,-1
231,18,2476.52,1362.27,79.72,62.87,1,-1,-1,-1
231,30,1716.14,1167.18,217.31,132.25,1,-1,-1,-1
232,3,2353.74,1330.73,87.73,51.23,1,-1,-1,-1
232,4,-4.30,977.14,793.25,428.18,1,-1,-1,-1
232,18,2477.00,1361.68,78.54,62.01,1,-1,-1,-1
232,30,1715.41,1166.81,218.52,132.54,1,-1,-1,-1
233,3,2353.87,1330.79,87.64,51.14,1,-1,-1,-1
233,4,-98.92,952.72,815.75,453.58,1,-1,-1,-1
233,18,2477.18,1361.39,78.02,61.66,1,-1,-1,-1
233,30,1715.02,1166.63,219.38,132.67,1,-1,-1,-1
234,3,2353.91,1330.82,87.64,51.10,1,-1,-1,-1
234,4,-168.12,952.86,784.51,457.74,1,-1,-1,-1
234,18,2477.29,1361.44,77.73,61.48,1,-1,-1,-1
234,30,1714.65,1166.55,220.04,132.69,1,-1,-1,-1
235,3,2353.95,1330.82,87.63,51.06,1,-1,-1,-1
235,4,-247.40,953.65,720.63,453.38,1,-1,-1,-1
235,18,2477.35,1361.48,77.58,61.41,1,-1,-1,-1
235,30,1714.37,1166.59,220.55,132.64,1,-1,-1,-1
236,3,2353.94,1330.81,87.69,51.06,1,-1,-1,-1
236,4,-334.91,943.32,742.11,466.89,1,-1,-1,-1
236,18,2477.40,1361.50,77.47,61.37,1,-1,-1,-1
236,30,1714.06,1166.56,221.18,132.71,1,-1,-1,-1
237,3,2353.91,1330.81,87.73,51.05,1,-1,-1,-1
237,18,2477.46,1361.45,77.52,61.45,1,-1,-1,-1
237,30,1713.79,1166.54,221.71,132.74,1,-1,-1,-1
238,3,2353.88,1330.84,87.78,51.04,1,-1,-1,-1
238,18,2477.52,1361.45,77.50,61.46,1,-1,-1,-1
238,30,1713.56,1166.55,222.15,132.74,1,-1,-1,-1
239,3,2353.87,1330.86,87.83,51.03,1,-1,-1,-1
239,18,2477.55,1361.47,77.47,61.45,1,-1,-1,-1
239,30,1713.37,1166.57,222.52,132.73,1,-1,-1,-1
240,3,2353.87,1330.87,87.87,51.02,1,-1,-1,-1
240,18,2477.61,1361.49,77.40,61.41,1,-1,-1,-1
240,30,1713.15,1166.61,222.82,132.68,1,-1,-1,-1
241,3,2353.80,1330.78,87.84,50.99,1,-1,-1,-1
241,18,2476.98,1361.76,78.94,62.70,1,-1,-1,-1
241,30,1711.79,1167.37,223.83,132.58,1,-1,-1,-1
242,3,2353.78,1330.74,87.84,50.98,1,-1,-1,-1
242,18,2476.77,1361.86,79.47,63.19,1,-1,-1,-1
242,30,1710.98,1167.69,224.80,132.51,1,-1,-1,-1
243,3,2353.77,1330.74,87.80,50.94,1,-1,-1,-1
243,18,2476.68,1361.91,79.61,63.36,1,-1,-1,-1
243,30,1710.42,1167.81,225.72,132.48,1,-1,-1,-1
244,3,2353.74,1330.73,87.81,50.93,1,-1,-1,-1
244,18,2477.15,1361.65,78.20,62.27,1,-1,-1,-1
244,30,1709.92,1167.85,226.64,132.50,1,-1,-1,-1
245,3,2353.74,1330.71,87.83,50.94,1,-1,-1,-1
245,18,2476.89,1361.92,78.98,62.92,1,-1,-1,-1
245,30,1709.54,1167.86,227.45,132.51,1,-1,-1,-1
246,3,2353.74,1330.67,87.92,51.01,1,-1,-1,-1
246,18,2476.83,1362.07,79.21,63.12,1,-1,-1,-1
246,30,1709.18,1167.87,228.17,132.51,1,-1,-1,-1
247,3,2353.74,1330.65,87.95,51.04,1,-1,-1,-1
247,18,2476.82,1362.14,79.27,63.19,1,-1,-1,-1
247,30,1708.90,1167.88,228.80,132.50,1,-1,-1,-1
248,3,2353.72,1330.63,87.99,51.07,1,-1,-1,-1
248,18,2476.82,1362.16,79.27,63.20,1,-1,-1,-1
248,30,1708.56,1167.87,229.41,132.50,1,-1,-1,-1
249,3,2353.70,1330.61,88.01,51.10,1,-1,-1,-1
249,18,2476.82,1362.20,79.25,63.20,1,-1,-1,-1
249,30,1708.47,1167.90,229.82,132.43,1,-1,-1,-1
250,3,2353.70,1330.60,88.00,51.11,1,-1,-1,-1
250,18,2476.84,1362.17,79.25,63.22,1,-1,-1,-1
250,30,1708.28,1167.90,230.29,132.42,1,-1,-1,-1
251,3,2353.71,1330.60,87.95,51.10,1,-1,-1,-1
251,18,2476.83,1362.17,79.22,63.22,1,-1,-1,-1
251,30,1708.12,1167.90,230.69,132.40,1,-1,-1,-1
252,3,2353.74,1330.60,87.89,51.08,1,-1,-1,-1
252,18,2476.77,1362.12,79.34,63.33,1,-1,-1,-1
252,30,1707.90,1167.89,231.11,132.42,1,-1,-1,-1
253,3,2353.75,1330.61,87.87,51.08,1,-1,-1,-1
253,18,2477.20,1361.65,78.47,62.70,1,-1,-1,-1
253,30,1707.69,1167.90,231.50,132.45,1,-1,-1,-1
254,3,2353.82,1330.62,87.69,50.99,1,-1,-1,-1
254,18,2476.55,1361.67,80.04,64.07,1,-1,-1,-1
254,30,1707.54,1167.91,231.84,132.47,1,-1,-1,-1
255,3,2353.87,1330.61,87.59,50.95,1,-1,-1,-1
255,18,2476.01,1361.70,81.19,65.23,1,-1,-1,-1
255,30,1707.41,1167.91,232.10,132.47,1,-1,-1,-1
256,3,2353.90,1330.62,87.52,50.93,1,-1,-1,-1
256,18,2475.36,1361.62,82.60,66.77,1,-1,-1,-1
256,30,1707.28,1167.91,232.36,132.47,1,-1,-1,-1
257,3,2353.95,1330.65,87.37,50.85,1,-1,-1,-1
257,18,2474.91,1361.39,83.30,67.90,1,-1,-1,-1
257,30,1707.15,1167.91,232.61,132.49,1,-1,-1,-1
258,3,2353.96,1330.67,87.30,50.80,1,-1,-1,-1
258,18,2474.26,1362.17,85.45,70.20,1,-1,-1,-1
258,30,1707.04,1167.90,232.83,132.50,1,-1,-1,-1
259,3,2353.91,1330.67,87.49,50.92,1,-1,-1,-1
259,18,2473.58,1361.38,88.10,73.28,1,-1,-1,-1
259,30,1707.00,1167.91,232.96,132.48,1,-1,-1,-1
260,3,2353.80,1330.58,87.81,51.13,1,-1,-1,-1
260,18,2472.83,1360.35,90.44,76.23,1,-1,-1,-1
260,30,1706.94,1167.91,233.11,132.47,1,-1,-1,-1
261,3,2353.68,1330.50,88.00,51.27,1,-1,-1,-1
261,18,2472.92,1360.48,91.98,78.85,1,-1,-1,-1
261,30,1706.87,1167.91,233.25,132.47,1,-1,-1,-1
262,3,2353.54,1330.37,88.10,51.39,1,-1,-1,-1
262,18,2473.02,1360.44,92.55,80.78,1,-1,-1,-1
262,30,1706.82,1167.89,233.41,132.49,1,-1,-1,-1
263,3,2353.51,1330.15,88.09,51.47,1,-1,-1,-1
263,18,2471.56,1357.63,94.50,84.27,1,-1,-1,-1
263,30,1706.77,1167.89,233.53,132.49,1,-1,-1,-1
264,3,2353.76,1330.08,87.99,51.39,1,-1,-1,-1
264,18,2471.54,1360.91,91.48,82.13,1,-1,-1,-1
264,30,1706.71,1167.88,233.64,132.50,1,-1,-1,-1
265,3,2353.58,1330.11,88.59,51.70,1,-1,-1,-1
265,18,2465.53,1361.40,92.20,82.67,1,-1,-1,-1
265,30,1706.61,1167.89,233.76,132.50,1,-1,-1,-1
266,3,2353.44,1330.12,88.20,51.42,1,-1,-1,-1
266,18,2461.75,1361.90,93.26,82.83,1,-1,-1,-1
266,30,1706.55,1167.91,233.83,132.47,1,-1,-1,-1
267,3,2353.77,1330.00,86.89,50.56,1,-1,-1,-1
267,18,2458.22,1367.07,89.84,78.03,1,-1,-1,-1
267,30,1706.50,1167.92,233.89,132.43,1,-1,-1,-1
268,3,2353.51,1329.60,86.61,50.36,1,-1,-1,-1
268,18,2449.48,1370.63,86.81,72.60,1,-1,-1,-1
268,30,1706.45,1167.96,233.94,132.39,1,-1,-1,-1
269,3,2354.38,1329.37,85.58,49.56,1,-1,-1,-1
269,18,2437.27,1372.59,86.67,69.42,1,-1,-1,-1
269,30,1706.37,1167.97,234.04,132.39,1,-1,-1,-1
270,3,2354.44,1329.29,83.57,48.23,1,-1,-1,-1
270,18,2424.76,1371.14,89.74,69.82,1,-1,-1,-1
270,30,1706.32,1167.96,234.15,132.41,1,-1,-1,-1
270,32,2486.30,1363.85,75.87,58.66,1,-1,-1,-1
271,3,2354.75,1328.65,59.65,35.06,1,-1,-1,-1
271,18,2410.42,1369.66,91.63,69.89,1,-1,-1,-1
271,30,1709.43,1166.73,232.67,132.21,1,-1,-1,-1
271,32,2485.23,1365.56,76.56,59.63,1,-1,-1,-1
272,3,2354.77,1327.72,50.40,30.31,1,-1,-1,-1
272,18,2395.43,1363.75,98.27,74.12,1,-1,-1,-1
272,30,1710.68,1166.27,231.58,132.14,1,-1,-1,-1
272,32,2484.57,1365.50,78.43,61.64,1,-1,-1,-1
273,3,2351.32,1323.30,53.87,33.43,1,-1,-1,-1
273,18,2379.76,1359.04,104.68,78.27,1,-1,-1,-1
273,30,1711.47,1166.10,230.69,132.14,1,-1,-1,-1
273,32,2482.22,1365.70,77.25,61.00,1,-1,-1,-1
274,3,2350.40,1322.23,51.87,32.19,1,-1,-1,-1
274,18,2369.89,1357.51,104.48,77.25,1,-1,-1,-1
274,30,1711.92,1166.02,229.89,132.14,1,-1,-1,-1
274,32,2477.71,1366.55,76.60,60.35,1,-1,-1,-1
275,18,2358.07,1354.84,106.88,77.80,1,-1,-1,-1
275,30,1712.38,1166.01,229.15,132.14,1,-1,-1,-1
275,32,2474.23,1365.05,79.09,62.29,1,-1,-1,-1
276,18,2340.36,1351.41,108.45,77.84,1,-1,-1,-1
276,30,1712.70,1166.01,228.50,132.15,1,-1,-1,-1
276,32,2473.52,1361.74,82.28,64.92,1,-1,-1,-1
277,18,2327.11,1347.54,110.41,78.16,1,-1,-1,-1
277,30,1713.11,1166.25,227.74,132.02,1,-1,-1,-1
277,32,2474.76,1361.57,81.64,64.50,1,-1,-1,-1
278,18,2309.03,1342.34,116.55,81.31,1,-1,-1,-1
278,30,1713.39,1166.28,227.25,132.04,1,-1,-1,-1
278,32,2475.32,1361.20,81.78,64.74,1,-1,-1,-1
279,18,2292.77,1339.21,119.49,82.50,1,-1,-1,-1
279,30,1713.62,1166.32,226.81,132.04,1,-1,-1,-1
279,32,2475.69,1361.23,81.52,64.65,1,-1,-1,-1
280,18,2275.51,1338.27,119.91,81.62,1,-1,-1,-1
280,30,1713.80,1166.33,226.41,132.05,1,-1,-1,-1
280,32,2475.84,1361.21,81.63,64.87,1,-1,-1,-1
281,18,2259.51,1335.16,122.78,82.74,1,-1,-1,-1
281,30,1713.95,1166.33,226.07,132.07,1,-1,-1,-1
281,32,2476.02,1360.98,81.82,65.21,1,-1,-1,-1
282,18,2242.74,1332.79,123.43,82.29,1,-1,-1,-1
282,30,1714.04,1166.31,225.75,132.08,1,-1,-1,-1
282,32,2475.92,1360.69,81.95,65.51,1,-1,-1,-1
283,18,2233.70,1331.46,119.17,79.04,1,-1,-1,-1
283,30,1714.17,1166.29,225.49,132.11,1,-1,-1,-1
283,32,2475.76,1360.53,81.86,65.61,1,-1,-1,-1
284,18,2214.56,1328.01,122.04,80.18,1,-1,-1,-1
284,30,1714.30,1166.26,225.22,132.13,1,-1,-1,-1
284,32,2475.65,1360.45,81.66,65.59,1,-1,-1,-1
284,35,2359.59,1331.45,74.68,50.95,1,-1,-1,-1
285,18,2185.66,1324.35,127.94,82.15,1,-1,-1,-1
285,30,1714.30,1166.24,224.97,132.14,1,-1,-1,-1
285,32,2475.60,1360.36,81.49,65.58,1,-1,-1,-1
285,35,2359.05,1331.59,76.62,52.01,1,-1,-1,-1
286,18,2166.73,1321.48,128.78,80.87,1,-1,-1,-1
286,30,1714.15,1166.28,224.79,132.16,1,-1,-1,-1
286,32,2475.65,1360.24,81.40,65.63,1,-1,-1,-1
286,35,2357.66,1331.52,77.64,52.32,1,-1,-1,-1
287,18,2143.16,1312.02,136.85,84.61,1,-1,-1,-1
287,30,1714.01,1166.41,224.52,132.06,1,-1,-1,-1
287,32,2475.64,1360.10,81.38,65.73,1,-1,-1,-1
287,35,2357.34,1331.12,78.48,52.55,1,-1,-1,-1
288,18,2120.96,1302.64,143.95,87.57,1,-1,-1,-1
288,30,1714.00,1166.38,224.53,132.17,1,-1,-1,-1
288,32,2475.70,1360.15,81.15,65.63,1,-1,-1,-1
288,35,2356.78,1330.83,79.60,52.89,1,-1,-1,-1
289,18,2087.94,1296.48,147.12,89.59,1,-1,-1,-1
289,30,1713.79,1166.66,224.19,131.95,1,-1,-1,-1
289,32,2475.72,1360.09,81.15,65.71,1,-1,-1,-1
289,35,2356.55,1330.61,79.89,52.67,1,-1,-1,-1
290,18,2067.99,1292.79,152.90,92.33,1,-1,-1,-1
290,30,1713.48,1166.79,224.09,131.86,1,-1,-1,-1
290,32,2475.78,1360.06,81.10,65.76,1,-1,-1,-1
290,35,2356.14,1330.47,80.65,52.77,1,-1,-1,-1
291,18,2043.55,1286.70,158.35,95.03,1,-1,-1,-1
291,30,1713.22,1166.99,223.90,131.67,1,-1,-1,-1
291,32,2475.89,1360.18,80.92,65.67,1,-1,-1,-1
291,35,2355.77,1330.57,81.05,52.60,1,-1,-1,-1
292,18,2017.00,1282.34,162.59,96.65,1,-1,-1,-1
292,30,1712.89,1167.18,223.89,131.51,1,-1,-1,-1
292,32,2475.91,1360.21,81.26,66.02,1,-1,-1,-1
292,35,2355.41,1330.68,81.35,52.34,1,-1,-1,-1
293,18,1991.87,1277.58,167.89,98.84,1,-1,-1,-1
293,30,1714.57,1169.34,219.40,128.45,1,-1,-1,-1
293,32,2476.41,1361.77,80.23,65.19,1,-1,-1,-1
293,35,2357.30,1331.25,79.67,50.73,1,-1,-1,-1
294,18,1964.86,1270.43,172.75,100.91,1,-1,-1,-1
294,30,1711.71,1169.44,221.71,129.33,1,-1,-1,-1
294,32,2475.67,1362.63,81.86,66.86,1,-1,-1,-1
294,35,2357.79,1331.54,79.47,50.09,1,-1,-1,-1
294,36,157.34,1320.86,435.26,581.91,1,-1,-1,-1
295,18,1932.44,1261.74,182.80,106.09,1,-1,-1,-1
295,30,1710.57,1169.09,222.00,128.68,1,-1,-1,-1
295,32,2474.83,1363.14,83.85,68.93,1,-1,-1,-1
295,35,2357.72,1331.62,79.74,49.78,1,-1,-1,-1
295,36,223.72,1270.02,495.30,639.48,1,-1,-1,-1
296,18,1901.27,1254.70,188.82,108.99,1,-1,-1,-1
296,30,1715.48,1168.64,216.80,124.23,1,-1,-1,-1
296,32,2474.15,1363.12,86.00,71.44,1,-1,-1,-1
296,35,2357.37,1331.63,80.44,49.76,1,-1,-1,-1
296,36,288.65,1246.19,526.64,642.98,1,-1,-1,-1
297,18,1870.98,1248.12,194.67,112.07,1,-1,-1,-1
297,30,1715.46,1171.14,208.55,118.48,1,-1,-1,-1
297,32,2473.67,1362.72,87.75,73.85,1,-1,-1,-1
297,35,2357.05,1331.68,81.17,49.78,1,-1,-1,-1
297,36,411.65,1232.51,525.21,605.89,1,-1,-1,-1
298,18,1847.63,1241.23,196.12,112.88,1,-1,-1,-1
298,30,1715.11,1175.59,202.89,115.16,1,-1,-1,-1
298,32,2478.94,1367.21,84.76,72.88,1,-1,-1,-1
298,35,2356.67,1331.65,81.86,49.80,1,-1,-1,-1
298,36,591.18,1238.52,490.83,534.67,1,-1,-1,-1
299,18,1805.57,1230.64,206.16,118.00,1,-1,-1,-1
299,30,1710.40,1174.72,180.99,103.07,1,-1,-1,-1
299,32,2479.86,1370.25,82.18,71.63,1,-1,-1,-1
299,35,2356.30,1331.58,82.36,49.76,1,-1,-1,-1
299,36,756.03,1237.50,452.90,466.71,1,-1,-1,-1
300,18,1776.37,1225.95,207.09,118.41,1,-1,-1,-1
300,30,1708.27,1174.76,171.61,98.03,1,-1,-1,-1
300,32,2475.24,1368.08,86.35,75.93,1,-1,-1,-1
300,35,2355.84,1331.26,83.25,49.98,1,-1,-1,-1
300,36,899.90,1242.71,420.65,410.70,1,-1,-1,-1
301,18,1710.68,1188.56,262.54,153.11,1,-1,-1,-1
301,30,1707.74,1175.35,165.99,94.82,1,-1,-1,-1
301,32,2467.92,1363.10,93.07,82.60,1,-1,-1,-1
301,35,2355.01,1331.17,84.94,50.53,1,-1,-1,-1
301,36,1022.10,1249.66,397.36,370.67,1,-1,-1,-1
302,18,1672.59,1175.23,275.31,162.51,1,-1,-1,-1
302,32,2463.45,1363.61,91.92,80.72,1,-1,-1,-1
302,35,2354.12,1331.00,85.71,50.58,1,-1,-1,-1
302,36,1122.53,1251.89,380.65,341.41,1,-1,-1,-1
303,18,1647.45,1181.59,257.15,150.16,1,-1,-1,-1
303,32,2459.07,1370.60,84.31,71.68,1,-1,-1,-1
303,35,2351.69,1329.74,87.50,51.75,1,-1,-1,-1
303,36,1217.86,1252.31,363.81,316.18,1,-1,-1,-1
304,18,1614.42,1185.78,245.63,142.88,1,-1,-1,-1
304,32,2448.94,1374.05,80.56,65.92,1,-1,-1,-1
304,35,2350.34,1329.49,88.89,52.38,1,-1,-1,-1
304,36,1298.93,1250.85,348.37,294.22,1,-1,-1,-1
305,18,1571.33,1181.83,247.86,143.13,1,-1,-1,-1
305,32,2433.83,1372.99,84.64,66.74,1,-1,-1,-1
305,35,2349.96,1329.34,89.31,52.63,1,-1,-1,-1
305,36,1368.01,1257.29,328.44,271.99,1,-1,-1,-1
305,41,1716.41,1173.18,235.02,130.10,1,-1,-1,-1
306,18,1527.37,1176.43,252.82,144.40,1,-1,-1,-1
306,32,2414.09,1369.69,88.95,68.94,1,-1,-1,-1
306,36,1419.27,1256.13,323.24,263.52,1,-1,-1,-1
306,41,1714.77,1171.41,239.34,133.36,1,-1,-1,-1
306,42,2486.48,1366.87,74.78,57.73,1,-1,-1,-1
307,18,1491.00,1168.98,247.57,138.56,1,-1,-1,-1
307,32,2397.36,1364.94,93.63,71.51,1,-1,-1,-1
307,36,1486.06,1255.54,294.45,234.60,1,-1,-1,-1
307,41,1715.27,1169.79,234.44,131.16,1,-1,-1,-1
307,42,2484.50,1367.41,74.93,58.13,1,-1,-1,-1
308,18,1447.88,1160.75,250.30,137.21,1,-1,-1,-1
308,32,2381.75,1361.27,95.89,71.93,1,-1,-1,-1
308,36,1548.26,1262.75,272.13,210.89,1,-1,-1,-1
308,41,1707.84,1169.77,238.38,133.79,1,-1,-1,-1
308,42,2480.58,1366.95,76.55,59.45,1,-1,-1,-1
309,18,1397.73,1154.18,269.50,145.81,1,-1,-1,-1
309,32,2368.37,1359.10,97.04,71.14,1,-1,-1,-1
309,36,1603.19,1265.80,257.56,193.79,1,-1,-1,-1
309,41,1705.19,1168.41,240.01,134.97,1,-1,-1,-1
309,42,2477.59,1365.81,78.47,61.03,1,-1,-1,-1
310,18,1337.64,1146.41,290.27,155.11,1,-1,-1,-1
310,32,2348.25,1352.35,102.41,74.27,1,-1,-1,-1
310,36,1657.75,1273.85,239.40,173.85,1,-1,-1,-1
310,41,1708.30,1169.60,231.20,130.13,1,-1,-1,-1
310,42,2476.01,1364.23,79.56,61.90,1,-1,-1,-1
311,18,1278.16,1141.82,306.15,162.08,1,-1,-1,-1
311,32,2329.83,1346.71,106.00,76.11,1,-1,-1,-1
311,36,1701.38,1280.15,231.41,163.30,1,-1,-1,-1
311,41,1709.33,1170.16,228.65,128.83,1,-1,-1,-1
311,42,2476.65,1364.72,78.03,60.71,1,-1,-1,-1
312,18,1215.64,1134.54,328.84,172.37,1,-1,-1,-1
312,32,2313.98,1342.99,110.09,78.15,1,-1,-1,-1
312,36,1736.40,1284.00,239.09,165.47,1,-1,-1,-1
312,41,1706.19,1169.58,230.76,129.79,1,-1,-1,-1
312,42,2475.57,1363.32,79.31,61.94,1,-1,-1,-1
313,18,1145.08,1124.46,352.47,183.00,1,-1,-1,-1
313,32,2294.54,1341.82,108.94,76.75,1,-1,-1,-1
313,36,1767.51,1292.05,243.72,166.86,1,-1,-1,-1
313,41,1713.83,1171.69,222.09,124.83,1,-1,-1,-1
313,42,2475.97,1361.91,79.14,61.95,1,-1,-1,-1
314,18,1072.13,1116.78,371.49,190.95,1,-1,-1,-1
314,32,2276.46,1338.23,110.85,76.77,1,-1,-1,-1
314,35,2352.10,1328.40,81.67,49.27,1,-1,-1,-1
314,36,1797.07,1292.15,256.06,175.16,1,-1,-1,-1
314,41,1715.47,1171.50,220.06,123.76,1,-1,-1,-1
314,42,2476.16,1362.51,79.71,62.51,1,-1,-1,-1
315,18,991.38,1107.91,398.67,202.62,1,-1,-1,-1
315,32,2257.56,1336.16,112.91,77.31,1,-1,-1,-1
315,35,2355.02,1330.77,82.41,49.52,1,-1,-1,-1
315,36,1831.72,1300.17,250.03,170.76,1,-1,-1,-1
315,41,1711.63,1170.06,223.79,125.58,1,-1,-1,-1
315,42,2476.29,1361.66,79.13,62.22,1,-1,-1,-1
316,18,903.13,1098.08,436.28,220.26,1,-1,-1,-1
316,32,2240.83,1331.44,114.21,78.04,1,-1,-1,-1
316,35,2355.00,1331.06,83.74,49.96,1,-1,-1,-1
316,36,1864.23,1304.14,246.76,168.43,1,-1,-1,-1
316,41,1711.85,1170.18,223.31,125.18,1,-1,-1,-1
316,42,2476.15,1361.19,79.10,62.34,1,-1,-1,-1
317,18,811.60,1089.40,468.80,233.82,1,-1,-1,-1
317,32,2225.09,1328.34,115.08,79.34,1,-1,-1,-1
317,35,2354.52,1331.81,84.29,49.99,1,-1,-1,-1
317,36,1896.97,1308.95,240.72,164.22,1,-1,-1,-1
317,41,1707.62,1169.24,229.98,129.14,1,-1,-1,-1
317,42,2476.25,1362.31,79.38,62.60,1,-1,-1,-1
318,18,699.69,1080.89,510.75,251.91,1,-1,-1,-1
318,32,2191.84,1324.81,119.72,80.43,1,-1,-1,-1
318,35,2354.41,1331.94,85.84,50.86,1,-1,-1,-1
318,36,1925.55,1312.30,236.87,161.42,1,-1,-1,-1
318,41,1706.03,1168.93,232.01,130.48,1,-1,-1,-1
318,42,2476.30,1362.71,79.48,62.72,1,-1,-1,-1
319,18,578.53,1070.55,558.80,272.95,1,-1,-1,-1
319,32,2167.59,1319.39,126.77,84.09,1,-1,-1,-1
319,35,2354.79,1331.69,86.27,51.20,1,-1,-1,-1
319,36,1952.68,1312.31,239.67,163.96,1,-1,-1,-1
319,41,1705.48,1168.82,232.26,130.82,1,-1,-1,-1
319,42,2476.32,1362.80,79.57,62.83,1,-1,-1,-1
320,18,451.61,1063.85,597.35,287.31,1,-1,-1,-1
320,32,2144.50,1308.15,137.96,92.17,1,-1,-1,-1
320,35,2354.42,1331.85,86.20,50.99,1,-1,-1,-1
320,36,1982.24,1318.79,225.56,154.99,1,-1,-1,-1
320,41,1705.31,1168.84,232.21,131.02,1,-1,-1,-1
320,42,2476.40,1362.89,79.52,62.81,1,-1,-1,-1
321,18,283.65,1055.33,659.81,311.41,1,-1,-1,-1
321,32,2118.79,1301.84,134.27,91.35,1,-1,-1,-1
321,35,2353.90,1331.45,86.80,51.20,1,-1,-1,-1
321,36,2006.79,1317.00,223.98,155.19,1,-1,-1,-1
321,41,1706.74,1168.31,232.91,131.51,1,-1,-1,-1
321,42,2476.24,1361.79,78.88,62.36,1,-1,-1,-1
322,18,118.20,1043.74,722.46,335.00,1,-1,-1,-1
322,32,2100.91,1297.87,136.42,92.81,1,-1,-1,-1
322,35,2353.85,1331.30,86.99,51.21,1,-1,-1,-1
322,36,2023.29,1302.70,247.48,174.99,1,-1,-1,-1
322,41,1707.40,1168.04,232.96,131.63,1,-1,-1,-1
322,42,2476.39,1362.49,79.20,62.63,1,-1,-1,-1
323,18,3.70,1034.67,773.36,361.37,1,-1,-1,-1
323,35,2353.28,1330.73,87.74,51.61,1,-1,-1,-1
323,36,2064.52,1324.88,212.81,149.89,1,-1,-1,-1
323,41,1706.48,1168.03,234.14,132.35,1,-1,-1,-1
323,42,2476.57,1362.76,78.97,62.47,1,-1,-1,-1
324,18,-79.19,1018.56,784.23,375.55,1,-1,-1,-1
324,35,2353.15,1330.47,88.12,51.84,1,-1,-1,-1
324,36,2090.41,1330.07,206.30,146.03,1,-1,-1,-1
324,41,1706.16,1168.20,234.25,132.44,1,-1,-1,-1
324,42,2476.67,1362.89,78.85,62.39,1,-1,-1,-1
325,18,-148.37,1022.03,761.38,380.81,1,-1,-1,-1
325,35,2353.17,1330.32,88.62,52.19,1,-1,-1,-1
325,36,2120.00,1343.76,176.74,124.15,1,-1,-1,-1
325,41,1706.88,1169.07,232.72,131.76,1,-1,-1,-1
325,42,2476.96,1363.16,78.28,61.95,1,-1,-1,-1
325,47,1994.44,1283.22,180.46,86.89,1,-1,-1,-1
326,18,-182.84,1064.64,633.73,336.96,1,-1,-1,-1
326,35,2352.96,1330.27,88.77,52.30,1,-1,-1,-1
326,36,2143.82,1355.21,176.68,123.84,1,-1,-1,-1
326,41,1707.09,1169.23,232.12,131.54,1,-1,-1,-1
326,42,2477.18,1363.40,77.86,61.61,1,-1,-1,-1
326,47,1957.96,1274.28,199.66,96.65,1,-1,-1,-1
327,18,-262.73,1060.44,648.32,344.71,1,-1,-1,-1
327,35,2352.62,1330.16,88.66,52.21,1,-1,-1,-1
327,36,2166.65,1363.76,173.50,120.76,1,-1,-1,-1
327,41,1709.30,1168.56,230.73,130.32,1,-1,-1,-1
327,42,2477.32,1363.55,77.68,61.48,1,-1,-1,-1
327,47,1918.63,1267.27,210.70,102.60,1,-1,-1,-1
328,35,2352.20,1330.05,88.90,52.32,1,-1,-1,-1
328,36,2200.99,1367.91,161.72,113.14,1,-1,-1,-1
328,41,1717.17,1172.33,217.72,122.54,1,-1,-1,-1
328,42,2477.54,1363.75,77.43,61.29,1,-1,-1,-1
328,47,1888.97,1258.43,217.46,106.84,1,-1,-1,-1
329,35,2352.98,1329.59,88.36,52.06,1,-1,-1,-1
329,36,2215.86,1370.01,160.64,112.15,1,-1,-1,-1
329,41,1721.48,1173.43,209.97,117.40,1,-1,-1,-1
329,42,2477.74,1363.81,77.31,61.23,1,-1,-1,-1
329,47,1850.99,1251.83,223.95,111.05,1,-1,-1,-1
330,35,2352.92,1329.41,88.12,52.00,1,-1,-1,-1
330,36,2226.56,1367.78,163.60,114.40,1,-1,-1,-1
330,41,1714.25,1175.96,203.66,114.56,1,-1,-1,-1
330,42,2477.91,1363.90,77.10,61.07,1,-1,-1,-1
330,47,1818.94,1243.84,226.69,113.90,1,-1,-1,-1
331,35,2352.76,1328.90,89.25,52.91,1,-1,-1,-1
331,36,2244.72,1371.37,157.88,109.79,1,-1,-1,-1
331,41,1710.05,1174.57,182.56,103.31,1,-1,-1,-1
331,42,2478.12,1364.00,76.86,60.91,1,-1,-1,-1
331,47,1774.43,1232.79,234.55,119.12,1,-1,-1,-1
332,35,2352.52,1328.50,78.03,46.55,1,-1,-1,-1
332,36,2260.01,1371.97,153.76,107.09,1,-1,-1,-1
332,41,1714.41,1175.31,160.09,90.32,1,-1,-1,-1
332,42,2478.24,1363.99,76.84,60.93,1,-1,-1,-1
332,47,1734.16,1225.07,240.54,123.35,1,-1,-1,-1
333,35,2353.86,1327.78,59.57,36.03,1,-1,-1,-1
333,36,2278.34,1375.89,149.29,103.31,1,-1,-1,-1
333,41,1714.63,1175.76,152.71,86.16,1,-1,-1,-1
333,42,2478.13,1363.72,77.65,61.69,1,-1,-1,-1
333,47,1672.95,1190.71,291.48,152.95,1,-1,-1,-1
334,35,2353.55,1328.79,49.20,30.23,1,-1,-1,-1
334,36,2293.51,1378.98,148.58,102.55,1,-1,-1,-1
334,42,2478.24,1363.61,77.78,61.91,1,-1,-1,-1
334,47,1641.85,1191.01,278.13,147.09,1,-1,-1,-1
335,35,2354.67,1328.44,48.26,30.04,1,-1,-1,-1
335,36,2309.61,1382.83,144.90,99.66,1,-1,-1,-1
335,42,2478.37,1363.54,77.49,61.75,1,-1,-1,-1
335,47,1598.80,1188.92,274.91,147.02,1,-1,-1,-1
335,52,2536.55,1304.93,21.12,48.88,1,-1,-1,-1
336,35,2355.41,1327.70,48.19,30.31,1,-1,-1,-1
336,36,2324.17,1389.05,139.10,94.54,1,-1,-1,-1
336,42,2478.00,1363.57,77.48,61.77,1,-1,-1,-1
336,47,1555.81,1186.28,271.91,146.29,1,-1,-1,-1
336,52,2536.46,1305.50,21.60,50.00,1,-1,-1,-1
336,54,1706.57,1173.46,232.99,131.71,1,-1,-1,-1
337,35,2356.16,1327.65,47.77,30.34,1,-1,-1,-1
337,36,2335.43,1389.32,142.45,96.98,1,-1,-1,-1
337,42,2478.12,1363.75,77.17,61.58,1,-1,-1,-1
337,47,1503.57,1175.57,280.67,152.39,1,-1,-1,-1
337,54,1716.50,1170.90,228.51,129.62,1,-1,-1,-1
338,35,2356.49,1327.20,47.93,30.67,1,-1,-1,-1
338,36,2348.33,1391.14,140.50,95.13,1,-1,-1,-1
338,42,2478.19,1363.98,77.03,61.53,1,-1,-1,-1
338,47,1455.15,1169.38,283.74,154.92,1,-1,-1,-1
338,54,1715.32,1168.93,228.37,129.85,1,-1,-1,-1
339,35,2355.46,1328.17,45.91,29.73,1,-1,-1,-1
339,36,2360.97,1394.16,135.73,91.50,1,-1,-1,-1
339,42,2478.20,1363.91,77.32,61.72,1,-1,-1,-1
339,47,1400.84,1162.81,289.37,158.10,1,-1,-1,-1
339,54,1711.37,1167.96,231.06,131.46,1,-1,-1,-1
340,35,2357.01,1329.96,69.94,44.85,1,-1,-1,-1
340,36,2371.74,1395.79,134.82,91.00,1,-1,-1,-1
340,42,2477.69,1363.75,78.01,62.21,1,-1,-1,-1
340,47,1339.63,1153.62,307.22,168.98,1,-1,-1,-1
340,54,1710.31,1167.84,231.44,131.75,1,-1,-1,-1
341,35,2356.61,1330.19,78.45,50.04,1,-1,-1,-1
341,36,2381.60,1396.65,135.89,91.95,1,-1,-1,-1
341,42,2477.12,1363.76,78.43,62.49,1,-1,-1,-1
341,47,1272.55,1147.16,319.26,175.80,1,-1,-1,-1
341,54,1709.88,1167.89,231.14,131.60,1,-1,-1,-1
342,35,2356.30,1330.09,83.05,52.59,1,-1,-1,-1
342,36,2390.96,1397.18,135.66,92.32,1,-1,-1,-1
342,42,2476.28,1363.62,79.40,63.31,1,-1,-1,-1
342,47,1203.29,1140.70,335.42,184.59,1,-1,-1,-1
342,54,1709.56,1167.95,231.13,131.58,1,-1,-1,-1
343,35,2355.57,1330.05,84.46,52.97,1,-1,-1,-1
343,36,2405.22,1399.52,133.52,91.60,1,-1,-1,-1
343,42,2476.61,1364.45,78.88,62.82,1,-1,-1,-1
343,47,1122.11,1130.89,355.88,195.55,1,-1,-1,-1
343,54,1710.17,1166.75,231.29,132.03,1,-1,-1,-1
344,35,2354.77,1330.00,85.62,53.16,1,-1,-1,-1
344,36,2417.66,1402.21,127.29,87.66,1,-1,-1,-1
344,42,2475.80,1363.86,81.45,65.19,1,-1,-1,-1
344,47,1029.62,1120.38,388.45,213.15,1,-1,-1,-1
344,54,1710.55,1166.28,230.96,132.20,1,-1,-1,-1
345,35,2354.15,1329.99,86.94,53.44,1,-1,-1,-1
345,36,2427.18,1403.00,124.63,85.99,1,-1,-1,-1
345,42,2477.27,1363.49,79.82,64.03,1,-1,-1,-1
345,47,925.92,1110.08,428.36,235.31,1,-1,-1,-1
345,54,1710.94,1166.15,230.37,132.21,1,-1,-1,-1
346,35,2354.02,1330.07,87.59,53.31,1,-1,-1,-1
346,36,2431.28,1397.91,129.82,90.36,1,-1,-1,-1
346,42,2476.20,1361.66,81.99,66.07,1,-1,-1,-1
346,47,819.13,1107.53,448.60,244.00,1,-1,-1,-1
346,54,1711.55,1166.19,229.52,132.05,1,-1,-1,-1
347,35,2354.16,1330.09,87.26,52.65,1,-1,-1,-1
347,36,2438.99,1398.54,126.36,88.53,1,-1,-1,-1
347,42,2477.69,1361.07,77.71,62.39,1,-1,-1,-1
347,47,690.74,1101.13,485.02,259.75,1,-1,-1,-1
347,54,1711.96,1166.23,228.84,131.97,1,-1,-1,-1
348,35,2353.91,1330.08,87.40,52.41,1,-1,-1,-1
348,36,2440.92,1390.50,133.33,95.66,1,-1,-1,-1
348,42,2472.61,1359.89,83.42,66.91,1,-1,-1,-1
348,47,541.95,1088.05,535.40,283.28,1,-1,-1,-1
348,54,1712.25,1166.26,228.27,131.93,1,-1,-1,-1
349,35,2353.27,1330.14,87.65,52.32,1,-1,-1,-1
349,36,2451.04,1396.01,121.50,88.94,1,-1,-1,-1
349,42,2477.03,1360.27,76.05,60.54,1,-1,-1,-1
349,47,354.62,1077.48,598.30,311.56,1,-1,-1,-1
349,54,1712.25,1166.26,228.04,132.01,1,-1,-1,-1
350,35,2352.92,1329.99,87.72,52.19,1,-1,-1,-1
350,36,2459.07,1400.67,113.97,85.42,1,-1,-1,-1
350,42,2480.25,1363.12,68.99,54.01,1,-1,-1,-1
350,47,146.96,1065.81,675.08,344.29,1,-1,-1,-1
350,54,1712.38,1166.29,227.69,131.99,1,-1,-1,-1
351,35,2352.56,1329.91,87.58,51.98,1,-1,-1,-1
351,36,2468.52,1405.92,105.68,81.24,1,-1,-1,-1
351,42,2480.83,1362.69,69.85,54.21,1,-1,-1,-1
351,47,-9.06,1048.46,754.24,390.96,1,-1,-1,-1
351,54,1712.56,1166.32,227.33,131.96,1,-1,-1,-1
352,35,2352.40,1329.99,87.54,51.82,1,-1,-1,-1
352,36,2476.05,1410.57,96.17,76.07,1,-1,-1,-1
352,42,2481.61,1362.29,68.80,52.81,1,-1,-1,-1
352,47,-119.07,1024.25,768.96,414.57,1,-1,-1,-1
352,54,1712.57,1166.33,227.09,131.96,1,-1,-1,-1
353,35,2353.44,1330.75,86.31,50.91,1,-1,-1,-1
353,36,2481.10,1407.04,94.00,77.02,1,-1,-1,-1
353,42,2481.29,1362.33,67.42,51.14,1,-1,-1,-1
353,47,-202.11,1053.74,701.31,403.27,1,-1,-1,-1
353,54,1713.46,1168.84,226.43,132.00,1,-1,-1,-1
354,35,2353.73,1330.88,86.03,50.60,1,-1,-1,-1
354,36,2487.97,1408.15,87.70,74.51,1,-1,-1,-1
354,42,2480.36,1363.78,66.82,50.37,1,-1,-1,-1
354,47,-294.89,1046.12,725.15,416.98,1,-1,-1,-1
354,54,1712.32,1168.35,226.62,131.72,1,-1,-1,-1
355,35,2353.67,1330.93,86.08,50.53,1,-1,-1,-1
355,36,2495.97,1410.89,79.88,70.49,1,-1,-1,-1
355,42,2478.41,1363.61,71.44,54.00,1,-1,-1,-1
355,54,1711.76,1168.15,227.04,131.63,1,-1,-1,-1
356,35,2353.70,1331.05,86.12,50.45,1,-1,-1,-1
356,36,2503.73,1412.36,77.58,68.46,1,-1,-1,-1
356,42,2479.04,1364.71,72.33,54.51,1,-1,-1,-1
356,52,2522.72,1411.36,31.39,66.09,1,-1,-1,-1
356,54,1711.40,1168.11,227.42,131.55,1,-1,-1,-1
357,35,2353.57,1330.99,86.41,50.52,1,-1,-1,-1
357,42,2477.66,1364.22,76.41,57.73,1,-1,-1,-1
357,52,2524.75,1421.29,29.64,58.45,1,-1,-1,-1
357,54,1711.12,1168.09,227.88,131.53,1,-1,-1,-1
358,35,2353.42,1330.77,86.91,50.74,1,-1,-1,-1
358,42,2476.81,1363.82,78.16,59.25,1,-1,-1,-1
358,52,2528.59,1432.12,25.29,46.97,1,-1,-1,-1
358,54,1710.87,1168.06,228.35,131.56,1,-1,-1,-1
359,35,2353.30,1330.73,87.11,50.78,1,-1,-1,-1
359,42,2476.49,1364.35,78.68,59.80,1,-1,-1,-1
359,52,2535.16,1438.72,21.09,37.86,1,-1,-1,-1
359,54,1710.70,1168.07,228.68,131.52,1,-1,-1,-1
360,35,2353.08,1330.56,87.67,51.05,1,-1,-1,-1
360,42,2476.15,1363.93,80.24,61.24,1,-1,-1,-1
360,52,2536.62,1444.94,19.60,35.20,1,-1,-1,-1
360,54,1710.52,1168.07,228.97,131.47,1,-1,-1,-1
361,35,2352.94,1330.43,87.97,51.18,1,-1,-1,-1
361,42,2476.11,1363.76,80.28,61.47,1,-1,-1,-1
361,54,1710.52,1167.96,229.30,131.53,1,-1,-1,-1
362,35,2352.87,1330.39,88.05,51.19,1,-1,-1,-1
362,42,2475.87,1363.04,81.04,62.31,1,-1,-1,-1
362,54,1710.46,1167.91,229.54,131.55,1,-1,-1,-1
363,35,2352.79,1330.39,88.14,51.20,1,-1,-1,-1
363,42,2475.81,1362.67,81.28,62.75,1,-1,-1,-1
363,54,1710.37,1167.89,229.73,131.56,1,-1,-1,-1
364,35,2352.70,1330.40,88.25,51.22,1,-1,-1,-1
364,42,2475.84,1362.41,81.37,63.06,1,-1,-1,-1
364,54,1710.29,1167.89,229.90,131.56,1,-1,-1,-1
365,35,2352.64,1330.41,88.33,51.22,1,-1,-1,-1
365,42,2475.97,1362.40,81.16,63.10,1,-1,-1,-1
365,54,1710.23,1167.89,230.03,131.54,1,-1,-1,-1
366,35,2352.60,1330.39,88.40,51.23,1,-1,-1,-1
366,42,2476.10,1362.30,81.08,63.25,1,-1,-1,-1
366,54,1710.18,1167.88,230.15,131.52,1,-1,-1,-1
367,35,2352.61,1330.37,88.43,51.21,1,-1,-1,-1
367,42,2475.16,1361.34,81.94,64.35,1,-1,-1,-1
367,54,1710.13,1167.88,230.28,131.52,1,-1,-1,-1
368,35,2352.60,1330.36,88.48,51.21,1,-1,-1,-1
368,42,2474.95,1360.97,81.93,64.75,1,-1,-1,-1
368,54,1710.05,1167.88,230.38,131.50,1,-1,-1,-1
369,35,2352.59,1330.35,88.51,51.20,1,-1,-1,-1
369,42,2476.01,1361.65,80.78,63.97,1,-1,-1,-1
369,54,1709.99,1167.89,230.48,131.49,1,-1,-1,-1
370,35,2352.56,1330.36,88.57,51.21,1,-1,-1,-1
370,42,2476.39,1361.80,80.40,63.81,1,-1,-1,-1
370,54,1709.94,1167.89,230.59,131.48,1,-1,-1,-1
371,35,2352.55,1330.36,88.62,51.21,1,-1,-1,-1
371,42,2476.56,1361.79,80.19,63.78,1,-1,-1,-1
371,54,1709.88,1167.89,230.70,131.49,1,-1,-1,-1
372,35,2352.53,1330.36,88.66,51.21,1,-1,-1,-1
372,42,2476.78,1361.94,79.81,63.58,1,-1,-1,-1
372,54,1709.81,1167.89,230.81,131.51,1,-1,-1,-1
373,35,2352.55,1330.36,88.69,51.22,1,-1,-1,-1
373,42,2476.91,1362.02,79.51,63.43,1,-1,-1,-1
373,54,1709.77,1167.88,230.88,131.52,1,-1,-1,-1
374,35,2352.56,1330.31,88.82,51.32,1,-1,-1,-1
374,42,2476.98,1362.05,79.32,63.36,1,-1,-1,-1
374,54,1711.20,1169.40,229.92,131.62,1,-1,-1,-1
375,35,2352.57,1330.29,88.85,51.35,1,-1,-1,-1
375,42,2477.04,1362.07,79.19,63.33,1,-1,-1,-1
375,54,1712.03,1169.92,229.00,131.70,1,-1,-1,-1
376,35,2352.69,1330.33,88.72,51.29,1,-1,-1,-1
376,42,2477.10,1362.07,79.07,63.30,1,-1,-1,-1
376,54,1712.62,1170.13,228.06,131.70,1,-1,-1,-1
377,35,2352.75,1330.34,88.66,51.27,1,-1,-1,-1
377,42,2477.10,1361.99,79.06,63.35,1,-1,-1,-1
377,54,1713.09,1170.21,227.19,131.69,1,-1,-1,-1
378,35,2352.76,1330.34,88.63,51.27,1,-1,-1,-1
378,42,2477.13,1361.96,79.01,63.37,1,-1,-1,-1
378,54,1713.54,1170.27,226.36,131.65,1,-1,-1,-1
378,57,48.58,905.19,122.19,309.81,1,-1,-1,-1
379,35,2352.20,1330.69,88.63,51.22,1,-1,-1,-1
379,42,2476.37,1361.35,79.75,64.04,1,-1,-1,-1
379,54,1712.61,1168.33,226.09,131.47,1,-1,-1,-1
379,57,68.65,858.75,159.75,391.78,1,-1,-1,-1
380,35,2351.85,1330.80,88.82,51.28,1,-1,-1,-1
380,42,2476.13,1361.14,79.96,64.29,1,-1,-1,-1
380,54,1712.09,1167.20,226.43,131.70,1,-1,-1,-1
380,57,97.77,834.11,189.39,439.87,1,-1,-1,-1
381,35,2351.69,1330.83,88.89,51.28,1,-1,-1,-1
381,42,2476.09,1361.09,79.94,64.34,1,-1,-1,-1
381,54,1711.96,1166.86,226.43,131.72,1,-1,-1,-1
381,57,129.78,827.38,215.41,466.05,1,-1,-1,-1
382,35,2351.69,1330.86,88.88,51.23,1,-1,-1,-1
382,42,2476.10,1361.06,79.90,64.37,1,-1,-1,-1
382,54,1711.99,1166.77,226.34,131.68,1,-1,-1,-1
382,57,153.76,814.23,249.89,496.45,1,-1,-1,-1
383,35,2351.65,1330.88,88.86,51.17,1,-1,-1,-1
383,42,2476.15,1361.07,79.81,64.36,1,-1,-1,-1
383,54,1712.22,1166.84,226.10,131.55,1,-1,-1,-1
383,57,178.53,821.25,281.18,506.23,1,-1,-1,-1
384,35,2351.55,1330.87,88.95,51.16,1,-1,-1,-1
384,42,2476.18,1361.08,79.75,64.36,1,-1,-1,-1
384,54,1712.30,1166.81,226.09,131.56,1,-1,-1,-1
384,57,209.68,839.13,307.41,494.08,1,-1,-1,-1
385,35,2351.29,1330.93,88.95,51.06,1,-1,-1,-1
385,42,2476.24,1361.14,79.52,64.17,1,-1,-1,-1
385,54,1712.43,1166.72,226.06,131.57,1,-1,-1,-1
385,57,238.85,851.30,339.45,485.98,1,-1,-1,-1
386,35,2351.18,1330.95,89.09,51.05,1,-1,-1,-1
386,42,2476.26,1361.15,79.44,64.11,1,-1,-1,-1
386,54,1712.64,1166.72,225.96,131.56,1,-1,-1,-1
386,57,261.01,871.14,375.98,473.98,1,-1,-1,-1
387,35,2351.15,1330.95,89.17,51.01,1,-1,-1,-1
387,42,2476.29,1361.20,79.37,64.05,1,-1,-1,-1
387,54,1712.78,1166.77,225.80,131.49,1,-1,-1,-1
387,57,279.80,890.04,412.92,458.06,1,-1,-1,-1
388,35,2351.03,1330.92,89.32,51.02,1,-1,-1,-1
388,42,2476.29,1361.20,79.37,64.05,1,-1,-1,-1
388,54,1712.88,1166.80,225.63,131.39,1,-1,-1,-1
388,57,321.21,916.16,439.84,434.95,1,-1,-1,-1
389,35,2350.69,1330.15,90.96,52.27,1,-1,-1,-1
389,42,2476.05,1361.38,79.28,63.92,1,-1,-1,-1
389,54,1711.98,1167.04,225.84,131.64,1,-1,-1,-1
389,57,390.99,937.13,463.13,417.55,1,-1,-1,-1
390,35,2350.69,1329.88,91.16,52.65,1,-1,-1,-1
390,42,2475.91,1361.44,79.27,63.88,1,-1,-1,-1
390,54,1711.70,1167.06,225.85,131.75,1,-1,-1,-1
390,57,459.55,958.12,480.91,399.95,1,-1,-1,-1
391,35,2350.82,1329.77,90.94,52.76,1,-1,-1,-1
391,42,2475.84,1361.46,79.32,63.87,1,-1,-1,-1
391,54,1711.28,1168.00,226.00,131.47,1,-1,-1,-1
391,57,533.56,980.26,491.34,381.25,1,-1,-1,-1
392,35,2351.00,1329.74,90.62,52.80,1,-1,-1,-1
392,42,2475.81,1361.53,79.30,63.81,1,-1,-1,-1
392,54,1710.91,1168.33,226.46,131.42,1,-1,-1,-1
392,57,608.82,997.65,509.37,372.70,1,-1,-1,-1
393,35,2351.16,1329.72,90.33,52.84,1,-1,-1,-1
393,42,2475.87,1361.61,79.28,63.75,1,-1,-1,-1
393,54,1710.60,1168.45,226.94,131.40,1,-1,-1,-1
393,57,688.80,1013.13,510.65,356.03,1,-1,-1,-1
394,35,2351.31,1329.71,90.02,52.84,1,-1,-1,-1
394,42,2475.88,1361.65,79.29,63.73,1,-1,-1,-1
394,54,1710.39,1168.50,227.39,131.40,1,-1,-1,-1
394,57,760.97,1026.35,509.91,340.80,1,-1,-1,-1
395,35,2351.44,1329.71,89.74,52.85,1,-1,-1,-1
395,42,2475.80,1361.48,79.49,63.87,1,-1,-1,-1
395,54,1710.12,1168.52,227.82,131.41,1,-1,-1,-1
395,57,827.59,1039.27,513.52,332.30,1,-1,-1,-1
396,35,2351.57,1329.70,89.46,52.84,1,-1,-1,-1
396,42,2475.76,1361.43,79.57,63.92,1,-1,-1,-1
396,54,1709.94,1168.52,228.18,131.39,1,-1,-1,-1
396,57,893.49,1049.32,516.88,327.19,1,-1,-1,-1
397,35,2351.59,1329.75,89.34,52.90,1,-1,-1,-1
397,42,2475.97,1361.72,79.20,63.60,1,-1,-1,-1
397,54,1709.89,1168.64,228.45,131.38,1,-1,-1,-1
397,57,963.60,1065.36,495.88,306.22,1,-1,-1,-1
398,35,2351.66,1329.76,89.14,52.91,1,-1,-1,-1
398,42,2476.01,1361.75,79.15,63.54,1,-1,-1,-1
398,54,1709.77,1168.71,228.69,131.38,1,-1,-1,-1
398,57,1030.90,1081.27,479.88,289.75,1,-1,-1,-1
399,35,2352.87,1330.26,88.17,52.29,1,-1,-1,-1
399,42,2476.09,1360.98,80.06,64.33,1,-1,-1,-1
399,54,1708.46,1168.29,229.24,131.92,1,-1,-1,-1
399,57,1092.77,1093.15,471.05,280.04,1,-1,-1,-1
400,35,2353.33,1330.49,87.79,52.00,1,-1,-1,-1
400,42,2476.20,1360.77,80.24,64.53,1,-1,-1,-1
400,54,1707.87,1168.04,229.13,132.04,1,-1,-1,-1
400,57,1153.69,1105.68,468.12,275.38,1,-1,-1,-1
401,35,2353.50,1330.52,87.77,51.94,1,-1,-1,-1
401,42,2476.28,1360.72,80.26,64.59,1,-1,-1,-1
401,54,1706.68,1167.96,229.12,132.06,1,-1,-1,-1
401,57,1212.69,1117.58,456.86,266.29,1,-1,-1,-1
402,35,2353.54,1330.56,87.79,51.89,1,-1,-1,-1
402,42,2476.32,1360.71,80.22,64.60,1,-1,-1,-1
402,54,1710.74,1170.38,225.98,130.40,1,-1,-1,-1
402,57,1274.98,1128.02,440.57,254.66,1,-1,-1,-1
403,35,2353.50,1330.58,87.88,51.89,1,-1,-1,-1
403,42,2476.34,1360.69,80.20,64.61,1,-1,-1,-1
403,54,1710.17,1171.41,223.87,128.94,1,-1,-1,-1
403,57,1328.31,1141.76,429.99,247.61,1,-1,-1,-1
404,35,2353.43,1330.58,87.98,51.90,1,-1,-1,-1
404,42,2476.35,1360.67,80.18,64.64,1,-1,-1,-1
404,54,1715.19,1170.51,225.80,130.66,1,-1,-1,-1
404,57,1377.44,1151.43,425.20,245.72,1,-1,-1,-1
405,35,2353.39,1330.57,88.05,51.90,1,-1,-1,-1
405,42,2476.37,1360.64,80.17,64.67,1,-1,-1,-1
405,54,1716.54,1169.19,228.10,133.20,1,-1,-1,-1
405,57,1426.77,1161.99,408.96,236.51,1,-1,-1,-1
406,35,2353.36,1330.54,88.08,51.87,1,-1,-1,-1
406,42,2476.41,1360.68,80.13,64.67,1,-1,-1,-1
406,54,1725.04,1164.26,226.32,134.21,1,-1,-1,-1
406,57,1481.12,1169.75,400.89,231.05,1,-1,-1,-1
407,35,2353.34,1330.53,88.11,51.84,1,-1,-1,-1
407,42,2476.44,1360.70,80.09,64.67,1,-1,-1,-1
407,54,1726.24,1163.76,226.85,134.53,1,-1,-1,-1
407,57,1530.48,1175.22,398.01,229.82,1,-1,-1,-1
408,35,2353.32,1330.53,88.13,51.81,1,-1,-1,-1
408,42,2476.47,1360.73,80.03,64.65,1,-1,-1,-1
408,57,1573.74,1180.67,393.01,228.50,1,-1,-1,-1
409,35,2352.94,1330.20,88.38,52.01,1,-1,-1,-1
409,42,2477.11,1362.34,78.13,63.01,1,-1,-1,-1
409,57,1607.31,1179.92,401.85,236.80,1,-1,-1,-1
410,35,2352.93,1330.06,88.43,52.10,1,-1,-1,-1
410,42,2477.32,1362.97,77.45,62.37,1,-1,-1,-1
410,57,1646.57,1183.78,391.56,233.36,1,-1,-1,-1
411,35,2352.85,1329.98,88.50,52.21,1,-1,-1,-1
411,42,2477.34,1363.14,77.33,62.18,1,-1,-1,-1
411,57,1685.50,1185.28,393.22,238.63,1,-1,-1,-1
412,35,2352.88,1329.97,88.34,52.17,1,-1,-1,-1
412,42,2477.30,1363.17,77.38,62.15,1,-1,-1,-1
412,57,1740.01,1210.26,353.22,215.33,1,-1,-1,-1
413,35,2352.91,1329.92,88.26,52.17,1,-1,-1,-1
413,42,2477.26,1363.17,77.43,62.13,1,-1,-1,-1
413,57,1781.10,1226.41,327.85,201.66,1,-1,-1,-1
414,35,2352.89,1329.88,88.26,52.23,1,-1,-1,-1
414,42,2477.20,1363.13,77.60,62.20,1,-1,-1,-1
414,54,1724.51,1172.63,199.20,115.53,1,-1,-1,-1
414,57,1816.58,1237.30,315.06,195.80,1,-1,-1,-1
415,35,2352.85,1329.83,88.27,52.29,1,-1,-1,-1
415,42,2477.14,1363.11,77.70,62.24,1,-1,-1,-1
415,54,1721.57,1171.48,206.46,117.14,1,-1,-1,-1
415,57,1848.49,1243.11,307.93,194.04,1,-1,-1,-1
416,35,2352.86,1329.81,88.26,52.36,1,-1,-1,-1
416,42,2477.12,1363.12,77.75,62.22,1,-1,-1,-1
416,54,1715.56,1170.90,214.50,120.41,1,-1,-1,-1
416,57,1889.81,1252.95,289.47,183.29,1,-1,-1,-1
417,35,2352.83,1329.80,88.25,52.44,1,-1,-1,-1
417,42,2477.10,1363.13,77.78,62.21,1,-1,-1,-1
417,54,1714.12,1170.77,222.38,125.36,1,-1,-1,-1
417,57,1924.77,1261.51,273.26,173.99,1,-1,-1,-1
418,35,2352.82,1329.80,88.18,52.49,1,-1,-1,-1
418,42,2477.09,1363.12,77.84,62.21,1,-1,-1,-1
418,54,1710.64,1168.93,227.34,128.06,1,-1,-1,-1
418,57,1965.10,1270.11,261.44,166.60,1,-1,-1,-1
