1,1,2476.51,1361.91,78.64,59.56,1,-1,-1,-1
1,2,2349.80,1329.59,91.98,53.31,1,-1,-1,-1
1,4,1710.64,1166.90,227.11,131.87,1,-1,-1,-1
2,1,2475.98,1361.63,77.41,60.35,1,-1,-1,-1
2,2,2349.81,1329.58,91.83,53.22,1,-1,-1,-1
2,4,1710.64,1166.90,226.95,131.86,1,-1,-1,-1
3,1,2475.76,1361.39,77.60,61.06,1,-1,-1,-1
3,2,2349.82,1329.58,91.69,53.13,1,-1,-1,-1
3,4,1710.64,1166.90,226.55,131.85,1,-1,-1,-1
4,1,2475.72,1361.20,78.29,61.70,1,-1,-1,-1
4,2,2349.84,1329.57,91.56,53.06,1,-1,-1,-1
4,4,1710.64,1166.91,226.03,131.84,1,-1,-1,-1
5,1,2475.74,1361.04,79.05,62.25,1,-1,-1,-1
5,2,2349.85,1329.57,91.44,52.98,1,-1,-1,-1
5,4,1710.64,1166.91,225.54,131.83,1,-1,-1,-1
6,1,2475.76,1360.92,79.67,62.71,1,-1,-1,-1
6,2,2349.86,1329.56,91.32,52.92,1,-1,-1,-1
6,4,1710.64,1166.91,225.19,131.82,1,-1,-1,-1
7,1,2475.76,1360.84,79.92,63.06,1,-1,-1,-1
7,2,2349.87,1329.56,91.22,52.86,1,-1,-1,-1
7,4,1710.64,1166.91,225.17,131.81,1,-1,-1,-1
8,1,2475.75,1360.77,79.80,63.30,1,-1,-1,-1
8,2,2349.89,1329.55,91.12,52.80,1,-1,-1,-1
8,4,1710.64,1166.92,225.60,131.80,1,-1,-1,-1
9,1,2475.74,1360.74,79.52,63.44,1,-1,-1,-1
9,2,2349.90,1329.55,91.03,52.75,1,-1,-1,-1
9,4,1710.64,1166.92,226.26,131.79,1,-1,-1,-1
10,1,2475.75,1360.72,79.20,63.51,1,-1,-1,-1
10,2,2349.91,1329.54,90.95,52.71,1,-1,-1,-1
10,4,1710.65,1166.92,226.74,131.78,1,-1,-1,-1
11,1,2475.73,1360.71,78.97,63.55,1,-1,-1,-1
11,2,2349.92,1329.54,90.88,52.67,1,-1,-1,-1
11,4,1710.65,1166.92,226.74,131.77,1,-1,-1,-1
12,1,2475.66,1360.72,79.08,63.58,1,-1,-1,-1
12,2,2349.93,1329.53,90.81,52.64,1,-1,-1,-1
12,4,1710.65,1166.93,226.23,131.76,1,-1,-1,-1
13,1,2475.52,1360.74,79.46,63.64,1,-1,-1,-1
13,2,2349.95,1329.52,90.75,52.61,1,-1,-1,-1
13,4,1710.65,1166.93,225.45,131.75,1,-1,-1,-1
14,1,2475.35,1360.77,79.80,63.72,1,-1,-1,-1
14,2,2349.96,1329.52,90.70,52.59,1,-1,-1,-1
14,4,1710.65,1166.93,224.82,131.74,1,-1,-1,-1
15,1,2475.19,1360.80,79.95,63.81,1,-1,-1,-1
15,2,2349.97,1329.51,90.66,52.57,1,-1,-1,-1
15,4,1710.65,1166.93,224.58,131.73,1,-1,-1,-1
16,1,2475.07,1360.83,79.96,63.89,1,-1,-1,-1
16,2,2349.98,1329.51,90.62,52.55,1,-1,-1,-1
16,4,1710.65,1166.94,224.82,131.72,1,-1,-1,-1
17,1,2475.04,1360.86,79.90,63.96,1,-1,-1,-1
17,2,2350.00,1329.50,90.59,52.54,1,-1,-1,-1
17,4,1710.65,1166.94,225.40,131.71,1,-1,-1,-1
18,1,2475.09,1360.90,79.84,64.01,1,-1,-1,-1
18,2,2350.01,1329.50,90.56,52.54,1,-1,-1,-1
18,4,1710.66,1166.94,226.05,131.70,1,-1,-1,-1
19,1,2475.21,1360.93,79.86,64.04,1,-1,-1,-1
19,2,2350.02,1329.49,90.54,52.53,1,-1,-1,-1
19,4,1710.66,1166.94,226.36,131.69,1,-1,-1,-1
20,1,2475.37,1360.96,80.01,64.05,1,-1,-1,-1
20,2,2350.03,1329.49,90.52,52.53,1,-1,-1,-1
20,4,1710.66,1166.95,226.20,131.68,1,-1,-1,-1
21,1,2475.50,1360.99,80.23,64.05,1,-1,-1,-1
21,2,2350.04,1329.48,90.51,52.53,1,-1,-1,-1
21,4,1710.66,1166.95,225.81,131.67,1,-1,-1,-1
22,1,2475.56,1361.01,80.32,64.03,1,-1,-1,-1
22,2,2350.06,1329.48,90.49,52.53,1,-1,-1,-1
22,4,1710.66,1166.95,225.60,131.66,1,-1,-1,-1
23,1,2475.53,1361.03,80.20,64.00,1,-1,-1,-1
23,2,2350.07,1329.47,90.48,52.53,1,-1,-1,-1
23,4,1710.66,1166.95,225.71,131.65,1,-1,-1,-1
24,1,2475.42,1361.05,79.96,63.98,1,-1,-1,-1
24,2,2350.08,1329.47,90.47,52.54,1,-1,-1,-1
24,4,1710.66,1166.96,226.03,131.64,1,-1,-1,-1
25,1,2475.27,1361.07,79.81,63.95,1,-1,-1,-1
25,2,2350.09,1329.46,90.47,52.55,1,-1,-1,-1
25,4,1710.66,1166.96,226.45,131.63,1,-1,-1,-1
26,1,2475.14,1361.08,79.81,63.93,1,-1,-1,-1
26,2,2350.11,1329.46,90.46,52.55,1,-1,-1,-1
26,4,1710.66,1166.96,226.75,131.62,1,-1,-1,-1
27,1,2475.03,1361.09,79.91,63.91,1,-1,-1,-1
27,2,2350.12,1329.45,90.46,52.56,1,-1,-1,-1
27,4,1710.67,1166.96,226.80,131.61,1,-1,-1,-1
28,1,2474.97,1361.10,80.01,63.89,1,-1,-1,-1
28,2,2350.13,1329.45,90.46,52.57,1,-1,-1,-1
28,4,1710.67,1166.97,226.67,131.60,1,-1,-1,-1
29,1,2474.95,1361.11,80.06,63.88,1,-1,-1,-1
29,2,2350.14,1329.44,90.46,52.58,1,-1,-1,-1
29,4,1710.67,1166.97,226.53,131.59,1,-1,-1,-1
30,1,2474.95,1361.12,80.06,63.87,1,-1,-1,-1
30,2,2350.15,1329.44,90.46,52.60,1,-1,-1,-1
30,4,1710.67,1166.97,226.50,131.58,1,-1,-1,-1
31,1,2474.97,1361.12,80.04,63.87,1,-1,-1,-1
31,2,2350.17,1329.43,90.46,52.61,1,-1,-1,-1
31,4,1710.67,1166.97,226.60,131.57,1,-1,-1,-1
32,1,2474.99,1361.12,80.01,63.87,1,-1,-1,-1
32,2,2350.18,1329.42,90.47,52.62,1,-1,-1,-1
32,4,1710.67,1166.98,226.72,131.56,1,-1,-1,-1
33,1,2475.01,1361.12,79.99,63.87,1,-1,-1,-1
33,2,2350.19,1329.42,90.47,52.63,1,-1,-1,-1
33,4,1710.67,1166.98,226.73,131.55,1,-1,-1,-1
34,1,2475.02,1361.12,79.98,63.88,1,-1,-1,-1
34,2,2350.20,1329.41,90.47,52.64,1,-1,-1,-1
34,4,1710.67,1166.98,226.60,131.54,1,-1,-1,-1
35,1,2475.01,1361.11,79.98,63.88,1,-1,-1,-1
35,2,2350.22,1329.41,90.48,52.65,1,-1,-1,-1
35,4,1710.68,1166.98,226.44,131.53,1,-1,-1,-1
36,1,2475.00,1361.10,80.00,63.89,1,-1,-1,-1
36,2,2350.23,1329.40,90.48,52.66,1,-1,-1,-1
36,4,1710.68,1166.99,226.32,131.52,1,-1,-1,-1
37,1,2474.98,1361.09,80.02,63.91,1,-1,-1,-1
37,2,2350.24,1329.40,90.48,52.67,1,-1,-1,-1
37,4,1710.68,1166.99,226.27,131.51,1,-1,-1,-1
38,1,2474.96,1361.08,80.05,63.92,1,-1,-1,-1
38,2,2350.25,1329.39,90.48,52.68,1,-1,-1,-1
38,4,1710.68,1166.99,226.25,131.50,1,-1,-1,-1
39,1,2474.94,1361.06,80.06,63.94,1,-1,-1,-1
39,2,2350.26,1329.39,90.48,52.69,1,-1,-1,-1
39,4,1710.68,1166.99,226.26,131.49,1,-1,-1,-1
40,1,2474.95,1361.04,80.03,63.96,1,-1,-1,-1
40,2,2350.28,1329.38,90.48,52.70,1,-1,-1,-1
40,4,1710.68,1167.00,226.26,131.48,1,-1,-1,-1
41,1,2474.99,1361.01,79.96,63.98,1,-1,-1,-1
41,2,2350.29,1329.38,90.49,52.71,1,-1,-1,-1
41,4,1710.68,1167.00,226.27,131.47,1,-1,-1,-1
42,1,2475.07,1360.98,79.88,64.01,1,-1,-1,-1
42,2,2350.30,1329.37,90.49,52.72,1,-1,-1,-1
42,4,1710.68,1167.00,226.27,131.46,1,-1,-1,-1
43,1,2475.22,1360.94,79.84,64.04,1,-1,-1,-1
43,2,2350.31,1329.37,90.50,52.72,1,-1,-1,-1
43,4,1710.68,1167.00,226.27,131.45,1,-1,-1,-1
44,1,2475.40,1360.90,79.92,64.08,1,-1,-1,-1
44,2,2350.33,1329.36,90.50,52.73,1,-1,-1,-1
44,4,1710.69,1167.01,226.26,131.44,1,-1,-1,-1
45,1,2475.60,1360.86,80.07,64.13,1,-1,-1,-1
45,2,2350.34,1329.36,90.51,52.73,1,-1,-1,-1
45,4,1710.69,1167.01,226.26,131.43,1,-1,-1,-1
46,1,2475.79,1360.81,80.15,64.18,1,-1,-1,-1
46,2,2350.35,1329.35,90.52,52.73,1,-1,-1,-1
46,4,1710.69,1167.01,226.26,131.42,1,-1,-1,-1
47,1,2475.92,1360.76,80.12,64.24,1,-1,-1,-1
47,2,2350.36,1329.35,90.53,52.73,1,-1,-1,-1
47,4,1710.69,1167.01,226.26,131.41,1,-1,-1,-1
48,1,2476.01,1360.70,80.04,64.30,1,-1,-1,-1
48,2,2350.38,1329.34,90.54,52.73,1,-1,-1,-1
48,4,1710.69,1167.02,226.26,131.40,1,-1,-1,-1
49,1,2476.04,1360.65,79.97,64.37,1,-1,-1,-1
49,2,2350.39,1329.34,90.55,52.72,1,-1,-1,-1
49,4,1710.69,1167.02,226.25,131.39,1,-1,-1,-1
50,1,2476.05,1360.59,79.95,64.45,1,-1,-1,-1
50,2,2350.40,1329.33,90.55,52.72,1,-1,-1,-1
50,4,1710.69,1167.02,226.25,131.38,1,-1,-1,-1
51,1,2476.03,1360.54,79.95,64.52,1,-1,-1,-1
51,2,2350.41,1329.32,90.56,52.71,1,-1,-1,-1
51,4,1710.69,1167.02,226.25,131.37,1,-1,-1,-1
52,1,2476.02,1360.50,79.97,64.59,1,-1,-1,-1
52,2,2350.42,1329.32,90.57,52.69,1,-1,-1,-1
52,4,1710.69,1167.03,226.25,131.36,1,-1,-1,-1
53,1,2476.02,1360.46,79.97,64.64,1,-1,-1,-1
53,2,2350.44,1329.31,90.57,52.68,1,-1,-1,-1
53,4,1710.70,1167.03,226.25,131.35,1,-1,-1,-1
54,1,2476.03,1360.43,79.96,64.67,1,-1,-1,-1
54,2,2350.45,1329.31,90.56,52.66,1,-1,-1,-1
54,4,1710.70,1167.03,226.24,131.34,1,-1,-1,-1
55,1,2476.04,1360.42,79.95,64.66,1,-1,-1,-1
55,2,2350.46,1329.30,90.56,52.64,1,-1,-1,-1
55,4,1710.70,1167.03,226.24,131.33,1,-1,-1,-1
56,1,2476.04,1360.42,79.97,64.60,1,-1,-1,-1
56,2,2350.47,1329.30,90.54,52.62,1,-1,-1,-1
56,4,1710.70,1167.04,226.23,131.32,1,-1,-1,-1
57,1,2476.02,1360.44,80.02,64.49,1,-1,-1,-1
57,2,2350.49,1329.29,90.52,52.59,1,-1,-1,-1
57,4,1710.70,1167.04,226.22,131.31,1,-1,-1,-1
58,1,2475.96,1360.48,80.08,64.32,1,-1,-1,-1
58,2,2350.50,1329.29,90.49,52.56,1,-1,-1,-1
58,4,1710.70,1167.04,226.23,131.30,1,-1,-1,-1
59,1,2475.84,1360.55,80.09,64.10,1,-1,-1,-1
59,2,2350.51,1329.28,90.46,52.52,1,-1,-1,-1
59,4,1710.70,1167.04,226.28,131.29,1,-1,-1,-1
60,1,2475.66,1360.64,80.00,63.83,1,-1,-1,-1
60,2,2350.52,1329.28,90.41,52.49,1,-1,-1,-1
60,4,1710.70,1167.05,226.40,131.28,1,-1,-1,-1
61,1,2475.44,1360.75,79.87,63.56,1,-1,-1,-1
61,2,2350.53,1329.27,90.35,52.45,1,-1,-1,-1
61,4,1710.71,1167.05,226.57,131.27,1,-1,-1,-1
62,1,2475.20,1360.89,79.85,63.31,1,-1,-1,-1
62,2,2350.55,1329.27,90.28,52.41,1,-1,-1,-1
62,4,1710.71,1167.05,226.70,131.26,1,-1,-1,-1
63,1,2474.97,1361.05,80.00,63.15,1,-1,-1,-1
63,2,2350.56,1329.26,90.19,52.36,1,-1,-1,-1
63,4,1710.71,1167.05,226.70,131.25,1,-1,-1,-1
64,1,2474.77,1361.23,80.23,63.14,1,-1,-1,-1
64,2,2350.57,1329.26,90.09,52.31,1,-1,-1,-1
64,4,1710.71,1167.06,226.55,131.24,1,-1,-1,-1
65,1,2474.63,1361.42,80.38,63.35,1,-1,-1,-1
65,2,2350.58,1329.25,89.97,52.26,1,-1,-1,-1
65,4,1710.71,1167.06,226.35,131.23,1,-1,-1,-1
66,1,2474.61,1361.62,80.29,63.84,1,-1,-1,-1
66,2,2350.60,1329.25,89.83,52.21,1,-1,-1,-1
66,4,1710.71,1167.06,226.20,131.22,1,-1,-1,-1
67,1,2474.77,1361.81,79.87,64.67,1,-1,-1,-1
67,2,2350.61,1329.24,89.67,52.16,1,-1,-1,-1
67,4,1710.71,1167.06,226.15,131.21,1,-1,-1,-1
68,1,2475.18,1361.98,79.24,65.84,1,-1,-1,-1
68,2,2350.62,1329.24,89.49,52.11,1,-1,-1,-1
68,4,1710.71,1167.07,226.27,131.20,1,-1,-1,-1
69,1,2475.87,1362.13,78.64,67.35,1,-1,-1,-1
69,2,2350.63,1329.23,89.29,52.05,1,-1,-1,-1
69,4,1710.71,1167.07,226.64,131.19,1,-1,-1,-1
70,1,2476.78,1362.22,78.27,69.15,1,-1,-1,-1
70,2,2350.64,1329.22,89.07,52.00,1,-1,-1,-1
70,4,1710.72,1167.07,227.28,131.18,1,-1,-1,-1
71,1,2477.72,1362.25,78.16,71.17,1,-1,-1,-1
71,2,2350.66,1329.22,88.83,51.95,1,-1,-1,-1
71,4,1710.72,1167.07,228.04,131.17,1,-1,-1,-1
72,1,2478.33,1362.19,78.09,73.29,1,-1,-1,-1
72,2,2350.67,1329.21,88.57,51.91,1,-1,-1,-1
72,4,1710.72,1167.08,228.66,131.16,1,-1,-1,-1
73,1,2478.09,1362.02,78.05,75.40,1,-1,-1,-1
73,2,2350.68,1329.21,88.30,51.86,1,-1,-1,-1
73,4,1710.72,1167.08,228.99,131.15,1,-1,-1,-1
74,1,2476.41,1361.72,78.70,77.38,1,-1,-1,-1
74,2,2350.69,1329.20,88.01,51.82,1,-1,-1,-1
74,4,1710.72,1167.08,229.05,131.14,1,-1,-1,-1
75,1,2472.76,1361.27,81.06,79.11,1,-1,-1,-1
75,2,2350.71,1329.20,87.70,51.79,1,-1,-1,-1
75,4,1710.72,1167.08,228.97,131.13,1,-1,-1,-1
76,1,2466.86,1360.65,85.80,80.54,1,-1,-1,-1
76,2,2350.72,1329.19,87.38,51.76,1,-1,-1,-1
76,4,1710.72,1167.09,228.88,131.12,1,-1,-1,-1
77,1,2458.67,1359.83,93.17,81.61,1,-1,-1,-1
77,2,2350.73,1329.19,87.05,51.73,1,-1,-1,-1
77,4,1710.72,1167.09,228.84,131.11,1,-1,-1,-1
78,1,2448.36,1358.78,103.11,82.33,1,-1,-1,-1
78,2,2350.74,1329.18,86.71,51.71,1,-1,-1,-1
78,4,1710.73,1167.09,228.79,131.10,1,-1,-1,-1
79,1,2436.24,1357.51,114.93,82.77,1,-1,-1,-1
79,2,2350.76,1329.18,86.37,51.70,1,-1,-1,-1
79,4,1710.73,1167.09,228.70,131.09,1,-1,-1,-1
80,1,2422.76,1355.97,126.93,83.03,1,-1,-1,-1
80,2,2350.77,1329.17,86.03,51.69,1,-1,-1,-1
80,4,1710.73,1167.10,228.61,131.08,1,-1,-1,-1
81,1,2408.47,1354.17,136.32,83.24,1,-1,-1,-1
81,2,2350.78,1329.17,85.70,51.69,1,-1,-1,-1
81,4,1710.73,1167.10,228.62,131.07,1,-1,-1,-1
82,1,2393.84,1352.08,139.75,83.51,1,-1,-1,-1
82,2,2350.79,1329.16,85.38,51.70,1,-1,-1,-1
82,4,1710.73,1167.10,228.75,131.06,1,-1,-1,-1
83,1,2379.14,1349.70,135.96,83.99,1,-1,-1,-1
83,2,2350.80,1329.16,85.09,51.71,1,-1,-1,-1
83,4,1710.73,1167.10,228.91,131.05,1,-1,-1,-1
83,6,2477.64,1362.10,77.19,62.22,1,-1,-1,-1
84,1,2364.34,1347.02,130.30,84.76,1,-1,-1,-1
84,2,2350.82,1329.15,84.82,51.73,1,-1,-1,-1
84,4,1710.73,1167.11,229.02,131.04,1,-1,-1,-1
84,6,2477.64,1362.10,77.19,62.23,1,-1,-1,-1
85,1,2349.29,1344.02,130.30,85.86,1,-1,-1,-1
85,2,2350.83,1329.15,84.59,51.75,1,-1,-1,-1
85,4,1710.73,1167.11,229.07,131.03,1,-1,-1,-1
85,6,2477.63,1362.09,77.20,62.23,1,-1,-1,-1
86,1,2333.84,1340.70,135.70,87.26,1,-1,-1,-1
86,2,2350.84,1329.14,84.40,51.77,1,-1,-1,-1
86,4,1710.73,1167.11,229.09,131.02,1,-1,-1,-1
86,6,2477.63,1362.09,77.20,62.23,1,-1,-1,-1
87,1,2317.94,1337.06,142.04,88.92,1,-1,-1,-1
87,2,2350.85,1329.14,84.26,51.80,1,-1,-1,-1
87,4,1710.74,1167.11,229.09,131.01,1,-1,-1,-1
87,6,2477.63,1362.09,77.20,62.23,1,-1,-1,-1
88,1,2301.75,1333.08,146.67,90.74,1,-1,-1,-1
88,2,2350.87,1329.13,84.18,51.83,1,-1,-1,-1
88,4,1710.74,1167.12,229.09,131.00,1,-1,-1,-1
88,6,2477.62,1362.08,77.20,62.24,1,-1,-1,-1
89,1,2285.40,1328.77,148.93,92.66,1,-1,-1,-1
89,2,2350.88,1329.12,84.16,51.86,1,-1,-1,-1
89,4,1710.74,1167.12,229.08,130.99,1,-1,-1,-1
89,6,2477.62,1362.08,77.20,62.24,1,-1,-1,-1
90,1,2268.78,1324.12,149.31,94.61,1,-1,-1,-1
90,2,2350.89,1329.12,84.20,51.89,1,-1,-1,-1
90,4,1710.74,1167.12,229.06,130.98,1,-1,-1,-1
90,6,2477.62,1362.08,77.20,62.24,1,-1,-1,-1
91,1,2251.49,1319.13,149.11,96.52,1,-1,-1,-1
91,2,2350.90,1329.11,84.30,51.92,1,-1,-1,-1
91,4,1710.74,1167.12,228.98,130.97,1,-1,-1,-1
91,6,2477.61,1362.08,77.21,62.24,1,-1,-1,-1
92,1,2232.82,1313.80,150.21,98.40,1,-1,-1,-1
92,2,2350.91,1329.11,84.47,51.95,1,-1,-1,-1
92,4,1710.74,1167.13,228.81,130.96,1,-1,-1,-1
92,6,2477.61,1362.07,77.21,62.25,1,-1,-1,-1
93,1,2212.13,1308.13,153.94,100.27,1,-1,-1,-1
93,2,2350.93,1329.10,84.70,51.98,1,-1,-1,-1
93,4,1710.74,1167.13,228.54,130.95,1,-1,-1,-1
93,6,2477.61,1362.07,77.21,62.25,1,-1,-1,-1
94,1,2189.21,1302.12,159.82,102.18,1,-1,-1,-1
94,2,2350.94,1329.10,84.99,52.01,1,-1,-1,-1
94,4,1710.74,1167.13,228.12,130.94,1,-1,-1,-1
94,6,2477.60,1362.07,77.21,62.25,1,-1,-1,-1
95,1,2164.42,1295.77,165.33,104.27,1,-1,-1,-1
95,2,2350.95,1329.09,85.31,52.03,1,-1,-1,-1
95,4,1710.75,1167.13,227.47,130.93,1,-1,-1,-1
95,6,2477.60,1362.06,77.21,62.26,1,-1,-1,-1
96,1,2138.25,1289.10,166.84,106.68,1,-1,-1,-1
96,2,2350.96,1329.09,85.67,52.05,1,-1,-1,-1
96,4,1710.75,1167.14,226.54,130.92,1,-1,-1,-1
96,6,2477.59,1362.06,77.22,62.26,1,-1,-1,-1
97,1,2111.08,1282.11,163.70,109.60,1,-1,-1,-1
97,2,2350.98,1329.08,86.05,52.07,1,-1,-1,-1
97,4,1710.75,1167.14,225.54,130.91,1,-1,-1,-1
97,6,2477.59,1362.06,77.22,62.26,1,-1,-1,-1
98,1,2083.10,1274.82,161.66,113.14,1,-1,-1,-1
98,2,2350.99,1329.08,86.43,52.08,1,-1,-1,-1
98,4,1710.75,1167.14,224.93,130.90,1,-1,-1,-1
98,6,2477.59,1362.06,77.22,62.26,1,-1,-1,-1
99,1,2054.41,1267.23,167.80,117.36,1,-1,-1,-1
99,2,2351.00,1329.07,86.82,52.09,1,-1,-1,-1
99,4,1710.75,1167.14,224.98,130.89,1,-1,-1,-1
99,6,2477.58,1362.05,77.22,62.27,1,-1,-1,-1
100,1,2025.00,1259.37,182.08,122.19,1,-1,-1,-1
100,2,2351.01,1329.07,87.19,52.09,1,-1,-1,-1
100,4,1710.75,1167.15,225.57,130.88,1,-1,-1,-1
100,6,2477.58,1362.05,77.22,62.27,1,-1,-1,-1
101,1,1994.76,1251.25,200.30,127.53,1,-1,-1,-1
101,2,2351.02,1329.06,87.55,52.09,1,-1,-1,-1
101,4,1710.75,1167.15,226.02,130.87,1,-1,-1,-1
101,6,2477.58,1362.05,77.23,62.27,1,-1,-1,-1
102,1,1963.48,1242.88,218.67,133.19,1,-1,-1,-1
102,2,2351.04,1329.06,87.89,52.09,1,-1,-1,-1
102,4,1710.75,1167.15,224.93,130.86,1,-1,-1,-1
102,6,2477.57,1362.04,77.23,62.27,1,-1,-1,-1
103,1,1930.89,1234.29,233.99,138.99,1,-1,-1,-1
103,2,2351.05,1329.05,88.20,52.08,1,-1,-1,-1
103,4,1710.75,1167.15,220.42,130.85,1,-1,-1,-1
103,6,2477.57,1362.04,77.23,62.28,1,-1,-1,-1
104,1,1896.64,1225.50,245.26,144.79,1,-1,-1,-1
104,2,2351.06,1329.05,88.48,52.07,1,-1,-1,-1
104,4,1710.76,1167.16,211.05,130.84,1,-1,-1,-1
104,6,2477.57,1362.04,77.23,62.28,1,-1,-1,-1
105,1,1860.42,1216.52,254.25,150.47,1,-1,-1,-1
105,2,2351.07,1329.04,88.73,52.06,1,-1,-1,-1
105,4,1710.76,1167.16,197.82,130.83,1,-1,-1,-1
105,6,2477.56,1362.04,77.23,62.28,1,-1,-1,-1
106,1,1822.07,1207.38,262.48,155.95,1,-1,-1,-1
106,2,2351.09,1329.04,88.96,52.05,1,-1,-1,-1
106,3,-209.24,1359.89,817.03,587.95,1,-1,-1,-1
106,4,1710.76,1167.16,184.98,130.82,1,-1,-1,-1
106,6,2477.56,1362.03,77.24,62.28,1,-1,-1,-1
107,1,1781.74,1198.10,270.29,161.19,1,-1,-1,-1
107,2,2351.10,1329.03,89.15,52.04,1,-1,-1,-1
107,3,-78.52,1349.66,792.07,560.47,1,-1,-1,-1
107,4,1710.76,1167.16,177.62,130.81,1,-1,-1,-1
107,6,2477.56,1362.03,77.24,62.29,1,-1,-1,-1
108,1,1739.90,1188.70,278.17,166.17,1,-1,-1,-1
108,2,2351.11,1329.02,89.32,52.03,1,-1,-1,-1
108,3,52.20,1339.44,767.10,532.99,1,-1,-1,-1
108,4,1710.76,1167.17,177.64,130.80,1,-1,-1,-1
108,6,2477.55,1362.03,77.24,62.29,1,-1,-1,-1
109,1,1696.99,1179.18,289.11,170.92,1,-1,-1,-1
109,2,2351.12,1329.02,89.46,52.02,1,-1,-1,-1
109,3,182.92,1329.21,742.13,505.51,1,-1,-1,-1
109,4,1710.76,1167.17,183.14,130.79,1,-1,-1,-1
109,6,2477.55,1362.02,77.24,62.29,1,-1,-1,-1
110,1,1653.21,1169.58,309.05,175.48,1,-1,-1,-1
110,2,2351.13,1329.01,89.57,52.01,1,-1,-1,-1
110,3,313.64,1318.99,717.16,478.03,1,-1,-1,-1
110,4,1710.76,1167.17,191.24,130.78,1,-1,-1,-1
110,6,2477.55,1362.02,77.24,62.29,1,-1,-1,-1
111,1,1608.58,1159.91,341.65,179.99,1,-1,-1,-1
111,2,2351.15,1329.01,89.67,52.01,1,-1,-1,-1
111,3,444.36,1308.76,692.20,450.55,1,-1,-1,-1
111,4,1710.76,1167.17,199.82,130.77,1,-1,-1,-1
111,6,2477.54,1362.02,77.24,62.30,1,-1,-1,-1
112,1,1563.00,1150.16,380.55,184.60,1,-1,-1,-1
112,2,2351.16,1329.00,89.74,52.01,1,-1,-1,-1
112,3,575.08,1298.54,667.23,423.08,1,-1,-1,-1
112,4,1710.76,1167.18,207.72,130.76,1,-1,-1,-1
112,6,2477.54,1362.01,77.25,62.30,1,-1,-1,-1
113,1,1516.14,1140.35,408.75,189.54,1,-1,-1,-1
113,2,2351.17,1329.00,89.80,52.01,1,-1,-1,-1
113,3,705.80,1288.31,642.26,395.60,1,-1,-1,-1
113,4,1710.77,1167.18,214.43,130.74,1,-1,-1,-1
113,6,2477.54,1362.01,77.25,62.30,1,-1,-1,-1
114,1,1467.55,1130.49,411.83,195.11,1,-1,-1,-1
114,2,2351.18,1328.99,89.84,52.01,1,-1,-1,-1
114,3,836.52,1278.09,617.30,368.12,1,-1,-1,-1
114,4,1710.77,1167.18,219.74,130.73,1,-1,-1,-1
114,6,2477.53,1362.01,77.25,62.31,1,-1,-1,-1
115,1,1416.67,1120.57,395.73,201.59,1,-1,-1,-1
115,2,2351.20,1328.99,89.87,52.02,1,-1,-1,-1
115,3,967.24,1267.86,592.33,340.64,1,-1,-1,-1
115,4,1710.77,1167.18,223.62,130.72,1,-1,-1,-1
115,6,2477.53,1362.01,77.25,62.31,1,-1,-1,-1
116,1,1362.92,1110.61,384.84,209.31,1,-1,-1,-1
116,2,2351.21,1328.98,89.88,52.03,1,-1,-1,-1
116,3,1097.96,1257.64,567.36,313.16,1,-1,-1,-1
116,4,1710.77,1167.19,226.09,130.71,1,-1,-1,-1
116,6,2477.53,1362.00,77.25,62.31,1,-1,-1,-1
117,1,1305.70,1100.59,392.12,218.58,1,-1,-1,-1
117,2,2351.22,1328.98,89.89,52.05,1,-1,-1,-1
117,3,1228.68,1247.41,542.40,285.69,1,-1,-1,-1
117,4,1710.77,1167.19,227.44,130.70,1,-1,-1,-1
117,6,2477.52,1362.00,77.26,62.31,1,-1,-1,-1
118,1,1244.42,1090.53,413.83,229.68,1,-1,-1,-1
118,2,2351.23,1328.97,89.89,52.07,1,-1,-1,-1
118,3,1359.40,1237.19,517.43,258.21,1,-1,-1,-1
118,4,1710.77,1167.19,228.01,130.69,1,-1,-1,-1
118,6,2477.52,1362.00,77.26,62.32,1,-1,-1,-1
119,1,1178.28,1080.42,441.33,242.88,1,-1,-1,-1
119,2,2351.25,1328.97,89.88,52.09,1,-1,-1,-1
119,4,1710.77,1167.19,227.89,130.68,1,-1,-1,-1
119,6,2477.52,1361.99,77.26,62.32,1,-1,-1,-1
120,1,1105.97,1070.27,469.71,258.31,1,-1,-1,-1
120,2,2351.26,1328.96,89.87,52.12,1,-1,-1,-1
120,4,1710.77,1167.20,227.15,130.67,1,-1,-1,-1
120,6,2477.51,1361.99,77.26,62.32,1,-1,-1,-1
121,1,1025.48,1060.07,500.12,275.98,1,-1,-1,-1
121,2,2351.27,1328.96,89.85,52.14,1,-1,-1,-1
121,4,1710.78,1167.20,226.10,130.66,1,-1,-1,-1
121,6,2477.51,1361.99,77.26,62.32,1,-1,-1,-1
122,1,934.12,1049.85,537.40,295.77,1,-1,-1,-1
122,2,2351.28,1328.95,89.82,52.17,1,-1,-1,-1
122,4,1710.78,1167.20,225.31,130.65,1,-1,-1,-1
122,6,2477.51,1361.99,77.27,62.33,1,-1,-1,-1
123,1,828.77,1039.59,586.57,317.41,1,-1,-1,-1
123,2,2351.29,1328.95,89.78,52.20,1,-1,-1,-1
123,4,1710.78,1167.20,225.04,130.64,1,-1,-1,-1
123,6,2477.50,1361.98,77.27,62.33,1,-1,-1,-1
124,1,706.30,1029.32,649.95,340.51,1,-1,-1,-1
124,2,2351.31,1328.94,89.74,52.23,1,-1,-1,-1
124,4,1710.78,1167.21,225.20,130.63,1,-1,-1,-1
124,6,2477.50,1361.98,77.27,62.33,1,-1,-1,-1
125,1,564.29,1019.03,727.11,364.57,1,-1,-1,-1
125,2,2351.32,1328.94,89.69,52.25,1,-1,-1,-1
125,4,1710.78,1167.21,225.47,130.62,1,-1,-1,-1
125,5,1719.57,1292.09,265.34,156.29,1,-1,-1,-1
125,6,2477.50,1361.98,77.27,62.33,1,-1,-1,-1
126,1,401.59,1008.74,816.88,389.05,1,-1,-1,-1
126,2,2351.33,1328.93,89.62,52.28,1,-1,-1,-1
126,4,1710.78,1167.21,225.65,130.61,1,-1,-1,-1
126,5,1757.16,1296.07,256.20,153.44,1,-1,-1,-1
126,6,2477.49,1361.97,77.27,62.34,1,-1,-1,-1
127,1,218.39,998.45,920.37,413.43,1,-1,-1,-1
127,2,2351.34,1328.92,89.55,52.30,1,-1,-1,-1
127,4,1710.78,1167.21,225.76,130.60,1,-1,-1,-1
127,5,1795.16,1300.05,246.68,150.59,1,-1,-1,-1
127,6,2477.49,1361.97,77.27,62.34,1,-1,-1,-1
128,2,2351.36,1328.92,89.47,52.32,1,-1,-1,-1
128,4,1710.78,1167.22,225.87,130.59,1,-1,-1,-1
128,5,1832.53,1304.02,237.50,147.73,1,-1,-1,-1
128,6,2477.49,1361.97,77.28,62.34,1,-1,-1,-1
129,2,2351.37,1328.91,89.37,52.34,1,-1,-1,-1
129,4,1710.78,1167.22,225.91,130.58,1,-1,-1,-1
129,5,1868.59,1308.00,229.10,144.88,1,-1,-1,-1
129,6,2477.48,1361.97,77.28,62.34,1,-1,-1,-1
130,2,2351.38,1328.91,89.27,52.35,1,-1,-1,-1
130,4,1710.79,1167.22,225.74,130.57,1,-1,-1,-1
130,5,1903.08,1311.98,221.50,142.02,1,-1,-1,-1
130,6,2477.48,1361.96,77.28,62.35,1,-1,-1,-1
131,2,2351.39,1328.90,89.16,52.36,1,-1,-1,-1
131,4,1710.79,1167.22,225.31,130.56,1,-1,-1,-1
131,5,1936.15,1315.95,214.40,139.17,1,-1,-1,-1
131,6,2477.48,1361.96,77.28,62.35,1,-1,-1,-1
132,2,2351.40,1328.90,89.04,52.37,1,-1,-1,-1
132,4,1710.79,1167.23,224.84,130.55,1,-1,-1,-1
132,5,1968.31,1319.93,207.25,136.32,1,-1,-1,-1
132,6,2477.47,1361.96,77.28,62.35,1,-1,-1,-1
133,2,2351.42,1328.89,88.91,52.37,1,-1,-1,-1
133,4,1710.79,1167.23,224.57,130.54,1,-1,-1,-1
133,5,2000.14,1323.91,199.53,133.46,1,-1,-1,-1
133,6,2477.47,1361.95,77.29,62.36,1,-1,-1,-1
134,2,2351.43,1328.89,88.78,52.37,1,-1,-1,-1
134,4,1710.79,1167.23,224.57,130.53,1,-1,-1,-1
134,5,2032.07,1327.88,190.94,130.61,1,-1,-1,-1
134,6,2477.46,1361.95,77.29,62.36,1,-1,-1,-1
135,2,2351.44,1328.88,88.64,52.36,1,-1,-1,-1
135,4,1710.79,1167.23,224.76,130.52,1,-1,-1,-1
135,5,2064.25,1331.86,181.55,127.75,1,-1,-1,-1
135,6,2477.46,1361.95,77.29,62.36,1,-1,-1,-1
136,2,2351.45,1328.88,88.50,52.35,1,-1,-1,-1
136,4,1710.79,1167.24,224.98,130.51,1,-1,-1,-1
136,5,2096.38,1335.84,171.86,124.90,1,-1,-1,-1
136,6,2477.46,1361.95,77.29,62.36,1,-1,-1,-1
137,2,2351.47,1328.87,88.36,52.34,1,-1,-1,-1
137,4,1710.79,1167.24,225.10,130.50,1,-1,-1,-1
137,5,2127.53,1339.81,162.91,122.05,1,-1,-1,-1
137,6,2477.45,1361.94,77.29,62.37,1,-1,-1,-1
138,2,2351.48,1328.87,88.23,52.32,1,-1,-1,-1
138,4,1710.80,1167.24,225.10,130.49,1,-1,-1,-1
138,5,2156.28,1343.79,156.12,119.19,1,-1,-1,-1
138,6,2477.45,1361.94,77.30,62.37,1,-1,-1,-1
139,2,2351.49,1328.86,88.10,52.30,1,-1,-1,-1
139,4,1710.80,1167.24,225.00,130.48,1,-1,-1,-1
139,5,2181.42,1347.77,152.66,116.34,1,-1,-1,-1
139,6,2477.45,1361.94,77.30,62.37,1,-1,-1,-1
140,2,2351.50,1328.86,87.99,52.27,1,-1,-1,-1
140,4,1710.80,1167.25,224.86,130.47,1,-1,-1,-1
140,5,2202.99,1351.74,152.30,113.48,1,-1,-1,-1
140,6,2477.44,1361.93,77.30,62.37,1,-1,-1,-1
141,2,2351.51,1328.85,87.89,52.24,1,-1,-1,-1
141,4,1710.80,1167.25,224.82,130.46,1,-1,-1,-1
141,5,2222.43,1355.72,153.45,110.63,1,-1,-1,-1
141,6,2477.44,1361.93,77.30,62.38,1,-1,-1,-1
142,2,2351.53,1328.85,87.80,52.21,1,-1,-1,-1
142,4,1710.80,1167.25,225.03,130.45,1,-1,-1,-1
142,5,2241.66,1359.70,154.10,107.78,1,-1,-1,-1
142,6,2477.44,1361.93,77.30,62.38,1,-1,-1,-1
143,2,2351.54,1328.84,87.74,52.17,1,-1,-1,-1
143,4,1710.80,1167.25,225.55,130.44,1,-1,-1,-1
143,5,2261.75,1363.67,153.09,104.92,1,-1,-1,-1
143,6,2477.43,1361.93,77.30,62.38,1,-1,-1,-1
144,2,2351.55,1328.84,87.70,52.13,1,-1,-1,-1
144,4,1710.80,1167.26,226.38,130.43,1,-1,-1,-1
144,5,2282.70,1367.65,150.38,102.07,1,-1,-1,-1
144,6,2477.43,1361.92,77.31,62.38,1,-1,-1,-1
145,2,2351.56,1328.83,87.68,52.09,1,-1,-1,-1
145,4,1710.80,1167.26,227.30,130.42,1,-1,-1,-1
145,5,2303.92,1371.62,146.52,99.21,1,-1,-1,-1
145,6,2477.43,1361.92,77.31,62.39,1,-1,-1,-1
146,2,2351.58,1328.83,87.67,52.05,1,-1,-1,-1
146,4,1710.80,1167.26,228.01,130.41,1,-1,-1,-1
146,5,2324.72,1375.60,142.13,96.36,1,-1,-1,-1
146,6,2477.42,1361.92,77.31,62.39,1,-1,-1,-1
147,2,2351.59,1328.82,87.69,52.01,1,-1,-1,-1
147,4,1710.81,1167.26,228.36,130.40,1,-1,-1,-1
147,5,2344.66,1379.58,137.60,93.51,1,-1,-1,-1
147,6,2477.42,1361.91,77.31,62.39,1,-1,-1,-1
148,2,2351.60,1328.81,87.71,51.96,1,-1,-1,-1
148,4,1710.81,1167.27,228.30,130.39,1,-1,-1,-1
148,5,2363.50,1383.55,133.11,90.65,1,-1,-1,-1
148,6,2477.42,1361.91,77.31,62.40,1,-1,-1,-1
149,2,2351.61,1328.81,87.75,51.92,1,-1,-1,-1
149,4,1710.81,1167.27,227.84,130.38,1,-1,-1,-1
149,5,2381.14,1387.53,128.67,87.80,1,-1,-1,-1
149,6,2477.41,1361.91,77.32,62.40,1,-1,-1,-1
150,2,2351.63,1328.80,87.79,51.87,1,-1,-1,-1
150,4,1710.81,1167.27,227.15,130.37,1,-1,-1,-1
150,5,2397.64,1391.51,124.14,84.94,1,-1,-1,-1
150,6,2477.41,1361.91,77.32,62.40,1,-1,-1,-1
151,2,2351.64,1328.80,87.84,51.83,1,-1,-1,-1
151,4,1710.81,1167.27,226.54,130.36,1,-1,-1,-1
151,5,2413.20,1395.48,119.28,82.09,1,-1,-1,-1
151,6,2477.41,1361.90,77.32,62.40,1,-1,-1,-1
152,2,2351.65,1328.79,87.89,51.79,1,-1,-1,-1
152,4,1710.81,1167.28,226.17,130.35,1,-1,-1,-1
152,5,2428.12,1399.46,113.85,79.24,1,-1,-1,-1
152,6,2477.40,1361.90,77.32,62.41,1,-1,-1,-1
153,2,2351.66,1328.79,87.94,51.74,1,-1,-1,-1
153,4,1710.81,1167.28,226.02,130.34,1,-1,-1,-1
153,5,2442.75,1403.44,107.65,76.38,1,-1,-1,-1
153,6,2477.40,1361.90,77.32,62.41,1,-1,-1,-1
154,2,2351.67,1328.78,87.99,51.70,1,-1,-1,-1
154,4,1710.81,1167.28,226.00,130.33,1,-1,-1,-1
154,5,2457.67,1407.41,100.40,73.53,1,-1,-1,-1
154,6,2477.40,1361.89,77.33,62.41,1,-1,-1,-1
155,2,2351.69,1328.78,88.03,51.67,1,-1,-1,-1
155,4,1710.82,1167.28,226.02,130.32,1,-1,-1,-1
155,5,2473.54,1411.39,91.80,70.67,1,-1,-1,-1
155,6,2477.39,1361.89,77.33,62.41,1,-1,-1,-1
156,2,2351.70,1328.77,88.08,51.63,1,-1,-1,-1
156,4,1710.82,1167.29,226.04,130.31,1,-1,-1,-1
156,6,2477.39,1361.89,77.33,62.42,1,-1,-1,-1
157,2,2351.71,1328.77,88.13,51.60,1,-1,-1,-1
157,4,1710.82,1167.29,226.07,130.30,1,-1,-1,-1
157,6,2477.39,1361.88,77.33,62.42,1,-1,-1,-1
158,2,2351.72,1328.76,88.17,51.57,1,-1,-1,-1
158,4,1710.82,1167.29,226.13,130.29,1,-1,-1,-1
158,6,2477.38,1361.88,77.33,62.42,1,-1,-1,-1
159,2,2351.74,1328.76,88.22,51.54,1,-1,-1,-1
159,4,1710.82,1167.29,226.24,130.28,1,-1,-1,-1
159,6,2477.38,1361.88,77.34,62.42,1,-1,-1,-1
160,2,2351.75,1328.75,88.27,51.51,1,-1,-1,-1
160,4,1710.82,1167.30,226.40,130.27,1,-1,-1,-1
160,6,2477.38,1361.88,77.34,62.43,1,-1,-1,-1
161,2,2351.76,1328.75,88.31,51.49,1,-1,-1,-1
161,4,1710.82,1167.30,226.53,130.26,1,-1,-1,-1
161,6,2477.37,1361.87,77.34,62.43,1,-1,-1,-1
162,2,2351.77,1328.74,88.36,51.47,1,-1,-1,-1
162,4,1710.82,1167.30,226.52,130.25,1,-1,-1,-1
162,6,2477.37,1361.87,77.34,62.43,1,-1,-1,-1
163,2,2351.78,1328.74,88.41,51.45,1,-1,-1,-1
163,4,1710.82,1167.30,226.38,130.24,1,-1,-1,-1
163,6,2477.37,1361.87,77.34,62.43,1,-1,-1,-1
164,2,2351.80,1328.73,88.45,51.43,1,-1,-1,-1
164,4,1710.83,1167.31,226.21,130.23,1,-1,-1,-1
164,6,2477.36,1361.86,77.34,62.44,1,-1,-1,-1
165,2,2351.81,1328.73,88.50,51.42,1,-1,-1,-1
165,4,1710.83,1167.31,226.10,130.22,1,-1,-1,-1
165,6,2477.36,1361.86,77.35,62.44,1,-1,-1,-1
166,2,2351.82,1328.72,88.53,51.41,1,-1,-1,-1
166,4,1710.83,1167.31,226.09,130.21,1,-1,-1,-1
166,6,2477.36,1361.86,77.35,62.44,1,-1,-1,-1
167,2,2351.83,1328.71,88.55,51.40,1,-1,-1,-1
167,4,1710.83,1167.31,226.19,130.20,1,-1,-1,-1
167,6,2477.35,1361.86,77.35,62.45,1,-1,-1,-1
168,2,2351.85,1328.71,88.56,51.39,1,-1,-1,-1
168,4,1710.83,1167.32,226.37,130.19,1,-1,-1,-1
168,6,2477.35,1361.85,77.35,62.45,1,-1,-1,-1
169,2,2351.86,1328.70,88.56,51.39,1,-1,-1,-1
169,4,1710.83,1167.32,226.56,130.18,1,-1,-1,-1
169,6,2477.35,1361.85,77.35,62.45,1,-1,-1,-1
170,2,2351.87,1328.70,88.53,51.38,1,-1,-1,-1
170,4,1710.83,1167.32,226.64,130.17,1,-1,-1,-1
170,6,2477.34,1361.85,77.36,62.45,1,-1,-1,-1
171,2,2351.88,1328.69,88.47,51.38,1,-1,-1,-1
171,4,1710.83,1167.32,226.59,130.16,1,-1,-1,-1
171,6,2477.34,1361.84,77.36,62.46,1,-1,-1,-1
172,2,2351.89,1328.69,88.39,51.38,1,-1,-1,-1
172,4,1710.83,1167.33,226.47,130.15,1,-1,-1,-1
172,6,2477.33,1361.84,77.36,62.46,1,-1,-1,-1
173,2,2351.91,1328.68,88.27,51.38,1,-1,-1,-1
173,4,1710.84,1167.33,226.31,130.14,1,-1,-1,-1
173,6,2477.33,1361.84,77.36,62.46,1,-1,-1,-1
173,7,2490.85,1368.97,67.86,73.16,1,-1,-1,-1
174,2,2351.92,1328.68,88.12,51.38,1,-1,-1,-1
174,4,1710.84,1167.33,226.16,130.13,1,-1,-1,-1
174,6,2477.33,1361.84,77.36,62.46,1,-1,-1,-1
174,7,2482.99,1367.53,72.72,74.64,1,-1,-1,-1
175,2,2351.93,1328.67,87.93,51.38,1,-1,-1,-1
175,4,1710.84,1167.33,226.07,130.12,1,-1,-1,-1
175,6,2477.32,1361.83,77.37,62.47,1,-1,-1,-1
175,7,2474.44,1366.09,81.52,75.92,1,-1,-1,-1
176,2,2351.94,1328.67,87.71,51.39,1,-1,-1,-1
176,4,1710.84,1167.33,226.03,130.11,1,-1,-1,-1
176,6,2477.32,1361.83,77.37,62.47,1,-1,-1,-1
176,7,2465.00,1364.62,91.23,77.01,1,-1,-1,-1
177,2,2351.96,1328.66,87.45,51.39,1,-1,-1,-1
177,4,1710.84,1167.34,226.02,130.10,1,-1,-1,-1
177,6,2477.32,1361.83,77.37,62.47,1,-1,-1,-1
177,7,2454.64,1363.09,100.11,77.95,1,-1,-1,-1
178,2,2351.97,1328.66,87.16,51.40,1,-1,-1,-1
178,4,1710.84,1167.34,226.02,130.09,1,-1,-1,-1
178,6,2477.31,1361.82,77.37,62.47,1,-1,-1,-1
178,7,2443.37,1361.47,107.84,78.80,1,-1,-1,-1
179,2,2351.98,1328.65,86.85,51.41,1,-1,-1,-1
179,4,1710.84,1167.34,226.02,130.08,1,-1,-1,-1
179,6,2477.31,1361.82,77.37,62.48,1,-1,-1,-1
179,7,2431.19,1359.73,115.07,79.57,1,-1,-1,-1
180,2,2351.99,1328.65,86.52,51.43,1,-1,-1,-1
180,4,1710.84,1167.34,226.03,130.07,1,-1,-1,-1
180,6,2477.31,1361.82,77.37,62.48,1,-1,-1,-1
180,7,2418.39,1357.85,121.15,80.32,1,-1,-1,-1
181,2,2352.00,1328.64,86.17,51.45,1,-1,-1,-1
181,4,1710.85,1167.35,226.04,130.06,1,-1,-1,-1
181,6,2477.30,1361.82,77.38,62.48,1,-1,-1,-1
181,7,2405.49,1355.81,124.89,81.03,1,-1,-1,-1
182,2,2352.02,1328.64,85.83,51.47,1,-1,-1,-1
182,4,1710.85,1167.35,226.08,130.05,1,-1,-1,-1
182,6,2477.30,1361.81,77.38,62.48,1,-1,-1,-1
182,7,2392.90,1353.60,125.95,81.73,1,-1,-1,-1
183,2,2352.03,1328.63,85.49,51.50,1,-1,-1,-1
183,4,1710.85,1167.35,226.15,130.04,1,-1,-1,-1
183,6,2477.30,1361.81,77.38,62.49,1,-1,-1,-1
183,7,2380.48,1351.23,123.26,82.40,1,-1,-1,-1
184,2,2352.04,1328.63,85.16,51.54,1,-1,-1,-1
184,4,1710.85,1167.35,226.24,130.03,1,-1,-1,-1
184,6,2477.29,1361.81,77.38,62.49,1,-1,-1,-1
184,7,2367.69,1348.68,120.51,83.04,1,-1,-1,-1
185,2,2352.05,1328.62,84.85,51.58,1,-1,-1,-1
185,4,1710.85,1167.36,226.28,130.02,1,-1,-1,-1
185,6,2477.29,1361.80,77.38,62.49,1,-1,-1,-1
185,7,2354.05,1345.97,121.42,83.66,1,-1,-1,-1
186,2,2352.07,1328.61,84.58,51.62,1,-1,-1,-1
186,4,1710.85,1167.36,226.23,130.01,1,-1,-1,-1
186,6,2477.29,1361.80,77.39,62.50,1,-1,-1,-1
186,7,2339.45,1343.11,124.50,84.27,1,-1,-1,-1
187,2,2352.08,1328.61,84.35,51.68,1,-1,-1,-1
187,4,1710.85,1167.36,226.14,130.00,1,-1,-1,-1
187,6,2477.28,1361.80,77.39,62.50,1,-1,-1,-1
187,7,2324.18,1340.08,127.95,84.91,1,-1,-1,-1
188,2,2352.09,1328.60,84.16,51.74,1,-1,-1,-1
188,4,1710.85,1167.36,226.06,129.99,1,-1,-1,-1
188,6,2477.28,1361.80,77.39,62.50,1,-1,-1,-1
188,7,2308.67,1336.89,132.74,85.60,1,-1,-1,-1
189,2,2352.10,1328.60,84.02,51.80,1,-1,-1,-1
189,4,1710.85,1167.37,226.03,129.98,1,-1,-1,-1
189,6,2477.28,1361.79,77.39,62.50,1,-1,-1,-1
189,7,2293.46,1333.54,136.66,86.36,1,-1,-1,-1
190,2,2352.12,1328.59,83.95,51.87,1,-1,-1,-1
190,4,1710.86,1167.37,226.05,129.97,1,-1,-1,-1
190,6,2477.27,1361.79,77.39,62.51,1,-1,-1,-1
190,7,2278.92,1330.01,135.93,87.21,1,-1,-1,-1
191,2,2352.13,1328.59,83.93,51.95,1,-1,-1,-1
191,4,1710.86,1167.37,226.13,129.96,1,-1,-1,-1
191,6,2477.27,1361.79,77.40,62.51,1,-1,-1,-1
191,7,2265.05,1326.29,132.09,88.14,1,-1,-1,-1
192,2,2352.14,1328.58,83.98,52.03,1,-1,-1,-1
192,4,1710.86,1167.37,226.22,129.95,1,-1,-1,-1
192,6,2477.27,1361.78,77.40,62.51,1,-1,-1,-1
192,7,2251.18,1322.36,129.52,89.17,1,-1,-1,-1
193,2,2352.15,1328.58,84.08,52.11,1,-1,-1,-1
193,4,1710.86,1167.38,226.27,129.94,1,-1,-1,-1
193,6,2477.26,1361.78,77.40,62.51,1,-1,-1,-1
193,7,2235.88,1318.20,130.24,90.33,1,-1,-1,-1
194,2,2352.16,1328.57,84.25,52.20,1,-1,-1,-1
194,4,1710.86,1167.38,226.23,129.93,1,-1,-1,-1
194,6,2477.26,1361.78,77.40,62.52,1,-1,-1,-1
194,7,2217.59,1313.79,134.45,91.65,1,-1,-1,-1
195,2,2352.18,1328.57,84.45,52.29,1,-1,-1,-1
195,4,1710.86,1167.38,226.15,129.92,1,-1,-1,-1
195,6,2477.26,1361.78,77.40,62.52,1,-1,-1,-1
195,7,2195.86,1309.12,142.75,93.17,1,-1,-1,-1
196,2,2352.19,1328.56,84.70,52.38,1,-1,-1,-1
196,4,1710.86,1167.38,226.07,129.91,1,-1,-1,-1
196,6,2477.25,1361.77,77.40,62.52,1,-1,-1,-1
196,7,2171.89,1304.18,152.08,94.94,1,-1,-1,-1
197,2,2352.20,1328.56,84.97,52.47,1,-1,-1,-1
197,4,1710.86,1167.39,226.00,129.90,1,-1,-1,-1
197,6,2477.25,1361.77,77.41,62.52,1,-1,-1,-1
197,7,2147.45,1298.95,155.47,97.03,1,-1,-1,-1
198,2,2352.21,1328.55,85.26,52.57,1,-1,-1,-1
198,4,1710.87,1167.39,225.90,129.89,1,-1,-1,-1
198,6,2477.25,1361.77,77.41,62.53,1,-1,-1,-1
198,7,2123.44,1293.44,150.92,99.50,1,-1,-1,-1
199,2,2352.23,1328.55,85.56,52.66,1,-1,-1,-1
199,4,1710.87,1167.39,225.77,129.88,1,-1,-1,-1
199,6,2477.24,1361.76,77.41,62.53,1,-1,-1,-1
199,7,2099.75,1287.66,146.63,102.36,1,-1,-1,-1
200,2,2352.24,1328.54,85.87,52.76,1,-1,-1,-1
200,4,1710.87,1167.39,225.63,129.87,1,-1,-1,-1
200,6,2477.24,1361.76,77.41,62.53,1,-1,-1,-1
200,7,2075.79,1281.62,152.39,105.60,1,-1,-1,-1
201,2,2352.25,1328.54,86.17,52.85,1,-1,-1,-1
201,4,1710.87,1167.40,225.57,129.86,1,-1,-1,-1
201,6,2477.24,1361.76,77.41,62.53,1,-1,-1,-1
201,7,2051.01,1275.32,167.08,109.15,1,-1,-1,-1
202,2,2352.26,1328.53,86.46,52.94,1,-1,-1,-1
202,4,1710.87,1167.40,225.76,129.85,1,-1,-1,-1
202,6,2477.23,1361.75,77.42,62.54,1,-1,-1,-1
202,7,2025.06,1268.78,183.20,112.90,1,-1,-1,-1
203,2,2352.27,1328.53,86.73,53.03,1,-1,-1,-1
203,4,1710.87,1167.40,226.37,129.84,1,-1,-1,-1
203,6,2477.23,1361.75,77.42,62.54,1,-1,-1,-1
203,7,1998.11,1262.02,193.85,116.75,1,-1,-1,-1
204,2,2352.29,1328.52,86.99,53.11,1,-1,-1,-1
204,4,1710.87,1167.40,226.73,129.83,1,-1,-1,-1
204,6,2477.23,1361.75,77.42,62.54,1,-1,-1,-1
204,7,1970.59,1255.05,196.74,120.61,1,-1,-1,-1
205,2,2352.30,1328.51,87.22,53.19,1,-1,-1,-1
205,4,1710.87,1167.41,225.01,129.82,1,-1,-1,-1
205,6,2477.22,1361.75,77.42,62.55,1,-1,-1,-1
205,7,1942.76,1247.89,196.10,124.43,1,-1,-1,-1
206,2,2352.31,1328.51,87.43,53.27,1,-1,-1,-1
206,4,1710.87,1167.41,218.82,129.81,1,-1,-1,-1
206,6,2477.22,1361.74,77.42,62.55,1,-1,-1,-1
206,7,1914.31,1240.53,197.77,128.18,1,-1,-1,-1
207,2,2352.32,1328.50,87.61,53.34,1,-1,-1,-1
207,4,1710.88,1167.41,206.93,129.80,1,-1,-1,-1
207,6,2477.22,1361.74,77.43,62.55,1,-1,-1,-1
207,7,1884.42,1233.00,203.15,131.87,1,-1,-1,-1
208,2,2352.34,1328.50,87.77,53.41,1,-1,-1,-1
208,4,1710.88,1167.41,191.20,129.79,1,-1,-1,-1
208,6,2477.21,1361.74,77.43,62.55,1,-1,-1,-1
208,7,1852.19,1225.32,210.52,135.54,1,-1,-1,-1
209,2,2352.35,1328.49,87.91,53.46,1,-1,-1,-1
209,4,1710.88,1167.42,177.26,129.78,1,-1,-1,-1
209,6,2477.21,1361.73,77.43,62.56,1,-1,-1,-1
209,7,1816.94,1217.48,217.83,139.24,1,-1,-1,-1
210,2,2352.36,1328.49,88.03,53.52,1,-1,-1,-1
210,4,1710.88,1167.42,169.65,129.77,1,-1,-1,-1
210,6,2477.20,1361.73,77.43,62.56,1,-1,-1,-1
210,7,1778.58,1209.53,224.97,143.00,1,-1,-1,-1
211,2,2352.37,1328.48,88.12,53.56,1,-1,-1,-1
211,4,1710.88,1167.42,169.56,129.76,1,-1,-1,-1
211,6,2477.20,1361.73,77.43,62.56,1,-1,-1,-1
211,7,1737.68,1201.46,234.88,146.87,1,-1,-1,-1
212,2,2352.38,1328.48,88.20,53.59,1,-1,-1,-1
212,4,1710.88,1167.42,175.63,129.75,1,-1,-1,-1
212,6,2477.20,1361.73,77.44,62.56,1,-1,-1,-1
212,7,1695.41,1193.30,252.84,150.86,1,-1,-1,-1
213,2,2352.40,1328.47,88.26,53.62,1,-1,-1,-1
213,4,1710.88,1167.43,185.15,129.74,1,-1,-1,-1
213,6,2477.19,1361.72,77.44,62.57,1,-1,-1,-1
213,7,1652.97,1185.06,280.38,154.97,1,-1,-1,-1
214,2,2352.41,1328.47,88.31,53.63,1,-1,-1,-1
214,4,1710.88,1167.43,195.68,129.73,1,-1,-1,-1
214,6,2477.19,1361.72,77.44,62.57,1,-1,-1,-1
214,7,1610.66,1176.74,312.53,159.27,1,-1,-1,-1
215,2,2352.42,1328.46,88.34,53.62,1,-1,-1,-1
215,4,1710.89,1167.43,205.61,129.72,1,-1,-1,-1
215,6,2477.19,1361.72,77.44,62.57,1,-1,-1,-1
215,7,1567.66,1168.34,339.32,163.80,1,-1,-1,-1
216,2,2352.43,1328.46,88.37,53.61,1,-1,-1,-1
216,4,1710.89,1167.43,214.08,129.71,1,-1,-1,-1
216,6,2477.18,1361.71,77.44,62.57,1,-1,-1,-1
216,7,1522.82,1159.82,343.66,168.70,1,-1,-1,-1
217,2,2352.45,1328.45,88.39,53.57,1,-1,-1,-1
217,4,1710.89,1167.44,220.60,129.70,1,-1,-1,-1
217,6,2477.18,1361.71,77.44,62.58,1,-1,-1,-1
217,7,1475.18,1151.18,321.57,174.10,1,-1,-1,-1
218,2,2352.46,1328.45,88.41,53.52,1,-1,-1,-1
218,4,1710.89,1167.44,224.99,129.69,1,-1,-1,-1
218,6,2477.18,1361.71,77.45,62.58,1,-1,-1,-1
218,7,1423.91,1142.38,305.36,180.20,1,-1,-1,-1
219,2,2352.47,1328.44,88.42,53.44,1,-1,-1,-1
219,4,1710.89,1167.44,227.45,129.68,1,-1,-1,-1
219,6,2477.17,1361.71,77.45,62.58,1,-1,-1,-1
219,7,1368.36,1133.39,312.95,187.19,1,-1,-1,-1
220,2,2352.48,1328.44,88.42,53.35,1,-1,-1,-1
220,4,1710.89,1167.44,228.37,129.67,1,-1,-1,-1
220,6,2477.17,1361.70,77.45,62.58,1,-1,-1,-1
220,7,1308.19,1124.19,333.83,195.27,1,-1,-1,-1
221,2,2352.50,1328.43,88.42,53.23,1,-1,-1,-1
221,4,1710.89,1167.45,228.37,129.66,1,-1,-1,-1
221,6,2477.17,1361.70,77.45,62.59,1,-1,-1,-1
221,7,1243.26,1114.76,355.13,204.65,1,-1,-1,-1
222,2,2352.51,1328.43,88.41,53.08,1,-1,-1,-1
222,4,1710.89,1167.45,228.11,129.65,1,-1,-1,-1
222,6,2477.16,1361.70,77.45,62.59,1,-1,-1,-1
222,7,1173.28,1105.07,375.81,215.50,1,-1,-1,-1
223,2,2352.52,1328.42,88.39,52.91,1,-1,-1,-1
223,4,1710.89,1167.45,227.99,129.64,1,-1,-1,-1
223,6,2477.16,1361.69,77.46,62.59,1,-1,-1,-1
223,7,1097.65,1095.12,400.12,227.97,1,-1,-1,-1
224,2,2352.53,1328.41,88.36,52.70,1,-1,-1,-1
224,4,1710.90,1167.45,227.87,129.63,1,-1,-1,-1
224,6,2477.16,1361.69,77.46,62.60,1,-1,-1,-1
224,7,1015.15,1084.91,429.07,242.16,1,-1,-1,-1
225,2,2352.54,1328.41,88.30,52.47,1,-1,-1,-1
225,4,1710.90,1167.46,227.55,129.62,1,-1,-1,-1
225,6,2477.15,1361.69,77.46,62.60,1,-1,-1,-1
225,7,923.65,1074.45,463.79,258.08,1,-1,-1,-1
226,2,2352.56,1328.40,88.21,52.19,1,-1,-1,-1
226,4,1710.90,1167.46,227.17,129.60,1,-1,-1,-1
226,6,2477.15,1361.69,77.46,62.60,1,-1,-1,-1
226,7,820.00,1063.76,505.90,275.67,1,-1,-1,-1
227,2,2352.57,1328.40,88.09,51.89,1,-1,-1,-1
227,4,1710.90,1167.46,227.07,129.59,1,-1,-1,-1
227,6,2477.15,1361.68,77.46,62.60,1,-1,-1,-1
227,7,700.32,1052.86,556.00,294.78,1,-1,-1,-1
228,2,2352.58,1328.39,87.92,51.54,1,-1,-1,-1
228,4,1710.90,1167.46,227.38,129.58,1,-1,-1,-1
228,6,2477.14,1361.68,77.47,62.61,1,-1,-1,-1
228,7,560.75,1041.78,613.18,315.15,1,-1,-1,-1
229,2,2352.59,1328.39,87.69,51.15,1,-1,-1,-1
229,4,1710.90,1167.47,227.77,129.57,1,-1,-1,-1
229,6,2477.14,1361.68,77.47,62.61,1,-1,-1,-1
229,7,398.64,1030.56,679.53,336.50,1,-1,-1,-1
230,2,2352.61,1328.38,87.39,50.73,1,-1,-1,-1
230,4,1710.90,1167.47,227.74,129.56,1,-1,-1,-1
230,6,2477.14,1361.67,77.47,62.61,1,-1,-1,-1
230,7,213.51,1019.22,764.25,358.46,1,-1,-1,-1
231,2,2352.62,1328.38,87.00,50.26,1,-1,-1,-1
231,4,1710.90,1167.47,227.23,129.55,1,-1,-1,-1
231,6,2477.13,1361.67,77.47,62.61,1,-1,-1,-1
231,7,6.94,1007.82,876.84,380.69,1,-1,-1,-1
232,2,2352.63,1328.37,86.53,49.75,1,-1,-1,-1
232,4,1710.90,1167.47,226.60,129.54,1,-1,-1,-1
232,6,2477.13,1361.67,77.47,62.62,1,-1,-1,-1
233,2,2352.64,1328.37,85.94,49.20,1,-1,-1,-1
233,4,1710.91,1167.48,226.14,129.53,1,-1,-1,-1
233,6,2477.13,1361.67,77.47,62.62,1,-1,-1,-1
234,2,2352.65,1328.36,85.25,48.61,1,-1,-1,-1
234,4,1710.91,1167.48,225.92,129.52,1,-1,-1,-1
234,6,2477.12,1361.66,77.48,62.62,1,-1,-1,-1
235,2,2352.67,1328.36,84.43,47.97,1,-1,-1,-1
235,4,1710.91,1167.48,225.83,129.51,1,-1,-1,-1
235,6,2477.12,1361.66,77.48,62.62,1,-1,-1,-1
236,2,2352.68,1328.35,83.49,47.30,1,-1,-1,-1
236,4,1710.91,1167.48,225.81,129.50,1,-1,-1,-1
236,6,2477.12,1361.66,77.48,62.63,1,-1,-1,-1
237,2,2352.69,1328.35,82.42,46.60,1,-1,-1,-1
237,4,1710.91,1167.49,225.81,129.49,1,-1,-1,-1
237,6,2477.11,1361.65,77.48,62.63,1,-1,-1,-1
238,2,2352.70,1328.34,81.23,45.86,1,-1,-1,-1
238,4,1710.91,1167.49,225.88,129.48,1,-1,-1,-1
238,6,2477.11,1361.65,77.48,62.63,1,-1,-1,-1
239,2,2352.72,1328.34,79.93,45.09,1,-1,-1,-1
239,4,1710.91,1167.49,226.16,129.47,1,-1,-1,-1
239,6,2477.11,1361.65,77.49,62.63,1,-1,-1,-1
240,2,2352.73,1328.33,78.53,44.30,1,-1,-1,-1
240,4,1710.91,1167.49,226.74,129.46,1,-1,-1,-1
240,6,2477.10,1361.65,77.49,62.64,1,-1,-1,-1
241,2,2352.74,1328.33,77.05,43.49,1,-1,-1,-1
241,4,1710.92,1167.50,227.55,129.45,1,-1,-1,-1
241,6,2477.10,1361.64,77.49,62.64,1,-1,-1,-1
242,2,2352.75,1328.32,75.51,42.68,1,-1,-1,-1
242,4,1710.92,1167.50,228.26,129.44,1,-1,-1,-1
242,6,2477.10,1361.64,77.49,62.64,1,-1,-1,-1
243,2,2352.76,1328.31,73.94,41.85,1,-1,-1,-1
243,4,1710.92,1167.50,228.70,129.43,1,-1,-1,-1
243,6,2477.09,1361.64,77.49,62.65,1,-1,-1,-1
244,2,2352.78,1328.31,72.36,41.03,1,-1,-1,-1
244,4,1710.92,1167.50,228.87,129.42,1,-1,-1,-1
244,6,2477.09,1361.63,77.50,62.65,1,-1,-1,-1
245,2,2352.79,1328.30,70.81,40.21,1,-1,-1,-1
245,4,1710.92,1167.51,228.89,129.41,1,-1,-1,-1
245,6,2477.09,1361.63,77.50,62.65,1,-1,-1,-1
246,2,2352.80,1328.30,69.30,39.41,1,-1,-1,-1
246,4,1710.92,1167.51,228.85,129.40,1,-1,-1,-1
246,6,2477.08,1361.63,77.50,62.65,1,-1,-1,-1
247,2,2352.81,1328.29,67.87,38.63,1,-1,-1,-1
247,4,1710.92,1167.51,228.82,129.39,1,-1,-1,-1
247,6,2477.08,1361.62,77.50,62.66,1,-1,-1,-1
248,2,2352.83,1328.29,66.53,37.87,1,-1,-1,-1
248,4,1710.92,1167.51,228.80,129.38,1,-1,-1,-1
248,6,2477.08,1361.62,77.50,62.66,1,-1,-1,-1
249,2,2352.84,1328.28,65.30,37.14,1,-1,-1,-1
249,4,1710.92,1167.52,228.79,129.37,1,-1,-1,-1
249,6,2477.07,1361.62,77.50,62.66,1,-1,-1,-1
250,2,2352.85,1328.28,64.19,36.45,1,-1,-1,-1
250,4,1710.93,1167.52,228.79,129.36,1,-1,-1,-1
250,6,2477.07,1361.62,77.51,62.66,1,-1,-1,-1
251,2,2352.86,1328.27,63.21,35.79,1,-1,-1,-1
251,4,1710.93,1167.52,228.79,129.35,1,-1,-1,-1
251,6,2477.06,1361.61,77.51,62.67,1,-1,-1,-1
252,2,2352.87,1328.27,62.36,35.18,1,-1,-1,-1
252,4,1710.93,1167.52,228.79,129.34,1,-1,-1,-1
252,6,2477.06,1361.61,77.51,62.67,1,-1,-1,-1
253,2,2352.89,1328.26,61.65,34.61,1,-1,-1,-1
253,4,1710.93,1167.53,228.79,129.33,1,-1,-1,-1
253,6,2477.06,1361.61,77.51,62.67,1,-1,-1,-1
254,2,2352.90,1328.26,61.07,34.08,1,-1,-1,-1
254,4,1710.93,1167.53,228.79,129.32,1,-1,-1,-1
254,6,2477.05,1361.60,77.51,62.67,1,-1,-1,-1
255,2,2352.91,1328.25,60.62,33.60,1,-1,-1,-1
255,4,1710.93,1167.53,228.79,129.31,1,-1,-1,-1
255,6,2477.05,1361.60,77.52,62.68,1,-1,-1,-1
256,2,2352.92,1328.25,60.30,33.16,1,-1,-1,-1
256,4,1710.93,1167.53,228.79,129.30,1,-1,-1,-1
256,6,2477.05,1361.60,77.52,62.68,1,-1,-1,-1
257,2,2352.94,1328.24,60.09,32.77,1,-1,-1,-1
257,4,1710.93,1167.54,228.78,129.29,1,-1,-1,-1
257,6,2477.04,1361.60,77.52,62.68,1,-1,-1,-1
258,2,2352.95,1328.24,59.99,32.43,1,-1,-1,-1
258,4,1710.94,1167.54,228.78,129.28,1,-1,-1,-1
258,6,2477.04,1361.59,77.52,62.68,1,-1,-1,-1
259,2,2352.96,1328.23,59.98,32.13,1,-1,-1,-1
259,4,1710.94,1167.54,228.78,129.27,1,-1,-1,-1
259,6,2477.04,1361.59,77.52,62.69,1,-1,-1,-1
260,2,2352.97,1328.23,60.06,31.87,1,-1,-1,-1
260,4,1710.94,1167.54,228.78,129.26,1,-1,-1,-1
260,6,2477.03,1361.59,77.53,62.69,1,-1,-1,-1
260,8,2351.29,1329.84,90.40,51.71,1,-1,-1,-1
261,4,1710.94,1167.55,228.77,129.25,1,-1,-1,-1
261,6,2477.03,1361.58,77.53,62.69,1,-1,-1,-1
261,8,2351.33,1329.83,89.99,51.35,1,-1,-1,-1
262,4,1710.94,1167.55,228.77,129.24,1,-1,-1,-1
262,6,2477.03,1361.58,77.53,62.70,1,-1,-1,-1
262,8,2351.36,1329.81,89.71,51.01,1,-1,-1,-1
263,4,1710.94,1167.55,228.77,129.23,1,-1,-1,-1
263,6,2477.02,1361.58,77.53,62.70,1,-1,-1,-1
263,8,2351.39,1329.79,89.54,50.68,1,-1,-1,-1
264,4,1710.94,1167.55,228.78,129.22,1,-1,-1,-1
264,6,2477.02,1361.58,77.53,62.70,1,-1,-1,-1
264,8,2351.42,1329.78,89.40,50.37,1,-1,-1,-1
264,10,2474.51,1365.38,84.29,77.59,1,-1,-1,-1
265,4,1710.94,1167.56,228.81,129.21,1,-1,-1,-1
265,6,2477.02,1361.57,77.54,62.70,1,-1,-1,-1
265,8,2351.45,1329.76,89.24,50.06,1,-1,-1,-1
265,10,2461.34,1364.50,96.01,78.40,1,-1,-1,-1
266,4,1710.94,1167.56,228.84,129.20,1,-1,-1,-1
266,6,2477.01,1361.57,77.54,62.71,1,-1,-1,-1
266,8,2351.49,1329.74,88.97,49.76,1,-1,-1,-1
266,10,2455.05,1365.12,99.20,77.51,1,-1,-1,-1
267,4,1710.95,1167.56,228.83,129.19,1,-1,-1,-1
267,6,2477.01,1361.57,77.54,62.71,1,-1,-1,-1
267,8,2351.52,1329.73,88.58,49.48,1,-1,-1,-1
267,10,2446.28,1366.55,102.83,75.57,1,-1,-1,-1
268,4,1710.95,1167.56,228.70,129.18,1,-1,-1,-1
268,6,2477.01,1361.56,77.54,62.71,1,-1,-1,-1
268,8,2351.55,1329.71,88.07,49.22,1,-1,-1,-1
268,10,2431.50,1367.92,110.29,73.46,1,-1,-1,-1
269,4,1710.95,1167.57,228.34,129.17,1,-1,-1,-1
269,6,2477.00,1361.56,77.54,62.71,1,-1,-1,-1
269,8,2351.58,1329.70,87.45,49.00,1,-1,-1,-1
269,10,2416.92,1368.45,115.55,71.95,1,-1,-1,-1
270,4,1710.95,1167.57,227.70,129.16,1,-1,-1,-1
270,6,2477.00,1361.56,77.54,62.72,1,-1,-1,-1
270,8,2351.61,1329.68,86.76,48.82,1,-1,-1,-1
270,10,2406.50,1367.71,115.21,71.48,1,-1,-1,-1
271,4,1710.95,1167.57,226.93,129.15,1,-1,-1,-1
271,6,2477.00,1361.56,77.55,62.72,1,-1,-1,-1
271,8,2351.65,1329.66,86.00,48.70,1,-1,-1,-1
271,10,2396.00,1365.69,114.19,72.07,1,-1,-1,-1
272,4,1710.95,1167.57,226.30,129.14,1,-1,-1,-1
272,6,2476.99,1361.55,77.55,62.72,1,-1,-1,-1
272,8,2351.68,1329.65,85.19,48.62,1,-1,-1,-1
272,10,2383.68,1362.68,114.90,73.45,1,-1,-1,-1
273,4,1710.95,1167.58,225.95,129.13,1,-1,-1,-1
273,6,2476.99,1361.55,77.55,62.72,1,-1,-1,-1
273,8,2351.71,1329.63,84.32,48.57,1,-1,-1,-1
273,10,2371.74,1359.13,115.47,75.18,1,-1,-1,-1
274,4,1710.95,1167.58,225.84,129.12,1,-1,-1,-1
274,6,2476.99,1361.55,77.55,62.73,1,-1,-1,-1
274,8,2351.74,1329.61,83.39,48.54,1,-1,-1,-1
274,10,2360.54,1355.39,115.50,76.96,1,-1,-1,-1
275,4,1710.96,1167.58,225.90,129.11,1,-1,-1,-1
275,6,2476.98,1361.54,77.55,62.73,1,-1,-1,-1
275,8,2351.77,1329.60,82.40,48.53,1,-1,-1,-1
275,10,2346.14,1351.64,118.70,78.60,1,-1,-1,-1
276,4,1710.96,1167.58,226.02,129.10,1,-1,-1,-1
276,6,2476.98,1361.54,77.56,62.73,1,-1,-1,-1
276,8,2351.81,1329.58,81.41,48.54,1,-1,-1,-1
276,10,2329.66,1348.01,123.62,80.03,1,-1,-1,-1
277,4,1710.96,1167.59,226.14,129.09,1,-1,-1,-1
277,6,2476.98,1361.54,77.56,62.73,1,-1,-1,-1
277,8,2351.84,1329.56,80.45,48.58,1,-1,-1,-1
277,10,2314.32,1344.62,126.77,81.12,1,-1,-1,-1
278,4,1710.96,1167.59,226.25,129.08,1,-1,-1,-1
278,6,2476.97,1361.54,77.56,62.74,1,-1,-1,-1
278,8,2351.87,1329.55,79.62,48.64,1,-1,-1,-1
278,10,2298.12,1341.61,130.04,81.75,1,-1,-1,-1
279,4,1710.96,1167.59,226.39,129.07,1,-1,-1,-1
279,6,2476.97,1361.53,77.56,62.74,1,-1,-1,-1
279,8,2351.90,1329.53,79.03,48.75,1,-1,-1,-1
279,10,2281.32,1339.04,133.12,81.83,1,-1,-1,-1
280,4,1710.96,1167.59,226.56,129.06,1,-1,-1,-1
280,6,2476.97,1361.53,77.56,62.74,1,-1,-1,-1
280,8,2351.93,1329.52,78.84,48.93,1,-1,-1,-1
280,10,2263.82,1336.80,136.25,81.44,1,-1,-1,-1
281,4,1710.96,1167.60,226.67,129.05,1,-1,-1,-1
281,6,2476.96,1361.53,77.57,62.75,1,-1,-1,-1
281,8,2351.97,1329.50,79.17,49.17,1,-1,-1,-1
281,10,2248.51,1334.64,136.71,80.79,1,-1,-1,-1
282,4,1710.96,1167.60,226.62,129.04,1,-1,-1,-1
282,6,2476.96,1361.52,77.57,62.75,1,-1,-1,-1
282,8,2352.00,1329.48,80.10,49.49,1,-1,-1,-1
282,10,2238.03,1332.26,131.98,80.17,1,-1,-1,-1
283,4,1710.96,1167.60,226.36,129.03,1,-1,-1,-1
283,6,2476.96,1361.52,77.57,62.75,1,-1,-1,-1
283,8,2352.03,1329.47,81.54,49.88,1,-1,-1,-1
283,10,2227.23,1329.32,127.16,79.91,1,-1,-1,-1
284,4,1710.97,1167.60,225.99,129.02,1,-1,-1,-1
284,6,2476.95,1361.52,77.57,62.75,1,-1,-1,-1
284,8,2352.06,1329.45,83.17,50.31,1,-1,-1,-1
284,10,2202.24,1325.53,135.97,80.31,1,-1,-1,-1
285,4,1710.97,1167.61,225.65,129.01,1,-1,-1,-1
285,6,2476.95,1361.52,77.57,62.76,1,-1,-1,-1
285,8,2352.09,1329.43,84.67,50.73,1,-1,-1,-1
285,10,2170.18,1320.74,151.05,81.56,1,-1,-1,-1
286,4,1710.97,1167.61,225.48,129.00,1,-1,-1,-1
286,6,2476.95,1361.51,77.57,62.76,1,-1,-1,-1
286,8,2352.13,1329.42,85.83,51.10,1,-1,-1,-1
286,10,2147.41,1315.01,155.84,83.63,1,-1,-1,-1
287,4,1710.97,1167.61,225.45,128.99,1,-1,-1,-1
287,6,2476.94,1361.51,77.58,62.76,1,-1,-1,-1
287,8,2352.16,1329.40,86.62,51.40,1,-1,-1,-1
287,10,2127.97,1308.68,156.25,86.26,1,-1,-1,-1
288,4,1710.97,1167.61,225.52,128.98,1,-1,-1,-1
288,6,2476.94,1361.51,77.58,62.76,1,-1,-1,-1
288,8,2352.19,1329.38,87.07,51.62,1,-1,-1,-1
288,10,2104.97,1302.25,159.36,89.02,1,-1,-1,-1
289,4,1710.97,1167.62,225.59,128.97,1,-1,-1,-1
289,6,2476.93,1361.50,77.58,62.77,1,-1,-1,-1
289,8,2352.22,1329.37,87.29,51.75,1,-1,-1,-1
289,10,2080.69,1296.13,163.29,91.52,1,-1,-1,-1
290,4,1710.97,1167.62,225.63,128.96,1,-1,-1,-1
290,6,2476.93,1361.50,77.58,62.77,1,-1,-1,-1
290,8,2352.25,1329.35,87.37,51.82,1,-1,-1,-1
290,10,2058.41,1290.46,165.19,93.65,1,-1,-1,-1
291,4,1710.97,1167.62,225.75,128.95,1,-1,-1,-1
291,6,2476.93,1361.50,77.58,62.77,1,-1,-1,-1
291,8,2352.29,1329.34,87.41,51.82,1,-1,-1,-1
291,10,2033.96,1285.11,169.28,95.51,1,-1,-1,-1
292,4,1710.97,1167.62,226.13,128.94,1,-1,-1,-1
292,6,2476.92,1361.49,77.59,62.77,1,-1,-1,-1
292,8,2352.32,1329.32,87.47,51.78,1,-1,-1,-1
292,9,4.01,1468.05,310.66,428.19,1,-1,-1,-1
292,10,2006.75,1279.82,175.88,97.30,1,-1,-1,-1
293,4,1710.98,1167.63,226.81,128.93,1,-1,-1,-1
293,6,2476.92,1361.49,77.59,62.78,1,-1,-1,-1
293,8,2352.35,1329.30,87.55,51.71,1,-1,-1,-1
293,9,7.89,1376.68,565.42,527.42,1,-1,-1,-1
293,10,1980.16,1274.30,181.22,99.27,1,-1,-1,-1
294,4,1710.98,1167.63,227.27,128.92,1,-1,-1,-1
294,6,2476.92,1361.49,77.59,62.78,1,-1,-1,-1
294,8,2352.38,1329.29,87.65,51.62,1,-1,-1,-1
294,9,14.64,1307.26,776.48,601.73,1,-1,-1,-1
294,10,1951.85,1268.29,187.30,101.61,1,-1,-1,-1
295,4,1710.98,1167.63,225.99,128.91,1,-1,-1,-1
295,6,2476.91,1361.49,77.59,62.78,1,-1,-1,-1
295,8,2352.41,1329.27,87.75,51.52,1,-1,-1,-1
295,9,4.97,1265.83,959.58,636.35,1,-1,-1,-1
295,10,1919.99,1261.54,195.75,104.52,1,-1,-1,-1
296,4,1710.98,1167.63,220.87,128.90,1,-1,-1,-1
296,6,2476.91,1361.48,77.59,62.78,1,-1,-1,-1
296,8,2352.45,1329.25,87.85,51.42,1,-1,-1,-1
296,9,24.90,1248.45,1074.20,622.69,1,-1,-1,-1
296,10,1890.51,1253.73,200.60,108.28,1,-1,-1,-1
297,4,1710.98,1167.64,210.80,128.89,1,-1,-1,-1
297,6,2476.91,1361.48,77.60,62.79,1,-1,-1,-1
297,8,2352.48,1329.24,87.95,51.31,1,-1,-1,-1
297,9,200.61,1245.49,1005.72,569.64,1,-1,-1,-1
297,10,1865.71,1244.45,199.63,113.27,1,-1,-1,-1
298,4,1710.98,1167.64,197.36,128.88,1,-1,-1,-1
298,6,2476.90,1361.48,77.60,62.79,1,-1,-1,-1
298,8,2352.51,1329.22,88.02,51.20,1,-1,-1,-1
298,9,440.74,1248.14,858.01,500.30,1,-1,-1,-1
298,10,1837.38,1233.39,201.16,119.80,1,-1,-1,-1
299,4,1710.98,1167.64,184.92,128.87,1,-1,-1,-1
299,6,2476.90,1361.47,77.60,62.79,1,-1,-1,-1
299,8,2352.54,1329.21,88.02,51.08,1,-1,-1,-1
299,9,627.60,1251.12,754.73,437.47,1,-1,-1,-1
299,10,1800.08,1220.64,210.76,127.74,1,-1,-1,-1
300,4,1710.98,1167.64,178.41,128.86,1,-1,-1,-1
300,6,2476.90,1361.47,77.60,62.80,1,-1,-1,-1
300,8,2352.57,1329.19,87.90,50.95,1,-1,-1,-1
300,9,778.46,1253.47,679.64,391.76,1,-1,-1,-1
300,10,1762.36,1207.03,219.88,136.29,1,-1,-1,-1
301,4,1710.99,1167.65,179.41,128.85,1,-1,-1,-1
301,6,2476.89,1361.47,77.60,62.80,1,-1,-1,-1
301,8,2352.61,1329.17,87.58,50.80,1,-1,-1,-1
301,9,915.90,1255.08,609.84,360.62,1,-1,-1,-1
301,10,1719.91,1194.11,232.80,143.95,1,-1,-1,-1
302,4,1710.99,1167.65,185.86,128.84,1,-1,-1,-1
302,6,2476.89,1361.47,77.60,62.80,1,-1,-1,-1
302,8,2352.64,1329.16,87.04,50.64,1,-1,-1,-1
302,9,1034.25,1255.57,551.63,336.44,1,-1,-1,-1
302,10,1677.94,1183.62,244.12,149.01,1,-1,-1,-1
303,4,1710.99,1167.65,194.88,128.83,1,-1,-1,-1
303,6,2476.89,1361.46,77.61,62.80,1,-1,-1,-1
303,8,2352.67,1329.14,86.28,50.45,1,-1,-1,-1
303,9,1143.91,1255.37,494.74,314.64,1,-1,-1,-1
303,10,1636.37,1176.38,253.81,150.77,1,-1,-1,-1
304,4,1710.99,1167.65,204.29,128.82,1,-1,-1,-1
304,6,2476.88,1361.46,77.61,62.81,1,-1,-1,-1
304,8,2352.70,1329.12,85.36,50.25,1,-1,-1,-1
304,9,1236.92,1255.48,446.21,295.07,1,-1,-1,-1
304,10,1593.28,1172.00,263.82,149.78,1,-1,-1,-1
304,11,2430.65,1377.26,107.34,61.00,1,-1,-1,-1
305,4,1710.99,1167.66,212.72,128.81,1,-1,-1,-1
305,6,2476.88,1361.46,77.61,62.81,1,-1,-1,-1
305,8,2352.73,1329.11,84.34,50.04,1,-1,-1,-1
305,9,1315.47,1256.10,405.83,277.73,1,-1,-1,-1
305,10,1549.83,1169.33,273.14,147.35,1,-1,-1,-1
305,11,2413.96,1371.99,108.41,64.94,1,-1,-1,-1
306,4,1710.99,1167.66,219.32,128.80,1,-1,-1,-1
306,6,2476.88,1361.45,77.61,62.81,1,-1,-1,-1
306,8,2352.77,1329.09,83.27,49.83,1,-1,-1,-1
306,9,1376.93,1256.88,382.47,258.86,1,-1,-1,-1
306,10,1507.47,1167.04,280.49,145.03,1,-1,-1,-1
306,11,2398.40,1367.05,109.31,68.12,1,-1,-1,-1
307,4,1710.99,1167.66,223.65,128.79,1,-1,-1,-1
307,6,2476.87,1361.45,77.61,62.81,1,-1,-1,-1
307,8,2352.80,1329.07,82.24,49.65,1,-1,-1,-1
307,9,1440.72,1258.75,360.84,235.53,1,-1,-1,-1
307,10,1465.41,1164.01,286.64,144.14,1,-1,-1,-1
307,11,2383.39,1362.44,110.38,70.57,1,-1,-1,-1
308,4,1710.99,1167.66,225.88,128.78,1,-1,-1,-1
308,6,2476.87,1361.45,77.62,62.82,1,-1,-1,-1
308,8,2352.83,1329.06,81.31,49.50,1,-1,-1,-1
308,9,1501.70,1262.63,344.88,211.73,1,-1,-1,-1
308,10,1420.26,1159.73,294.79,145.41,1,-1,-1,-1
308,11,2368.33,1358.12,111.86,72.39,1,-1,-1,-1
309,4,1710.99,1167.67,226.51,128.77,1,-1,-1,-1
309,6,2476.87,1361.45,77.62,62.82,1,-1,-1,-1
309,8,2352.86,1329.04,80.54,49.40,1,-1,-1,-1
309,9,1555.45,1268.17,334.73,191.25,1,-1,-1,-1
309,10,1368.48,1154.16,308.09,149.01,1,-1,-1,-1
309,11,2352.77,1354.06,113.75,73.74,1,-1,-1,-1
310,4,1711.00,1167.67,226.23,128.76,1,-1,-1,-1
310,6,2476.86,1361.44,77.62,62.82,1,-1,-1,-1
310,8,2352.89,1329.03,80.00,49.36,1,-1,-1,-1
310,9,1608.02,1274.48,321.23,176.42,1,-1,-1,-1
310,10,1310.06,1147.53,326.22,154.81,1,-1,-1,-1
310,11,2336.55,1350.22,115.87,74.78,1,-1,-1,-1
311,4,1711.00,1167.67,225.72,128.75,1,-1,-1,-1
311,6,2476.86,1361.44,77.62,62.82,1,-1,-1,-1
311,8,2352.93,1329.01,79.75,49.39,1,-1,-1,-1
311,9,1657.51,1280.43,305.89,169.81,1,-1,-1,-1
311,10,1250.42,1140.09,343.52,162.63,1,-1,-1,-1
311,11,2319.79,1346.55,117.93,75.68,1,-1,-1,-1
312,4,1711.00,1167.67,225.27,128.74,1,-1,-1,-1
312,6,2476.86,1361.44,77.62,62.83,1,-1,-1,-1
312,8,2352.96,1328.99,79.84,49.50,1,-1,-1,-1
312,9,1700.06,1285.56,294.06,171.00,1,-1,-1,-1
312,10,1185.90,1132.03,363.58,172.31,1,-1,-1,-1
312,11,2302.73,1342.99,119.65,76.58,1,-1,-1,-1
313,4,1711.00,1167.68,224.86,128.73,1,-1,-1,-1
313,6,2476.85,1361.43,77.63,62.83,1,-1,-1,-1
313,8,2352.99,1328.98,80.32,49.67,1,-1,-1,-1
313,9,1740.37,1290.07,282.41,175.44,1,-1,-1,-1
313,10,1113.46,1123.54,389.32,183.67,1,-1,-1,-1
313,11,2285.54,1339.45,120.87,77.56,1,-1,-1,-1
314,4,1711.00,1167.68,224.58,128.72,1,-1,-1,-1
314,6,2476.85,1361.43,77.63,62.83,1,-1,-1,-1
314,8,2353.02,1328.96,81.18,49.92,1,-1,-1,-1
314,9,1781.65,1294.41,269.03,177.95,1,-1,-1,-1
314,10,1035.50,1114.79,418.21,196.56,1,-1,-1,-1
314,11,2268.20,1335.85,121.63,78.66,1,-1,-1,-1
315,4,1711.00,1167.68,224.48,128.71,1,-1,-1,-1
315,6,2476.85,1361.43,77.63,62.84,1,-1,-1,-1
315,8,2353.05,1328.94,82.32,50.21,1,-1,-1,-1
315,9,1819.84,1299.01,258.53,176.04,1,-1,-1,-1
315,10,952.64,1105.92,449.25,210.86,1,-1,-1,-1
315,11,2250.27,1332.10,122.26,79.85,1,-1,-1,-1
316,4,1711.00,1167.68,224.48,128.70,1,-1,-1,-1
316,6,2476.84,1361.43,77.63,62.84,1,-1,-1,-1
316,8,2353.09,1328.93,83.53,50.54,1,-1,-1,-1
316,9,1854.61,1303.38,251.46,171.61,1,-1,-1,-1
316,10,862.57,1096.98,483.99,226.46,1,-1,-1,-1
316,11,2230.90,1328.13,123.44,81.03,1,-1,-1,-1
317,4,1711.00,1167.69,224.55,128.69,1,-1,-1,-1
317,6,2476.84,1361.42,77.63,62.84,1,-1,-1,-1
317,8,2353.12,1328.91,84.61,50.87,1,-1,-1,-1
317,9,1886.98,1307.38,246.05,167.20,1,-1,-1,-1
317,10,758.98,1087.98,527.50,243.23,1,-1,-1,-1
317,11,2209.46,1323.88,125.64,82.08,1,-1,-1,-1
318,4,1711.01,1167.69,224.71,128.68,1,-1,-1,-1
318,6,2476.84,1361.42,77.64,62.84,1,-1,-1,-1
318,8,2353.15,1328.89,85.45,51.19,1,-1,-1,-1
318,9,1915.88,1311.27,241.70,163.39,1,-1,-1,-1
318,10,644.13,1078.89,576.00,261.07,1,-1,-1,-1
318,11,2186.39,1319.32,128.25,82.87,1,-1,-1,-1
319,4,1711.01,1167.69,225.04,128.67,1,-1,-1,-1
319,6,2476.83,1361.42,77.64,62.85,1,-1,-1,-1
319,8,2353.18,1328.88,86.05,51.46,1,-1,-1,-1
319,9,1947.91,1314.71,230.48,159.72,1,-1,-1,-1
319,10,517.13,1069.64,628.75,279.78,1,-1,-1,-1
319,11,2162.83,1314.44,130.12,83.31,1,-1,-1,-1
320,4,1711.01,1167.69,225.61,128.66,1,-1,-1,-1
320,6,2476.83,1361.41,77.64,62.85,1,-1,-1,-1
320,8,2353.21,1328.86,86.46,51.68,1,-1,-1,-1
320,9,1979.74,1315.44,217.20,158.35,1,-1,-1,-1
320,10,355.13,1060.23,706.88,299.12,1,-1,-1,-1
320,11,2138.83,1309.24,131.53,83.47,1,-1,-1,-1
321,4,1711.01,1167.70,226.35,128.65,1,-1,-1,-1
321,6,2476.83,1361.41,77.64,62.85,1,-1,-1,-1
321,8,2353.25,1328.85,86.75,51.82,1,-1,-1,-1
321,9,2006.56,1309.65,211.90,164.99,1,-1,-1,-1
321,10,164.74,1050.77,802.08,318.67,1,-1,-1,-1
321,11,2113.26,1303.73,134.24,83.59,1,-1,-1,-1
322,4,1711.01,1167.70,226.97,128.64,1,-1,-1,-1
322,6,2476.82,1361.41,77.64,62.85,1,-1,-1,-1
322,8,2353.28,1328.83,86.99,51.87,1,-1,-1,-1
322,9,2037.82,1295.70,209.45,180.67,1,-1,-1,-1
322,10,27.65,1041.60,831.22,337.80,1,-1,-1,-1
322,11,2085.35,1297.90,139.68,84.07,1,-1,-1,-1
323,4,1711.01,1167.70,227.39,128.63,1,-1,-1,-1
323,6,2476.82,1361.41,77.64,62.86,1,-1,-1,-1
323,8,2353.31,1328.81,87.21,51.81,1,-1,-1,-1
323,10,-6.37,1033.24,743.62,355.75,1,-1,-1,-1
323,11,2055.40,1291.71,147.67,85.35,1,-1,-1,-1
324,4,1711.01,1167.70,227.78,128.62,1,-1,-1,-1
324,6,2476.82,1361.40,77.65,62.86,1,-1,-1,-1
324,8,2353.34,1328.80,87.41,51.59,1,-1,-1,-1
324,10,3.69,1026.14,598.19,371.91,1,-1,-1,-1
324,11,2024.33,1285.10,156.82,87.76,1,-1,-1,-1
325,4,1711.01,1167.71,228.27,128.61,1,-1,-1,-1
325,6,2476.81,1361.40,77.65,62.86,1,-1,-1,-1
325,8,2353.37,1328.78,87.50,51.19,1,-1,-1,-1
325,10,10.06,1020.40,443.53,386.05,1,-1,-1,-1
325,11,1992.90,1278.03,165.59,91.36,1,-1,-1,-1
325,12,2147.00,1361.17,161.42,122.43,1,-1,-1,-1
326,4,1711.01,1167.71,228.40,128.60,1,-1,-1,-1
326,6,2476.81,1361.40,77.65,62.86,1,-1,-1,-1
326,8,2353.41,1328.76,87.32,50.55,1,-1,-1,-1
326,11,1961.44,1270.46,172.86,95.97,1,-1,-1,-1
326,12,2160.69,1362.98,163.17,120.57,1,-1,-1,-1
327,4,1711.02,1167.71,226.55,128.59,1,-1,-1,-1
327,6,2476.80,1361.39,77.65,62.87,1,-1,-1,-1
327,8,2353.44,1328.75,86.61,49.63,1,-1,-1,-1
327,11,1929.83,1262.38,178.35,101.29,1,-1,-1,-1
327,12,2175.02,1364.79,164.33,118.70,1,-1,-1,-1
328,4,1711.02,1167.71,220.53,128.58,1,-1,-1,-1
328,6,2476.80,1361.39,77.65,62.87,1,-1,-1,-1
328,8,2353.47,1328.73,85.05,48.41,1,-1,-1,-1
328,11,1897.45,1253.82,182.68,106.98,1,-1,-1,-1
328,12,2189.97,1366.61,164.81,116.84,1,-1,-1,-1
329,4,1711.02,1167.72,209.30,128.57,1,-1,-1,-1
329,6,2476.80,1361.39,77.66,62.87,1,-1,-1,-1
329,8,2353.50,1328.72,82.29,46.86,1,-1,-1,-1
329,11,1863.18,1244.86,187.26,112.77,1,-1,-1,-1
329,12,2205.41,1368.42,164.57,114.98,1,-1,-1,-1
330,4,1711.02,1167.72,194.56,128.56,1,-1,-1,-1
330,6,2476.79,1361.39,77.66,62.87,1,-1,-1,-1
330,8,2353.53,1328.70,78.14,45.00,1,-1,-1,-1
330,11,1826.13,1235.59,193.40,118.47,1,-1,-1,-1
330,12,2221.22,1370.24,163.68,113.12,1,-1,-1,-1
331,4,1711.02,1167.72,181.38,128.55,1,-1,-1,-1
331,6,2476.79,1361.38,77.66,62.88,1,-1,-1,-1
331,8,2353.57,1328.68,72.67,42.91,1,-1,-1,-1
331,11,1786.10,1226.19,201.63,123.94,1,-1,-1,-1
331,12,2237.22,1372.05,162.20,111.26,1,-1,-1,-1
332,4,1711.02,1167.72,175.26,128.54,1,-1,-1,-1
332,6,2476.79,1361.38,77.66,62.88,1,-1,-1,-1
332,8,2353.60,1328.67,66.37,40.70,1,-1,-1,-1
332,11,1743.73,1216.83,211.24,129.07,1,-1,-1,-1
332,12,2253.24,1373.86,160.26,109.39,1,-1,-1,-1
333,4,1711.02,1167.73,178.27,128.53,1,-1,-1,-1
333,6,2476.78,1361.38,77.66,62.88,1,-1,-1,-1
333,8,2353.63,1328.65,60.10,38.51,1,-1,-1,-1
333,11,1699.75,1207.71,221.05,133.80,1,-1,-1,-1
333,12,2269.13,1375.68,157.98,107.53,1,-1,-1,-1
334,4,1711.02,1167.73,188.60,128.52,1,-1,-1,-1
334,6,2476.78,1361.37,77.67,62.89,1,-1,-1,-1
334,8,2353.66,1328.63,54.74,36.51,1,-1,-1,-1
334,11,1654.50,1198.95,230.22,138.17,1,-1,-1,-1
334,12,2284.73,1377.49,155.47,105.67,1,-1,-1,-1
335,4,1711.03,1167.73,202.34,128.51,1,-1,-1,-1
335,6,2476.78,1361.37,77.67,62.89,1,-1,-1,-1
335,8,2353.69,1328.62,50.82,34.80,1,-1,-1,-1
335,11,1607.79,1190.59,238.69,142.30,1,-1,-1,-1
335,12,2299.94,1379.30,152.82,103.81,1,-1,-1,-1
336,4,1711.03,1167.73,214.66,128.50,1,-1,-1,-1
336,6,2476.77,1361.37,77.67,62.89,1,-1,-1,-1
336,8,2353.73,1328.60,48.43,33.48,1,-1,-1,-1
336,11,1559.15,1182.57,247.06,146.46,1,-1,-1,-1
336,12,2314.68,1381.12,150.08,101.94,1,-1,-1,-1
337,4,1711.03,1167.74,222.72,128.49,1,-1,-1,-1
337,6,2476.77,1361.36,77.67,62.89,1,-1,-1,-1
337,8,2353.76,1328.58,47.33,32.55,1,-1,-1,-1
337,11,1507.99,1174.81,256.23,150.96,1,-1,-1,-1
337,12,2328.90,1382.93,147.28,100.08,1,-1,-1,-1
338,4,1711.03,1167.74,226.68,128.47,1,-1,-1,-1
338,6,2476.77,1361.36,77.67,62.90,1,-1,-1,-1
338,8,2353.79,1328.57,47.23,32.02,1,-1,-1,-1
338,11,1453.59,1167.20,267.09,156.18,1,-1,-1,-1
338,12,2342.60,1384.75,144.44,98.22,1,-1,-1,-1
339,4,1711.03,1167.74,228.05,128.46,1,-1,-1,-1
339,6,2476.76,1361.36,77.67,62.90,1,-1,-1,-1
339,8,2353.82,1328.55,47.85,31.83,1,-1,-1,-1
339,11,1395.15,1159.65,280.42,162.51,1,-1,-1,-1
339,12,2355.78,1386.56,141.54,96.36,1,-1,-1,-1
340,4,1711.03,1167.74,228.13,128.45,1,-1,-1,-1
340,6,2476.76,1361.36,77.68,62.90,1,-1,-1,-1
340,11,1331.80,1152.06,296.79,170.28,1,-1,-1,-1
340,12,2368.42,1388.37,138.57,94.50,1,-1,-1,-1
340,14,2349.74,1330.38,93.48,52.69,1,-1,-1,-1
341,4,1711.03,1167.75,227.69,128.44,1,-1,-1,-1
341,6,2476.76,1361.35,77.68,62.90,1,-1,-1,-1
341,11,1262.52,1144.37,316.65,179.73,1,-1,-1,-1
341,12,2380.55,1390.19,135.48,92.63,1,-1,-1,-1
341,14,2349.79,1330.33,93.06,52.40,1,-1,-1,-1
342,4,1711.03,1167.75,227.06,128.43,1,-1,-1,-1
342,6,2476.75,1361.35,77.68,62.91,1,-1,-1,-1
342,11,1186.13,1136.56,340.36,191.04,1,-1,-1,-1
342,12,2392.15,1392.00,132.23,90.77,1,-1,-1,-1
342,14,2349.85,1330.29,92.71,52.14,1,-1,-1,-1
343,4,1711.03,1167.75,226.45,128.42,1,-1,-1,-1
343,6,2476.75,1361.35,77.68,62.91,1,-1,-1,-1
343,11,1100.92,1128.63,368.46,204.21,1,-1,-1,-1
343,12,2403.22,1393.81,128.71,88.91,1,-1,-1,-1
343,14,2349.90,1330.25,92.40,51.90,1,-1,-1,-1
344,4,1711.04,1167.75,226.01,128.41,1,-1,-1,-1
344,6,2476.75,1361.34,77.68,62.91,1,-1,-1,-1
344,11,1004.45,1120.61,402.01,219.15,1,-1,-1,-1
344,12,2413.77,1395.63,124.81,87.05,1,-1,-1,-1
344,14,2349.96,1330.20,92.12,51.69,1,-1,-1,-1
345,4,1711.04,1167.76,225.78,128.40,1,-1,-1,-1
345,6,2476.74,1361.34,77.69,62.91,1,-1,-1,-1
345,11,893.51,1112.53,442.68,235.55,1,-1,-1,-1
345,12,2423.83,1397.44,120.40,85.18,1,-1,-1,-1
345,14,2350.02,1330.16,91.85,51.51,1,-1,-1,-1
346,4,1711.04,1167.76,225.71,128.39,1,-1,-1,-1
346,6,2476.74,1361.34,77.69,62.92,1,-1,-1,-1
346,11,764.65,1104.44,492.57,253.04,1,-1,-1,-1
346,12,2433.47,1399.25,115.37,83.32,1,-1,-1,-1
346,14,2350.07,1330.11,91.57,51.34,1,-1,-1,-1
347,4,1711.04,1167.76,225.71,128.38,1,-1,-1,-1
347,6,2476.74,1361.34,77.69,62.92,1,-1,-1,-1
347,11,615.07,1096.40,553.60,271.13,1,-1,-1,-1
347,12,2442.74,1401.07,109.64,81.46,1,-1,-1,-1
347,14,2350.13,1330.07,91.27,51.20,1,-1,-1,-1
348,4,1711.04,1167.76,225.70,128.37,1,-1,-1,-1
348,6,2476.73,1361.33,77.69,62.92,1,-1,-1,-1
348,11,443.53,1088.45,627.03,289.30,1,-1,-1,-1
348,12,2451.70,1402.88,103.22,79.60,1,-1,-1,-1
348,14,2350.18,1330.02,90.96,51.08,1,-1,-1,-1
349,4,1711.04,1167.77,225.66,128.36,1,-1,-1,-1
349,6,2476.73,1361.33,77.69,62.92,1,-1,-1,-1
349,11,250.75,1080.67,713.14,307.01,1,-1,-1,-1
349,12,2460.39,1404.70,96.21,77.74,1,-1,-1,-1
349,14,2350.24,1329.98,90.63,50.98,1,-1,-1,-1
350,4,1711.04,1167.77,225.60,128.35,1,-1,-1,-1
350,6,2476.73,1361.33,77.70,62.93,1,-1,-1,-1
350,12,2468.80,1406.51,88.75,75.87,1,-1,-1,-1
350,14,2350.29,1329.93,90.32,50.89,1,-1,-1,-1
351,4,1711.04,1167.77,225.63,128.34,1,-1,-1,-1
351,6,2476.72,1361.32,77.70,62.93,1,-1,-1,-1
351,12,2476.95,1408.32,81.03,74.01,1,-1,-1,-1
351,14,2350.35,1329.89,90.03,50.82,1,-1,-1,-1
352,4,1711.04,1167.77,225.88,128.33,1,-1,-1,-1
352,6,2476.72,1361.32,77.70,62.93,1,-1,-1,-1
352,12,2484.83,1410.14,73.21,72.15,1,-1,-1,-1
352,14,2350.40,1329.85,89.78,50.77,1,-1,-1,-1
353,4,1711.05,1167.78,226.51,128.32,1,-1,-1,-1
353,6,2476.72,1361.32,77.70,62.94,1,-1,-1,-1
353,12,2492.47,1411.95,65.42,70.29,1,-1,-1,-1
353,14,2350.46,1329.80,89.57,50.73,1,-1,-1,-1
354,4,1711.05,1167.78,227.40,128.31,1,-1,-1,-1
354,6,2476.71,1361.32,77.70,62.94,1,-1,-1,-1
354,12,2499.92,1413.76,57.75,68.43,1,-1,-1,-1
354,14,2350.51,1329.76,89.41,50.71,1,-1,-1,-1
355,4,1711.05,1167.78,228.16,128.30,1,-1,-1,-1
355,6,2476.71,1361.31,77.70,62.94,1,-1,-1,-1
355,12,2507.23,1415.58,50.25,66.56,1,-1,-1,-1
355,14,2350.57,1329.71,89.28,50.70,1,-1,-1,-1
356,4,1711.05,1167.78,228.59,128.29,1,-1,-1,-1
356,6,2476.71,1361.31,77.71,62.94,1,-1,-1,-1
356,12,2514.52,1417.39,42.91,64.70,1,-1,-1,-1
356,14,2350.63,1329.67,89.20,50.70,1,-1,-1,-1
357,4,1711.05,1167.79,228.72,128.28,1,-1,-1,-1
357,6,2476.70,1361.31,77.71,62.95,1,-1,-1,-1
357,12,2521.87,1419.21,35.72,62.84,1,-1,-1,-1
357,14,2350.68,1329.62,89.14,50.70,1,-1,-1,-1
358,4,1711.05,1167.79,228.71,128.27,1,-1,-1,-1
358,6,2476.70,1361.30,77.71,62.95,1,-1,-1,-1
358,12,2529.41,1421.02,28.64,60.98,1,-1,-1,-1
358,14,2350.74,1329.58,89.10,50.71,1,-1,-1,-1
359,4,1711.05,1167.79,228.66,128.26,1,-1,-1,-1
359,6,2476.70,1361.30,77.71,62.95,1,-1,-1,-1
359,12,2537.23,1422.83,21.64,59.11,1,-1,-1,-1
359,14,2350.79,1329.53,89.07,50.72,1,-1,-1,-1
360,4,1711.05,1167.79,228.61,128.25,1,-1,-1,-1
360,6,2476.69,1361.30,77.71,62.95,1,-1,-1,-1
360,14,2350.85,1329.49,89.04,50.73,1,-1,-1,-1
361,4,1711.06,1167.80,228.59,128.24,1,-1,-1,-1
361,6,2476.69,1361.30,77.72,62.96,1,-1,-1,-1
361,14,2350.90,1329.45,89.01,50.74,1,-1,-1,-1
362,4,1711.06,1167.80,228.59,128.23,1,-1,-1,-1
362,6,2476.69,1361.29,77.72,62.96,1,-1,-1,-1
362,14,2350.96,1329.40,88.98,50.75,1,-1,-1,-1
363,4,1711.06,1167.80,228.65,128.22,1,-1,-1,-1
363,6,2476.68,1361.29,77.72,62.96,1,-1,-1,-1
363,14,2351.01,1329.36,88.94,50.76,1,-1,-1,-1
364,4,1711.06,1167.80,228.76,128.21,1,-1,-1,-1
364,6,2476.68,1361.29,77.72,62.96,1,-1,-1,-1
364,14,2351.07,1329.31,88.89,50.76,1,-1,-1,-1
365,4,1711.06,1167.81,228.92,128.20,1,-1,-1,-1
365,6,2476.67,1361.28,77.72,62.97,1,-1,-1,-1
365,14,2351.12,1329.27,88.84,50.77,1,-1,-1,-1
366,4,1711.06,1167.81,229.06,128.19,1,-1,-1,-1
366,6,2476.67,1361.28,77.73,62.97,1,-1,-1,-1
366,14,2351.18,1329.22,88.79,50.79,1,-1,-1,-1
367,4,1711.06,1167.81,229.09,128.18,1,-1,-1,-1
367,6,2476.67,1361.28,77.73,62.97,1,-1,-1,-1
367,14,2351.23,1329.18,88.74,50.81,1,-1,-1,-1
368,4,1711.06,1167.81,229.00,128.17,1,-1,-1,-1
368,6,2476.66,1361.28,77.73,62.97,1,-1,-1,-1
368,14,2351.29,1329.13,88.68,50.83,1,-1,-1,-1
369,4,1711.06,1167.82,228.89,128.16,1,-1,-1,-1
369,6,2476.66,1361.27,77.73,62.98,1,-1,-1,-1
369,14,2351.35,1329.09,88.64,50.86,1,-1,-1,-1
370,4,1711.07,1167.82,228.76,128.15,1,-1,-1,-1
370,6,2476.66,1361.27,77.73,62.98,1,-1,-1,-1
370,14,2351.40,1329.04,88.59,50.89,1,-1,-1,-1
371,4,1711.07,1167.82,228.48,128.14,1,-1,-1,-1
371,6,2476.65,1361.27,77.74,62.98,1,-1,-1,-1
371,14,2351.46,1329.00,88.54,50.93,1,-1,-1,-1
372,4,1711.07,1167.82,227.85,128.13,1,-1,-1,-1
372,6,2476.65,1361.26,77.74,62.99,1,-1,-1,-1
372,14,2351.51,1328.96,88.50,50.98,1,-1,-1,-1
373,4,1711.07,1167.83,226.79,128.12,1,-1,-1,-1
373,6,2476.65,1361.26,77.74,62.99,1,-1,-1,-1
373,14,2351.57,1328.91,88.44,51.04,1,-1,-1,-1
374,4,1711.07,1167.83,225.50,128.11,1,-1,-1,-1
374,6,2476.64,1361.26,77.74,62.99,1,-1,-1,-1
374,14,2351.62,1328.87,88.39,51.11,1,-1,-1,-1
375,4,1711.07,1167.83,224.46,128.10,1,-1,-1,-1
375,6,2476.64,1361.25,77.74,62.99,1,-1,-1,-1
375,14,2351.68,1328.82,88.31,51.19,1,-1,-1,-1
376,4,1711.07,1167.83,223.95,128.09,1,-1,-1,-1
376,6,2476.64,1361.25,77.74,63.00,1,-1,-1,-1
376,14,2351.73,1328.78,88.23,51.28,1,-1,-1,-1
377,4,1711.07,1167.84,223.97,128.08,1,-1,-1,-1
377,6,2476.63,1361.25,77.75,63.00,1,-1,-1,-1
377,14,2351.79,1328.73,88.14,51.38,1,-1,-1,-1
378,4,1711.08,1167.84,224.37,128.07,1,-1,-1,-1
378,6,2476.63,1361.25,77.75,63.00,1,-1,-1,-1
378,14,2351.84,1328.69,88.05,51.49,1,-1,-1,-1
379,4,1711.08,1167.84,224.92,128.06,1,-1,-1,-1
379,6,2476.63,1361.24,77.75,63.00,1,-1,-1,-1
379,13,-1.25,832.28,321.91,438.37,1,-1,-1,-1
379,14,2351.90,1328.64,87.95,51.60,1,-1,-1,-1
380,4,1711.08,1167.84,225.39,128.05,1,-1,-1,-1
380,6,2476.62,1361.24,77.75,63.01,1,-1,-1,-1
380,13,6.65,832.01,396.74,448.53,1,-1,-1,-1
380,14,2351.95,1328.60,87.85,51.72,1,-1,-1,-1
381,4,1711.08,1167.85,225.66,128.04,1,-1,-1,-1
381,6,2476.62,1361.24,77.75,63.01,1,-1,-1,-1
381,13,6.94,831.29,478.79,459.84,1,-1,-1,-1
381,14,2352.01,1328.56,87.74,51.84,1,-1,-1,-1
382,4,1711.08,1167.85,225.80,128.03,1,-1,-1,-1
382,6,2476.62,1361.23,77.76,63.01,1,-1,-1,-1
382,13,5.23,833.23,562.01,468.57,1,-1,-1,-1
382,14,2352.07,1328.51,87.63,51.96,1,-1,-1,-1
383,4,1711.08,1167.85,225.89,128.02,1,-1,-1,-1
383,6,2476.61,1361.23,77.76,63.01,1,-1,-1,-1
383,13,9.14,840.28,638.32,471.58,1,-1,-1,-1
383,14,2352.12,1328.47,87.51,52.09,1,-1,-1,-1
384,4,1711.08,1167.85,225.97,128.01,1,-1,-1,-1
384,6,2476.61,1361.23,77.76,63.02,1,-1,-1,-1
384,13,17.11,852.52,708.86,468.35,1,-1,-1,-1
384,14,2352.18,1328.42,87.39,52.22,1,-1,-1,-1
385,4,1711.08,1167.86,226.00,128.00,1,-1,-1,-1
385,6,2476.61,1361.23,77.76,63.02,1,-1,-1,-1
385,13,18.63,868.54,783.69,460.10,1,-1,-1,-1
385,14,2352.23,1328.38,87.24,52.35,1,-1,-1,-1
386,4,1711.08,1167.86,225.92,127.99,1,-1,-1,-1
386,6,2476.60,1361.22,77.76,63.02,1,-1,-1,-1
386,13,15.17,887.18,860.95,448.05,1,-1,-1,-1
386,14,2352.29,1328.33,87.09,52.49,1,-1,-1,-1
387,4,1711.09,1167.86,225.76,127.98,1,-1,-1,-1
387,6,2476.60,1361.22,77.77,63.02,1,-1,-1,-1
387,13,33.63,907.45,913.50,433.37,1,-1,-1,-1
387,14,2352.34,1328.29,86.92,52.64,1,-1,-1,-1
388,4,1711.09,1167.86,225.58,127.97,1,-1,-1,-1
388,6,2476.60,1361.22,77.77,63.03,1,-1,-1,-1
388,13,97.81,928.32,917.50,417.33,1,-1,-1,-1
388,14,2352.40,1328.24,86.74,52.80,1,-1,-1,-1
389,4,1711.09,1167.87,225.50,127.96,1,-1,-1,-1
389,6,2476.59,1361.21,77.77,63.03,1,-1,-1,-1
389,13,195.28,948.71,885.62,401.18,1,-1,-1,-1
389,14,2352.45,1328.20,86.57,52.95,1,-1,-1,-1
390,4,1711.09,1167.87,225.77,127.95,1,-1,-1,-1
390,6,2476.59,1361.21,77.77,63.03,1,-1,-1,-1
390,13,296.87,967.95,847.19,385.74,1,-1,-1,-1
390,14,2352.51,1328.16,86.41,53.12,1,-1,-1,-1
391,4,1711.09,1167.87,226.39,127.94,1,-1,-1,-1
391,6,2476.59,1361.21,77.77,63.04,1,-1,-1,-1
391,13,393.24,985.55,811.59,371.52,1,-1,-1,-1
391,14,2352.56,1328.11,86.29,53.28,1,-1,-1,-1
392,4,1711.09,1167.87,227.05,127.93,1,-1,-1,-1
392,6,2476.58,1361.21,77.77,63.04,1,-1,-1,-1
392,13,488.16,1001.20,774.87,358.80,1,-1,-1,-1
392,14,2352.62,1328.07,86.21,53.43,1,-1,-1,-1
393,4,1711.09,1167.88,227.52,127.92,1,-1,-1,-1
393,6,2476.58,1361.20,77.78,63.04,1,-1,-1,-1
393,13,582.22,1015.07,736.17,347.42,1,-1,-1,-1
393,14,2352.68,1328.02,86.19,53.57,1,-1,-1,-1
394,4,1711.09,1167.88,227.76,127.91,1,-1,-1,-1
394,6,2476.58,1361.20,77.78,63.04,1,-1,-1,-1
394,13,671.24,1027.76,699.57,336.84,1,-1,-1,-1
394,14,2352.73,1327.98,86.21,53.69,1,-1,-1,-1
395,4,1711.10,1167.88,227.79,127.90,1,-1,-1,-1
395,6,2476.57,1361.20,77.78,63.05,1,-1,-1,-1
395,13,755.91,1040.09,664.52,326.34,1,-1,-1,-1
395,14,2352.79,1327.93,86.30,53.78,1,-1,-1,-1
396,4,1711.10,1167.88,227.57,127.89,1,-1,-1,-1
396,6,2476.57,1361.19,77.78,63.05,1,-1,-1,-1
396,13,836.68,1052.81,630.93,315.34,1,-1,-1,-1
396,14,2352.84,1327.89,86.42,53.83,1,-1,-1,-1
397,4,1711.10,1167.89,226.97,127.88,1,-1,-1,-1
397,6,2476.57,1361.19,77.78,63.05,1,-1,-1,-1
397,13,911.90,1066.11,600.93,303.83,1,-1,-1,-1
397,14,2352.90,1327.84,86.57,53.82,1,-1,-1,-1
398,4,1711.10,1167.89,225.95,127.87,1,-1,-1,-1
398,6,2476.56,1361.19,77.79,63.05,1,-1,-1,-1
398,13,984.02,1079.48,572.54,292.54,1,-1,-1,-1
398,14,2352.95,1327.80,86.71,53.72,1,-1,-1,-1
399,4,1711.10,1167.89,224.72,127.86,1,-1,-1,-1
399,6,2476.56,1361.19,77.79,63.06,1,-1,-1,-1
399,13,1055.45,1092.39,543.67,282.14,1,-1,-1,-1
399,14,2353.01,1327.75,86.78,53.53,1,-1,-1,-1
400,4,1711.10,1167.89,223.79,127.85,1,-1,-1,-1
400,6,2476.56,1361.18,77.79,63.06,1,-1,-1,-1
400,13,1124.88,1104.80,515.87,272.71,1,-1,-1,-1
400,14,2353.06,1327.71,86.74,53.21,1,-1,-1,-1
401,4,1711.10,1167.90,223.54,127.84,1,-1,-1,-1
401,6,2476.55,1361.18,77.79,63.06,1,-1,-1,-1
401,13,1191.13,1116.85,490.44,264.03,1,-1,-1,-1
401,14,2353.12,1327.67,86.51,52.73,1,-1,-1,-1
402,4,1711.10,1167.90,224.00,127.83,1,-1,-1,-1
402,6,2476.55,1361.18,77.79,63.06,1,-1,-1,-1
402,13,1255.09,1128.64,466.64,255.94,1,-1,-1,-1
402,14,2353.17,1327.62,86.00,52.07,1,-1,-1,-1
403,4,1711.10,1167.90,224.80,127.82,1,-1,-1,-1
403,6,2476.54,1361.17,77.80,63.07,1,-1,-1,-1
403,13,1316.05,1139.95,445.33,248.56,1,-1,-1,-1
403,14,2353.23,1327.58,85.16,51.22,1,-1,-1,-1
404,4,1711.11,1167.90,225.16,127.81,1,-1,-1,-1
404,6,2476.54,1361.17,77.80,63.07,1,-1,-1,-1
404,13,1372.14,1150.25,428.52,242.33,1,-1,-1,-1
404,14,2353.28,1327.53,83.91,50.17,1,-1,-1,-1
405,4,1711.11,1167.91,223.99,127.80,1,-1,-1,-1
405,6,2476.54,1361.17,77.80,63.07,1,-1,-1,-1
405,13,1423.16,1158.94,416.37,237.79,1,-1,-1,-1
405,14,2353.34,1327.49,82.23,48.90,1,-1,-1,-1
406,4,1711.11,1167.91,220.34,127.79,1,-1,-1,-1
406,6,2476.53,1361.17,77.80,63.07,1,-1,-1,-1
406,13,1473.96,1165.51,403.60,235.41,1,-1,-1,-1
406,14,2353.40,1327.44,80.12,47.45,1,-1,-1,-1
407,4,1711.11,1167.91,213.81,127.78,1,-1,-1,-1
407,6,2476.53,1361.16,77.80,63.08,1,-1,-1,-1
407,13,1526.29,1170.00,387.85,235.15,1,-1,-1,-1
407,14,2353.45,1327.40,77.62,45.84,1,-1,-1,-1
408,4,1711.11,1167.91,204.99,127.77,1,-1,-1,-1
408,6,2476.53,1361.16,77.80,63.08,1,-1,-1,-1
408,13,1575.88,1173.31,372.80,236.06,1,-1,-1,-1
408,14,2353.51,1327.35,74.86,44.14,1,-1,-1,-1
409,4,1711.11,1167.92,195.15,127.76,1,-1,-1,-1
409,6,2476.52,1361.16,77.81,63.08,1,-1,-1,-1
409,13,1620.57,1177.28,360.27,236.22,1,-1,-1,-1
409,14,2353.56,1327.31,71.99,42.42,1,-1,-1,-1
410,4,1711.11,1167.92,186.17,127.75,1,-1,-1,-1
410,6,2476.52,1361.15,77.81,63.09,1,-1,-1,-1
410,13,1663.77,1184.13,346.79,233.31,1,-1,-1,-1
410,14,2353.62,1327.27,69.23,40.76,1,-1,-1,-1
411,4,1711.11,1167.92,180.65,127.74,1,-1,-1,-1
411,6,2476.52,1361.15,77.81,63.09,1,-1,-1,-1
411,13,1707.93,1195.03,330.10,226.05,1,-1,-1,-1
411,14,2353.67,1327.22,66.72,39.23,1,-1,-1,-1
412,4,1711.11,1167.92,181.76,127.73,1,-1,-1,-1
412,6,2476.51,1361.15,77.81,63.09,1,-1,-1,-1
412,13,1750.22,1208.90,313.44,215.46,1,-1,-1,-1
412,14,2353.73,1327.18,64.59,37.88,1,-1,-1,-1
413,4,1711.12,1167.93,191.04,127.72,1,-1,-1,-1
413,6,2476.51,1361.15,77.81,63.09,1,-1,-1,-1
413,13,1789.38,1222.71,298.76,204.55,1,-1,-1,-1
413,14,2353.78,1327.13,62.90,36.75,1,-1,-1,-1
414,4,1711.12,1167.93,205.21,127.71,1,-1,-1,-1
414,6,2476.51,1361.14,77.82,63.10,1,-1,-1,-1
414,13,1825.83,1234.33,286.44,195.45,1,-1,-1,-1
414,14,2353.84,1327.09,61.65,35.86,1,-1,-1,-1
415,4,1711.12,1167.93,217.84,127.70,1,-1,-1,-1
415,6,2476.50,1361.14,77.82,63.10,1,-1,-1,-1
415,13,1860.36,1243.74,276.46,188.26,1,-1,-1,-1
415,14,2353.89,1327.04,60.82,35.20,1,-1,-1,-1
416,4,1711.12,1167.93,225.17,127.69,1,-1,-1,-1
416,6,2476.50,1361.14,77.82,63.10,1,-1,-1,-1
416,13,1893.65,1252.19,268.76,181.92,1,-1,-1,-1
416,14,2353.95,1327.00,60.36,34.75,1,-1,-1,-1
417,4,1711.12,1167.94,227.69,127.68,1,-1,-1,-1
417,6,2476.50,1361.13,77.82,63.10,1,-1,-1,-1
417,13,1927.45,1260.84,261.95,175.50,1,-1,-1,-1
417,14,2354.01,1326.95,60.19,34.49,1,-1,-1,-1
418,4,1711.12,1167.94,227.52,127.67,1,-1,-1,-1
418,6,2476.49,1361.13,77.82,63.11,1,-1,-1,-1
418,13,1964.27,1270.38,253.73,168.54,1,-1,-1,-1
