1,3,2477.177,1361.795,77.892,61.108,1,-1,-1,-1
1,1,1712.672,1167.855,222.850,131.569,1,-1,-1,-1
1,2,2357.734,1331.884,56.165,30.714,1,-1,-1,-1
2,3,2477.219,1361.868,77.903,61.054,1,-1,-1,-1
2,1,1712.488,1167.858,223.171,131.627,1,-1,-1,-1
2,2,2357.896,1331.938,56.464,30.870,1,-1,-1,-1
3,2,2357.784,1331.919,56.546,30.882,1,-1,-1,-1
3,3,2477.229,1361.799,77.900,61.183,1,-1,-1,-1
3,1,1712.550,1167.856,223.010,131.560,1,-1,-1,-1
4,2,2357.807,1331.919,56.449,30.854,1,-1,-1,-1
4,3,2477.231,1361.809,77.909,61.196,1,-1,-1,-1
4,1,1712.531,1167.893,223.077,131.488,1,-1,-1,-1
5,2,2357.811,1331.924,56.460,30.841,1,-1,-1,-1
5,1,1712.511,1167.930,223.143,131.416,1,-1,-1,-1
5,3,2477.363,1361.936,77.793,60.987,1,-1,-1,-1
6,2,2357.824,1331.921,56.493,30.882,1,-1,-1,-1
6,3,2476.513,1361.997,79.616,63.818,1,-1,-1,-1
6,1,1714.385,1169.289,221.695,131.521,1,-1,-1,-1
7,3,2476.500,1362.055,79.618,63.742,1,-1,-1,-1
7,2,2357.817,1331.916,56.420,30.850,1,-1,-1,-1
7,1,1716.259,1170.648,220.246,131.626,1,-1,-1,-1
8,2,2357.859,1331.901,56.402,30.871,1,-1,-1,-1
8,1,1716.263,1170.636,220.276,131.642,1,-1,-1,-1
8,3,2476.496,1361.976,79.640,63.821,1,-1,-1,-1
9,1,1712.409,1167.861,223.188,131.476,1,-1,-1,-1
9,2,2357.826,1331.903,56.396,30.853,1,-1,-1,-1
9,3,2476.486,1361.964,79.716,63.898,1,-1,-1,-1
10,2,2357.826,1331.903,56.386,30.847,1,-1,-1,-1
10,3,2476.583,1362.097,79.581,63.736,1,-1,-1,-1
10,1,1712.418,1167.854,223.168,131.466,1,-1,-1,-1
11,1,1712.427,1167.848,223.147,131.456,1,-1,-1,-1
11,2,2357.820,1331.901,56.446,30.869,1,-1,-1,-1
11,3,2477.323,1361.873,77.740,61.132,1,-1,-1,-1
12,1,1712.416,1167.839,223.156,131.455,1,-1,-1,-1
12,2,2357.813,1331.897,56.482,30.900,1,-1,-1,-1
12,3,2477.380,1361.752,77.725,61.230,1,-1,-1,-1
13,1,1714.314,1169.250,221.711,131.471,1,-1,-1,-1
13,2,2358.018,1331.890,55.809,30.701,1,-1,-1,-1
13,3,2476.572,1361.922,79.559,63.935,1,-1,-1,-1
14,2,2358.016,1331.889,55.826,30.703,1,-1,-1,-1
14,1,1716.213,1170.662,220.265,131.488,1,-1,-1,-1
14,3,2476.480,1361.790,79.650,63.986,1,-1,-1,-1
15,2,2358.024,1331.891,55.833,30.700,1,-1,-1,-1
15,1,1716.224,1170.684,220.265,131.479,1,-1,-1,-1
15,3,2476.498,1361.928,79.591,63.831,1,-1,-1,-1
16,3,2476.497,1361.931,79.593,63.826,1,-1,-1,-1
16,2,2357.944,1331.880,55.977,30.753,1,-1,-1,-1
16,1,1716.216,1170.679,220.278,131.485,1,-1,-1,-1
17,3,2476.410,1361.860,79.629,63.879,1,-1,-1,-1
17,1,1714.381,1169.227,221.605,131.510,1,-1,-1,-1
17,2,2357.960,1331.882,56.015,30.755,1,-1,-1,-1
18,2,2352.220,1330.107,89.507,53.140,1,-1,-1,-1
18,3,2476.415,1361.800,79.642,63.950,1,-1,-1,-1
18,1,1712.547,1167.774,222.932,131.536,1,-1,-1,-1
19,2,2352.169,1330.104,89.560,53.152,1,-1,-1,-1
19,3,2476.416,1361.817,79.637,63.932,1,-1,-1,-1
19,1,1712.554,1167.779,222.898,131.546,1,-1,-1,-1
20,2,2357.942,1331.875,56.108,30.797,1,-1,-1,-1
20,1,1712.577,1167.814,222.898,131.511,1,-1,-1,-1
20,3,2476.460,1362.005,79.575,63.730,1,-1,-1,-1
21,3,2476.533,1362.174,79.503,63.575,1,-1,-1,-1
21,1,1714.423,1169.247,221.573,131.518,1,-1,-1,-1
21,2,2357.972,1331.889,55.965,30.744,1,-1,-1,-1
22,3,2476.532,1362.165,79.504,63.586,1,-1,-1,-1
22,2,2357.978,1331.889,55.953,30.740,1,-1,-1,-1
22,1,1716.269,1170.680,220.249,131.525,1,-1,-1,-1
23,1,1712.609,1167.824,222.851,131.484,1,-1,-1,-1
23,2,2357.975,1331.889,55.958,30.740,1,-1,-1,-1
23,3,2476.531,1362.167,79.504,63.581,1,-1,-1,-1
24,3,2476.477,1361.917,79.596,63.807,1,-1,-1,-1
24,1,1712.712,1167.729,222.672,131.557,1,-1,-1,-1
24,2,2357.960,1331.888,55.984,30.749,1,-1,-1,-1
25,3,2476.432,1361.782,79.661,63.895,1,-1,-1,-1
25,2,2358.165,1331.911,55.653,30.630,1,-1,-1,-1
25,1,1712.815,1167.633,222.493,131.630,1,-1,-1,-1
26,3,2476.431,1361.784,79.661,63.892,1,-1,-1,-1
26,2,2358.140,1331.909,55.719,30.656,1,-1,-1,-1
26,1,1712.825,1167.612,222.476,131.667,1,-1,-1,-1
27,3,2476.394,1361.844,79.796,63.878,1,-1,-1,-1
27,1,1712.750,1167.721,222.555,131.547,1,-1,-1,-1
27,2,2352.351,1330.111,89.375,53.157,1,-1,-1,-1
28,3,2476.421,1361.940,79.729,63.748,1,-1,-1,-1
28,1,1712.746,1167.694,222.582,131.568,1,-1,-1,-1
28,2,2352.374,1330.105,89.333,53.115,1,-1,-1,-1
29,2,2352.344,1330.105,89.364,53.128,1,-1,-1,-1
29,3,2476.424,1361.864,79.764,63.817,1,-1,-1,-1
29,1,1712.742,1167.668,222.609,131.589,1,-1,-1,-1
30,2,2352.256,1330.086,89.501,53.214,1,-1,-1,-1
30,3,2476.420,1361.887,79.752,63.786,1,-1,-1,-1
30,1,1712.743,1167.672,222.532,131.599,1,-1,-1,-1
31,1,1712.772,1167.629,222.512,131.646,1,-1,-1,-1
31,2,2352.259,1330.084,89.496,53.215,1,-1,-1,-1
31,3,2476.422,1361.889,79.752,63.785,1,-1,-1,-1
32,3,2476.427,1361.896,79.746,63.778,1,-1,-1,-1
32,2,2352.227,1330.090,89.545,53.206,1,-1,-1,-1
32,1,1712.739,1167.688,222.557,131.574,1,-1,-1,-1
33,1,1712.706,1167.747,222.603,131.501,1,-1,-1,-1
33,2,2352.218,1330.088,89.566,53.222,1,-1,-1,-1
33,3,2476.440,1361.743,79.740,63.927,1,-1,-1,-1
34,2,2352.209,1330.089,89.588,53.228,1,-1,-1,-1
34,3,2476.414,1361.777,79.747,63.896,1,-1,-1,-1
34,1,1712.755,1167.697,222.588,131.547,1,-1,-1,-1
35,3,2476.423,1361.751,79.747,63.928,1,-1,-1,-1
35,1,1712.740,1167.742,222.607,131.485,1,-1,-1,-1
35,2,2352.201,1330.085,89.588,53.227,1,-1,-1,-1
36,3,2476.439,1361.860,79.710,63.815,1,-1,-1,-1
36,1,1712.786,1167.748,222.561,131.503,1,-1,-1,-1
36,2,2352.217,1330.099,89.564,53.204,1,-1,-1,-1
37,1,1712.831,1167.753,222.516,131.521,1,-1,-1,-1
37,2,2358.141,1331.938,55.779,30.721,1,-1,-1,-1
37,3,2476.403,1361.961,79.730,63.700,1,-1,-1,-1
38,1,1712.810,1167.726,222.574,131.553,1,-1,-1,-1
38,3,2476.379,1361.911,79.760,63.749,1,-1,-1,-1
38,2,2358.112,1331.939,55.883,30.751,1,-1,-1,-1
39,1,1712.793,1167.739,222.539,131.551,1,-1,-1,-1
39,2,2358.126,1331.942,55.818,30.730,1,-1,-1,-1
39,3,2476.302,1361.946,79.817,63.738,1,-1,-1,-1
40,2,2358.129,1331.938,55.822,30.740,1,-1,-1,-1
40,1,1712.818,1167.724,222.523,131.537,1,-1,-1,-1
40,3,2476.307,1361.883,79.849,63.808,1,-1,-1,-1
41,3,2476.305,1361.856,79.854,63.833,1,-1,-1,-1
41,1,1712.842,1167.708,222.507,131.523,1,-1,-1,-1
41,2,2358.127,1331.938,55.833,30.743,1,-1,-1,-1
42,3,2476.317,1361.845,79.755,63.876,1,-1,-1,-1
42,1,1712.817,1167.719,222.513,131.515,1,-1,-1,-1
42,2,2358.177,1331.930,55.676,30.735,1,-1,-1,-1
43,1,1712.846,1167.685,222.465,131.558,1,-1,-1,-1
43,3,2476.406,1361.660,79.902,64.062,1,-1,-1,-1
43,2,2358.152,1331.917,55.825,30.861,1,-1,-1,-1
44,3,2476.433,1362.051,79.799,63.677,1,-1,-1,-1
44,2,2352.478,1330.155,89.154,52.979,1,-1,-1,-1
44,1,1712.855,1167.697,222.413,131.524,1,-1,-1,-1
45,2,2352.102,1330.148,89.771,53.154,1,-1,-1,-1
45,1,1712.864,1167.709,222.362,131.490,1,-1,-1,-1
45,3,2476.597,1361.919,79.802,63.809,1,-1,-1,-1
46,3,2476.569,1361.911,79.831,63.815,1,-1,-1,-1
46,2,2352.069,1330.143,89.817,53.159,1,-1,-1,-1
46,1,1712.806,1167.696,222.540,131.492,1,-1,-1,-1
47,3,2476.573,1361.911,79.835,63.825,1,-1,-1,-1
47,1,1712.825,1167.716,222.518,131.471,1,-1,-1,-1
47,2,2352.069,1330.145,89.804,53.162,1,-1,-1,-1
48,2,2352.065,1330.144,89.812,53.166,1,-1,-1,-1
48,3,2476.574,1361.913,79.835,63.823,1,-1,-1,-1
48,1,1712.870,1167.752,222.449,131.404,1,-1,-1,-1
49,2,2352.174,1330.083,89.725,53.292,1,-1,-1,-1
49,3,2476.630,1361.861,79.763,63.896,1,-1,-1,-1
49,1,1712.916,1167.788,222.379,131.336,1,-1,-1,-1
50,1,1712.910,1167.754,222.403,131.392,1,-1,-1,-1
50,2,2352.235,1330.080,89.660,53.255,1,-1,-1,-1
50,3,2476.629,1361.729,79.707,64.002,1,-1,-1,-1
51,1,1712.908,1167.727,222.437,131.429,1,-1,-1,-1
51,2,2352.226,1330.069,89.676,53.268,1,-1,-1,-1
51,3,2476.645,1361.768,79.667,63.901,1,-1,-1,-1
52,2,2352.234,1330.032,89.681,53.316,1,-1,-1,-1
52,1,1712.935,1167.719,222.395,131.433,1,-1,-1,-1
52,3,2476.513,1361.644,79.670,64.034,1,-1,-1,-1
53,3,2476.544,1361.732,79.623,63.956,1,-1,-1,-1
53,1,1712.961,1167.711,222.352,131.437,1,-1,-1,-1
53,2,2352.250,1330.023,89.555,53.264,1,-1,-1,-1
54,3,2476.544,1361.703,79.665,63.963,1,-1,-1,-1
54,2,2352.243,1330.022,89.563,53.265,1,-1,-1,-1
54,1,1712.964,1167.709,222.349,131.429,1,-1,-1,-1
55,3,2476.543,1361.745,79.657,63.974,1,-1,-1,-1
55,1,1712.905,1167.786,222.418,131.346,1,-1,-1,-1
55,2,2352.240,1330.014,89.546,53.272,1,-1,-1,-1
56,2,2352.248,1330.025,89.529,53.259,1,-1,-1,-1
56,1,1712.898,1167.790,222.428,131.352,1,-1,-1,-1
56,3,2476.509,1361.662,79.774,64.018,1,-1,-1,-1
57,1,1712.892,1167.793,222.439,131.357,1,-1,-1,-1
57,3,2476.519,1361.661,79.787,63.969,1,-1,-1,-1
57,2,2352.253,1330.043,89.502,53.252,1,-1,-1,-1
58,2,2352.275,1330.035,89.441,53.245,1,-1,-1,-1
58,1,1712.860,1167.816,222.482,131.329,1,-1,-1,-1
58,3,2476.527,1361.640,79.783,63.997,1,-1,-1,-1
59,2,2352.133,1330.070,89.596,53.205,1,-1,-1,-1
59,1,1712.869,1167.771,222.458,131.355,1,-1,-1,-1
59,3,2476.518,1361.613,79.793,64.023,1,-1,-1,-1
60,2,2352.135,1330.077,89.577,53.189,1,-1,-1,-1
60,3,2476.509,1361.646,79.799,63.994,1,-1,-1,-1
60,1,1712.903,1167.751,222.402,131.365,1,-1,-1,-1
61,3,2476.445,1361.431,79.872,64.250,1,-1,-1,-1
61,2,2352.198,1330.074,89.698,53.282,1,-1,-1,-1
61,1,1712.937,1167.731,222.347,131.375,1,-1,-1,-1
62,1,1712.896,1167.662,222.464,131.506,1,-1,-1,-1
62,3,2476.468,1361.182,79.846,64.517,1,-1,-1,-1
62,2,2352.176,1330.084,89.722,53.276,1,-1,-1,-1
63,1,1712.843,1167.653,222.623,131.499,1,-1,-1,-1
63,2,2352.180,1330.081,89.716,53.288,1,-1,-1,-1
63,3,2476.475,1361.187,79.841,64.514,1,-1,-1,-1
64,1,1712.863,1167.655,222.584,131.512,1,-1,-1,-1
64,3,2476.464,1361.137,79.845,64.566,1,-1,-1,-1
64,2,2352.156,1330.076,89.744,53.297,1,-1,-1,-1
65,2,2352.168,1330.093,89.712,53.263,1,-1,-1,-1
65,1,1712.882,1167.657,222.545,131.526,1,-1,-1,-1
65,3,2476.414,1361.383,79.783,64.408,1,-1,-1,-1
66,2,2352.152,1330.077,89.711,53.258,1,-1,-1,-1
66,1,1712.879,1167.656,222.556,131.526,1,-1,-1,-1
66,3,2476.365,1361.454,79.952,64.302,1,-1,-1,-1
67,2,2358.060,1331.833,56.050,30.883,1,-1,-1,-1
67,1,1712.881,1167.724,222.547,131.437,1,-1,-1,-1
67,3,2476.385,1361.568,80.091,65.494,1,-1,-1,-1
68,3,2475.687,1360.919,78.527,66.772,1,-1,-1,-1
68,1,1712.886,1167.714,222.533,131.443,1,-1,-1,-1
68,2,2352.305,1330.133,89.369,53.051,1,-1,-1,-1
69,3,2476.817,1359.621,79.449,70.469,1,-1,-1,-1
69,2,2358.328,1331.851,55.645,30.822,1,-1,-1,-1
69,1,1712.892,1167.704,222.519,131.449,1,-1,-1,-1
70,1,1712.863,1167.764,222.543,131.394,1,-1,-1,-1
70,3,2477.085,1360.131,78.056,71.063,1,-1,-1,-1
70,2,2358.473,1331.905,55.332,30.761,1,-1,-1,-1
71,1,1711.035,1168.233,227.211,131.143,1,-1,-1,-1
71,3,2477.160,1360.778,79.993,71.890,1,-1,-1,-1
71,2,2356.587,1331.989,60.650,31.665,1,-1,-1,-1
72,3,2477.484,1363.524,80.543,73.006,1,-1,-1,-1
72,2,2356.625,1332.126,60.476,31.352,1,-1,-1,-1
72,1,1709.207,1168.702,231.878,130.892,1,-1,-1,-1
73,3,2478.953,1364.495,78.603,75.528,1,-1,-1,-1
73,2,2356.708,1332.159,60.287,31.326,1,-1,-1,-1
73,1,1709.360,1168.721,231.593,130.668,1,-1,-1,-1
74,1,1709.364,1168.740,231.590,130.647,1,-1,-1,-1
74,3,2481.092,1361.440,73.735,78.360,1,-1,-1,-1
74,2,2356.921,1332.122,59.525,31.135,1,-1,-1,-1
75,2,2357.328,1332.165,58.213,30.505,1,-1,-1,-1
75,1,1709.428,1168.742,231.522,130.658,1,-1,-1,-1
75,3,2476.936,1360.655,77.705,81.156,1,-1,-1,-1
76,2,2357.277,1332.297,58.567,30.249,1,-1,-1,-1
76,3,2464.877,1362.573,88.958,82.311,1,-1,-1,-1
76,1,1709.493,1168.744,231.455,130.669,1,-1,-1,-1
77,3,2459.138,1364.787,94.122,78.696,1,-1,-1,-1
77,2,2353.740,1331.605,70.225,37.086,1,-1,-1,-1
77,1,1709.512,1168.760,231.466,130.584,1,-1,-1,-1
78,2,2350.202,1330.912,81.882,43.923,1,-1,-1,-1
78,3,2451.733,1364.683,100.235,78.097,1,-1,-1,-1
78,1,1709.501,1168.744,231.485,130.589,1,-1,-1,-1
79,3,2437.837,1361.510,114.430,81.210,1,-1,-1,-1
79,2,2346.664,1330.220,93.540,50.760,1,-1,-1,-1
79,1,1709.495,1168.747,231.490,130.583,1,-1,-1,-1
80,1,1709.489,1168.750,231.494,130.577,1,-1,-1,-1
80,3,2424.839,1358.408,124.615,80.705,1,-1,-1,-1
80,2,2346.664,1330.220,93.540,50.760,1,-1,-1,-1
81,1,1709.492,1168.752,231.489,130.446,1,-1,-1,-1
81,3,2406.738,1355.676,133.279,82.668,1,-1,-1,-1
81,2,2357.737,1328.548,48.009,31.161,1,-1,-1,-1
81,4,2522.057,1372.388,37.569,53.812,1,-1,-1,-1
82,1,1709.377,1168.752,231.594,130.453,1,-1,-1,-1
82,3,2389.999,1355.234,153.773,81.859,1,-1,-1,-1
82,2,2357.840,1328.542,45.522,31.111,1,-1,-1,-1
83,3,2379.691,1353.250,149.688,81.067,1,-1,-1,-1
83,1,1709.379,1168.745,231.597,130.472,1,-1,-1,-1
83,2,2358.493,1326.320,46.417,33.484,1,-1,-1,-1
83,4,2502.120,1361.736,54.521,42.319,1,-1,-1,-1
84,1,1709.381,1168.737,231.600,130.491,1,-1,-1,-1
84,4,2500.844,1370.373,55.484,53.272,1,-1,-1,-1
84,3,2366.164,1347.985,146.282,86.285,1,-1,-1,-1
85,1,1709.247,1168.742,231.737,130.549,1,-1,-1,-1
85,3,2352.637,1342.720,142.875,91.502,1,-1,-1,-1
85,4,2493.163,1362.988,62.072,62.375,1,-1,-1,-1
86,3,2339.110,1337.455,139.469,96.720,1,-1,-1,-1
86,1,1709.307,1168.750,231.674,130.486,1,-1,-1,-1
86,4,2480.556,1363.139,75.433,63.050,1,-1,-1,-1
87,1,1709.333,1168.781,231.668,130.471,1,-1,-1,-1
87,3,2322.772,1335.075,137.083,89.328,1,-1,-1,-1
87,2,2473.898,1364.112,79.565,61.474,1,-1,-1,-1
88,1,1709.359,1168.813,231.662,130.456,1,-1,-1,-1
88,3,2296.844,1335.968,152.120,88.657,1,-1,-1,-1
88,2,2476.988,1363.531,78.761,61.802,1,-1,-1,-1
89,2,2476.901,1363.721,78.332,61.157,1,-1,-1,-1
89,3,2284.142,1331.202,151.310,92.853,1,-1,-1,-1
89,1,1709.357,1168.797,231.636,130.481,1,-1,-1,-1
90,3,2264.720,1321.218,155.463,99.194,1,-1,-1,-1
90,1,1709.405,1168.797,231.567,130.424,1,-1,-1,-1
90,2,2477.091,1363.198,78.335,62.073,1,-1,-1,-1
91,1,1709.409,1168.800,231.562,130.424,1,-1,-1,-1
91,3,2294.323,1322.645,129.546,84.451,1,-1,-1,-1
91,2,2477.050,1362.807,78.592,62.460,1,-1,-1,-1
92,7,2239.551,1315.960,141.603,96.679,1,-1,-1,-1
92,3,2323.926,1324.071,103.630,69.708,1,-1,-1,-1
92,1,1709.413,1168.803,231.558,130.425,1,-1,-1,-1
92,2,2476.914,1361.813,79.099,63.526,1,-1,-1,-1
93,7,2232.604,1308.773,136.463,101.257,1,-1,-1,-1
93,3,2353.529,1325.498,77.713,54.965,1,-1,-1,-1
93,1,1709.414,1168.791,231.488,130.436,1,-1,-1,-1
93,2,2476.953,1361.937,78.917,63.542,1,-1,-1,-1
94,1,1709.415,1168.825,231.373,130.330,1,-1,-1,-1
94,3,2355.332,1331.703,87.342,53.885,1,-1,-1,-1
94,2,2476.638,1362.208,79.175,63.256,1,-1,-1,-1
94,7,2181.507,1305.705,173.730,103.153,1,-1,-1,-1
95,2,2476.296,1361.763,79.630,63.583,1,-1,-1,-1
95,8,2159.336,1301.914,170.674,104.957,1,-1,-1,-1
95,1,1710.986,1168.326,226.895,130.859,1,-1,-1,-1
95,3,2347.207,1329.268,94.006,54.809,1,-1,-1,-1
96,3,2349.601,1329.818,91.124,54.283,1,-1,-1,-1
96,1,1712.557,1167.828,222.417,131.388,1,-1,-1,-1
96,2,2476.337,1360.163,77.750,64.596,1,-1,-1,-1
96,8,2149.797,1292.980,167.277,115.504,1,-1,-1,-1
97,2,2476.318,1362.188,79.407,63.028,1,-1,-1,-1
97,8,2115.341,1281.671,169.649,100.879,1,-1,-1,-1
97,3,2351.994,1330.369,88.242,53.757,1,-1,-1,-1
97,1,1711.281,1168.907,224.024,130.608,1,-1,-1,-1
98,8,2082.757,1276.578,142.027,105.660,1,-1,-1,-1
98,3,2349.985,1330.819,91.219,52.452,1,-1,-1,-1
98,1,1710.004,1169.986,225.631,129.829,1,-1,-1,-1
98,2,2476.316,1361.980,79.521,63.254,1,-1,-1,-1
99,3,2350.067,1330.515,91.080,52.694,1,-1,-1,-1
99,8,2056.127,1266.432,169.525,120.024,1,-1,-1,-1
99,2,2476.207,1361.805,79.679,63.446,1,-1,-1,-1
99,1,1709.881,1169.927,225.574,130.044,1,-1,-1,-1
100,8,2025.058,1256.730,189.632,125.382,1,-1,-1,-1
100,3,2350.351,1330.667,90.402,52.232,1,-1,-1,-1
100,1,1710.573,1169.378,225.570,130.324,1,-1,-1,-1
100,2,2476.166,1361.739,79.735,63.499,1,-1,-1,-1
101,8,2000.389,1252.573,200.289,126.353,1,-1,-1,-1
101,2,2474.954,1361.956,81.106,63.252,1,-1,-1,-1
101,1,1711.264,1168.829,225.565,130.604,1,-1,-1,-1
101,3,2350.634,1330.818,89.724,51.771,1,-1,-1,-1
102,2,2474.957,1361.986,81.079,63.248,1,-1,-1,-1
102,1,1712.165,1171.696,223.685,124.722,1,-1,-1,-1
102,8,1965.643,1244.803,221.085,133.571,1,-1,-1,-1
102,3,2350.217,1330.892,90.294,51.688,1,-1,-1,-1
103,8,1930.897,1237.034,241.880,140.789,1,-1,-1,-1
103,3,2349.714,1331.049,91.033,51.490,1,-1,-1,-1
103,1,1711.729,1171.860,225.594,123.541,1,-1,-1,-1
103,2,2475.004,1361.954,81.056,63.389,1,-1,-1,-1
104,8,1897.166,1231.686,245.780,141.916,1,-1,-1,-1
104,1,1713.557,1172.396,206.425,120.360,1,-1,-1,-1
104,3,2349.723,1331.034,91.244,51.462,1,-1,-1,-1
104,2,2474.996,1361.915,81.067,63.431,1,-1,-1,-1
105,3,2349.732,1331.020,91.456,51.434,1,-1,-1,-1
105,8,1863.434,1226.338,249.680,143.043,1,-1,-1,-1
105,2,2476.145,1361.139,78.836,61.689,1,-1,-1,-1
105,1,1715.386,1172.931,187.256,117.179,1,-1,-1,-1
106,9,5.421,1483.620,342.985,427.600,1,-1,-1,-1
106,3,2349.689,1331.042,91.594,51.414,1,-1,-1,-1
106,8,1825.487,1210.406,258.928,154.438,1,-1,-1,-1
106,1,1715.563,1174.523,166.146,110.778,1,-1,-1,-1
106,2,2476.191,1361.196,78.783,61.613,1,-1,-1,-1
107,1,1718.148,1173.133,236.095,146.690,1,-1,-1,-1
107,9,7.834,1354.302,624.024,544.890,1,-1,-1,-1
107,2,2474.995,1361.947,81.084,63.442,1,-1,-1,-1
107,3,2349.606,1331.014,91.609,51.399,1,-1,-1,-1
108,2,2476.114,1361.455,78.873,61.428,1,-1,-1,-1
108,9,18.868,1306.672,823.143,585.432,1,-1,-1,-1
108,3,2349.676,1331.065,91.579,51.384,1,-1,-1,-1
108,1,1720.734,1171.743,306.044,182.602,1,-1,-1,-1
109,1,1702.681,1175.204,287.042,180.371,1,-1,-1,-1
109,3,2349.745,1331.117,91.550,51.369,1,-1,-1,-1
109,2,2476.198,1362.167,78.194,60.743,1,-1,-1,-1
109,9,5.701,1292.442,1014.614,615.579,1,-1,-1,-1
110,1,1662.301,1172.220,295.895,174.521,1,-1,-1,-1
110,3,2349.911,1331.113,91.334,51.347,1,-1,-1,-1
110,9,79.388,1274.099,1055.119,558.146,1,-1,-1,-1
110,2,2476.213,1362.196,78.164,60.698,1,-1,-1,-1
111,1,1615.214,1159.756,317.582,179.757,1,-1,-1,-1
111,9,361.207,1271.848,905.454,482.534,1,-1,-1,-1
111,3,2351.117,1330.205,90.662,51.293,1,-1,-1,-1
111,2,2476.015,1363.015,80.140,62.363,1,-1,-1,-1
112,3,2356.588,1331.484,60.617,32.078,1,-1,-1,-1
112,2,2476.074,1363.011,80.065,62.390,1,-1,-1,-1
112,1,1572.871,1151.742,342.319,182.945,1,-1,-1,-1
112,9,583.512,1269.394,767.059,426.874,1,-1,-1,-1
113,3,2350.602,1330.227,91.187,51.406,1,-1,-1,-1
113,2,2476.007,1363.086,80.096,62.361,1,-1,-1,-1
113,9,752.651,1271.769,685.829,378.634,1,-1,-1,-1
113,1,1519.422,1134.642,416.110,197.843,1,-1,-1,-1
114,3,2351.533,1330.165,90.197,51.424,1,-1,-1,-1
114,2,2476.024,1363.074,80.077,62.375,1,-1,-1,-1
114,1,1588.179,1147.249,348.312,174.501,1,-1,-1,-1
114,9,919.110,1276.255,600.773,343.179,1,-1,-1,-1
115,2,2476.034,1363.056,80.075,62.393,1,-1,-1,-1
115,3,2351.538,1330.158,90.190,51.438,1,-1,-1,-1
115,9,1038.154,1273.281,539.112,318.421,1,-1,-1,-1
115,1,1656.937,1159.856,280.514,151.160,1,-1,-1,-1
116,2,2476.006,1363.053,80.101,62.413,1,-1,-1,-1
116,1,1725.694,1172.463,212.716,127.818,1,-1,-1,-1
116,3,2351.543,1330.164,90.123,51.425,1,-1,-1,-1
116,9,1142.027,1278.755,493.204,285.668,1,-1,-1,-1
117,3,2351.529,1330.168,90.146,51.418,1,-1,-1,-1
117,9,1249.384,1273.682,428.786,275.639,1,-1,-1,-1
117,10,1311.176,1102.265,392.007,220.163,1,-1,-1,-1
117,2,2475.999,1363.048,80.107,62.415,1,-1,-1,-1
117,1,1715.703,1169.526,221.505,128.815,1,-1,-1,-1
118,3,2351.510,1330.165,90.181,51.430,1,-1,-1,-1
118,1,1711.780,1169.363,227.310,129.752,1,-1,-1,-1
118,10,1242.659,1084.125,415.214,226.456,1,-1,-1,-1
118,9,1325.852,1268.248,394.434,256.012,1,-1,-1,-1
118,2,2476.025,1363.051,80.084,62.417,1,-1,-1,-1
119,9,1383.474,1266.536,370.138,245.140,1,-1,-1,-1
119,1,1707.856,1169.199,233.115,130.689,1,-1,-1,-1
119,10,1174.611,1081.281,450.241,242.362,1,-1,-1,-1
119,2,2476.084,1363.090,80.029,62.356,1,-1,-1,-1
119,3,2351.485,1330.182,90.193,51.426,1,-1,-1,-1
120,9,1460.127,1275.734,334.782,211.083,1,-1,-1,-1
120,1,1707.810,1169.016,233.195,131.280,1,-1,-1,-1
120,3,2351.494,1330.119,90.155,51.475,1,-1,-1,-1
120,2,2476.203,1363.108,79.924,62.329,1,-1,-1,-1
120,10,1091.963,1072.484,481.149,258.093,1,-1,-1,-1
121,1,1709.109,1170.322,229.729,130.594,1,-1,-1,-1
121,9,1514.430,1275.753,326.286,190.165,1,-1,-1,-1
121,2,2476.122,1363.439,79.960,61.957,1,-1,-1,-1
121,10,1009.315,1063.687,512.057,273.824,1,-1,-1,-1
121,3,2352.843,1331.036,89.516,51.899,1,-1,-1,-1
122,9,1571.121,1278.360,306.155,171.801,1,-1,-1,-1
122,2,2476.171,1363.540,79.846,61.856,1,-1,-1,-1
122,10,926.667,1054.890,542.965,289.555,1,-1,-1,-1
122,1,1710.408,1171.627,226.263,129.908,1,-1,-1,-1
122,3,2352.630,1331.049,89.767,51.993,1,-1,-1,-1
123,3,2352.365,1331.122,90.042,51.973,1,-1,-1,-1
123,1,1710.596,1171.519,225.614,125.966,1,-1,-1,-1
123,10,820.950,1048.799,592.111,303.630,1,-1,-1,-1
123,9,1630.281,1278.573,295.313,164.207,1,-1,-1,-1
123,2,2476.156,1363.407,79.862,61.973,1,-1,-1,-1
124,3,2352.386,1331.102,90.017,51.996,1,-1,-1,-1
124,2,2476.212,1363.620,79.810,61.807,1,-1,-1,-1
124,9,1673.219,1281.288,279.750,165.618,1,-1,-1,-1
124,10,718.755,1034.400,637.454,340.372,1,-1,-1,-1
124,1,1709.798,1171.315,226.924,125.568,1,-1,-1,-1
125,2,2476.210,1363.624,79.812,61.800,1,-1,-1,-1
125,9,1715.397,1281.417,266.553,170.187,1,-1,-1,-1
125,1,1709.000,1171.110,228.234,125.171,1,-1,-1,-1
125,3,2352.419,1331.034,89.939,52.064,1,-1,-1,-1
125,10,579.467,1026.057,704.756,361.065,1,-1,-1,-1
126,3,2352.612,1330.911,89.752,52.154,1,-1,-1,-1
126,10,388.295,1008.559,816.725,400.198,1,-1,-1,-1
126,9,1756.204,1294.693,255.594,161.056,1,-1,-1,-1
126,1,1708.201,1170.906,229.545,124.773,1,-1,-1,-1
126,2,2476.357,1363.498,79.764,62.047,1,-1,-1,-1
127,3,2352.378,1330.994,89.818,52.042,1,-1,-1,-1
127,1,1707.403,1170.701,230.855,124.375,1,-1,-1,-1
127,2,2476.384,1363.518,79.732,61.933,1,-1,-1,-1
127,9,1803.410,1293.448,241.658,166.112,1,-1,-1,-1
127,11,215.662,995.905,913.668,424.052,1,-1,-1,-1
128,1,1707.703,1170.593,230.641,127.132,1,-1,-1,-1
128,2,2476.385,1363.532,79.714,61.935,1,-1,-1,-1
128,9,1833.148,1304.773,238.137,157.300,1,-1,-1,-1
128,3,2352.564,1331.060,89.585,51.862,1,-1,-1,-1
128,11,0.000,971.504,1018.283,486.440,1,-1,-1,-1
129,3,2352.568,1331.054,89.486,51.896,1,-1,-1,-1
129,9,1869.993,1307.054,230.055,149.477,1,-1,-1,-1
129,1,1708.003,1170.485,230.426,129.888,1,-1,-1,-1
129,2,2476.397,1363.562,79.704,61.908,1,-1,-1,-1
129,11,0.000,955.405,923.957,546.202,1,-1,-1,-1
130,1,1708.097,1170.120,230.777,130.401,1,-1,-1,-1
130,3,2352.583,1331.068,89.311,51.874,1,-1,-1,-1
130,10,20.569,923.389,771.167,514.874,1,-1,-1,-1
130,2,2476.403,1363.574,79.696,61.895,1,-1,-1,-1
130,9,1908.410,1309.341,217.862,148.678,1,-1,-1,-1
131,9,1935.547,1311.817,216.545,143.283,1,-1,-1,-1
131,1,1708.283,1171.156,225.954,123.177,1,-1,-1,-1
131,2,2475.735,1361.464,80.555,63.753,1,-1,-1,-1
131,3,2353.139,1331.218,87.808,51.286,1,-1,-1,-1
131,10,3.319,926.247,623.647,534.775,1,-1,-1,-1
132,3,2352.718,1331.391,88.564,51.250,1,-1,-1,-1
132,9,1968.056,1314.919,218.019,138.271,1,-1,-1,-1
132,2,2475.894,1361.649,80.363,63.612,1,-1,-1,-1
132,10,8.326,1045.406,408.748,470.478,1,-1,-1,-1
132,1,1710.592,1170.584,224.375,126.375,1,-1,-1,-1
133,3,2352.795,1331.462,88.739,51.273,1,-1,-1,-1
133,2,2476.154,1361.671,79.979,63.480,1,-1,-1,-1
133,1,1712.902,1170.012,222.797,129.572,1,-1,-1,-1
133,9,2001.807,1316.797,193.775,133.012,1,-1,-1,-1
134,9,2031.647,1321.604,195.477,125.527,1,-1,-1,-1
134,3,2352.544,1331.397,88.985,51.431,1,-1,-1,-1
134,2,2476.183,1361.659,79.942,63.458,1,-1,-1,-1
134,1,1715.211,1169.440,221.218,132.770,1,-1,-1,-1
135,1,1715.133,1169.551,221.674,132.705,1,-1,-1,-1
135,2,2476.171,1361.625,79.980,63.471,1,-1,-1,-1
135,3,2352.557,1331.178,89.368,51.831,1,-1,-1,-1
135,9,2064.106,1327.958,180.367,121.820,1,-1,-1,-1
136,3,2353.159,1331.386,88.404,51.654,1,-1,-1,-1
136,9,2091.153,1336.025,173.141,118.883,1,-1,-1,-1
136,2,2476.235,1361.678,79.924,63.404,1,-1,-1,-1
136,1,1715.156,1169.510,221.592,132.755,1,-1,-1,-1
137,3,2353.524,1331.389,88.053,51.710,1,-1,-1,-1
137,9,2120.286,1347.784,169.498,114.808,1,-1,-1,-1
137,2,2476.274,1361.694,79.849,63.396,1,-1,-1,-1
137,1,1715.159,1169.567,221.605,132.659,1,-1,-1,-1
138,2,2476.485,1361.778,79.563,63.294,1,-1,-1,-1
138,1,1715.163,1169.623,221.619,132.562,1,-1,-1,-1
138,3,2353.726,1331.353,87.494,51.923,1,-1,-1,-1
138,9,2174.034,1360.833,135.837,101.924,1,-1,-1,-1
139,9,2191.327,1361.225,145.534,106.321,1,-1,-1,-1
139,2,2476.715,1362.005,79.232,63.097,1,-1,-1,-1
139,1,1715.142,1169.704,221.605,132.462,1,-1,-1,-1
139,3,2352.827,1331.035,89.146,51.797,1,-1,-1,-1
140,9,2213.388,1361.450,148.078,102.924,1,-1,-1,-1
140,1,1715.143,1169.756,221.789,132.397,1,-1,-1,-1
140,3,2352.301,1331.406,89.868,50.904,1,-1,-1,-1
140,2,2476.930,1362.108,79.010,63.061,1,-1,-1,-1
141,9,2206.860,1366.347,171.788,99.820,1,-1,-1,-1
141,1,1712.017,1169.672,224.789,131.827,1,-1,-1,-1
141,3,2356.255,1330.135,55.527,33.114,1,-1,-1,-1
141,2,2477.800,1363.924,77.789,61.171,1,-1,-1,-1
142,9,2235.312,1365.899,161.885,102.835,1,-1,-1,-1
142,1,1708.892,1169.588,227.790,131.258,1,-1,-1,-1
142,3,2354.991,1329.484,67.197,41.392,1,-1,-1,-1
142,2,2477.703,1364.034,77.933,61.145,1,-1,-1,-1
143,1,1708.750,1169.500,227.897,131.331,1,-1,-1,-1
143,9,2264.031,1371.790,152.321,98.308,1,-1,-1,-1
143,2,2478.315,1364.186,77.393,60.928,1,-1,-1,-1
143,3,2353.727,1328.833,78.868,49.670,1,-1,-1,-1
144,2,2478.485,1364.013,77.316,61.212,1,-1,-1,-1
144,9,2285.283,1374.486,146.208,95.363,1,-1,-1,-1
144,3,2352.463,1328.182,90.538,57.948,1,-1,-1,-1
144,1,1708.818,1169.623,227.932,131.156,1,-1,-1,-1
145,2,2478.144,1364.141,77.292,60.876,1,-1,-1,-1
145,1,1708.144,1169.121,230.656,131.241,1,-1,-1,-1
145,3,2353.491,1326.983,89.255,57.340,1,-1,-1,-1
145,9,2308.874,1385.262,142.745,87.100,1,-1,-1,-1
146,9,2326.426,1389.107,142.535,86.108,1,-1,-1,-1
146,1,1707.470,1168.619,233.379,131.326,1,-1,-1,-1
146,3,2354.526,1326.970,74.798,52.299,1,-1,-1,-1
146,2,2477.221,1363.876,77.879,60.978,1,-1,-1,-1
147,9,2345.239,1392.689,137.093,83.948,1,-1,-1,-1
147,3,2315.853,1305.310,75.331,52.057,1,-1,-1,-1
147,2,2478.033,1364.301,77.218,60.724,1,-1,-1,-1
147,1,1707.478,1168.575,233.386,131.397,1,-1,-1,-1
148,3,2353.839,1331.459,88.500,49.832,1,-1,-1,-1
148,2,2478.370,1364.333,77.635,60.569,1,-1,-1,-1
148,9,2363.688,1395.246,130.190,84.928,1,-1,-1,-1
148,1,1707.326,1168.584,233.578,131.394,1,-1,-1,-1
149,3,2353.600,1330.485,87.983,51.028,1,-1,-1,-1
149,9,2385.302,1399.310,126.159,82.278,1,-1,-1,-1
149,1,1709.271,1168.453,228.485,131.333,1,-1,-1,-1
149,2,2478.263,1363.764,76.601,61.573,1,-1,-1,-1
150,3,2351.875,1330.500,89.966,51.656,1,-1,-1,-1
150,2,2476.864,1363.953,79.316,61.579,1,-1,-1,-1
150,1,1711.217,1168.323,223.392,131.272,1,-1,-1,-1
150,9,2397.321,1399.442,126.486,82.884,1,-1,-1,-1
151,1,1711.524,1168.230,223.279,131.142,1,-1,-1,-1
151,9,2411.853,1400.284,125.510,82.980,1,-1,-1,-1
151,3,2348.277,1330.933,95.361,50.964,1,-1,-1,-1
151,2,2477.210,1362.873,79.134,63.838,1,-1,-1,-1
152,1,1711.370,1168.168,223.552,131.338,1,-1,-1,-1
152,3,2348.538,1331.076,94.399,50.803,1,-1,-1,-1
152,9,2433.313,1403.596,115.325,76.384,1,-1,-1,-1
152,2,2478.184,1361.787,78.110,61.101,1,-1,-1,-1
153,12,5.510,1493.729,1263.923,407.599,1,-1,-1,-1
153,1,1711.318,1168.196,223.476,131.276,1,-1,-1,-1
153,3,2349.364,1330.965,92.451,50.323,1,-1,-1,-1
153,9,2445.485,1366.045,111.382,115.183,1,-1,-1,-1
154,9,2457.837,1374.345,99.927,101.490,1,-1,-1,-1
154,3,2349.515,1330.974,91.343,50.284,1,-1,-1,-1
154,1,1711.252,1168.231,223.600,131.232,1,-1,-1,-1
154,12,14.804,1442.337,1079.668,450.453,1,-1,-1,-1
155,3,2349.987,1331.022,90.606,49.965,1,-1,-1,-1
155,9,2471.366,1402.254,85.810,80.944,1,-1,-1,-1
155,12,10.377,1409.423,961.475,483.771,1,-1,-1,-1
155,1,1711.187,1168.266,223.723,131.187,1,-1,-1,-1
156,12,9.103,1413.357,811.240,481.141,1,-1,-1,-1
156,1,1711.291,1168.255,223.559,131.195,1,-1,-1,-1
156,3,2350.074,1331.039,90.065,49.992,1,-1,-1,-1
156,9,2485.261,1416.034,70.932,68.590,1,-1,-1,-1
157,1,1711.282,1168.002,223.798,131.117,1,-1,-1,-1
157,3,2348.997,1331.497,91.849,49.629,1,-1,-1,-1
157,2,2478.601,1363.438,75.044,54.053,1,-1,-1,-1
157,12,10.843,1408.994,599.807,489.961,1,-1,-1,-1
157,9,2500.141,1416.441,58.908,64.049,1,-1,-1,-1
158,3,2349.082,1331.510,91.675,49.555,1,-1,-1,-1
158,1,1711.173,1167.979,223.949,131.177,1,-1,-1,-1
158,9,2509.530,1411.582,49.822,66.392,1,-1,-1,-1
158,12,6.075,1414.024,413.457,492.491,1,-1,-1,-1
158,2,2478.251,1362.555,73.463,56.312,1,-1,-1,-1
159,3,2349.197,1331.719,91.420,49.470,1,-1,-1,-1
159,9,2521.195,1411.293,38.277,64.271,1,-1,-1,-1
159,2,2478.134,1363.558,76.442,55.513,1,-1,-1,-1
159,1,1711.248,1167.943,223.931,131.208,1,-1,-1,-1
159,12,0.262,1515.498,228.116,394.564,1,-1,-1,-1
160,9,2530.730,1432.210,28.885,42.059,1,-1,-1,-1
160,2,2477.346,1363.669,78.438,59.110,1,-1,-1,-1
160,3,2349.077,1331.478,91.863,49.918,1,-1,-1,-1
160,1,1711.323,1167.906,223.912,131.240,1,-1,-1,-1
161,2,2476.834,1364.957,77.816,59.042,1,-1,-1,-1
161,3,2352.381,1330.398,88.571,51.004,1,-1,-1,-1
161,1,1710.867,1168.110,224.690,131.412,1,-1,-1,-1
162,2,2477.051,1363.261,75.988,60.212,1,-1,-1,-1
162,3,2352.840,1330.266,87.942,51.491,1,-1,-1,-1
162,1,1711.155,1167.924,224.331,131.690,1,-1,-1,-1
163,3,2352.852,1330.341,87.726,51.274,1,-1,-1,-1
163,2,2477.034,1363.390,75.984,60.066,1,-1,-1,-1
163,1,1711.114,1167.973,224.411,131.613,1,-1,-1,-1
164,1,1711.072,1168.022,224.491,131.535,1,-1,-1,-1
164,2,2477.179,1363.219,75.927,60.501,1,-1,-1,-1
164,3,2352.896,1330.316,87.767,51.276,1,-1,-1,-1
165,3,2352.453,1330.377,88.529,51.263,1,-1,-1,-1
165,1,1711.071,1168.073,224.484,131.457,1,-1,-1,-1
165,2,2476.414,1364.032,79.233,61.560,1,-1,-1,-1
166,1,1711.261,1167.976,224.254,131.447,1,-1,-1,-1
166,3,2352.432,1330.433,88.475,51.092,1,-1,-1,-1
166,2,2476.067,1364.124,79.771,62.260,1,-1,-1,-1
167,3,2352.517,1330.416,88.443,51.158,1,-1,-1,-1
167,1,1711.250,1167.987,224.219,131.436,1,-1,-1,-1
167,2,2476.521,1363.993,78.957,63.400,1,-1,-1,-1
168,3,2352.580,1330.403,88.280,51.150,1,-1,-1,-1
168,1,1711.239,1167.998,224.184,131.426,1,-1,-1,-1
168,2,2476.755,1364.259,79.385,66.931,1,-1,-1,-1
169,3,2352.520,1330.435,88.567,51.075,1,-1,-1,-1
169,1,1711.267,1168.131,224.486,131.349,1,-1,-1,-1
169,2,2476.425,1364.126,80.499,69.334,1,-1,-1,-1
170,2,2477.427,1364.344,79.078,71.351,1,-1,-1,-1
170,1,1711.241,1168.157,224.520,131.299,1,-1,-1,-1
170,3,2352.588,1330.383,88.468,51.196,1,-1,-1,-1
171,2,2479.277,1362.415,76.585,69.951,1,-1,-1,-1
171,1,1712.492,1167.518,222.371,132.230,1,-1,-1,-1
171,3,2352.140,1330.849,90.282,51.320,1,-1,-1,-1
172,2,2480.987,1364.932,75.504,73.697,1,-1,-1,-1
172,1,1712.599,1167.504,222.281,132.159,1,-1,-1,-1
172,3,2351.949,1330.800,90.628,51.491,1,-1,-1,-1
173,3,2351.972,1330.651,90.446,51.501,1,-1,-1,-1
173,2,2488.702,1366.963,68.538,75.062,1,-1,-1,-1
173,1,1712.706,1167.490,222.192,132.088,1,-1,-1,-1
174,1,1712.740,1167.488,222.133,132.091,1,-1,-1,-1
174,3,2351.801,1330.609,91.028,51.579,1,-1,-1,-1
174,2,2487.953,1364.423,69.717,79.939,1,-1,-1,-1
175,1,1712.664,1167.492,222.203,132.107,1,-1,-1,-1
175,3,2351.768,1330.418,91.271,51.257,1,-1,-1,-1
175,2,2475.666,1363.673,80.928,80.697,1,-1,-1,-1
176,1,1712.685,1167.508,222.314,132.075,1,-1,-1,-1
176,3,2351.023,1330.533,92.541,52.628,1,-1,-1,-1
176,2,2463.859,1364.314,93.375,78.392,1,-1,-1,-1
177,3,2351.059,1330.264,92.114,51.900,1,-1,-1,-1
177,2,2453.836,1364.844,103.125,78.328,1,-1,-1,-1
177,1,1712.687,1167.510,222.326,132.074,1,-1,-1,-1
178,2,2445.787,1365.928,105.404,75.024,1,-1,-1,-1
178,3,2350.739,1329.967,91.066,51.530,1,-1,-1,-1
178,1,1712.688,1167.511,222.338,132.072,1,-1,-1,-1
179,3,2350.137,1329.299,90.125,50.710,1,-1,-1,-1
179,1,1712.629,1167.532,222.397,132.054,1,-1,-1,-1
179,2,2434.751,1366.318,111.462,72.157,1,-1,-1,-1
180,1,1712.608,1167.527,222.375,132.073,1,-1,-1,-1
180,2,2420.371,1363.730,124.999,73.623,1,-1,-1,-1
180,13,2508.250,1366.300,49.200,56.682,1,-1,-1,-1
180,3,2350.529,1328.312,88.614,48.507,1,-1,-1,-1
181,2,2402.757,1359.952,120.931,78.801,1,-1,-1,-1
181,3,2357.679,1328.618,42.275,28.294,1,-1,-1,-1
181,13,2506.201,1367.354,51.347,58.827,1,-1,-1,-1
181,1,1712.291,1167.608,222.545,131.895,1,-1,-1,-1
182,2,2389.741,1359.419,136.620,77.336,1,-1,-1,-1
182,13,2504.719,1370.224,52.882,55.178,1,-1,-1,-1
182,1,1712.333,1167.594,222.499,131.917,1,-1,-1,-1
182,3,2358.405,1326.666,42.496,30.521,1,-1,-1,-1
183,1,1712.375,1167.580,222.454,131.939,1,-1,-1,-1
183,13,2496.397,1366.762,58.332,58.040,1,-1,-1,-1
183,2,2383.799,1352.234,120.263,83.566,1,-1,-1,-1
184,1,1712.353,1167.527,222.554,131.998,1,-1,-1,-1
184,13,2482.752,1365.061,73.002,61.932,1,-1,-1,-1
184,2,2370.675,1349.085,114.019,85.911,1,-1,-1,-1
185,1,1712.262,1167.544,222.599,132.045,1,-1,-1,-1
185,13,2470.200,1364.903,83.461,61.711,1,-1,-1,-1
185,2,2356.017,1345.148,121.109,85.194,1,-1,-1,-1
186,1,1712.331,1167.504,222.580,132.029,1,-1,-1,-1
186,13,2469.444,1361.825,83.964,64.517,1,-1,-1,-1
186,2,2338.624,1342.165,130.664,86.721,1,-1,-1,-1
187,1,1712.291,1167.490,222.581,132.057,1,-1,-1,-1
187,2,2325.714,1335.041,122.530,89.846,1,-1,-1,-1
187,13,2476.811,1362.505,79.884,62.623,1,-1,-1,-1
188,13,2477.453,1362.580,79.535,62.734,1,-1,-1,-1
188,2,2311.000,1334.392,128.826,87.135,1,-1,-1,-1
188,1,1712.250,1167.476,222.582,132.084,1,-1,-1,-1
189,13,2477.492,1362.804,79.384,62.333,1,-1,-1,-1
189,2,2292.977,1332.099,143.344,87.181,1,-1,-1,-1
189,1,1712.287,1167.466,222.538,132.104,1,-1,-1,-1
190,1,1712.287,1167.446,222.516,132.128,1,-1,-1,-1
190,13,2477.202,1362.506,79.785,62.828,1,-1,-1,-1
190,2,2280.981,1330.205,135.175,90.273,1,-1,-1,-1
191,1,1712.248,1167.450,222.492,132.132,1,-1,-1,-1
191,2,2261.452,1327.740,134.683,87.945,1,-1,-1,-1
191,13,2477.319,1362.401,79.682,63.045,1,-1,-1,-1
192,2,2246.887,1322.654,133.444,90.860,1,-1,-1,-1
192,1,1712.237,1167.461,222.495,132.067,1,-1,-1,-1
192,13,2477.111,1362.275,79.918,63.247,1,-1,-1,-1
193,2,2238.544,1316.913,131.794,93.126,1,-1,-1,-1
193,1,1712.226,1167.472,222.499,132.002,1,-1,-1,-1
193,14,2360.032,1329.260,81.423,57.426,1,-1,-1,-1
193,13,2477.110,1361.933,79.945,63.468,1,-1,-1,-1
194,14,2353.282,1329.644,88.632,55.534,1,-1,-1,-1
194,2,2233.832,1316.907,117.896,86.167,1,-1,-1,-1
194,1,1712.300,1167.510,222.465,131.948,1,-1,-1,-1
194,13,2476.994,1361.837,80.011,63.595,1,-1,-1,-1
195,2,2198.997,1316.007,136.849,93.372,1,-1,-1,-1
195,14,2351.391,1330.557,89.624,53.022,1,-1,-1,-1
195,1,1712.335,1167.470,222.400,131.957,1,-1,-1,-1
195,13,2476.788,1361.632,80.122,63.776,1,-1,-1,-1
196,2,2159.993,1310.205,165.703,92.546,1,-1,-1,-1
196,13,2476.664,1361.489,80.235,63.911,1,-1,-1,-1
196,1,1712.450,1167.402,222.151,132.007,1,-1,-1,-1
196,14,2356.128,1330.433,83.316,53.773,1,-1,-1,-1
197,1,1712.427,1167.274,222.261,132.251,1,-1,-1,-1
197,2,2146.141,1304.363,162.178,96.013,1,-1,-1,-1
197,14,2355.479,1330.097,84.042,53.640,1,-1,-1,-1
197,13,2476.660,1361.367,80.297,64.025,1,-1,-1,-1
198,2,2126.120,1295.592,152.646,87.016,1,-1,-1,-1
198,1,1712.403,1167.146,222.371,132.496,1,-1,-1,-1
198,13,2476.534,1361.069,80.614,64.544,1,-1,-1,-1
198,14,2354.831,1329.761,84.769,53.508,1,-1,-1,-1
199,2,2102.875,1286.276,134.680,99.788,1,-1,-1,-1
199,1,1712.595,1167.268,222.094,132.415,1,-1,-1,-1
199,13,2476.492,1361.117,80.631,64.486,1,-1,-1,-1
199,14,2354.369,1329.982,85.428,53.295,1,-1,-1,-1
200,13,2476.461,1361.126,80.668,64.474,1,-1,-1,-1
200,2,2074.482,1281.901,156.649,108.245,1,-1,-1,-1
200,14,2354.947,1330.044,84.738,53.082,1,-1,-1,-1
200,1,1712.841,1167.384,221.140,132.230,1,-1,-1,-1
201,14,2353.208,1330.156,87.368,52.786,1,-1,-1,-1
201,1,1714.458,1169.361,220.229,131.678,1,-1,-1,-1
201,13,2476.266,1362.252,79.798,63.254,1,-1,-1,-1
201,2,2056.544,1276.287,163.454,109.451,1,-1,-1,-1
202,14,2351.470,1330.267,89.998,52.491,1,-1,-1,-1
202,13,2476.247,1362.143,79.811,63.430,1,-1,-1,-1
202,1,1716.074,1171.338,219.317,131.127,1,-1,-1,-1
202,2,2026.687,1265.682,181.916,116.939,1,-1,-1,-1
203,14,2351.255,1330.360,90.315,52.303,1,-1,-1,-1
203,13,2476.211,1362.140,79.847,63.417,1,-1,-1,-1
203,2,1998.649,1260.108,197.489,123.514,1,-1,-1,-1
203,1,1716.086,1171.010,219.541,131.534,1,-1,-1,-1
204,2,1968.110,1254.689,200.757,125.126,1,-1,-1,-1
204,1,1712.935,1171.561,223.175,125.968,1,-1,-1,-1
204,14,2351.254,1330.470,90.390,52.182,1,-1,-1,-1
204,13,2476.207,1362.098,79.872,63.473,1,-1,-1,-1
205,14,2351.276,1330.530,90.519,52.010,1,-1,-1,-1
205,2,1942.200,1248.163,194.079,124.287,1,-1,-1,-1
205,1,1709.190,1172.201,223.054,120.319,1,-1,-1,-1
205,13,2475.987,1362.494,79.971,63.086,1,-1,-1,-1
206,2,1916.233,1243.302,198.197,127.141,1,-1,-1,-1
206,14,2351.298,1330.589,90.647,51.838,1,-1,-1,-1
206,13,2475.886,1362.474,80.095,63.086,1,-1,-1,-1
206,1,1717.383,1173.718,215.101,120.454,1,-1,-1,-1
207,14,2351.332,1330.630,90.578,51.796,1,-1,-1,-1
207,13,2475.894,1362.502,80.090,63.061,1,-1,-1,-1
207,1,1716.403,1176.766,215.696,111.471,1,-1,-1,-1
207,2,1885.432,1235.616,203.313,132.164,1,-1,-1,-1
208,13,2475.828,1362.404,80.176,63.170,1,-1,-1,-1
208,1,1716.196,1174.779,197.953,109.805,1,-1,-1,-1
208,14,2351.370,1330.522,90.441,51.906,1,-1,-1,-1
208,2,1855.571,1233.592,209.277,128.968,1,-1,-1,-1
209,1,1715.988,1172.791,180.210,108.138,1,-1,-1,-1
209,13,2475.850,1362.433,80.146,63.131,1,-1,-1,-1
209,14,2351.191,1330.571,90.703,51.932,1,-1,-1,-1
209,2,1816.462,1220.613,219.035,134.072,1,-1,-1,-1
210,2,1784.908,1216.922,222.686,131.187,1,-1,-1,-1
210,13,2475.844,1362.429,80.156,63.136,1,-1,-1,-1
210,14,2351.012,1330.620,90.965,51.958,1,-1,-1,-1
210,1,1715.781,1170.804,162.467,106.472,1,-1,-1,-1
211,14,2351.019,1330.616,90.905,51.970,1,-1,-1,-1
211,2,1741.151,1213.270,231.443,134.613,1,-1,-1,-1
211,13,2475.875,1362.412,80.131,63.111,1,-1,-1,-1
211,1,1712.897,1176.772,158.861,85.551,1,-1,-1,-1
212,2,1718.396,1208.503,230.699,133.907,1,-1,-1,-1
212,14,2350.960,1330.646,90.988,51.948,1,-1,-1,-1
212,13,2475.902,1362.295,80.091,63.228,1,-1,-1,-1
212,1,1764.075,1175.389,115.895,45.227,1,-1,-1,-1
213,14,2350.957,1330.654,90.975,51.945,1,-1,-1,-1
213,13,2475.899,1362.189,80.130,63.358,1,-1,-1,-1
213,1,1727.949,1151.779,118.290,55.592,1,-1,-1,-1
213,2,1714.174,1199.147,227.393,133.566,1,-1,-1,-1
214,13,2475.896,1362.203,80.130,63.344,1,-1,-1,-1
214,2,1709.953,1189.792,224.086,133.224,1,-1,-1,-1
214,14,2350.953,1330.661,90.962,51.941,1,-1,-1,-1
215,14,2351.278,1330.568,90.625,52.054,1,-1,-1,-1
215,2,1705.731,1180.436,220.780,132.883,1,-1,-1,-1
215,1,1771.966,1178.229,105.635,50.594,1,-1,-1,-1
215,13,2476.198,1362.313,79.790,63.227,1,-1,-1,-1
216,13,2476.171,1362.203,79.814,63.365,1,-1,-1,-1
216,14,2351.102,1330.596,90.835,52.021,1,-1,-1,-1
216,2,1705.731,1180.436,220.780,132.883,1,-1,-1,-1
217,14,2350.907,1330.629,91.109,52.011,1,-1,-1,-1
217,15,1479.163,1155.196,288.221,172.087,1,-1,-1,-1
217,2,1742.123,1171.613,196.169,132.940,1,-1,-1,-1
217,13,2476.140,1362.201,79.827,63.416,1,-1,-1,-1
218,2,1731.813,1169.463,204.688,128.088,1,-1,-1,-1
218,15,1422.762,1138.861,299.234,182.433,1,-1,-1,-1
218,13,2476.137,1362.285,79.820,63.327,1,-1,-1,-1
218,14,2350.712,1330.663,91.382,52.002,1,-1,-1,-1
219,2,1714.510,1169.261,225.821,129.880,1,-1,-1,-1
219,13,2476.146,1362.380,79.757,63.196,1,-1,-1,-1
219,15,1374.886,1134.450,313.284,189.611,1,-1,-1,-1
219,14,2350.698,1330.673,91.422,51.981,1,-1,-1,-1
220,2,1716.359,1170.243,217.282,125.977,1,-1,-1,-1
220,14,2350.656,1330.665,91.491,51.993,1,-1,-1,-1
220,15,1304.159,1126.762,345.091,192.295,1,-1,-1,-1
220,13,2476.126,1362.390,79.768,63.170,1,-1,-1,-1
221,15,1246.762,1123.886,354.089,198.973,1,-1,-1,-1
221,2,1709.780,1168.392,231.338,131.056,1,-1,-1,-1
221,13,2476.409,1362.974,79.280,62.287,1,-1,-1,-1
221,14,2358.605,1331.217,64.578,34.723,1,-1,-1,-1
222,15,1174.544,1109.047,368.292,212.282,1,-1,-1,-1
222,13,2476.422,1362.831,79.284,62.415,1,-1,-1,-1
222,2,1708.531,1168.896,228.414,131.413,1,-1,-1,-1
222,14,2358.571,1331.287,64.637,34.706,1,-1,-1,-1
223,13,2476.400,1362.874,79.284,62.370,1,-1,-1,-1
223,2,1708.988,1168.394,232.324,131.226,1,-1,-1,-1
223,14,2358.559,1331.270,64.652,34.740,1,-1,-1,-1
223,15,1095.629,1099.626,406.779,221.625,1,-1,-1,-1
224,14,2358.534,1331.289,64.613,34.754,1,-1,-1,-1
224,15,1014.933,1087.648,428.663,238.706,1,-1,-1,-1
224,2,1709.114,1168.361,232.209,131.344,1,-1,-1,-1
224,13,2476.450,1362.865,79.248,62.380,1,-1,-1,-1
225,15,921.770,1079.372,466.835,248.972,1,-1,-1,-1
225,14,2358.545,1331.315,64.593,34.717,1,-1,-1,-1
225,2,1709.086,1168.303,232.232,131.418,1,-1,-1,-1
225,13,2476.231,1363.021,79.396,62.192,1,-1,-1,-1
226,14,2358.551,1331.308,64.578,34.710,1,-1,-1,-1
226,13,2476.326,1362.974,79.343,62.251,1,-1,-1,-1
226,2,1712.326,1167.851,226.042,130.672,1,-1,-1,-1
226,15,816.520,1063.707,507.708,272.701,1,-1,-1,-1
227,2,1710.094,1167.732,225.973,131.073,1,-1,-1,-1
227,13,2476.312,1362.977,79.350,62.248,1,-1,-1,-1
227,15,702.502,1050.969,552.506,297.668,1,-1,-1,-1
227,14,2358.552,1331.300,64.590,34.720,1,-1,-1,-1
228,15,568.109,1043.884,613.654,308.995,1,-1,-1,-1
228,2,1707.861,1167.613,225.903,131.473,1,-1,-1,-1
228,14,2358.545,1331.257,64.548,34.771,1,-1,-1,-1
228,13,2476.319,1362.997,79.335,62.227,1,-1,-1,-1
229,15,406.837,1036.047,668.617,332.036,1,-1,-1,-1
229,2,1708.771,1167.900,228.899,131.561,1,-1,-1,-1
229,14,2352.938,1330.132,87.289,52.091,1,-1,-1,-1
229,13,2476.651,1363.275,78.978,61.856,1,-1,-1,-1
230,14,2352.917,1330.134,87.371,52.110,1,-1,-1,-1
230,13,2476.624,1363.274,79.002,61.858,1,-1,-1,-1
230,2,1709.681,1168.186,231.895,131.650,1,-1,-1,-1
230,15,214.103,1021.184,765.180,358.955,1,-1,-1,-1
231,14,2353.830,1330.766,87.875,51.141,1,-1,-1,-1
231,13,2476.979,1361.739,79.054,63.435,1,-1,-1,-1
231,2,1708.084,1167.712,230.068,132.006,1,-1,-1,-1
231,15,0.874,996.038,882.368,404.188,1,-1,-1,-1
232,13,2477.645,1361.396,77.087,61.541,1,-1,-1,-1
232,14,2353.481,1330.811,88.366,51.125,1,-1,-1,-1
232,2,1706.487,1167.237,228.241,132.362,1,-1,-1,-1
232,15,0.000,967.174,745.110,445.479,1,-1,-1,-1
233,13,2477.542,1361.301,77.205,61.511,1,-1,-1,-1
233,2,1706.422,1167.286,228.288,132.264,1,-1,-1,-1
233,14,2353.541,1330.801,88.280,51.113,1,-1,-1,-1
233,15,6.888,944.180,590.771,460.325,1,-1,-1,-1
234,13,2477.601,1361.539,77.045,61.434,1,-1,-1,-1
234,2,1706.476,1167.226,228.158,132.291,1,-1,-1,-1
234,15,12.126,960.303,410.056,450.702,1,-1,-1,-1
234,14,2353.542,1330.813,88.310,51.106,1,-1,-1,-1
235,14,2353.620,1330.797,88.215,51.063,1,-1,-1,-1
235,13,2477.621,1361.559,77.020,61.421,1,-1,-1,-1
235,15,1.217,960.659,179.912,442.115,1,-1,-1,-1
235,2,1706.486,1167.224,228.208,132.293,1,-1,-1,-1
236,2,1706.501,1167.216,228.190,132.346,1,-1,-1,-1
236,13,2477.639,1361.554,76.983,61.399,1,-1,-1,-1
236,14,2353.597,1330.785,88.288,51.084,1,-1,-1,-1
237,14,2353.580,1330.797,88.305,51.071,1,-1,-1,-1
237,13,2477.704,1361.468,77.132,61.538,1,-1,-1,-1
237,2,1706.516,1167.208,228.172,132.400,1,-1,-1,-1
238,14,2353.534,1330.841,88.393,51.059,1,-1,-1,-1
238,13,2477.661,1361.499,77.254,61.499,1,-1,-1,-1
238,2,1706.527,1167.236,228.097,132.381,1,-1,-1,-1
239,13,2477.646,1361.514,77.271,61.483,1,-1,-1,-1
239,14,2353.538,1330.850,88.440,51.048,1,-1,-1,-1
239,2,1706.507,1167.252,228.075,132.358,1,-1,-1,-1
240,13,2477.702,1361.539,77.222,61.415,1,-1,-1,-1
240,14,2353.520,1330.858,88.537,51.031,1,-1,-1,-1
240,2,1706.509,1167.293,227.981,132.301,1,-1,-1,-1
241,14,2353.613,1330.725,88.062,50.991,1,-1,-1,-1
241,13,2477.036,1361.929,78.953,63.393,1,-1,-1,-1
241,2,1705.832,1167.801,235.048,132.477,1,-1,-1,-1
242,14,2353.644,1330.711,88.062,50.989,1,-1,-1,-1
242,13,2477.039,1361.923,78.950,63.400,1,-1,-1,-1
242,2,1705.815,1167.857,235.051,132.438,1,-1,-1,-1
243,2,1705.840,1167.860,235.037,132.433,1,-1,-1,-1
243,14,2353.627,1330.733,88.009,50.931,1,-1,-1,-1
243,13,2476.977,1361.937,78.952,63.375,1,-1,-1,-1
244,13,2477.622,1361.510,76.979,61.629,1,-1,-1,-1
244,14,2353.619,1330.715,88.008,50.947,1,-1,-1,-1
244,2,1705.815,1167.846,235.067,132.489,1,-1,-1,-1
245,13,2476.901,1362.074,79.087,63.239,1,-1,-1,-1
245,14,2353.655,1330.704,87.987,50.959,1,-1,-1,-1
245,2,1705.889,1167.838,234.997,132.491,1,-1,-1,-1
246,13,2476.946,1362.151,79.026,63.184,1,-1,-1,-1
246,2,1705.865,1167.849,235.011,132.489,1,-1,-1,-1
246,14,2353.848,1330.640,87.734,51.051,1,-1,-1,-1
247,13,2476.927,1362.159,79.048,63.173,1,-1,-1,-1
247,2,1705.906,1167.862,234.990,132.475,1,-1,-1,-1
247,14,2353.842,1330.646,87.746,51.062,1,-1,-1,-1
248,2,1705.753,1167.851,235.130,132.483,1,-1,-1,-1
248,13,2476.923,1362.164,79.050,63.167,1,-1,-1,-1
248,14,2353.803,1330.614,87.787,51.098,1,-1,-1,-1
249,13,2476.937,1362.204,78.988,63.155,1,-1,-1,-1
249,14,2353.814,1330.600,87.764,51.118,1,-1,-1,-1
249,2,1706.080,1167.895,234.874,132.377,1,-1,-1,-1
250,13,2476.965,1362.147,78.997,63.197,1,-1,-1,-1
250,2,1706.059,1167.883,234.877,132.401,1,-1,-1,-1
250,14,2353.810,1330.600,87.755,51.117,1,-1,-1,-1
251,14,2353.823,1330.609,87.703,51.092,1,-1,-1,-1
251,13,2476.920,1362.158,79.001,63.179,1,-1,-1,-1
251,2,1706.112,1167.887,234.824,132.377,1,-1,-1,-1
252,2,1706.116,1167.880,234.762,132.424,1,-1,-1,-1
252,13,2476.847,1362.084,79.181,63.352,1,-1,-1,-1
252,14,2353.856,1330.606,87.629,51.067,1,-1,-1,-1
253,14,2353.859,1330.619,87.650,51.086,1,-1,-1,-1
253,2,1706.102,1167.898,234.729,132.458,1,-1,-1,-1
253,13,2477.808,1361.400,77.234,62.342,1,-1,-1,-1
254,14,2353.973,1330.628,87.355,50.951,1,-1,-1,-1
254,2,1706.155,1167.897,234.677,132.475,1,-1,-1,-1
254,13,2476.912,1361.696,79.444,64.777,1,-1,-1,-1
255,13,2477.094,1361.741,79.026,65.766,1,-1,-1,-1
255,2,1706.146,1167.906,234.693,132.457,1,-1,-1,-1
255,14,2354.043,1330.605,87.246,50.936,1,-1,-1,-1
256,13,2477.352,1361.594,78.647,67.445,1,-1,-1,-1
256,2,1706.131,1167.905,234.698,132.467,1,-1,-1,-1
256,14,2354.038,1330.625,87.226,50.927,1,-1,-1,-1
257,13,2477.947,1361.279,77.097,68.301,1,-1,-1,-1
257,2,1706.135,1167.896,234.672,132.498,1,-1,-1,-1
257,14,2353.995,1330.664,87.255,50.811,1,-1,-1,-1
258,13,2477.164,1362.618,80.070,71.184,1,-1,-1,-1
258,2,1706.145,1167.895,234.658,132.504,1,-1,-1,-1
258,14,2353.923,1330.685,87.337,50.788,1,-1,-1,-1
259,13,2478.394,1360.935,79.118,74.608,1,-1,-1,-1
259,2,1706.187,1167.905,234.650,132.458,1,-1,-1,-1
259,14,2353.939,1330.669,87.476,50.995,1,-1,-1,-1
260,13,2478.136,1359.802,80.166,77.381,1,-1,-1,-1
260,14,2353.925,1330.536,87.604,51.248,1,-1,-1,-1
260,2,1706.203,1167.904,234.627,132.463,1,-1,-1,-1
261,2,1706.186,1167.903,234.650,132.460,1,-1,-1,-1
261,13,2480.300,1360.634,78.031,79.702,1,-1,-1,-1
261,14,2353.838,1330.455,87.648,51.333,1,-1,-1,-1
262,2,1706.257,1167.882,234.594,132.494,1,-1,-1,-1
262,13,2480.943,1360.487,76.901,81.170,1,-1,-1,-1
262,14,2353.926,1330.317,87.239,51.432,1,-1,-1,-1
263,13,2480.373,1356.117,76.069,85.497,1,-1,-1,-1
263,14,2354.184,1330.054,86.701,51.492,1,-1,-1,-1
263,2,1706.247,1167.884,234.606,132.485,1,-1,-1,-1
264,2,1706.229,1167.878,234.616,132.498,1,-1,-1,-1
264,13,2474.556,1362.971,83.532,80.068,1,-1,-1,-1
264,14,2353.760,1330.072,88.195,51.325,1,-1,-1,-1
265,13,2462.160,1361.684,92.937,82.330,1,-1,-1,-1
265,14,2353.146,1330.155,89.569,51.839,1,-1,-1,-1
265,2,1706.070,1167.897,234.804,132.502,1,-1,-1,-1
266,13,2456.421,1362.158,100.966,82.319,1,-1,-1,-1
266,14,2352.980,1330.147,88.748,51.245,1,-1,-1,-1
266,2,1705.984,1167.920,234.950,132.453,1,-1,-1,-1
267,13,2448.553,1369.796,104.414,74.917,1,-1,-1,-1
267,14,2353.258,1329.961,87.589,50.114,1,-1,-1,-1
267,2,1705.917,1167.928,235.050,132.412,1,-1,-1,-1
268,2,1705.875,1167.973,235.069,132.368,1,-1,-1,-1
268,14,2353.126,1329.419,87.024,50.301,1,-1,-1,-1
268,13,2432.064,1372.110,112.718,69.703,1,-1,-1,-1
269,14,2353.250,1329.292,88.293,49.199,1,-1,-1,-1
269,2,1705.902,1167.976,234.975,132.395,1,-1,-1,-1
269,13,2416.352,1373.090,119.025,68.012,1,-1,-1,-1
270,13,2408.604,1369.976,114.899,70.256,1,-1,-1,-1
270,16,2493.090,1363.745,59.677,60.173,1,-1,-1,-1
270,14,2353.161,1329.296,85.216,47.651,1,-1,-1,-1
270,2,1705.945,1167.955,234.934,132.421,1,-1,-1,-1
271,14,2358.773,1328.392,40.328,28.762,1,-1,-1,-1
271,2,1707.411,1167.235,226.105,131.363,1,-1,-1,-1
271,13,2397.194,1368.586,109.144,70.130,1,-1,-1,-1
271,16,2492.895,1366.124,61.071,58.822,1,-1,-1,-1
272,14,2359.900,1327.478,38.180,29.380,1,-1,-1,-1
272,2,1707.279,1167.293,226.258,131.361,1,-1,-1,-1
272,13,2385.497,1360.602,111.984,76.401,1,-1,-1,-1
272,16,2492.632,1365.165,63.030,61.502,1,-1,-1,-1
273,2,1707.298,1167.271,226.221,131.425,1,-1,-1,-1
273,14,2358.586,1321.904,39.517,35.252,1,-1,-1,-1
273,13,2370.596,1356.706,116.367,80.385,1,-1,-1,-1
273,16,2485.048,1365.539,69.260,59.662,1,-1,-1,-1
274,2,1707.318,1167.259,226.168,131.363,1,-1,-1,-1
274,16,2475.145,1366.726,78.079,59.255,1,-1,-1,-1
274,13,2363.387,1357.130,114.164,76.326,1,-1,-1,-1
275,16,2473.542,1364.085,79.840,62.588,1,-1,-1,-1
275,13,2348.495,1353.927,122.557,77.839,1,-1,-1,-1
275,2,1707.302,1167.242,226.172,131.395,1,-1,-1,-1
276,16,2475.433,1359.948,81.034,65.541,1,-1,-1,-1
276,13,2328.402,1350.188,122.577,77.595,1,-1,-1,-1
276,2,1707.316,1167.245,226.200,131.419,1,-1,-1,-1
277,16,2477.299,1361.631,78.917,63.440,1,-1,-1,-1
277,13,2318.072,1346.224,124.641,78.097,1,-1,-1,-1
277,2,1707.503,1167.472,226.252,131.325,1,-1,-1,-1
278,13,2296.679,1340.456,134.946,82.734,1,-1,-1,-1
278,16,2477.561,1361.138,78.986,64.190,1,-1,-1,-1
278,2,1707.529,1167.436,226.270,131.352,1,-1,-1,-1
279,16,2477.447,1361.395,79.117,63.984,1,-1,-1,-1
279,13,2283.898,1338.583,131.577,82.757,1,-1,-1,-1
279,2,1707.528,1167.433,226.275,131.401,1,-1,-1,-1
280,13,2264.496,1338.901,134.528,80.741,1,-1,-1,-1
280,16,2477.520,1361.320,79.209,64.448,1,-1,-1,-1
280,2,1707.502,1167.431,226.244,131.382,1,-1,-1,-1
281,13,2251.494,1334.579,134.923,83.004,1,-1,-1,-1
281,2,1707.494,1167.409,226.187,131.384,1,-1,-1,-1
281,16,2477.945,1360.976,78.849,64.894,1,-1,-1,-1
282,2,1707.502,1167.404,226.095,131.383,1,-1,-1,-1
282,17,2356.341,1327.775,61.121,42.054,1,-1,-1,-1
282,16,2477.619,1360.644,79.032,65.202,1,-1,-1,-1
282,13,2234.254,1332.645,134.855,81.714,1,-1,-1,-1
283,17,2353.883,1330.646,87.299,51.249,1,-1,-1,-1
283,16,2477.220,1360.562,79.191,65.240,1,-1,-1,-1
283,2,1707.473,1167.386,226.109,131.414,1,-1,-1,-1
283,13,2232.618,1331.883,121.923,77.053,1,-1,-1,-1
284,2,1707.531,1167.420,225.955,131.357,1,-1,-1,-1
284,16,2476.896,1360.529,79.385,65.190,1,-1,-1,-1
284,17,2353.091,1331.684,86.596,50.575,1,-1,-1,-1
284,13,2205.704,1327.307,133.771,80.674,1,-1,-1,-1
285,2,1707.584,1167.471,225.694,131.269,1,-1,-1,-1
285,16,2476.740,1360.419,79.457,65.236,1,-1,-1,-1
285,17,2353.703,1331.342,86.408,51.840,1,-1,-1,-1
285,13,2163.977,1323.588,157.184,83.038,1,-1,-1,-1
286,2,1712.915,1166.780,221.257,132.631,1,-1,-1,-1
286,16,2476.763,1360.275,79.564,65.357,1,-1,-1,-1
286,17,2351.258,1331.251,88.686,51.886,1,-1,-1,-1
286,18,2356.581,1330.490,42.174,28.016,1,-1,-1,-1
286,13,2151.720,1321.216,153.858,79.953,1,-1,-1,-1
287,18,2352.713,1330.754,87.146,52.156,1,-1,-1,-1
287,2,1712.992,1166.726,221.413,132.757,1,-1,-1,-1
287,17,2357.312,1326.115,51.041,33.562,1,-1,-1,-1
287,16,2476.642,1360.118,79.678,65.512,1,-1,-1,-1
287,13,2128.843,1308.414,160.183,86.397,1,-1,-1,-1
288,2,1713.014,1166.926,221.099,132.451,1,-1,-1,-1
288,18,2351.849,1330.574,88.896,52.614,1,-1,-1,-1
288,13,2106.712,1299.283,168.387,88.823,1,-1,-1,-1
288,16,2476.502,1360.264,79.791,65.329,1,-1,-1,-1
289,2,1713.276,1166.810,221.050,132.636,1,-1,-1,-1
289,18,2352.207,1330.418,87.985,52.170,1,-1,-1,-1
289,13,2079.367,1295.207,146.638,90.211,1,-1,-1,-1
289,16,2476.489,1360.135,79.891,65.541,1,-1,-1,-1
290,13,2061.008,1292.993,166.702,93.284,1,-1,-1,-1
290,16,2476.530,1360.116,79.870,65.585,1,-1,-1,-1
290,2,1713.191,1166.886,221.016,132.595,1,-1,-1,-1
290,18,2352.030,1330.349,88.413,52.490,1,-1,-1,-1
291,16,2476.478,1360.306,79.971,65.451,1,-1,-1,-1
291,13,2035.538,1285.564,169.108,95.869,1,-1,-1,-1
291,18,2352.639,1330.732,88.062,51.570,1,-1,-1,-1
291,2,1713.289,1166.813,221.261,132.749,1,-1,-1,-1
292,18,2353.249,1331.115,87.711,50.651,1,-1,-1,-1
292,19,5.700,1477.795,303.580,418.916,1,-1,-1,-1
292,13,2005.693,1282.268,177.430,96.830,1,-1,-1,-1
292,2,1713.193,1166.680,222.309,133.010,1,-1,-1,-1
292,16,2476.527,1360.274,80.405,66.053,1,-1,-1,-1
293,2,1712.280,1170.410,223.549,126.917,1,-1,-1,-1
293,13,1981.346,1277.288,184.064,99.299,1,-1,-1,-1
293,16,2476.857,1362.620,79.458,64.605,1,-1,-1,-1
293,18,2353.858,1331.498,87.360,49.731,1,-1,-1,-1
293,19,6.633,1371.188,572.062,536.124,1,-1,-1,-1
294,19,14.128,1303.292,781.590,597.272,1,-1,-1,-1
294,13,1954.856,1268.853,186.043,101.274,1,-1,-1,-1
294,2,1708.449,1171.227,225.813,122.302,1,-1,-1,-1
294,18,2353.701,1331.602,87.701,49.721,1,-1,-1,-1
294,16,2477.370,1363.019,78.656,67.615,1,-1,-1,-1
295,18,2353.557,1331.582,87.809,49.605,1,-1,-1,-1
295,13,1920.322,1259.466,197.853,108.118,1,-1,-1,-1
295,16,2477.048,1363.324,79.681,69.849,1,-1,-1,-1
295,2,1708.524,1171.436,224.790,120.661,1,-1,-1,-1
295,19,17.196,1263.931,946.417,648.454,1,-1,-1,-1
296,19,10.909,1254.677,1097.133,623.412,1,-1,-1,-1
296,16,2478.133,1362.985,78.562,72.501,1,-1,-1,-1
296,13,1891.178,1253.503,199.534,109.597,1,-1,-1,-1
296,2,1709.450,1172.400,226.815,113.782,1,-1,-1,-1
296,18,2353.343,1331.567,88.201,49.748,1,-1,-1,-1
297,2,1707.302,1172.301,220.930,116.052,1,-1,-1,-1
297,19,205.211,1243.956,989.887,571.201,1,-1,-1,-1
297,13,1864.224,1247.313,200.579,112.720,1,-1,-1,-1
297,18,2353.410,1331.629,88.214,49.802,1,-1,-1,-1
297,16,2478.963,1362.400,77.627,74.767,1,-1,-1,-1
298,19,446.745,1256.340,856.269,492.233,1,-1,-1,-1
298,18,2353.100,1331.581,88.723,49.805,1,-1,-1,-1
298,2,1713.811,1177.496,203.041,114.224,1,-1,-1,-1
298,13,1834.902,1240.812,202.968,115.944,1,-1,-1,-1
298,16,2490.246,1369.620,66.283,71.845,1,-1,-1,-1
299,19,626.488,1248.028,756.139,436.156,1,-1,-1,-1
299,13,1789.961,1227.798,220.112,119.759,1,-1,-1,-1
299,18,2353.361,1331.483,87.896,49.747,1,-1,-1,-1
299,2,1716.970,1174.383,167.320,102.158,1,-1,-1,-1
299,16,2485.362,1371.557,70.371,70.588,1,-1,-1,-1
300,13,1772.881,1226.619,207.284,117.386,1,-1,-1,-1
300,18,2352.947,1331.059,88.851,50.090,1,-1,-1,-1
300,16,2470.740,1322.515,86.338,97.705,1,-1,-1,-1
300,19,777.888,1253.189,685.085,391.613,1,-1,-1,-1
300,2,1716.822,1173.011,165.039,108.823,1,-1,-1,-1
301,13,1731.771,1218.041,216.355,122.222,1,-1,-1,-1
301,2,1716.473,1172.437,170.980,111.066,1,-1,-1,-1
301,19,919.640,1258.449,605.836,361.534,1,-1,-1,-1
301,16,2468.219,1360.048,88.044,85.810,1,-1,-1,-1
301,18,2350.929,1331.106,92.956,50.809,1,-1,-1,-1
302,13,1690.661,1209.464,225.426,127.058,1,-1,-1,-1
302,19,1032.217,1257.223,550.950,337.958,1,-1,-1,-1
302,2,1716.123,1171.862,176.921,113.310,1,-1,-1,-1
302,16,2457.360,1363.938,98.620,78.758,1,-1,-1,-1
302,18,2350.433,1330.893,92.430,50.563,1,-1,-1,-1
303,19,1147.830,1255.962,491.833,314.842,1,-1,-1,-1
303,18,2358.381,1331.664,61.676,32.323,1,-1,-1,-1
303,13,1649.551,1200.886,234.498,131.893,1,-1,-1,-1
303,16,2446.497,1374.333,101.562,66.217,1,-1,-1,-1
304,16,2431.925,1375.359,104.811,63.129,1,-1,-1,-1
304,13,1608.441,1192.308,243.569,136.729,1,-1,-1,-1
304,19,1234.512,1253.090,457.718,294.340,1,-1,-1,-1
304,18,2356.757,1325.956,64.964,39.297,1,-1,-1,-1
304,21,2485.626,1368.026,69.028,52.808,1,-1,-1,-1
305,16,2413.986,1372.068,114.818,67.306,1,-1,-1,-1
305,2,1715.075,1170.139,194.745,120.040,1,-1,-1,-1
305,19,1320.459,1261.979,397.445,271.990,1,-1,-1,-1
305,21,2494.826,1366.725,59.791,56.571,1,-1,-1,-1
306,16,2399.110,1367.702,105.319,70.159,1,-1,-1,-1
306,19,1374.971,1257.110,383.459,268.511,1,-1,-1,-1
306,2,1714.726,1169.565,200.686,122.283,1,-1,-1,-1
306,21,2492.606,1366.942,61.773,58.008,1,-1,-1,-1
307,21,2488.549,1367.658,65.187,57.873,1,-1,-1,-1
307,13,1467.229,1168.550,284.640,133.827,1,-1,-1,-1
307,2,1714.376,1168.991,206.627,124.527,1,-1,-1,-1
307,16,2385.411,1362.365,108.447,72.824,1,-1,-1,-1
307,19,1443.375,1256.622,358.016,230.935,1,-1,-1,-1
308,19,1502.577,1266.270,346.654,210.046,1,-1,-1,-1
308,13,1419.581,1159.987,295.200,135.501,1,-1,-1,-1
308,16,2369.430,1359.526,112.235,71.968,1,-1,-1,-1
308,2,1714.027,1168.417,212.569,126.770,1,-1,-1,-1
308,21,2480.244,1366.748,75.096,59.609,1,-1,-1,-1
309,21,2478.175,1365.363,76.450,61.282,1,-1,-1,-1
309,2,1713.677,1167.842,218.510,129.014,1,-1,-1,-1
309,19,1556.267,1267.173,335.723,195.377,1,-1,-1,-1
309,13,1372.699,1154.340,310.240,149.392,1,-1,-1,-1
309,16,2355.660,1358.371,117.015,70.548,1,-1,-1,-1
310,21,2476.341,1363.633,79.089,61.773,1,-1,-1,-1
310,13,1307.082,1145.910,332.210,158.934,1,-1,-1,-1
310,16,2337.148,1349.372,115.096,75.752,1,-1,-1,-1
310,2,1713.328,1167.268,224.451,131.257,1,-1,-1,-1
310,19,1608.721,1276.702,323.103,174.167,1,-1,-1,-1
311,13,1252.648,1143.174,337.469,164.269,1,-1,-1,-1
311,19,1658.586,1281.767,302.133,166.647,1,-1,-1,-1
311,2,1712.566,1170.657,223.591,127.765,1,-1,-1,-1
311,16,2320.215,1344.492,117.157,76.806,1,-1,-1,-1
311,21,2477.881,1365.216,76.625,59.615,1,-1,-1,-1
312,21,2477.740,1362.826,75.556,62.182,1,-1,-1,-1
312,16,2305.394,1342.050,123.087,78.878,1,-1,-1,-1
312,13,1187.548,1134.216,367.694,176.231,1,-1,-1,-1
312,2,1703.249,1169.467,236.107,129.929,1,-1,-1,-1
312,19,1700.932,1284.503,296.845,172.785,1,-1,-1,-1
313,16,2286.289,1342.370,114.915,75.542,1,-1,-1,-1
313,13,1112.805,1122.543,392.067,186.793,1,-1,-1,-1
313,2,1717.892,1172.910,218.829,122.040,1,-1,-1,-1
313,21,2477.997,1361.463,76.350,61.552,1,-1,-1,-1
313,19,1741.076,1294.241,279.888,173.352,1,-1,-1,-1
314,13,1038.301,1116.408,410.597,192.868,1,-1,-1,-1
314,21,2477.788,1363.127,77.721,62.452,1,-1,-1,-1
314,22,2357.248,1328.411,71.376,49.067,1,-1,-1,-1
314,16,2264.739,1337.430,128.231,76.473,1,-1,-1,-1
314,2,1717.335,1171.436,217.818,123.287,1,-1,-1,-1
314,19,1783.426,1290.621,270.830,183.783,1,-1,-1,-1
315,21,2477.942,1361.476,76.299,61.717,1,-1,-1,-1
315,16,2248.364,1336.233,125.046,77.307,1,-1,-1,-1
315,19,1820.579,1302.519,256.815,172.710,1,-1,-1,-1
315,2,1709.410,1170.824,225.281,120.351,1,-1,-1,-1
315,13,950.797,1106.894,449.550,206.535,1,-1,-1,-1
315,22,2355.337,1331.753,84.479,49.677,1,-1,-1,-1
316,21,2477.533,1361.215,76.745,62.115,1,-1,-1,-1
316,19,1855.033,1304.236,251.743,170.970,1,-1,-1,-1
316,22,2353.083,1331.130,88.036,50.227,1,-1,-1,-1
316,13,866.425,1096.556,478.705,227.463,1,-1,-1,-1
316,2,1711.228,1170.363,225.446,124.945,1,-1,-1,-1
316,16,2237.735,1330.118,116.645,78.137,1,-1,-1,-1
317,2,1708.209,1170.670,226.151,124.025,1,-1,-1,-1
317,22,2352.561,1332.113,87.777,50.032,1,-1,-1,-1
317,21,2477.018,1363.152,78.603,62.475,1,-1,-1,-1
317,19,1888.875,1309.410,244.052,165.576,1,-1,-1,-1
317,16,2228.449,1328.000,105.806,79.728,1,-1,-1,-1
317,13,761.685,1088.649,532.132,238.156,1,-1,-1,-1
318,19,1916.058,1312.042,241.953,163.253,1,-1,-1,-1
318,2,1708.474,1170.660,225.779,123.851,1,-1,-1,-1
318,16,2167.634,1324.279,149.141,80.673,1,-1,-1,-1
318,21,2476.936,1363.078,78.743,62.533,1,-1,-1,-1
318,13,639.148,1080.319,579.498,258.614,1,-1,-1,-1
318,22,2353.944,1331.891,87.257,51.310,1,-1,-1,-1
319,19,1948.964,1310.524,236.595,168.030,1,-1,-1,-1
319,2,1708.655,1170.740,224.826,123.278,1,-1,-1,-1
319,16,2155.565,1317.898,144.702,85.674,1,-1,-1,-1
319,13,515.562,1068.884,627.930,281.056,1,-1,-1,-1
319,22,2353.530,1331.871,87.680,51.067,1,-1,-1,-1
319,21,2476.899,1362.979,78.882,62.665,1,-1,-1,-1
320,13,370.974,1064.533,692.201,290.789,1,-1,-1,-1
320,22,2353.116,1331.851,88.102,50.824,1,-1,-1,-1
320,21,2476.916,1363.048,78.870,62.602,1,-1,-1,-1
320,16,2145.379,1303.550,134.051,96.087,1,-1,-1,-1
320,19,1980.589,1320.308,213.405,153.122,1,-1,-1,-1
320,2,1707.842,1168.995,227.699,130.838,1,-1,-1,-1
321,22,2352.581,1331.167,89.011,51.266,1,-1,-1,-1
321,21,2476.681,1361.309,77.775,61.938,1,-1,-1,-1
321,19,2008.338,1314.495,209.450,157.816,1,-1,-1,-1
321,2,1708.838,1168.158,231.252,131.485,1,-1,-1,-1
321,13,165.887,1054.853,799.490,320.490,1,-1,-1,-1
322,22,2358.174,1332.052,64.672,34.341,1,-1,-1,-1
322,21,2476.815,1362.985,78.992,62.634,1,-1,-1,-1
322,19,2046.097,1314.313,209.918,157.470,1,-1,-1,-1
322,2,1708.926,1168.041,231.047,131.419,1,-1,-1,-1
322,13,3.753,1041.390,863.299,343.337,1,-1,-1,-1
323,2,1706.804,1168.160,233.429,132.471,1,-1,-1,-1
323,22,2356.634,1331.456,72.456,40.327,1,-1,-1,-1
323,16,2054.633,1290.486,154.990,92.001,1,-1,-1,-1
323,13,9.765,1034.034,735.065,370.860,1,-1,-1,-1
323,21,2476.987,1362.989,78.446,62.249,1,-1,-1,-1
323,19,2064.541,1336.807,201.499,136.831,1,-1,-1,-1
324,2,1706.590,1168.416,233.434,132.222,1,-1,-1,-1
324,13,7.401,1013.591,600.954,376.855,1,-1,-1,-1
324,16,2024.385,1286.131,161.970,90.639,1,-1,-1,-1
324,19,2090.914,1330.938,196.560,146.216,1,-1,-1,-1
324,22,2355.095,1330.859,80.240,46.314,1,-1,-1,-1
324,21,2477.043,1363.011,78.342,62.246,1,-1,-1,-1
325,19,2112.854,1342.295,193.302,138.099,1,-1,-1,-1
325,21,2477.267,1363.342,77.856,61.625,1,-1,-1,-1
325,16,1994.136,1281.776,168.950,89.277,1,-1,-1,-1
325,13,8.474,1029.321,434.766,376.622,1,-1,-1,-1
325,2,1709.208,1169.621,228.302,131.180,1,-1,-1,-1
325,22,2353.555,1330.263,88.024,52.300,1,-1,-1,-1
326,19,2134.794,1353.653,190.044,129.982,1,-1,-1,-1
326,21,2477.403,1363.553,77.573,61.383,1,-1,-1,-1
326,16,1963.562,1271.710,175.893,98.835,1,-1,-1,-1
326,13,3.208,1094.056,229.305,304.532,1,-1,-1,-1
326,2,1708.382,1169.361,229.706,131.249,1,-1,-1,-1
326,22,2353.055,1330.270,88.312,52.284,1,-1,-1,-1
327,19,2156.734,1365.010,186.786,121.865,1,-1,-1,-1
327,21,2477.498,1363.638,77.497,61.374,1,-1,-1,-1
327,2,1709.485,1171.652,226.296,121.030,1,-1,-1,-1
327,22,2352.292,1330.120,88.823,52.090,1,-1,-1,-1
327,16,1923.481,1266.112,184.035,102.553,1,-1,-1,-1
328,2,1717.819,1174.315,217.858,118.517,1,-1,-1,-1
328,19,2206.099,1367.026,152.332,112.070,1,-1,-1,-1
328,22,2353.064,1329.748,88.007,51.973,1,-1,-1,-1
328,21,2477.799,1363.846,77.119,61.171,1,-1,-1,-1
328,16,1904.224,1256.554,180.712,105.939,1,-1,-1,-1
329,21,2478.092,1363.825,76.824,61.191,1,-1,-1,-1
329,19,2207.260,1368.432,166.673,114.059,1,-1,-1,-1
329,16,1861.184,1251.391,189.365,110.256,1,-1,-1,-1
329,2,1716.802,1175.638,204.253,116.174,1,-1,-1,-1
329,22,2353.836,1329.375,87.191,51.857,1,-1,-1,-1
330,2,1715.784,1176.962,190.648,113.830,1,-1,-1,-1
330,21,2478.091,1363.934,76.860,60.993,1,-1,-1,-1
330,19,2219.580,1364.417,165.536,117.587,1,-1,-1,-1
330,16,1837.987,1242.706,180.484,112.470,1,-1,-1,-1
330,22,2353.536,1329.376,86.634,51.938,1,-1,-1,-1
331,2,1720.283,1176.070,165.074,98.933,1,-1,-1,-1
331,21,2478.372,1364.036,76.513,60.830,1,-1,-1,-1
331,19,2236.894,1371.095,165.589,109.418,1,-1,-1,-1
331,16,1782.454,1230.126,200.597,119.155,1,-1,-1,-1
331,22,2354.455,1328.698,86.243,53.337,1,-1,-1,-1
332,2,1714.395,1175.451,156.737,85.955,1,-1,-1,-1
332,16,1743.120,1224.531,210.050,122.822,1,-1,-1,-1
332,22,2354.479,1328.375,67.913,43.140,1,-1,-1,-1
332,21,2478.508,1363.969,76.433,60.949,1,-1,-1,-1
332,19,2256.526,1370.388,152.354,107.641,1,-1,-1,-1
333,19,2271.495,1376.025,158.264,103.308,1,-1,-1,-1
333,21,2478.745,1363.564,76.737,62.089,1,-1,-1,-1
333,22,2357.678,1327.544,45.457,31.637,1,-1,-1,-1
333,2,1755.920,1173.890,122.010,58.879,1,-1,-1,-1
333,16,1699.450,1211.152,223.665,130.408,1,-1,-1,-1
333,23,2536.631,1305.547,21.404,49.627,1,-1,-1,-1
334,21,2479.038,1363.551,76.349,61.999,1,-1,-1,-1
334,22,2356.808,1329.210,39.969,28.878,1,-1,-1,-1
334,19,2288.004,1378.718,154.432,103.899,1,-1,-1,-1
334,16,1655.780,1197.773,237.281,137.993,1,-1,-1,-1
334,23,2536.042,1302.309,20.662,44.077,1,-1,-1,-1
335,19,2304.511,1382.949,149.953,99.879,1,-1,-1,-1
335,22,2357.950,1328.342,43.469,30.750,1,-1,-1,-1
335,23,2536.460,1305.587,21.664,50.080,1,-1,-1,-1
335,16,1610.118,1192.760,234.492,143.301,1,-1,-1,-1
335,21,2478.850,1363.512,76.487,61.628,1,-1,-1,-1
335,24,1722.450,1168.844,214.985,134.258,1,-1,-1,-1
336,21,2477.935,1363.598,77.205,61.752,1,-1,-1,-1
336,22,2358.104,1327.456,44.600,31.200,1,-1,-1,-1
336,16,1559.918,1189.489,247.598,142.515,1,-1,-1,-1
336,24,1714.852,1173.263,221.999,132.557,1,-1,-1,-1
336,19,2313.655,1390.247,153.346,93.704,1,-1,-1,-1
337,19,2332.404,1387.688,143.966,99.629,1,-1,-1,-1
337,22,2358.578,1327.722,44.350,31.006,1,-1,-1,-1
337,21,2478.511,1363.847,76.345,61.450,1,-1,-1,-1
337,24,1718.361,1171.645,215.654,129.111,1,-1,-1,-1
337,16,1507.687,1173.979,254.226,152.778,1,-1,-1,-1
338,22,2358.248,1327.088,45.522,31.382,1,-1,-1,-1
338,21,2478.581,1364.093,76.284,61.490,1,-1,-1,-1
338,16,1456.808,1170.475,264.416,153.238,1,-1,-1,-1
338,24,1720.604,1168.373,215.922,129.335,1,-1,-1,-1
338,19,2341.674,1390.347,148.539,95.551,1,-1,-1,-1
339,22,2357.427,1328.736,40.654,29.763,1,-1,-1,-1
339,21,2478.008,1363.852,77.873,61.812,1,-1,-1,-1
339,24,1716.011,1168.273,222.216,130.311,1,-1,-1,-1
339,16,1393.133,1163.571,285.298,156.969,1,-1,-1,-1
339,19,2355.531,1394.047,140.562,91.014,1,-1,-1,-1
340,19,2369.254,1395.056,134.712,92.030,1,-1,-1,-1
340,24,1711.418,1168.173,228.511,131.286,1,-1,-1,-1
340,22,2356.071,1329.121,56.993,37.577,1,-1,-1,-1
340,21,2477.116,1363.658,78.985,62.444,1,-1,-1,-1
340,16,1337.977,1152.842,291.970,172.291,1,-1,-1,-1
341,22,2354.714,1329.507,73.333,45.392,1,-1,-1,-1
341,21,2476.535,1363.768,79.229,62.588,1,-1,-1,-1
341,24,1710.417,1168.258,229.720,130.996,1,-1,-1,-1
341,16,1259.679,1148.016,317.052,176.552,1,-1,-1,-1
341,19,2379.788,1395.634,135.026,93.563,1,-1,-1,-1
342,16,1188.001,1141.485,340.699,186.406,1,-1,-1,-1
342,22,2353.358,1329.892,89.672,53.206,1,-1,-1,-1
342,24,1709.867,1168.259,230.471,131.135,1,-1,-1,-1
342,21,2476.188,1363.548,79.260,63.688,1,-1,-1,-1
342,19,2391.271,1396.099,129.872,93.493,1,-1,-1,-1
343,24,1707.989,1166.969,224.909,131.951,1,-1,-1,-1
343,22,2351.421,1329.910,90.928,52.167,1,-1,-1,-1
343,21,2476.455,1364.896,79.375,62.471,1,-1,-1,-1
343,19,2409.699,1399.460,123.899,92.089,1,-1,-1,-1
343,16,1099.383,1129.640,366.562,198.510,1,-1,-1,-1
344,16,1001.476,1118.803,406.220,219.829,1,-1,-1,-1
344,22,2350.534,1329.879,92.241,52.342,1,-1,-1,-1
344,24,1707.890,1166.987,225.098,131.824,1,-1,-1,-1
344,21,2477.279,1363.512,79.048,66.346,1,-1,-1,-1
344,19,2418.555,1402.322,121.116,86.509,1,-1,-1,-1
345,16,897.086,1108.724,440.226,244.451,1,-1,-1,-1
345,24,1707.790,1167.005,225.288,131.698,1,-1,-1,-1
345,22,2350.353,1329.958,93.225,52.395,1,-1,-1,-1
345,21,2478.999,1363.285,77.090,63.213,1,-1,-1,-1
345,19,2425.867,1402.206,122.504,86.082,1,-1,-1,-1
346,24,1707.909,1167.030,225.090,131.653,1,-1,-1,-1
346,22,2350.171,1330.036,94.209,52.447,1,-1,-1,-1
346,19,2431.945,1394.399,122.843,93.323,1,-1,-1,-1
346,16,767.761,1111.113,491.744,244.174,1,-1,-1,-1
347,24,1707.946,1167.005,225.005,131.692,1,-1,-1,-1
347,19,2440.150,1398.156,117.880,88.146,1,-1,-1,-1
347,21,2477.331,1360.877,77.678,60.206,1,-1,-1,-1
347,22,2350.917,1330.029,92.515,51.575,1,-1,-1,-1
347,16,615.491,1101.994,566.448,264.145,1,-1,-1,-1
348,22,2351.363,1330.005,91.239,51.678,1,-1,-1,-1
348,24,1707.995,1166.971,225.023,131.782,1,-1,-1,-1
348,16,460.848,1084.790,616.137,292.160,1,-1,-1,-1
348,19,2451.107,1385.916,107.243,99.746,1,-1,-1,-1
349,24,1710.948,1166.978,222.891,132.129,1,-1,-1,-1
349,16,237.672,1075.954,714.323,322.990,1,-1,-1,-1
349,19,2461.281,1398.921,94.057,85.374,1,-1,-1,-1
349,21,2477.389,1360.681,76.419,56.769,1,-1,-1,-1
349,22,2351.391,1329.929,90.415,51.666,1,-1,-1,-1
350,24,1713.901,1166.985,220.758,132.475,1,-1,-1,-1
350,22,2351.418,1329.854,89.592,51.654,1,-1,-1,-1
350,21,2476.903,1364.591,75.556,51.070,1,-1,-1,-1
350,16,0.000,1063.659,840.503,357.921,1,-1,-1,-1
350,19,2469.939,1402.542,86.894,84.166,1,-1,-1,-1
351,24,1713.887,1166.999,220.816,132.441,1,-1,-1,-1
351,21,2478.151,1362.465,76.210,54.714,1,-1,-1,-1
351,22,2351.401,1329.816,88.750,51.451,1,-1,-1,-1
351,16,5.442,1042.797,671.573,412.767,1,-1,-1,-1
351,19,2480.292,1407.850,78.378,79.820,1,-1,-1,-1
352,22,2351.339,1330.008,88.917,51.388,1,-1,-1,-1
352,21,2478.330,1362.098,75.615,52.520,1,-1,-1,-1
352,19,2487.244,1411.958,68.207,74.383,1,-1,-1,-1
352,24,1713.793,1167.075,220.737,132.361,1,-1,-1,-1
352,16,8.134,1014.260,480.939,420.401,1,-1,-1,-1
353,22,2352.076,1330.442,88.246,50.811,1,-1,-1,-1
353,16,2.152,1078.517,244.734,386.577,1,-1,-1,-1
353,24,1711.290,1167.562,226.657,131.921,1,-1,-1,-1
353,21,2477.310,1362.366,74.431,50.775,1,-1,-1,-1
353,19,2494.752,1404.555,63.077,78.329,1,-1,-1,-1
354,21,2477.781,1364.470,70.956,50.469,1,-1,-1,-1
354,22,2352.812,1330.876,87.575,50.233,1,-1,-1,-1
354,19,2501.722,1408.060,56.582,74.070,1,-1,-1,-1
354,24,1708.786,1168.049,232.577,131.480,1,-1,-1,-1
355,21,2478.231,1363.445,72.399,56.161,1,-1,-1,-1
355,19,2509.691,1411.569,49.750,69.419,1,-1,-1,-1
355,24,1708.903,1168.023,232.486,131.510,1,-1,-1,-1
355,22,2352.820,1330.877,87.313,50.315,1,-1,-1,-1
356,21,2478.387,1365.235,74.964,54.963,1,-1,-1,-1
356,19,2516.735,1411.835,43.251,66.062,1,-1,-1,-1
356,24,1708.899,1168.083,232.388,131.439,1,-1,-1,-1
356,22,2352.855,1331.041,87.492,50.258,1,-1,-1,-1
357,24,1708.887,1168.065,232.413,131.482,1,-1,-1,-1
357,21,2477.792,1363.852,76.875,59.510,1,-1,-1,-1
357,19,2523.836,1445.658,34.281,28.976,1,-1,-1,-1
357,22,2352.713,1330.900,87.793,50.429,1,-1,-1,-1
358,21,2477.600,1363.519,76.557,60.000,1,-1,-1,-1
358,22,2352.704,1330.605,88.127,50.727,1,-1,-1,-1
358,19,2527.104,1434.461,29.969,41.922,1,-1,-1,-1
358,24,1708.876,1168.047,232.438,131.526,1,-1,-1,-1
359,24,1708.886,1168.070,232.403,131.455,1,-1,-1,-1
359,22,2352.636,1330.666,88.139,50.687,1,-1,-1,-1
359,19,2535.499,1438.878,23.586,35.128,1,-1,-1,-1
359,21,2477.318,1364.576,76.912,59.933,1,-1,-1,-1
360,24,1708.807,1168.077,232.454,131.411,1,-1,-1,-1
360,22,2352.489,1330.440,88.662,51.076,1,-1,-1,-1
360,21,2477.579,1363.641,77.805,61.835,1,-1,-1,-1
361,21,2477.359,1363.616,77.688,61.360,1,-1,-1,-1
361,24,1709.180,1167.986,231.961,131.471,1,-1,-1,-1
361,22,2352.497,1330.345,88.652,51.134,1,-1,-1,-1
362,24,1709.553,1167.894,231.468,131.531,1,-1,-1,-1
362,21,2477.417,1362.626,78.014,62.543,1,-1,-1,-1
362,22,2352.530,1330.369,88.469,51.082,1,-1,-1,-1
363,22,2352.441,1330.380,88.646,51.113,1,-1,-1,-1
363,21,2477.368,1362.477,78.165,62.739,1,-1,-1,-1
363,24,1709.546,1167.895,231.458,131.533,1,-1,-1,-1
364,21,2477.352,1362.299,78.338,62.981,1,-1,-1,-1
364,24,1709.535,1167.892,231.452,131.532,1,-1,-1,-1
364,22,2352.302,1330.408,88.833,51.142,1,-1,-1,-1
365,21,2477.369,1362.430,78.324,62.895,1,-1,-1,-1
365,24,1709.532,1167.891,231.480,131.515,1,-1,-1,-1
365,22,2352.288,1330.401,88.867,51.146,1,-1,-1,-1
366,24,1709.529,1167.891,231.508,131.498,1,-1,-1,-1
366,21,2477.440,1362.282,78.414,63.117,1,-1,-1,-1
366,22,2352.286,1330.380,88.913,51.159,1,-1,-1,-1
367,22,2352.355,1330.352,88.868,51.143,1,-1,-1,-1
367,21,2477.283,1360.872,77.075,64.736,1,-1,-1,-1
367,24,1709.520,1167.887,231.518,131.501,1,-1,-1,-1
368,22,2352.358,1330.348,88.873,51.149,1,-1,-1,-1
368,21,2477.267,1360.867,77.081,64.722,1,-1,-1,-1
368,24,1709.414,1167.892,231.650,131.477,1,-1,-1,-1
369,24,1709.419,1167.892,231.644,131.475,1,-1,-1,-1
369,22,2352.375,1330.349,88.846,51.148,1,-1,-1,-1
369,21,2477.454,1362.100,78.403,63.322,1,-1,-1,-1
370,24,1709.424,1167.893,231.638,131.472,1,-1,-1,-1
370,22,2352.342,1330.363,88.954,51.172,1,-1,-1,-1
370,21,2477.470,1361.924,78.383,63.558,1,-1,-1,-1
371,22,2352.352,1330.364,88.959,51.172,1,-1,-1,-1
371,21,2477.459,1361.817,78.396,63.621,1,-1,-1,-1
371,24,1709.406,1167.894,231.657,131.486,1,-1,-1,-1
372,21,2477.552,1362.056,78.233,63.358,1,-1,-1,-1
372,24,1709.440,1167.888,231.553,131.511,1,-1,-1,-1
372,22,2352.347,1330.362,88.966,51.176,1,-1,-1,-1
373,21,2477.513,1362.076,78.219,63.260,1,-1,-1,-1
373,24,1713.283,1169.033,225.299,131.592,1,-1,-1,-1
373,22,2352.446,1330.364,88.868,51.188,1,-1,-1,-1
374,22,2352.735,1330.277,88.502,51.339,1,-1,-1,-1
374,24,1717.126,1170.179,219.045,131.673,1,-1,-1,-1
374,21,2477.502,1362.085,78.224,63.252,1,-1,-1,-1
375,24,1717.128,1170.109,219.082,131.724,1,-1,-1,-1
375,21,2477.503,1362.087,78.223,63.250,1,-1,-1,-1
375,22,2352.729,1330.281,88.500,51.336,1,-1,-1,-1
376,25,0.226,947.829,74.518,196.230,1,-1,-1,-1
376,21,2477.492,1362.075,78.245,63.229,1,-1,-1,-1
376,22,2352.881,1330.349,88.350,51.234,1,-1,-1,-1
376,24,1717.104,1170.135,219.091,131.687,1,-1,-1,-1
377,21,2477.465,1361.964,78.296,63.324,1,-1,-1,-1
377,24,1717.137,1170.167,219.060,131.651,1,-1,-1,-1
377,25,1.402,939.387,155.782,247.982,1,-1,-1,-1
377,22,2352.889,1330.344,88.357,51.243,1,-1,-1,-1
378,25,0.000,891.523,241.536,333.413,1,-1,-1,-1
378,21,2477.471,1361.949,78.292,63.331,1,-1,-1,-1
378,22,2352.853,1330.341,88.406,51.245,1,-1,-1,-1
378,24,1717.171,1170.199,219.028,131.615,1,-1,-1,-1
379,22,2351.514,1330.874,89.369,51.176,1,-1,-1,-1
379,25,1.868,840.535,316.109,419.930,1,-1,-1,-1
379,21,2476.446,1361.051,79.177,64.347,1,-1,-1,-1
379,24,1711.816,1167.593,223.819,131.937,1,-1,-1,-1
380,25,3.851,832.312,403.720,442.538,1,-1,-1,-1
380,22,2351.349,1330.831,89.578,51.301,1,-1,-1,-1
380,21,2476.504,1361.073,79.104,64.346,1,-1,-1,-1
380,24,1712.049,1167.302,223.703,132.305,1,-1,-1,-1
381,24,1712.135,1167.322,223.652,132.273,1,-1,-1,-1
381,22,2351.299,1330.819,89.600,51.265,1,-1,-1,-1
381,21,2476.508,1361.118,79.086,64.279,1,-1,-1,-1
381,25,13.676,837.216,470.741,454.399,1,-1,-1,-1
382,24,1712.220,1167.342,223.602,132.242,1,-1,-1,-1
382,21,2476.522,1361.094,79.077,64.308,1,-1,-1,-1
382,25,1.672,818.698,569.150,489.077,1,-1,-1,-1
382,22,2351.388,1330.855,89.516,51.186,1,-1,-1,-1
383,24,1712.485,1167.399,223.390,132.181,1,-1,-1,-1
383,25,5.594,837.812,639.754,486.757,1,-1,-1,-1
383,21,2476.555,1361.126,79.041,64.286,1,-1,-1,-1
383,22,2351.282,1330.870,89.598,51.126,1,-1,-1,-1
384,22,2351.087,1330.842,89.880,51.160,1,-1,-1,-1
384,25,18.357,860.139,705.762,463.906,1,-1,-1,-1
384,21,2476.555,1361.118,79.044,64.302,1,-1,-1,-1
384,24,1712.433,1167.393,223.587,132.161,1,-1,-1,-1
385,21,2476.292,1361.204,79.377,64.022,1,-1,-1,-1
385,25,31.459,866.151,768.811,462.293,1,-1,-1,-1
385,24,1706.758,1167.662,227.640,131.269,1,-1,-1,-1
385,22,2350.415,1330.938,90.500,51.009,1,-1,-1,-1
386,21,2476.304,1361.186,79.371,64.035,1,-1,-1,-1
386,22,2350.442,1330.940,90.598,51.049,1,-1,-1,-1
386,24,1706.794,1167.710,227.622,131.235,1,-1,-1,-1
386,25,17.766,888.645,870.157,450.689,1,-1,-1,-1
387,25,22.951,907.235,923.936,435.740,1,-1,-1,-1
387,21,2476.312,1361.251,79.350,63.985,1,-1,-1,-1
387,22,2350.506,1330.939,90.555,50.999,1,-1,-1,-1
387,24,1706.830,1167.759,227.604,131.201,1,-1,-1,-1
388,21,2476.308,1361.220,79.367,64.022,1,-1,-1,-1
388,22,2350.418,1330.892,90.556,51.031,1,-1,-1,-1
388,25,92.588,932.862,918.502,411.570,1,-1,-1,-1
388,24,1706.762,1167.737,227.757,131.213,1,-1,-1,-1
389,21,2475.695,1361.485,79.707,63.840,1,-1,-1,-1
389,24,1711.211,1167.787,222.540,132.162,1,-1,-1,-1
389,22,2352.971,1329.735,86.940,52.909,1,-1,-1,-1
389,25,194.528,950.552,880.352,398.309,1,-1,-1,-1
390,24,1711.089,1167.695,222.812,132.208,1,-1,-1,-1
390,21,2475.632,1361.477,79.741,63.839,1,-1,-1,-1
390,25,296.468,968.242,842.201,385.048,1,-1,-1,-1
390,22,2352.873,1329.768,86.886,52.784,1,-1,-1,-1
391,25,393.473,989.481,803.329,367.947,1,-1,-1,-1
391,24,1708.315,1168.504,231.693,131.319,1,-1,-1,-1
391,21,2475.613,1361.475,79.779,63.867,1,-1,-1,-1
391,22,2352.834,1329.766,86.918,52.741,1,-1,-1,-1
392,25,483.542,1003.226,791.751,366.225,1,-1,-1,-1
392,21,2475.585,1361.557,79.788,63.774,1,-1,-1,-1
392,22,2352.842,1329.766,86.958,52.741,1,-1,-1,-1
392,24,1709.646,1168.085,227.354,131.786,1,-1,-1,-1
393,25,577.955,1014.563,744.623,354.927,1,-1,-1,-1
393,24,1710.976,1167.667,223.014,132.253,1,-1,-1,-1
393,22,2352.898,1329.753,86.863,52.782,1,-1,-1,-1
393,21,2475.699,1361.652,79.723,63.722,1,-1,-1,-1
394,21,2475.702,1361.654,79.719,63.716,1,-1,-1,-1
394,25,672.368,1025.900,697.496,343.630,1,-1,-1,-1
394,22,2352.865,1329.751,86.880,52.773,1,-1,-1,-1
394,24,1710.987,1167.686,223.102,132.234,1,-1,-1,-1
395,24,1711.020,1167.679,222.893,132.266,1,-1,-1,-1
395,22,2352.852,1329.738,86.891,52.790,1,-1,-1,-1
395,25,757.266,1037.724,661.292,334.826,1,-1,-1,-1
395,21,2475.691,1361.392,79.755,63.949,1,-1,-1,-1
396,25,842.163,1049.547,625.087,326.022,1,-1,-1,-1
396,21,2475.694,1361.401,79.750,63.943,1,-1,-1,-1
396,22,2352.867,1329.735,86.861,52.777,1,-1,-1,-1
396,24,1711.052,1167.672,222.685,132.297,1,-1,-1,-1
397,21,2475.911,1361.868,79.362,63.423,1,-1,-1,-1
397,25,898.607,1068.644,611.618,297.509,1,-1,-1,-1
397,22,2352.683,1329.797,87.090,52.889,1,-1,-1,-1
397,24,1710.866,1167.912,222.732,132.162,1,-1,-1,-1
398,21,2475.921,1361.760,79.375,63.517,1,-1,-1,-1
398,25,977.814,1081.753,576.616,289.307,1,-1,-1,-1
398,22,2352.658,1329.787,87.102,52.865,1,-1,-1,-1
398,24,1714.149,1171.076,219.031,127.478,1,-1,-1,-1
399,22,2353.186,1330.539,88.294,51.930,1,-1,-1,-1
399,21,2476.513,1360.567,79.780,64.754,1,-1,-1,-1
399,24,1717.203,1170.211,216.637,127.665,1,-1,-1,-1
399,25,1057.022,1094.862,541.614,281.105,1,-1,-1,-1
400,21,2476.543,1360.695,79.738,64.599,1,-1,-1,-1
400,24,1717.164,1170.216,216.172,126.983,1,-1,-1,-1
400,25,1128.149,1106.203,517.753,276.591,1,-1,-1,-1
400,22,2353.077,1330.590,88.483,51.852,1,-1,-1,-1
401,21,2476.551,1360.731,79.724,64.573,1,-1,-1,-1
401,24,1714.075,1170.742,219.716,127.410,1,-1,-1,-1
401,26,1196.314,1122.001,488.857,262.549,1,-1,-1,-1
401,22,2358.677,1330.935,64.993,35.160,1,-1,-1,-1
402,22,2358.623,1330.948,65.280,35.219,1,-1,-1,-1
402,24,1710.986,1171.269,223.259,127.837,1,-1,-1,-1
402,26,1256.711,1127.501,472.041,252.700,1,-1,-1,-1
402,21,2476.556,1360.739,79.713,64.564,1,-1,-1,-1
403,24,1707.897,1171.795,226.803,128.264,1,-1,-1,-1
403,22,2358.613,1330.962,65.234,35.225,1,-1,-1,-1
403,21,2476.552,1360.720,79.726,64.588,1,-1,-1,-1
403,26,1467.275,1145.350,249.051,127.011,1,-1,-1,-1
404,21,2476.543,1360.697,79.738,64.615,1,-1,-1,-1
404,22,2358.585,1330.960,65.275,35.269,1,-1,-1,-1
404,26,1377.664,1150.486,415.136,248.378,1,-1,-1,-1
404,24,1722.586,1169.885,217.217,131.678,1,-1,-1,-1
405,26,1422.295,1161.577,404.247,235.456,1,-1,-1,-1
405,24,1722.081,1170.506,209.440,126.991,1,-1,-1,-1
405,22,2358.604,1330.958,65.187,35.210,1,-1,-1,-1
405,21,2476.592,1360.658,79.706,64.655,1,-1,-1,-1
406,26,1472.240,1168.130,415.452,231.863,1,-1,-1,-1
406,21,2476.622,1360.723,79.683,64.644,1,-1,-1,-1
406,22,2358.623,1330.956,65.099,35.152,1,-1,-1,-1
406,24,1721.577,1171.127,201.664,122.303,1,-1,-1,-1
407,21,2476.624,1360.733,79.679,64.636,1,-1,-1,-1
407,26,1481.901,1181.586,414.461,232.671,1,-1,-1,-1
407,24,1721.072,1171.749,193.887,117.616,1,-1,-1,-1
407,22,2358.642,1330.954,65.011,35.093,1,-1,-1,-1
408,26,1566.265,1175.968,378.933,239.274,1,-1,-1,-1
408,21,2476.629,1360.759,79.668,64.615,1,-1,-1,-1
408,22,2358.645,1330.962,64.981,35.076,1,-1,-1,-1
409,26,1613.114,1178.784,364.131,236.402,1,-1,-1,-1
409,24,1720.063,1172.991,178.335,108.242,1,-1,-1,-1
409,22,2356.871,1330.629,72.491,40.804,1,-1,-1,-1
409,21,2476.862,1363.186,78.267,62.146,1,-1,-1,-1
410,22,2355.098,1330.295,80.002,46.532,1,-1,-1,-1
410,26,1659.962,1181.601,349.329,233.531,1,-1,-1,-1
410,21,2476.847,1363.205,78.264,62.121,1,-1,-1,-1
410,24,1719.558,1173.613,170.558,103.554,1,-1,-1,-1
411,26,1706.357,1199.709,333.293,220.531,1,-1,-1,-1
411,24,1719.054,1174.234,162.782,98.867,1,-1,-1,-1
411,21,2476.836,1363.128,78.310,62.194,1,-1,-1,-1
411,22,2353.324,1329.962,87.512,52.260,1,-1,-1,-1
412,21,2476.825,1363.090,78.344,62.241,1,-1,-1,-1
412,22,2353.293,1329.983,87.456,52.136,1,-1,-1,-1
412,26,1752.752,1217.817,317.256,207.531,1,-1,-1,-1
412,24,1718.549,1174.855,155.005,94.180,1,-1,-1,-1
413,24,1718.076,1175.573,166.145,99.725,1,-1,-1,-1
413,21,2476.799,1363.076,78.358,62.207,1,-1,-1,-1
413,27,1790.521,1229.591,294.135,197.828,1,-1,-1,-1
413,22,2353.343,1329.920,87.393,52.167,1,-1,-1,-1
414,26,1717.471,1175.325,205.089,112.299,1,-1,-1,-1
414,21,2476.809,1363.029,78.406,62.323,1,-1,-1,-1
414,22,2353.316,1329.875,87.384,52.243,1,-1,-1,-1
414,27,1825.830,1237.743,284.191,195.899,1,-1,-1,-1
415,22,2353.289,1329.829,87.375,52.320,1,-1,-1,-1
415,26,1706.906,1170.913,236.662,118.186,1,-1,-1,-1
415,27,1861.799,1241.206,269.654,195.992,1,-1,-1,-1
415,21,2476.799,1363.025,78.410,62.323,1,-1,-1,-1
416,22,2353.423,1329.822,87.145,52.379,1,-1,-1,-1
416,27,1892.091,1251.934,270.333,187.598,1,-1,-1,-1
416,21,2476.807,1363.065,78.386,62.277,1,-1,-1,-1
417,22,2353.462,1329.809,86.967,52.462,1,-1,-1,-1
417,27,1803.407,1209.665,248.739,159.075,1,-1,-1,-1
417,21,2476.803,1363.086,78.380,62.252,1,-1,-1,-1
418,22,2357.636,1324.034,55.789,36.768,1,-1,-1,-1
418,27,1714.723,1167.395,227.145,130.552,1,-1,-1,-1
418,21,2476.840,1363.067,78.360,62.263,1,-1,-1,-1
