1,1,1722.04,1173.86,224.26,130.36,1,-1,-1,-1
1,2,2487.40,1350.52,63.18,68.70,1,-1,-1,-1
2,1,1722.04,1173.87,224.39,130.32,1,-1,-1,-1
2,2,2488.42,1351.68,63.00,69.43,1,-1,-1,-1
3,1,1722.04,1173.88,224.63,130.33,1,-1,-1,-1
3,2,2489.91,1352.83,62.76,69.96,1,-1,-1,-1
4,1,1722.03,1173.89,224.94,130.37,1,-1,-1,-1
4,2,2490.34,1353.88,62.91,70.09,1,-1,-1,-1
5,1,1722.03,1173.91,225.26,130.44,1,-1,-1,-1
5,2,2490.16,1354.78,63.09,69.83,1,-1,-1,-1
6,1,1722.03,1173.92,225.55,130.51,1,-1,-1,-1
6,2,2489.98,1355.47,63.10,69.30,1,-1,-1,-1
7,1,1722.03,1173.93,225.78,130.56,1,-1,-1,-1
7,2,2489.96,1355.97,63.02,68.69,1,-1,-1,-1
8,1,1722.03,1173.94,225.96,130.61,1,-1,-1,-1
8,2,2489.99,1356.28,62.97,68.14,1,-1,-1,-1
9,1,1722.03,1173.95,226.07,130.62,1,-1,-1,-1
9,2,2490.01,1356.45,62.98,67.75,1,-1,-1,-1
10,1,1722.03,1173.96,226.13,130.62,1,-1,-1,-1
10,2,2490.01,1356.51,63.00,67.52,1,-1,-1,-1
11,1,1722.02,1173.98,226.15,130.59,1,-1,-1,-1
11,2,2490.01,1356.50,63.01,67.43,1,-1,-1,-1
12,1,1722.02,1173.99,226.14,130.54,1,-1,-1,-1
12,2,2490.00,1356.46,63.00,67.42,1,-1,-1,-1
13,1,1722.02,1174.00,226.11,130.47,1,-1,-1,-1
13,2,2490.00,1356.41,63.00,67.43,1,-1,-1,-1
14,1,1722.02,1174.01,226.08,130.40,1,-1,-1,-1
14,2,2490.00,1356.38,63.00,67.43,1,-1,-1,-1
15,1,1722.02,1174.02,226.05,130.32,1,-1,-1,-1
15,2,2490.00,1356.38,63.00,67.42,1,-1,-1,-1
16,1,1722.02,1174.03,226.02,130.25,1,-1,-1,-1
16,2,2490.00,1356.38,63.00,67.41,1,-1,-1,-1
17,1,1722.02,1174.05,226.00,130.18,1,-1,-1,-1
17,2,2490.00,1356.40,63.00,67.42,1,-1,-1,-1
18,1,1722.01,1174.06,225.99,130.11,1,-1,-1,-1
18,2,2490.00,1356.41,63.00,67.46,1,-1,-1,-1
19,1,1722.01,1174.07,225.98,130.06,1,-1,-1,-1
19,2,2490.00,1356.41,63.00,67.52,1,-1,-1,-1
20,1,1722.01,1174.08,225.99,130.01,1,-1,-1,-1
20,2,2490.00,1356.38,63.00,67.59,1,-1,-1,-1
21,1,1722.01,1174.09,225.99,129.97,1,-1,-1,-1
21,2,2490.00,1356.34,63.00,67.66,1,-1,-1,-1
22,1,1722.01,1174.10,226.01,129.94,1,-1,-1,-1
22,2,2490.00,1356.28,63.00,67.73,1,-1,-1,-1
23,1,1722.01,1174.12,226.02,129.91,1,-1,-1,-1
23,2,2490.00,1356.22,63.00,67.79,1,-1,-1,-1
24,1,1722.01,1174.13,226.03,129.90,1,-1,-1,-1
24,2,2490.00,1356.15,63.00,67.85,1,-1,-1,-1
25,1,1722.00,1174.14,226.04,129.89,1,-1,-1,-1
25,2,2490.00,1356.10,63.00,67.90,1,-1,-1,-1
26,1,1722.00,1174.15,226.04,129.88,1,-1,-1,-1
26,2,2490.00,1356.05,63.00,67.95,1,-1,-1,-1
27,1,1722.00,1174.16,226.03,129.89,1,-1,-1,-1
27,2,2490.00,1356.01,63.00,67.98,1,-1,-1,-1
28,1,1722.00,1174.17,226.01,129.90,1,-1,-1,-1
28,2,2490.00,1355.99,63.00,68.01,1,-1,-1,-1
29,1,1722.00,1174.19,225.96,129.92,1,-1,-1,-1
29,2,2490.00,1355.97,63.00,68.02,1,-1,-1,-1
30,1,1722.00,1174.20,225.89,129.94,1,-1,-1,-1
30,2,2490.00,1355.95,63.00,68.04,1,-1,-1,-1
31,1,1722.00,1174.21,225.79,129.97,1,-1,-1,-1
31,2,2490.00,1355.94,63.00,68.05,1,-1,-1,-1
32,1,1721.99,1174.22,225.68,130.01,1,-1,-1,-1
32,2,2490.00,1355.94,63.00,68.05,1,-1,-1,-1
33,1,1721.99,1174.23,225.55,130.05,1,-1,-1,-1
33,2,2490.00,1355.93,63.00,68.06,1,-1,-1,-1
34,1,1721.99,1174.24,225.41,130.09,1,-1,-1,-1
34,2,2490.00,1355.93,63.00,68.06,1,-1,-1,-1
35,1,1721.99,1174.26,225.28,130.14,1,-1,-1,-1
35,2,2490.00,1355.94,63.00,68.05,1,-1,-1,-1
36,1,1721.99,1174.27,225.17,130.18,1,-1,-1,-1
36,2,2490.00,1355.96,63.00,68.03,1,-1,-1,-1
37,1,1721.99,1174.28,225.09,130.22,1,-1,-1,-1
37,2,2490.00,1355.99,63.01,68.00,1,-1,-1,-1
38,1,1721.99,1174.29,225.04,130.26,1,-1,-1,-1
38,2,2490.01,1356.04,63.00,67.94,1,-1,-1,-1
39,1,1721.98,1174.30,225.02,130.29,1,-1,-1,-1
39,2,2490.01,1356.12,62.99,67.87,1,-1,-1,-1
40,1,1721.98,1174.31,225.02,130.33,1,-1,-1,-1
40,2,2489.98,1356.21,62.98,67.78,1,-1,-1,-1
41,1,1721.98,1174.33,225.05,130.35,1,-1,-1,-1
41,2,2489.94,1356.32,63.00,67.67,1,-1,-1,-1
42,1,1721.98,1174.34,225.10,130.37,1,-1,-1,-1
42,2,2489.99,1356.44,63.04,67.55,1,-1,-1,-1
43,1,1721.98,1174.35,225.15,130.37,1,-1,-1,-1
43,2,2490.28,1356.56,63.03,67.42,1,-1,-1,-1
44,1,1721.98,1174.36,225.20,130.36,1,-1,-1,-1
44,2,2490.72,1356.68,62.97,67.30,1,-1,-1,-1
45,1,1721.98,1174.37,225.24,130.33,1,-1,-1,-1
45,2,2491.00,1356.78,62.95,67.20,1,-1,-1,-1
46,1,1721.97,1174.38,225.26,130.28,1,-1,-1,-1
46,2,2491.05,1356.86,62.99,67.12,1,-1,-1,-1
47,1,1721.97,1174.40,225.27,130.22,1,-1,-1,-1
47,2,2491.01,1356.92,63.02,67.06,1,-1,-1,-1
48,1,1721.97,1174.41,225.26,130.14,1,-1,-1,-1
48,2,2490.98,1356.96,63.03,67.02,1,-1,-1,-1
49,1,1721.97,1174.42,225.23,130.06,1,-1,-1,-1
49,2,2491.00,1356.98,63.02,67.00,1,-1,-1,-1
50,1,1721.97,1174.43,225.21,129.96,1,-1,-1,-1
50,2,2491.05,1356.99,63.00,66.99,1,-1,-1,-1
51,1,1721.97,1174.44,225.18,129.87,1,-1,-1,-1
51,2,2491.00,1357.00,62.96,66.98,1,-1,-1,-1
52,1,1721.97,1174.45,225.14,129.78,1,-1,-1,-1
52,2,2490.73,1357.02,62.97,66.96,1,-1,-1,-1
53,1,1721.96,1174.46,225.11,129.70,1,-1,-1,-1
53,2,2490.28,1357.05,63.02,66.93,1,-1,-1,-1
54,1,1721.96,1174.48,225.08,129.64,1,-1,-1,-1
54,2,2489.97,1357.09,63.02,66.90,1,-1,-1,-1
55,1,1721.96,1174.49,225.05,129.60,1,-1,-1,-1
55,2,2489.88,1357.15,63.00,66.85,1,-1,-1,-1
56,1,1721.96,1174.50,225.03,129.58,1,-1,-1,-1
56,2,2489.97,1357.21,63.02,66.79,1,-1,-1,-1
57,1,1721.96,1174.51,225.02,129.58,1,-1,-1,-1
57,2,2490.28,1357.27,63.01,66.72,1,-1,-1,-1
58,1,1721.96,1174.52,225.02,129.60,1,-1,-1,-1
58,2,2490.72,1357.32,62.96,66.67,1,-1,-1,-1
59,1,1721.96,1174.53,225.04,129.64,1,-1,-1,-1
59,2,2490.99,1357.32,62.97,66.64,1,-1,-1,-1
60,1,1721.95,1174.55,225.06,129.68,1,-1,-1,-1
60,2,2491.04,1357.27,63.02,66.66,1,-1,-1,-1
61,1,1721.95,1174.56,225.08,129.74,1,-1,-1,-1
61,2,2491.04,1357.13,63.04,66.76,1,-1,-1,-1
62,1,1721.95,1174.57,225.09,129.80,1,-1,-1,-1
62,2,2491.06,1356.89,62.98,66.98,1,-1,-1,-1
63,1,1721.95,1174.58,225.08,129.85,1,-1,-1,-1
63,2,2490.98,1356.54,62.93,67.38,1,-1,-1,-1
64,1,1721.95,1174.59,225.05,129.89,1,-1,-1,-1
64,2,2490.64,1356.08,63.02,67.98,1,-1,-1,-1
65,1,1721.95,1174.60,224.96,129.93,1,-1,-1,-1
65,2,2490.21,1355.54,63.21,68.81,1,-1,-1,-1
66,1,1721.95,1174.62,224.83,129.95,1,-1,-1,-1
66,2,2490.25,1354.98,63.07,69.85,1,-1,-1,-1
67,1,1721.94,1174.63,224.63,129.96,1,-1,-1,-1
67,2,2490.91,1354.46,62.37,71.05,1,-1,-1,-1
68,1,1721.94,1174.64,224.36,129.96,1,-1,-1,-1
68,2,2491.72,1354.10,61.40,72.31,1,-1,-1,-1
69,1,1721.94,1174.65,224.04,129.96,1,-1,-1,-1
69,2,2492.17,1354.00,60.83,73.52,1,-1,-1,-1
70,1,1721.94,1174.66,223.69,129.95,1,-1,-1,-1
70,2,2492.15,1354.26,61.10,74.60,1,-1,-1,-1
71,1,1721.94,1174.67,223.32,129.93,1,-1,-1,-1
71,2,2491.62,1354.98,62.36,75.50,1,-1,-1,-1
72,1,1721.94,1174.69,222.96,129.91,1,-1,-1,-1
72,2,2490.70,1356.17,64.22,76.21,1,-1,-1,-1
73,1,1721.94,1174.70,222.65,129.89,1,-1,-1,-1
73,2,2490.06,1357.81,65.41,76.72,1,-1,-1,-1
74,1,1721.93,1174.71,222.39,129.88,1,-1,-1,-1
74,2,2490.00,1359.78,64.94,77.01,1,-1,-1,-1
75,1,1721.93,1174.72,222.19,129.86,1,-1,-1,-1
75,2,2488.14,1361.88,64.62,77.08,1,-1,-1,-1
76,1,1721.93,1174.73,222.04,129.84,1,-1,-1,-1
76,2,2479.40,1363.83,70.00,76.90,1,-1,-1,-1
77,1,1721.93,1174.74,221.92,129.84,1,-1,-1,-1
77,2,2463.47,1365.34,83.33,76.46,1,-1,-1,-1
78,1,1721.93,1174.76,221.81,129.84,1,-1,-1,-1
78,2,2448.50,1366.14,98.16,75.75,1,-1,-1,-1
79,1,1721.93,1174.77,221.70,129.85,1,-1,-1,-1
79,2,2437.40,1366.08,110.06,74.74,1,-1,-1,-1
79,3,2505.75,1353.77,50.18,70.61,1,-1,-1,-1
80,1,1721.93,1174.78,221.58,129.87,1,-1,-1,-1
80,2,2425.74,1365.14,118.44,73.38,1,-1,-1,-1
80,3,2505.12,1353.82,50.76,70.48,1,-1,-1,-1
81,1,1721.92,1174.79,221.43,129.92,1,-1,-1,-1
81,2,2411.08,1363.37,120.36,71.79,1,-1,-1,-1
81,3,2504.39,1353.88,51.43,70.36,1,-1,-1,-1
82,1,1721.92,1174.80,221.26,129.98,1,-1,-1,-1
82,2,2397.15,1360.90,113.10,70.42,1,-1,-1,-1
82,3,2503.58,1353.93,52.20,70.24,1,-1,-1,-1
83,1,1721.92,1174.81,221.08,130.07,1,-1,-1,-1
83,2,2385.62,1357.86,103.68,69.87,1,-1,-1,-1
83,3,2502.69,1353.98,53.04,70.11,1,-1,-1,-1
84,1,1721.92,1174.83,220.91,130.18,1,-1,-1,-1
84,2,2371.08,1354.38,101.83,70.60,1,-1,-1,-1
84,3,2501.74,1354.04,53.94,69.99,1,-1,-1,-1
85,1,1721.92,1174.84,220.77,130.31,1,-1,-1,-1
85,2,2350.71,1350.57,111.60,72.68,1,-1,-1,-1
85,3,2500.76,1354.09,54.87,69.87,1,-1,-1,-1
86,1,1721.92,1174.85,220.68,130.44,1,-1,-1,-1
86,2,2330.51,1346.52,128.09,75.94,1,-1,-1,-1
86,3,2499.78,1354.14,55.80,69.74,1,-1,-1,-1
87,1,1721.92,1174.86,220.69,130.58,1,-1,-1,-1
87,2,2312.73,1342.34,144.11,79.96,1,-1,-1,-1
87,3,2498.82,1354.20,56.72,69.62,1,-1,-1,-1
88,1,1721.91,1174.87,220.82,130.70,1,-1,-1,-1
88,2,2294.36,1338.09,155.89,84.29,1,-1,-1,-1
88,3,2497.89,1354.25,57.59,69.50,1,-1,-1,-1
89,1,1721.91,1174.88,221.08,130.78,1,-1,-1,-1
89,2,2274.48,1333.84,163.11,88.58,1,-1,-1,-1
89,3,2497.02,1354.31,58.42,69.37,1,-1,-1,-1
90,1,1721.91,1174.90,221.47,130.79,1,-1,-1,-1
90,2,2256.24,1329.59,165.99,92.49,1,-1,-1,-1
90,3,2496.21,1354.36,59.18,69.25,1,-1,-1,-1
91,1,1721.91,1174.91,221.94,130.70,1,-1,-1,-1
91,2,2240.53,1325.35,165.64,95.68,1,-1,-1,-1
91,3,2495.47,1354.41,59.87,69.13,1,-1,-1,-1
92,1,1721.91,1174.92,222.41,130.47,1,-1,-1,-1
92,2,2229.34,1321.06,160.93,97.76,1,-1,-1,-1
92,3,2494.79,1354.47,60.49,69.00,1,-1,-1,-1
93,1,1721.91,1174.93,222.74,130.07,1,-1,-1,-1
93,2,2225.84,1316.62,149.43,98.42,1,-1,-1,-1
93,3,2494.19,1354.52,61.05,68.88,1,-1,-1,-1
94,1,1721.91,1174.94,222.78,129.44,1,-1,-1,-1
94,2,2224.15,1311.93,135.10,97.67,1,-1,-1,-1
94,3,2493.65,1354.57,61.54,68.76,1,-1,-1,-1
95,1,1721.90,1174.95,222.30,128.54,1,-1,-1,-1
95,2,2205.52,1306.88,132.78,96.04,1,-1,-1,-1
95,3,2493.16,1354.63,61.98,68.63,1,-1,-1,-1
96,1,1721.90,1174.97,221.04,127.35,1,-1,-1,-1
96,2,2159.74,1301.39,149.92,94.56,1,-1,-1,-1
96,3,2492.72,1354.68,62.37,68.51,1,-1,-1,-1
97,1,1721.90,1174.98,218.76,125.84,1,-1,-1,-1
97,2,2110.62,1295.43,163.88,94.39,1,-1,-1,-1
97,3,2492.33,1354.73,62.71,68.39,1,-1,-1,-1
98,1,1721.90,1174.99,215.22,124.01,1,-1,-1,-1
98,2,2076.85,1289.01,165.12,96.32,1,-1,-1,-1
98,3,2491.97,1354.79,63.02,68.27,1,-1,-1,-1
99,1,1721.90,1175.00,210.27,121.90,1,-1,-1,-1
99,2,2054.48,1282.08,167.17,100.44,1,-1,-1,-1
99,3,2491.65,1354.84,63.29,68.14,1,-1,-1,-1
100,1,1721.90,1175.01,203.91,119.56,1,-1,-1,-1
100,2,2031.31,1274.61,179.82,106.24,1,-1,-1,-1
100,3,2491.36,1354.89,63.54,68.02,1,-1,-1,-1
101,1,1721.90,1175.02,196.33,117.07,1,-1,-1,-1
101,2,2003.68,1266.53,197.02,112.90,1,-1,-1,-1
101,3,2491.09,1354.95,63.75,67.90,1,-1,-1,-1
102,1,1721.89,1175.04,187.89,114.55,1,-1,-1,-1
102,2,1976.84,1257.78,207.40,119.59,1,-1,-1,-1
102,3,2490.86,1355.00,63.93,67.77,1,-1,-1,-1
103,1,1721.89,1175.05,179.11,112.13,1,-1,-1,-1
103,2,1951.42,1248.31,209.95,125.78,1,-1,-1,-1
103,3,2490.66,1355.05,64.09,67.65,1,-1,-1,-1
104,1,1721.89,1175.06,170.49,109.91,1,-1,-1,-1
104,2,1920.49,1238.17,213.74,131.35,1,-1,-1,-1
104,3,2490.48,1355.11,64.21,67.53,1,-1,-1,-1
105,1,1721.89,1175.07,162.46,107.98,1,-1,-1,-1
105,2,1876.49,1227.46,225.05,136.57,1,-1,-1,-1
105,3,2490.34,1355.16,64.30,67.40,1,-1,-1,-1
106,1,1721.89,1175.08,155.31,106.40,1,-1,-1,-1
106,2,1827.94,1216.41,236.37,141.95,1,-1,-1,-1
106,3,2490.23,1355.21,64.37,67.28,1,-1,-1,-1
107,1,1721.89,1175.09,149.20,105.19,1,-1,-1,-1
107,2,1785.11,1205.26,245.93,147.92,1,-1,-1,-1
107,3,2490.15,1355.27,64.40,67.16,1,-1,-1,-1
107,4,10.14,1287.91,624.21,620.86,1,-1,-1,-1
108,2,1747.96,1194.30,259.17,154.53,1,-1,-1,-1
108,3,2490.10,1355.32,64.40,67.03,1,-1,-1,-1
108,4,11.58,1288.29,853.74,617.29,1,-1,-1,-1
109,2,1710.10,1183.77,278.52,161.36,1,-1,-1,-1
109,3,2490.08,1355.38,64.37,66.91,1,-1,-1,-1
109,4,41.73,1287.02,931.32,586.93,1,-1,-1,-1
110,2,1669.98,1173.82,300.09,167.81,1,-1,-1,-1
110,3,2490.08,1355.43,64.32,66.79,1,-1,-1,-1
110,4,194.83,1285.12,948.43,522.30,1,-1,-1,-1
111,2,1624.60,1164.53,323.27,173.45,1,-1,-1,-1
111,3,2490.10,1355.48,64.25,66.66,1,-1,-1,-1
111,4,422.59,1282.63,912.27,455.64,1,-1,-1,-1
112,2,1569.91,1155.87,350.15,178.17,1,-1,-1,-1
112,3,2490.15,1355.54,64.15,66.54,1,-1,-1,-1
112,4,608.67,1279.01,859.99,416.45,1,-1,-1,-1
113,2,1515.50,1147.75,367.65,181.95,1,-1,-1,-1
113,3,2490.22,1355.59,64.03,66.42,1,-1,-1,-1
113,4,755.90,1274.93,677.16,408.40,1,-1,-1,-1
114,2,1468.00,1139.99,367.17,184.94,1,-1,-1,-1
114,3,2490.30,1355.64,63.90,66.29,1,-1,-1,-1
114,4,908.97,1272.79,682.44,414.89,1,-1,-1,-1
114,5,1725.32,1173.49,219.82,134.66,1,-1,-1,-1
115,2,1424.16,1132.35,357.66,187.57,1,-1,-1,-1
115,3,2490.40,1355.70,63.75,66.17,1,-1,-1,-1
115,4,1017.49,1274.59,569.22,380.77,1,-1,-1,-1
115,5,1725.27,1173.50,220.16,133.71,1,-1,-1,-1
116,2,1375.22,1124.51,355.19,190.62,1,-1,-1,-1
116,3,2490.51,1355.75,63.59,66.05,1,-1,-1,-1
116,4,1102.04,1278.48,488.98,303.51,1,-1,-1,-1
116,5,1725.21,1173.51,220.95,132.63,1,-1,-1,-1
117,2,1317.78,1116.13,368.02,195.25,1,-1,-1,-1
117,3,2490.64,1355.80,63.42,65.93,1,-1,-1,-1
117,4,1212.23,1280.30,443.64,254.58,1,-1,-1,-1
117,5,1725.15,1173.53,221.84,131.42,1,-1,-1,-1
118,2,1253.41,1106.86,391.06,202.87,1,-1,-1,-1
118,3,2490.77,1355.86,63.23,65.80,1,-1,-1,-1
118,4,1310.93,1278.77,427.90,237.69,1,-1,-1,-1
118,5,1725.10,1173.54,222.62,130.09,1,-1,-1,-1
119,2,1185.08,1096.39,415.14,214.89,1,-1,-1,-1
119,3,2490.92,1355.91,63.04,65.68,1,-1,-1,-1
119,4,1394.57,1276.12,407.10,229.61,1,-1,-1,-1
119,5,1725.04,1173.55,223.19,128.65,1,-1,-1,-1
120,2,1110.09,1084.52,440.12,232.38,1,-1,-1,-1
120,3,2491.06,1355.96,62.84,65.56,1,-1,-1,-1
120,4,1458.82,1275.15,343.92,222.81,1,-1,-1,-1
120,5,1724.98,1173.56,223.46,127.12,1,-1,-1,-1
121,2,1033.51,1071.12,467.32,255.81,1,-1,-1,-1
121,3,2491.22,1356.02,62.64,65.43,1,-1,-1,-1
121,4,1519.95,1277.38,342.74,211.74,1,-1,-1,-1
121,5,1724.92,1173.58,223.14,125.57,1,-1,-1,-1
122,2,952.99,1056.24,502.69,284.99,1,-1,-1,-1
122,3,2491.37,1356.07,62.44,65.31,1,-1,-1,-1
122,4,1574.41,1282.81,295.35,187.54,1,-1,-1,-1
122,5,1724.87,1173.59,221.53,124.06,1,-1,-1,-1
123,2,853.24,1040.02,553.94,319.12,1,-1,-1,-1
123,3,2491.52,1356.12,62.24,65.19,1,-1,-1,-1
123,4,1623.81,1289.89,257.43,157.60,1,-1,-1,-1
123,5,1724.81,1173.60,217.55,122.69,1,-1,-1,-1
124,2,729.88,1022.71,620.85,356.72,1,-1,-1,-1
124,3,2491.67,1356.18,62.04,65.06,1,-1,-1,-1
124,4,1666.41,1296.03,267.03,144.32,1,-1,-1,-1
124,5,1724.75,1173.61,210.50,121.57,1,-1,-1,-1
125,2,585.09,1004.61,703.38,395.95,1,-1,-1,-1
125,3,2491.82,1356.23,61.84,64.94,1,-1,-1,-1
125,4,1712.69,1300.02,265.46,147.93,1,-1,-1,-1
125,5,1724.70,1173.63,201.61,120.81,1,-1,-1,-1
126,2,417.89,986.06,800.77,435.13,1,-1,-1,-1
126,3,2491.96,1356.28,61.65,64.82,1,-1,-1,-1
126,4,1769.51,1302.62,251.50,155.92,1,-1,-1,-1
126,5,1724.64,1173.64,195.01,120.51,1,-1,-1,-1
127,2,234.35,967.40,891.75,472.66,1,-1,-1,-1
127,3,2492.09,1356.34,61.47,64.69,1,-1,-1,-1
127,4,1816.42,1305.47,236.96,157.32,1,-1,-1,-1
127,5,1724.58,1173.65,195.50,120.69,1,-1,-1,-1
128,2,84.43,948.97,919.78,506.75,1,-1,-1,-1
128,3,2492.21,1356.39,61.30,64.57,1,-1,-1,-1
128,4,1834.53,1309.41,235.07,152.01,1,-1,-1,-1
128,5,1724.52,1173.66,202.90,121.34,1,-1,-1,-1
129,2,14.54,931.16,847.55,535.58,1,-1,-1,-1
129,3,2492.32,1356.44,61.14,64.45,1,-1,-1,-1
129,4,1874.50,1314.30,235.16,144.79,1,-1,-1,-1
129,5,1724.47,1173.68,212.14,122.33,1,-1,-1,-1
130,2,10.00,914.31,710.05,557.88,1,-1,-1,-1
130,3,2492.42,1356.50,61.00,64.32,1,-1,-1,-1
130,4,1920.77,1319.93,217.76,136.76,1,-1,-1,-1
130,5,1724.41,1173.69,218.96,123.52,1,-1,-1,-1
131,2,23.19,898.67,588.47,573.55,1,-1,-1,-1
131,3,2492.49,1356.55,60.87,64.20,1,-1,-1,-1
131,4,1945.59,1325.75,205.27,129.11,1,-1,-1,-1
131,5,1724.35,1173.70,222.20,124.79,1,-1,-1,-1
132,2,30.47,884.30,521.78,583.71,1,-1,-1,-1
132,3,2492.55,1356.61,60.76,64.08,1,-1,-1,-1
132,4,1980.97,1330.99,191.58,122.17,1,-1,-1,-1
132,5,1724.29,1173.72,222.68,126.02,1,-1,-1,-1
133,3,2492.59,1356.66,60.68,63.95,1,-1,-1,-1
133,4,2009.33,1335.34,170.46,115.53,1,-1,-1,-1
133,5,1724.24,1173.73,221.83,127.15,1,-1,-1,-1
134,3,2492.61,1356.71,60.61,63.83,1,-1,-1,-1
134,4,2038.73,1339.51,183.32,108.52,1,-1,-1,-1
134,5,1724.18,1173.74,220.75,128.14,1,-1,-1,-1
135,3,2492.61,1356.77,60.56,63.71,1,-1,-1,-1
135,4,2056.92,1344.96,174.64,101.63,1,-1,-1,-1
135,5,1724.12,1173.75,220.06,128.97,1,-1,-1,-1
136,3,2492.59,1356.82,60.53,63.59,1,-1,-1,-1
136,4,2108.84,1352.21,155.95,97.64,1,-1,-1,-1
136,5,1724.07,1173.77,219.95,129.66,1,-1,-1,-1
137,3,2492.56,1356.87,60.51,63.46,1,-1,-1,-1
137,4,2182.06,1359.43,105.77,98.79,1,-1,-1,-1
137,5,1724.01,1173.78,220.39,130.24,1,-1,-1,-1
138,3,2492.52,1356.93,60.50,63.34,1,-1,-1,-1
138,4,2169.57,1363.81,146.70,101.00,1,-1,-1,-1
138,5,1723.95,1173.79,221.23,130.73,1,-1,-1,-1
139,3,2492.47,1356.98,60.50,63.22,1,-1,-1,-1
139,4,2170.12,1365.36,161.33,100.64,1,-1,-1,-1
139,5,1723.89,1173.80,222.26,131.15,1,-1,-1,-1
140,3,2492.42,1357.03,60.50,63.09,1,-1,-1,-1
140,4,2205.82,1365.79,147.03,99.37,1,-1,-1,-1
140,5,1723.84,1173.82,223.21,131.52,1,-1,-1,-1
141,3,2492.37,1357.09,60.50,62.97,1,-1,-1,-1
141,4,2218.92,1366.60,147.64,97.44,1,-1,-1,-1
141,5,1723.78,1173.83,223.88,131.84,1,-1,-1,-1
142,3,2492.33,1357.14,60.49,62.85,1,-1,-1,-1
142,4,2227.01,1368.52,154.23,94.46,1,-1,-1,-1
142,5,1723.72,1173.84,224.23,132.12,1,-1,-1,-1
143,3,2492.30,1357.19,60.47,62.72,1,-1,-1,-1
143,4,2259.60,1371.79,151.42,91.30,1,-1,-1,-1
143,5,1723.66,1173.85,224.37,132.35,1,-1,-1,-1
144,3,2492.29,1357.25,60.44,62.60,1,-1,-1,-1
144,4,2289.19,1376.26,115.03,89.27,1,-1,-1,-1
144,5,1723.61,1173.87,224.42,132.52,1,-1,-1,-1
145,3,2492.28,1357.30,60.39,62.48,1,-1,-1,-1
145,4,2305.99,1381.84,141.35,91.82,1,-1,-1,-1
145,5,1723.55,1173.88,224.45,132.64,1,-1,-1,-1
146,3,2492.29,1357.35,60.34,62.35,1,-1,-1,-1
146,4,2329.54,1389.10,132.35,88.79,1,-1,-1,-1
146,5,1723.49,1173.89,224.48,132.70,1,-1,-1,-1
147,3,2492.30,1357.41,60.28,62.23,1,-1,-1,-1
147,4,2372.04,1397.13,101.61,79.23,1,-1,-1,-1
147,5,1723.44,1173.90,224.45,132.70,1,-1,-1,-1
148,3,2492.31,1357.46,60.22,62.11,1,-1,-1,-1
148,4,2379.61,1403.17,107.77,72.09,1,-1,-1,-1
148,5,1723.38,1173.92,224.26,132.65,1,-1,-1,-1
149,3,2492.31,1357.51,60.16,61.98,1,-1,-1,-1
149,4,2378.48,1405.07,117.96,68.67,1,-1,-1,-1
149,5,1723.32,1173.93,223.84,132.56,1,-1,-1,-1
150,3,2492.31,1357.57,60.12,61.86,1,-1,-1,-1
150,4,2395.82,1402.15,105.08,69.59,1,-1,-1,-1
150,5,1723.26,1173.94,223.20,132.42,1,-1,-1,-1
151,3,2492.28,1357.62,60.10,61.74,1,-1,-1,-1
151,4,2424.62,1395.31,111.99,79.05,1,-1,-1,-1
151,5,1723.21,1173.95,222.48,132.26,1,-1,-1,-1
152,3,2492.23,1357.68,60.10,61.61,1,-1,-1,-1
152,4,2433.32,1387.30,120.45,93.56,1,-1,-1,-1
152,5,1723.15,1173.97,221.81,132.08,1,-1,-1,-1
153,3,2492.15,1357.73,60.13,61.49,1,-1,-1,-1
153,4,2444.39,1381.63,114.27,100.69,1,-1,-1,-1
153,5,1723.09,1173.98,221.28,131.90,1,-1,-1,-1
154,3,2492.04,1357.78,60.19,61.37,1,-1,-1,-1
154,5,1723.04,1173.99,220.97,131.71,1,-1,-1,-1
155,5,1722.98,1174.00,220.85,131.52,1,-1,-1,-1
156,5,1722.92,1174.02,220.85,131.35,1,-1,-1,-1
156,6,2462.42,1354.86,78.78,61.20,1,-1,-1,-1
157,5,1722.86,1174.03,220.97,131.18,1,-1,-1,-1
157,6,2457.73,1354.25,78.25,62.65,1,-1,-1,-1
158,5,1722.81,1174.04,221.21,131.03,1,-1,-1,-1
158,6,2466.93,1353.88,71.47,63.72,1,-1,-1,-1
159,5,1722.75,1174.06,221.62,130.90,1,-1,-1,-1
159,6,2492.65,1353.71,56.52,64.46,1,-1,-1,-1
160,5,1722.69,1174.07,222.19,130.79,1,-1,-1,-1
160,6,2500.77,1353.69,51.95,64.96,1,-1,-1,-1
161,5,1722.63,1174.08,222.85,130.71,1,-1,-1,-1
161,6,2498.15,1353.77,53.97,65.33,1,-1,-1,-1
162,5,1722.58,1174.09,223.45,130.66,1,-1,-1,-1
162,6,2496.55,1353.89,56.34,65.67,1,-1,-1,-1
163,5,1722.52,1174.11,223.94,130.62,1,-1,-1,-1
163,6,2494.23,1354.00,58.69,66.12,1,-1,-1,-1
164,5,1722.46,1174.12,224.26,130.60,1,-1,-1,-1
164,6,2493.07,1354.05,59.20,66.76,1,-1,-1,-1
165,5,1722.41,1174.13,224.43,130.59,1,-1,-1,-1
165,6,2493.91,1354.03,58.91,67.69,1,-1,-1,-1
166,5,1722.35,1174.14,224.48,130.59,1,-1,-1,-1
166,6,2495.10,1353.94,58.05,68.91,1,-1,-1,-1
167,5,1722.29,1174.16,224.47,130.59,1,-1,-1,-1
167,6,2495.86,1353.81,56.97,70.42,1,-1,-1,-1
168,5,1722.23,1174.17,224.42,130.59,1,-1,-1,-1
168,6,2496.23,1353.70,56.03,72.15,1,-1,-1,-1
169,5,1722.18,1174.18,224.37,130.58,1,-1,-1,-1
169,6,2496.82,1353.70,55.95,73.96,1,-1,-1,-1
170,5,1722.12,1174.19,224.37,130.58,1,-1,-1,-1
170,6,2496.08,1353.87,57.13,75.71,1,-1,-1,-1
171,5,1722.06,1174.21,224.46,130.57,1,-1,-1,-1
171,6,2493.97,1354.30,59.84,77.19,1,-1,-1,-1
172,5,1722.00,1174.22,224.60,130.56,1,-1,-1,-1
172,6,2491.06,1355.05,63.12,78.25,1,-1,-1,-1
173,5,1721.95,1174.23,224.74,130.54,1,-1,-1,-1
173,6,2487.87,1356.13,67.03,78.73,1,-1,-1,-1
174,5,1721.89,1174.24,224.85,130.52,1,-1,-1,-1
174,6,2485.66,1357.51,69.31,78.56,1,-1,-1,-1
175,5,1721.83,1174.26,224.94,130.51,1,-1,-1,-1
175,6,2487.21,1359.10,66.95,77.76,1,-1,-1,-1
176,5,1721.78,1174.27,225.00,130.48,1,-1,-1,-1
176,6,2482.69,1360.74,69.97,76.44,1,-1,-1,-1
177,5,1721.72,1174.28,225.00,130.46,1,-1,-1,-1
177,6,2459.06,1362.26,91.26,74.75,1,-1,-1,-1
178,5,1721.66,1174.29,224.91,130.44,1,-1,-1,-1
178,6,2444.94,1363.46,104.23,72.89,1,-1,-1,-1
179,5,1721.60,1174.31,224.68,130.41,1,-1,-1,-1
179,6,2437.74,1364.19,107.65,71.06,1,-1,-1,-1
179,7,2513.52,1351.07,44.85,69.11,1,-1,-1,-1
180,5,1721.55,1174.32,224.36,130.38,1,-1,-1,-1
180,6,2436.49,1364.32,103.71,69.43,1,-1,-1,-1
180,7,2511.16,1351.19,46.91,69.17,1,-1,-1,-1
181,5,1721.49,1174.33,224.04,130.35,1,-1,-1,-1
181,6,2429.62,1363.81,100.75,68.16,1,-1,-1,-1
181,7,2508.43,1351.30,49.34,69.22,1,-1,-1,-1
182,5,1721.43,1174.34,223.84,130.32,1,-1,-1,-1
182,6,2397.02,1362.66,99.57,67.36,1,-1,-1,-1
182,7,2505.47,1351.41,52.02,69.27,1,-1,-1,-1
183,5,1721.38,1174.36,223.81,130.29,1,-1,-1,-1
183,6,2382.96,1360.91,102.11,67.09,1,-1,-1,-1
183,7,2502.45,1351.53,54.74,69.30,1,-1,-1,-1
184,5,1721.32,1174.37,223.88,130.26,1,-1,-1,-1
184,6,2376.38,1358.63,100.00,67.37,1,-1,-1,-1
184,7,2499.60,1351.64,57.30,69.32,1,-1,-1,-1
185,5,1721.26,1174.38,223.89,130.24,1,-1,-1,-1
185,6,2351.22,1355.90,101.39,68.18,1,-1,-1,-1
185,7,2497.13,1351.76,59.47,69.33,1,-1,-1,-1
186,5,1721.20,1174.39,223.77,130.23,1,-1,-1,-1
186,6,2333.54,1352.80,115.43,69.47,1,-1,-1,-1
186,7,2495.18,1351.87,61.13,69.34,1,-1,-1,-1
187,5,1721.15,1174.41,223.54,130.23,1,-1,-1,-1
187,6,2325.42,1349.41,124.07,71.16,1,-1,-1,-1
187,7,2493.80,1351.98,62.22,69.33,1,-1,-1,-1
188,5,1721.09,1174.42,223.25,130.24,1,-1,-1,-1
188,6,2313.55,1345.81,123.36,73.16,1,-1,-1,-1
188,7,2492.94,1352.10,62.80,69.32,1,-1,-1,-1
189,5,1721.03,1174.43,222.98,130.26,1,-1,-1,-1
189,6,2289.64,1342.06,119.08,75.35,1,-1,-1,-1
189,7,2492.50,1352.21,62.95,69.30,1,-1,-1,-1
190,5,1720.97,1174.45,222.84,130.30,1,-1,-1,-1
190,6,2274.60,1338.21,123.25,77.63,1,-1,-1,-1
190,7,2492.36,1352.33,62.82,69.27,1,-1,-1,-1
191,5,1720.92,1174.46,222.86,130.35,1,-1,-1,-1
191,6,2266.41,1334.26,129.12,79.88,1,-1,-1,-1
191,7,2492.40,1352.44,62.52,69.25,1,-1,-1,-1
192,5,1720.86,1174.47,223.03,130.39,1,-1,-1,-1
192,6,2246.61,1330.22,148.85,81.99,1,-1,-1,-1
192,7,2492.54,1352.56,62.15,69.21,1,-1,-1,-1
193,5,1720.80,1174.48,223.25,130.40,1,-1,-1,-1
193,6,2224.49,1326.07,151.53,83.89,1,-1,-1,-1
193,7,2492.69,1352.67,61.78,69.18,1,-1,-1,-1
194,5,1720.75,1174.50,223.33,130.36,1,-1,-1,-1
194,6,2218.50,1321.76,142.85,85.56,1,-1,-1,-1
194,7,2492.83,1352.78,61.46,69.14,1,-1,-1,-1
195,5,1720.69,1174.51,223.07,130.20,1,-1,-1,-1
195,6,2232.77,1317.24,110.24,87.07,1,-1,-1,-1
195,7,2492.92,1352.90,61.21,69.10,1,-1,-1,-1
196,5,1720.63,1174.52,222.46,129.88,1,-1,-1,-1
196,6,2222.32,1312.49,105.53,88.53,1,-1,-1,-1
196,7,2492.95,1353.01,61.04,69.05,1,-1,-1,-1
197,5,1720.57,1174.53,221.78,129.31,1,-1,-1,-1
197,6,2155.32,1307.50,153.46,90.07,1,-1,-1,-1
197,7,2492.92,1353.13,60.96,69.01,1,-1,-1,-1
198,5,1720.52,1174.55,221.52,128.44,1,-1,-1,-1
198,6,2115.39,1302.28,167.95,91.81,1,-1,-1,-1
198,7,2492.84,1353.24,60.95,68.96,1,-1,-1,-1
199,5,1720.46,1174.56,222.04,127.21,1,-1,-1,-1
199,6,2100.70,1296.86,160.55,93.82,1,-1,-1,-1
199,7,2492.72,1353.36,60.99,68.91,1,-1,-1,-1
200,5,1720.40,1174.57,223.10,125.55,1,-1,-1,-1
200,6,2076.50,1291.25,151.20,96.12,1,-1,-1,-1
200,7,2492.58,1353.47,61.06,68.85,1,-1,-1,-1
201,5,1720.34,1174.58,223.58,123.47,1,-1,-1,-1
201,6,2054.70,1285.43,161.98,98.70,1,-1,-1,-1
201,7,2492.46,1353.58,61.12,68.79,1,-1,-1,-1
202,5,1720.29,1174.60,221.51,120.97,1,-1,-1,-1
202,6,2035.61,1279.38,176.33,101.53,1,-1,-1,-1
202,7,2492.36,1353.70,61.14,68.72,1,-1,-1,-1
203,5,1720.23,1174.61,214.77,118.13,1,-1,-1,-1
203,6,2009.26,1273.03,187.84,104.56,1,-1,-1,-1
203,7,2492.32,1353.81,61.12,68.66,1,-1,-1,-1
204,5,1720.17,1174.62,202.59,115.07,1,-1,-1,-1
204,6,1982.51,1266.33,196.88,107.77,1,-1,-1,-1
204,7,2492.33,1353.93,61.05,68.58,1,-1,-1,-1
205,5,1720.12,1174.63,187.16,111.95,1,-1,-1,-1
205,6,1952.51,1259.22,193.77,111.15,1,-1,-1,-1
205,7,2492.39,1354.04,60.92,68.50,1,-1,-1,-1
206,5,1720.06,1174.65,172.87,108.97,1,-1,-1,-1
206,6,1930.64,1251.68,194.91,114.68,1,-1,-1,-1
206,7,2492.49,1354.16,60.77,68.42,1,-1,-1,-1
207,5,1720.00,1174.66,162.49,106.29,1,-1,-1,-1
207,6,1888.78,1243.70,205.12,118.39,1,-1,-1,-1
207,7,2492.61,1354.27,60.59,68.34,1,-1,-1,-1
208,5,1719.94,1174.67,156.55,104.04,1,-1,-1,-1
208,6,1847.74,1235.33,208.29,122.27,1,-1,-1,-1
208,7,2492.74,1354.38,60.43,68.25,1,-1,-1,-1
209,5,1719.89,1174.68,154.77,102.29,1,-1,-1,-1
209,6,1825.17,1226.65,213.59,126.33,1,-1,-1,-1
209,7,2492.85,1354.50,60.28,68.16,1,-1,-1,-1
210,5,1719.83,1174.70,156.62,101.05,1,-1,-1,-1
210,6,1780.80,1217.76,226.65,130.53,1,-1,-1,-1
210,7,2492.94,1354.61,60.17,68.06,1,-1,-1,-1
211,6,1736.64,1208.79,238.88,134.85,1,-1,-1,-1
211,7,2493.00,1354.73,60.09,67.96,1,-1,-1,-1
212,6,1711.22,1199.83,249.06,139.25,1,-1,-1,-1
212,7,2493.03,1354.84,60.05,67.86,1,-1,-1,-1
213,6,1661.87,1190.94,269.08,143.70,1,-1,-1,-1
213,7,2493.03,1354.96,60.03,67.75,1,-1,-1,-1
214,6,1614.80,1182.17,288.39,148.23,1,-1,-1,-1
214,7,2493.02,1355.07,60.04,67.65,1,-1,-1,-1
215,6,1578.05,1173.51,328.33,152.94,1,-1,-1,-1
215,7,2493.01,1355.18,60.05,67.54,1,-1,-1,-1
216,6,1521.59,1164.91,353.20,157.93,1,-1,-1,-1
216,7,2492.99,1355.30,60.06,67.42,1,-1,-1,-1
217,6,1464.74,1156.33,356.73,163.36,1,-1,-1,-1
217,7,2492.98,1355.41,60.06,67.31,1,-1,-1,-1
217,12,1721.16,1171.76,226.31,134.69,1,-1,-1,-1
218,6,1422.11,1147.70,358.56,169.39,1,-1,-1,-1
218,7,2492.99,1355.53,60.04,67.19,1,-1,-1,-1
218,12,1721.18,1171.79,225.84,134.42,1,-1,-1,-1
219,6,1366.00,1138.91,358.61,176.23,1,-1,-1,-1
219,7,2493.02,1355.64,60.00,67.07,1,-1,-1,-1
219,12,1721.21,1171.82,225.66,134.30,1,-1,-1,-1
220,6,1314.34,1129.88,377.06,184.12,1,-1,-1,-1
220,7,2493.08,1355.75,59.92,66.96,1,-1,-1,-1
220,12,1721.23,1171.86,225.52,134.32,1,-1,-1,-1
221,6,1238.96,1120.49,383.28,193.35,1,-1,-1,-1
221,7,2493.18,1355.87,59.81,66.84,1,-1,-1,-1
221,12,1721.25,1171.89,225.33,134.43,1,-1,-1,-1
222,6,1152.66,1110.64,406.71,204.22,1,-1,-1,-1
222,7,2493.31,1355.98,59.66,66.72,1,-1,-1,-1
222,12,1721.27,1171.92,225.15,134.61,1,-1,-1,-1
223,6,1102.18,1100.22,426.21,217.01,1,-1,-1,-1
223,7,2493.46,1356.10,59.50,66.61,1,-1,-1,-1
223,12,1721.30,1171.95,225.05,134.80,1,-1,-1,-1
224,6,1014.80,1089.17,435.57,231.97,1,-1,-1,-1
224,7,2493.61,1356.21,59.33,66.50,1,-1,-1,-1
224,12,1721.32,1171.99,225.03,134.97,1,-1,-1,-1
225,6,919.64,1077.45,463.51,249.25,1,-1,-1,-1
225,7,2493.73,1356.33,59.18,66.39,1,-1,-1,-1
225,12,1721.34,1172.02,225.03,135.10,1,-1,-1,-1
226,6,871.94,1065.05,492.79,268.92,1,-1,-1,-1
226,7,2493.81,1356.44,59.08,66.29,1,-1,-1,-1
226,12,1721.37,1172.05,225.04,135.17,1,-1,-1,-1
227,6,776.28,1052.00,515.81,290.95,1,-1,-1,-1
227,7,2493.81,1356.55,59.04,66.19,1,-1,-1,-1
227,12,1721.39,1172.08,225.06,135.17,1,-1,-1,-1
228,6,562.01,1038.33,617.69,315.26,1,-1,-1,-1
228,7,2493.73,1356.67,59.09,66.10,1,-1,-1,-1
228,12,1721.41,1172.12,225.12,135.10,1,-1,-1,-1
229,6,337.74,1024.12,758.72,341.68,1,-1,-1,-1
229,7,2493.57,1356.78,59.23,66.01,1,-1,-1,-1
229,12,1721.44,1172.15,225.26,134.98,1,-1,-1,-1
230,6,230.89,1009.42,819.90,370.09,1,-1,-1,-1
230,7,2493.33,1356.90,59.44,65.93,1,-1,-1,-1
230,12,1721.46,1172.18,225.52,134.82,1,-1,-1,-1
231,6,107.47,994.31,760.30,400.36,1,-1,-1,-1
231,7,2493.04,1357.01,59.71,65.86,1,-1,-1,-1
231,12,1721.48,1172.21,225.83,134.63,1,-1,-1,-1
232,6,27.96,978.85,648.73,432.36,1,-1,-1,-1
232,7,2492.73,1357.13,59.98,65.79,1,-1,-1,-1
232,12,1721.51,1172.24,226.13,134.44,1,-1,-1,-1
233,6,13.39,963.09,554.29,465.97,1,-1,-1,-1
233,7,2492.45,1357.24,60.24,65.74,1,-1,-1,-1
233,12,1721.53,1172.28,226.35,134.27,1,-1,-1,-1
234,6,7.71,947.09,467.70,501.02,1,-1,-1,-1
234,7,2492.21,1357.35,60.46,65.68,1,-1,-1,-1
234,12,1721.55,1172.31,226.46,134.11,1,-1,-1,-1
235,6,14.14,930.94,408.01,537.23,1,-1,-1,-1
235,7,2492.03,1357.47,60.61,65.64,1,-1,-1,-1
235,12,1721.58,1172.34,226.47,133.98,1,-1,-1,-1
236,7,2491.91,1357.58,60.71,65.61,1,-1,-1,-1
236,12,1721.60,1172.37,226.45,133.86,1,-1,-1,-1
237,7,2491.83,1357.70,60.76,65.58,1,-1,-1,-1
237,12,1721.62,1172.41,226.42,133.76,1,-1,-1,-1
238,7,2491.80,1357.81,60.78,65.57,1,-1,-1,-1
238,12,1721.64,1172.44,226.43,133.67,1,-1,-1,-1
239,7,2491.78,1357.93,60.77,65.58,1,-1,-1,-1
239,12,1721.67,1172.47,226.52,133.60,1,-1,-1,-1
240,7,2491.78,1358.04,60.76,65.59,1,-1,-1,-1
240,12,1721.69,1172.50,226.68,133.53,1,-1,-1,-1
241,7,2491.77,1358.15,60.75,65.63,1,-1,-1,-1
241,12,1721.71,1172.54,226.88,133.47,1,-1,-1,-1
242,7,2491.75,1358.27,60.75,65.68,1,-1,-1,-1
242,12,1721.74,1172.57,227.06,133.41,1,-1,-1,-1
243,7,2491.72,1358.38,60.77,65.75,1,-1,-1,-1
243,12,1721.76,1172.60,227.16,133.36,1,-1,-1,-1
244,7,2491.67,1358.50,60.81,65.84,1,-1,-1,-1
244,12,1721.78,1172.63,227.18,133.31,1,-1,-1,-1
245,7,2491.62,1358.61,60.86,65.97,1,-1,-1,-1
245,12,1721.81,1172.66,227.10,133.27,1,-1,-1,-1
246,7,2491.58,1358.72,60.91,66.11,1,-1,-1,-1
246,12,1721.83,1172.70,226.93,133.22,1,-1,-1,-1
247,7,2491.57,1358.84,60.93,66.29,1,-1,-1,-1
247,12,1721.85,1172.73,226.69,133.18,1,-1,-1,-1
248,7,2491.63,1358.95,60.90,66.50,1,-1,-1,-1
248,12,1721.88,1172.76,226.43,133.13,1,-1,-1,-1
249,7,2491.78,1359.07,60.78,66.75,1,-1,-1,-1
249,12,1721.90,1172.79,226.19,133.09,1,-1,-1,-1
250,7,2492.07,1359.18,60.54,67.03,1,-1,-1,-1
250,12,1721.92,1172.83,226.03,133.06,1,-1,-1,-1
251,7,2492.51,1359.30,60.16,67.35,1,-1,-1,-1
251,12,1721.94,1172.86,225.93,133.03,1,-1,-1,-1
252,7,2493.10,1359.41,59.61,67.70,1,-1,-1,-1
252,12,1721.97,1172.89,225.88,133.01,1,-1,-1,-1
253,7,2493.83,1359.52,58.92,68.08,1,-1,-1,-1
253,12,1721.99,1172.92,225.86,133.00,1,-1,-1,-1
254,7,2494.63,1359.64,58.14,68.50,1,-1,-1,-1
254,12,1722.01,1172.96,225.83,133.00,1,-1,-1,-1
255,7,2495.39,1359.75,57.36,68.94,1,-1,-1,-1
255,12,1722.04,1172.99,225.80,133.01,1,-1,-1,-1
256,7,2495.99,1359.87,56.68,69.40,1,-1,-1,-1
256,12,1722.06,1173.02,225.76,133.03,1,-1,-1,-1
257,7,2496.27,1359.98,56.23,69.87,1,-1,-1,-1
257,12,1722.08,1173.05,225.72,133.04,1,-1,-1,-1
258,7,2496.07,1360.10,56.13,70.35,1,-1,-1,-1
258,12,1722.11,1173.09,225.71,133.05,1,-1,-1,-1
259,7,2495.25,1360.21,56.52,70.82,1,-1,-1,-1
259,12,1722.13,1173.12,225.74,133.03,1,-1,-1,-1
260,7,2493.65,1360.32,57.52,71.28,1,-1,-1,-1
260,12,1722.15,1173.15,225.84,132.99,1,-1,-1,-1
261,7,2491.13,1360.44,59.23,71.71,1,-1,-1,-1
261,12,1722.18,1173.18,226.01,132.94,1,-1,-1,-1
262,7,2487.59,1360.55,61.74,72.12,1,-1,-1,-1
262,12,1722.20,1173.21,226.22,132.88,1,-1,-1,-1
263,7,2483.00,1360.67,65.07,72.48,1,-1,-1,-1
263,12,1722.22,1173.25,226.39,132.81,1,-1,-1,-1
264,7,2477.44,1360.78,69.17,72.81,1,-1,-1,-1
264,12,1722.24,1173.28,226.48,132.75,1,-1,-1,-1
265,7,2471.11,1360.90,73.86,73.09,1,-1,-1,-1
265,12,1722.27,1173.31,226.46,132.70,1,-1,-1,-1
266,7,2464.41,1361.01,78.80,73.32,1,-1,-1,-1
266,12,1722.29,1173.34,226.32,132.64,1,-1,-1,-1
267,7,2457.85,1361.12,83.52,73.50,1,-1,-1,-1
267,12,1722.31,1173.38,226.07,132.57,1,-1,-1,-1
268,7,2452.00,1361.24,87.56,73.64,1,-1,-1,-1
268,8,2510.50,1355.40,45.79,66.52,1,-1,-1,-1
268,12,1722.34,1173.41,225.74,132.49,1,-1,-1,-1
269,7,2447.28,1361.35,90.57,73.73,1,-1,-1,-1
269,8,2508.42,1355.35,47.20,66.12,1,-1,-1,-1
269,12,1722.36,1173.44,225.39,132.40,1,-1,-1,-1
270,7,2443.90,1361.47,92.39,73.79,1,-1,-1,-1
270,8,2506.47,1355.50,48.85,65.62,1,-1,-1,-1
270,12,1722.38,1173.47,225.04,132.31,1,-1,-1,-1
271,7,2441.85,1361.58,93.10,73.81,1,-1,-1,-1
271,8,2504.55,1355.78,50.69,65.09,1,-1,-1,-1
271,12,1722.41,1173.51,224.73,132.22,1,-1,-1,-1
272,7,2440.92,1361.69,92.96,73.80,1,-1,-1,-1
272,8,2502.61,1356.07,52.64,64.66,1,-1,-1,-1
272,9,2387.35,1364.71,107.12,66.45,1,-1,-1,-1
272,12,1722.43,1173.54,224.47,132.14,1,-1,-1,-1
273,8,2500.69,1356.26,54.58,64.42,1,-1,-1,-1
273,9,2374.68,1362.61,106.36,66.45,1,-1,-1,-1
273,12,1722.45,1173.57,224.24,132.06,1,-1,-1,-1
274,8,2498.85,1356.28,56.37,64.45,1,-1,-1,-1
274,9,2362.01,1360.51,105.60,66.44,1,-1,-1,-1
274,12,1722.48,1173.60,223.99,131.98,1,-1,-1,-1
275,8,2497.18,1356.10,57.88,64.73,1,-1,-1,-1
275,9,2349.35,1358.42,104.85,66.44,1,-1,-1,-1
275,12,1722.50,1173.64,223.68,131.90,1,-1,-1,-1
276,8,2495.75,1355.78,59.06,65.20,1,-1,-1,-1
276,9,2336.68,1356.32,104.09,66.43,1,-1,-1,-1
276,12,1722.52,1173.67,223.31,131.83,1,-1,-1,-1
277,8,2494.59,1355.36,59.86,65.78,1,-1,-1,-1
277,9,2324.01,1354.23,103.33,66.43,1,-1,-1,-1
277,12,1722.55,1173.70,222.93,131.75,1,-1,-1,-1
278,8,2493.70,1354.92,60.33,66.39,1,-1,-1,-1
278,9,2311.34,1352.13,102.57,66.42,1,-1,-1,-1
278,12,1722.57,1173.73,222.60,131.69,1,-1,-1,-1
279,8,2493.06,1354.51,60.54,66.96,1,-1,-1,-1
279,9,2298.67,1350.04,101.82,66.42,1,-1,-1,-1
279,12,1722.59,1173.76,222.30,131.63,1,-1,-1,-1
280,8,2492.61,1354.17,60.59,67.45,1,-1,-1,-1
280,9,2286.00,1347.94,101.06,66.41,1,-1,-1,-1
280,12,1722.61,1173.80,222.02,131.60,1,-1,-1,-1
281,8,2492.29,1353.93,60.57,67.82,1,-1,-1,-1
281,9,2273.33,1345.85,100.30,66.41,1,-1,-1,-1
281,12,1722.64,1173.83,221.78,131.59,1,-1,-1,-1
282,8,2492.04,1353.80,60.55,68.06,1,-1,-1,-1
282,9,2260.66,1343.75,99.54,66.40,1,-1,-1,-1
282,12,1722.66,1173.86,221.56,131.62,1,-1,-1,-1
283,8,2491.82,1353.76,60.59,68.20,1,-1,-1,-1
283,9,2247.99,1341.65,98.79,66.40,1,-1,-1,-1
283,12,1722.68,1173.89,221.36,131.67,1,-1,-1,-1
284,8,2491.59,1353.76,60.73,68.32,1,-1,-1,-1
284,9,2235.32,1339.56,98.03,66.39,1,-1,-1,-1
284,12,1722.71,1173.93,221.15,131.73,1,-1,-1,-1
285,8,2491.34,1353.71,60.96,68.52,1,-1,-1,-1
285,9,2222.65,1337.46,97.27,66.39,1,-1,-1,-1
285,12,1722.73,1173.96,220.87,131.77,1,-1,-1,-1
286,8,2491.08,1353.49,61.25,68.93,1,-1,-1,-1
286,9,2209.99,1335.37,96.51,66.38,1,-1,-1,-1
286,10,2155.02,1326.80,64.99,44.57,1,-1,-1,-1
286,12,1722.75,1173.99,220.57,131.71,1,-1,-1,-1
287,8,2490.88,1353.07,61.53,69.61,1,-1,-1,-1
287,9,2197.32,1333.27,95.76,66.38,1,-1,-1,-1
287,10,2142.98,1319.19,74.56,54.94,1,-1,-1,-1
287,12,1722.78,1174.02,220.36,131.49,1,-1,-1,-1
288,8,2490.82,1352.51,61.69,70.54,1,-1,-1,-1
288,9,2184.65,1331.18,95.00,66.37,1,-1,-1,-1
288,10,2108.77,1314.28,90.07,62.30,1,-1,-1,-1
288,12,1722.80,1174.06,220.42,131.00,1,-1,-1,-1
289,8,2490.99,1351.92,61.61,71.64,1,-1,-1,-1
289,10,2093.03,1308.73,100.92,69.54,1,-1,-1,-1
289,12,1722.82,1174.09,220.90,130.13,1,-1,-1,-1
290,8,2491.48,1351.38,61.21,72.83,1,-1,-1,-1
290,10,2082.71,1303.05,119.23,75.95,1,-1,-1,-1
290,12,1722.85,1174.12,221.73,128.75,1,-1,-1,-1
291,8,2492.32,1350.95,60.50,74.11,1,-1,-1,-1
291,10,2045.12,1296.82,162.16,81.97,1,-1,-1,-1
291,12,1722.87,1174.15,222.34,126.77,1,-1,-1,-1
292,8,2493.45,1350.58,59.58,75.52,1,-1,-1,-1
292,10,2015.53,1290.80,169.88,86.67,1,-1,-1,-1
292,11,4.16,1301.90,595.15,565.16,1,-1,-1,-1
292,12,1722.89,1174.18,221.52,124.13,1,-1,-1,-1
293,8,2494.71,1350.22,58.67,77.15,1,-1,-1,-1
293,10,1998.01,1283.62,165.66,91.30,1,-1,-1,-1
293,11,10.35,1293.01,618.59,608.81,1,-1,-1,-1
293,12,1722.91,1174.22,217.62,120.85,1,-1,-1,-1
294,8,2495.84,1349.83,58.06,78.98,1,-1,-1,-1
294,10,1958.15,1276.24,180.64,94.96,1,-1,-1,-1
294,11,10.12,1284.18,661.87,633.34,1,-1,-1,-1
294,12,1722.94,1174.25,209.28,117.04,1,-1,-1,-1
295,8,2496.51,1349.51,58.11,80.92,1,-1,-1,-1
295,10,1945.15,1269.22,172.08,97.41,1,-1,-1,-1
295,11,9.78,1278.70,943.85,626.19,1,-1,-1,-1
295,12,1722.96,1174.28,196.51,112.95,1,-1,-1,-1
296,8,2496.36,1349.45,59.13,82.67,1,-1,-1,-1
296,10,1904.07,1262.78,179.02,98.72,1,-1,-1,-1
296,11,68.01,1277.12,941.97,582.79,1,-1,-1,-1
296,12,1722.98,1174.31,181.63,108.93,1,-1,-1,-1
297,8,2495.02,1350.00,61.37,83.81,1,-1,-1,-1
297,10,1861.58,1255.47,187.99,100.80,1,-1,-1,-1
297,11,232.22,1277.38,920.72,517.07,1,-1,-1,-1
297,12,1723.01,1174.35,168.51,105.33,1,-1,-1,-1
298,8,2492.13,1351.57,64.93,83.81,1,-1,-1,-1
298,10,1842.15,1245.28,186.34,106.03,1,-1,-1,-1
298,11,468.50,1276.60,837.97,455.16,1,-1,-1,-1
298,12,1723.03,1174.38,160.05,102.49,1,-1,-1,-1
299,8,2487.40,1354.49,69.76,82.23,1,-1,-1,-1
299,10,1800.22,1236.39,202.98,110.51,1,-1,-1,-1
299,11,650.21,1273.05,785.16,420.01,1,-1,-1,-1
299,12,1723.05,1174.41,157.16,100.55,1,-1,-1,-1
300,8,2480.63,1358.72,75.63,78.98,1,-1,-1,-1
300,10,1795.19,1228.43,192.01,114.61,1,-1,-1,-1
300,11,783.53,1267.26,662.50,407.15,1,-1,-1,-1
300,12,1723.08,1174.44,159.05,99.53,1,-1,-1,-1
301,8,2471.76,1363.69,82.08,74.56,1,-1,-1,-1
301,10,1790.04,1217.70,176.14,121.77,1,-1,-1,-1
301,11,941.56,1261.28,608.97,387.24,1,-1,-1,-1
301,12,1723.10,1174.48,163.90,99.28,1,-1,-1,-1
302,8,2460.91,1368.38,88.48,69.92,1,-1,-1,-1
302,10,1681.89,1202.83,249.36,132.82,1,-1,-1,-1
302,11,1072.01,1257.40,519.46,345.99,1,-1,-1,-1
303,8,2448.38,1371.88,94.16,65.95,1,-1,-1,-1
303,10,1658.21,1198.49,257.02,132.21,1,-1,-1,-1
303,11,1158.41,1256.78,501.75,308.14,1,-1,-1,-1
304,8,2434.46,1373.63,98.63,63.21,1,-1,-1,-1
304,10,1625.49,1200.74,250.08,123.00,1,-1,-1,-1
304,11,1222.52,1259.35,449.90,283.53,1,-1,-1,-1
304,17,2494.29,1353.45,59.75,68.53,1,-1,-1,-1
305,8,2419.40,1373.52,101.77,61.87,1,-1,-1,-1
305,10,1576.81,1197.54,246.10,117.31,1,-1,-1,-1
305,11,1304.70,1263.71,430.81,265.11,1,-1,-1,-1
305,14,1726.19,1174.63,214.33,122.10,1,-1,-1,-1
305,17,2494.25,1353.44,59.78,68.56,1,-1,-1,-1
306,8,2403.38,1371.78,103.83,61.77,1,-1,-1,-1
306,10,1526.77,1185.14,246.52,120.65,1,-1,-1,-1
306,11,1385.20,1267.99,426.25,246.92,1,-1,-1,-1
306,14,1726.10,1174.60,215.72,122.25,1,-1,-1,-1
306,17,2494.21,1353.43,59.81,68.59,1,-1,-1,-1
307,8,2386.57,1368.85,105.28,62.56,1,-1,-1,-1
307,10,1476.31,1176.58,248.33,122.78,1,-1,-1,-1
307,11,1447.49,1271.28,367.59,227.41,1,-1,-1,-1
307,14,1726.02,1174.58,216.83,122.39,1,-1,-1,-1
307,17,2494.17,1353.42,59.84,68.62,1,-1,-1,-1
308,8,2369.10,1365.27,106.67,63.79,1,-1,-1,-1
308,10,1429.03,1169.84,246.04,127.47,1,-1,-1,-1
308,11,1506.13,1274.10,375.03,208.61,1,-1,-1,-1
308,14,1725.93,1174.55,217.44,122.54,1,-1,-1,-1
308,17,2494.13,1353.41,59.87,68.64,1,-1,-1,-1
309,8,2351.10,1361.38,108.42,65.18,1,-1,-1,-1
309,10,1379.42,1162.32,257.55,136.75,1,-1,-1,-1
309,11,1553.98,1277.58,332.57,192.56,1,-1,-1,-1
309,14,1725.84,1174.52,217.45,122.68,1,-1,-1,-1
309,17,2494.09,1353.41,59.90,68.67,1,-1,-1,-1
310,8,2332.76,1357.34,110.70,66.63,1,-1,-1,-1
310,10,1351.17,1151.70,285.30,150.38,1,-1,-1,-1
310,11,1598.32,1282.55,306.91,177.18,1,-1,-1,-1
310,14,1725.75,1174.50,216.92,122.83,1,-1,-1,-1
310,17,2494.05,1353.40,59.93,68.70,1,-1,-1,-1
311,8,2314.32,1353.24,113.43,68.13,1,-1,-1,-1
311,10,1241.48,1137.90,366.61,166.09,1,-1,-1,-1
311,11,1654.93,1288.73,283.30,162.13,1,-1,-1,-1
311,14,1725.66,1174.47,216.08,122.97,1,-1,-1,-1
311,17,2494.01,1353.39,59.95,68.73,1,-1,-1,-1
312,8,2296.11,1349.17,116.28,69.58,1,-1,-1,-1
312,10,1154.02,1130.22,401.72,174.08,1,-1,-1,-1
312,11,1711.53,1294.80,269.23,156.14,1,-1,-1,-1
312,14,1725.57,1174.44,215.33,123.12,1,-1,-1,-1
312,17,2493.96,1353.38,59.98,68.76,1,-1,-1,-1
313,8,2278.55,1345.34,118.75,70.82,1,-1,-1,-1
313,10,1116.83,1125.60,396.95,178.34,1,-1,-1,-1
313,11,1767.03,1299.73,259.14,161.35,1,-1,-1,-1
313,14,1725.48,1174.41,215.03,123.27,1,-1,-1,-1
313,17,2493.92,1353.37,60.01,68.78,1,-1,-1,-1
314,8,2262.11,1341.98,120.15,71.66,1,-1,-1,-1
314,10,1036.34,1119.73,422.54,184.34,1,-1,-1,-1
314,11,1808.36,1303.34,251.86,169.27,1,-1,-1,-1
314,14,1725.39,1174.39,215.35,123.41,1,-1,-1,-1
314,17,2493.88,1353.36,60.04,68.81,1,-1,-1,-1
315,8,2247.29,1339.30,119.74,71.90,1,-1,-1,-1
315,10,993.53,1111.92,435.19,193.44,1,-1,-1,-1
315,11,1829.08,1306.23,250.98,172.96,1,-1,-1,-1
315,14,1725.31,1174.36,216.13,123.56,1,-1,-1,-1
315,17,2493.84,1353.36,60.07,68.84,1,-1,-1,-1
316,8,2234.49,1337.46,116.90,71.41,1,-1,-1,-1
316,10,898.35,1103.39,465.15,205.01,1,-1,-1,-1
316,11,1857.34,1309.41,260.12,170.77,1,-1,-1,-1
316,14,1725.22,1174.33,217.06,123.70,1,-1,-1,-1
316,17,2493.80,1353.35,60.10,68.87,1,-1,-1,-1
317,8,2223.90,1336.56,111.33,70.13,1,-1,-1,-1
317,10,799.30,1094.19,468.90,220.16,1,-1,-1,-1
317,11,1887.27,1313.41,240.27,163.54,1,-1,-1,-1
317,14,1725.13,1174.31,217.91,123.85,1,-1,-1,-1
317,17,2493.76,1353.34,60.13,68.90,1,-1,-1,-1
318,8,2215.42,1336.55,103.19,68.15,1,-1,-1,-1
318,10,695.23,1087.13,498.41,237.79,1,-1,-1,-1
318,11,1919.72,1317.64,234.35,154.11,1,-1,-1,-1
318,14,1725.04,1174.28,218.59,123.99,1,-1,-1,-1
318,17,2493.72,1353.33,60.16,68.92,1,-1,-1,-1
319,8,2208.75,1337.23,92.99,65.69,1,-1,-1,-1
319,10,666.34,1076.34,482.59,264.98,1,-1,-1,-1
319,11,1951.61,1320.82,205.49,145.98,1,-1,-1,-1
319,14,1724.95,1174.25,219.15,124.14,1,-1,-1,-1
319,17,2493.67,1353.32,60.19,68.95,1,-1,-1,-1
320,8,2203.56,1338.33,81.39,63.07,1,-1,-1,-1
320,10,323.35,1060.19,727.42,301.91,1,-1,-1,-1
320,11,1984.53,1321.85,206.92,142.13,1,-1,-1,-1
320,14,1724.86,1174.22,219.59,124.28,1,-1,-1,-1
320,17,2493.63,1353.31,60.22,68.98,1,-1,-1,-1
321,10,108.87,1047.29,820.27,335.63,1,-1,-1,-1
321,11,2012.14,1321.06,183.52,141.89,1,-1,-1,-1
321,14,1724.77,1174.20,219.87,124.43,1,-1,-1,-1
321,17,2493.59,1353.31,60.25,69.01,1,-1,-1,-1
322,10,93.77,1040.95,731.77,358.80,1,-1,-1,-1
322,11,2033.56,1320.47,214.77,141.38,1,-1,-1,-1
322,14,1724.68,1174.17,219.71,124.57,1,-1,-1,-1
322,17,2493.55,1353.30,60.28,69.04,1,-1,-1,-1
323,10,43.24,1023.69,635.43,385.32,1,-1,-1,-1
323,11,2055.66,1322.87,197.54,135.91,1,-1,-1,-1
323,13,2068.62,1308.19,114.03,62.54,1,-1,-1,-1
323,14,1724.60,1174.14,218.49,124.72,1,-1,-1,-1
323,17,2493.51,1353.29,60.31,69.06,1,-1,-1,-1
324,10,30.70,1013.55,534.86,394.96,1,-1,-1,-1
324,11,2082.22,1329.72,193.60,126.62,1,-1,-1,-1
324,13,2033.82,1298.16,125.63,69.80,1,-1,-1,-1
324,14,1724.51,1174.12,215.13,124.86,1,-1,-1,-1
324,17,2493.47,1353.28,60.34,69.09,1,-1,-1,-1
325,10,1.82,1028.94,476.23,370.72,1,-1,-1,-1
325,11,2109.61,1340.25,168.42,120.49,1,-1,-1,-1
325,13,1999.03,1288.12,137.23,77.07,1,-1,-1,-1
325,14,1724.42,1174.09,208.36,125.01,1,-1,-1,-1
325,17,2493.43,1353.27,60.37,69.12,1,-1,-1,-1
326,11,2136.24,1351.64,192.14,121.19,1,-1,-1,-1
326,13,1964.23,1278.09,148.83,84.34,1,-1,-1,-1
326,14,1724.33,1174.06,197.66,125.15,1,-1,-1,-1
326,17,2493.39,1353.26,60.39,69.15,1,-1,-1,-1
327,11,2158.56,1360.63,188.19,121.01,1,-1,-1,-1
327,13,1929.44,1268.05,160.43,91.60,1,-1,-1,-1
327,14,1724.24,1174.03,184.38,125.30,1,-1,-1,-1
327,17,2493.34,1353.25,60.42,69.18,1,-1,-1,-1
328,11,2190.10,1365.90,169.59,117.08,1,-1,-1,-1
328,13,1894.65,1258.02,172.03,98.87,1,-1,-1,-1
328,14,1724.15,1174.01,171.55,125.44,1,-1,-1,-1
328,17,2493.30,1353.25,60.45,69.20,1,-1,-1,-1
329,11,2207.90,1367.99,163.01,112.89,1,-1,-1,-1
329,13,1859.85,1247.98,183.63,106.13,1,-1,-1,-1
329,14,1724.06,1173.98,162.00,125.59,1,-1,-1,-1
329,17,2493.26,1353.24,60.48,69.23,1,-1,-1,-1
330,11,2217.82,1368.54,165.50,110.78,1,-1,-1,-1
330,13,1825.06,1237.95,195.24,113.40,1,-1,-1,-1
330,14,1723.97,1173.95,157.64,125.73,1,-1,-1,-1
330,17,2493.22,1353.23,60.51,69.26,1,-1,-1,-1
331,11,2235.54,1369.09,168.98,109.90,1,-1,-1,-1
331,13,1790.27,1227.91,206.84,120.66,1,-1,-1,-1
331,14,1723.89,1173.93,159.52,125.88,1,-1,-1,-1
331,17,2493.18,1353.22,60.54,69.29,1,-1,-1,-1
332,11,2253.10,1370.58,158.27,108.73,1,-1,-1,-1
332,13,1755.47,1217.88,218.44,127.93,1,-1,-1,-1
332,14,1723.80,1173.90,167.42,126.02,1,-1,-1,-1
332,17,2493.14,1353.21,60.57,69.32,1,-1,-1,-1
333,11,2267.92,1373.25,152.77,107.50,1,-1,-1,-1
333,13,1720.68,1207.84,230.04,135.20,1,-1,-1,-1
333,14,1723.71,1173.87,179.65,126.17,1,-1,-1,-1
333,17,2493.10,1353.20,60.60,69.35,1,-1,-1,-1
334,11,2282.55,1376.94,147.79,107.03,1,-1,-1,-1
334,13,1685.88,1197.81,241.64,142.46,1,-1,-1,-1
334,14,1723.62,1173.84,193.49,126.31,1,-1,-1,-1
334,17,2493.06,1353.20,60.63,69.37,1,-1,-1,-1
335,11,2299.80,1381.00,147.89,106.89,1,-1,-1,-1
335,14,1723.53,1173.82,206.16,126.46,1,-1,-1,-1
335,15,1579.52,1213.63,251.26,83.80,1,-1,-1,-1
335,17,2493.01,1353.19,60.66,69.40,1,-1,-1,-1
336,11,2314.64,1384.55,144.66,105.27,1,-1,-1,-1
336,14,1723.44,1173.79,215.76,126.60,1,-1,-1,-1
336,15,1524.22,1203.13,256.08,100.35,1,-1,-1,-1
336,17,2492.97,1353.18,60.69,69.43,1,-1,-1,-1
337,11,2325.87,1387.26,144.85,102.53,1,-1,-1,-1
337,14,1723.35,1173.76,221.82,126.75,1,-1,-1,-1
337,15,1521.93,1192.63,247.10,116.91,1,-1,-1,-1
337,17,2492.93,1353.17,60.72,69.46,1,-1,-1,-1
338,11,2336.95,1389.53,140.41,100.21,1,-1,-1,-1
338,14,1723.26,1173.74,224.97,126.89,1,-1,-1,-1
338,15,1467.83,1182.14,261.91,133.46,1,-1,-1,-1
338,17,2492.89,1353.16,60.75,69.49,1,-1,-1,-1
339,11,2351.47,1391.63,140.32,98.90,1,-1,-1,-1
339,14,1723.18,1173.71,226.22,127.04,1,-1,-1,-1
339,15,1365.12,1171.64,280.03,150.02,1,-1,-1,-1
339,17,2492.85,1353.15,60.78,69.51,1,-1,-1,-1
340,11,2362.76,1393.11,139.48,98.61,1,-1,-1,-1
340,14,1723.09,1173.68,226.52,127.18,1,-1,-1,-1
340,15,1312.88,1161.14,283.72,166.57,1,-1,-1,-1
340,17,2492.81,1353.15,60.80,69.54,1,-1,-1,-1
341,11,2370.29,1393.29,141.51,98.58,1,-1,-1,-1
341,14,1723.00,1173.65,226.60,127.33,1,-1,-1,-1
341,15,1255.64,1150.65,337.05,183.13,1,-1,-1,-1
341,17,2492.77,1353.14,60.83,69.57,1,-1,-1,-1
342,11,2380.72,1391.89,141.75,98.33,1,-1,-1,-1
342,14,1722.91,1173.63,226.80,127.47,1,-1,-1,-1
342,15,1153.07,1140.15,379.17,199.68,1,-1,-1,-1
342,17,2492.73,1353.13,60.86,69.60,1,-1,-1,-1
343,11,2397.53,1389.26,143.01,98.98,1,-1,-1,-1
343,14,1722.82,1173.60,227.14,127.62,1,-1,-1,-1
343,15,1099.52,1129.65,438.54,216.24,1,-1,-1,-1
343,17,2492.68,1353.12,60.89,69.63,1,-1,-1,-1
344,11,2407.08,1386.07,137.55,102.42,1,-1,-1,-1
344,14,1722.73,1173.57,227.51,127.76,1,-1,-1,-1
344,15,1018.05,1119.16,418.66,232.79,1,-1,-1,-1
344,17,2492.64,1353.11,60.92,69.65,1,-1,-1,-1
345,11,2415.02,1382.88,135.39,106.72,1,-1,-1,-1
345,14,1722.64,1173.55,227.75,127.91,1,-1,-1,-1
345,15,913.80,1108.66,438.02,249.34,1,-1,-1,-1
345,17,2492.60,1353.10,60.95,69.68,1,-1,-1,-1
346,11,2435.36,1380.40,122.38,107.41,1,-1,-1,-1
346,14,1722.55,1173.52,227.76,128.05,1,-1,-1,-1
346,15,666.57,1098.16,557.77,265.90,1,-1,-1,-1
346,17,2492.56,1353.09,60.98,69.71,1,-1,-1,-1
347,14,1722.47,1173.49,227.57,128.20,1,-1,-1,-1
347,15,700.81,1087.67,456.38,282.45,1,-1,-1,-1
347,17,2492.52,1353.09,61.01,69.74,1,-1,-1,-1
348,14,1722.38,1173.46,227.23,128.35,1,-1,-1,-1
348,15,263.43,1077.17,830.71,299.01,1,-1,-1,-1
348,17,2492.48,1353.08,61.04,69.77,1,-1,-1,-1
349,14,1722.29,1173.44,226.83,128.49,1,-1,-1,-1
349,15,81.60,1066.68,841.59,315.56,1,-1,-1,-1
349,17,2492.44,1353.07,61.07,69.79,1,-1,-1,-1
350,14,1722.20,1173.41,226.45,128.64,1,-1,-1,-1
350,15,100.87,1056.18,737.25,332.12,1,-1,-1,-1
350,16,2475.36,1366.05,80.89,126.18,1,-1,-1,-1
350,17,2492.39,1353.06,61.10,69.82,1,-1,-1,-1
351,14,1722.11,1173.38,226.14,128.78,1,-1,-1,-1
351,15,33.43,1045.68,584.99,348.67,1,-1,-1,-1
351,16,2481.19,1370.31,75.12,119.50,1,-1,-1,-1
351,17,2492.35,1353.05,61.13,69.85,1,-1,-1,-1
352,14,1722.02,1173.36,225.91,128.93,1,-1,-1,-1
352,15,22.09,1035.19,569.71,365.22,1,-1,-1,-1
352,16,2487.02,1374.56,69.34,112.81,1,-1,-1,-1
352,17,2492.31,1353.04,61.16,69.88,1,-1,-1,-1
353,14,1721.93,1173.33,225.74,129.07,1,-1,-1,-1
353,15,17.62,1024.69,444.07,381.78,1,-1,-1,-1
353,16,2492.85,1378.82,63.56,106.13,1,-1,-1,-1
353,17,2492.27,1353.04,61.19,69.91,1,-1,-1,-1
354,14,1721.84,1173.30,225.59,129.22,1,-1,-1,-1
354,16,2498.68,1383.07,57.79,99.44,1,-1,-1,-1
354,17,2492.23,1353.03,61.22,69.93,1,-1,-1,-1
355,14,1721.76,1173.27,225.45,129.36,1,-1,-1,-1
355,16,2504.52,1387.33,52.01,92.76,1,-1,-1,-1
355,17,2492.19,1353.02,61.24,69.96,1,-1,-1,-1
356,14,1721.67,1173.25,225.37,129.51,1,-1,-1,-1
356,16,2510.35,1391.58,46.24,86.07,1,-1,-1,-1
356,17,2492.15,1353.01,61.27,69.99,1,-1,-1,-1
357,14,1721.58,1173.22,225.35,129.65,1,-1,-1,-1
357,16,2516.18,1395.84,40.46,79.39,1,-1,-1,-1
357,17,2492.11,1353.00,61.30,70.02,1,-1,-1,-1
358,14,1721.49,1173.19,225.39,129.80,1,-1,-1,-1
358,16,2522.01,1400.09,34.68,72.70,1,-1,-1,-1
358,17,2492.06,1352.99,61.33,70.05,1,-1,-1,-1
359,14,1721.40,1173.17,225.47,129.94,1,-1,-1,-1
359,16,2527.84,1404.35,28.91,66.02,1,-1,-1,-1
359,17,2492.02,1352.99,61.36,70.07,1,-1,-1,-1
360,14,1721.31,1173.14,225.57,130.09,1,-1,-1,-1
360,17,2491.98,1352.98,61.39,70.10,1,-1,-1,-1
361,14,1721.22,1173.11,225.67,130.23,1,-1,-1,-1
361,17,2491.94,1352.97,61.42,70.13,1,-1,-1,-1
362,14,1721.13,1173.08,225.77,130.38,1,-1,-1,-1
362,17,2491.90,1352.96,61.45,70.16,1,-1,-1,-1
363,14,1721.05,1173.06,225.87,130.52,1,-1,-1,-1
363,17,2491.86,1352.95,61.48,70.19,1,-1,-1,-1
364,14,1720.96,1173.03,225.96,130.67,1,-1,-1,-1
364,17,2491.82,1352.94,61.51,70.21,1,-1,-1,-1
365,14,1720.87,1173.00,226.05,130.81,1,-1,-1,-1
365,17,2491.78,1352.93,61.54,70.24,1,-1,-1,-1
366,14,1720.78,1172.98,226.15,130.96,1,-1,-1,-1
366,17,2491.73,1352.93,61.57,70.27,1,-1,-1,-1
367,14,1720.69,1172.95,226.24,131.10,1,-1,-1,-1
367,17,2491.69,1352.92,61.60,70.30,1,-1,-1,-1
368,14,1720.60,1172.92,226.33,131.25,1,-1,-1,-1
368,17,2491.65,1352.91,61.63,70.33,1,-1,-1,-1
369,14,1720.51,1172.89,226.42,131.39,1,-1,-1,-1
369,17,2491.61,1352.90,61.65,70.35,1,-1,-1,-1
370,14,1720.42,1172.87,226.52,131.54,1,-1,-1,-1
370,17,2491.57,1352.89,61.68,70.38,1,-1,-1,-1
371,14,1720.34,1172.84,226.62,131.68,1,-1,-1,-1
371,17,2491.53,1352.88,61.71,70.41,1,-1,-1,-1
372,14,1720.25,1172.81,226.71,131.83,1,-1,-1,-1
372,17,2491.49,1352.88,61.74,70.44,1,-1,-1,-1
373,14,1720.16,1172.79,226.80,131.97,1,-1,-1,-1
373,17,2491.45,1352.87,61.77,70.47,1,-1,-1,-1
374,14,1720.07,1172.76,226.87,132.12,1,-1,-1,-1
374,17,2491.40,1352.86,61.80,70.49,1,-1,-1,-1
375,14,1719.98,1172.73,226.91,132.26,1,-1,-1,-1
375,17,2491.36,1352.85,61.83,70.52,1,-1,-1,-1
376,14,1719.89,1172.70,226.95,132.41,1,-1,-1,-1
376,17,2491.32,1352.84,61.86,70.55,1,-1,-1,-1
377,14,1719.80,1172.68,226.98,132.55,1,-1,-1,-1
377,17,2491.28,1352.83,61.89,70.58,1,-1,-1,-1
378,14,1719.71,1172.65,227.06,132.70,1,-1,-1,-1
378,17,2491.24,1352.82,61.92,70.61,1,-1,-1,-1
379,14,1719.63,1172.62,227.20,132.84,1,-1,-1,-1
379,17,2491.20,1352.82,61.95,70.63,1,-1,-1,-1
380,14,1719.54,1172.60,227.35,132.99,1,-1,-1,-1
380,17,2491.16,1352.81,61.98,70.66,1,-1,-1,-1
381,14,1719.45,1172.57,227.42,133.13,1,-1,-1,-1
381,17,2491.11,1352.80,62.01,70.69,1,-1,-1,-1
381,18,1.66,853.20,480.19,425.32,1,-1,-1,-1
382,14,1719.36,1172.54,227.37,133.28,1,-1,-1,-1
382,17,2491.07,1352.79,62.04,70.72,1,-1,-1,-1
382,18,9.67,850.22,537.99,432.83,1,-1,-1,-1
383,14,1719.27,1172.51,227.20,133.43,1,-1,-1,-1
383,17,2491.03,1352.78,62.07,70.75,1,-1,-1,-1
383,18,4.31,859.56,625.97,428.74,1,-1,-1,-1
384,14,1719.18,1172.49,226.98,133.57,1,-1,-1,-1
384,17,2490.99,1352.77,62.09,70.78,1,-1,-1,-1
384,18,8.77,875.78,705.42,418.56,1,-1,-1,-1
385,14,1719.09,1172.46,226.89,133.72,1,-1,-1,-1
385,17,2490.95,1352.77,62.12,70.80,1,-1,-1,-1
385,18,30.93,889.98,761.19,411.17,1,-1,-1,-1
386,14,1719.00,1172.43,227.08,133.86,1,-1,-1,-1
386,17,2490.91,1352.76,62.15,70.83,1,-1,-1,-1
386,18,30.50,900.54,833.00,408.07,1,-1,-1,-1
387,14,1718.92,1172.41,227.65,134.01,1,-1,-1,-1
387,17,2490.87,1352.75,62.18,70.86,1,-1,-1,-1
387,18,50.76,910.25,880.53,406.35,1,-1,-1,-1
388,14,1718.83,1172.38,228.55,134.15,1,-1,-1,-1
388,17,2490.83,1352.74,62.21,70.89,1,-1,-1,-1
388,18,106.22,922.44,893.58,402.48,1,-1,-1,-1
389,14,1718.74,1172.35,229.57,134.30,1,-1,-1,-1
389,17,2490.78,1352.73,62.24,70.92,1,-1,-1,-1
389,18,231.60,938.48,841.67,394.84,1,-1,-1,-1
390,14,1718.65,1172.32,230.48,134.44,1,-1,-1,-1
390,17,2490.74,1352.72,62.27,70.94,1,-1,-1,-1
390,18,313.17,958.06,833.64,383.43,1,-1,-1,-1
391,14,1718.56,1172.30,231.15,134.59,1,-1,-1,-1
391,17,2490.70,1352.72,62.30,70.97,1,-1,-1,-1
391,18,427.82,980.41,787.41,368.72,1,-1,-1,-1
392,14,1718.47,1172.27,231.59,134.73,1,-1,-1,-1
392,17,2490.66,1352.71,62.33,71.00,1,-1,-1,-1
392,18,503.74,1002.94,766.12,353.08,1,-1,-1,-1
393,14,1718.38,1172.24,231.88,134.88,1,-1,-1,-1
393,17,2490.62,1352.70,62.36,71.03,1,-1,-1,-1
393,18,577.51,1022.88,742.06,339.17,1,-1,-1,-1
394,14,1718.29,1172.22,232.10,135.02,1,-1,-1,-1
394,17,2490.58,1352.69,62.39,71.06,1,-1,-1,-1
394,18,684.47,1039.01,685.41,328.17,1,-1,-1,-1
395,14,1718.21,1172.19,232.21,135.17,1,-1,-1,-1
395,17,2490.54,1352.68,62.42,71.08,1,-1,-1,-1
395,18,764.65,1051.25,646.24,320.23,1,-1,-1,-1
396,14,1718.12,1172.16,232.08,135.31,1,-1,-1,-1
396,17,2490.50,1352.67,62.45,71.11,1,-1,-1,-1
396,18,851.91,1058.78,596.97,316.29,1,-1,-1,-1
397,14,1718.03,1172.14,231.55,135.46,1,-1,-1,-1
397,17,2490.45,1352.66,62.48,71.14,1,-1,-1,-1
397,18,958.02,1063.32,538.67,314.79,1,-1,-1,-1
398,14,1717.94,1172.11,230.61,135.60,1,-1,-1,-1
398,17,2490.41,1352.66,62.50,71.17,1,-1,-1,-1
398,18,991.11,1069.77,557.51,310.83,1,-1,-1,-1
399,14,1717.85,1172.08,229.48,135.75,1,-1,-1,-1
399,17,2490.37,1352.65,62.53,71.20,1,-1,-1,-1
399,18,1072.87,1083.17,526.92,299.41,1,-1,-1,-1
400,14,1717.76,1172.05,228.48,135.89,1,-1,-1,-1
400,17,2490.33,1352.64,62.56,71.22,1,-1,-1,-1
400,18,1160.20,1100.16,489.79,283.96,1,-1,-1,-1
401,14,1717.67,1172.03,227.89,136.04,1,-1,-1,-1
401,17,2490.29,1352.63,62.59,71.25,1,-1,-1,-1
401,18,1189.00,1115.69,505.15,269.67,1,-1,-1,-1
402,14,1717.58,1172.00,227.81,136.18,1,-1,-1,-1
402,17,2490.25,1352.62,62.62,71.28,1,-1,-1,-1
402,18,1288.27,1127.61,443.28,258.86,1,-1,-1,-1
403,14,1717.50,1171.97,228.20,136.33,1,-1,-1,-1
403,17,2490.21,1352.61,62.65,71.31,1,-1,-1,-1
403,18,1317.02,1140.00,450.66,247.60,1,-1,-1,-1
404,14,1717.41,1171.95,228.90,136.47,1,-1,-1,-1
404,17,2490.17,1352.61,62.68,71.34,1,-1,-1,-1
404,18,1385.90,1153.01,419.08,235.81,1,-1,-1,-1
405,14,1717.32,1171.92,229.74,136.62,1,-1,-1,-1
405,17,2490.12,1352.60,62.71,71.36,1,-1,-1,-1
405,18,1427.94,1164.34,417.67,225.87,1,-1,-1,-1
406,17,2490.08,1352.59,62.74,71.39,1,-1,-1,-1
406,18,1499.64,1173.46,388.50,218.35,1,-1,-1,-1
407,17,2490.04,1352.58,62.77,71.42,1,-1,-1,-1
407,18,1524.83,1180.47,394.74,213.19,1,-1,-1,-1
408,17,2490.00,1352.57,62.80,71.45,1,-1,-1,-1
408,18,1565.36,1185.19,378.78,210.65,1,-1,-1,-1
409,17,2489.96,1352.56,62.83,71.48,1,-1,-1,-1
409,18,1626.02,1188.39,348.93,210.01,1,-1,-1,-1
410,17,2489.92,1352.56,62.86,71.50,1,-1,-1,-1
410,18,1667.48,1193.12,343.37,208.21,1,-1,-1,-1
411,17,2489.88,1352.55,62.89,71.53,1,-1,-1,-1
411,18,1716.48,1202.60,327.36,201.96,1,-1,-1,-1
412,17,2489.83,1352.54,62.92,71.56,1,-1,-1,-1
412,18,1744.06,1218.17,318.21,189.72,1,-1,-1,-1
413,17,2489.79,1352.53,62.94,71.59,1,-1,-1,-1
413,18,1811.64,1235.67,257.70,175.44,1,-1,-1,-1
414,17,2489.75,1352.52,62.97,71.62,1,-1,-1,-1
414,18,1839.28,1247.72,245.38,166.33,1,-1,-1,-1
415,17,2489.71,1352.51,63.00,71.64,1,-1,-1,-1
415,18,1867.62,1253.75,250.81,162.92,1,-1,-1,-1
416,17,2489.67,1352.50,63.03,71.67,1,-1,-1,-1
416,18,1912.20,1258.54,237.71,160.46,1,-1,-1,-1
417,17,2489.63,1352.50,63.06,71.70,1,-1,-1,-1
417,18,1929.87,1265.19,233.06,155.98,1,-1,-1,-1
418,17,2489.59,1352.49,63.09,71.73,1,-1,-1,-1
418,18,1949.49,1274.86,217.34,148.55,1,-1,-1,-1
