1,1,1722.153,1162.202,218.708,134.219,1,-1,-1,-1
1,2,2487.354,1342.417,62.686,72.411,1,-1,-1,-1
2,2,2490.973,1356.561,62.836,68.548,1,-1,-1,-1
2,1,1723.092,1175.545,226.300,130.189,1,-1,-1,-1
3,1,1723.242,1175.592,226.037,130.076,1,-1,-1,-1
3,2,2490.903,1356.563,62.923,68.763,1,-1,-1,-1
4,2,2490.763,1356.593,63.081,68.716,1,-1,-1,-1
4,1,1723.295,1175.581,225.873,130.102,1,-1,-1,-1
5,2,2490.751,1356.619,63.103,68.601,1,-1,-1,-1
5,1,1723.287,1175.581,225.876,130.090,1,-1,-1,-1
6,2,2490.697,1356.700,63.182,68.411,1,-1,-1,-1
6,1,1723.241,1175.580,225.943,130.119,1,-1,-1,-1
7,2,2490.751,1356.875,63.148,68.172,1,-1,-1,-1
7,1,1723.180,1175.613,225.999,130.087,1,-1,-1,-1
8,2,2490.748,1357.010,63.175,67.968,1,-1,-1,-1
8,1,1723.149,1175.627,225.956,130.086,1,-1,-1,-1
9,2,2490.751,1357.133,63.196,67.774,1,-1,-1,-1
9,1,1723.091,1175.593,225.979,130.114,1,-1,-1,-1
10,1,1723.081,1175.556,225.991,130.149,1,-1,-1,-1
10,2,2490.639,1357.061,63.335,67.913,1,-1,-1,-1
11,2,2490.517,1357.007,63.474,68.070,1,-1,-1,-1
11,1,1723.050,1175.514,226.037,130.203,1,-1,-1,-1
12,2,2490.530,1356.931,63.438,68.249,1,-1,-1,-1
12,1,1722.930,1175.484,226.217,130.171,1,-1,-1,-1
13,2,2490.724,1357.052,63.194,68.064,1,-1,-1,-1
13,1,1722.825,1175.438,226.365,130.223,1,-1,-1,-1
14,2,2490.897,1357.198,62.959,67.837,1,-1,-1,-1
14,1,1722.778,1175.438,226.413,130.222,1,-1,-1,-1
15,2,2490.954,1357.322,62.878,67.640,1,-1,-1,-1
15,1,1722.824,1175.467,226.294,130.253,1,-1,-1,-1
16,1,1722.794,1175.480,226.318,130.238,1,-1,-1,-1
16,2,2490.984,1357.437,62.810,67.473,1,-1,-1,-1
17,1,1722.752,1175.449,226.374,130.260,1,-1,-1,-1
17,2,2491.041,1357.517,62.724,67.355,1,-1,-1,-1
18,1,1722.793,1175.448,226.232,130.201,1,-1,-1,-1
18,2,2491.120,1357.640,62.606,67.163,1,-1,-1,-1
19,2,2491.102,1357.594,62.640,67.247,1,-1,-1,-1
19,1,1722.823,1175.457,226.095,130.122,1,-1,-1,-1
20,1,1722.868,1175.472,225.936,130.042,1,-1,-1,-1
20,2,2491.106,1357.505,62.654,67.370,1,-1,-1,-1
21,1,1722.835,1175.459,225.972,130.028,1,-1,-1,-1
21,2,2491.091,1357.394,62.690,67.535,1,-1,-1,-1
22,2,2491.131,1357.360,62.646,67.566,1,-1,-1,-1
22,1,1722.871,1175.447,225.925,130.044,1,-1,-1,-1
23,2,2491.083,1357.413,62.714,67.506,1,-1,-1,-1
23,1,1722.891,1175.430,225.879,130.070,1,-1,-1,-1
24,2,2491.008,1357.426,62.829,67.543,1,-1,-1,-1
24,1,1722.918,1175.392,225.800,130.130,1,-1,-1,-1
25,2,2490.930,1357.425,62.951,67.605,1,-1,-1,-1
25,1,1722.933,1175.372,225.749,130.154,1,-1,-1,-1
26,2,2490.824,1357.241,63.083,67.864,1,-1,-1,-1
26,1,1722.981,1175.311,225.694,130.229,1,-1,-1,-1
27,2,2490.750,1357.097,63.167,68.053,1,-1,-1,-1
27,1,1723.012,1175.304,225.678,130.242,1,-1,-1,-1
28,2,2490.708,1357.037,63.207,68.122,1,-1,-1,-1
28,1,1723.036,1175.281,225.681,130.264,1,-1,-1,-1
29,2,2490.747,1357.069,63.169,68.095,1,-1,-1,-1
29,1,1722.971,1175.319,225.823,130.182,1,-1,-1,-1
30,2,2490.777,1357.069,63.139,68.088,1,-1,-1,-1
30,1,1722.963,1175.346,225.881,130.088,1,-1,-1,-1
31,2,2490.795,1357.019,63.124,68.145,1,-1,-1,-1
31,1,1722.953,1175.372,225.918,129.988,1,-1,-1,-1
32,1,1723.028,1175.438,225.774,129.872,1,-1,-1,-1
32,2,2490.839,1357.018,63.080,68.169,1,-1,-1,-1
33,1,1723.072,1175.491,225.687,129.798,1,-1,-1,-1
33,2,2490.899,1357.060,63.011,68.116,1,-1,-1,-1
34,1,1723.184,1175.557,225.462,129.752,1,-1,-1,-1
34,2,2490.907,1357.096,62.999,68.063,1,-1,-1,-1
35,1,1723.253,1175.571,225.323,129.755,1,-1,-1,-1
35,2,2490.941,1357.223,62.960,67.868,1,-1,-1,-1
36,1,1723.309,1175.528,225.275,129.789,1,-1,-1,-1
36,2,2490.944,1357.263,62.948,67.843,1,-1,-1,-1
37,2,2490.990,1357.272,62.899,67.853,1,-1,-1,-1
37,1,1723.318,1175.477,225.346,129.795,1,-1,-1,-1
38,1,1723.347,1175.440,225.353,129.772,1,-1,-1,-1
38,2,2490.957,1357.211,62.913,67.961,1,-1,-1,-1
39,1,1723.373,1175.464,225.281,129.721,1,-1,-1,-1
39,2,2491.002,1357.267,62.865,67.855,1,-1,-1,-1
40,1,1723.382,1175.502,225.231,129.671,1,-1,-1,-1
40,2,2491.025,1357.334,62.832,67.765,1,-1,-1,-1
41,1,1723.367,1175.526,225.260,129.659,1,-1,-1,-1
41,2,2491.014,1357.289,62.854,67.811,1,-1,-1,-1
42,2,2491.171,1357.438,62.750,67.591,1,-1,-1,-1
42,1,1723.346,1175.544,225.286,129.652,1,-1,-1,-1
43,1,1723.361,1175.546,225.145,129.678,1,-1,-1,-1
43,2,2491.344,1357.638,62.622,67.294,1,-1,-1,-1
44,1,1723.421,1175.546,224.938,129.715,1,-1,-1,-1
44,2,2491.594,1357.932,62.543,67.016,1,-1,-1,-1
45,2,2491.623,1357.989,62.641,67.076,1,-1,-1,-1
45,1,1723.507,1175.552,224.734,129.716,1,-1,-1,-1
46,2,2491.634,1358.011,62.770,67.183,1,-1,-1,-1
46,1,1723.562,1175.549,224.694,129.714,1,-1,-1,-1
47,2,2491.612,1358.023,62.804,67.160,1,-1,-1,-1
47,1,1723.499,1175.569,224.826,129.681,1,-1,-1,-1
48,2,2491.644,1358.010,62.794,67.202,1,-1,-1,-1
48,1,1723.409,1175.587,224.991,129.631,1,-1,-1,-1
49,2,2491.681,1358.049,62.766,67.173,1,-1,-1,-1
49,1,1723.352,1175.614,225.075,129.548,1,-1,-1,-1
50,2,2491.734,1358.124,62.717,67.089,1,-1,-1,-1
50,1,1723.394,1175.614,224.981,129.501,1,-1,-1,-1
51,2,2491.660,1358.094,62.774,67.107,1,-1,-1,-1
51,1,1723.468,1175.619,224.808,129.472,1,-1,-1,-1
52,1,1723.500,1175.618,224.723,129.458,1,-1,-1,-1
52,2,2491.574,1357.969,62.868,67.281,1,-1,-1,-1
53,1,1723.464,1175.618,224.769,129.453,1,-1,-1,-1
53,2,2491.480,1357.873,62.961,67.422,1,-1,-1,-1
54,2,2491.441,1357.921,63.016,67.370,1,-1,-1,-1
54,1,1723.413,1175.640,224.840,129.436,1,-1,-1,-1
55,1,1723.379,1175.660,224.868,129.442,1,-1,-1,-1
55,2,2491.388,1358.005,63.082,67.243,1,-1,-1,-1
56,1,1723.417,1175.684,224.775,129.407,1,-1,-1,-1
56,2,2491.390,1357.981,63.094,67.284,1,-1,-1,-1
57,1,1723.453,1175.669,224.698,129.427,1,-1,-1,-1
57,2,2491.418,1357.995,63.054,67.253,1,-1,-1,-1
58,1,1723.462,1175.657,224.662,129.432,1,-1,-1,-1
58,2,2491.507,1357.992,62.936,67.248,1,-1,-1,-1
59,2,2491.553,1358.008,62.890,67.202,1,-1,-1,-1
59,1,1723.457,1175.663,224.623,129.461,1,-1,-1,-1
60,2,2491.556,1358.018,62.880,67.211,1,-1,-1,-1
60,1,1723.402,1175.684,224.681,129.479,1,-1,-1,-1
61,2,2491.574,1358.076,62.842,67.169,1,-1,-1,-1
61,1,1723.369,1175.722,224.681,129.514,1,-1,-1,-1
62,2,2491.577,1358.152,62.798,67.102,1,-1,-1,-1
62,1,1723.336,1175.757,224.719,129.537,1,-1,-1,-1
63,2,2491.603,1358.176,62.738,67.093,1,-1,-1,-1
63,1,1723.359,1175.778,224.645,129.567,1,-1,-1,-1
64,2,2491.557,1358.226,62.788,67.047,1,-1,-1,-1
64,1,1723.387,1175.775,224.616,129.586,1,-1,-1,-1
65,1,1723.415,1175.752,224.575,129.625,1,-1,-1,-1
65,2,2491.489,1358.197,62.876,67.120,1,-1,-1,-1
66,2,2491.404,1357.907,63.010,67.794,1,-1,-1,-1
66,1,1723.402,1175.708,224.585,129.678,1,-1,-1,-1
67,2,2491.796,1357.310,62.589,69.046,1,-1,-1,-1
67,1,1723.362,1175.672,224.610,129.735,1,-1,-1,-1
68,2,2492.652,1355.885,61.380,71.886,1,-1,-1,-1
68,1,1723.321,1175.627,224.632,129.794,1,-1,-1,-1
69,2,2493.127,1355.022,60.831,74.229,1,-1,-1,-1
69,1,1723.359,1175.606,224.536,129.817,1,-1,-1,-1
70,1,1723.032,1175.477,223.955,130.320,1,-1,-1,-1
70,2,2493.236,1354.739,61.133,75.311,1,-1,-1,-1
71,1,1722.743,1175.334,223.333,130.896,1,-1,-1,-1
71,2,2492.772,1354.942,62.080,75.880,1,-1,-1,-1
72,1,1722.293,1175.230,222.831,131.428,1,-1,-1,-1
72,2,2491.548,1354.090,63.723,78.849,1,-1,-1,-1
73,1,1722.196,1175.230,222.885,131.480,1,-1,-1,-1
73,2,2490.762,1353.274,64.730,81.960,1,-1,-1,-1
74,1,1722.044,1175.268,222.992,131.420,1,-1,-1,-1
74,2,2488.559,1351.937,67.354,86.043,1,-1,-1,-1
75,1,1722.044,1175.259,223.026,131.437,1,-1,-1,-1
75,2,2488.416,1352.780,66.991,83.737,1,-1,-1,-1
76,1,1722.085,1175.254,222.955,131.433,1,-1,-1,-1
76,2,2488.871,1372.401,63.230,75.494,1,-1,-1,-1
77,2,2458.051,1378.340,86.616,62.112,1,-1,-1,-1
77,1,1722.134,1175.236,222.914,131.455,1,-1,-1,-1
78,2,2447.685,1376.420,99.333,65.713,1,-1,-1,-1
78,1,1722.175,1175.227,222.815,131.438,1,-1,-1,-1
79,2,2439.236,1374.423,106.618,68.704,1,-1,-1,-1
79,3,2510.790,1355.743,46.101,69.487,1,-1,-1,-1
79,1,1722.160,1175.227,222.811,131.442,1,-1,-1,-1
80,2,2431.252,1373.309,112.747,70.608,1,-1,-1,-1
80,3,2516.088,1352.481,42.110,73.322,1,-1,-1,-1
80,1,1722.208,1175.254,222.627,131.393,1,-1,-1,-1
81,2,2410.979,1347.526,140.353,96.340,1,-1,-1,-1
81,3,2516.664,1353.095,42.432,72.905,1,-1,-1,-1
81,1,1722.227,1175.270,222.536,131.394,1,-1,-1,-1
82,3,2514.410,1354.611,44.771,68.704,1,-1,-1,-1
82,1,1722.290,1175.298,222.368,131.343,1,-1,-1,-1
82,2,2394.206,1360.955,98.774,62.820,1,-1,-1,-1
83,1,1722.317,1175.298,222.275,131.337,1,-1,-1,-1
83,3,2509.164,1355.157,49.857,67.837,1,-1,-1,-1
83,2,2386.290,1359.032,105.367,66.478,1,-1,-1,-1
84,3,2505.593,1352.941,53.215,71.009,1,-1,-1,-1
84,1,1722.568,1175.320,221.806,131.323,1,-1,-1,-1
84,2,2380.981,1354.781,105.252,73.119,1,-1,-1,-1
85,1,1722.897,1175.358,221.235,131.300,1,-1,-1,-1
85,2,2344.944,1351.821,105.207,67.943,1,-1,-1,-1
85,3,2497.566,1353.835,60.576,71.891,1,-1,-1,-1
86,3,2492.324,1354.354,65.709,72.303,1,-1,-1,-1
86,1,1723.216,1175.426,220.681,131.300,1,-1,-1,-1
86,2,2330.876,1347.508,128.959,75.999,1,-1,-1,-1
87,3,2490.679,1355.922,67.399,69.465,1,-1,-1,-1
87,1,1723.276,1175.478,220.608,131.332,1,-1,-1,-1
87,2,2314.284,1344.784,149.175,81.515,1,-1,-1,-1
88,3,2493.117,1355.793,64.800,68.026,1,-1,-1,-1
88,1,1723.381,1175.500,220.431,131.320,1,-1,-1,-1
88,2,2300.397,1339.307,155.672,85.343,1,-1,-1,-1
89,3,2494.397,1356.328,62.842,66.493,1,-1,-1,-1
89,2,2269.863,1333.445,161.874,88.965,1,-1,-1,-1
89,1,1723.410,1175.509,220.432,131.248,1,-1,-1,-1
90,1,1723.549,1175.486,220.211,131.214,1,-1,-1,-1
90,2,2258.683,1327.821,164.420,93.329,1,-1,-1,-1
90,3,2494.308,1356.388,61.993,66.305,1,-1,-1,-1
91,2,2245.151,1323.226,167.184,96.709,1,-1,-1,-1
91,1,1723.687,1175.434,219.977,131.292,1,-1,-1,-1
91,3,2493.804,1356.439,61.896,66.587,1,-1,-1,-1
92,2,2227.620,1319.842,158.542,101.276,1,-1,-1,-1
92,1,1723.856,1175.366,219.685,131.447,1,-1,-1,-1
92,3,2493.587,1356.421,61.751,66.732,1,-1,-1,-1
93,2,2223.546,1316.454,150.687,103.880,1,-1,-1,-1
93,3,2493.241,1355.527,62.046,67.884,1,-1,-1,-1
93,1,1723.813,1175.327,219.731,131.594,1,-1,-1,-1
94,1,1724.062,1175.361,219.285,131.591,1,-1,-1,-1
94,3,2493.702,1355.953,61.464,67.105,1,-1,-1,-1
94,2,2213.217,1314.487,149.919,103.715,1,-1,-1,-1
95,1,1724.665,1175.456,218.180,131.323,1,-1,-1,-1
95,3,2494.157,1356.348,60.758,66.522,1,-1,-1,-1
95,2,2238.610,1329.059,94.987,80.493,1,-1,-1,-1
96,2,2143.306,1296.461,177.160,94.111,1,-1,-1,-1
96,1,1725.519,1175.298,216.531,131.634,1,-1,-1,-1
96,3,2494.557,1357.087,59.937,65.658,1,-1,-1,-1
97,3,2494.575,1356.967,59.814,65.949,1,-1,-1,-1
97,1,1726.112,1175.165,215.602,131.851,1,-1,-1,-1
97,2,2108.141,1291.446,174.375,93.300,1,-1,-1,-1
98,2,2076.562,1286.607,150.285,94.761,1,-1,-1,-1
98,3,2494.371,1356.817,60.000,65.972,1,-1,-1,-1
98,1,1726.529,1175.053,215.247,132.009,1,-1,-1,-1
99,1,1727.432,1175.288,214.171,131.049,1,-1,-1,-1
99,2,2059.309,1279.712,161.206,102.291,1,-1,-1,-1
99,3,2494.340,1356.658,60.193,65.964,1,-1,-1,-1
100,3,2492.891,1356.405,61.797,67.106,1,-1,-1,-1
100,1,1727.650,1174.880,215.415,129.804,1,-1,-1,-1
100,2,2038.313,1272.367,182.620,110.206,1,-1,-1,-1
101,1,1728.099,1173.992,214.495,129.444,1,-1,-1,-1
101,3,2491.363,1356.005,63.552,68.493,1,-1,-1,-1
101,2,1998.071,1264.868,201.875,117.936,1,-1,-1,-1
102,1,1715.369,1179.719,179.902,99.656,1,-1,-1,-1
102,3,2489.689,1355.595,65.453,69.910,1,-1,-1,-1
102,2,1981.013,1262.766,212.250,119.538,1,-1,-1,-1
103,1,1716.728,1179.699,174.899,99.637,1,-1,-1,-1
103,2,1941.909,1253.856,208.365,122.785,1,-1,-1,-1
103,3,2489.600,1355.318,65.570,70.166,1,-1,-1,-1
104,3,2489.610,1355.463,65.424,69.885,1,-1,-1,-1
104,2,1937.969,1255.941,196.540,118.266,1,-1,-1,-1
104,1,1719.064,1178.957,166.862,98.405,1,-1,-1,-1
105,2,1871.062,1224.422,246.212,143.148,1,-1,-1,-1
105,3,2489.695,1355.483,65.315,69.763,1,-1,-1,-1
105,1,1721.586,1178.398,157.744,97.995,1,-1,-1,-1
106,2,1828.036,1220.958,233.829,132.732,1,-1,-1,-1
106,4,0.000,1308.462,597.990,554.849,1,-1,-1,-1
106,1,1721.159,1177.405,151.928,97.474,1,-1,-1,-1
106,3,2489.743,1356.209,65.171,68.718,1,-1,-1,-1
107,3,2489.572,1356.115,65.489,68.794,1,-1,-1,-1
107,2,1780.874,1205.209,235.595,141.412,1,-1,-1,-1
107,1,1719.492,1176.459,154.169,100.305,1,-1,-1,-1
107,4,8.725,1295.172,622.996,616.258,1,-1,-1,-1
108,2,1757.410,1187.234,261.596,161.588,1,-1,-1,-1
108,1,1715.139,1175.245,154.042,99.283,1,-1,-1,-1
108,4,18.823,1290.153,852.161,612.329,1,-1,-1,-1
108,3,2489.735,1356.806,65.274,67.764,1,-1,-1,-1
109,2,1725.400,1188.036,259.074,153.655,1,-1,-1,-1
109,3,2489.920,1356.762,65.134,67.793,1,-1,-1,-1
109,4,36.059,1285.898,934.435,599.220,1,-1,-1,-1
110,3,2490.483,1356.458,64.382,67.574,1,-1,-1,-1
110,4,194.946,1283.085,951.767,522.204,1,-1,-1,-1
110,2,1660.181,1172.415,316.972,179.830,1,-1,-1,-1
111,3,2490.664,1355.476,64.135,68.296,1,-1,-1,-1
111,4,427.062,1287.885,905.009,447.038,1,-1,-1,-1
111,2,1644.257,1169.867,299.698,160.813,1,-1,-1,-1
112,2,1559.642,1155.029,353.694,179.925,1,-1,-1,-1
112,3,2490.802,1354.728,63.903,68.786,1,-1,-1,-1
112,4,612.426,1282.679,865.115,420.311,1,-1,-1,-1
112,1,1722.630,1176.516,185.802,113.535,1,-1,-1,-1
113,2,1518.843,1145.751,382.991,185.857,1,-1,-1,-1
113,3,2490.672,1354.568,64.065,69.133,1,-1,-1,-1
113,4,750.477,1279.813,674.767,391.893,1,-1,-1,-1
113,1,1724.503,1176.834,193.741,117.099,1,-1,-1,-1
114,2,1463.245,1137.839,360.384,189.223,1,-1,-1,-1
114,3,2490.694,1354.876,63.944,68.879,1,-1,-1,-1
114,1,1726.376,1177.152,201.681,120.662,1,-1,-1,-1
114,4,915.029,1260.799,685.330,430.581,1,-1,-1,-1
115,2,1433.305,1128.073,362.642,194.765,1,-1,-1,-1
115,3,2490.816,1355.138,63.703,68.637,1,-1,-1,-1
115,4,1019.629,1266.338,563.940,411.800,1,-1,-1,-1
115,1,1728.249,1177.470,209.621,124.225,1,-1,-1,-1
116,2,1370.663,1125.686,341.687,192.354,1,-1,-1,-1
116,3,2490.863,1355.292,63.581,68.482,1,-1,-1,-1
116,1,1730.122,1177.788,217.561,127.788,1,-1,-1,-1
116,4,1096.828,1291.170,496.279,266.869,1,-1,-1,-1
117,2,1328.263,1115.967,369.280,198.274,1,-1,-1,-1
117,3,2490.879,1355.332,63.586,68.484,1,-1,-1,-1
117,1,1721.577,1176.721,226.431,128.759,1,-1,-1,-1
117,4,1218.696,1288.953,437.594,253.805,1,-1,-1,-1
118,4,1308.046,1276.709,430.721,241.934,1,-1,-1,-1
118,2,1238.024,1112.698,397.268,196.044,1,-1,-1,-1
118,3,2490.929,1355.402,63.534,68.389,1,-1,-1,-1
118,1,1717.840,1175.760,230.624,130.225,1,-1,-1,-1
119,1,1719.617,1175.676,228.560,128.880,1,-1,-1,-1
119,3,2491.010,1355.585,63.387,68.169,1,-1,-1,-1
119,4,1399.262,1273.363,406.103,232.756,1,-1,-1,-1
119,2,1202.817,1100.786,417.421,205.214,1,-1,-1,-1
120,4,1457.328,1273.909,343.883,223.160,1,-1,-1,-1
120,2,1107.105,1090.226,444.320,226.151,1,-1,-1,-1
120,3,2491.552,1356.179,62.820,67.194,1,-1,-1,-1
120,1,1720.898,1174.678,227.651,128.340,1,-1,-1,-1
121,4,1523.373,1275.520,342.629,215.409,1,-1,-1,-1
121,2,1020.225,1082.158,456.239,247.389,1,-1,-1,-1
121,3,2491.959,1357.000,62.403,65.958,1,-1,-1,-1
121,1,1722.264,1174.213,225.472,127.319,1,-1,-1,-1
122,2,970.764,1057.541,503.765,279.279,1,-1,-1,-1
122,1,1723.009,1172.832,224.417,128.045,1,-1,-1,-1
122,3,2492.442,1357.640,61.946,64.961,1,-1,-1,-1
122,4,1574.177,1276.987,295.803,198.521,1,-1,-1,-1
123,2,847.813,1046.998,559.787,300.934,1,-1,-1,-1
123,3,2492.515,1357.867,61.816,64.728,1,-1,-1,-1
123,4,1625.957,1295.991,256.347,146.487,1,-1,-1,-1
123,1,1725.194,1173.014,220.778,126.956,1,-1,-1,-1
124,4,1666.942,1300.092,268.431,143.491,1,-1,-1,-1
124,1,1727.252,1174.050,217.524,122.507,1,-1,-1,-1
124,2,735.950,1008.224,629.803,389.273,1,-1,-1,-1
124,3,2492.674,1358.216,61.560,64.278,1,-1,-1,-1
125,3,2492.615,1358.511,61.550,63.953,1,-1,-1,-1
125,4,1714.481,1302.575,265.416,145.222,1,-1,-1,-1
125,2,561.680,1001.926,686.611,403.077,1,-1,-1,-1
125,1,1728.819,1175.939,213.670,117.671,1,-1,-1,-1
126,2,456.225,992.422,786.847,420.456,1,-1,-1,-1
126,3,2492.495,1358.644,61.643,63.735,1,-1,-1,-1
126,1,1716.587,1179.454,176.722,96.591,1,-1,-1,-1
126,4,1767.844,1300.245,253.519,161.385,1,-1,-1,-1
127,2,234.027,980.301,906.110,456.821,1,-1,-1,-1
127,3,2492.486,1358.812,61.588,63.493,1,-1,-1,-1
127,4,1822.518,1303.471,232.388,160.717,1,-1,-1,-1
127,1,1715.305,1180.066,179.686,99.072,1,-1,-1,-1
128,4,1831.261,1312.533,238.935,148.217,1,-1,-1,-1
128,3,2492.705,1359.264,61.232,62.789,1,-1,-1,-1
128,1,1726.553,1174.721,217.818,123.559,1,-1,-1,-1
128,2,59.535,961.364,915.201,493.709,1,-1,-1,-1
129,1,1726.389,1174.619,219.968,126.330,1,-1,-1,-1
129,3,2492.957,1359.714,60.847,62.149,1,-1,-1,-1
129,4,1874.916,1313.320,236.329,148.138,1,-1,-1,-1
129,2,7.850,926.939,909.178,557.758,1,-1,-1,-1
130,4,1926.523,1320.011,212.776,136.552,1,-1,-1,-1
130,2,29.802,879.864,652.820,596.659,1,-1,-1,-1
130,1,1727.041,1174.984,220.843,127.092,1,-1,-1,-1
130,3,2493.616,1359.388,60.218,62.571,1,-1,-1,-1
131,2,28.150,887.055,571.757,604.394,1,-1,-1,-1
131,3,2494.119,1358.851,59.803,63.307,1,-1,-1,-1
131,4,1939.611,1326.620,210.611,128.623,1,-1,-1,-1
131,1,1727.184,1175.102,220.398,127.827,1,-1,-1,-1
132,2,24.965,912.578,543.302,532.819,1,-1,-1,-1
132,3,2494.566,1358.426,59.288,63.920,1,-1,-1,-1
132,4,1987.761,1334.264,186.911,120.415,1,-1,-1,-1
132,1,1726.924,1174.937,220.256,128.608,1,-1,-1,-1
133,1,1726.404,1174.935,219.961,128.918,1,-1,-1,-1
133,3,2494.255,1358.202,59.556,64.258,1,-1,-1,-1
133,4,2005.426,1339.306,173.871,113.175,1,-1,-1,-1
134,3,2494.354,1358.328,59.298,64.135,1,-1,-1,-1
134,4,2044.139,1339.072,180.700,110.238,1,-1,-1,-1
134,1,1726.212,1174.966,219.378,128.995,1,-1,-1,-1
135,1,1726.249,1174.968,218.841,129.251,1,-1,-1,-1
135,4,2059.121,1342.112,171.698,105.929,1,-1,-1,-1
135,3,2494.756,1358.854,58.747,63.475,1,-1,-1,-1
136,4,2099.413,1343.862,168.411,104.829,1,-1,-1,-1
136,1,1725.994,1174.937,219.169,129.291,1,-1,-1,-1
136,3,2495.349,1359.977,57.798,62.042,1,-1,-1,-1
137,4,2199.290,1376.916,88.818,83.354,1,-1,-1,-1
137,1,1725.456,1174.905,220.034,129.442,1,-1,-1,-1
137,3,2495.394,1360.676,57.448,61.310,1,-1,-1,-1
138,1,1724.304,1174.785,222.250,129.736,1,-1,-1,-1
138,4,2160.945,1364.077,157.484,102.840,1,-1,-1,-1
138,3,2494.808,1360.711,57.981,61.454,1,-1,-1,-1
139,3,2494.051,1359.993,58.834,62.553,1,-1,-1,-1
139,4,2170.533,1365.924,161.063,99.626,1,-1,-1,-1
139,1,1723.316,1174.701,224.101,129.857,1,-1,-1,-1
140,1,1722.701,1174.369,225.583,131.379,1,-1,-1,-1
140,3,2492.773,1359.439,60.198,63.498,1,-1,-1,-1
140,4,2210.021,1365.446,143.938,101.145,1,-1,-1,-1
141,1,1722.556,1174.059,225.989,132.668,1,-1,-1,-1
141,3,2491.740,1359.751,61.213,63.196,1,-1,-1,-1
141,4,2220.424,1367.613,147.506,97.796,1,-1,-1,-1
142,3,2491.113,1360.379,62.196,62.237,1,-1,-1,-1
142,1,1722.500,1173.701,226.251,134.081,1,-1,-1,-1
142,4,2224.716,1368.981,156.069,93.110,1,-1,-1,-1
143,4,2262.660,1369.945,151.404,97.717,1,-1,-1,-1
143,1,1722.212,1173.643,226.795,134.012,1,-1,-1,-1
143,3,2491.004,1359.636,62.915,62.894,1,-1,-1,-1
144,3,2491.546,1358.523,62.669,63.636,1,-1,-1,-1
144,4,2288.629,1385.429,114.497,75.521,1,-1,-1,-1
144,1,1722.113,1173.397,226.691,134.308,1,-1,-1,-1
145,3,2491.653,1357.073,62.665,65.270,1,-1,-1,-1
145,4,2309.793,1377.502,139.518,100.086,1,-1,-1,-1
145,1,1722.064,1173.165,226.647,134.837,1,-1,-1,-1
146,4,2324.325,1383.080,138.061,96.515,1,-1,-1,-1
146,1,1721.920,1172.930,226.621,135.339,1,-1,-1,-1
146,3,2492.524,1357.506,61.629,64.251,1,-1,-1,-1
147,3,2492.183,1358.002,62.350,63.699,1,-1,-1,-1
147,4,2379.638,1404.568,95.287,69.890,1,-1,-1,-1
147,1,1721.771,1173.002,226.968,135.285,1,-1,-1,-1
148,3,2492.994,1359.224,61.846,60.471,1,-1,-1,-1
148,4,2376.547,1407.125,111.117,69.967,1,-1,-1,-1
148,1,1721.804,1173.053,226.923,135.066,1,-1,-1,-1
149,4,2381.282,1407.511,117.422,68.286,1,-1,-1,-1
149,1,1721.989,1173.068,226.631,135.028,1,-1,-1,-1
149,3,2492.973,1358.231,63.009,60.211,1,-1,-1,-1
150,4,2393.642,1408.310,107.305,64.112,1,-1,-1,-1
150,1,1722.461,1173.135,225.138,134.611,1,-1,-1,-1
150,3,2494.394,1356.438,62.571,60.561,1,-1,-1,-1
151,4,2428.556,1400.607,108.717,73.077,1,-1,-1,-1
151,3,2495.468,1355.161,61.657,61.408,1,-1,-1,-1
151,1,1722.789,1173.294,223.907,133.982,1,-1,-1,-1
152,4,2433.303,1382.252,122.493,101.493,1,-1,-1,-1
152,3,2497.337,1354.919,58.273,61.626,1,-1,-1,-1
152,1,1723.154,1173.444,222.517,133.278,1,-1,-1,-1
153,4,2445.084,1377.322,114.035,107.177,1,-1,-1,-1
153,3,2497.301,1355.357,56.080,60.568,1,-1,-1,-1
153,1,1723.195,1173.511,222.311,133.070,1,-1,-1,-1
154,3,2495.929,1355.445,55.786,62.499,1,-1,-1,-1
154,1,1723.289,1173.534,221.990,132.997,1,-1,-1,-1
155,3,2472.593,1367.351,84.624,120.821,1,-1,-1,-1
155,1,1723.292,1173.609,221.912,132.853,1,-1,-1,-1
156,5,2462.205,1354.834,78.709,61.927,1,-1,-1,-1
156,1,1723.275,1173.694,222.067,132.592,1,-1,-1,-1
156,3,2490.533,1382.563,65.903,105.195,1,-1,-1,-1
156,6,0.000,1325.173,702.604,566.001,1,-1,-1,-1
157,1,1723.283,1173.757,222.130,132.393,1,-1,-1,-1
157,3,2498.255,1383.319,58.326,101.765,1,-1,-1,-1
157,6,6.746,1307.698,606.702,579.745,1,-1,-1,-1
157,5,2462.353,1354.895,76.787,61.784,1,-1,-1,-1
158,1,1723.332,1173.824,222.175,132.129,1,-1,-1,-1
158,3,2503.997,1386.718,52.955,93.036,1,-1,-1,-1
158,6,10.221,1307.094,534.944,567.620,1,-1,-1,-1
158,5,2463.196,1356.562,73.742,59.550,1,-1,-1,-1
159,1,1723.372,1173.826,222.131,132.034,1,-1,-1,-1
159,3,2524.612,1423.804,32.850,70.290,1,-1,-1,-1
159,5,2497.924,1350.659,54.272,73.393,1,-1,-1,-1
160,5,2499.524,1351.444,53.439,69.606,1,-1,-1,-1
160,3,2519.918,1387.892,35.759,83.234,1,-1,-1,-1
160,1,1723.362,1174.038,222.782,131.709,1,-1,-1,-1
161,5,2498.895,1353.336,54.455,66.365,1,-1,-1,-1
161,1,1723.213,1174.305,223.723,131.291,1,-1,-1,-1
162,1,1723.137,1174.519,224.461,131.055,1,-1,-1,-1
162,5,2497.503,1356.341,56.084,64.209,1,-1,-1,-1
163,1,1722.974,1174.561,224.896,131.001,1,-1,-1,-1
163,5,2494.726,1358.063,58.849,64.165,1,-1,-1,-1
164,1,1722.973,1174.522,224.956,131.159,1,-1,-1,-1
164,5,2494.424,1358.366,59.136,64.199,1,-1,-1,-1
165,1,1722.783,1174.597,225.293,131.024,1,-1,-1,-1
165,5,2494.909,1358.427,58.623,64.075,1,-1,-1,-1
166,1,1722.763,1174.629,225.200,130.955,1,-1,-1,-1
166,5,2495.668,1357.938,57.977,65.178,1,-1,-1,-1
167,1,1722.706,1174.660,225.235,130.852,1,-1,-1,-1
167,5,2496.818,1356.919,56.930,67.282,1,-1,-1,-1
168,5,2497.398,1356.282,56.284,68.880,1,-1,-1,-1
168,1,1722.871,1174.713,224.838,130.793,1,-1,-1,-1
169,5,2497.601,1357.116,56.155,68.687,1,-1,-1,-1
169,1,1722.981,1174.782,224.568,130.695,1,-1,-1,-1
170,5,2496.992,1356.004,56.900,72.135,1,-1,-1,-1
170,1,1722.304,1174.812,225.081,130.630,1,-1,-1,-1
171,1,1721.556,1174.774,225.876,130.606,1,-1,-1,-1
171,5,2494.595,1354.097,59.809,77.657,1,-1,-1,-1
172,5,2492.298,1349.628,62.841,87.270,1,-1,-1,-1
172,1,1720.791,1174.714,226.730,130.659,1,-1,-1,-1
173,5,2489.041,1348.224,66.789,91.800,1,-1,-1,-1
173,1,1720.825,1174.665,226.793,130.703,1,-1,-1,-1
174,1,1720.845,1174.615,226.863,130.815,1,-1,-1,-1
174,5,2487.112,1349.334,68.837,90.569,1,-1,-1,-1
175,1,1720.854,1174.588,226.955,130.863,1,-1,-1,-1
175,5,2485.784,1351.641,69.427,85.735,1,-1,-1,-1
176,1,1720.853,1174.572,227.017,130.941,1,-1,-1,-1
176,5,2488.421,1356.127,66.095,75.091,1,-1,-1,-1
177,1,1720.825,1174.586,227.096,130.920,1,-1,-1,-1
177,5,2455.802,1374.429,94.932,67.011,1,-1,-1,-1
178,1,1720.874,1174.593,226.975,130.889,1,-1,-1,-1
178,5,2447.772,1374.543,102.268,66.330,1,-1,-1,-1
179,1,1720.928,1174.621,226.837,130.868,1,-1,-1,-1
179,5,2439.176,1374.375,109.467,65.952,1,-1,-1,-1
180,5,2434.171,1375.515,102.613,63.924,1,-1,-1,-1
180,7,2516.700,1351.202,41.859,72.001,1,-1,-1,-1
180,1,1721.148,1174.591,226.190,130.960,1,-1,-1,-1
181,5,2436.754,1360.756,101.439,65.785,1,-1,-1,-1
181,7,2513.168,1351.730,45.302,70.838,1,-1,-1,-1
181,1,1721.310,1174.573,225.650,131.062,1,-1,-1,-1
182,7,2508.314,1352.342,49.977,68.936,1,-1,-1,-1
182,5,2392.598,1363.055,98.762,64.019,1,-1,-1,-1
182,1,1721.488,1174.586,225.080,131.105,1,-1,-1,-1
183,7,2502.588,1351.845,55.524,69.991,1,-1,-1,-1
183,5,2384.133,1359.963,103.201,68.692,1,-1,-1,-1
183,1,1721.476,1174.634,224.988,131.077,1,-1,-1,-1
184,7,2497.256,1352.277,60.704,70.694,1,-1,-1,-1
184,5,2381.434,1357.209,99.588,70.211,1,-1,-1,-1
184,1,1721.516,1174.698,224.818,131.043,1,-1,-1,-1
185,7,2493.271,1353.665,64.054,70.221,1,-1,-1,-1
185,1,1721.573,1174.735,224.648,131.034,1,-1,-1,-1
185,5,2348.549,1356.629,100.493,65.515,1,-1,-1,-1
186,1,1721.696,1174.777,224.331,130.938,1,-1,-1,-1
186,7,2492.564,1355.134,64.710,68.528,1,-1,-1,-1
186,5,2336.224,1354.581,117.244,69.373,1,-1,-1,-1
187,5,2325.187,1349.223,123.247,74.057,1,-1,-1,-1
187,7,2493.144,1355.908,63.659,67.291,1,-1,-1,-1
187,1,1721.836,1174.822,223.992,130.858,1,-1,-1,-1
188,1,1721.911,1174.833,223.707,130.747,1,-1,-1,-1
188,7,2493.443,1355.937,63.364,67.234,1,-1,-1,-1
188,5,2317.429,1345.909,124.823,73.033,1,-1,-1,-1
189,5,2289.428,1340.458,116.056,72.805,1,-1,-1,-1
189,7,2494.680,1356.150,61.696,66.342,1,-1,-1,-1
189,1,1722.013,1174.823,223.483,130.696,1,-1,-1,-1
190,5,2274.893,1337.651,128.276,74.581,1,-1,-1,-1
190,1,1722.057,1174.789,223.365,130.615,1,-1,-1,-1
190,7,2494.284,1356.452,61.649,65.980,1,-1,-1,-1
191,1,1722.238,1174.806,223.030,130.527,1,-1,-1,-1
191,5,2269.166,1333.648,122.946,77.708,1,-1,-1,-1
191,7,2494.451,1356.479,60.900,65.795,1,-1,-1,-1
192,1,1722.272,1174.822,222.992,130.484,1,-1,-1,-1
192,5,2246.577,1325.955,154.723,88.954,1,-1,-1,-1
192,7,2493.659,1355.852,61.419,67.268,1,-1,-1,-1
193,1,1722.258,1174.851,223.060,130.426,1,-1,-1,-1
193,7,2493.599,1355.322,61.237,68.240,1,-1,-1,-1
193,5,2226.165,1323.074,146.329,96.987,1,-1,-1,-1
194,7,2493.288,1355.424,61.469,68.426,1,-1,-1,-1
194,5,2218.803,1319.757,146.957,100.501,1,-1,-1,-1
194,1,1722.004,1174.849,223.650,130.360,1,-1,-1,-1
195,1,1722.097,1174.908,223.606,130.522,1,-1,-1,-1
195,7,2493.591,1356.415,60.878,66.942,1,-1,-1,-1
195,5,2229.860,1331.504,111.794,78.375,1,-1,-1,-1
196,7,2494.192,1356.988,60.068,66.001,1,-1,-1,-1
196,5,2233.367,1335.199,95.751,68.693,1,-1,-1,-1
196,1,1722.762,1174.937,222.389,130.515,1,-1,-1,-1
197,5,2148.058,1301.152,163.956,87.698,1,-1,-1,-1
197,7,2494.474,1357.028,59.585,65.837,1,-1,-1,-1
197,1,1724.082,1175.083,219.863,130.492,1,-1,-1,-1
198,5,2117.685,1295.135,161.693,91.167,1,-1,-1,-1
198,7,2494.195,1355.837,60.049,67.455,1,-1,-1,-1
198,1,1725.384,1175.142,217.380,130.312,1,-1,-1,-1
199,5,2103.554,1291.874,163.763,94.808,1,-1,-1,-1
199,7,2493.560,1355.023,60.999,68.604,1,-1,-1,-1
199,1,1725.936,1175.124,216.400,130.532,1,-1,-1,-1
200,1,1726.587,1175.293,216.351,129.247,1,-1,-1,-1
200,7,2493.015,1354.202,61.754,69.814,1,-1,-1,-1
200,5,2075.529,1289.725,147.874,94.822,1,-1,-1,-1
201,1,1727.137,1175.698,216.679,127.473,1,-1,-1,-1
201,7,2492.751,1354.236,62.000,69.830,1,-1,-1,-1
201,5,2054.952,1283.356,163.974,100.724,1,-1,-1,-1
202,1,1727.318,1176.022,218.045,126.091,1,-1,-1,-1
202,5,2039.133,1276.767,175.886,107.636,1,-1,-1,-1
202,7,2492.572,1354.640,61.985,69.478,1,-1,-1,-1
203,1,1727.884,1175.845,216.462,125.301,1,-1,-1,-1
203,5,2006.609,1272.786,186.822,107.481,1,-1,-1,-1
203,7,2492.617,1355.236,61.803,68.783,1,-1,-1,-1
204,5,1988.008,1268.825,197.704,110.257,1,-1,-1,-1
204,7,2492.934,1355.575,61.274,68.289,1,-1,-1,-1
204,1,1729.217,1175.547,213.416,124.551,1,-1,-1,-1
205,7,2493.233,1355.757,60.853,67.923,1,-1,-1,-1
205,5,1947.852,1265.304,193.985,106.919,1,-1,-1,-1
205,1,1716.413,1179.523,174.190,98.379,1,-1,-1,-1
206,7,2493.490,1355.786,60.487,67.728,1,-1,-1,-1
206,5,1936.498,1259.412,192.770,114.155,1,-1,-1,-1
206,1,1717.606,1179.522,169.570,97.651,1,-1,-1,-1
207,7,2493.646,1356.193,60.236,67.205,1,-1,-1,-1
207,5,1890.350,1253.854,206.931,115.665,1,-1,-1,-1
207,1,1719.673,1178.935,163.430,96.864,1,-1,-1,-1
208,7,2493.630,1356.478,60.167,66.835,1,-1,-1,-1
208,1,1721.519,1178.240,155.406,95.210,1,-1,-1,-1
208,5,1843.509,1238.177,208.289,114.002,1,-1,-1,-1
209,1,1721.019,1177.406,150.941,94.287,1,-1,-1,-1
209,7,2493.687,1356.764,60.028,66.472,1,-1,-1,-1
209,5,1831.322,1231.879,212.540,119.206,1,-1,-1,-1
210,1,1719.801,1178.399,154.029,98.108,1,-1,-1,-1
210,5,1782.158,1216.276,226.245,129.887,1,-1,-1,-1
210,7,2493.682,1356.236,60.159,67.173,1,-1,-1,-1
211,5,1760.337,1214.368,224.851,125.662,1,-1,-1,-1
211,7,2493.792,1355.703,60.169,67.890,1,-1,-1,-1
212,5,1719.269,1194.694,243.966,145.781,1,-1,-1,-1
212,7,2493.803,1355.188,60.300,68.569,1,-1,-1,-1
213,7,2493.854,1355.044,60.324,68.761,1,-1,-1,-1
213,5,1659.816,1185.630,275.230,156.468,1,-1,-1,-1
214,5,1613.653,1187.697,282.825,151.114,1,-1,-1,-1
214,7,2493.819,1355.070,60.429,68.663,1,-1,-1,-1
215,5,1582.283,1172.825,330.716,144.048,1,-1,-1,-1
215,7,2493.830,1354.989,60.475,68.757,1,-1,-1,-1
216,5,1522.563,1169.608,353.994,146.917,1,-1,-1,-1
216,7,2493.702,1355.107,60.560,68.620,1,-1,-1,-1
217,5,1460.963,1154.126,354.182,171.821,1,-1,-1,-1
217,7,2493.752,1355.233,60.484,68.445,1,-1,-1,-1
217,8,1748.908,1174.132,197.272,130.967,1,-1,-1,-1
218,7,2493.769,1355.420,60.419,68.259,1,-1,-1,-1
218,8,1736.939,1175.423,209.910,130.028,1,-1,-1,-1
218,5,1429.897,1147.749,363.390,174.421,1,-1,-1,-1
219,7,2493.876,1355.580,60.301,68.041,1,-1,-1,-1
219,8,1722.803,1175.387,226.312,130.738,1,-1,-1,-1
219,5,1361.013,1138.180,351.743,182.985,1,-1,-1,-1
220,5,1316.896,1126.856,384.636,190.039,1,-1,-1,-1
220,8,1717.615,1174.799,231.419,132.325,1,-1,-1,-1
220,7,2494.004,1356.059,60.126,67.463,1,-1,-1,-1
221,8,1720.009,1174.255,227.319,133.078,1,-1,-1,-1
221,7,2494.141,1356.544,59.992,66.803,1,-1,-1,-1
221,5,1245.509,1122.913,376.120,192.796,1,-1,-1,-1
222,8,1721.002,1173.569,225.117,134.218,1,-1,-1,-1
222,7,2494.305,1356.935,59.843,66.282,1,-1,-1,-1
222,5,1142.434,1114.729,411.351,200.513,1,-1,-1,-1
223,5,1112.003,1106.835,425.655,208.065,1,-1,-1,-1
223,8,1720.893,1173.274,225.815,134.931,1,-1,-1,-1
223,7,2494.397,1356.977,59.774,66.200,1,-1,-1,-1
224,5,1016.589,1091.625,434.257,225.963,1,-1,-1,-1
224,8,1720.688,1173.217,226.542,135.251,1,-1,-1,-1
224,7,2494.610,1357.085,59.532,65.987,1,-1,-1,-1
225,5,912.879,1077.812,462.329,244.608,1,-1,-1,-1
225,7,2494.710,1357.316,59.368,65.648,1,-1,-1,-1
225,8,1721.003,1173.394,226.400,134.999,1,-1,-1,-1
226,7,2494.766,1357.493,59.247,65.415,1,-1,-1,-1
226,5,876.301,1069.227,499.706,259.192,1,-1,-1,-1
226,8,1721.234,1173.528,226.296,134.881,1,-1,-1,-1
227,5,777.726,1058.826,508.577,275.182,1,-1,-1,-1
227,7,2494.760,1357.600,59.202,65.326,1,-1,-1,-1
227,8,1721.662,1173.704,225.761,134.545,1,-1,-1,-1
228,5,574.113,1034.679,615.850,339.709,1,-1,-1,-1
228,7,2495.203,1357.999,58.556,64.702,1,-1,-1,-1
228,8,1721.919,1173.839,225.278,134.327,1,-1,-1,-1
229,5,312.845,1018.424,763.552,353.627,1,-1,-1,-1
229,8,1722.098,1174.027,224.834,133.882,1,-1,-1,-1
229,7,2495.629,1358.362,57.952,64.118,1,-1,-1,-1
230,8,1721.694,1173.884,225.849,133.676,1,-1,-1,-1
230,5,257.168,1012.727,817.676,366.655,1,-1,-1,-1
230,7,2494.977,1358.089,58.732,64.656,1,-1,-1,-1
231,8,1721.222,1173.640,227.103,133.627,1,-1,-1,-1
231,5,95.777,992.025,763.012,409.210,1,-1,-1,-1
231,7,2493.997,1357.616,59.976,65.639,1,-1,-1,-1
232,8,1720.943,1173.373,228.033,133.639,1,-1,-1,-1
232,7,2493.038,1357.205,61.181,66.524,1,-1,-1,-1
232,5,29.273,968.411,644.245,442.604,1,-1,-1,-1
233,8,1721.148,1173.353,227.874,133.682,1,-1,-1,-1
233,7,2493.167,1357.379,60.983,66.327,1,-1,-1,-1
233,5,17.743,957.281,557.559,472.625,1,-1,-1,-1
234,8,1721.337,1173.396,227.644,133.624,1,-1,-1,-1
234,5,7.262,1016.079,466.386,373.037,1,-1,-1,-1
234,7,2493.228,1357.403,60.901,66.277,1,-1,-1,-1
235,5,15.466,884.309,408.381,636.420,1,-1,-1,-1
235,7,2493.258,1357.402,60.880,66.297,1,-1,-1,-1
235,8,1721.340,1173.449,227.758,133.602,1,-1,-1,-1
236,8,1721.338,1173.507,227.705,133.580,1,-1,-1,-1
236,7,2493.319,1357.465,60.797,66.263,1,-1,-1,-1
237,7,2493.389,1357.534,60.692,66.218,1,-1,-1,-1
237,8,1721.345,1173.487,227.773,133.656,1,-1,-1,-1
238,7,2493.441,1357.531,60.614,66.243,1,-1,-1,-1
238,8,1721.352,1173.448,227.789,133.723,1,-1,-1,-1
239,7,2493.345,1357.403,60.720,66.456,1,-1,-1,-1
239,8,1721.382,1173.383,227.669,133.793,1,-1,-1,-1
240,7,2493.213,1357.334,60.846,66.695,1,-1,-1,-1
240,8,1721.259,1173.347,228.060,133.876,1,-1,-1,-1
241,8,1721.079,1173.277,228.592,134.005,1,-1,-1,-1
241,7,2493.070,1357.283,60.981,66.913,1,-1,-1,-1
242,8,1720.914,1173.219,229.183,134.129,1,-1,-1,-1
242,7,2493.025,1357.343,61.005,66.951,1,-1,-1,-1
243,7,2492.997,1357.447,61.006,66.870,1,-1,-1,-1
243,8,1720.879,1173.198,229.197,134.164,1,-1,-1,-1
244,8,1720.918,1173.222,229.088,134.135,1,-1,-1,-1
244,7,2492.992,1357.511,60.985,66.835,1,-1,-1,-1
245,8,1720.947,1173.266,228.998,134.087,1,-1,-1,-1
245,7,2493.023,1357.553,60.934,66.806,1,-1,-1,-1
246,8,1720.993,1173.318,228.916,134.026,1,-1,-1,-1
246,7,2493.086,1357.493,60.874,66.861,1,-1,-1,-1
247,8,1721.067,1173.329,228.705,134.054,1,-1,-1,-1
247,7,2493.145,1357.479,60.810,66.865,1,-1,-1,-1
248,8,1721.208,1173.331,228.366,134.090,1,-1,-1,-1
248,7,2493.158,1357.559,60.791,66.720,1,-1,-1,-1
249,8,1721.323,1173.315,228.082,134.136,1,-1,-1,-1
249,7,2493.115,1357.646,60.843,66.580,1,-1,-1,-1
250,8,1721.388,1173.319,227.969,134.143,1,-1,-1,-1
250,7,2493.111,1357.757,60.849,66.389,1,-1,-1,-1
251,8,1721.395,1173.316,227.967,134.146,1,-1,-1,-1
251,7,2493.093,1357.783,60.869,66.353,1,-1,-1,-1
252,7,2493.409,1358.035,60.455,65.970,1,-1,-1,-1
252,8,1721.396,1173.322,227.975,134.137,1,-1,-1,-1
253,8,1721.400,1173.342,227.960,134.128,1,-1,-1,-1
253,7,2493.897,1357.919,59.893,66.382,1,-1,-1,-1
254,8,1721.400,1173.359,227.944,134.134,1,-1,-1,-1
254,7,2495.171,1357.203,58.536,67.914,1,-1,-1,-1
255,8,1721.381,1173.389,227.950,134.058,1,-1,-1,-1
255,7,2496.945,1355.730,56.874,70.274,1,-1,-1,-1
256,8,1721.378,1173.440,227.926,133.920,1,-1,-1,-1
256,7,2497.834,1354.859,55.997,72.396,1,-1,-1,-1
257,7,2497.587,1354.429,56.293,74.182,1,-1,-1,-1
257,8,1721.386,1173.493,227.897,133.786,1,-1,-1,-1
258,8,1721.410,1173.526,227.863,133.744,1,-1,-1,-1
258,7,2497.037,1354.485,56.896,75.683,1,-1,-1,-1
259,8,1721.428,1173.528,227.818,133.745,1,-1,-1,-1
259,7,2497.295,1353.709,56.718,77.987,1,-1,-1,-1
260,7,2496.371,1351.791,58.126,82.742,1,-1,-1,-1
260,8,1721.446,1173.525,227.792,133.767,1,-1,-1,-1
261,7,2493.709,1348.664,61.338,90.048,1,-1,-1,-1
261,8,1721.479,1173.488,227.761,133.817,1,-1,-1,-1
262,7,2489.143,1347.020,66.811,94.998,1,-1,-1,-1
262,8,1721.509,1173.449,227.784,133.887,1,-1,-1,-1
263,7,2486.808,1348.009,68.850,94.097,1,-1,-1,-1
263,8,1721.554,1173.425,227.723,133.898,1,-1,-1,-1
264,7,2486.197,1351.092,68.991,87.485,1,-1,-1,-1
264,8,1721.536,1173.448,227.764,133.821,1,-1,-1,-1
265,7,2488.670,1354.133,65.683,79.764,1,-1,-1,-1
265,8,1721.585,1173.478,227.686,133.734,1,-1,-1,-1
266,7,2460.748,1379.221,80.103,60.763,1,-1,-1,-1
266,8,1721.605,1173.516,227.692,133.698,1,-1,-1,-1
267,7,2452.563,1378.894,88.444,62.302,1,-1,-1,-1
267,8,1721.745,1173.500,227.510,133.737,1,-1,-1,-1
268,7,2444.759,1379.286,95.960,61.205,1,-1,-1,-1
268,8,1721.834,1173.469,227.386,133.824,1,-1,-1,-1
269,8,1721.939,1173.417,227.136,133.888,1,-1,-1,-1
269,7,2435.564,1380.281,102.916,59.524,1,-1,-1,-1
269,9,2509.648,1355.010,46.095,66.970,1,-1,-1,-1
270,9,2510.032,1355.411,46.517,65.417,1,-1,-1,-1
270,8,1722.903,1173.842,225.774,133.397,1,-1,-1,-1
270,7,2435.636,1379.791,96.250,58.933,1,-1,-1,-1
271,9,2507.937,1356.553,49.199,63.640,1,-1,-1,-1
271,8,1723.871,1174.257,224.446,132.839,1,-1,-1,-1
271,7,2440.337,1380.102,83.751,57.061,1,-1,-1,-1
272,9,2504.754,1358.266,52.095,62.083,1,-1,-1,-1
272,8,1724.848,1174.682,223.193,132.251,1,-1,-1,-1
272,10,2389.332,1365.118,90.164,61.550,1,-1,-1,-1
272,7,2452.007,1381.260,64.143,52.458,1,-1,-1,-1
273,9,2501.099,1358.079,55.817,63.189,1,-1,-1,-1
273,8,1724.848,1174.644,223.261,132.291,1,-1,-1,-1
273,10,2383.456,1364.363,94.384,63.788,1,-1,-1,-1
274,8,1724.876,1174.652,223.206,132.312,1,-1,-1,-1
274,10,2384.339,1363.041,89.432,63.236,1,-1,-1,-1
274,9,2499.162,1357.626,57.330,63.753,1,-1,-1,-1
275,10,2343.857,1362.892,101.948,62.802,1,-1,-1,-1
275,9,2497.114,1357.020,59.463,65.343,1,-1,-1,-1
275,8,1724.902,1174.650,223.137,132.345,1,-1,-1,-1
276,8,1725.205,1174.694,222.187,132.222,1,-1,-1,-1
276,10,2332.404,1360.383,112.368,67.165,1,-1,-1,-1
276,9,2496.232,1356.546,59.906,65.614,1,-1,-1,-1
277,8,1725.472,1174.710,221.334,132.136,1,-1,-1,-1
277,9,2494.774,1356.438,60.588,66.180,1,-1,-1,-1
277,10,2327.295,1358.548,110.942,68.582,1,-1,-1,-1
278,8,1725.739,1174.690,220.509,132.107,1,-1,-1,-1
278,9,2494.583,1355.760,60.227,66.732,1,-1,-1,-1
278,10,2329.187,1356.009,98.879,66.734,1,-1,-1,-1
279,8,1725.858,1174.647,220.279,132.062,1,-1,-1,-1
279,9,2493.895,1355.483,60.225,67.485,1,-1,-1,-1
279,10,2283.971,1347.701,118.506,69.343,1,-1,-1,-1
280,8,1725.919,1174.567,220.127,132.044,1,-1,-1,-1
280,9,2493.645,1355.409,60.010,67.501,1,-1,-1,-1
280,10,2279.634,1344.412,114.016,70.970,1,-1,-1,-1
281,10,2279.170,1343.207,102.305,68.593,1,-1,-1,-1
281,9,2493.024,1354.896,60.396,68.452,1,-1,-1,-1
281,8,1726.090,1174.512,219.741,131.926,1,-1,-1,-1
282,10,2233.454,1339.194,126.967,71.793,1,-1,-1,-1
282,9,2492.825,1354.331,60.664,69.071,1,-1,-1,-1
282,8,1726.250,1174.489,219.420,131.890,1,-1,-1,-1
283,10,2227.778,1337.378,126.173,73.583,1,-1,-1,-1
283,9,2492.604,1353.645,60.982,70.285,1,-1,-1,-1
283,8,1726.318,1174.497,219.298,131.837,1,-1,-1,-1
284,10,2226.455,1336.325,112.774,72.725,1,-1,-1,-1
284,8,1726.176,1174.507,219.533,131.992,1,-1,-1,-1
284,9,2492.968,1354.450,60.444,69.143,1,-1,-1,-1
285,9,2493.377,1355.842,59.719,67.300,1,-1,-1,-1
285,8,1726.155,1174.515,219.413,131.971,1,-1,-1,-1
285,10,2230.209,1338.599,95.251,66.624,1,-1,-1,-1
286,11,2155.434,1322.307,63.256,49.745,1,-1,-1,-1
286,9,2493.404,1355.907,59.643,67.323,1,-1,-1,-1
286,8,1726.756,1174.492,218.234,131.871,1,-1,-1,-1
286,10,2210.297,1339.058,88.212,60.702,1,-1,-1,-1
287,11,2144.682,1316.617,78.657,57.873,1,-1,-1,-1
287,9,2493.133,1355.007,60.094,68.698,1,-1,-1,-1
287,8,1727.525,1174.506,216.912,131.719,1,-1,-1,-1
287,10,2211.920,1338.357,73.725,59.353,1,-1,-1,-1
288,11,2109.382,1314.365,86.124,64.347,1,-1,-1,-1
288,10,2208.587,1338.781,62.919,59.272,1,-1,-1,-1
288,8,1728.234,1174.574,215.798,131.459,1,-1,-1,-1
288,9,2492.235,1353.097,61.551,71.629,1,-1,-1,-1
289,11,2094.013,1308.057,104.181,72.875,1,-1,-1,-1
289,8,1728.896,1174.615,214.523,131.357,1,-1,-1,-1
289,9,2491.522,1351.794,62.754,73.442,1,-1,-1,-1
290,11,2083.983,1303.869,114.640,73.867,1,-1,-1,-1
290,9,2491.033,1351.225,63.498,74.303,1,-1,-1,-1
290,8,1729.109,1174.636,214.012,131.167,1,-1,-1,-1
291,9,2491.109,1351.240,63.388,74.432,1,-1,-1,-1
291,11,2045.933,1297.418,167.615,83.862,1,-1,-1,-1
291,8,1728.982,1174.475,214.810,131.506,1,-1,-1,-1
292,12,4.664,1320.778,592.523,542.077,1,-1,-1,-1
292,9,2492.654,1351.840,61.778,73.976,1,-1,-1,-1
292,8,1727.828,1174.346,217.819,130.578,1,-1,-1,-1
292,11,2015.580,1292.932,164.554,84.879,1,-1,-1,-1
293,11,1999.560,1284.577,168.614,93.344,1,-1,-1,-1
293,8,1727.550,1174.332,217.982,128.526,1,-1,-1,-1
293,9,2495.397,1351.635,59.198,74.588,1,-1,-1,-1
293,12,9.073,1287.925,625.998,622.918,1,-1,-1,-1
294,11,1957.893,1278.197,178.058,91.572,1,-1,-1,-1
294,9,2497.121,1351.650,57.537,75.472,1,-1,-1,-1
294,8,1727.054,1174.416,218.377,126.782,1,-1,-1,-1
294,12,16.592,1278.189,647.243,632.504,1,-1,-1,-1
295,9,2497.615,1351.470,57.202,76.896,1,-1,-1,-1
295,12,7.381,1272.627,956.545,641.537,1,-1,-1,-1
295,8,1730.448,1175.570,210.609,121.045,1,-1,-1,-1
295,11,1946.915,1271.075,173.728,99.216,1,-1,-1,-1
296,12,72.877,1277.622,930.518,581.327,1,-1,-1,-1
296,8,1719.966,1179.715,167.265,94.198,1,-1,-1,-1
296,11,1905.364,1264.868,178.644,95.962,1,-1,-1,-1
296,9,2497.227,1351.800,57.511,78.219,1,-1,-1,-1
297,8,1721.788,1179.008,159.734,90.852,1,-1,-1,-1
297,9,2495.545,1350.919,59.743,82.518,1,-1,-1,-1
297,12,217.821,1278.821,939.807,522.407,1,-1,-1,-1
297,11,1862.468,1260.374,186.220,97.836,1,-1,-1,-1
298,8,1722.226,1177.617,155.974,89.281,1,-1,-1,-1
298,12,482.968,1286.733,820.744,437.506,1,-1,-1,-1
298,11,1843.696,1246.022,188.823,105.971,1,-1,-1,-1
298,9,2492.657,1348.588,62.785,89.019,1,-1,-1,-1
299,9,2487.619,1347.274,68.209,93.918,1,-1,-1,-1
299,8,1720.755,1175.840,153.109,86.271,1,-1,-1,-1
299,11,1801.453,1237.729,200.631,109.356,1,-1,-1,-1
299,12,659.414,1273.135,782.495,415.402,1,-1,-1,-1
300,11,1795.416,1230.397,191.754,114.806,1,-1,-1,-1
300,8,1718.443,1176.623,161.574,92.335,1,-1,-1,-1
300,12,762.646,1272.147,678.812,398.875,1,-1,-1,-1
300,9,2486.543,1348.114,67.750,91.624,1,-1,-1,-1
301,12,959.181,1253.794,596.871,427.048,1,-1,-1,-1
301,11,1793.757,1222.954,179.218,116.337,1,-1,-1,-1
301,9,2486.053,1372.153,67.675,76.428,1,-1,-1,-1
301,8,1707.587,1178.030,187.472,106.699,1,-1,-1,-1
302,12,1064.597,1259.871,524.227,318.573,1,-1,-1,-1
302,9,2454.408,1377.597,97.417,63.759,1,-1,-1,-1
302,8,1680.154,1196.045,243.559,139.688,1,-1,-1,-1
303,8,1678.721,1216.997,238.599,126.953,1,-1,-1,-1
303,12,1167.674,1252.135,495.749,315.561,1,-1,-1,-1
303,9,2442.856,1377.558,108.794,64.390,1,-1,-1,-1
304,13,2514.902,1350.847,42.534,71.557,1,-1,-1,-1
304,12,1213.761,1257.599,458.401,288.478,1,-1,-1,-1
304,9,2432.696,1379.978,110.371,60.436,1,-1,-1,-1
304,8,1676.660,1236.663,238.599,126.953,1,-1,-1,-1
305,9,2427.078,1378.976,105.857,60.374,1,-1,-1,-1
305,8,1745.744,1177.960,194.981,123.147,1,-1,-1,-1
305,11,1578.476,1207.340,246.307,112.324,1,-1,-1,-1
305,12,1308.626,1267.032,427.063,263.380,1,-1,-1,-1
305,13,2512.473,1351.361,46.110,71.778,1,-1,-1,-1
306,9,2399.171,1378.039,101.770,59.850,1,-1,-1,-1
306,8,1736.738,1178.094,206.343,122.916,1,-1,-1,-1
306,12,1389.539,1273.677,424.981,242.952,1,-1,-1,-1
306,13,2504.841,1353.183,53.868,70.845,1,-1,-1,-1
306,11,1527.994,1184.066,246.539,119.530,1,-1,-1,-1
307,8,1728.964,1177.113,215.887,125.139,1,-1,-1,-1
307,12,1443.210,1271.262,370.246,229.152,1,-1,-1,-1
307,11,1477.336,1179.539,246.908,117.132,1,-1,-1,-1
307,13,2497.838,1357.176,61.009,66.351,1,-1,-1,-1
307,9,2382.949,1365.922,103.127,61.568,1,-1,-1,-1
308,11,1430.710,1173.272,250.302,120.489,1,-1,-1,-1
308,12,1509.538,1274.656,374.564,207.084,1,-1,-1,-1
308,9,2381.161,1364.343,95.926,61.874,1,-1,-1,-1
308,13,2494.987,1358.375,62.766,65.550,1,-1,-1,-1
308,8,1724.624,1175.716,220.125,126.691,1,-1,-1,-1
309,11,1378.845,1166.171,251.189,135.076,1,-1,-1,-1
309,9,2347.073,1362.686,102.484,60.787,1,-1,-1,-1
309,8,1724.377,1173.988,221.055,128.572,1,-1,-1,-1
309,12,1557.454,1275.959,328.941,191.925,1,-1,-1,-1
309,13,2495.025,1359.407,62.574,63.836,1,-1,-1,-1
310,8,1726.717,1173.994,217.532,127.393,1,-1,-1,-1
310,11,1353.893,1157.480,288.600,151.108,1,-1,-1,-1
310,12,1594.037,1277.132,313.343,191.776,1,-1,-1,-1
310,13,2495.236,1358.691,61.935,64.887,1,-1,-1,-1
310,9,2332.393,1359.940,113.657,67.181,1,-1,-1,-1
311,13,2495.179,1358.507,61.698,65.076,1,-1,-1,-1
311,8,1728.057,1174.618,215.094,124.800,1,-1,-1,-1
311,12,1661.459,1293.736,277.503,153.214,1,-1,-1,-1
311,9,2322.562,1356.757,115.318,69.494,1,-1,-1,-1
311,11,1242.308,1135.359,369.489,170.957,1,-1,-1,-1
312,13,2493.928,1356.878,62.256,67.578,1,-1,-1,-1
312,11,1154.188,1130.642,394.600,174.207,1,-1,-1,-1
312,12,1710.393,1297.419,271.519,151.163,1,-1,-1,-1
312,9,2297.351,1348.688,105.202,67.503,1,-1,-1,-1
312,8,1727.952,1174.761,213.323,122.508,1,-1,-1,-1
313,12,1765.671,1301.431,260.571,163.894,1,-1,-1,-1
313,9,2280.293,1345.505,118.653,71.696,1,-1,-1,-1
313,13,2492.822,1356.434,62.555,68.332,1,-1,-1,-1
313,8,1727.633,1174.342,212.088,121.405,1,-1,-1,-1
313,11,1120.424,1128.393,406.207,173.828,1,-1,-1,-1
314,13,2491.661,1354.621,63.452,71.058,1,-1,-1,-1
314,8,1726.372,1173.628,215.118,122.562,1,-1,-1,-1
314,9,2273.853,1341.391,110.744,73.159,1,-1,-1,-1
314,11,1034.750,1122.537,413.131,182.159,1,-1,-1,-1
314,12,1817.003,1306.511,244.871,168.467,1,-1,-1,-1
315,13,2491.404,1354.059,63.617,71.771,1,-1,-1,-1
315,9,2235.236,1340.003,130.267,71.535,1,-1,-1,-1
315,11,996.971,1113.722,441.054,193.337,1,-1,-1,-1
315,8,1725.235,1173.274,217.603,124.502,1,-1,-1,-1
315,12,1820.864,1305.855,259.145,172.739,1,-1,-1,-1
316,13,2491.295,1352.976,63.861,73.411,1,-1,-1,-1
316,9,2222.741,1335.112,137.564,77.373,1,-1,-1,-1
316,8,1724.545,1173.257,220.249,126.299,1,-1,-1,-1
316,12,1864.912,1306.068,255.383,176.320,1,-1,-1,-1
316,11,896.989,1107.419,464.902,203.740,1,-1,-1,-1
317,12,1884.176,1313.653,242.856,163.018,1,-1,-1,-1
317,9,2221.642,1333.816,119.629,76.468,1,-1,-1,-1
317,13,2491.380,1353.209,63.627,73.375,1,-1,-1,-1
317,11,803.680,1094.438,467.587,221.872,1,-1,-1,-1
317,8,1725.142,1173.608,219.140,128.072,1,-1,-1,-1
318,8,1725.110,1174.073,219.804,129.806,1,-1,-1,-1
318,11,690.091,1091.088,496.707,233.710,1,-1,-1,-1
318,12,1923.909,1317.480,232.978,157.355,1,-1,-1,-1
318,13,2491.543,1354.206,63.292,72.133,1,-1,-1,-1
318,9,2226.800,1336.086,96.330,69.696,1,-1,-1,-1
319,8,1725.382,1174.503,219.849,131.005,1,-1,-1,-1
319,11,674.971,1080.257,481.928,246.364,1,-1,-1,-1
319,13,2491.300,1354.690,63.557,71.510,1,-1,-1,-1
319,14,2345.264,1341.822,85.064,44.498,1,-1,-1,-1
319,12,1950.106,1325.789,205.591,140.175,1,-1,-1,-1
319,9,2204.306,1337.373,95.111,64.301,1,-1,-1,-1
320,11,319.599,1059.002,733.635,320.084,1,-1,-1,-1
320,14,2341.672,1341.913,89.248,43.810,1,-1,-1,-1
320,13,2491.101,1354.745,63.697,71.273,1,-1,-1,-1
320,12,1987.335,1326.497,207.552,139.645,1,-1,-1,-1
320,9,2210.695,1340.613,68.395,54.351,1,-1,-1,-1
320,8,1724.863,1174.749,221.159,130.623,1,-1,-1,-1
321,14,2339.818,1341.703,90.025,42.920,1,-1,-1,-1
321,11,108.725,1038.895,808.660,338.179,1,-1,-1,-1
321,8,1725.328,1174.699,220.060,130.644,1,-1,-1,-1
321,13,2491.185,1354.472,63.595,71.752,1,-1,-1,-1
321,12,2013.174,1326.620,181.079,135.233,1,-1,-1,-1
322,11,97.421,1046.709,745.851,354.670,1,-1,-1,-1
322,8,1726.667,1174.624,217.204,130.265,1,-1,-1,-1
322,13,2492.494,1354.637,61.915,71.183,1,-1,-1,-1
322,12,2035.497,1315.335,216.690,149.779,1,-1,-1,-1
323,11,41.821,1019.752,624.294,391.604,1,-1,-1,-1
323,13,2493.954,1355.215,60.032,69.956,1,-1,-1,-1
323,8,1728.463,1174.462,214.123,130.205,1,-1,-1,-1
323,12,2055.130,1319.651,196.585,139.928,1,-1,-1,-1
324,15,2031.379,1297.907,115.083,60.708,1,-1,-1,-1
324,11,33.260,990.132,540.559,438.811,1,-1,-1,-1
324,12,2086.365,1326.387,192.977,133.794,1,-1,-1,-1
324,13,2494.943,1355.815,58.758,68.656,1,-1,-1,-1
324,8,1729.736,1174.762,212.429,129.080,1,-1,-1,-1
325,11,1.938,1047.110,473.802,338.009,1,-1,-1,-1
325,15,2002.784,1285.337,156.611,84.503,1,-1,-1,-1
325,12,2105.772,1336.117,170.868,114.739,1,-1,-1,-1
325,13,2494.867,1356.053,58.884,68.279,1,-1,-1,-1
325,8,1731.681,1175.096,209.258,128.074,1,-1,-1,-1
326,13,2494.127,1355.546,59.836,69.019,1,-1,-1,-1
326,8,1732.930,1175.149,207.565,128.007,1,-1,-1,-1
326,11,0.000,1058.598,334.567,316.224,1,-1,-1,-1
326,15,1963.251,1277.245,169.488,92.984,1,-1,-1,-1
326,12,2145.232,1364.268,185.650,117.825,1,-1,-1,-1
327,13,2493.539,1354.824,60.610,69.971,1,-1,-1,-1
327,12,2150.359,1362.954,196.809,119.572,1,-1,-1,-1
327,8,1715.473,1180.199,181.400,102.106,1,-1,-1,-1
327,15,1942.517,1270.058,183.960,100.835,1,-1,-1,-1
328,12,2197.971,1369.586,162.859,113.053,1,-1,-1,-1
328,15,1900.032,1261.430,183.642,104.448,1,-1,-1,-1
328,8,1718.320,1180.003,174.122,100.735,1,-1,-1,-1
328,13,2492.881,1354.544,61.315,70.237,1,-1,-1,-1
329,13,2492.860,1355.375,61.296,69.039,1,-1,-1,-1
329,8,1720.777,1179.130,163.848,98.842,1,-1,-1,-1
329,15,1855.792,1255.811,192.530,107.073,1,-1,-1,-1
329,12,2208.469,1368.079,164.175,113.477,1,-1,-1,-1
330,12,2216.433,1368.436,168.040,112.256,1,-1,-1,-1
330,8,1722.833,1177.808,153.807,94.874,1,-1,-1,-1
330,13,2492.558,1356.516,61.581,67.539,1,-1,-1,-1
330,15,1841.252,1237.969,189.726,117.803,1,-1,-1,-1
331,15,1796.980,1229.679,197.116,123.081,1,-1,-1,-1
331,8,1721.215,1175.434,153.308,90.785,1,-1,-1,-1
331,13,2492.548,1356.314,61.941,67.967,1,-1,-1,-1
331,12,2239.034,1369.021,166.533,111.922,1,-1,-1,-1
332,15,1790.615,1222.940,186.432,121.395,1,-1,-1,-1
332,12,2253.158,1372.163,159.304,107.850,1,-1,-1,-1
332,8,1716.719,1177.321,169.297,96.718,1,-1,-1,-1
332,13,2493.460,1355.493,61.360,68.569,1,-1,-1,-1
333,12,2270.487,1373.769,152.324,107.510,1,-1,-1,-1
333,13,2494.651,1354.804,60.256,69.185,1,-1,-1,-1
333,15,1790.893,1224.842,187.024,120.437,1,-1,-1,-1
334,12,2282.294,1375.186,149.070,108.239,1,-1,-1,-1
334,8,1663.193,1196.314,265.842,139.027,1,-1,-1,-1
334,13,2495.713,1354.789,59.043,68.281,1,-1,-1,-1
334,15,1783.669,1222.596,187.024,120.437,1,-1,-1,-1
335,12,2301.914,1384.802,146.747,106.137,1,-1,-1,-1
335,8,1580.048,1204.447,251.050,123.337,1,-1,-1,-1
335,13,2496.394,1354.770,58.267,67.430,1,-1,-1,-1
335,15,1738.923,1174.097,202.392,125.405,1,-1,-1,-1
336,8,1525.277,1202.364,256.280,122.859,1,-1,-1,-1
336,12,2315.131,1388.513,144.937,102.351,1,-1,-1,-1
336,15,1738.152,1174.592,205.024,129.190,1,-1,-1,-1
336,13,2495.769,1354.649,59.045,66.995,1,-1,-1,-1
337,13,2495.483,1354.614,59.585,67.100,1,-1,-1,-1
337,15,1728.257,1174.254,219.376,131.405,1,-1,-1,-1
337,12,2328.302,1387.968,143.699,102.347,1,-1,-1,-1
337,8,1523.246,1193.504,246.999,136.687,1,-1,-1,-1
338,13,2494.749,1354.574,61.083,67.685,1,-1,-1,-1
338,12,2336.345,1387.467,142.234,103.883,1,-1,-1,-1
338,15,1721.439,1174.313,227.976,133.649,1,-1,-1,-1
338,8,1468.968,1190.815,261.772,137.703,1,-1,-1,-1
339,13,2495.755,1354.635,60.258,66.350,1,-1,-1,-1
339,8,1365.791,1176.638,280.114,131.193,1,-1,-1,-1
339,15,1717.128,1174.184,233.584,133.299,1,-1,-1,-1
339,12,2354.299,1392.680,138.942,98.315,1,-1,-1,-1
340,13,2496.348,1355.032,60.043,64.699,1,-1,-1,-1
340,8,1314.258,1169.869,283.413,139.252,1,-1,-1,-1
340,15,1718.211,1174.602,231.481,132.608,1,-1,-1,-1
340,12,2362.522,1395.665,139.752,97.230,1,-1,-1,-1
341,8,1256.688,1148.006,337.830,175.066,1,-1,-1,-1
341,15,1719.916,1174.290,229.832,133.150,1,-1,-1,-1
341,13,2497.065,1354.143,59.268,64.220,1,-1,-1,-1
341,12,2372.824,1396.149,139.932,97.293,1,-1,-1,-1
342,13,2496.719,1352.514,60.213,66.073,1,-1,-1,-1
342,8,1153.543,1135.486,377.545,190.213,1,-1,-1,-1
342,15,1719.842,1173.663,230.551,133.421,1,-1,-1,-1
342,12,2378.274,1395.156,145.370,97.578,1,-1,-1,-1
343,8,1100.772,1129.292,439.764,198.017,1,-1,-1,-1
343,12,2401.569,1387.459,140.339,100.317,1,-1,-1,-1
343,13,2497.029,1349.816,60.149,68.383,1,-1,-1,-1
343,15,1719.195,1172.975,231.749,133.679,1,-1,-1,-1
344,13,2497.653,1349.024,59.162,69.248,1,-1,-1,-1
344,15,1718.629,1172.574,232.653,133.715,1,-1,-1,-1
344,12,2407.488,1389.160,138.246,100.326,1,-1,-1,-1
344,8,1018.962,1122.327,418.226,211.634,1,-1,-1,-1
345,13,2501.868,1347.703,54.436,70.159,1,-1,-1,-1
345,15,1718.930,1172.842,232.576,133.397,1,-1,-1,-1
345,8,915.611,1114.720,438.278,226.444,1,-1,-1,-1
345,12,2416.200,1385.935,136.367,106.113,1,-1,-1,-1
346,15,1718.950,1173.287,232.602,132.727,1,-1,-1,-1
346,8,666.494,1111.538,558.599,232.493,1,-1,-1,-1
346,12,2435.698,1377.123,122.326,111.658,1,-1,-1,-1
347,8,704.241,1096.588,454.275,245.761,1,-1,-1,-1
347,15,1719.160,1173.671,232.073,131.974,1,-1,-1,-1
347,12,2447.155,1380.843,111.845,108.081,1,-1,-1,-1
347,13,2506.000,1347.589,49.962,69.675,1,-1,-1,-1
348,15,1719.722,1174.030,230.725,131.276,1,-1,-1,-1
348,8,263.111,1060.759,833.694,313.103,1,-1,-1,-1
348,12,2463.931,1380.740,95.069,107.667,1,-1,-1,-1
348,13,2506.650,1347.283,49.962,69.675,1,-1,-1,-1
349,8,81.711,1048.002,839.755,334.871,1,-1,-1,-1
349,15,1720.308,1174.232,229.589,131.038,1,-1,-1,-1
349,12,2483.586,1380.869,75.414,107.026,1,-1,-1,-1
349,13,2507.299,1346.977,49.962,69.675,1,-1,-1,-1
350,12,2473.630,1363.849,83.383,127.160,1,-1,-1,-1
350,15,1720.888,1174.358,228.573,131.042,1,-1,-1,-1
350,13,2507.948,1346.671,49.962,69.675,1,-1,-1,-1
350,8,102.190,1093.095,739.897,347.133,1,-1,-1,-1
351,8,34.368,1036.616,581.819,393.885,1,-1,-1,-1
351,12,2477.466,1361.971,79.881,129.767,1,-1,-1,-1
351,15,1721.057,1174.377,228.315,131.142,1,-1,-1,-1
351,13,2508.597,1346.364,49.962,69.675,1,-1,-1,-1
352,8,22.914,982.110,571.502,442.960,1,-1,-1,-1
352,12,2492.696,1380.347,63.345,108.999,1,-1,-1,-1
352,15,1721.290,1174.180,227.758,131.633,1,-1,-1,-1
352,13,2465.147,1354.988,74.304,61.365,1,-1,-1,-1
353,12,2497.300,1383.480,60.486,101.634,1,-1,-1,-1
353,13,2465.131,1355.161,75.157,62.521,1,-1,-1,-1
353,8,18.530,1065.875,442.365,320.734,1,-1,-1,-1
353,15,1721.500,1173.993,227.202,132.121,1,-1,-1,-1
354,15,1721.623,1173.796,226.834,132.532,1,-1,-1,-1
354,12,2501.332,1385.997,58.067,96.775,1,-1,-1,-1
354,13,2463.806,1354.633,78.605,64.107,1,-1,-1,-1
355,15,1721.824,1173.874,226.354,132.418,1,-1,-1,-1
355,12,2505.098,1388.196,54.495,91.235,1,-1,-1,-1
355,13,2463.018,1355.524,78.786,62.776,1,-1,-1,-1
356,15,1721.864,1173.908,226.160,132.394,1,-1,-1,-1
356,13,2463.006,1357.524,76.654,60.640,1,-1,-1,-1
356,12,2509.507,1388.198,48.326,88.508,1,-1,-1,-1
357,15,1721.910,1173.942,225.968,132.399,1,-1,-1,-1
357,12,2521.671,1430.171,37.228,61.767,1,-1,-1,-1
357,13,2497.330,1347.783,56.159,78.650,1,-1,-1,-1
358,15,1721.755,1173.923,226.196,132.517,1,-1,-1,-1
358,12,2521.649,1391.503,34.697,77.654,1,-1,-1,-1
358,13,2498.711,1347.866,55.714,75.668,1,-1,-1,-1
359,13,2500.004,1348.056,55.258,73.096,1,-1,-1,-1
359,12,2524.797,1388.958,31.183,76.427,1,-1,-1,-1
359,15,1721.738,1173.896,226.250,132.529,1,-1,-1,-1
360,15,1721.815,1173.839,226.232,132.615,1,-1,-1,-1
360,13,2500.155,1349.436,55.180,71.713,1,-1,-1,-1
361,15,1721.900,1173.777,226.197,132.694,1,-1,-1,-1
361,13,2498.344,1351.155,56.955,71.987,1,-1,-1,-1
362,13,2495.973,1352.370,59.250,72.834,1,-1,-1,-1
362,15,1721.987,1173.754,226.098,132.764,1,-1,-1,-1
363,13,2495.050,1352.282,60.078,74.101,1,-1,-1,-1
363,15,1722.006,1173.773,226.053,132.739,1,-1,-1,-1
364,13,2494.691,1352.249,60.366,74.153,1,-1,-1,-1
364,15,1722.046,1173.790,225.996,132.712,1,-1,-1,-1
365,13,2494.471,1352.394,60.539,73.850,1,-1,-1,-1
365,15,1722.070,1173.793,225.999,132.689,1,-1,-1,-1
366,13,2494.446,1352.495,60.563,73.483,1,-1,-1,-1
366,15,1722.119,1173.797,225.931,132.681,1,-1,-1,-1
367,13,2494.471,1352.630,60.545,73.157,1,-1,-1,-1
367,15,1722.035,1173.767,226.084,132.702,1,-1,-1,-1
368,13,2494.624,1352.658,60.372,72.901,1,-1,-1,-1
368,15,1721.945,1173.726,226.250,132.738,1,-1,-1,-1
369,13,2494.703,1352.837,60.208,72.655,1,-1,-1,-1
369,15,1721.850,1173.693,226.413,132.766,1,-1,-1,-1
370,13,2494.744,1352.940,60.129,72.509,1,-1,-1,-1
370,15,1721.869,1173.696,226.390,132.764,1,-1,-1,-1
371,13,2494.613,1353.157,60.210,72.293,1,-1,-1,-1
371,15,1721.901,1173.714,226.300,132.722,1,-1,-1,-1
372,13,2494.420,1353.156,60.408,72.331,1,-1,-1,-1
372,15,1721.924,1173.725,226.185,132.715,1,-1,-1,-1
373,13,2494.273,1353.168,60.551,72.330,1,-1,-1,-1
373,15,1721.937,1173.750,226.023,132.733,1,-1,-1,-1
374,13,2494.271,1353.123,60.564,72.363,1,-1,-1,-1
374,15,1721.936,1173.767,225.943,132.737,1,-1,-1,-1
375,13,2494.285,1353.140,60.559,72.333,1,-1,-1,-1
375,15,1721.893,1173.778,226.000,132.738,1,-1,-1,-1
376,15,1721.868,1173.772,226.092,132.721,1,-1,-1,-1
376,13,2494.257,1353.223,60.576,72.229,1,-1,-1,-1
377,15,1721.839,1173.761,226.156,132.737,1,-1,-1,-1
377,13,2494.224,1353.288,60.600,72.169,1,-1,-1,-1
377,16,7.171,893.968,122.642,395.596,1,-1,-1,-1
378,15,1721.493,1174.030,226.458,132.345,1,-1,-1,-1
378,16,4.047,849.781,237.500,371.943,1,-1,-1,-1
378,13,2493.802,1353.976,60.782,71.455,1,-1,-1,-1
379,16,2.042,832.310,324.531,399.624,1,-1,-1,-1
379,15,1721.095,1174.223,226.781,132.084,1,-1,-1,-1
379,13,2493.532,1354.623,60.752,70.780,1,-1,-1,-1
380,16,2.042,832.310,324.531,399.624,1,-1,-1,-1
380,15,1720.755,1174.422,227.044,131.809,1,-1,-1,-1
380,13,2493.287,1355.316,60.672,70.035,1,-1,-1,-1
381,16,3.729,875.368,481.670,413.879,1,-1,-1,-1
381,13,2493.412,1355.291,60.454,70.074,1,-1,-1,-1
381,15,1720.813,1174.406,226.857,131.834,1,-1,-1,-1
382,15,1720.926,1174.451,226.631,131.677,1,-1,-1,-1
382,16,10.270,819.434,526.969,447.501,1,-1,-1,-1
382,13,2493.415,1355.187,60.450,70.235,1,-1,-1,-1
383,16,6.177,867.658,635.736,424.599,1,-1,-1,-1
383,13,2493.402,1355.073,60.489,70.383,1,-1,-1,-1
383,15,1720.874,1174.483,226.633,131.549,1,-1,-1,-1
384,16,7.534,878.615,703.014,413.654,1,-1,-1,-1
384,13,2493.406,1355.036,60.522,70.303,1,-1,-1,-1
384,15,1720.910,1174.623,226.212,131.462,1,-1,-1,-1
385,13,2493.429,1355.077,60.512,70.121,1,-1,-1,-1
385,15,1720.915,1174.738,225.842,131.495,1,-1,-1,-1
385,16,34.211,892.077,762.449,412.340,1,-1,-1,-1
386,15,1720.941,1174.885,225.382,131.478,1,-1,-1,-1
386,13,2493.438,1355.097,60.517,69.998,1,-1,-1,-1
386,16,28.519,900.949,832.096,407.164,1,-1,-1,-1
387,15,1720.771,1174.879,225.673,131.538,1,-1,-1,-1
387,16,53.736,908.989,885.410,406.404,1,-1,-1,-1
387,13,2493.415,1355.085,60.530,70.059,1,-1,-1,-1
388,15,1719.928,1174.422,228.108,131.946,1,-1,-1,-1
388,16,101.970,921.222,887.614,400.594,1,-1,-1,-1
388,13,2493.384,1354.528,60.555,70.572,1,-1,-1,-1
389,15,1719.156,1173.894,230.563,132.519,1,-1,-1,-1
389,16,237.865,940.353,848.353,393.574,1,-1,-1,-1
389,13,2493.371,1354.205,60.495,70.790,1,-1,-1,-1
390,15,1718.452,1173.328,232.885,133.130,1,-1,-1,-1
390,16,309.420,955.686,823.929,393.411,1,-1,-1,-1
390,13,2493.360,1353.780,60.467,71.141,1,-1,-1,-1
391,15,1718.426,1173.131,233.071,133.587,1,-1,-1,-1
391,13,2493.340,1353.952,60.439,70.957,1,-1,-1,-1
391,16,431.736,982.054,799.757,367.784,1,-1,-1,-1
392,13,2493.435,1353.936,60.363,70.930,1,-1,-1,-1
392,16,504.145,1005.414,763.810,357.177,1,-1,-1,-1
392,15,1718.338,1172.912,233.206,134.048,1,-1,-1,-1
393,13,2493.534,1353.962,60.282,70.817,1,-1,-1,-1
393,16,576.925,1027.083,731.155,337.839,1,-1,-1,-1
393,15,1718.121,1172.732,233.422,134.421,1,-1,-1,-1
394,15,1718.073,1172.620,233.418,134.608,1,-1,-1,-1
394,13,2493.600,1353.948,60.245,70.783,1,-1,-1,-1
394,16,686.713,1038.182,696.390,331.825,1,-1,-1,-1
395,13,2493.549,1353.880,60.323,70.881,1,-1,-1,-1
395,15,1718.016,1172.606,233.409,134.736,1,-1,-1,-1
395,16,766.303,1056.590,649.659,324.197,1,-1,-1,-1
396,16,850.306,1060.059,586.338,301.544,1,-1,-1,-1
396,15,1717.537,1172.413,233.992,135.104,1,-1,-1,-1
396,13,2493.606,1353.493,60.297,71.310,1,-1,-1,-1
397,16,963.516,1070.136,540.725,300.003,1,-1,-1,-1
397,15,1716.612,1172.289,234.927,135.493,1,-1,-1,-1
397,13,2493.688,1353.231,60.223,71.553,1,-1,-1,-1
398,16,989.076,1059.118,563.061,341.986,1,-1,-1,-1
398,15,1717.220,1172.215,232.850,136.333,1,-1,-1,-1
398,13,2492.833,1353.098,61.276,71.957,1,-1,-1,-1
399,16,1073.252,1089.495,522.256,293.774,1,-1,-1,-1
399,13,2491.856,1353.255,62.455,72.098,1,-1,-1,-1
399,15,1718.230,1172.313,229.902,136.804,1,-1,-1,-1
400,15,1718.994,1172.696,227.344,136.039,1,-1,-1,-1
400,13,2490.816,1353.307,63.771,72.330,1,-1,-1,-1
400,16,1167.433,1098.272,487.162,282.886,1,-1,-1,-1
401,15,1719.045,1173.039,226.803,134.511,1,-1,-1,-1
401,13,2490.702,1353.297,63.945,72.328,1,-1,-1,-1
401,16,1181.688,1128.029,515.689,269.165,1,-1,-1,-1
402,15,1719.583,1173.375,226.387,133.582,1,-1,-1,-1
402,13,2490.602,1353.168,64.158,72.418,1,-1,-1,-1
402,16,1298.254,1121.024,431.205,250.880,1,-1,-1,-1
403,15,1722.136,1172.910,224.390,135.385,1,-1,-1,-1
403,16,1310.887,1141.878,457.760,251.667,1,-1,-1,-1
403,13,2490.548,1352.972,64.314,72.671,1,-1,-1,-1
404,16,1393.009,1157.236,419.088,230.894,1,-1,-1,-1
404,15,1723.721,1172.495,223.863,136.666,1,-1,-1,-1
404,13,2490.555,1352.571,64.431,73.125,1,-1,-1,-1
405,16,1423.865,1166.311,408.138,227.139,1,-1,-1,-1
405,15,1731.122,1173.403,216.861,133.796,1,-1,-1,-1
405,13,2490.535,1352.184,64.521,73.482,1,-1,-1,-1
406,16,1505.156,1175.267,397.147,219.089,1,-1,-1,-1
406,15,1730.190,1173.066,217.458,134.368,1,-1,-1,-1
406,13,2490.601,1351.539,64.528,74.029,1,-1,-1,-1
407,15,1523.890,1181.821,398.823,216.105,1,-1,-1,-1
407,13,2490.602,1351.080,64.581,74.405,1,-1,-1,-1
408,16,1566.212,1189.493,368.612,206.019,1,-1,-1,-1
408,13,2490.639,1351.825,64.611,73.611,1,-1,-1,-1
409,13,2490.493,1352.970,64.766,72.434,1,-1,-1,-1
409,16,1629.237,1187.666,354.050,206.716,1,-1,-1,-1
410,13,2490.362,1354.045,64.937,71.454,1,-1,-1,-1
410,16,1665.618,1194.463,337.957,200.107,1,-1,-1,-1
411,13,2490.249,1354.568,64.953,70.956,1,-1,-1,-1
411,16,1720.541,1200.404,330.300,208.341,1,-1,-1,-1
412,13,2490.239,1355.229,64.780,70.356,1,-1,-1,-1
412,16,1740.950,1214.411,324.642,197.221,1,-1,-1,-1
413,17,1722.445,1175.680,152.612,92.614,1,-1,-1,-1
413,13,2490.510,1355.921,64.276,69.582,1,-1,-1,-1
413,16,1815.691,1243.556,257.550,173.570,1,-1,-1,-1
414,17,1721.017,1177.889,158.029,97.717,1,-1,-1,-1
414,13,2490.683,1356.478,63.900,69.098,1,-1,-1,-1
414,16,1838.745,1251.615,230.456,159.238,1,-1,-1,-1
415,16,1867.822,1251.615,258.494,172.790,1,-1,-1,-1
415,13,2490.869,1356.827,63.641,68.773,1,-1,-1,-1
415,17,1719.583,1178.305,165.613,99.508,1,-1,-1,-1
416,16,1914.283,1257.522,244.380,167.785,1,-1,-1,-1
416,17,1717.604,1178.987,176.714,100.904,1,-1,-1,-1
416,13,2490.903,1357.488,63.473,68.084,1,-1,-1,-1
417,16,1930.926,1266.512,231.554,152.281,1,-1,-1,-1
417,17,1715.995,1178.760,182.772,101.804,1,-1,-1,-1
417,13,2490.960,1357.624,63.424,67.944,1,-1,-1,-1
418,13,2491.009,1357.747,63.361,67.838,1,-1,-1,-1
418,16,1948.589,1271.641,215.153,143.442,1,-1,-1,-1
418,17,1722.310,1173.834,221.810,130.802,1,-1,-1,-1
