3,1,2492.62,1356.78,59.60,68.66,1,-1,-1,-1
3,2,1730.05,1175.79,212.57,130.04,1,-1,-1,-1
4,1,2492.66,1357.22,59.64,68.56,1,-1,-1,-1
4,2,1730.03,1176.20,212.85,129.91,1,-1,-1,-1
5,1,2492.60,1357.24,59.73,68.48,1,-1,-1,-1
5,2,1729.73,1176.18,213.41,129.90,1,-1,-1,-1
6,1,2492.53,1357.21,59.79,68.34,1,-1,-1,-1
6,2,1729.34,1176.10,214.12,129.95,1,-1,-1,-1
7,1,2492.51,1357.26,59.82,68.13,1,-1,-1,-1
7,2,1728.93,1176.03,214.83,129.96,1,-1,-1,-1
8,1,2492.48,1357.33,59.87,67.94,1,-1,-1,-1
8,2,1728.49,1175.98,215.55,129.98,1,-1,-1,-1
9,1,2492.45,1357.40,59.94,67.74,1,-1,-1,-1
9,2,1728.04,1175.90,216.32,130.01,1,-1,-1,-1
10,1,2492.28,1357.35,60.21,67.78,1,-1,-1,-1
10,2,1727.62,1175.82,217.08,130.06,1,-1,-1,-1
11,1,2492.05,1357.28,60.55,67.91,1,-1,-1,-1
11,2,1727.21,1175.75,217.85,130.11,1,-1,-1,-1
12,1,2491.84,1357.18,60.91,68.08,1,-1,-1,-1
12,2,1726.85,1175.68,218.52,130.12,1,-1,-1,-1
13,1,2491.81,1357.20,61.06,68.03,1,-1,-1,-1
13,2,1726.46,1175.61,219.22,130.16,1,-1,-1,-1
14,1,2491.84,1357.30,61.08,67.87,1,-1,-1,-1
14,2,1726.11,1175.58,219.85,130.18,1,-1,-1,-1
15,1,2491.87,1357.41,61.09,67.68,1,-1,-1,-1
15,2,1725.79,1175.57,220.45,130.21,1,-1,-1,-1
16,1,2491.87,1357.51,61.09,67.50,1,-1,-1,-1
16,2,1725.51,1175.57,220.97,130.21,1,-1,-1,-1
17,1,2491.86,1357.59,61.13,67.36,1,-1,-1,-1
17,2,1725.23,1175.54,221.47,130.23,1,-1,-1,-1
18,1,2491.88,1357.70,61.12,67.19,1,-1,-1,-1
18,2,1725.01,1175.53,221.85,130.20,1,-1,-1,-1
19,1,2491.82,1357.70,61.25,67.18,1,-1,-1,-1
19,2,1724.83,1175.52,222.15,130.14,1,-1,-1,-1
20,1,2491.73,1357.63,61.44,67.27,1,-1,-1,-1
20,2,1724.67,1175.52,222.38,130.06,1,-1,-1,-1
21,1,2491.62,1357.53,61.66,67.41,1,-1,-1,-1
21,2,1724.51,1175.51,222.66,130.03,1,-1,-1,-1
22,1,2491.56,1357.46,61.81,67.49,1,-1,-1,-1
22,2,1724.36,1175.50,222.95,130.02,1,-1,-1,-1
23,1,2491.51,1357.46,61.89,67.48,1,-1,-1,-1
23,2,1724.21,1175.48,223.25,130.04,1,-1,-1,-1
24,1,2491.45,1357.47,61.99,67.51,1,-1,-1,-1
24,2,1724.05,1175.44,223.56,130.09,1,-1,-1,-1
25,1,2491.36,1357.47,62.12,67.56,1,-1,-1,-1
25,2,1723.91,1175.41,223.81,130.12,1,-1,-1,-1
26,1,2491.21,1357.34,62.36,67.75,1,-1,-1,-1
26,2,1723.78,1175.36,224.08,130.19,1,-1,-1,-1
27,1,2491.06,1357.20,62.59,67.95,1,-1,-1,-1
27,2,1723.70,1175.33,224.28,130.22,1,-1,-1,-1
28,1,2490.95,1357.10,62.75,68.07,1,-1,-1,-1
28,2,1723.64,1175.31,224.45,130.25,1,-1,-1,-1
29,1,2490.93,1357.09,62.81,68.10,1,-1,-1,-1
29,2,1723.62,1175.32,224.52,130.20,1,-1,-1,-1
30,1,2490.92,1357.08,62.85,68.10,1,-1,-1,-1
30,2,1723.63,1175.34,224.53,130.13,1,-1,-1,-1
31,1,2490.90,1357.04,62.90,68.14,1,-1,-1,-1
31,2,1723.65,1175.37,224.52,130.03,1,-1,-1,-1
32,1,2490.90,1357.03,62.95,68.17,1,-1,-1,-1
32,2,1723.68,1175.42,224.47,129.92,1,-1,-1,-1
33,1,2490.93,1357.05,62.93,68.14,1,-1,-1,-1
33,2,1723.69,1175.48,224.45,129.83,1,-1,-1,-1
34,1,2490.95,1357.08,62.90,68.10,1,-1,-1,-1
34,2,1723.69,1175.54,224.45,129.76,1,-1,-1,-1
35,1,2491.02,1357.18,62.79,67.95,1,-1,-1,-1
35,2,1723.67,1175.57,224.50,129.74,1,-1,-1,-1
36,1,2491.05,1357.24,62.75,67.88,1,-1,-1,-1
36,2,1723.64,1175.55,224.59,129.76,1,-1,-1,-1
37,1,2491.06,1357.27,62.75,67.86,1,-1,-1,-1
37,2,1723.64,1175.51,224.68,129.77,1,-1,-1,-1
38,1,2491.02,1357.24,62.81,67.92,1,-1,-1,-1
38,2,1723.65,1175.47,224.73,129.76,1,-1,-1,-1
39,1,2491.04,1357.26,62.78,67.88,1,-1,-1,-1
39,2,1723.66,1175.47,224.72,129.73,1,-1,-1,-1
40,1,2491.08,1357.32,62.73,67.80,1,-1,-1,-1
40,2,1723.66,1175.49,224.70,129.68,1,-1,-1,-1
41,1,2491.07,1357.31,62.74,67.80,1,-1,-1,-1
41,2,1723.65,1175.52,224.72,129.66,1,-1,-1,-1
42,1,2491.20,1357.40,62.63,67.66,1,-1,-1,-1
42,2,1723.62,1175.54,224.75,129.64,1,-1,-1,-1
43,1,2491.40,1357.57,62.43,67.41,1,-1,-1,-1
43,2,1723.55,1175.55,224.81,129.66,1,-1,-1,-1
44,1,2491.68,1357.82,62.22,67.13,1,-1,-1,-1
44,2,1723.48,1175.55,224.86,129.69,1,-1,-1,-1
45,1,2491.80,1357.96,62.20,67.07,1,-1,-1,-1
45,2,1723.45,1175.56,224.87,129.70,1,-1,-1,-1
46,1,2491.85,1358.02,62.29,67.12,1,-1,-1,-1
46,2,1723.47,1175.56,224.86,129.71,1,-1,-1,-1
47,1,2491.85,1358.05,62.34,67.12,1,-1,-1,-1
47,2,1723.49,1175.57,224.82,129.69,1,-1,-1,-1
48,1,2491.85,1358.04,62.41,67.16,1,-1,-1,-1
48,2,1723.51,1175.58,224.78,129.65,1,-1,-1,-1
49,1,2491.86,1358.07,62.44,67.15,1,-1,-1,-1
49,2,1723.54,1175.61,224.70,129.58,1,-1,-1,-1
50,1,2491.89,1358.12,62.42,67.10,1,-1,-1,-1
50,2,1723.56,1175.62,224.64,129.52,1,-1,-1,-1
51,1,2491.86,1358.12,62.44,67.09,1,-1,-1,-1
51,2,1723.58,1175.62,224.60,129.48,1,-1,-1,-1
52,1,2491.76,1358.04,62.57,67.20,1,-1,-1,-1
52,2,1723.58,1175.62,224.57,129.46,1,-1,-1,-1
53,1,2491.64,1357.94,62.72,67.34,1,-1,-1,-1
53,2,1723.57,1175.62,224.57,129.45,1,-1,-1,-1
54,1,2491.59,1357.93,62.76,67.36,1,-1,-1,-1
54,2,1723.55,1175.64,224.58,129.43,1,-1,-1,-1
55,1,2491.58,1357.99,62.73,67.28,1,-1,-1,-1
55,2,1723.52,1175.66,224.60,129.43,1,-1,-1,-1
56,1,2491.56,1357.99,62.76,67.28,1,-1,-1,-1
56,2,1723.52,1175.68,224.58,129.41,1,-1,-1,-1
57,1,2491.56,1358.00,62.77,67.26,1,-1,-1,-1
57,2,1723.50,1175.68,224.60,129.41,1,-1,-1,-1
58,1,2491.58,1358.00,62.78,67.25,1,-1,-1,-1
58,2,1723.49,1175.67,224.61,129.42,1,-1,-1,-1
59,1,2491.61,1358.01,62.76,67.21,1,-1,-1,-1
59,2,1723.45,1175.67,224.65,129.44,1,-1,-1,-1
60,1,2491.61,1358.02,62.77,67.21,1,-1,-1,-1
60,2,1723.41,1175.68,224.68,129.46,1,-1,-1,-1
61,1,2491.62,1358.06,62.75,67.18,1,-1,-1,-1
61,2,1723.36,1175.71,224.73,129.49,1,-1,-1,-1
62,1,2491.63,1358.13,62.71,67.12,1,-1,-1,-1
62,2,1723.32,1175.74,224.77,129.52,1,-1,-1,-1
63,1,2491.63,1358.17,62.69,67.10,1,-1,-1,-1
63,2,1723.28,1175.77,224.80,129.55,1,-1,-1,-1
64,1,2491.63,1358.21,62.67,67.06,1,-1,-1,-1
64,2,1723.28,1175.78,224.82,129.58,1,-1,-1,-1
65,1,2491.58,1358.21,62.71,67.09,1,-1,-1,-1
65,2,1723.27,1175.77,224.85,129.61,1,-1,-1,-1
66,1,2491.36,1358.02,63.11,67.55,1,-1,-1,-1
66,2,1723.24,1175.73,224.89,129.66,1,-1,-1,-1
67,1,2491.10,1357.55,63.86,68.55,1,-1,-1,-1
67,2,1723.20,1175.69,224.95,129.71,1,-1,-1,-1
68,1,2490.53,1356.44,65.42,70.79,1,-1,-1,-1
68,2,1723.14,1175.65,225.01,129.77,1,-1,-1,-1
69,1,2490.01,1355.46,66.88,73.15,1,-1,-1,-1
69,2,1723.12,1175.62,225.02,129.81,1,-1,-1,-1
70,1,2489.89,1354.90,67.61,74.75,1,-1,-1,-1
70,2,1722.50,1175.52,225.43,130.15,1,-1,-1,-1
71,1,2489.86,1354.83,67.87,75.72,1,-1,-1,-1
71,2,1721.67,1175.39,225.99,130.66,1,-1,-1,-1
72,1,2488.94,1354.26,69.26,78.00,1,-1,-1,-1
72,2,1720.74,1175.28,226.50,131.20,1,-1,-1,-1
73,1,2487.78,1353.52,71.04,80.86,1,-1,-1,-1
73,2,1720.44,1175.23,226.52,131.44,1,-1,-1,-1
74,1,2485.86,1352.38,73.53,84.57,1,-1,-1,-1
74,2,1720.40,1175.24,226.26,131.48,1,-1,-1,-1
75,1,2485.69,1352.49,72.91,84.51,1,-1,-1,-1
75,2,1720.49,1175.24,226.00,131.50,1,-1,-1,-1
76,1,2487.02,1365.27,68.04,79.08,1,-1,-1,-1
76,2,1720.62,1175.24,225.72,131.50,1,-1,-1,-1
77,1,2476.88,1374.28,61.91,67.94,1,-1,-1,-1
77,2,1720.76,1175.23,225.48,131.51,1,-1,-1,-1
78,1,2467.99,1376.28,64.10,66.19,1,-1,-1,-1
78,2,1720.90,1175.22,225.21,131.50,1,-1,-1,-1
79,1,2459.56,1375.57,69.28,67.66,1,-1,-1,-1
79,2,1721.02,1175.22,224.98,131.49,1,-1,-1,-1
80,1,2451.43,1374.52,74.92,69.47,1,-1,-1,-1
80,2,1721.13,1175.23,224.71,131.46,1,-1,-1,-1
81,1,2434.15,1357.04,97.16,87.18,1,-1,-1,-1
81,2,1721.22,1175.25,224.48,131.44,1,-1,-1,-1
82,1,2415.23,1358.95,84.75,73.19,1,-1,-1,-1
82,2,1721.33,1175.28,224.23,131.40,1,-1,-1,-1
83,1,2401.90,1358.72,82.42,68.76,1,-1,-1,-1
83,2,1721.42,1175.29,224.01,131.37,1,-1,-1,-1
84,1,2390.79,1355.78,87.63,71.73,1,-1,-1,-1
84,2,1721.54,1175.31,223.78,131.35,1,-1,-1,-1
84,4,2509.50,1353.43,46.12,70.31,1,-1,-1,-1
85,1,2364.57,1352.81,86.92,69.38,1,-1,-1,-1
85,2,1721.71,1175.34,223.50,131.33,1,-1,-1,-1
85,4,2504.98,1353.58,47.55,71.71,1,-1,-1,-1
86,1,2348.77,1348.83,95.62,73.83,1,-1,-1,-1
86,2,1721.90,1175.40,223.22,131.32,1,-1,-1,-1
86,4,2501.19,1354.04,48.83,72.43,1,-1,-1,-1
87,1,2335.15,1345.64,106.35,79.01,1,-1,-1,-1
87,2,1722.04,1175.45,223.00,131.34,1,-1,-1,-1
87,4,2499.70,1355.33,48.70,70.62,1,-1,-1,-1
88,1,2320.51,1340.94,116.13,83.45,1,-1,-1,-1
88,2,1722.19,1175.49,222.75,131.33,1,-1,-1,-1
88,4,2500.15,1355.71,48.58,68.90,1,-1,-1,-1
89,1,2294.88,1335.41,125.31,87.48,1,-1,-1,-1
89,2,1722.37,1175.51,222.46,131.28,1,-1,-1,-1
89,4,2500.68,1356.21,48.42,67.21,1,-1,-1,-1
90,1,2276.00,1329.70,134.39,91.81,1,-1,-1,-1
90,2,1722.53,1175.50,222.19,131.24,1,-1,-1,-1
90,4,2500.33,1356.41,48.88,66.48,1,-1,-1,-1
91,1,2258.94,1324.60,142.37,95.62,1,-1,-1,-1
91,2,1722.64,1175.46,222.03,131.28,1,-1,-1,-1
91,4,2499.52,1356.51,49.79,66.43,1,-1,-1,-1
92,1,2236.61,1320.52,149.58,99.97,1,-1,-1,-1
92,2,1722.69,1175.40,221.97,131.39,1,-1,-1,-1
92,4,2498.75,1356.52,50.76,66.52,1,-1,-1,-1
93,1,2222.20,1316.84,154.09,103.28,1,-1,-1,-1
93,2,1722.70,1175.35,221.96,131.53,1,-1,-1,-1
93,4,2497.83,1355.92,52.20,67.35,1,-1,-1,-1
94,1,2210.32,1314.23,155.32,104.41,1,-1,-1,-1
94,2,1722.80,1175.36,221.78,131.58,1,-1,-1,-1
94,4,2497.59,1355.97,52.82,67.14,1,-1,-1,-1
95,1,2217.08,1322.65,131.09,89.89,1,-1,-1,-1
95,2,1723.13,1175.42,221.21,131.42,1,-1,-1,-1
95,4,2497.54,1356.25,53.18,66.68,1,-1,-1,-1
96,1,2174.70,1304.08,139.44,93.04,1,-1,-1,-1
96,2,1723.28,1175.34,220.98,131.57,1,-1,-1,-1
96,4,2497.58,1356.85,53.24,65.94,1,-1,-1,-1
97,1,2135.78,1294.52,143.55,93.58,1,-1,-1,-1
97,2,1723.49,1175.22,220.75,131.76,1,-1,-1,-1
97,4,2497.34,1356.98,53.76,65.86,1,-1,-1,-1
98,1,2092.45,1287.82,145.74,94.70,1,-1,-1,-1
98,2,1723.82,1175.10,220.48,131.94,1,-1,-1,-1
98,4,2497.02,1356.93,54.30,65.86,1,-1,-1,-1
99,1,2064.93,1280.91,154.28,100.02,1,-1,-1,-1
99,2,1724.84,1175.22,219.07,131.37,1,-1,-1,-1
99,4,2496.80,1356.79,54.83,65.86,1,-1,-1,-1
100,1,2043.89,1273.68,166.37,107.09,1,-1,-1,-1
100,2,1726.43,1174.99,217.24,130.33,1,-1,-1,-1
100,4,2495.82,1356.57,56.00,66.63,1,-1,-1,-1
101,1,2012.29,1266.21,179.96,114.72,1,-1,-1,-1
101,2,1727.26,1174.32,216.07,129.70,1,-1,-1,-1
101,4,2494.47,1356.22,57.56,67.84,1,-1,-1,-1
102,1,1991.19,1262.07,188.56,118.71,1,-1,-1,-1
102,2,1723.35,1177.86,184.23,109.72,1,-1,-1,-1
102,4,2492.92,1355.82,59.30,69.22,1,-1,-1,-1
103,1,1955.62,1254.94,195.50,122.28,1,-1,-1,-1
103,2,1720.95,1179.25,171.80,101.87,1,-1,-1,-1
103,4,2492.11,1355.48,60.40,69.92,1,-1,-1,-1
104,1,1938.14,1253.62,193.75,120.73,1,-1,-1,-1
104,2,1719.81,1179.18,166.21,98.51,1,-1,-1,-1
104,4,2491.71,1355.45,60.94,69.99,1,-1,-1,-1
105,1,1891.45,1232.93,219.91,136.10,1,-1,-1,-1
105,2,1718.63,1178.75,163.27,97.19,1,-1,-1,-1
105,4,2491.51,1355.45,61.31,69.93,1,-1,-1,-1
106,1,1847.93,1223.06,220.61,135.36,1,-1,-1,-1
106,2,1716.67,1177.90,160.97,96.49,1,-1,-1,-1
106,4,2491.59,1355.93,61.14,69.21,1,-1,-1,-1
107,1,1797.06,1209.20,229.30,140.39,1,-1,-1,-1
107,2,1714.43,1176.94,162.74,98.29,1,-1,-1,-1
107,4,2491.47,1356.06,61.38,68.97,1,-1,-1,-1
108,1,1761.03,1192.57,253.11,155.09,1,-1,-1,-1
108,2,1713.23,1176.88,159.53,96.35,1,-1,-1,-1
108,4,2491.63,1356.56,61.17,68.20,1,-1,-1,-1
108,7,80.51,1291.16,667.00,614.46,1,-1,-1,-1
109,1,1718.69,1181.26,270.24,165.58,1,-1,-1,-1
109,4,2491.65,1356.72,61.33,67.93,1,-1,-1,-1
109,7,156.86,1286.24,668.15,605.65,1,-1,-1,-1
110,1,1677.24,1172.60,289.89,176.27,1,-1,-1,-1
110,4,2491.78,1356.57,61.43,67.68,1,-1,-1,-1
110,7,327.04,1282.79,619.54,545.52,1,-1,-1,-1
111,1,1654.39,1167.74,280.81,168.61,1,-1,-1,-1
111,4,2491.61,1355.86,61.98,68.07,1,-1,-1,-1
111,7,560.90,1285.59,553.92,468.57,1,-1,-1,-1
112,1,1597.46,1156.65,300.62,177.45,1,-1,-1,-1
112,4,2491.40,1355.10,62.53,68.54,1,-1,-1,-1
112,7,759.21,1282.80,524.28,425.03,1,-1,-1,-1
113,1,1554.31,1146.68,318.98,184.48,1,-1,-1,-1
113,4,2491.16,1354.71,62.99,68.94,1,-1,-1,-1
113,7,854.13,1279.93,496.12,392.22,1,-1,-1,-1
114,1,1493.59,1137.97,330.43,189.27,1,-1,-1,-1
114,4,2491.09,1354.77,63.08,68.93,1,-1,-1,-1
114,7,981.62,1264.99,531.41,412.76,1,-1,-1,-1
115,1,1448.64,1128.57,341.78,194.53,1,-1,-1,-1
115,4,2491.12,1354.97,63.01,68.76,1,-1,-1,-1
115,7,1059.27,1264.32,525.11,405.96,1,-1,-1,-1
116,1,1387.01,1123.62,342.84,194.92,1,-1,-1,-1
116,4,2491.15,1355.15,62.93,68.59,1,-1,-1,-1
116,7,1169.00,1281.82,405.30,303.14,1,-1,-1,-1
116,8,1755.01,1177.87,171.19,128.12,1,-1,-1,-1
117,1,1341.32,1115.74,351.43,198.68,1,-1,-1,-1
117,4,2491.16,1355.25,62.95,68.53,1,-1,-1,-1
117,7,1269.08,1287.28,352.18,257.44,1,-1,-1,-1
117,8,1748.49,1177.10,173.35,128.22,1,-1,-1,-1
118,1,1274.98,1110.84,356.13,198.58,1,-1,-1,-1
118,4,2491.19,1355.34,62.93,68.44,1,-1,-1,-1
118,7,1360.75,1279.15,333.18,237.65,1,-1,-1,-1
118,8,1743.77,1176.11,177.44,129.44,1,-1,-1,-1
119,1,1227.50,1101.53,371.07,204.30,1,-1,-1,-1
119,2,1725.51,1175.68,214.92,128.18,1,-1,-1,-1
119,4,2491.25,1355.49,62.84,68.26,1,-1,-1,-1
119,7,1444.63,1274.41,323.96,226.38,1,-1,-1,-1
119,8,1740.00,1175.87,176.87,129.02,1,-1,-1,-1
120,1,1144.59,1091.38,402.42,219.84,1,-1,-1,-1
120,2,1725.74,1175.05,218.25,128.99,1,-1,-1,-1
120,4,2491.71,1355.95,62.27,67.55,1,-1,-1,-1
120,7,1489.99,1273.47,312.79,217.13,1,-1,-1,-1
121,1,1050.40,1082.51,438.11,239.15,1,-1,-1,-1
121,2,1726.23,1174.48,218.97,128.56,1,-1,-1,-1
121,4,2492.34,1356.66,61.42,66.46,1,-1,-1,-1
121,7,1550.35,1274.47,304.93,209.75,1,-1,-1,-1
122,1,980.01,1063.80,487.77,266.64,1,-1,-1,-1
122,2,1726.01,1173.37,220.20,128.78,1,-1,-1,-1
122,4,2492.99,1357.35,60.62,65.39,1,-1,-1,-1
122,7,1594.36,1275.93,285.78,196.14,1,-1,-1,-1
123,1,881.41,1049.94,533.02,290.90,1,-1,-1,-1
123,2,1726.67,1173.06,219.54,128.12,1,-1,-1,-1
123,4,2493.25,1357.76,60.29,64.85,1,-1,-1,-1
123,7,1652.81,1290.34,229.74,154.87,1,-1,-1,-1
124,1,748.75,1020.59,643.41,355.09,1,-1,-1,-1
124,2,1729.28,1173.62,215.00,124.93,1,-1,-1,-1
124,4,2493.45,1358.13,60.00,64.36,1,-1,-1,-1
124,7,1699.78,1298.42,214.23,141.06,1,-1,-1,-1
125,1,602.50,1005.10,700.65,388.88,1,-1,-1,-1
125,2,1732.29,1175.08,208.64,120.47,1,-1,-1,-1
125,4,2493.51,1358.46,59.82,63.97,1,-1,-1,-1
125,7,1743.16,1302.35,215.48,139.28,1,-1,-1,-1
126,1,495.70,993.02,748.09,413.67,1,-1,-1,-1
126,2,1724.82,1177.98,182.56,104.76,1,-1,-1,-1
126,4,2493.48,1358.66,59.76,63.69,1,-1,-1,-1
126,7,1780.23,1301.70,233.93,150.98,1,-1,-1,-1
127,1,329.95,980.89,813.86,445.92,1,-1,-1,-1
127,2,1720.35,1179.52,175.76,100.42,1,-1,-1,-1
127,4,2493.46,1358.84,59.72,63.44,1,-1,-1,-1
127,7,1823.22,1303.71,237.49,154.24,1,-1,-1,-1
128,1,139.73,964.57,879.89,481.36,1,-1,-1,-1
128,2,1724.99,1176.37,202.78,115.77,1,-1,-1,-1
128,4,2493.62,1359.20,59.41,62.90,1,-1,-1,-1
128,7,1849.95,1310.53,227.94,147.39,1,-1,-1,-1
129,1,-0.67,937.04,967.47,534.76,1,-1,-1,-1
129,2,1725.69,1175.24,214.82,122.71,1,-1,-1,-1
129,4,2493.85,1359.62,59.03,62.28,1,-1,-1,-1
129,7,1885.58,1313.41,225.50,145.38,1,-1,-1,-1
130,1,-124.67,897.42,1009.64,579.87,1,-1,-1,-1
130,2,1726.28,1175.02,220.41,126.00,1,-1,-1,-1
130,4,2494.02,1359.56,59.18,62.34,1,-1,-1,-1
130,7,1929.81,1318.92,212.54,136.97,1,-1,-1,-1
131,1,-188.76,885.63,1004.09,602.89,1,-1,-1,-1
131,2,1726.16,1175.01,223.10,127.73,1,-1,-1,-1
131,4,2494.07,1359.16,59.65,62.87,1,-1,-1,-1
131,7,1954.91,1325.33,200.97,128.84,1,-1,-1,-1
132,1,-177.88,897.05,910.02,567.34,1,-1,-1,-1
132,2,1725.59,1174.91,224.62,128.85,1,-1,-1,-1
132,4,2494.08,1358.73,60.10,63.48,1,-1,-1,-1
132,7,1991.48,1332.76,188.08,120.64,1,-1,-1,-1
133,1,-257.86,884.68,937.91,584.70,1,-1,-1,-1
133,2,1724.90,1174.87,225.16,129.42,1,-1,-1,-1
133,4,2493.89,1358.41,60.42,63.95,1,-1,-1,-1
133,7,2013.65,1338.67,176.07,113.09,1,-1,-1,-1
134,2,1724.43,1174.89,225.04,129.64,1,-1,-1,-1
134,4,2493.87,1358.37,60.39,64.05,1,-1,-1,-1
134,7,2050.11,1340.27,170.30,108.83,1,-1,-1,-1
135,2,1724.11,1174.90,224.84,129.84,1,-1,-1,-1
135,4,2494.17,1358.70,59.91,63.65,1,-1,-1,-1
135,7,2070.28,1342.78,164.34,104.67,1,-1,-1,-1
136,2,1724.04,1174.88,224.47,129.89,1,-1,-1,-1
136,4,2494.82,1359.57,58.82,62.55,1,-1,-1,-1
136,7,2103.10,1344.68,161.76,102.80,1,-1,-1,-1
137,2,1723.94,1174.86,224.25,129.97,1,-1,-1,-1
137,4,2495.20,1360.36,57.96,61.66,1,-1,-1,-1
137,7,2168.70,1368.24,133.37,87.43,1,-1,-1,-1
138,2,1723.72,1174.78,224.41,130.15,1,-1,-1,-1
138,4,2495.06,1360.67,57.77,61.43,1,-1,-1,-1
138,7,2173.80,1366.87,147.85,96.90,1,-1,-1,-1
139,2,1723.49,1174.70,224.62,130.26,1,-1,-1,-1
139,4,2494.44,1360.30,58.38,62.08,1,-1,-1,-1
139,7,2185.66,1367.96,149.19,97.22,1,-1,-1,-1
140,2,1722.67,1174.45,226.27,131.27,1,-1,-1,-1
140,4,2493.50,1359.79,59.25,62.96,1,-1,-1,-1
140,7,2209.02,1367.73,150.33,98.65,1,-1,-1,-1
141,2,1721.79,1174.16,228.08,132.47,1,-1,-1,-1
141,4,2492.81,1359.79,59.55,63.10,1,-1,-1,-1
141,7,2226.17,1368.95,147.74,97.04,1,-1,-1,-1
142,2,1720.88,1173.81,229.97,133.83,1,-1,-1,-1
142,4,2492.63,1360.21,59.33,62.52,1,-1,-1,-1
142,7,2238.59,1370.14,143.60,93.42,1,-1,-1,-1
143,2,1720.66,1173.65,230.39,134.27,1,-1,-1,-1
143,4,2492.44,1359.87,59.85,62.74,1,-1,-1,-1
143,7,2263.88,1371.06,146.75,95.40,1,-1,-1,-1
144,2,1720.44,1173.43,230.59,134.59,1,-1,-1,-1
144,4,2492.37,1359.00,60.58,63.31,1,-1,-1,-1
144,7,2288.77,1381.68,124.87,81.29,1,-1,-1,-1
145,2,1720.16,1173.20,230.93,135.03,1,-1,-1,-1
145,4,2491.93,1357.72,61.84,64.61,1,-1,-1,-1
145,7,2306.84,1379.80,142.64,93.68,1,-1,-1,-1
146,2,1719.84,1172.97,231.26,135.50,1,-1,-1,-1
146,4,2492.31,1357.52,61.68,64.43,1,-1,-1,-1
146,7,2324.56,1383.03,143.75,94.95,1,-1,-1,-1
147,2,1719.87,1172.93,231.08,135.61,1,-1,-1,-1
147,4,2492.59,1357.78,61.39,63.99,1,-1,-1,-1
147,7,2366.25,1398.34,116.91,77.97,1,-1,-1,-1
148,2,1720.11,1172.96,230.55,135.48,1,-1,-1,-1
148,4,2493.93,1358.69,59.55,61.68,1,-1,-1,-1
148,7,2382.89,1405.94,107.60,71.35,1,-1,-1,-1
149,2,1720.36,1172.98,230.08,135.38,1,-1,-1,-1
149,4,2494.74,1358.38,59.00,60.63,1,-1,-1,-1
149,7,2393.36,1408.48,104.15,68.16,1,-1,-1,-1
150,2,1720.63,1173.04,229.17,135.05,1,-1,-1,-1
150,4,2495.63,1357.06,59.21,60.49,1,-1,-1,-1
150,7,2403.14,1409.71,99.12,64.28,1,-1,-1,-1
151,2,1721.01,1173.17,227.88,134.49,1,-1,-1,-1
151,4,2496.08,1355.73,59.87,61.01,1,-1,-1,-1
151,7,2426.01,1404.44,106.79,69.49,1,-1,-1,-1
152,2,1721.43,1173.33,226.39,133.80,1,-1,-1,-1
152,4,2496.41,1355.08,60.00,61.36,1,-1,-1,-1
152,7,2428.12,1390.45,135.77,90.19,1,-1,-1,-1
153,2,1721.75,1173.43,225.42,133.38,1,-1,-1,-1
153,4,2496.23,1355.14,59.15,60.79,1,-1,-1,-1
153,7,2433.37,1382.57,147.70,100.93,1,-1,-1,-1
154,2,1721.95,1173.49,224.80,133.17,1,-1,-1,-1
154,4,2494.69,1355.24,59.72,61.87,1,-1,-1,-1
154,7,2450.21,1382.00,150.69,102.97,1,-1,-1,-1
155,2,1722.15,1173.56,224.28,133.00,1,-1,-1,-1
155,4,2470.90,1363.12,94.62,100.65,1,-1,-1,-1
156,2,1722.44,1173.64,223.72,132.75,1,-1,-1,-1
156,4,2473.02,1374.19,95.64,105.07,1,-1,-1,-1
157,2,1722.71,1173.72,223.24,132.53,1,-1,-1,-1
157,4,2478.66,1380.23,91.97,104.74,1,-1,-1,-1
158,2,1723.01,1173.79,222.76,132.26,1,-1,-1,-1
158,4,2486.24,1384.86,83.94,98.90,1,-1,-1,-1
158,11,-66.29,1306.94,701.30,570.61,1,-1,-1,-1
158,12,2462.09,1356.20,76.22,60.04,1,-1,-1,-1
159,2,1723.19,1173.82,222.47,132.10,1,-1,-1,-1
159,4,2503.31,1410.59,66.34,81.65,1,-1,-1,-1
159,11,-83.26,1303.54,699.69,569.30,1,-1,-1,-1
159,12,2475.51,1352.03,87.76,70.22,1,-1,-1,-1
160,2,1723.60,1173.97,222.10,131.83,1,-1,-1,-1
160,4,2505.24,1396.04,64.67,83.34,1,-1,-1,-1
160,12,2482.68,1351.27,86.94,70.80,1,-1,-1,-1
161,2,1724.09,1174.20,221.70,131.45,1,-1,-1,-1
161,4,2505.15,1397.74,66.13,85.22,1,-1,-1,-1
161,12,2486.84,1352.38,82.65,68.50,1,-1,-1,-1
162,2,1724.48,1174.43,221.53,131.15,1,-1,-1,-1
162,12,2488.92,1354.95,78.33,65.98,1,-1,-1,-1
163,2,1724.58,1174.54,221.63,131.01,1,-1,-1,-1
163,12,2488.79,1357.10,76.00,64.97,1,-1,-1,-1
164,2,1724.46,1174.55,222.02,131.07,1,-1,-1,-1
164,12,2488.80,1358.07,74.45,64.60,1,-1,-1,-1
165,2,1724.36,1174.61,222.23,131.00,1,-1,-1,-1
165,12,2489.22,1358.45,73.06,64.36,1,-1,-1,-1
166,2,1724.22,1174.64,222.41,130.94,1,-1,-1,-1
166,12,2489.54,1358.25,72.56,65.00,1,-1,-1,-1
167,2,1724.11,1174.68,222.54,130.85,1,-1,-1,-1
167,12,2489.70,1357.47,72.94,66.63,1,-1,-1,-1
168,2,1724.02,1174.72,222.65,130.78,1,-1,-1,-1
168,12,2489.81,1356.75,73.18,68.28,1,-1,-1,-1
169,2,1723.96,1174.78,222.70,130.69,1,-1,-1,-1
169,12,2490.40,1357.02,72.22,68.77,1,-1,-1,-1
170,2,1723.61,1174.82,222.81,130.62,1,-1,-1,-1
170,12,2489.75,1356.39,73.16,71.19,1,-1,-1,-1
171,2,1723.15,1174.81,223.04,130.58,1,-1,-1,-1
171,12,2487.57,1354.91,76.06,75.68,1,-1,-1,-1
172,2,1722.61,1174.76,223.42,130.60,1,-1,-1,-1
172,4,2490.77,1351.82,67.32,87.89,1,-1,-1,-1
172,12,2488.06,1354.76,77.28,76.89,1,-1,-1,-1
173,2,1722.33,1174.71,223.79,130.64,1,-1,-1,-1
173,4,2488.23,1348.54,69.11,90.94,1,-1,-1,-1
174,2,1722.13,1174.66,224.22,130.74,1,-1,-1,-1
174,4,2487.11,1348.22,69.17,91.02,1,-1,-1,-1
175,2,1721.99,1174.62,224.57,130.81,1,-1,-1,-1
175,4,2486.97,1349.72,67.32,87.81,1,-1,-1,-1
176,2,1721.85,1174.59,224.92,130.88,1,-1,-1,-1
176,4,2489.92,1353.44,61.98,79.38,1,-1,-1,-1
177,2,1721.76,1174.59,225.15,130.90,1,-1,-1,-1
177,4,2478.22,1367.68,60.44,70.57,1,-1,-1,-1
178,2,1721.69,1174.59,225.30,130.89,1,-1,-1,-1
178,4,2469.66,1372.84,62.67,67.03,1,-1,-1,-1
179,2,1721.62,1174.61,225.42,130.87,1,-1,-1,-1
179,4,2461.78,1374.40,66.65,65.65,1,-1,-1,-1
180,2,1721.48,1174.60,225.57,130.92,1,-1,-1,-1
180,4,2452.91,1375.66,68.88,63.85,1,-1,-1,-1
181,2,1721.31,1174.58,225.71,131.01,1,-1,-1,-1
181,4,2449.73,1365.81,72.83,64.59,1,-1,-1,-1
181,13,2515.52,1351.64,41.40,71.04,1,-1,-1,-1
182,2,1721.19,1174.59,225.74,131.07,1,-1,-1,-1
182,4,2417.65,1363.88,74.57,63.71,1,-1,-1,-1
182,13,2513.52,1352.27,40.71,69.22,1,-1,-1,-1
183,2,1721.15,1174.62,225.68,131.08,1,-1,-1,-1
183,4,2399.28,1361.07,80.26,66.64,1,-1,-1,-1
183,13,2510.19,1352.07,41.52,69.51,1,-1,-1,-1
184,2,1721.14,1174.67,225.57,131.06,1,-1,-1,-1
184,4,2388.92,1358.25,84.25,68.72,1,-1,-1,-1
184,13,2506.65,1352.30,42.86,70.15,1,-1,-1,-1
185,2,1721.16,1174.72,225.46,131.04,1,-1,-1,-1
185,4,2365.08,1356.84,83.50,66.45,1,-1,-1,-1
185,13,2503.53,1353.34,44.05,70.07,1,-1,-1,-1
186,2,1721.23,1174.76,225.25,130.98,1,-1,-1,-1
186,4,2351.03,1354.97,88.61,68.19,1,-1,-1,-1
186,13,2502.13,1354.71,44.71,68.89,1,-1,-1,-1
187,2,1721.32,1174.81,225.01,130.90,1,-1,-1,-1
187,4,2338.08,1350.78,96.04,71.92,1,-1,-1,-1
187,13,2501.60,1355.72,45.28,67.63,1,-1,-1,-1
188,2,1721.40,1174.83,224.74,130.79,1,-1,-1,-1
188,4,2328.52,1347.10,99.69,72.67,1,-1,-1,-1
188,13,2501.19,1356.08,46.31,67.16,1,-1,-1,-1
189,2,1721.49,1174.83,224.51,130.72,1,-1,-1,-1
189,4,2303.90,1342.15,101.45,72.80,1,-1,-1,-1
189,13,2501.21,1356.32,47.02,66.41,1,-1,-1,-1
190,2,1721.58,1174.81,224.28,130.64,1,-1,-1,-1
190,4,2287.67,1338.49,105.48,74.02,1,-1,-1,-1
190,13,2500.70,1356.59,47.86,65.92,1,-1,-1,-1
191,2,1721.71,1174.81,224.03,130.55,1,-1,-1,-1
191,4,2274.82,1334.55,110.21,76.51,1,-1,-1,-1
191,13,2500.13,1356.68,48.74,65.64,1,-1,-1,-1
192,2,1721.82,1174.82,223.84,130.49,1,-1,-1,-1
192,4,2259.68,1328.14,124.50,84.74,1,-1,-1,-1
192,13,2498.94,1356.28,50.38,66.55,1,-1,-1,-1
193,2,1721.92,1174.85,223.68,130.43,1,-1,-1,-1
193,4,2235.09,1323.91,136.85,92.91,1,-1,-1,-1
193,13,2497.95,1355.76,51.95,67.55,1,-1,-1,-1
194,2,1722.01,1174.85,223.58,130.37,1,-1,-1,-1
194,4,2219.62,1320.22,144.77,98.35,1,-1,-1,-1
194,13,2497.19,1355.62,53.12,68.06,1,-1,-1,-1
195,2,1722.01,1174.89,223.70,130.46,1,-1,-1,-1
195,4,2220.09,1326.19,127.12,86.61,1,-1,-1,-1
195,13,2497.07,1356.21,53.29,67.28,1,-1,-1,-1
196,2,1722.11,1174.93,223.61,130.48,1,-1,-1,-1
196,4,2223.49,1331.49,109.44,74.92,1,-1,-1,-1
196,13,2497.22,1356.81,53.27,66.36,1,-1,-1,-1
197,2,1722.36,1175.04,223.25,130.48,1,-1,-1,-1
197,4,2178.57,1309.94,125.63,83.76,1,-1,-1,-1
197,13,2497.20,1357.05,53.53,65.92,1,-1,-1,-1
198,2,1722.79,1175.12,222.51,130.36,1,-1,-1,-1
198,4,2141.13,1299.07,135.57,88.84,1,-1,-1,-1
198,13,2496.61,1356.34,54.76,66.84,1,-1,-1,-1
199,2,1723.07,1175.13,222.08,130.46,1,-1,-1,-1
199,4,2116.14,1292.79,143.96,93.16,1,-1,-1,-1
199,13,2495.85,1355.52,56.11,67.95,1,-1,-1,-1
200,2,1724.37,1175.25,220.35,129.65,1,-1,-1,-1
200,4,2084.11,1289.10,146.68,94.83,1,-1,-1,-1
200,13,2495.03,1354.67,57.49,69.17,1,-1,-1,-1
201,2,1726.27,1175.56,217.84,128.17,1,-1,-1,-1
201,4,2060.75,1283.72,154.25,99.23,1,-1,-1,-1
201,13,2494.52,1354.37,58.25,69.65,1,-1,-1,-1
202,2,1728.15,1175.89,215.70,126.70,1,-1,-1,-1
202,4,2042.22,1277.56,164.49,105.30,1,-1,-1,-1
202,13,2494.21,1354.52,58.57,69.59,1,-1,-1,-1
203,2,1729.05,1175.89,214.18,125.64,1,-1,-1,-1
203,4,2017.63,1272.74,169.79,107.53,1,-1,-1,-1
203,13,2494.15,1354.98,58.53,69.11,1,-1,-1,-1
204,2,1729.67,1175.69,212.79,124.76,1,-1,-1,-1
204,4,1997.97,1268.47,176.11,110.11,1,-1,-1,-1
204,13,2494.22,1355.37,58.42,68.59,1,-1,-1,-1
205,2,1722.85,1178.26,183.21,107.03,1,-1,-1,-1
205,4,1965.03,1264.70,176.43,108.91,1,-1,-1,-1
205,13,2494.34,1355.64,58.33,68.15,1,-1,-1,-1
206,2,1719.82,1179.25,170.84,99.66,1,-1,-1,-1
206,4,1941.38,1259.61,183.84,113.02,1,-1,-1,-1
206,13,2494.43,1355.76,58.32,67.86,1,-1,-1,-1
207,2,1718.76,1179.16,165.61,96.76,1,-1,-1,-1
207,4,1906.25,1254.21,189.69,115.51,1,-1,-1,-1
207,13,2494.57,1356.07,58.16,67.40,1,-1,-1,-1
208,2,1718.21,1178.63,161.42,94.73,1,-1,-1,-1
208,4,1863.74,1242.18,191.45,115.34,1,-1,-1,-1
208,13,2494.62,1356.38,58.04,66.99,1,-1,-1,-1
209,2,1717.04,1177.86,158.42,93.51,1,-1,-1,-1
209,4,1838.32,1233.57,198.18,118.56,1,-1,-1,-1
209,13,2494.67,1356.68,57.93,66.60,1,-1,-1,-1
210,2,1715.05,1178.25,161.19,95.81,1,-1,-1,-1
210,4,1796.08,1220.38,212.50,126.61,1,-1,-1,-1
210,13,2494.49,1356.43,58.38,66.92,1,-1,-1,-1
211,2,1713.95,1178.37,157.85,93.83,1,-1,-1,-1
211,4,1747.42,1205.08,229.46,136.38,1,-1,-1,-1
211,13,2494.28,1355.98,58.99,67.52,1,-1,-1,-1
212,4,1719.03,1195.85,241.35,143.52,1,-1,-1,-1
212,13,2494.06,1355.47,59.62,68.20,1,-1,-1,-1
213,4,1674.65,1186.66,258.48,153.03,1,-1,-1,-1
213,13,2493.96,1355.18,59.98,68.58,1,-1,-1,-1
214,4,1632.84,1184.48,261.73,153.37,1,-1,-1,-1
214,13,2493.95,1355.09,60.08,68.66,1,-1,-1,-1
215,4,1612.61,1174.45,262.29,148.79,1,-1,-1,-1
215,13,2493.93,1355.00,60.19,68.75,1,-1,-1,-1
216,4,1570.19,1168.71,271.24,148.67,1,-1,-1,-1
216,13,2493.90,1355.05,60.19,68.69,1,-1,-1,-1
217,4,1500.15,1156.70,304.20,164.70,1,-1,-1,-1
217,13,2493.93,1355.16,60.11,68.55,1,-1,-1,-1
218,4,1454.59,1148.22,322.16,172.31,1,-1,-1,-1
218,13,2493.97,1355.32,60.01,68.37,1,-1,-1,-1
219,4,1385.36,1139.02,338.72,180.67,1,-1,-1,-1
219,13,2494.06,1355.49,59.88,68.16,1,-1,-1,-1
219,14,1738.27,1175.42,197.78,130.57,1,-1,-1,-1
220,4,1335.96,1128.43,355.77,188.33,1,-1,-1,-1
220,13,2494.26,1355.87,59.55,67.70,1,-1,-1,-1
220,14,1733.04,1175.00,200.99,131.92,1,-1,-1,-1
221,4,1267.90,1121.96,365.71,192.98,1,-1,-1,-1
221,13,2494.53,1356.33,59.13,67.09,1,-1,-1,-1
221,14,1730.99,1174.45,203.59,132.91,1,-1,-1,-1
222,4,1181.79,1114.46,381.19,199.57,1,-1,-1,-1
222,13,2494.80,1356.77,58.76,66.51,1,-1,-1,-1
222,14,1729.45,1173.78,206.33,134.02,1,-1,-1,-1
223,4,1128.91,1106.72,397.73,206.82,1,-1,-1,-1
223,13,2494.93,1356.95,58.65,66.25,1,-1,-1,-1
223,14,1728.48,1173.35,208.71,134.88,1,-1,-1,-1
224,4,1041.12,1094.25,424.78,220.89,1,-1,-1,-1
224,13,2495.06,1357.09,58.55,66.01,1,-1,-1,-1
224,14,1727.82,1173.16,210.58,135.38,1,-1,-1,-1
225,4,940.40,1080.84,456.97,238.01,1,-1,-1,-1
225,13,2495.19,1357.29,58.39,65.71,1,-1,-1,-1
225,14,1727.60,1173.23,211.68,135.35,1,-1,-1,-1
226,4,881.10,1070.32,487.53,253.81,1,-1,-1,-1
226,13,2495.26,1357.47,58.26,65.45,1,-1,-1,-1
226,14,1727.43,1173.36,212.63,135.23,1,-1,-1,-1
227,4,791.28,1059.82,516.76,269.99,1,-1,-1,-1
227,13,2495.27,1357.61,58.23,65.30,1,-1,-1,-1
227,14,1727.38,1173.53,213.26,134.94,1,-1,-1,-1
228,4,625.63,1040.77,602.84,316.54,1,-1,-1,-1
228,13,2495.50,1357.92,57.90,64.83,1,-1,-1,-1
228,14,1727.22,1173.69,213.86,134.66,1,-1,-1,-1
229,4,434.73,1023.45,662.08,343.25,1,-1,-1,-1
229,13,2495.83,1358.27,57.47,64.28,1,-1,-1,-1
229,14,1727.10,1173.88,214.21,134.25,1,-1,-1,-1
230,4,326.69,1012.93,709.13,362.24,1,-1,-1,-1
230,13,2495.58,1358.21,57.70,64.44,1,-1,-1,-1
230,14,1726.92,1173.87,214.79,133.94,1,-1,-1,-1
231,4,145.59,996.11,771.81,396.03,1,-1,-1,-1
231,13,2494.91,1357.87,58.46,65.16,1,-1,-1,-1
231,14,1726.65,1173.70,215.65,133.79,1,-1,-1,-1
232,4,-13.77,975.03,817.65,429.90,1,-1,-1,-1
232,13,2494.11,1357.47,59.37,66.02,1,-1,-1,-1
232,14,1726.34,1173.46,216.67,133.73,1,-1,-1,-1
233,4,-116.47,959.79,846.78,461.89,1,-1,-1,-1
233,13,2493.85,1357.42,59.68,66.22,1,-1,-1,-1
233,14,1726.01,1173.36,217.68,133.73,1,-1,-1,-1
234,4,-129.48,989.95,735.07,413.46,1,-1,-1,-1
234,13,2493.74,1357.42,59.83,66.26,1,-1,-1,-1
234,14,1725.71,1173.35,218.53,133.69,1,-1,-1,-1
235,4,-269.75,917.53,941.66,563.98,1,-1,-1,-1
235,13,2493.69,1357.42,59.95,66.29,1,-1,-1,-1
235,14,1725.41,1173.39,219.33,133.66,1,-1,-1,-1
236,4,-358.37,903.79,979.31,586.50,1,-1,-1,-1
236,13,2493.67,1357.46,60.03,66.28,1,-1,-1,-1
236,14,1725.06,1173.45,220.06,133.63,1,-1,-1,-1
237,13,2493.67,1357.52,60.06,66.25,1,-1,-1,-1
237,14,1724.72,1173.46,220.83,133.66,1,-1,-1,-1
238,13,2493.66,1357.54,60.12,66.25,1,-1,-1,-1
238,14,1724.39,1173.44,221.56,133.72,1,-1,-1,-1
239,13,2493.56,1357.46,60.29,66.39,1,-1,-1,-1
239,14,1724.05,1173.39,222.23,133.79,1,-1,-1,-1
240,13,2493.40,1357.38,60.50,66.60,1,-1,-1,-1
240,14,1723.77,1173.35,222.89,133.86,1,-1,-1,-1
241,13,2493.22,1357.32,60.72,66.82,1,-1,-1,-1
241,14,1723.50,1173.29,223.59,133.98,1,-1,-1,-1
242,13,2493.11,1357.34,60.84,66.93,1,-1,-1,-1
242,14,1723.27,1173.23,224.30,134.10,1,-1,-1,-1
243,13,2493.08,1357.41,60.85,66.91,1,-1,-1,-1
243,14,1723.01,1173.19,224.86,134.16,1,-1,-1,-1
244,13,2493.06,1357.48,60.84,66.88,1,-1,-1,-1
244,14,1722.81,1173.20,225.27,134.17,1,-1,-1,-1
245,13,2493.06,1357.53,60.82,66.85,1,-1,-1,-1
245,14,1722.65,1173.23,225.58,134.14,1,-1,-1,-1
246,13,2493.07,1357.51,60.85,66.87,1,-1,-1,-1
246,14,1722.53,1173.28,225.82,134.08,1,-1,-1,-1
247,13,2493.10,1357.50,60.85,66.88,1,-1,-1,-1
247,14,1722.37,1173.30,226.09,134.08,1,-1,-1,-1
248,13,2493.15,1357.54,60.78,66.79,1,-1,-1,-1
248,14,1722.22,1173.32,226.34,134.10,1,-1,-1,-1
249,13,2493.19,1357.62,60.68,66.66,1,-1,-1,-1
249,14,1722.08,1173.31,226.56,134.13,1,-1,-1,-1
250,13,2493.25,1357.72,60.56,66.48,1,-1,-1,-1
250,14,1722.00,1173.31,226.72,134.15,1,-1,-1,-1
251,13,2493.26,1357.77,60.52,66.39,1,-1,-1,-1
251,14,1721.94,1173.31,226.86,134.16,1,-1,-1,-1
252,13,2493.45,1357.96,60.29,66.10,1,-1,-1,-1
252,14,1721.89,1173.31,226.96,134.15,1,-1,-1,-1
253,13,2493.57,1357.95,60.38,66.27,1,-1,-1,-1
253,14,1721.85,1173.33,227.04,134.15,1,-1,-1,-1
254,13,2493.69,1357.47,61.05,67.35,1,-1,-1,-1
254,14,1721.80,1173.35,227.13,134.15,1,-1,-1,-1
255,13,2493.91,1356.32,62.18,69.30,1,-1,-1,-1
255,14,1721.79,1173.37,227.14,134.09,1,-1,-1,-1
256,13,2493.97,1355.32,63.24,71.42,1,-1,-1,-1
256,14,1721.82,1173.42,227.05,133.98,1,-1,-1,-1
257,13,2493.70,1354.66,64.09,73.39,1,-1,-1,-1
257,14,1721.86,1173.47,226.94,133.85,1,-1,-1,-1
258,13,2493.28,1354.45,64.72,75.10,1,-1,-1,-1
258,14,1721.88,1173.51,226.92,133.78,1,-1,-1,-1
259,13,2492.92,1353.88,65.57,77.23,1,-1,-1,-1
259,14,1721.85,1173.53,226.96,133.75,1,-1,-1,-1
260,13,2491.72,1352.43,67.72,81.10,1,-1,-1,-1
260,14,1721.81,1173.53,227.05,133.75,1,-1,-1,-1
261,13,2489.07,1349.87,71.57,87.24,1,-1,-1,-1
261,14,1721.77,1173.51,227.16,133.79,1,-1,-1,-1
262,13,2485.89,1347.85,75.04,92.73,1,-1,-1,-1
262,14,1721.73,1173.47,227.31,133.85,1,-1,-1,-1
263,13,2484.20,1347.68,75.63,94.32,1,-1,-1,-1
263,14,1721.71,1173.44,227.39,133.88,1,-1,-1,-1
264,13,2484.81,1349.61,72.57,90.65,1,-1,-1,-1
264,14,1721.73,1173.45,227.37,133.84,1,-1,-1,-1
265,13,2487.55,1352.41,67.46,84.03,1,-1,-1,-1
265,14,1721.78,1173.47,227.30,133.77,1,-1,-1,-1
266,13,2478.23,1370.33,58.50,68.67,1,-1,-1,-1
266,14,1721.81,1173.50,227.26,133.72,1,-1,-1,-1
267,13,2470.45,1376.94,57.85,63.86,1,-1,-1,-1
267,14,1721.84,1173.50,227.29,133.72,1,-1,-1,-1
268,13,2464.16,1379.28,59.66,61.57,1,-1,-1,-1
268,14,1721.82,1173.48,227.39,133.79,1,-1,-1,-1
269,13,2457.20,1380.69,62.14,59.67,1,-1,-1,-1
269,14,1721.78,1173.44,227.46,133.85,1,-1,-1,-1
270,13,2451.92,1380.74,64.39,58.67,1,-1,-1,-1
270,14,1722.27,1173.70,226.86,133.55,1,-1,-1,-1
270,15,2509.91,1355.31,46.57,65.74,1,-1,-1,-1
271,13,2449.39,1380.88,64.68,57.09,1,-1,-1,-1
271,14,1723.00,1174.08,225.93,133.07,1,-1,-1,-1
271,15,2510.08,1356.26,45.47,63.96,1,-1,-1,-1
272,13,2451.83,1381.64,60.98,53.42,1,-1,-1,-1
272,14,1723.89,1174.50,224.84,132.50,1,-1,-1,-1
272,15,2509.04,1357.85,44.63,62.29,1,-1,-1,-1
273,13,2450.15,1383.12,58.89,51.59,1,-1,-1,-1
273,14,1724.24,1174.63,224.41,132.32,1,-1,-1,-1
273,15,2506.86,1358.20,45.42,62.62,1,-1,-1,-1
274,14,1724.40,1174.68,224.21,132.27,1,-1,-1,-1
274,15,2504.92,1357.97,46.46,63.17,1,-1,-1,-1
274,17,2382.96,1363.33,92.80,63.40,1,-1,-1,-1
275,14,1724.46,1174.69,224.11,132.27,1,-1,-1,-1
275,15,2502.92,1357.44,48.16,64.50,1,-1,-1,-1
275,17,2356.54,1362.87,92.59,63.00,1,-1,-1,-1
276,14,1724.49,1174.73,223.81,132.20,1,-1,-1,-1
276,15,2501.46,1356.92,49.42,65.18,1,-1,-1,-1
276,17,2340.89,1360.90,97.72,66.08,1,-1,-1,-1
277,14,1724.52,1174.74,223.45,132.12,1,-1,-1,-1
277,15,2499.82,1356.64,50.67,65.83,1,-1,-1,-1
277,17,2331.05,1358.98,101.18,68.09,1,-1,-1,-1
278,14,1724.54,1174.73,223.10,132.08,1,-1,-1,-1
278,15,2498.65,1356.08,51.82,66.44,1,-1,-1,-1
278,17,2326.20,1356.59,100.32,67.52,1,-1,-1,-1
279,14,1724.66,1174.70,222.76,132.03,1,-1,-1,-1
279,15,2497.41,1355.68,52.99,67.17,1,-1,-1,-1
279,17,2299.03,1350.09,103.54,69.02,1,-1,-1,-1
280,14,1724.77,1174.63,222.46,132.01,1,-1,-1,-1
280,15,2496.58,1355.48,53.77,67.45,1,-1,-1,-1
280,17,2284.15,1345.57,106.48,70.63,1,-1,-1,-1
281,14,1724.94,1174.57,222.08,131.92,1,-1,-1,-1
281,15,2495.62,1355.07,54.84,68.18,1,-1,-1,-1
281,17,2276.18,1343.15,104.88,69.62,1,-1,-1,-1
282,14,1725.09,1174.53,221.74,131.87,1,-1,-1,-1
282,15,2494.96,1354.54,55.83,68.85,1,-1,-1,-1
282,17,2249.15,1339.67,108.88,71.32,1,-1,-1,-1
283,14,1725.25,1174.51,221.43,131.82,1,-1,-1,-1
283,15,2494.28,1353.90,57.02,69.90,1,-1,-1,-1
283,17,2234.29,1337.26,112.70,73.11,1,-1,-1,-1
284,14,1725.27,1174.52,221.37,131.91,1,-1,-1,-1
284,15,2494.30,1354.19,57.09,69.54,1,-1,-1,-1
284,17,2224.49,1335.75,112.89,73.20,1,-1,-1,-1
285,14,1725.29,1174.52,221.21,131.93,1,-1,-1,-1
285,15,2494.74,1355.22,56.37,68.16,1,-1,-1,-1
285,17,2221.46,1336.77,106.03,69.18,1,-1,-1,-1
286,14,1725.46,1174.51,220.84,131.87,1,-1,-1,-1
286,15,2494.81,1355.67,56.31,67.65,1,-1,-1,-1
286,17,2208.47,1337.63,97.02,63.58,1,-1,-1,-1
287,14,1725.80,1174.51,220.29,131.75,1,-1,-1,-1
287,15,2494.39,1355.24,57.17,68.36,1,-1,-1,-1
287,17,2201.89,1337.58,90.90,60.56,1,-1,-1,-1
288,14,1726.29,1174.56,219.55,131.54,1,-1,-1,-1
288,15,2493.30,1353.82,59.16,70.56,1,-1,-1,-1
288,17,2194.99,1337.92,86.91,59.46,1,-1,-1,-1
288,18,2120.70,1314.85,80.07,62.79,1,-1,-1,-1
289,14,1726.70,1174.60,218.86,131.39,1,-1,-1,-1
289,15,2492.30,1352.43,60.95,72.56,1,-1,-1,-1
289,17,2183.61,1336.65,85.81,58.70,1,-1,-1,-1
289,18,2102.24,1309.56,90.81,70.89,1,-1,-1,-1
290,14,1727.06,1174.63,218.13,131.21,1,-1,-1,-1
290,15,2491.60,1351.54,62.15,73.88,1,-1,-1,-1
290,18,2091.78,1304.84,96.28,74.45,1,-1,-1,-1
291,14,1727.28,1174.53,218.04,131.38,1,-1,-1,-1
291,15,2491.30,1351.21,62.71,74.45,1,-1,-1,-1
291,18,2075.17,1298.85,109.34,82.20,1,-1,-1,-1
292,14,1727.99,1174.41,217.23,130.83,1,-1,-1,-1
292,15,2491.86,1351.49,62.57,74.35,1,-1,-1,-1
292,18,2047.28,1293.75,117.09,85.73,1,-1,-1,-1
293,14,1729.05,1174.36,215.07,129.26,1,-1,-1,-1
293,15,2493.03,1351.48,62.52,74.69,1,-1,-1,-1
293,18,2023.13,1286.49,128.74,92.35,1,-1,-1,-1
294,14,1729.93,1174.39,212.89,127.52,1,-1,-1,-1
294,15,2494.04,1351.50,62.57,75.38,1,-1,-1,-1
294,18,1990.17,1279.69,134.23,93.73,1,-1,-1,-1
294,20,-8.12,1280.09,688.02,631.57,1,-1,-1,-1
295,14,1732.84,1175.17,206.26,123.06,1,-1,-1,-1
295,15,2494.47,1351.40,62.92,76.56,1,-1,-1,-1
295,18,1965.06,1272.56,143.97,98.92,1,-1,-1,-1
295,20,92.97,1272.26,710.76,643.59,1,-1,-1,-1
296,14,1727.08,1178.26,174.17,103.33,1,-1,-1,-1
296,15,2494.33,1351.58,63.35,77.85,1,-1,-1,-1
296,18,1931.35,1265.94,146.88,98.80,1,-1,-1,-1
296,20,184.30,1273.67,680.11,603.59,1,-1,-1,-1
297,14,1725.34,1178.92,158.24,93.50,1,-1,-1,-1
297,15,2493.00,1351.08,65.32,81.12,1,-1,-1,-1
297,18,1891.48,1260.59,151.56,99.71,1,-1,-1,-1
297,20,339.65,1275.73,633.64,545.34,1,-1,-1,-1
298,14,1724.58,1178.12,151.65,89.32,1,-1,-1,-1
298,15,2490.21,1349.40,68.87,86.55,1,-1,-1,-1
298,18,1860.83,1249.45,162.09,105.14,1,-1,-1,-1
298,20,569.47,1282.66,557.69,463.27,1,-1,-1,-1
299,14,1723.85,1176.59,146.58,85.97,1,-1,-1,-1
299,15,2486.58,1347.92,72.39,91.73,1,-1,-1,-1
299,18,1823.81,1239.99,171.23,109.31,1,-1,-1,-1
299,20,761.89,1274.98,524.84,420.72,1,-1,-1,-1
300,14,1721.25,1176.61,152.59,89.27,1,-1,-1,-1
300,15,2485.01,1347.87,72.40,92.30,1,-1,-1,-1
300,18,1800.39,1231.73,180.06,114.29,1,-1,-1,-1
300,20,856.80,1272.06,507.62,396.93,1,-1,-1,-1
301,14,1713.29,1177.57,171.74,100.20,1,-1,-1,-1
301,15,2487.43,1363.35,65.64,82.66,1,-1,-1,-1
301,18,1786.38,1223.92,184.16,117.12,1,-1,-1,-1
301,20,981.80,1257.81,529.89,411.54,1,-1,-1,-1
302,14,1711.67,1177.69,170.43,99.44,1,-1,-1,-1
302,15,2478.27,1373.30,60.54,70.09,1,-1,-1,-1
302,18,1717.14,1203.91,211.06,132.94,1,-1,-1,-1
302,20,1112.38,1257.60,448.23,340.84,1,-1,-1,-1
303,15,2469.10,1376.86,62.05,65.86,1,-1,-1,-1
303,18,1684.77,1196.97,220.94,136.47,1,-1,-1,-1
303,20,1212.50,1252.37,420.33,314.72,1,-1,-1,-1
304,15,2459.21,1379.66,63.36,61.74,1,-1,-1,-1
304,18,1650.31,1199.28,215.18,130.04,1,-1,-1,-1
304,20,1269.44,1255.03,390.62,287.96,1,-1,-1,-1
305,15,2449.24,1379.84,66.06,60.31,1,-1,-1,-1
305,18,1610.63,1202.17,204.44,119.97,1,-1,-1,-1
305,20,1350.01,1263.11,361.99,262.52,1,-1,-1,-1
306,15,2424.42,1379.18,68.61,59.51,1,-1,-1,-1
306,18,1558.35,1188.15,209.57,120.63,1,-1,-1,-1
306,20,1436.03,1270.74,339.96,240.94,1,-1,-1,-1
306,22,2511.28,1352.79,42.64,71.06,1,-1,-1,-1
307,15,2403.53,1370.56,72.72,60.47,1,-1,-1,-1
307,18,1506.92,1180.21,211.31,119.26,1,-1,-1,-1
307,20,1483.09,1271.32,322.17,225.45,1,-1,-1,-1
307,22,2508.40,1356.31,41.24,67.39,1,-1,-1,-1
307,23,1738.47,1177.33,198.09,124.65,1,-1,-1,-1
308,15,2392.03,1366.37,75.45,61.06,1,-1,-1,-1
308,18,1456.01,1173.31,217.53,120.83,1,-1,-1,-1
308,20,1552.33,1273.97,300.74,205.58,1,-1,-1,-1
308,22,2505.90,1358.28,41.20,65.64,1,-1,-1,-1
308,23,1734.23,1176.04,201.51,126.36,1,-1,-1,-1
309,15,2366.96,1363.71,77.47,60.60,1,-1,-1,-1
309,18,1395.90,1166.28,236.34,130.88,1,-1,-1,-1
309,20,1594.64,1275.73,281.46,189.47,1,-1,-1,-1
309,22,2505.13,1359.58,41.29,63.91,1,-1,-1,-1
309,23,1731.79,1174.37,205.26,128.25,1,-1,-1,-1
310,15,2348.36,1360.90,85.34,64.76,1,-1,-1,-1
310,18,1359.91,1158.19,262.94,144.82,1,-1,-1,-1
310,20,1624.18,1277.09,278.17,185.56,1,-1,-1,-1
310,22,2504.25,1359.40,42.62,64.17,1,-1,-1,-1
310,23,1731.92,1173.83,205.59,128.02,1,-1,-1,-1
311,15,2334.25,1357.83,91.52,67.78,1,-1,-1,-1
311,18,1288.39,1141.33,300.63,162.66,1,-1,-1,-1
311,20,1685.83,1289.46,240.00,157.09,1,-1,-1,-1
311,22,2503.45,1359.15,43.98,64.45,1,-1,-1,-1
311,23,1733.33,1174.13,203.32,126.06,1,-1,-1,-1
312,15,2310.17,1351.44,92.71,67.66,1,-1,-1,-1
312,18,1209.44,1131.74,324.29,171.81,1,-1,-1,-1
312,20,1734.80,1296.31,229.43,147.77,1,-1,-1,-1
312,22,2501.61,1357.89,46.35,66.32,1,-1,-1,-1
312,23,1734.18,1174.37,200.57,123.72,1,-1,-1,-1
313,15,2291.93,1346.91,98.31,70.36,1,-1,-1,-1
313,18,1158.44,1126.65,338.09,175.18,1,-1,-1,-1
313,20,1776.85,1301.14,241.28,155.06,1,-1,-1,-1
313,22,2499.81,1357.10,48.27,67.53,1,-1,-1,-1
313,23,1734.17,1174.20,199.01,122.11,1,-1,-1,-1
314,15,2277.92,1342.59,101.85,72.32,1,-1,-1,-1
314,18,1080.89,1121.19,356.28,181.60,1,-1,-1,-1
314,20,1818.20,1306.14,248.22,160.51,1,-1,-1,-1
314,22,2497.78,1355.58,50.86,69.82,1,-1,-1,-1
314,23,1733.36,1173.68,200.47,122.31,1,-1,-1,-1
315,15,2253.76,1340.09,104.25,72.01,1,-1,-1,-1
315,18,1027.64,1113.68,380.58,191.04,1,-1,-1,-1
315,20,1835.82,1307.29,255.68,165.80,1,-1,-1,-1
315,22,2496.49,1354.62,52.73,71.15,1,-1,-1,-1
315,23,1731.77,1173.26,203.80,123.71,1,-1,-1,-1
316,15,2235.73,1336.02,111.94,75.69,1,-1,-1,-1
316,18,944.19,1106.92,406.31,201.18,1,-1,-1,-1
316,20,1867.44,1307.70,261.35,170.44,1,-1,-1,-1
316,22,2495.43,1353.54,54.68,72.73,1,-1,-1,-1
316,23,1730.34,1173.11,207.61,125.44,1,-1,-1,-1
317,15,2223.29,1333.70,113.73,76.47,1,-1,-1,-1
317,18,843.03,1096.29,438.96,216.45,1,-1,-1,-1
317,20,1892.79,1312.80,250.01,163.48,1,-1,-1,-1
317,22,2494.84,1353.28,55.82,73.30,1,-1,-1,-1
317,23,1728.76,1173.31,211.21,127.26,1,-1,-1,-1
318,15,2218.54,1334.37,106.89,72.36,1,-1,-1,-1
318,18,733.92,1090.12,468.11,229.78,1,-1,-1,-1
318,20,1926.39,1317.13,239.91,157.35,1,-1,-1,-1
318,22,2494.73,1353.84,56.08,72.69,1,-1,-1,-1
318,23,1727.37,1173.70,214.61,129.08,1,-1,-1,-1
319,15,2204.63,1335.64,99.13,67.10,1,-1,-1,-1
319,18,670.38,1081.09,492.93,242.88,1,-1,-1,-1
319,20,1954.23,1324.23,218.21,143.64,1,-1,-1,-1
319,22,2494.59,1354.38,56.31,72.02,1,-1,-1,-1
319,23,1726.38,1174.15,217.22,130.55,1,-1,-1,-1
320,15,2201.01,1338.43,85.00,58.36,1,-1,-1,-1
320,18,452.44,1064.40,603.93,293.96,1,-1,-1,-1
320,20,1988.67,1327.04,210.32,138.73,1,-1,-1,-1
320,22,2494.32,1354.62,56.70,71.60,1,-1,-1,-1
320,23,1726.20,1174.49,218.03,130.83,1,-1,-1,-1
321,15,2188.62,1337.12,83.22,57.14,1,-1,-1,-1
321,18,248.49,1045.81,677.50,324.71,1,-1,-1,-1
321,20,2011.06,1327.94,201.25,134.23,1,-1,-1,-1
321,22,2493.98,1354.53,57.43,71.75,1,-1,-1,-1
321,23,1726.05,1174.59,218.40,130.93,1,-1,-1,-1
321,24,2343.76,1341.75,82.73,43.10,1,-1,-1,-1
322,18,128.00,1042.80,725.89,347.64,1,-1,-1,-1
322,20,2037.37,1320.26,213.77,143.05,1,-1,-1,-1
322,22,2494.22,1354.61,57.62,71.43,1,-1,-1,-1
322,23,1726.22,1174.58,217.99,130.69,1,-1,-1,-1
322,24,2343.41,1341.70,81.93,42.69,1,-1,-1,-1
323,18,-6.04,1025.32,774.63,379.52,1,-1,-1,-1
323,20,2057.85,1320.49,207.33,139.54,1,-1,-1,-1
323,22,2494.92,1355.02,57.19,70.49,1,-1,-1,-1
323,23,1726.65,1174.48,217.46,130.54,1,-1,-1,-1
324,18,-106.60,1000.27,827.12,421.10,1,-1,-1,-1
324,20,2086.56,1325.04,198.98,134.29,1,-1,-1,-1
324,22,2495.71,1355.57,56.49,69.26,1,-1,-1,-1
324,23,1727.79,1174.64,215.85,129.72,1,-1,-1,-1
325,18,-121.58,1024.70,719.93,376.79,1,-1,-1,-1
325,20,2110.57,1333.27,177.20,119.54,1,-1,-1,-1
325,22,2496.01,1355.93,56.21,68.56,1,-1,-1,-1
325,23,1729.17,1174.92,213.85,128.73,1,-1,-1,-1
326,18,-144.45,1043.99,624.76,341.47,1,-1,-1,-1
326,20,2147.97,1356.11,174.01,116.68,1,-1,-1,-1
326,22,2495.66,1355.72,56.70,68.79,1,-1,-1,-1
326,23,1730.17,1175.07,212.66,128.30,1,-1,-1,-1
326,26,1972.35,1279.52,171.96,90.85,1,-1,-1,-1
327,14,1717.68,1180.20,176.57,102.04,1,-1,-1,-1
327,18,-221.80,1037.76,640.80,350.24,1,-1,-1,-1
327,20,2165.35,1362.59,176.32,117.08,1,-1,-1,-1
327,22,2495.06,1355.16,57.58,69.52,1,-1,-1,-1
327,23,1730.15,1175.07,212.79,128.38,1,-1,-1,-1
327,26,1944.95,1271.72,188.48,99.71,1,-1,-1,-1
328,14,1718.17,1180.11,175.16,101.25,1,-1,-1,-1
328,20,2195.31,1369.20,169.35,112.92,1,-1,-1,-1
328,22,2494.46,1354.76,58.25,69.97,1,-1,-1,-1
328,26,1904.73,1263.16,198.30,105.24,1,-1,-1,-1
329,14,1718.31,1179.50,171.13,99.68,1,-1,-1,-1
329,20,2212.16,1370.25,167.32,111.94,1,-1,-1,-1
329,22,2494.43,1355.16,58.09,69.36,1,-1,-1,-1
329,26,1862.06,1256.34,204.47,108.77,1,-1,-1,-1
330,14,1719.13,1178.38,164.09,96.45,1,-1,-1,-1
330,20,2224.30,1370.66,165.81,110.91,1,-1,-1,-1
330,22,2494.56,1356.07,57.54,68.13,1,-1,-1,-1
330,26,1830.09,1242.29,217.79,116.84,1,-1,-1,-1
331,14,1720.31,1176.36,157.19,92.50,1,-1,-1,-1
331,20,2242.60,1371.00,165.07,110.47,1,-1,-1,-1
331,22,2494.49,1356.27,57.82,67.95,1,-1,-1,-1
331,26,1790.05,1231.69,227.53,123.18,1,-1,-1,-1
332,14,1719.32,1176.90,162.23,95.07,1,-1,-1,-1
332,20,2257.45,1373.08,160.73,107.68,1,-1,-1,-1
332,22,2494.65,1355.80,58.40,68.30,1,-1,-1,-1
332,26,1769.37,1223.40,227.15,124.43,1,-1,-1,-1
333,14,1719.53,1176.67,161.46,94.62,1,-1,-1,-1
333,20,2271.64,1374.75,158.32,106.58,1,-1,-1,-1
333,22,2494.96,1355.16,58.97,68.84,1,-1,-1,-1
333,26,1706.91,1208.40,236.28,130.41,1,-1,-1,-1
334,20,2282.80,1376.17,157.53,106.79,1,-1,-1,-1
334,22,2495.62,1354.91,58.69,68.45,1,-1,-1,-1
334,26,1671.64,1197.69,251.18,138.04,1,-1,-1,-1
335,20,2299.78,1383.04,154.77,105.55,1,-1,-1,-1
335,22,2496.30,1354.80,58.12,67.74,1,-1,-1,-1
335,26,1609.55,1198.76,240.73,131.06,1,-1,-1,-1
336,20,2315.37,1387.93,150.02,102.64,1,-1,-1,-1
336,22,2496.45,1354.68,57.80,67.19,1,-1,-1,-1
336,23,1734.22,1174.61,212.66,129.19,1,-1,-1,-1
336,26,1551.27,1198.45,236.63,127.40,1,-1,-1,-1
337,20,2328.86,1389.19,148.05,101.68,1,-1,-1,-1
337,22,2496.40,1354.62,57.86,67.06,1,-1,-1,-1
337,23,1731.00,1174.35,215.68,130.75,1,-1,-1,-1
337,26,1518.32,1192.81,249.97,134.89,1,-1,-1,-1
338,20,2337.52,1389.17,148.33,102.45,1,-1,-1,-1
338,22,2496.12,1354.57,58.42,67.41,1,-1,-1,-1
338,23,1726.64,1174.31,219.97,132.74,1,-1,-1,-1
338,26,1475.53,1189.06,256.84,138.29,1,-1,-1,-1
339,20,2353.67,1392.54,143.12,99.08,1,-1,-1,-1
339,22,2496.70,1354.59,58.03,66.66,1,-1,-1,-1
339,23,1723.59,1174.21,222.43,133.25,1,-1,-1,-1
339,26,1401.97,1178.76,254.58,135.29,1,-1,-1,-1
340,20,2365.13,1395.66,140.30,97.17,1,-1,-1,-1
340,22,2497.59,1354.87,57.19,65.29,1,-1,-1,-1
340,23,1722.54,1174.45,223.19,132.97,1,-1,-1,-1
340,26,1336.71,1170.56,263.70,139.13,1,-1,-1,-1
341,20,2375.62,1397.00,139.43,96.61,1,-1,-1,-1
341,22,2498.20,1354.38,56.76,64.46,1,-1,-1,-1
341,23,1722.31,1174.34,224.32,133.21,1,-1,-1,-1
341,26,1271.59,1153.53,310.56,163.58,1,-1,-1,-1
342,20,2383.97,1396.71,139.94,96.66,1,-1,-1,-1
342,22,2497.91,1353.11,57.78,65.41,1,-1,-1,-1
342,23,1722.10,1173.88,225.40,133.46,1,-1,-1,-1
342,26,1186.22,1139.38,347.12,182.08,1,-1,-1,-1
343,20,2399.35,1391.34,142.26,98.58,1,-1,-1,-1
343,22,2497.35,1350.86,59.43,67.29,1,-1,-1,-1
343,23,1721.67,1173.26,226.48,133.72,1,-1,-1,-1
343,26,1131.37,1129.89,376.37,194.48,1,-1,-1,-1
344,20,2407.99,1390.42,142.75,99.34,1,-1,-1,-1
344,22,2497.05,1349.51,60.37,68.58,1,-1,-1,-1
344,23,1721.22,1172.76,227.31,133.82,1,-1,-1,-1
344,26,1045.50,1121.92,403.03,207.85,1,-1,-1,-1
345,20,2413.68,1387.87,147.24,103.51,1,-1,-1,-1
345,22,2498.19,1348.14,60.63,69.66,1,-1,-1,-1
345,23,1721.23,1172.75,227.63,133.64,1,-1,-1,-1
345,26,945.30,1114.20,430.93,222.28,1,-1,-1,-1
346,20,2422.44,1381.15,151.24,108.70,1,-1,-1,-1
346,22,2500.25,1347.42,59.91,70.09,1,-1,-1,-1
346,23,1721.43,1173.05,227.41,133.12,1,-1,-1,-1
346,26,780.31,1109.30,459.23,231.70,1,-1,-1,-1
347,20,2435.06,1381.18,151.55,108.92,1,-1,-1,-1
347,22,2500.58,1346.78,60.14,70.36,1,-1,-1,-1
347,23,1721.70,1173.42,226.88,132.42,1,-1,-1,-1
347,26,700.75,1098.26,479.70,243.56,1,-1,-1,-1
348,23,1721.97,1173.81,226.20,131.68,1,-1,-1,-1
348,26,462.21,1071.69,590.26,290.11,1,-1,-1,-1
349,23,1722.11,1174.09,225.90,131.25,1,-1,-1,-1
349,26,244.54,1053.61,668.17,321.36,1,-1,-1,-1
350,23,1722.15,1174.27,225.92,131.09,1,-1,-1,-1
350,26,129.79,1073.46,712.48,341.86,1,-1,-1,-1
351,23,1722.08,1174.36,226.16,131.10,1,-1,-1,-1
351,26,-24.48,1047.56,767.67,378.77,1,-1,-1,-1
352,23,1721.75,1174.26,226.80,131.43,1,-1,-1,-1
352,26,-115.45,1004.06,828.57,423.37,1,-1,-1,-1
352,28,2485.70,1376.16,74.25,113.74,1,-1,-1,-1
353,23,1721.35,1174.09,227.50,131.88,1,-1,-1,-1
353,26,-116.25,1036.87,699.49,367.70,1,-1,-1,-1
353,28,2493.71,1383.13,66.87,102.77,1,-1,-1,-1
354,23,1721.00,1173.90,228.09,132.32,1,-1,-1,-1
354,26,-202.03,1027.84,722.43,379.75,1,-1,-1,-1
354,28,2499.12,1386.65,62.49,96.38,1,-1,-1,-1
354,29,2464.41,1354.76,77.23,63.77,1,-1,-1,-1
355,23,1720.97,1173.88,228.06,132.41,1,-1,-1,-1
355,28,2503.35,1389.05,58.57,90.71,1,-1,-1,-1
355,29,2464.29,1355.30,76.65,63.20,1,-1,-1,-1
356,23,1720.99,1173.89,227.91,132.42,1,-1,-1,-1
356,28,2506.20,1389.51,55.88,87.34,1,-1,-1,-1
356,29,2464.37,1356.96,74.59,61.39,1,-1,-1,-1
357,22,2493.09,1347.56,65.20,78.48,1,-1,-1,-1
357,23,1721.03,1173.92,227.74,132.43,1,-1,-1,-1
357,28,2518.00,1420.28,42.68,66.96,1,-1,-1,-1
357,29,2464.29,1357.49,74.24,61.10,1,-1,-1,-1
358,22,2494.87,1347.72,62.70,76.80,1,-1,-1,-1
358,23,1721.00,1173.92,227.71,132.51,1,-1,-1,-1
358,28,2516.67,1399.00,46.04,73.75,1,-1,-1,-1
359,22,2497.02,1347.90,60.19,74.50,1,-1,-1,-1
359,23,1721.03,1173.90,227.63,132.54,1,-1,-1,-1
359,28,2518.40,1392.59,45.04,74.03,1,-1,-1,-1
360,22,2498.34,1348.89,58.37,72.70,1,-1,-1,-1
360,23,1721.09,1173.86,227.60,132.61,1,-1,-1,-1
360,28,2521.92,1392.97,42.47,69.80,1,-1,-1,-1
361,22,2498.13,1350.41,57.87,72.21,1,-1,-1,-1
361,23,1721.16,1173.80,227.58,132.69,1,-1,-1,-1
362,22,2496.94,1351.78,58.28,72.59,1,-1,-1,-1
362,23,1721.22,1173.76,227.55,132.76,1,-1,-1,-1
363,22,2495.81,1352.22,59.14,73.58,1,-1,-1,-1
363,23,1721.30,1173.76,227.42,132.77,1,-1,-1,-1
364,22,2495.20,1352.36,59.55,73.98,1,-1,-1,-1
364,23,1721.40,1173.78,227.27,132.75,1,-1,-1,-1
365,22,2494.93,1352.49,59.63,73.93,1,-1,-1,-1
365,23,1721.49,1173.78,227.12,132.73,1,-1,-1,-1
366,22,2494.88,1352.59,59.55,73.67,1,-1,-1,-1
366,23,1721.58,1173.79,226.98,132.71,1,-1,-1,-1
367,22,2494.92,1352.71,59.44,73.35,1,-1,-1,-1
367,23,1721.62,1173.77,226.91,132.72,1,-1,-1,-1
368,22,2495.02,1352.76,59.33,73.06,1,-1,-1,-1
368,23,1721.63,1173.74,226.89,132.74,1,-1,-1,-1
369,22,2495.10,1352.89,59.23,72.78,1,-1,-1,-1
369,23,1721.62,1173.70,226.88,132.77,1,-1,-1,-1
370,22,2495.14,1353.00,59.18,72.59,1,-1,-1,-1
370,23,1721.64,1173.69,226.85,132.78,1,-1,-1,-1
371,22,2495.11,1353.17,59.13,72.37,1,-1,-1,-1
371,23,1721.67,1173.70,226.76,132.75,1,-1,-1,-1
372,22,2495.00,1353.23,59.21,72.32,1,-1,-1,-1
372,23,1721.68,1173.71,226.69,132.73,1,-1,-1,-1
373,22,2494.86,1353.25,59.33,72.30,1,-1,-1,-1
373,23,1721.66,1173.73,226.63,132.74,1,-1,-1,-1
374,22,2494.78,1353.22,59.46,72.32,1,-1,-1,-1
374,23,1721.64,1173.75,226.57,132.74,1,-1,-1,-1
375,22,2494.73,1353.22,59.56,72.31,1,-1,-1,-1
375,23,1721.64,1173.77,226.52,132.75,1,-1,-1,-1
376,22,2494.70,1353.27,59.60,72.24,1,-1,-1,-1
376,23,1721.67,1173.77,226.47,132.73,1,-1,-1,-1
377,22,2494.67,1353.32,59.65,72.17,1,-1,-1,-1
377,23,1721.68,1173.76,226.45,132.74,1,-1,-1,-1
378,22,2494.57,1353.79,59.41,71.68,1,-1,-1,-1
378,23,1721.74,1173.94,226.07,132.48,1,-1,-1,-1
379,22,2494.46,1354.40,59.09,71.05,1,-1,-1,-1
379,23,1721.70,1174.13,225.75,132.21,1,-1,-1,-1
379,30,91.60,835.19,130.18,393.64,1,-1,-1,-1
380,22,2494.36,1355.08,58.71,70.32,1,-1,-1,-1
380,23,1721.64,1174.34,225.45,131.93,1,-1,-1,-1
380,30,114.69,821.25,131.87,398.74,1,-1,-1,-1
381,22,2494.27,1355.31,58.70,70.08,1,-1,-1,-1
381,23,1721.54,1174.40,225.45,131.84,1,-1,-1,-1
382,22,2494.15,1355.31,58.88,70.11,1,-1,-1,-1
382,23,1721.54,1174.45,225.36,131.71,1,-1,-1,-1
383,22,2494.04,1355.23,59.11,70.22,1,-1,-1,-1
383,23,1721.54,1174.49,225.28,131.58,1,-1,-1,-1
383,31,59.56,854.93,505.57,430.77,1,-1,-1,-1
384,22,2493.99,1355.17,59.23,70.22,1,-1,-1,-1
384,23,1721.45,1174.60,225.21,131.47,1,-1,-1,-1
384,31,103.79,874.04,498.20,417.51,1,-1,-1,-1
385,22,2494.00,1355.16,59.27,70.10,1,-1,-1,-1
385,23,1721.26,1174.71,225.24,131.46,1,-1,-1,-1
385,31,154.38,889.85,504.32,412.40,1,-1,-1,-1
386,22,2494.00,1355.17,59.29,69.99,1,-1,-1,-1
386,23,1721.08,1174.85,225.23,131.44,1,-1,-1,-1
386,31,185.89,900.94,515.48,407.23,1,-1,-1,-1
387,22,2493.94,1355.16,59.41,69.99,1,-1,-1,-1
387,23,1720.94,1174.89,225.32,131.48,1,-1,-1,-1
387,31,224.03,909.87,534.57,405.18,1,-1,-1,-1
388,22,2493.76,1354.78,59.76,70.33,1,-1,-1,-1
388,23,1720.82,1174.61,226.00,131.77,1,-1,-1,-1
388,31,264.87,921.00,551.65,400.64,1,-1,-1,-1
389,22,2493.59,1354.42,60.03,70.61,1,-1,-1,-1
389,23,1720.63,1174.15,227.15,132.26,1,-1,-1,-1
389,31,354.66,937.68,564.26,394.39,1,-1,-1,-1
390,22,2493.42,1354.00,60.32,70.95,1,-1,-1,-1
390,23,1720.38,1173.60,228.56,132.84,1,-1,-1,-1
390,31,420.11,953.71,580.25,392.23,1,-1,-1,-1
391,22,2493.38,1353.96,60.33,70.96,1,-1,-1,-1
391,23,1719.99,1173.26,229.77,133.37,1,-1,-1,-1
391,31,522.89,976.95,573.59,374.21,1,-1,-1,-1
392,22,2493.42,1353.93,60.33,70.94,1,-1,-1,-1
392,23,1719.52,1172.99,230.84,133.86,1,-1,-1,-1
392,31,595.79,1000.90,570.05,360.51,1,-1,-1,-1
393,22,2493.50,1353.94,60.26,70.86,1,-1,-1,-1
393,23,1719.02,1172.78,231.73,134.29,1,-1,-1,-1
393,31,663.24,1023.72,558.21,342.60,1,-1,-1,-1
394,22,2493.57,1353.93,60.22,70.81,1,-1,-1,-1
394,23,1718.67,1172.63,232.32,134.57,1,-1,-1,-1
394,31,747.90,1038.78,554.82,332.41,1,-1,-1,-1
395,22,2493.56,1353.89,60.27,70.85,1,-1,-1,-1
395,23,1718.42,1172.57,232.71,134.75,1,-1,-1,-1
395,31,815.66,1056.10,550.05,323.93,1,-1,-1,-1
396,22,2493.48,1353.62,60.49,71.15,1,-1,-1,-1
396,23,1717.97,1172.42,233.30,135.06,1,-1,-1,-1
396,31,884.25,1063.94,525.77,305.73,1,-1,-1,-1
397,22,2493.44,1353.34,60.66,71.43,1,-1,-1,-1
397,23,1717.26,1172.29,234.01,135.42,1,-1,-1,-1
397,31,968.92,1072.86,515.75,298.62,1,-1,-1,-1
398,22,2493.08,1353.15,60.99,71.80,1,-1,-1,-1
398,23,1716.38,1172.20,234.93,136.10,1,-1,-1,-1
398,31,997.51,1067.80,559.78,325.49,1,-1,-1,-1
399,22,2492.59,1353.19,61.30,72.03,1,-1,-1,-1
399,23,1715.73,1172.23,235.30,136.66,1,-1,-1,-1
399,31,1075.19,1085.98,522.90,303.11,1,-1,-1,-1
400,22,2492.01,1353.24,61.71,72.26,1,-1,-1,-1
400,23,1715.81,1172.50,234.13,136.36,1,-1,-1,-1
400,31,1159.87,1098.29,495.18,287.08,1,-1,-1,-1
401,22,2491.71,1353.26,61.99,72.35,1,-1,-1,-1
401,23,1716.65,1172.83,231.78,135.22,1,-1,-1,-1
401,31,1212.23,1122.64,474.38,272.24,1,-1,-1,-1
402,22,2491.52,1353.18,62.27,72.43,1,-1,-1,-1
402,23,1717.77,1173.18,229.73,134.17,1,-1,-1,-1
402,31,1291.20,1125.79,443.25,254.70,1,-1,-1,-1
403,22,2491.35,1353.02,62.61,72.63,1,-1,-1,-1
403,23,1718.52,1173.01,230.39,134.97,1,-1,-1,-1
403,31,1332.02,1140.78,436.12,249.55,1,-1,-1,-1
404,22,2491.17,1352.70,63.06,73.00,1,-1,-1,-1
404,23,1719.27,1172.67,231.45,136.11,1,-1,-1,-1
404,31,1399.22,1156.11,410.00,233.76,1,-1,-1,-1
405,22,2491.00,1352.33,63.48,73.37,1,-1,-1,-1
405,23,1724.07,1173.14,227.94,134.65,1,-1,-1,-1
405,31,1439.26,1167.20,397.37,226.04,1,-1,-1,-1
406,22,2490.83,1351.77,63.95,73.86,1,-1,-1,-1
406,23,1724.52,1173.15,227.95,134.65,1,-1,-1,-1
406,31,1507.76,1176.72,384.69,218.18,1,-1,-1,-1
407,22,2490.68,1351.26,64.34,74.29,1,-1,-1,-1
407,31,1543.66,1184.03,378.65,213.81,1,-1,-1,-1
408,22,2490.85,1351.56,64.10,73.92,1,-1,-1,-1
408,31,1578.78,1191.39,364.63,205.69,1,-1,-1,-1
409,22,2491.13,1352.44,63.49,73.00,1,-1,-1,-1
409,31,1627.24,1192.17,360.00,203.73,1,-1,-1,-1
410,22,2491.40,1353.49,62.88,71.99,1,-1,-1,-1
410,31,1666.18,1196.73,349.82,198.81,1,-1,-1,-1
411,22,2491.48,1354.23,62.55,71.28,1,-1,-1,-1
411,31,1709.17,1202.02,353.95,203.06,1,-1,-1,-1
412,22,2491.53,1354.95,62.26,70.62,1,-1,-1,-1
412,31,1741.68,1213.09,342.00,197.24,1,-1,-1,-1
413,22,2491.70,1355.67,61.87,69.86,1,-1,-1,-1
413,31,1794.88,1236.64,306.56,179.26,1,-1,-1,-1
413,32,1713.81,1175.27,169.33,92.31,1,-1,-1,-1
414,22,2491.82,1356.30,61.60,69.27,1,-1,-1,-1
414,31,1827.49,1250.32,274.69,163.00,1,-1,-1,-1
414,32,1711.54,1177.45,176.28,96.53,1,-1,-1,-1
415,22,2491.93,1356.76,61.46,68.84,1,-1,-1,-1
415,31,1859.34,1254.42,279.28,167.51,1,-1,-1,-1
415,32,1711.58,1178.42,180.38,99.17,1,-1,-1,-1
416,22,2492.05,1357.35,61.17,68.23,1,-1,-1,-1
416,31,1900.29,1259.71,272.77,165.60,1,-1,-1,-1
416,32,1713.31,1179.18,183.33,100.99,1,-1,-1,-1
417,22,2492.08,1357.65,61.14,67.92,1,-1,-1,-1
417,31,1929.15,1267.31,252.81,154.61,1,-1,-1,-1
417,32,1714.39,1179.24,185.35,102.17,1,-1,-1,-1
418,22,2492.07,1357.83,61.20,67.75,1,-1,-1,-1
418,23,1722.61,1173.82,221.63,130.88,1,-1,-1,-1
418,31,1949.16,1273.07,234.92,144.80,1,-1,-1,-1
418,32,1714.27,1180.15,188.66,103.99,1,-1,-1,-1
