1,2,2469.639,1363.790,81.859,58.930,1,-1,-1,-1
1,1,1720.309,1167.572,208.666,132.737,1,-1,-1,-1
2,1,1720.467,1167.652,208.522,132.755,1,-1,-1,-1
2,2,2469.472,1363.508,82.333,59.342,1,-1,-1,-1
3,1,1720.481,1167.689,208.478,132.798,1,-1,-1,-1
3,2,2469.605,1363.586,82.266,59.297,1,-1,-1,-1
4,1,1720.304,1167.835,208.555,132.706,1,-1,-1,-1
4,2,2469.626,1363.597,82.206,59.281,1,-1,-1,-1
5,1,1720.364,1167.732,208.621,132.831,1,-1,-1,-1
5,2,2469.819,1363.421,82.179,59.411,1,-1,-1,-1
6,1,1720.316,1167.678,208.559,132.923,1,-1,-1,-1
6,2,2469.681,1363.698,82.060,59.018,1,-1,-1,-1
7,1,1720.262,1167.690,208.671,132.903,1,-1,-1,-1
7,2,2469.356,1363.782,82.458,58.888,1,-1,-1,-1
8,1,1720.208,1167.703,208.782,132.883,1,-1,-1,-1
8,2,2469.162,1363.742,82.689,58.959,1,-1,-1,-1
9,1,1720.280,1167.744,208.744,132.839,1,-1,-1,-1
9,2,2469.181,1363.730,82.662,58.901,1,-1,-1,-1
10,2,2469.447,1363.721,82.485,58.984,1,-1,-1,-1
10,1,1720.229,1167.581,208.959,133.069,1,-1,-1,-1
11,1,1720.200,1167.844,208.830,132.831,1,-1,-1,-1
11,2,2469.664,1363.421,82.431,59.352,1,-1,-1,-1
12,1,1720.129,1167.867,208.906,132.876,1,-1,-1,-1
12,2,2469.611,1363.225,82.525,59.623,1,-1,-1,-1
13,2,2469.600,1363.340,82.428,59.417,1,-1,-1,-1
13,1,1720.059,1167.891,208.982,132.921,1,-1,-1,-1
14,2,2469.289,1363.564,82.759,59.117,1,-1,-1,-1
14,1,1720.025,1167.936,209.097,132.876,1,-1,-1,-1
15,2,2469.340,1363.551,82.669,59.068,1,-1,-1,-1
15,1,1719.975,1167.875,209.240,132.874,1,-1,-1,-1
16,2,2469.335,1363.552,82.678,59.069,1,-1,-1,-1
16,1,1720.010,1167.780,209.279,133.012,1,-1,-1,-1
17,2,2468.700,1364.110,83.296,58.448,1,-1,-1,-1
17,1,1720.042,1167.762,209.254,133.038,1,-1,-1,-1
18,2,2468.713,1364.118,83.249,58.443,1,-1,-1,-1
18,1,1720.075,1167.744,209.228,133.065,1,-1,-1,-1
19,1,1719.931,1167.770,209.433,133.065,1,-1,-1,-1
19,2,2468.741,1364.125,83.204,58.431,1,-1,-1,-1
20,1,1720.016,1167.726,209.396,133.052,1,-1,-1,-1
20,2,2468.771,1364.166,83.270,58.364,1,-1,-1,-1
21,2,2468.801,1364.130,83.286,58.354,1,-1,-1,-1
21,1,1720.143,1167.750,209.263,133.016,1,-1,-1,-1
22,2,2468.825,1364.142,83.229,58.328,1,-1,-1,-1
22,1,1720.167,1167.740,209.185,132.975,1,-1,-1,-1
23,1,1720.192,1167.729,209.106,132.935,1,-1,-1,-1
23,2,2468.831,1364.138,83.224,58.342,1,-1,-1,-1
24,2,2468.469,1364.256,83.592,58.148,1,-1,-1,-1
24,1,1720.270,1167.758,208.977,132.919,1,-1,-1,-1
25,2,2468.562,1364.202,83.556,58.222,1,-1,-1,-1
25,1,1720.354,1167.811,208.742,132.798,1,-1,-1,-1
26,1,1720.323,1167.814,208.762,132.783,1,-1,-1,-1
26,2,2468.563,1364.202,83.555,58.221,1,-1,-1,-1
27,1,1720.386,1167.790,208.708,132.807,1,-1,-1,-1
27,2,2468.319,1364.266,83.882,58.221,1,-1,-1,-1
28,2,2468.287,1364.256,84.056,58.223,1,-1,-1,-1
28,1,1720.450,1167.766,208.655,132.831,1,-1,-1,-1
29,1,1720.451,1167.815,208.622,132.785,1,-1,-1,-1
29,2,2468.432,1364.253,83.791,58.139,1,-1,-1,-1
30,2,2468.457,1364.286,83.744,58.095,1,-1,-1,-1
30,1,1720.343,1167.765,208.804,132.838,1,-1,-1,-1
31,2,2468.460,1364.288,83.738,58.090,1,-1,-1,-1
31,1,1720.304,1167.760,208.773,132.805,1,-1,-1,-1
32,1,1720.274,1167.686,208.808,132.886,1,-1,-1,-1
32,2,2468.444,1364.276,83.769,58.106,1,-1,-1,-1
33,1,1720.245,1167.611,208.843,132.967,1,-1,-1,-1
33,2,2468.416,1364.231,83.836,58.177,1,-1,-1,-1
34,1,1720.250,1167.637,208.788,132.906,1,-1,-1,-1
34,2,2468.316,1364.190,83.979,58.226,1,-1,-1,-1
35,1,1720.351,1167.745,208.749,132.737,1,-1,-1,-1
35,2,2468.323,1364.181,83.982,58.243,1,-1,-1,-1
36,1,1720.359,1167.714,208.709,132.749,1,-1,-1,-1
36,2,2468.368,1363.970,84.041,58.402,1,-1,-1,-1
37,2,2468.280,1363.778,84.288,58.616,1,-1,-1,-1
37,1,1720.325,1167.669,208.732,132.773,1,-1,-1,-1
38,1,1720.291,1167.625,208.755,132.797,1,-1,-1,-1
38,2,2468.082,1363.823,84.497,58.571,1,-1,-1,-1
39,1,1720.258,1167.601,208.735,132.838,1,-1,-1,-1
39,2,2468.374,1363.745,84.186,58.593,1,-1,-1,-1
40,1,1720.236,1167.611,208.735,132.806,1,-1,-1,-1
40,2,2468.650,1363.885,83.668,58.392,1,-1,-1,-1
41,2,2468.653,1363.873,83.664,58.404,1,-1,-1,-1
41,1,1720.289,1167.546,208.689,132.926,1,-1,-1,-1
42,2,2468.306,1363.783,84.351,58.671,1,-1,-1,-1
42,1,1720.323,1167.624,208.643,132.864,1,-1,-1,-1
43,1,1720.358,1167.701,208.597,132.802,1,-1,-1,-1
43,2,2468.229,1363.775,84.516,58.686,1,-1,-1,-1
44,1,1720.315,1167.658,208.713,132.789,1,-1,-1,-1
44,2,2468.483,1363.690,84.369,58.807,1,-1,-1,-1
45,1,1720.245,1167.782,208.711,132.672,1,-1,-1,-1
45,2,2468.524,1363.560,84.028,58.763,1,-1,-1,-1
46,1,1720.252,1167.785,208.695,132.673,1,-1,-1,-1
46,2,2468.505,1363.524,84.093,58.821,1,-1,-1,-1
47,2,2468.539,1363.532,84.052,58.794,1,-1,-1,-1
47,1,1720.214,1167.813,208.786,132.694,1,-1,-1,-1
48,2,2468.540,1363.534,84.050,58.792,1,-1,-1,-1
48,1,1720.175,1167.842,208.876,132.715,1,-1,-1,-1
49,2,2468.257,1363.391,84.434,59.010,1,-1,-1,-1
49,1,1720.218,1167.931,208.903,132.684,1,-1,-1,-1
50,2,2468.707,1363.705,83.617,58.613,1,-1,-1,-1
50,1,1720.235,1167.928,208.722,132.716,1,-1,-1,-1
51,2,2468.954,1363.917,83.349,58.369,1,-1,-1,-1
51,1,1720.215,1167.931,208.797,132.714,1,-1,-1,-1
52,1,1720.193,1167.943,208.829,132.715,1,-1,-1,-1
52,2,2469.361,1363.928,82.496,58.053,1,-1,-1,-1
53,1,1720.172,1167.954,208.862,132.716,1,-1,-1,-1
53,2,2469.551,1363.786,82.350,58.192,1,-1,-1,-1
54,1,1720.223,1168.022,208.794,132.672,1,-1,-1,-1
54,2,2469.339,1363.945,82.610,58.074,1,-1,-1,-1
55,1,1720.209,1167.973,208.747,132.730,1,-1,-1,-1
55,2,2469.225,1363.948,82.826,58.176,1,-1,-1,-1
56,1,1720.247,1167.907,208.690,132.803,1,-1,-1,-1
56,2,2469.162,1363.975,82.973,58.173,1,-1,-1,-1
57,2,2469.260,1364.023,82.777,58.115,1,-1,-1,-1
57,1,1720.300,1167.904,208.634,132.791,1,-1,-1,-1
58,2,2469.240,1364.011,82.831,58.142,1,-1,-1,-1
58,1,1720.353,1167.900,208.578,132.779,1,-1,-1,-1
59,2,2469.259,1364.013,82.793,58.132,1,-1,-1,-1
59,1,1720.306,1167.923,208.658,132.723,1,-1,-1,-1
60,2,2469.275,1363.957,82.739,58.212,1,-1,-1,-1
60,1,1720.265,1167.963,208.608,132.735,1,-1,-1,-1
61,1,1720.224,1168.067,208.662,132.646,1,-1,-1,-1
61,2,2469.336,1363.761,82.810,58.252,1,-1,-1,-1
62,1,1720.245,1168.009,208.673,132.673,1,-1,-1,-1
62,2,2469.111,1363.336,83.310,58.835,1,-1,-1,-1
63,1,1720.266,1167.950,208.685,132.701,1,-1,-1,-1
63,2,2469.128,1363.350,83.281,58.806,1,-1,-1,-1
64,1,1720.260,1167.975,208.640,132.718,1,-1,-1,-1
64,2,2469.111,1363.359,83.303,58.811,1,-1,-1,-1
65,2,2468.435,1363.272,84.752,59.466,1,-1,-1,-1
65,1,1720.314,1168.042,208.600,132.668,1,-1,-1,-1
66,1,1720.295,1168.090,208.563,132.662,1,-1,-1,-1
66,2,2469.440,1364.009,82.683,58.332,1,-1,-1,-1
67,2,2469.703,1364.156,82.115,58.458,1,-1,-1,-1
67,1,1720.354,1167.993,208.434,132.765,1,-1,-1,-1
68,1,1720.412,1167.897,208.305,132.868,1,-1,-1,-1
68,2,2471.111,1365.042,78.821,58.779,1,-1,-1,-1
69,2,2470.057,1363.237,80.322,64.083,1,-1,-1,-1
69,1,1720.335,1167.797,208.322,132.959,1,-1,-1,-1
70,1,1720.376,1167.765,208.460,132.932,1,-1,-1,-1
70,2,2470.197,1366.020,80.148,61.991,1,-1,-1,-1
71,1,1720.382,1169.301,209.744,131.401,1,-1,-1,-1
71,2,2476.865,1371.665,66.498,51.669,1,-1,-1,-1
72,1,1720.393,1169.275,209.604,131.480,1,-1,-1,-1
72,2,2476.492,1369.929,66.601,55.741,1,-1,-1,-1
73,1,1720.404,1169.248,209.464,131.559,1,-1,-1,-1
73,2,2476.618,1367.952,67.708,59.284,1,-1,-1,-1
74,1,1720.393,1169.280,209.423,131.577,1,-1,-1,-1
74,2,2476.440,1369.547,67.569,57.851,1,-1,-1,-1
75,2,2476.414,1370.114,67.569,57.851,1,-1,-1,-1
75,1,1720.230,1169.149,209.883,131.719,1,-1,-1,-1
76,2,2476.388,1370.682,67.569,57.851,1,-1,-1,-1
76,1,1720.206,1169.252,209.812,131.430,1,-1,-1,-1
77,2,2476.362,1371.249,67.569,57.851,1,-1,-1,-1
77,1,1720.118,1169.373,209.866,131.355,1,-1,-1,-1
78,2,2476.336,1371.816,67.569,57.851,1,-1,-1,-1
78,1,1720.030,1169.494,209.920,131.281,1,-1,-1,-1
79,2,2440.466,1363.341,116.499,86.276,1,-1,-1,-1
79,1,1720.163,1169.586,210.037,131.287,1,-1,-1,-1
80,2,2431.187,1362.627,118.040,82.158,1,-1,-1,-1
80,1,1720.405,1169.691,209.430,131.301,1,-1,-1,-1
81,2,2428.971,1357.186,113.372,81.965,1,-1,-1,-1
81,1,1720.244,1169.749,209.276,131.238,1,-1,-1,-1
82,1,1720.351,1169.548,209.141,131.190,1,-1,-1,-1
82,2,2408.510,1359.927,112.353,76.591,1,-1,-1,-1
83,2,2399.368,1357.043,119.900,77.509,1,-1,-1,-1
83,1,1720.457,1169.347,209.006,131.142,1,-1,-1,-1
84,2,2374.159,1354.358,108.499,76.997,1,-1,-1,-1
84,3,2464.103,1364.218,80.008,63.366,1,-1,-1,-1
84,1,1720.728,1169.440,208.574,130.944,1,-1,-1,-1
85,3,2478.228,1366.851,68.236,56.928,1,-1,-1,-1
85,2,2355.776,1340.028,127.725,90.463,1,-1,-1,-1
85,1,1721.087,1169.368,207.991,131.265,1,-1,-1,-1
86,1,1721.545,1169.479,207.225,131.272,1,-1,-1,-1
86,2,2342.113,1336.424,132.447,93.284,1,-1,-1,-1
86,3,2476.204,1368.801,76.451,54.001,1,-1,-1,-1
87,3,2476.600,1368.423,76.836,52.264,1,-1,-1,-1
87,2,2321.716,1333.922,136.043,91.307,1,-1,-1,-1
87,1,1721.366,1169.363,207.629,131.223,1,-1,-1,-1
88,1,1721.188,1169.247,208.033,131.173,1,-1,-1,-1
88,3,2472.482,1366.183,82.423,53.934,1,-1,-1,-1
88,2,2305.852,1332.812,134.922,90.821,1,-1,-1,-1
89,1,1721.558,1169.241,207.298,131.249,1,-1,-1,-1
89,3,2473.770,1365.904,78.949,53.271,1,-1,-1,-1
89,2,2293.563,1329.650,138.098,88.603,1,-1,-1,-1
90,1,1712.175,1178.447,222.657,119.814,1,-1,-1,-1
90,3,2470.756,1365.202,81.938,54.212,1,-1,-1,-1
90,2,2272.171,1328.823,139.594,87.173,1,-1,-1,-1
91,2,2251.617,1324.564,150.897,92.866,1,-1,-1,-1
91,3,2468.589,1364.741,84.199,56.350,1,-1,-1,-1
91,1,1712.168,1178.448,222.670,119.808,1,-1,-1,-1
92,2,2246.903,1320.123,146.389,97.739,1,-1,-1,-1
92,3,2466.962,1365.568,84.896,56.844,1,-1,-1,-1
92,1,1712.161,1178.450,222.683,119.801,1,-1,-1,-1
93,2,2239.919,1312.103,126.980,101.956,1,-1,-1,-1
93,3,2470.045,1366.427,80.514,55.231,1,-1,-1,-1
93,1,1712.169,1178.439,222.658,119.808,1,-1,-1,-1
94,3,2471.018,1366.604,80.033,55.459,1,-1,-1,-1
94,1,1712.200,1178.494,222.648,119.785,1,-1,-1,-1
94,2,2242.653,1313.445,114.488,97.018,1,-1,-1,-1
95,3,2470.690,1366.336,81.544,55.952,1,-1,-1,-1
95,1,1722.984,1169.462,205.665,131.433,1,-1,-1,-1
95,2,2249.673,1324.143,86.197,82.058,1,-1,-1,-1
96,3,2469.902,1366.429,82.481,56.208,1,-1,-1,-1
96,4,2139.104,1292.712,89.351,82.049,1,-1,-1,-1
96,1,1712.200,1178.498,222.664,119.777,1,-1,-1,-1
96,2,2244.564,1321.926,81.298,80.454,1,-1,-1,-1
97,4,2117.960,1277.366,137.806,100.612,1,-1,-1,-1
97,1,1712.277,1178.522,222.354,119.806,1,-1,-1,-1
97,3,2469.316,1366.378,82.962,56.581,1,-1,-1,-1
98,3,2469.246,1365.845,83.134,57.402,1,-1,-1,-1
98,1,1712.354,1178.547,222.043,119.835,1,-1,-1,-1
98,4,2088.139,1272.007,137.440,110.162,1,-1,-1,-1
99,3,2469.180,1365.848,83.188,57.403,1,-1,-1,-1
99,4,2063.209,1268.409,151.940,113.485,1,-1,-1,-1
99,1,1712.354,1178.522,221.713,119.846,1,-1,-1,-1
100,3,2469.206,1365.931,83.200,57.337,1,-1,-1,-1
100,4,2033.156,1262.837,173.625,113.214,1,-1,-1,-1
100,1,1712.321,1178.602,222.269,119.369,1,-1,-1,-1
101,4,2003.971,1257.101,186.452,115.871,1,-1,-1,-1
101,1,1713.582,1178.812,216.276,118.501,1,-1,-1,-1
102,4,1971.673,1254.347,214.108,132.139,1,-1,-1,-1
102,1,1714.842,1179.023,210.284,117.633,1,-1,-1,-1
103,4,1947.606,1251.059,214.419,128.405,1,-1,-1,-1
103,1,1717.045,1179.940,212.755,115.140,1,-1,-1,-1
104,4,1919.337,1241.210,222.877,128.328,1,-1,-1,-1
104,1,1720.455,1180.353,198.065,110.870,1,-1,-1,-1
105,1,1725.127,1177.794,176.193,99.376,1,-1,-1,-1
105,4,1902.725,1236.144,219.450,126.488,1,-1,-1,-1
106,5,0.831,1466.977,346.974,452.459,1,-1,-1,-1
106,4,1886.114,1231.078,216.024,124.647,1,-1,-1,-1
107,1,1790.958,1209.170,264.405,152.390,1,-1,-1,-1
107,5,5.966,1344.959,628.054,559.422,1,-1,-1,-1
108,5,0.000,1291.879,830.669,608.796,1,-1,-1,-1
108,1,1746.195,1185.874,256.925,163.802,1,-1,-1,-1
109,1,1720.730,1183.219,267.714,167.761,1,-1,-1,-1
109,5,5.086,1305.323,984.007,590.530,1,-1,-1,-1
109,4,1836.279,1215.879,205.744,119.126,1,-1,-1,-1
110,5,63.385,1301.872,1082.793,509.901,1,-1,-1,-1
110,1,1673.741,1173.219,271.407,173.447,1,-1,-1,-1
110,4,1819.667,1210.813,202.318,117.286,1,-1,-1,-1
111,6,2468.935,1363.855,84.034,58.611,1,-1,-1,-1
111,1,1634.634,1165.024,300.250,175.515,1,-1,-1,-1
111,5,350.685,1269.779,925.464,462.894,1,-1,-1,-1
111,4,1803.056,1205.747,198.891,115.445,1,-1,-1,-1
112,1,1595.527,1156.830,329.093,177.583,1,-1,-1,-1
112,5,590.749,1270.985,759.935,439.476,1,-1,-1,-1
112,4,1786.444,1200.681,195.465,113.605,1,-1,-1,-1
112,6,2469.081,1363.808,83.788,58.636,1,-1,-1,-1
113,1,1531.480,1143.177,359.610,183.415,1,-1,-1,-1
113,5,748.627,1270.063,693.855,387.641,1,-1,-1,-1
113,4,1769.832,1195.614,192.038,111.765,1,-1,-1,-1
113,6,2468.838,1363.773,84.106,58.697,1,-1,-1,-1
114,6,2468.872,1363.830,84.061,58.662,1,-1,-1,-1
114,4,1753.221,1190.548,188.612,109.924,1,-1,-1,-1
114,1,1485.815,1134.537,319.975,191.009,1,-1,-1,-1
114,5,905.552,1267.198,620.136,347.601,1,-1,-1,-1
115,4,1736.609,1185.482,185.185,108.084,1,-1,-1,-1
115,5,1035.948,1264.579,550.819,318.730,1,-1,-1,-1
115,1,1424.262,1123.563,332.112,202.518,1,-1,-1,-1
115,6,2468.850,1363.820,84.075,58.682,1,-1,-1,-1
116,4,1730.476,1179.726,193.963,118.152,1,-1,-1,-1
116,6,2468.823,1363.821,84.083,58.654,1,-1,-1,-1
116,1,1362.710,1112.590,344.250,214.028,1,-1,-1,-1
116,5,1133.113,1264.767,494.267,293.678,1,-1,-1,-1
117,6,2468.859,1363.825,84.018,58.629,1,-1,-1,-1
117,4,1707.336,1179.108,220.312,118.393,1,-1,-1,-1
117,1,1289.870,1101.847,371.181,227.825,1,-1,-1,-1
117,5,1231.586,1273.144,447.352,252.766,1,-1,-1,-1
118,6,2468.890,1363.805,83.956,58.612,1,-1,-1,-1
118,5,1311.038,1261.559,412.384,254.659,1,-1,-1,-1
118,7,1711.732,1179.022,219.430,119.324,1,-1,-1,-1
118,1,1217.030,1091.104,398.111,241.622,1,-1,-1,-1
119,7,1711.624,1179.055,221.021,119.632,1,-1,-1,-1
119,6,2469.209,1363.952,83.475,58.308,1,-1,-1,-1
119,5,1387.005,1263.845,384.351,244.113,1,-1,-1,-1
119,1,1144.189,1080.360,425.042,255.419,1,-1,-1,-1
120,7,1712.327,1178.923,220.576,119.890,1,-1,-1,-1
120,5,1456.015,1274.405,350.528,227.968,1,-1,-1,-1
120,6,2469.317,1364.017,83.365,58.216,1,-1,-1,-1
120,1,1071.349,1069.617,451.973,269.217,1,-1,-1,-1
121,1,998.509,1058.874,478.903,283.014,1,-1,-1,-1
121,6,2470.392,1361.695,82.908,61.030,1,-1,-1,-1
121,7,1713.925,1180.035,218.259,115.740,1,-1,-1,-1
121,5,1511.775,1277.680,319.446,190.571,1,-1,-1,-1
122,7,1713.303,1179.975,217.918,115.144,1,-1,-1,-1
122,1,925.669,1048.131,505.834,296.811,1,-1,-1,-1
122,5,1578.831,1289.107,284.755,161.885,1,-1,-1,-1
122,6,2470.309,1361.843,83.162,60.796,1,-1,-1,-1
123,6,2470.285,1361.839,83.155,60.762,1,-1,-1,-1
123,5,1628.720,1290.114,286.536,147.304,1,-1,-1,-1
123,1,814.217,1040.340,585.261,318.867,1,-1,-1,-1
123,7,1715.662,1180.614,216.702,113.633,1,-1,-1,-1
124,6,2470.158,1361.792,83.373,60.759,1,-1,-1,-1
124,1,697.098,1032.197,635.159,337.948,1,-1,-1,-1
124,7,1718.022,1181.252,215.485,112.123,1,-1,-1,-1
124,8,1672.432,1297.292,274.795,135.158,1,-1,-1,-1
125,6,2470.179,1361.813,83.352,60.729,1,-1,-1,-1
125,7,1716.683,1180.387,213.954,111.817,1,-1,-1,-1
125,8,1717.759,1363.134,283.682,167.610,1,-1,-1,-1
125,1,579.979,1024.053,685.058,357.028,1,-1,-1,-1
126,6,2470.293,1362.129,82.813,60.228,1,-1,-1,-1
126,8,1732.418,1360.807,282.004,177.344,1,-1,-1,-1
126,1,409.691,1018.869,803.766,393.339,1,-1,-1,-1
126,7,1714.376,1180.113,214.289,111.563,1,-1,-1,-1
127,8,1747.022,1361.379,270.591,187.299,1,-1,-1,-1
127,1,212.891,999.245,905.698,434.641,1,-1,-1,-1
127,7,1714.374,1179.976,216.216,114.502,1,-1,-1,-1
127,9,1811.283,1299.135,251.177,159.967,1,-1,-1,-1
127,6,2470.544,1362.116,82.481,60.273,1,-1,-1,-1
128,1,16.090,979.622,1007.630,475.942,1,-1,-1,-1
128,6,2470.249,1362.078,82.921,60.363,1,-1,-1,-1
128,9,1839.892,1304.754,244.923,152.075,1,-1,-1,-1
128,7,1714.371,1179.838,218.144,117.441,1,-1,-1,-1
129,1,8.046,951.319,918.488,534.283,1,-1,-1,-1
129,6,2470.136,1361.996,82.995,60.448,1,-1,-1,-1
129,9,1874.652,1308.844,245.292,147.881,1,-1,-1,-1
129,7,1712.880,1179.701,220.036,117.475,1,-1,-1,-1
130,7,1712.568,1179.585,221.523,118.619,1,-1,-1,-1
130,1,0.000,927.477,786.487,507.317,1,-1,-1,-1
130,9,1904.165,1307.585,240.031,143.918,1,-1,-1,-1
130,6,2470.136,1361.988,83.001,60.461,1,-1,-1,-1
131,1,5.206,931.716,623.015,522.790,1,-1,-1,-1
131,10,1936.316,1313.787,224.820,135.146,1,-1,-1,-1
131,6,2468.465,1363.323,84.462,59.657,1,-1,-1,-1
131,9,1711.656,1178.400,219.419,119.458,1,-1,-1,-1
132,9,1711.984,1178.452,217.667,119.011,1,-1,-1,-1
132,6,2468.361,1363.237,84.818,59.857,1,-1,-1,-1
132,10,1975.720,1323.103,209.680,131.564,1,-1,-1,-1
132,1,12.503,1004.004,426.405,490.796,1,-1,-1,-1
133,6,2467.907,1363.845,85.510,59.291,1,-1,-1,-1
133,10,2006.076,1325.485,180.264,128.141,1,-1,-1,-1
133,9,1711.880,1178.404,216.829,118.977,1,-1,-1,-1
134,9,1711.689,1178.419,217.079,119.001,1,-1,-1,-1
134,10,2035.021,1327.059,168.823,121.375,1,-1,-1,-1
134,6,2468.154,1363.955,85.001,59.144,1,-1,-1,-1
135,10,2071.417,1334.551,168.092,105.940,1,-1,-1,-1
135,6,2468.172,1363.969,84.988,59.125,1,-1,-1,-1
135,9,1711.744,1178.416,217.138,119.009,1,-1,-1,-1
136,10,2092.668,1337.341,173.037,106.252,1,-1,-1,-1
136,9,1711.807,1178.417,217.144,119.010,1,-1,-1,-1
136,6,2468.311,1364.005,84.742,59.039,1,-1,-1,-1
137,6,2468.376,1364.066,84.733,58.944,1,-1,-1,-1
137,9,1711.790,1178.410,217.226,119.035,1,-1,-1,-1
137,10,2127.463,1347.774,167.809,102.054,1,-1,-1,-1
138,10,2167.864,1363.099,152.854,97.732,1,-1,-1,-1
138,9,1711.787,1178.409,217.266,118.997,1,-1,-1,-1
138,6,2468.223,1363.966,84.951,59.038,1,-1,-1,-1
139,10,2191.823,1362.360,148.550,101.603,1,-1,-1,-1
139,9,1711.947,1178.467,217.063,119.014,1,-1,-1,-1
139,6,2467.914,1363.788,85.026,59.153,1,-1,-1,-1
140,10,2205.189,1364.766,154.563,100.020,1,-1,-1,-1
140,9,1711.899,1178.463,217.089,118.984,1,-1,-1,-1
140,6,2468.592,1364.490,83.704,57.521,1,-1,-1,-1
141,9,1714.116,1178.550,216.962,118.035,1,-1,-1,-1
141,10,2216.951,1364.836,162.859,100.058,1,-1,-1,-1
141,6,2472.309,1365.670,78.014,54.903,1,-1,-1,-1
142,6,2474.254,1366.554,75.543,53.613,1,-1,-1,-1
142,9,1714.160,1178.605,216.879,117.927,1,-1,-1,-1
142,10,2230.540,1364.184,175.097,102.185,1,-1,-1,-1
143,10,2262.252,1368.640,160.382,100.423,1,-1,-1,-1
143,6,2475.840,1368.237,73.486,50.805,1,-1,-1,-1
143,9,1714.189,1178.571,216.932,117.898,1,-1,-1,-1
144,10,2283.656,1371.074,150.635,99.582,1,-1,-1,-1
144,9,1714.286,1178.553,216.695,117.917,1,-1,-1,-1
144,6,2479.979,1369.513,68.202,49.463,1,-1,-1,-1
145,10,2303.651,1372.753,144.523,100.480,1,-1,-1,-1
145,9,1713.851,1178.727,217.377,117.484,1,-1,-1,-1
145,6,2479.081,1368.879,68.830,49.818,1,-1,-1,-1
146,9,1713.869,1178.714,217.313,117.573,1,-1,-1,-1
146,10,2320.585,1373.786,147.233,104.730,1,-1,-1,-1
146,6,2478.000,1368.480,70.431,49.607,1,-1,-1,-1
147,10,2346.908,1383.375,138.437,96.509,1,-1,-1,-1
147,9,1713.873,1178.678,217.135,117.558,1,-1,-1,-1
147,6,2479.364,1369.118,68.423,50.319,1,-1,-1,-1
148,10,2364.871,1384.810,132.612,99.005,1,-1,-1,-1
148,6,2475.354,1368.112,76.043,55.228,1,-1,-1,-1
148,9,1713.710,1178.680,217.345,117.643,1,-1,-1,-1
149,6,2473.248,1366.089,79.679,58.899,1,-1,-1,-1
149,10,2380.764,1386.826,139.868,100.974,1,-1,-1,-1
149,9,1713.643,1178.719,217.459,117.565,1,-1,-1,-1
150,10,2393.273,1388.729,144.076,102.538,1,-1,-1,-1
150,6,2473.854,1369.451,79.229,56.982,1,-1,-1,-1
150,9,1713.674,1178.693,217.460,117.639,1,-1,-1,-1
151,10,2414.607,1377.670,128.697,111.256,1,-1,-1,-1
151,6,2474.010,1371.165,79.229,56.982,1,-1,-1,-1
151,9,1714.689,1178.962,217.447,118.303,1,-1,-1,-1
152,6,2424.937,1374.777,123.878,112.690,1,-1,-1,-1
152,9,1714.499,1178.933,217.548,118.420,1,-1,-1,-1
153,11,0.000,1481.068,1277.278,425.503,1,-1,-1,-1
153,6,2444.612,1373.885,113.938,116.056,1,-1,-1,-1
153,9,1714.546,1178.940,217.459,118.383,1,-1,-1,-1
154,11,0.000,1440.894,1180.214,472.785,1,-1,-1,-1
154,9,1714.485,1178.951,217.528,118.372,1,-1,-1,-1
155,9,1714.381,1178.921,217.737,118.419,1,-1,-1,-1
155,11,0.000,1378.088,1033.135,535.969,1,-1,-1,-1
156,9,1714.418,1178.905,217.764,118.415,1,-1,-1,-1
156,11,1.192,1340.891,869.195,569.586,1,-1,-1,-1
157,11,23.806,1348.951,619.558,563.313,1,-1,-1,-1
157,9,1714.773,1178.596,217.881,118.664,1,-1,-1,-1
158,11,0.000,1308.092,458.431,590.013,1,-1,-1,-1
158,9,1714.815,1178.574,217.378,118.705,1,-1,-1,-1
159,12,2464.111,1366.409,83.857,56.430,1,-1,-1,-1
159,9,1715.044,1178.710,217.042,118.514,1,-1,-1,-1
159,11,0.282,1512.995,230.033,400.671,1,-1,-1,-1
160,9,1715.113,1178.638,216.988,118.521,1,-1,-1,-1
160,12,2469.040,1368.976,74.695,49.608,1,-1,-1,-1
161,12,2470.533,1365.082,78.310,54.694,1,-1,-1,-1
161,9,1717.614,1174.148,212.571,124.880,1,-1,-1,-1
162,12,2466.770,1362.975,86.923,59.683,1,-1,-1,-1
162,9,1720.114,1169.659,208.154,131.239,1,-1,-1,-1
163,9,1720.219,1169.586,208.132,131.347,1,-1,-1,-1
164,9,1720.154,1169.533,208.216,131.379,1,-1,-1,-1
165,9,1720.077,1169.633,208.178,131.290,1,-1,-1,-1
165,13,2467.950,1363.578,85.995,59.795,1,-1,-1,-1
166,9,1720.245,1169.628,208.069,131.297,1,-1,-1,-1
166,13,2468.299,1364.148,84.875,59.591,1,-1,-1,-1
167,13,2468.758,1363.336,84.156,62.842,1,-1,-1,-1
167,9,1720.413,1169.623,207.960,131.304,1,-1,-1,-1
168,13,2468.267,1362.168,83.588,65.004,1,-1,-1,-1
168,9,1720.522,1169.599,207.723,131.355,1,-1,-1,-1
169,9,1720.205,1169.581,207.706,131.784,1,-1,-1,-1
170,9,1720.204,1169.589,207.718,131.817,1,-1,-1,-1
171,9,1712.993,1178.970,217.841,117.641,1,-1,-1,-1
172,9,1713.131,1178.894,217.678,117.777,1,-1,-1,-1
173,9,1713.124,1178.871,217.604,117.791,1,-1,-1,-1
174,9,1713.147,1178.881,217.497,117.786,1,-1,-1,-1
175,9,1713.105,1178.884,217.471,117.750,1,-1,-1,-1
176,9,1713.199,1178.889,217.484,117.743,1,-1,-1,-1
177,9,1713.176,1178.910,217.565,117.741,1,-1,-1,-1
178,9,1713.146,1178.932,217.627,117.721,1,-1,-1,-1
178,14,2445.588,1363.344,108.370,82.010,1,-1,-1,-1
179,9,1713.133,1178.935,217.689,117.732,1,-1,-1,-1
179,14,2434.733,1363.486,117.595,79.552,1,-1,-1,-1
180,9,1713.147,1178.946,217.655,117.728,1,-1,-1,-1
180,14,2421.802,1362.671,128.481,74.957,1,-1,-1,-1
181,9,1713.425,1178.694,216.592,117.814,1,-1,-1,-1
181,14,2410.042,1362.422,123.933,72.863,1,-1,-1,-1
182,9,1713.435,1178.685,216.623,117.827,1,-1,-1,-1
182,14,2398.416,1358.520,118.333,76.662,1,-1,-1,-1
183,9,1713.390,1178.682,216.883,117.838,1,-1,-1,-1
183,15,2473.931,1369.264,69.522,52.910,1,-1,-1,-1
183,14,2388.066,1353.453,110.902,78.376,1,-1,-1,-1
184,9,1713.420,1178.660,216.721,117.864,1,-1,-1,-1
184,15,2475.715,1367.400,74.608,56.316,1,-1,-1,-1
184,14,2370.797,1348.458,121.330,81.849,1,-1,-1,-1
185,15,2474.950,1369.554,76.990,51.444,1,-1,-1,-1
185,14,2353.941,1344.057,123.817,84.696,1,-1,-1,-1
185,9,1713.439,1178.664,216.706,117.839,1,-1,-1,-1
186,14,2341.458,1340.498,126.380,85.161,1,-1,-1,-1
186,15,2470.424,1368.189,84.658,50.784,1,-1,-1,-1
186,9,1713.503,1178.672,216.684,117.841,1,-1,-1,-1
187,15,2472.166,1364.148,80.884,54.154,1,-1,-1,-1
187,9,1713.495,1178.669,216.718,117.834,1,-1,-1,-1
187,14,2334.779,1340.844,116.948,81.031,1,-1,-1,-1
188,15,2470.481,1363.142,83.545,56.373,1,-1,-1,-1
188,9,1713.589,1178.663,216.633,117.824,1,-1,-1,-1
188,14,2317.661,1339.156,122.100,82.618,1,-1,-1,-1
189,9,1713.651,1178.646,216.546,117.861,1,-1,-1,-1
189,15,2471.404,1364.081,80.765,55.264,1,-1,-1,-1
189,14,2304.334,1333.857,129.531,81.504,1,-1,-1,-1
190,14,2289.452,1332.750,120.607,81.291,1,-1,-1,-1
190,9,1713.679,1178.607,216.475,117.921,1,-1,-1,-1
190,15,2470.625,1365.287,80.039,55.096,1,-1,-1,-1
191,14,2264.743,1328.034,132.577,84.906,1,-1,-1,-1
191,9,1713.641,1178.609,216.539,117.925,1,-1,-1,-1
191,15,2465.641,1364.460,85.792,57.003,1,-1,-1,-1
192,9,1713.582,1178.603,216.677,117.947,1,-1,-1,-1
192,15,2467.662,1364.402,83.341,57.421,1,-1,-1,-1
192,14,2253.457,1322.445,131.432,87.117,1,-1,-1,-1
193,15,2468.549,1364.366,82.970,57.743,1,-1,-1,-1
193,14,2249.201,1324.256,121.556,84.538,1,-1,-1,-1
193,9,1713.681,1178.606,216.414,117.875,1,-1,-1,-1
194,15,2469.845,1364.552,81.483,57.811,1,-1,-1,-1
194,14,2237.820,1318.326,115.845,89.902,1,-1,-1,-1
194,9,1713.707,1178.598,216.383,117.893,1,-1,-1,-1
195,15,2469.599,1364.623,82.143,57.931,1,-1,-1,-1
195,9,1713.721,1178.630,216.415,117.847,1,-1,-1,-1
195,14,2232.650,1323.259,106.214,80.563,1,-1,-1,-1
196,9,1713.707,1178.623,216.427,117.856,1,-1,-1,-1
196,15,2469.554,1364.658,82.465,58.025,1,-1,-1,-1
196,14,2238.943,1330.889,92.841,65.913,1,-1,-1,-1
197,9,1713.749,1178.616,216.317,117.855,1,-1,-1,-1
197,14,2225.232,1319.281,79.481,49.965,1,-1,-1,-1
197,15,2468.997,1364.461,83.025,58.531,1,-1,-1,-1
198,9,1713.946,1178.695,216.281,117.788,1,-1,-1,-1
198,14,2162.170,1304.764,99.286,68.645,1,-1,-1,-1
198,15,2469.588,1364.345,82.936,58.878,1,-1,-1,-1
199,9,1713.695,1178.687,215.954,117.965,1,-1,-1,-1
199,15,2469.142,1364.092,83.912,59.370,1,-1,-1,-1
199,14,2099.109,1290.247,119.092,87.324,1,-1,-1,-1
200,15,2469.202,1364.073,83.849,59.445,1,-1,-1,-1
200,14,2080.907,1281.308,137.696,100.781,1,-1,-1,-1
200,9,1713.520,1178.625,217.308,117.885,1,-1,-1,-1
201,15,2466.986,1365.436,86.014,57.164,1,-1,-1,-1
201,14,2058.383,1279.847,146.947,99.211,1,-1,-1,-1
201,9,1713.463,1178.531,217.537,117.701,1,-1,-1,-1
202,9,1713.862,1178.792,215.491,117.259,1,-1,-1,-1
202,15,2466.591,1365.391,86.663,57.205,1,-1,-1,-1
202,14,2034.049,1272.665,176.667,110.766,1,-1,-1,-1
203,15,2466.574,1365.390,86.603,57.185,1,-1,-1,-1
203,9,1713.990,1178.901,214.380,117.367,1,-1,-1,-1
203,14,2007.386,1267.039,178.407,103.936,1,-1,-1,-1
204,9,1714.252,1178.632,212.339,116.673,1,-1,-1,-1
204,15,2466.561,1365.364,86.631,57.203,1,-1,-1,-1
204,14,1984.007,1259.973,187.146,107.689,1,-1,-1,-1
205,15,2465.616,1365.473,88.024,57.292,1,-1,-1,-1
205,9,1714.867,1178.935,213.962,115.523,1,-1,-1,-1
205,14,1954.279,1257.231,184.741,106.046,1,-1,-1,-1
206,14,1919.184,1248.327,201.248,114.313,1,-1,-1,-1
206,15,2465.465,1365.532,88.191,57.249,1,-1,-1,-1
206,9,1717.381,1179.520,201.938,114.205,1,-1,-1,-1
207,14,1889.539,1242.463,209.128,118.476,1,-1,-1,-1
207,9,1718.388,1178.953,198.334,106.646,1,-1,-1,-1
207,15,2465.480,1365.546,88.166,57.239,1,-1,-1,-1
208,14,1850.865,1240.144,224.038,117.830,1,-1,-1,-1
208,9,1724.048,1177.761,169.766,97.576,1,-1,-1,-1
208,15,2465.633,1365.540,87.957,57.243,1,-1,-1,-1
209,14,1834.168,1225.019,210.756,134.440,1,-1,-1,-1
209,9,1722.585,1175.634,159.908,100.167,1,-1,-1,-1
209,15,2465.658,1365.548,87.935,57.239,1,-1,-1,-1
210,9,1722.229,1174.667,147.491,96.164,1,-1,-1,-1
210,15,2465.682,1365.551,87.908,57.228,1,-1,-1,-1
210,14,1784.163,1214.323,224.445,135.839,1,-1,-1,-1
211,14,1744.073,1205.716,239.290,141.103,1,-1,-1,-1
211,15,2465.648,1365.571,87.953,57.198,1,-1,-1,-1
212,15,2465.605,1365.535,88.067,57.238,1,-1,-1,-1
212,14,1731.884,1204.649,237.776,138.681,1,-1,-1,-1
213,15,2465.427,1365.455,88.375,57.297,1,-1,-1,-1
213,14,1670.788,1180.484,251.558,149.821,1,-1,-1,-1
214,15,2465.427,1365.456,88.375,57.297,1,-1,-1,-1
214,14,1633.125,1177.575,285.229,151.718,1,-1,-1,-1
215,15,2465.541,1365.058,87.761,57.523,1,-1,-1,-1
215,14,1588.055,1173.760,303.925,153.151,1,-1,-1,-1
216,14,1541.584,1164.448,312.724,161.986,1,-1,-1,-1
216,15,2465.302,1365.326,88.092,57.287,1,-1,-1,-1
217,16,1757.150,1187.063,177.234,111.278,1,-1,-1,-1
217,15,2465.555,1365.410,87.776,57.102,1,-1,-1,-1
217,14,1486.378,1166.763,289.474,152.221,1,-1,-1,-1
218,16,1731.544,1163.793,219.252,139.162,1,-1,-1,-1
218,15,2465.798,1365.511,87.254,56.937,1,-1,-1,-1
218,14,1457.737,1148.629,291.272,171.724,1,-1,-1,-1
219,15,2465.722,1365.475,87.374,57.094,1,-1,-1,-1
219,16,1706.203,1168.939,214.293,129.270,1,-1,-1,-1
219,14,1383.856,1141.215,310.710,174.127,1,-1,-1,-1
220,15,2465.673,1365.455,87.454,57.096,1,-1,-1,-1
220,16,1704.317,1173.053,207.665,126.883,1,-1,-1,-1
220,14,1322.374,1134.011,339.177,180.683,1,-1,-1,-1
221,15,2467.185,1364.098,86.043,59.286,1,-1,-1,-1
221,14,1249.028,1116.847,360.867,195.976,1,-1,-1,-1
221,16,1706.846,1168.833,214.158,129.997,1,-1,-1,-1
222,15,2466.979,1364.161,86.330,59.298,1,-1,-1,-1
222,16,1714.817,1178.435,216.418,118.905,1,-1,-1,-1
222,14,1187.127,1112.997,374.176,200.421,1,-1,-1,-1
223,15,2467.024,1364.112,86.286,59.288,1,-1,-1,-1
223,16,1716.758,1172.590,215.061,125.575,1,-1,-1,-1
223,14,1098.792,1096.190,407.154,220.763,1,-1,-1,-1
224,15,2467.420,1364.086,85.775,59.257,1,-1,-1,-1
224,16,1718.699,1166.744,213.705,132.245,1,-1,-1,-1
224,14,1023.223,1095.396,418.470,230.181,1,-1,-1,-1
225,15,2468.102,1364.203,85.088,58.982,1,-1,-1,-1
225,14,926.649,1083.749,456.342,247.452,1,-1,-1,-1
225,16,1716.380,1167.223,212.713,132.538,1,-1,-1,-1
226,16,1719.879,1167.662,210.324,131.589,1,-1,-1,-1
226,14,814.135,1072.738,511.459,262.423,1,-1,-1,-1
226,15,2467.394,1364.099,85.797,59.201,1,-1,-1,-1
227,14,693.867,1064.508,567.482,278.513,1,-1,-1,-1
227,15,2467.400,1364.098,85.787,59.204,1,-1,-1,-1
227,16,1718.492,1167.595,208.733,131.673,1,-1,-1,-1
228,15,2467.300,1364.063,85.922,59.267,1,-1,-1,-1
228,14,539.384,1050.149,638.488,303.496,1,-1,-1,-1
228,16,1716.874,1173.074,212.607,125.211,1,-1,-1,-1
229,15,2468.340,1364.234,84.654,59.031,1,-1,-1,-1
229,16,1715.255,1178.553,216.481,118.749,1,-1,-1,-1
229,14,405.503,1036.611,669.186,327.869,1,-1,-1,-1
230,16,1715.350,1178.537,216.315,118.795,1,-1,-1,-1
230,15,2468.346,1364.243,84.656,59.028,1,-1,-1,-1
230,14,203.818,1024.806,776.203,351.946,1,-1,-1,-1
231,15,2467.366,1363.167,87.441,59.122,1,-1,-1,-1
231,14,29.062,1008.446,836.894,398.652,1,-1,-1,-1
231,16,1717.710,1172.752,213.568,126.174,1,-1,-1,-1
232,15,2467.927,1363.589,86.330,58.510,1,-1,-1,-1
232,16,1720.070,1166.968,210.820,133.554,1,-1,-1,-1
232,14,0.000,1014.640,760.948,408.984,1,-1,-1,-1
233,15,2468.327,1363.705,85.570,58.242,1,-1,-1,-1
233,14,7.338,1001.267,600.044,406.181,1,-1,-1,-1
233,16,1719.958,1167.095,210.668,133.389,1,-1,-1,-1
234,15,2468.234,1363.730,85.673,58.196,1,-1,-1,-1
234,14,3.605,954.455,425.511,474.285,1,-1,-1,-1
234,16,1720.139,1166.690,210.795,133.645,1,-1,-1,-1
235,14,9.725,992.550,175.355,433.151,1,-1,-1,-1
235,16,1720.050,1166.929,210.716,133.415,1,-1,-1,-1
235,15,2468.402,1363.672,85.507,58.238,1,-1,-1,-1
236,15,2468.699,1363.689,85.172,58.213,1,-1,-1,-1
236,16,1720.042,1166.893,210.704,133.479,1,-1,-1,-1
237,15,2468.371,1363.702,85.747,58.404,1,-1,-1,-1
237,16,1720.035,1166.857,210.692,133.542,1,-1,-1,-1
238,15,2468.719,1363.777,85.033,58.118,1,-1,-1,-1
238,16,1719.963,1166.836,210.745,133.441,1,-1,-1,-1
239,15,2468.801,1363.763,84.990,58.154,1,-1,-1,-1
239,16,1719.908,1166.772,210.737,133.527,1,-1,-1,-1
240,15,2468.644,1363.734,84.949,58.227,1,-1,-1,-1
240,16,1719.798,1166.799,210.713,133.470,1,-1,-1,-1
241,15,2469.009,1363.427,84.742,58.637,1,-1,-1,-1
241,16,1719.950,1166.881,210.555,133.568,1,-1,-1,-1
242,16,1720.102,1166.963,210.398,133.666,1,-1,-1,-1
242,15,2468.930,1363.403,84.846,58.678,1,-1,-1,-1
243,15,2469.222,1363.438,84.365,58.480,1,-1,-1,-1
243,16,1720.059,1167.008,210.427,133.658,1,-1,-1,-1
244,15,2469.256,1363.486,84.393,58.444,1,-1,-1,-1
244,16,1719.916,1167.130,210.501,133.674,1,-1,-1,-1
245,16,1719.857,1167.133,210.508,133.749,1,-1,-1,-1
245,15,2469.648,1363.901,83.702,57.976,1,-1,-1,-1
246,16,1719.866,1167.131,210.520,133.734,1,-1,-1,-1
246,15,2469.719,1363.892,83.545,57.952,1,-1,-1,-1
247,16,1719.876,1167.129,210.531,133.719,1,-1,-1,-1
247,15,2469.956,1363.964,83.174,57.796,1,-1,-1,-1
248,16,1719.872,1167.018,210.525,133.732,1,-1,-1,-1
248,15,2469.989,1363.971,83.112,57.779,1,-1,-1,-1
249,16,1719.847,1167.068,210.450,133.684,1,-1,-1,-1
249,15,2470.170,1363.973,82.747,57.658,1,-1,-1,-1
250,16,1719.836,1167.062,210.462,133.690,1,-1,-1,-1
250,15,2470.094,1363.927,82.890,57.738,1,-1,-1,-1
251,16,1719.857,1167.057,210.380,133.638,1,-1,-1,-1
251,15,2470.108,1363.951,82.888,57.844,1,-1,-1,-1
252,15,2470.670,1364.510,81.631,57.110,1,-1,-1,-1
252,16,1719.878,1167.052,210.298,133.586,1,-1,-1,-1
253,15,2470.932,1364.651,81.210,57.002,1,-1,-1,-1
253,16,1719.946,1167.221,210.168,133.407,1,-1,-1,-1
254,15,2470.757,1364.762,81.266,57.094,1,-1,-1,-1
254,16,1720.066,1167.227,210.160,133.471,1,-1,-1,-1
255,16,1720.144,1167.176,210.036,133.481,1,-1,-1,-1
255,15,2471.657,1364.950,78.955,58.103,1,-1,-1,-1
256,16,1720.211,1167.203,210.017,133.444,1,-1,-1,-1
256,15,2473.563,1365.111,75.417,59.497,1,-1,-1,-1
257,16,1720.278,1167.229,209.998,133.407,1,-1,-1,-1
257,15,2471.437,1362.944,79.158,63.524,1,-1,-1,-1
258,16,1720.157,1167.118,210.207,133.485,1,-1,-1,-1
258,15,2471.631,1365.629,78.790,61.775,1,-1,-1,-1
259,16,1720.155,1167.175,210.054,133.399,1,-1,-1,-1
259,15,2473.132,1367.816,72.203,56.221,1,-1,-1,-1
260,16,1720.192,1167.174,209.971,133.423,1,-1,-1,-1
260,15,2473.135,1366.778,72.803,58.129,1,-1,-1,-1
261,16,1720.196,1167.285,210.028,133.355,1,-1,-1,-1
261,15,2472.886,1366.630,72.803,58.129,1,-1,-1,-1
262,16,1720.199,1167.396,210.085,133.288,1,-1,-1,-1
262,15,2472.637,1366.482,72.803,58.129,1,-1,-1,-1
263,16,1720.061,1167.493,210.241,133.227,1,-1,-1,-1
263,15,2472.388,1366.333,72.803,58.129,1,-1,-1,-1
264,15,2472.139,1366.185,72.803,58.129,1,-1,-1,-1
264,16,1720.171,1167.284,210.328,133.357,1,-1,-1,-1
265,15,2471.890,1366.036,72.803,58.129,1,-1,-1,-1
265,16,1719.961,1167.208,210.582,133.403,1,-1,-1,-1
266,16,1720.000,1167.164,210.733,133.350,1,-1,-1,-1
266,15,2459.784,1363.680,97.477,78.596,1,-1,-1,-1
267,16,1720.040,1167.119,210.885,133.298,1,-1,-1,-1
267,15,2449.199,1367.655,106.798,73.803,1,-1,-1,-1
268,16,1719.991,1167.168,211.118,133.290,1,-1,-1,-1
268,15,2435.318,1378.737,117.925,63.821,1,-1,-1,-1
269,15,2436.817,1378.961,117.074,67.936,1,-1,-1,-1
269,16,1719.643,1166.843,211.623,133.556,1,-1,-1,-1
270,15,2452.339,1375.434,86.055,53.936,1,-1,-1,-1
270,16,1720.046,1167.196,210.492,133.381,1,-1,-1,-1
271,17,2411.604,1372.552,98.664,63.242,1,-1,-1,-1
271,16,1719.276,1167.639,211.704,132.728,1,-1,-1,-1
271,15,2459.638,1374.193,79.764,52.368,1,-1,-1,-1
272,16,1718.507,1168.082,212.916,132.075,1,-1,-1,-1
272,15,2466.937,1372.951,73.474,50.800,1,-1,-1,-1
272,17,2405.386,1369.568,92.161,64.517,1,-1,-1,-1
273,17,2380.494,1362.078,96.538,69.280,1,-1,-1,-1
273,15,2474.235,1371.710,67.183,49.232,1,-1,-1,-1
273,16,1718.795,1168.249,212.113,131.931,1,-1,-1,-1
274,15,2475.715,1368.560,72.533,52.622,1,-1,-1,-1
274,17,2361.958,1360.589,110.908,69.169,1,-1,-1,-1
274,16,1718.667,1168.243,212.625,131.971,1,-1,-1,-1
275,15,2474.707,1368.694,75.305,50.692,1,-1,-1,-1
275,17,2356.428,1359.754,104.211,65.915,1,-1,-1,-1
275,16,1718.846,1168.261,212.124,131.994,1,-1,-1,-1
276,15,2475.535,1367.409,74.774,50.690,1,-1,-1,-1
276,16,1719.434,1168.494,211.184,131.861,1,-1,-1,-1
276,17,2335.739,1355.052,114.149,68.636,1,-1,-1,-1
277,17,2320.926,1352.500,115.170,68.459,1,-1,-1,-1
277,16,1720.022,1168.727,210.245,131.727,1,-1,-1,-1
277,15,2477.098,1365.225,72.974,53.715,1,-1,-1,-1
278,16,1720.436,1168.720,209.773,131.628,1,-1,-1,-1
278,17,2306.112,1349.949,116.190,68.283,1,-1,-1,-1
278,15,2473.026,1364.853,76.867,54.285,1,-1,-1,-1
279,16,1720.883,1168.543,209.160,132.074,1,-1,-1,-1
279,17,2291.299,1347.397,117.211,68.106,1,-1,-1,-1
279,15,2471.160,1365.041,79.114,54.328,1,-1,-1,-1
280,15,2470.068,1365.167,80.825,55.266,1,-1,-1,-1
280,17,2276.599,1339.524,113.135,73.519,1,-1,-1,-1
280,16,1720.796,1168.496,209.536,132.110,1,-1,-1,-1
281,15,2469.837,1364.572,81.603,56.865,1,-1,-1,-1
281,16,1720.875,1168.480,209.312,132.208,1,-1,-1,-1
281,17,2270.494,1338.007,115.569,76.441,1,-1,-1,-1
282,16,1720.953,1168.465,209.088,132.307,1,-1,-1,-1
282,15,2469.349,1364.248,82.496,57.687,1,-1,-1,-1
282,17,2243.951,1335.905,127.296,78.755,1,-1,-1,-1
283,16,1720.882,1168.563,209.759,132.272,1,-1,-1,-1
283,17,2235.417,1334.075,119.845,75.468,1,-1,-1,-1
283,15,2469.555,1363.976,82.857,58.553,1,-1,-1,-1
284,17,2232.764,1329.727,103.663,78.095,1,-1,-1,-1
284,16,1721.597,1168.779,209.324,132.165,1,-1,-1,-1
284,15,2469.551,1363.607,82.823,59.266,1,-1,-1,-1
285,17,2240.687,1337.496,84.133,63.155,1,-1,-1,-1
285,16,1721.035,1168.521,209.589,131.986,1,-1,-1,-1
285,15,2469.898,1363.729,82.069,58.894,1,-1,-1,-1
286,15,2469.496,1363.747,82.876,59.188,1,-1,-1,-1
286,17,2225.791,1336.561,81.893,63.238,1,-1,-1,-1
286,16,1721.250,1168.383,209.048,132.066,1,-1,-1,-1
286,18,2149.056,1319.996,64.583,51.270,1,-1,-1,-1
287,15,2469.014,1363.087,84.368,60.461,1,-1,-1,-1
287,17,2227.410,1338.668,62.707,55.331,1,-1,-1,-1
287,16,1721.464,1168.245,208.506,132.146,1,-1,-1,-1
287,18,2131.869,1311.440,92.859,69.109,1,-1,-1,-1
288,16,1720.979,1167.905,209.658,132.161,1,-1,-1,-1
288,18,2108.522,1303.738,115.377,73.951,1,-1,-1,-1
288,15,2469.202,1362.910,84.105,60.650,1,-1,-1,-1
289,16,1721.080,1167.660,211.014,133.039,1,-1,-1,-1
289,18,2080.207,1302.744,139.032,79.411,1,-1,-1,-1
289,15,2468.537,1362.478,84.906,61.279,1,-1,-1,-1
290,16,1716.094,1173.542,216.673,125.458,1,-1,-1,-1
290,18,2061.016,1296.271,145.592,84.036,1,-1,-1,-1
290,15,2468.687,1362.442,84.777,61.328,1,-1,-1,-1
291,18,2041.049,1294.480,159.928,85.697,1,-1,-1,-1
291,16,1711.109,1179.424,222.331,117.876,1,-1,-1,-1
291,15,2468.850,1362.378,84.521,61.415,1,-1,-1,-1
292,18,2005.733,1288.232,181.051,91.146,1,-1,-1,-1
292,16,1722.509,1167.944,212.173,132.478,1,-1,-1,-1
292,15,2469.284,1362.355,83.711,61.398,1,-1,-1,-1
293,19,1.338,1345.697,574.427,562.512,1,-1,-1,-1
293,16,1712.322,1179.277,216.107,117.102,1,-1,-1,-1
293,15,2470.062,1364.698,79.485,58.980,1,-1,-1,-1
293,18,1990.093,1284.063,180.116,93.029,1,-1,-1,-1
294,18,1964.109,1276.188,179.004,94.339,1,-1,-1,-1
294,16,1713.652,1179.719,216.743,116.501,1,-1,-1,-1
294,15,2471.219,1363.999,76.856,61.409,1,-1,-1,-1
294,19,3.532,1264.900,795.962,648.641,1,-1,-1,-1
295,15,2469.286,1363.053,80.246,64.178,1,-1,-1,-1
295,18,1930.522,1270.384,183.225,94.834,1,-1,-1,-1
295,19,0.000,1275.626,988.447,628.377,1,-1,-1,-1
295,16,1714.982,1180.161,217.379,115.899,1,-1,-1,-1
296,15,2470.512,1364.934,79.935,62.934,1,-1,-1,-1
296,19,6.671,1272.973,1083.849,601.826,1,-1,-1,-1
296,16,1715.149,1179.985,213.906,109.432,1,-1,-1,-1
296,18,1900.486,1263.738,193.360,97.426,1,-1,-1,-1
297,18,1874.890,1254.401,189.504,102.408,1,-1,-1,-1
297,19,189.200,1276.514,1022.988,508.283,1,-1,-1,-1
297,15,2471.532,1365.329,69.216,58.679,1,-1,-1,-1
297,16,1718.609,1178.602,195.607,101.023,1,-1,-1,-1
298,18,1841.978,1244.099,192.620,108.798,1,-1,-1,-1
298,19,433.460,1254.817,892.533,473.307,1,-1,-1,-1
298,16,1719.282,1178.788,196.842,102.600,1,-1,-1,-1
298,15,2472.610,1364.716,70.125,59.942,1,-1,-1,-1
299,18,1805.806,1237.493,200.723,109.688,1,-1,-1,-1
299,19,636.630,1248.727,758.307,442.208,1,-1,-1,-1
299,16,1719.956,1178.973,198.076,104.177,1,-1,-1,-1
299,15,2472.595,1364.263,70.125,59.942,1,-1,-1,-1
300,18,1763.509,1229.493,218.428,114.199,1,-1,-1,-1
300,19,790.183,1259.685,683.495,400.313,1,-1,-1,-1
300,16,1720.629,1179.159,199.311,105.754,1,-1,-1,-1
300,15,2472.581,1363.810,70.125,59.942,1,-1,-1,-1
301,15,2472.567,1363.357,70.125,59.942,1,-1,-1,-1
301,18,1731.172,1211.864,219.225,127.470,1,-1,-1,-1
301,19,928.642,1264.014,602.708,361.935,1,-1,-1,-1
302,15,2472.552,1362.904,70.125,59.942,1,-1,-1,-1
302,19,1046.568,1243.355,559.396,349.625,1,-1,-1,-1
302,16,1721.976,1179.530,201.780,108.908,1,-1,-1,-1
303,19,1137.931,1246.344,519.010,317.025,1,-1,-1,-1
303,18,1651.344,1194.968,255.492,135.639,1,-1,-1,-1
303,15,2445.570,1366.828,109.403,76.564,1,-1,-1,-1
304,16,1723.323,1179.901,204.250,112.062,1,-1,-1,-1
304,19,1232.354,1254.053,461.308,291.432,1,-1,-1,-1
304,15,2434.865,1366.690,113.289,71.714,1,-1,-1,-1
305,19,1311.614,1272.162,416.605,255.798,1,-1,-1,-1
305,18,1576.407,1186.243,295.191,132.405,1,-1,-1,-1
305,16,1723.996,1180.087,205.485,113.639,1,-1,-1,-1
305,15,2414.419,1368.864,114.848,68.703,1,-1,-1,-1
306,16,1724.670,1180.272,206.719,115.216,1,-1,-1,-1
306,19,1384.868,1270.788,384.904,243.209,1,-1,-1,-1
306,15,2403.627,1365.238,106.639,72.091,1,-1,-1,-1
306,18,1541.891,1178.937,267.116,136.343,1,-1,-1,-1
307,15,2395.985,1365.057,95.176,68.030,1,-1,-1,-1
307,18,1489.890,1172.466,272.986,141.221,1,-1,-1,-1
307,19,1445.744,1271.482,370.226,231.692,1,-1,-1,-1
307,16,1725.343,1180.458,207.954,116.793,1,-1,-1,-1
307,20,2481.234,1370.645,61.721,50.845,1,-1,-1,-1
308,15,2368.002,1359.691,109.708,68.061,1,-1,-1,-1
308,20,2477.878,1368.695,74.395,52.898,1,-1,-1,-1
308,19,1491.912,1268.634,343.336,197.179,1,-1,-1,-1
308,16,1714.169,1178.462,218.016,120.733,1,-1,-1,-1
308,18,1437.889,1165.994,278.857,146.099,1,-1,-1,-1
309,19,1558.285,1269.947,309.885,189.146,1,-1,-1,-1
309,16,1718.394,1179.231,211.539,118.375,1,-1,-1,-1
309,18,1385.888,1159.523,284.727,150.977,1,-1,-1,-1
309,15,2355.379,1356.162,105.445,69.928,1,-1,-1,-1
309,20,2473.839,1368.201,76.755,51.942,1,-1,-1,-1
310,16,1719.370,1179.336,212.746,117.252,1,-1,-1,-1
310,20,2475.413,1365.481,76.458,53.060,1,-1,-1,-1
310,19,1612.810,1278.844,297.951,181.291,1,-1,-1,-1
310,15,2340.817,1349.116,107.408,72.332,1,-1,-1,-1
310,18,1322.262,1149.092,309.508,161.369,1,-1,-1,-1
311,16,1720.346,1179.442,213.953,116.129,1,-1,-1,-1
311,15,2322.358,1346.708,113.678,72.883,1,-1,-1,-1
311,19,1656.366,1293.880,293.178,154.456,1,-1,-1,-1
311,18,1263.959,1140.265,335.369,168.385,1,-1,-1,-1
311,20,2472.741,1362.071,79.372,58.200,1,-1,-1,-1
312,18,1197.959,1128.098,349.065,175.660,1,-1,-1,-1
312,19,1712.723,1294.538,287.093,166.328,1,-1,-1,-1
312,20,2469.673,1363.328,81.423,57.887,1,-1,-1,-1
312,15,2313.785,1345.194,108.806,74.757,1,-1,-1,-1
312,16,1717.858,1179.041,215.035,114.371,1,-1,-1,-1
313,19,1843.394,1330.273,174.074,130.118,1,-1,-1,-1
313,15,2288.976,1341.046,115.298,73.439,1,-1,-1,-1
313,20,2468.534,1361.518,81.214,58.790,1,-1,-1,-1
313,16,1713.273,1179.026,217.038,112.433,1,-1,-1,-1
313,18,1125.119,1130.501,374.718,174.776,1,-1,-1,-1
314,15,2270.904,1336.792,117.601,79.098,1,-1,-1,-1
314,19,1881.392,1332.653,168.080,130.044,1,-1,-1,-1
314,18,1047.832,1111.672,407.097,196.855,1,-1,-1,-1
314,16,1704.899,1174.026,222.258,120.531,1,-1,-1,-1
314,20,2467.502,1361.439,83.470,59.651,1,-1,-1,-1
315,15,2250.553,1335.015,128.769,77.327,1,-1,-1,-1
315,18,954.678,1107.404,435.919,205.019,1,-1,-1,-1
315,20,2468.798,1361.490,82.514,59.428,1,-1,-1,-1
315,19,1919.389,1335.034,162.086,129.971,1,-1,-1,-1
315,16,1696.525,1169.026,227.479,128.628,1,-1,-1,-1
316,16,1704.170,1170.112,222.726,128.473,1,-1,-1,-1
316,18,869.268,1100.134,483.362,221.787,1,-1,-1,-1
316,15,2241.182,1333.189,119.522,77.407,1,-1,-1,-1
316,20,2469.410,1361.160,82.201,60.309,1,-1,-1,-1
316,19,1957.387,1337.414,156.092,129.897,1,-1,-1,-1
317,19,1887.813,1309.304,247.328,158.260,1,-1,-1,-1
317,18,765.694,1091.065,543.973,232.327,1,-1,-1,-1
317,16,1711.655,1178.660,219.889,118.488,1,-1,-1,-1
317,20,2470.052,1361.201,80.985,60.520,1,-1,-1,-1
317,15,2233.814,1331.406,103.307,77.262,1,-1,-1,-1
318,20,2469.944,1361.385,80.952,60.398,1,-1,-1,-1
318,21,1912.731,1314.395,245.702,158.432,1,-1,-1,-1
318,16,1717.467,1178.070,202.561,103.966,1,-1,-1,-1
318,18,649.063,1087.645,580.257,241.357,1,-1,-1,-1
318,15,2239.044,1335.602,84.956,64.771,1,-1,-1,-1
319,19,1712.388,1178.423,218.018,118.689,1,-1,-1,-1
319,15,2223.562,1333.848,77.778,67.695,1,-1,-1,-1
319,21,1954.630,1323.760,231.178,140.486,1,-1,-1,-1
319,18,526.305,1076.020,632.987,271.672,1,-1,-1,-1
319,20,2469.498,1361.144,81.435,60.749,1,-1,-1,-1
320,18,362.739,1065.984,695.384,285.194,1,-1,-1,-1
320,21,1982.347,1327.876,224.775,133.266,1,-1,-1,-1
320,20,2469.350,1360.964,81.568,61.058,1,-1,-1,-1
320,19,1712.314,1178.442,217.961,118.724,1,-1,-1,-1
321,20,2469.168,1360.856,81.826,61.247,1,-1,-1,-1
321,18,167.078,1072.652,799.249,295.338,1,-1,-1,-1
321,21,2009.901,1311.141,217.177,143.667,1,-1,-1,-1
321,19,1712.320,1178.480,218.169,118.686,1,-1,-1,-1
322,20,2469.184,1360.946,81.793,61.144,1,-1,-1,-1
322,19,1712.097,1178.573,219.405,118.803,1,-1,-1,-1
322,21,2036.591,1303.602,194.211,157.096,1,-1,-1,-1
322,18,18.735,1049.719,846.706,339.046,1,-1,-1,-1
323,19,1711.463,1178.896,223.995,118.809,1,-1,-1,-1
323,21,2039.688,1293.164,193.004,168.736,1,-1,-1,-1
323,18,0.000,1041.025,763.472,371.825,1,-1,-1,-1
323,20,2469.854,1362.103,82.038,60.674,1,-1,-1,-1
324,18,5.702,1012.021,608.979,389.052,1,-1,-1,-1
324,21,2086.897,1326.325,146.272,124.749,1,-1,-1,-1
324,20,2469.607,1362.064,82.310,60.625,1,-1,-1,-1
324,22,2028.520,1282.674,143.463,105.761,1,-1,-1,-1
324,19,1711.850,1179.208,222.247,118.047,1,-1,-1,-1
325,18,0.488,1007.435,453.418,411.653,1,-1,-1,-1
325,22,1997.641,1279.849,167.935,94.071,1,-1,-1,-1
325,21,2111.471,1343.871,114.806,99.297,1,-1,-1,-1
325,20,2470.835,1362.563,80.259,59.911,1,-1,-1,-1
325,19,1712.322,1179.351,221.287,117.872,1,-1,-1,-1
326,20,2470.660,1362.484,80.541,59.809,1,-1,-1,-1
326,22,1974.828,1275.625,163.787,92.905,1,-1,-1,-1
326,21,2128.111,1346.966,95.525,96.159,1,-1,-1,-1
326,18,4.035,1087.774,243.786,298.954,1,-1,-1,-1
326,19,1713.273,1179.295,219.749,117.549,1,-1,-1,-1
327,22,1943.492,1271.498,164.716,94.761,1,-1,-1,-1
327,19,1713.582,1179.891,220.329,116.227,1,-1,-1,-1
327,21,2185.700,1371.718,159.370,112.068,1,-1,-1,-1
327,20,2471.341,1362.558,79.439,59.305,1,-1,-1,-1
328,23,1906.362,1260.625,185.276,99.109,1,-1,-1,-1
328,21,2197.486,1368.166,161.908,113.034,1,-1,-1,-1
328,20,2471.447,1362.815,79.555,58.599,1,-1,-1,-1
328,22,1716.907,1178.190,201.780,102.296,1,-1,-1,-1
329,23,1868.094,1251.624,181.660,106.405,1,-1,-1,-1
329,19,1714.362,1178.515,203.910,107.223,1,-1,-1,-1
329,20,2470.848,1363.117,80.393,57.923,1,-1,-1,-1
329,21,2200.548,1363.695,177.501,119.340,1,-1,-1,-1
330,23,1831.553,1241.392,189.371,112.869,1,-1,-1,-1
330,21,2214.467,1365.930,186.618,114.821,1,-1,-1,-1
330,20,2471.658,1363.095,80.228,57.976,1,-1,-1,-1
330,19,1718.526,1177.872,177.422,110.638,1,-1,-1,-1
331,23,1790.597,1233.199,199.498,117.543,1,-1,-1,-1
331,21,2220.271,1365.843,194.951,117.154,1,-1,-1,-1
331,20,2473.456,1364.750,77.724,55.872,1,-1,-1,-1
331,19,1722.152,1177.356,155.874,94.471,1,-1,-1,-1
332,19,1720.821,1169.762,157.965,99.235,1,-1,-1,-1
332,21,2249.478,1366.356,166.585,117.288,1,-1,-1,-1
332,23,1754.295,1222.725,200.561,119.146,1,-1,-1,-1
332,20,2474.545,1364.970,76.477,55.788,1,-1,-1,-1
333,21,2272.147,1367.831,161.494,111.861,1,-1,-1,-1
333,20,2476.493,1366.201,74.232,54.103,1,-1,-1,-1
333,19,1717.872,1163.808,157.965,99.235,1,-1,-1,-1
333,23,1711.465,1215.733,218.308,122.283,1,-1,-1,-1
334,21,2280.501,1370.378,162.634,114.198,1,-1,-1,-1
334,19,1669.040,1194.684,238.846,137.149,1,-1,-1,-1
334,20,2477.388,1366.348,72.367,53.576,1,-1,-1,-1
335,23,1745.093,1248.597,216.709,120.352,1,-1,-1,-1
335,19,1612.570,1207.626,240.431,124.036,1,-1,-1,-1
335,20,2476.270,1366.514,73.325,53.453,1,-1,-1,-1
335,21,2300.385,1374.883,154.784,110.593,1,-1,-1,-1
336,23,1752.734,1191.084,184.208,108.184,1,-1,-1,-1
336,19,1573.766,1193.865,241.905,130.023,1,-1,-1,-1
336,20,2474.596,1367.124,73.546,53.115,1,-1,-1,-1
336,21,2316.701,1375.386,149.873,110.231,1,-1,-1,-1
337,23,1733.988,1171.143,218.463,130.187,1,-1,-1,-1
337,21,2332.125,1384.483,143.413,104.069,1,-1,-1,-1
337,20,2475.524,1367.850,72.589,51.323,1,-1,-1,-1
337,19,1515.073,1190.485,252.603,133.428,1,-1,-1,-1
338,20,2473.562,1365.929,77.573,54.807,1,-1,-1,-1
338,21,2342.755,1384.173,143.964,103.134,1,-1,-1,-1
338,19,1460.608,1183.431,267.938,143.310,1,-1,-1,-1
338,23,1727.705,1172.085,220.158,130.585,1,-1,-1,-1
339,19,1408.662,1176.104,282.132,143.573,1,-1,-1,-1
339,23,1716.481,1172.702,214.703,129.467,1,-1,-1,-1
339,21,2356.363,1386.570,138.141,100.321,1,-1,-1,-1
339,20,2474.631,1366.791,75.951,54.689,1,-1,-1,-1
340,23,1705.258,1173.320,209.249,128.350,1,-1,-1,-1
340,21,2364.473,1392.691,151.576,104.940,1,-1,-1,-1
340,19,1344.394,1161.942,284.145,158.081,1,-1,-1,-1
340,20,2471.716,1363.743,80.774,59.769,1,-1,-1,-1
341,23,1715.478,1172.265,208.996,125.802,1,-1,-1,-1
341,20,2470.754,1364.766,80.757,59.297,1,-1,-1,-1
341,19,1289.830,1153.262,304.715,166.141,1,-1,-1,-1
341,21,2374.195,1391.424,151.959,106.291,1,-1,-1,-1
342,20,2471.151,1366.295,80.689,58.764,1,-1,-1,-1
342,19,1195.617,1146.129,333.147,174.113,1,-1,-1,-1
342,21,2383.860,1394.258,149.360,100.704,1,-1,-1,-1
342,23,1718.096,1170.874,212.373,127.533,1,-1,-1,-1
343,23,1724.708,1168.196,208.040,130.905,1,-1,-1,-1
343,21,2399.699,1386.766,146.301,110.046,1,-1,-1,-1
343,20,2471.111,1367.272,80.689,58.764,1,-1,-1,-1
343,19,1108.028,1140.585,361.948,184.359,1,-1,-1,-1
344,21,2399.030,1380.149,151.746,117.657,1,-1,-1,-1
344,19,998.054,1121.567,413.471,213.105,1,-1,-1,-1
344,23,1723.772,1168.332,206.978,131.296,1,-1,-1,-1
345,23,1722.836,1168.468,205.916,131.687,1,-1,-1,-1
345,21,2416.360,1378.434,132.689,115.361,1,-1,-1,-1
345,19,883.362,1123.332,462.223,219.124,1,-1,-1,-1
346,20,2470.990,1370.202,80.689,58.764,1,-1,-1,-1
346,23,1721.565,1167.802,204.629,132.086,1,-1,-1,-1
346,19,769.159,1105.422,520.799,241.386,1,-1,-1,-1
347,20,2443.021,1374.121,115.805,118.181,1,-1,-1,-1
347,19,609.556,1102.520,585.524,255.921,1,-1,-1,-1
347,23,1715.036,1179.139,213.712,117.545,1,-1,-1,-1
348,23,1715.157,1179.052,213.212,117.480,1,-1,-1,-1
348,19,414.873,1088.603,708.970,285.776,1,-1,-1,-1
349,19,245.097,1084.646,726.827,313.341,1,-1,-1,-1
349,23,1715.278,1178.965,212.712,117.415,1,-1,-1,-1
350,19,18.185,1079.996,815.321,335.735,1,-1,-1,-1
350,23,1715.308,1178.969,212.741,117.482,1,-1,-1,-1
351,19,0.000,1069.053,696.812,377.568,1,-1,-1,-1
351,23,1715.268,1178.968,212.796,117.493,1,-1,-1,-1
352,23,1717.664,1173.913,210.898,124.677,1,-1,-1,-1
352,19,0.691,1060.317,493.180,387.944,1,-1,-1,-1
353,23,1720.060,1168.858,209.000,131.862,1,-1,-1,-1
353,19,4.474,1076.795,251.679,382.279,1,-1,-1,-1
354,23,1720.022,1168.924,208.835,131.687,1,-1,-1,-1
355,23,1719.965,1169.008,208.901,131.628,1,-1,-1,-1
356,23,1720.140,1169.071,208.781,131.483,1,-1,-1,-1
357,23,1720.135,1169.000,208.902,131.511,1,-1,-1,-1
358,24,2470.327,1364.587,75.048,54.889,1,-1,-1,-1
358,23,1720.129,1168.928,209.023,131.539,1,-1,-1,-1
359,24,2469.435,1363.899,78.018,56.203,1,-1,-1,-1
359,23,1720.057,1169.072,208.898,131.469,1,-1,-1,-1
360,24,2470.019,1364.178,78.051,56.238,1,-1,-1,-1
360,23,1720.101,1168.972,208.921,131.491,1,-1,-1,-1
361,23,1719.256,1168.882,209.643,131.310,1,-1,-1,-1
361,24,2467.884,1363.789,81.717,57.452,1,-1,-1,-1
362,23,1719.241,1168.873,209.751,131.337,1,-1,-1,-1
362,24,2466.591,1363.164,85.178,59.700,1,-1,-1,-1
363,24,2466.670,1362.998,85.387,59.921,1,-1,-1,-1
363,23,1719.227,1168.864,209.859,131.364,1,-1,-1,-1
364,23,1719.178,1168.828,209.927,131.346,1,-1,-1,-1
364,24,2466.911,1363.000,85.384,59.870,1,-1,-1,-1
365,24,2467.010,1362.867,85.438,60.055,1,-1,-1,-1
365,23,1719.212,1168.721,209.892,131.390,1,-1,-1,-1
366,24,2466.995,1362.863,85.520,60.133,1,-1,-1,-1
366,23,1719.199,1168.742,209.880,131.386,1,-1,-1,-1
367,24,2467.032,1362.884,85.542,60.138,1,-1,-1,-1
367,23,1719.195,1168.752,209.859,131.390,1,-1,-1,-1
368,23,1719.191,1168.763,209.839,131.394,1,-1,-1,-1
368,24,2467.034,1362.862,85.517,60.157,1,-1,-1,-1
369,23,1719.144,1168.721,209.875,131.444,1,-1,-1,-1
369,24,2467.041,1362.849,85.487,60.162,1,-1,-1,-1
370,23,1719.093,1168.740,209.861,131.459,1,-1,-1,-1
370,24,2467.098,1362.712,85.328,60.268,1,-1,-1,-1
371,24,2467.357,1362.826,84.984,60.069,1,-1,-1,-1
371,23,1719.126,1168.747,209.859,131.432,1,-1,-1,-1
372,23,1719.198,1168.815,209.762,131.361,1,-1,-1,-1
372,24,2467.331,1362.705,85.068,60.196,1,-1,-1,-1
373,23,1719.271,1168.884,209.665,131.289,1,-1,-1,-1
373,24,2467.457,1362.746,84.884,60.071,1,-1,-1,-1
374,23,1719.206,1168.955,209.909,131.251,1,-1,-1,-1
374,24,2467.525,1362.802,84.783,59.987,1,-1,-1,-1
375,23,1719.116,1169.030,209.881,131.261,1,-1,-1,-1
375,24,2467.529,1362.805,84.777,59.981,1,-1,-1,-1
376,24,2467.467,1362.716,84.929,60.114,1,-1,-1,-1
376,23,1719.234,1169.017,209.691,131.253,1,-1,-1,-1
377,24,2467.431,1362.805,84.970,60.052,1,-1,-1,-1
377,23,1719.213,1168.983,209.751,131.251,1,-1,-1,-1
377,25,2.029,932.782,173.946,266.901,1,-1,-1,-1
378,24,2467.434,1362.830,84.936,59.990,1,-1,-1,-1
378,25,2.978,913.762,250.013,305.814,1,-1,-1,-1
378,23,1719.191,1168.949,209.812,131.250,1,-1,-1,-1
379,24,2469.594,1362.991,81.664,59.913,1,-1,-1,-1
379,23,1719.720,1168.026,210.097,131.717,1,-1,-1,-1
379,25,11.776,811.052,319.906,446.983,1,-1,-1,-1
380,24,2469.856,1362.779,81.232,60.068,1,-1,-1,-1
380,23,1719.588,1168.129,210.098,131.616,1,-1,-1,-1
380,25,11.776,811.052,319.906,446.983,1,-1,-1,-1
381,23,1719.700,1168.018,210.173,131.788,1,-1,-1,-1
381,25,0.000,819.351,487.595,477.322,1,-1,-1,-1
381,24,2469.748,1362.765,81.383,60.160,1,-1,-1,-1
382,25,0.000,817.898,572.265,504.199,1,-1,-1,-1
382,23,1719.736,1168.057,210.201,131.882,1,-1,-1,-1
382,24,2469.774,1362.897,81.367,60.041,1,-1,-1,-1
383,25,0.000,823.396,655.938,505.905,1,-1,-1,-1
383,23,1719.772,1168.097,210.229,131.975,1,-1,-1,-1
383,24,2469.852,1362.908,81.267,59.971,1,-1,-1,-1
384,25,3.142,846.748,727.074,477.067,1,-1,-1,-1
384,23,1719.529,1168.026,210.450,132.021,1,-1,-1,-1
384,24,2469.767,1362.933,81.363,59.976,1,-1,-1,-1
385,25,0.741,868.861,810.374,459.214,1,-1,-1,-1
385,23,1713.751,1179.444,217.828,117.302,1,-1,-1,-1
385,24,2469.609,1363.417,81.503,59.372,1,-1,-1,-1
386,24,2469.673,1363.420,81.467,59.330,1,-1,-1,-1
386,23,1713.741,1179.440,217.788,117.299,1,-1,-1,-1
386,25,41.340,892.325,848.033,452.897,1,-1,-1,-1
387,24,2469.526,1363.463,81.625,59.312,1,-1,-1,-1
387,25,22.947,906.695,947.563,443.703,1,-1,-1,-1
387,23,1713.732,1179.437,217.748,117.297,1,-1,-1,-1
388,25,114.485,932.477,920.964,430.343,1,-1,-1,-1
388,23,1713.678,1179.529,217.650,117.120,1,-1,-1,-1
388,24,2469.470,1363.398,81.708,59.411,1,-1,-1,-1
389,23,1716.230,1173.341,213.937,124.909,1,-1,-1,-1
389,25,212.014,959.180,889.206,405.875,1,-1,-1,-1
389,24,2470.845,1363.484,79.994,59.392,1,-1,-1,-1
390,25,309.544,985.884,857.448,381.408,1,-1,-1,-1
390,24,2471.002,1363.422,79.794,59.405,1,-1,-1,-1
390,23,1718.782,1167.152,210.224,132.698,1,-1,-1,-1
391,23,1717.877,1166.853,210.090,132.833,1,-1,-1,-1
391,25,407.357,999.681,810.279,366.806,1,-1,-1,-1
391,24,2470.924,1363.375,79.977,59.425,1,-1,-1,-1
392,23,1718.262,1167.019,210.042,132.353,1,-1,-1,-1
392,25,505.169,1013.478,763.109,352.205,1,-1,-1,-1
392,24,2471.062,1363.439,79.785,59.296,1,-1,-1,-1
393,23,1719.740,1167.833,209.912,131.389,1,-1,-1,-1
393,25,587.128,1030.906,733.402,338.427,1,-1,-1,-1
393,24,2470.819,1363.276,80.149,59.477,1,-1,-1,-1
394,23,1719.652,1168.226,209.583,131.545,1,-1,-1,-1
394,24,2470.789,1363.278,80.176,59.471,1,-1,-1,-1
394,25,669.086,1048.334,703.695,324.650,1,-1,-1,-1
395,25,738.718,1054.854,674.721,322.535,1,-1,-1,-1
395,24,2471.161,1363.243,79.694,59.404,1,-1,-1,-1
395,23,1719.564,1168.618,209.255,131.701,1,-1,-1,-1
396,24,2471.164,1363.246,79.683,59.396,1,-1,-1,-1
396,23,1719.770,1169.238,210.269,131.598,1,-1,-1,-1
396,25,808.349,1061.373,645.748,320.421,1,-1,-1,-1
397,24,2471.158,1362.827,80.036,60.094,1,-1,-1,-1
397,23,1718.309,1169.195,210.941,131.610,1,-1,-1,-1
397,25,897.224,1074.220,611.720,307.300,1,-1,-1,-1
398,24,2471.208,1362.875,79.905,60.032,1,-1,-1,-1
398,25,986.099,1087.067,577.693,294.180,1,-1,-1,-1
398,23,1715.533,1169.546,212.632,129.838,1,-1,-1,-1
399,25,1066.717,1099.215,528.524,281.465,1,-1,-1,-1
399,24,2472.598,1360.210,78.692,63.505,1,-1,-1,-1
399,23,1717.106,1169.376,212.065,129.805,1,-1,-1,-1
400,23,1718.679,1169.206,211.498,129.772,1,-1,-1,-1
400,25,1125.943,1114.808,512.708,272.982,1,-1,-1,-1
400,24,2472.530,1360.102,79.011,63.664,1,-1,-1,-1
401,24,2472.267,1360.095,79.392,63.771,1,-1,-1,-1
401,25,1185.168,1130.401,496.892,264.500,1,-1,-1,-1
401,23,1716.531,1168.061,210.860,130.346,1,-1,-1,-1
402,24,2472.244,1360.104,79.415,63.759,1,-1,-1,-1
402,25,1261.165,1137.006,467.882,260.628,1,-1,-1,-1
402,23,1716.371,1168.170,217.744,130.193,1,-1,-1,-1
403,23,1728.214,1163.130,221.929,134.858,1,-1,-1,-1
403,24,2472.241,1360.104,79.430,63.764,1,-1,-1,-1
403,25,1337.161,1143.611,438.872,256.756,1,-1,-1,-1
404,23,1723.131,1181.126,204.853,110.599,1,-1,-1,-1
404,25,1386.829,1149.942,420.535,250.475,1,-1,-1,-1
404,24,2472.272,1360.128,79.389,63.732,1,-1,-1,-1
405,25,1436.497,1156.273,402.198,244.194,1,-1,-1,-1
405,24,2472.442,1360.116,79.241,63.796,1,-1,-1,-1
405,23,1685.971,1181.655,243.401,138.977,1,-1,-1,-1
406,24,2472.297,1360.118,79.396,63.806,1,-1,-1,-1
406,25,1483.761,1168.040,395.744,233.940,1,-1,-1,-1
406,23,1648.811,1182.183,281.948,167.355,1,-1,-1,-1
407,24,2472.297,1360.118,79.396,63.806,1,-1,-1,-1
407,25,1526.259,1172.072,388.703,231.691,1,-1,-1,-1
408,23,1574.491,1183.240,359.044,224.111,1,-1,-1,-1
408,24,2472.258,1360.102,79.450,63.824,1,-1,-1,-1
409,23,1638.597,1181.860,330.038,223.662,1,-1,-1,-1
409,24,2469.750,1362.278,83.596,61.323,1,-1,-1,-1
410,24,2469.780,1362.215,83.536,61.411,1,-1,-1,-1
410,23,1672.824,1194.935,321.766,219.190,1,-1,-1,-1
411,23,1707.050,1208.010,313.495,214.717,1,-1,-1,-1
411,24,2470.134,1362.144,82.994,61.485,1,-1,-1,-1
412,23,1741.277,1221.085,305.223,210.245,1,-1,-1,-1
412,24,2469.970,1362.131,83.233,61.540,1,-1,-1,-1
413,23,1782.025,1238.087,297.204,190.666,1,-1,-1,-1
413,24,2470.011,1362.142,83.152,61.515,1,-1,-1,-1
414,23,1714.862,1177.188,193.951,103.316,1,-1,-1,-1
414,26,1830.501,1246.846,276.116,186.165,1,-1,-1,-1
414,24,2469.982,1362.152,83.178,61.540,1,-1,-1,-1
415,23,1713.087,1178.612,207.629,103.557,1,-1,-1,-1
415,24,2469.897,1362.150,83.249,61.558,1,-1,-1,-1
415,26,1876.669,1258.862,259.604,171.600,1,-1,-1,-1
416,23,1711.575,1179.502,216.111,108.741,1,-1,-1,-1
416,24,2469.893,1362.171,83.228,61.542,1,-1,-1,-1
416,27,1910.643,1260.282,245.151,161.529,1,-1,-1,-1
417,24,2469.889,1362.170,83.236,61.544,1,-1,-1,-1
417,23,1710.064,1180.392,224.594,113.924,1,-1,-1,-1
417,26,1942.362,1267.284,239.901,161.168,1,-1,-1,-1
418,23,1710.151,1179.502,222.368,115.616,1,-1,-1,-1
418,24,2469.980,1362.216,83.122,61.470,1,-1,-1,-1
418,27,1966.649,1273.397,226.328,154.867,1,-1,-1,-1
