1,2,2467.30,1362.69,83.82,58.90,1,-1,-1,-1
1,5,1712.94,1177.42,217.90,119.03,1,-1,-1,-1
2,2,2467.32,1362.70,83.80,58.89,1,-1,-1,-1
2,5,1712.94,1177.42,217.89,119.03,1,-1,-1,-1
3,2,2467.34,1362.70,83.78,58.88,1,-1,-1,-1
3,5,1712.95,1177.42,217.88,119.03,1,-1,-1,-1
4,2,2467.36,1362.71,83.76,58.86,1,-1,-1,-1
4,5,1712.95,1177.42,217.87,119.02,1,-1,-1,-1
5,2,2467.38,1362.72,83.73,58.85,1,-1,-1,-1
5,5,1712.95,1177.42,217.86,119.02,1,-1,-1,-1
6,2,2467.40,1362.73,83.71,58.84,1,-1,-1,-1
6,5,1712.96,1177.42,217.84,119.02,1,-1,-1,-1
7,2,2467.42,1362.74,83.69,58.83,1,-1,-1,-1
7,5,1712.96,1177.41,217.83,119.01,1,-1,-1,-1
8,2,2467.44,1362.75,83.67,58.81,1,-1,-1,-1
8,5,1712.97,1177.41,217.82,119.01,1,-1,-1,-1
9,2,2467.46,1362.76,83.65,58.80,1,-1,-1,-1
9,5,1712.97,1177.41,217.81,119.01,1,-1,-1,-1
10,2,2467.48,1362.77,83.62,58.79,1,-1,-1,-1
10,5,1712.98,1177.41,217.80,119.00,1,-1,-1,-1
11,2,2467.50,1362.78,83.60,58.78,1,-1,-1,-1
11,5,1712.98,1177.41,217.79,119.00,1,-1,-1,-1
12,2,2467.52,1362.79,83.58,58.76,1,-1,-1,-1
12,5,1712.98,1177.41,217.78,119.00,1,-1,-1,-1
13,2,2467.54,1362.79,83.56,58.75,1,-1,-1,-1
13,5,1712.99,1177.40,217.76,118.99,1,-1,-1,-1
14,2,2467.56,1362.80,83.54,58.74,1,-1,-1,-1
14,5,1712.99,1177.40,217.75,118.99,1,-1,-1,-1
15,2,2467.58,1362.81,83.51,58.72,1,-1,-1,-1
15,5,1713.00,1177.40,217.74,118.99,1,-1,-1,-1
16,2,2467.60,1362.82,83.49,58.71,1,-1,-1,-1
16,5,1713.00,1177.40,217.73,118.98,1,-1,-1,-1
17,2,2467.62,1362.83,83.47,58.70,1,-1,-1,-1
17,5,1713.01,1177.40,217.72,118.98,1,-1,-1,-1
18,2,2467.64,1362.84,83.45,58.69,1,-1,-1,-1
18,5,1713.01,1177.40,217.71,118.98,1,-1,-1,-1
19,2,2467.67,1362.85,83.43,58.67,1,-1,-1,-1
19,5,1713.01,1177.39,217.70,118.97,1,-1,-1,-1
20,2,2467.69,1362.86,83.40,58.66,1,-1,-1,-1
20,5,1713.02,1177.39,217.68,118.97,1,-1,-1,-1
21,2,2467.71,1362.87,83.38,58.65,1,-1,-1,-1
21,5,1713.02,1177.39,217.67,118.97,1,-1,-1,-1
22,2,2467.73,1362.88,83.36,58.63,1,-1,-1,-1
22,5,1713.03,1177.39,217.66,118.96,1,-1,-1,-1
23,2,2467.75,1362.88,83.34,58.62,1,-1,-1,-1
23,5,1713.03,1177.39,217.65,118.96,1,-1,-1,-1
24,2,2467.77,1362.89,83.32,58.61,1,-1,-1,-1
24,5,1713.04,1177.39,217.64,118.96,1,-1,-1,-1
25,2,2467.79,1362.90,83.29,58.60,1,-1,-1,-1
25,5,1713.04,1177.38,217.63,118.95,1,-1,-1,-1
26,2,2467.81,1362.91,83.27,58.58,1,-1,-1,-1
26,5,1713.04,1177.38,217.61,118.95,1,-1,-1,-1
27,2,2467.83,1362.92,83.25,58.57,1,-1,-1,-1
27,5,1713.05,1177.38,217.60,118.95,1,-1,-1,-1
28,2,2467.85,1362.93,83.23,58.56,1,-1,-1,-1
28,5,1713.05,1177.38,217.59,118.94,1,-1,-1,-1
29,2,2467.87,1362.94,83.21,58.55,1,-1,-1,-1
29,5,1713.06,1177.38,217.58,118.94,1,-1,-1,-1
30,2,2467.89,1362.95,83.18,58.53,1,-1,-1,-1
30,5,1713.06,1177.38,217.57,118.94,1,-1,-1,-1
31,2,2467.91,1362.96,83.16,58.52,1,-1,-1,-1
31,5,1713.06,1177.38,217.56,118.94,1,-1,-1,-1
32,2,2467.93,1362.97,83.14,58.51,1,-1,-1,-1
32,5,1713.07,1177.37,217.55,118.93,1,-1,-1,-1
33,2,2467.95,1362.97,83.12,58.49,1,-1,-1,-1
33,5,1713.07,1177.37,217.53,118.93,1,-1,-1,-1
34,2,2467.97,1362.98,83.09,58.48,1,-1,-1,-1
34,5,1713.08,1177.37,217.52,118.93,1,-1,-1,-1
35,2,2467.99,1362.99,83.07,58.47,1,-1,-1,-1
35,5,1713.08,1177.37,217.51,118.92,1,-1,-1,-1
36,2,2468.01,1363.00,83.05,58.46,1,-1,-1,-1
36,5,1713.09,1177.37,217.50,118.92,1,-1,-1,-1
37,2,2468.03,1363.01,83.03,58.44,1,-1,-1,-1
37,5,1713.09,1177.37,217.49,118.92,1,-1,-1,-1
38,2,2468.05,1363.02,83.01,58.43,1,-1,-1,-1
38,5,1713.09,1177.36,217.48,118.91,1,-1,-1,-1
39,2,2468.07,1363.03,82.98,58.42,1,-1,-1,-1
39,5,1713.10,1177.36,217.46,118.91,1,-1,-1,-1
40,2,2468.09,1363.04,82.96,58.41,1,-1,-1,-1
40,5,1713.10,1177.36,217.45,118.91,1,-1,-1,-1
41,2,2468.11,1363.05,82.94,58.39,1,-1,-1,-1
41,5,1713.11,1177.36,217.44,118.90,1,-1,-1,-1
42,2,2468.13,1363.05,82.92,58.38,1,-1,-1,-1
42,5,1713.11,1177.36,217.43,118.90,1,-1,-1,-1
43,2,2468.15,1363.06,82.90,58.37,1,-1,-1,-1
43,5,1713.12,1177.36,217.42,118.90,1,-1,-1,-1
44,2,2468.17,1363.07,82.87,58.35,1,-1,-1,-1
44,5,1713.12,1177.35,217.41,118.89,1,-1,-1,-1
45,2,2468.19,1363.08,82.85,58.34,1,-1,-1,-1
45,5,1713.12,1177.35,217.40,118.89,1,-1,-1,-1
46,2,2468.21,1363.09,82.83,58.33,1,-1,-1,-1
46,5,1713.13,1177.35,217.38,118.89,1,-1,-1,-1
47,2,2468.24,1363.10,82.81,58.32,1,-1,-1,-1
47,5,1713.13,1177.35,217.37,118.88,1,-1,-1,-1
48,2,2468.26,1363.11,82.79,58.30,1,-1,-1,-1
48,5,1713.14,1177.35,217.36,118.88,1,-1,-1,-1
49,2,2468.28,1363.12,82.76,58.29,1,-1,-1,-1
49,5,1713.14,1177.35,217.35,118.88,1,-1,-1,-1
50,2,2468.30,1363.13,82.74,58.28,1,-1,-1,-1
50,5,1713.14,1177.35,217.34,118.87,1,-1,-1,-1
51,2,2468.32,1363.14,82.72,58.26,1,-1,-1,-1
51,5,1713.15,1177.34,217.33,118.87,1,-1,-1,-1
52,2,2468.34,1363.14,82.70,58.25,1,-1,-1,-1
52,5,1713.15,1177.34,217.32,118.87,1,-1,-1,-1
53,2,2468.36,1363.15,82.68,58.24,1,-1,-1,-1
53,5,1713.16,1177.34,217.30,118.86,1,-1,-1,-1
54,2,2468.38,1363.16,82.65,58.23,1,-1,-1,-1
54,5,1713.16,1177.34,217.29,118.86,1,-1,-1,-1
55,2,2468.40,1363.17,82.63,58.21,1,-1,-1,-1
55,5,1713.17,1177.34,217.28,118.86,1,-1,-1,-1
56,2,2468.42,1363.18,82.61,58.20,1,-1,-1,-1
56,5,1713.17,1177.34,217.27,118.85,1,-1,-1,-1
57,2,2468.44,1363.19,82.59,58.19,1,-1,-1,-1
57,5,1713.17,1177.33,217.26,118.85,1,-1,-1,-1
58,2,2468.46,1363.20,82.57,58.18,1,-1,-1,-1
58,5,1713.18,1177.33,217.25,118.85,1,-1,-1,-1
59,2,2468.48,1363.21,82.54,58.16,1,-1,-1,-1
59,5,1713.18,1177.33,217.23,118.84,1,-1,-1,-1
60,2,2468.50,1363.22,82.52,58.15,1,-1,-1,-1
60,5,1713.19,1177.33,217.22,118.84,1,-1,-1,-1
61,2,2468.52,1363.23,82.50,58.14,1,-1,-1,-1
61,5,1713.19,1177.33,217.21,118.84,1,-1,-1,-1
62,2,2468.54,1363.23,82.48,58.12,1,-1,-1,-1
62,5,1713.20,1177.33,217.20,118.83,1,-1,-1,-1
63,2,2468.56,1363.24,82.46,58.11,1,-1,-1,-1
63,5,1713.20,1177.32,217.19,118.83,1,-1,-1,-1
64,2,2468.58,1363.25,82.43,58.10,1,-1,-1,-1
64,5,1713.20,1177.32,217.18,118.83,1,-1,-1,-1
65,2,2468.60,1363.26,82.41,58.09,1,-1,-1,-1
65,5,1713.21,1177.32,217.17,118.82,1,-1,-1,-1
66,2,2468.62,1363.27,82.39,58.07,1,-1,-1,-1
66,5,1713.21,1177.32,217.15,118.82,1,-1,-1,-1
67,2,2468.64,1363.28,82.37,58.06,1,-1,-1,-1
67,5,1713.22,1177.32,217.14,118.82,1,-1,-1,-1
68,2,2468.66,1363.29,82.34,58.05,1,-1,-1,-1
68,5,1713.22,1177.32,217.13,118.81,1,-1,-1,-1
69,2,2468.68,1363.30,82.32,58.04,1,-1,-1,-1
69,5,1713.23,1177.31,217.12,118.81,1,-1,-1,-1
70,2,2468.70,1363.31,82.30,58.02,1,-1,-1,-1
70,5,1713.23,1177.31,217.11,118.81,1,-1,-1,-1
71,2,2468.72,1363.32,82.28,58.01,1,-1,-1,-1
71,5,1713.23,1177.31,217.10,118.80,1,-1,-1,-1
72,2,2468.74,1363.32,82.26,58.00,1,-1,-1,-1
72,5,1713.24,1177.31,217.08,118.80,1,-1,-1,-1
73,2,2468.76,1363.33,82.23,57.98,1,-1,-1,-1
73,5,1713.24,1177.31,217.07,118.80,1,-1,-1,-1
74,2,2468.78,1363.34,82.21,57.97,1,-1,-1,-1
74,5,1713.25,1177.31,217.06,118.79,1,-1,-1,-1
75,2,2468.81,1363.35,82.19,57.96,1,-1,-1,-1
75,5,1713.25,1177.31,217.05,118.79,1,-1,-1,-1
76,2,2468.83,1363.36,82.17,57.95,1,-1,-1,-1
76,5,1713.25,1177.30,217.04,118.79,1,-1,-1,-1
77,2,2468.85,1363.37,82.15,57.93,1,-1,-1,-1
77,5,1713.26,1177.30,217.03,118.78,1,-1,-1,-1
78,2,2468.87,1363.38,82.12,57.92,1,-1,-1,-1
78,5,1713.26,1177.30,217.02,118.78,1,-1,-1,-1
79,1,2439.05,1362.58,124.78,81.95,1,-1,-1,-1
79,2,2468.89,1363.39,82.10,57.91,1,-1,-1,-1
79,5,1713.27,1177.30,217.00,118.78,1,-1,-1,-1
80,1,2425.52,1359.49,124.48,82.60,1,-1,-1,-1
80,2,2468.91,1363.40,82.08,57.89,1,-1,-1,-1
80,5,1713.27,1177.30,216.99,118.77,1,-1,-1,-1
81,1,2411.99,1356.40,124.19,83.25,1,-1,-1,-1
81,2,2468.93,1363.41,82.06,57.88,1,-1,-1,-1
81,5,1713.28,1177.30,216.98,118.77,1,-1,-1,-1
82,1,2398.46,1353.32,123.90,83.91,1,-1,-1,-1
82,2,2468.95,1363.41,82.04,57.87,1,-1,-1,-1
82,5,1713.28,1177.29,216.97,118.77,1,-1,-1,-1
83,1,2384.93,1350.23,123.60,84.56,1,-1,-1,-1
83,2,2468.97,1363.42,82.01,57.86,1,-1,-1,-1
83,5,1713.28,1177.29,216.96,118.76,1,-1,-1,-1
84,1,2371.40,1347.14,123.31,85.21,1,-1,-1,-1
84,2,2468.99,1363.43,81.99,57.84,1,-1,-1,-1
84,5,1713.29,1177.29,216.95,118.76,1,-1,-1,-1
85,1,2357.88,1344.05,123.01,85.87,1,-1,-1,-1
85,2,2469.01,1363.44,81.97,57.83,1,-1,-1,-1
85,5,1713.29,1177.29,216.94,118.76,1,-1,-1,-1
86,1,2344.35,1340.96,122.72,86.52,1,-1,-1,-1
86,2,2469.03,1363.45,81.95,57.82,1,-1,-1,-1
86,5,1713.30,1177.29,216.92,118.75,1,-1,-1,-1
87,1,2330.82,1337.88,122.42,87.17,1,-1,-1,-1
87,2,2469.05,1363.46,81.93,57.81,1,-1,-1,-1
87,5,1713.30,1177.29,216.91,118.75,1,-1,-1,-1
88,1,2317.29,1334.79,122.13,87.83,1,-1,-1,-1
88,2,2469.07,1363.47,81.90,57.79,1,-1,-1,-1
88,5,1713.31,1177.28,216.90,118.75,1,-1,-1,-1
89,1,2303.76,1331.70,121.84,88.48,1,-1,-1,-1
89,2,2469.09,1363.48,81.88,57.78,1,-1,-1,-1
89,5,1713.31,1177.28,216.89,118.75,1,-1,-1,-1
90,1,2290.23,1328.61,121.54,89.13,1,-1,-1,-1
90,2,2469.11,1363.49,81.86,57.77,1,-1,-1,-1
90,5,1713.31,1177.28,216.88,118.74,1,-1,-1,-1
91,1,2276.71,1325.53,121.25,89.79,1,-1,-1,-1
91,2,2469.13,1363.50,81.84,57.75,1,-1,-1,-1
91,5,1713.32,1177.28,216.87,118.74,1,-1,-1,-1
92,1,2263.18,1322.44,120.95,90.44,1,-1,-1,-1
92,2,2469.15,1363.50,81.82,57.74,1,-1,-1,-1
92,5,1713.32,1177.28,216.85,118.74,1,-1,-1,-1
93,1,2249.65,1319.35,120.66,91.09,1,-1,-1,-1
93,2,2469.17,1363.51,81.79,57.73,1,-1,-1,-1
93,5,1713.33,1177.28,216.84,118.73,1,-1,-1,-1
94,1,2236.12,1316.26,120.37,91.75,1,-1,-1,-1
94,2,2469.19,1363.52,81.77,57.72,1,-1,-1,-1
94,5,1713.33,1177.27,216.83,118.73,1,-1,-1,-1
95,1,2222.59,1313.18,120.07,92.40,1,-1,-1,-1
95,2,2469.21,1363.53,81.75,57.70,1,-1,-1,-1
95,5,1713.33,1177.27,216.82,118.73,1,-1,-1,-1
96,1,2209.06,1310.09,119.78,93.05,1,-1,-1,-1
96,2,2469.23,1363.54,81.73,57.69,1,-1,-1,-1
96,3,2188.39,1297.85,120.11,90.94,1,-1,-1,-1
96,5,1713.34,1177.27,216.81,118.72,1,-1,-1,-1
97,2,2469.25,1363.55,81.71,57.68,1,-1,-1,-1
97,3,2150.32,1288.99,131.73,96.47,1,-1,-1,-1
97,5,1713.34,1177.27,216.80,118.72,1,-1,-1,-1
98,2,2469.27,1363.56,81.68,57.67,1,-1,-1,-1
98,3,2112.26,1280.12,143.36,102.01,1,-1,-1,-1
98,5,1713.35,1177.27,216.79,118.72,1,-1,-1,-1
99,2,2469.29,1363.57,81.66,57.65,1,-1,-1,-1
99,3,2074.20,1271.25,154.98,107.54,1,-1,-1,-1
99,5,1713.35,1177.27,216.77,118.71,1,-1,-1,-1
100,2,2469.31,1363.58,81.64,57.64,1,-1,-1,-1
100,3,2036.14,1262.39,166.60,113.08,1,-1,-1,-1
100,5,1713.36,1177.27,216.76,118.71,1,-1,-1,-1
101,2,2469.33,1363.58,81.62,57.63,1,-1,-1,-1
101,3,1998.07,1253.52,178.22,118.61,1,-1,-1,-1
101,5,1713.36,1177.26,216.75,118.71,1,-1,-1,-1
102,2,2469.35,1363.59,81.59,57.61,1,-1,-1,-1
102,3,1960.01,1244.66,189.85,124.15,1,-1,-1,-1
102,5,1713.36,1177.26,216.74,118.70,1,-1,-1,-1
103,2,2469.38,1363.60,81.57,57.60,1,-1,-1,-1
103,3,1921.95,1235.79,201.47,129.68,1,-1,-1,-1
103,5,1713.37,1177.26,216.73,118.70,1,-1,-1,-1
104,2,2469.40,1363.61,81.55,57.59,1,-1,-1,-1
104,3,1883.89,1226.92,213.09,135.22,1,-1,-1,-1
104,5,1713.37,1177.26,216.72,118.70,1,-1,-1,-1
105,2,2469.42,1363.62,81.53,57.58,1,-1,-1,-1
105,3,1845.82,1218.06,224.71,140.75,1,-1,-1,-1
105,5,1713.38,1177.26,216.70,118.69,1,-1,-1,-1
106,2,2469.44,1363.63,81.51,57.56,1,-1,-1,-1
106,3,1807.76,1209.19,236.33,146.29,1,-1,-1,-1
106,5,1713.38,1177.26,216.69,118.69,1,-1,-1,-1
107,2,2469.46,1363.64,81.48,57.55,1,-1,-1,-1
107,3,1769.70,1200.32,247.96,151.82,1,-1,-1,-1
107,5,1713.39,1177.25,216.68,118.69,1,-1,-1,-1
108,2,2469.48,1363.65,81.46,57.54,1,-1,-1,-1
108,3,1731.64,1191.46,259.58,157.36,1,-1,-1,-1
108,5,1713.39,1177.25,216.67,118.68,1,-1,-1,-1
109,2,2469.50,1363.66,81.44,57.52,1,-1,-1,-1
109,3,1693.57,1182.59,271.20,162.89,1,-1,-1,-1
109,4,45.64,1291.35,1036.71,551.49,1,-1,-1,-1
109,5,1713.39,1177.25,216.66,118.68,1,-1,-1,-1
110,2,2469.52,1363.67,81.42,57.51,1,-1,-1,-1
110,3,1655.51,1173.73,282.82,168.43,1,-1,-1,-1
110,4,199.21,1287.49,961.22,514.72,1,-1,-1,-1
110,5,1713.40,1177.25,216.65,118.68,1,-1,-1,-1
111,2,2469.54,1363.67,81.40,57.50,1,-1,-1,-1
111,3,1617.45,1164.86,294.44,173.96,1,-1,-1,-1
111,4,352.78,1283.64,885.73,477.94,1,-1,-1,-1
111,5,1713.40,1177.25,216.64,118.67,1,-1,-1,-1
112,2,2469.56,1363.68,81.37,57.49,1,-1,-1,-1
112,3,1579.39,1155.99,306.07,179.50,1,-1,-1,-1
112,4,506.35,1279.78,810.24,441.16,1,-1,-1,-1
112,5,1713.41,1177.25,216.62,118.67,1,-1,-1,-1
113,2,2469.58,1363.69,81.35,57.47,1,-1,-1,-1
113,3,1541.33,1147.13,317.69,185.03,1,-1,-1,-1
113,4,659.92,1275.93,734.75,404.39,1,-1,-1,-1
113,5,1713.41,1177.24,216.61,118.67,1,-1,-1,-1
114,2,2469.60,1363.70,81.33,57.46,1,-1,-1,-1
114,3,1503.26,1138.26,329.31,190.57,1,-1,-1,-1
114,4,813.48,1272.07,659.25,367.61,1,-1,-1,-1
114,5,1713.42,1177.24,216.60,118.66,1,-1,-1,-1
115,2,2469.62,1363.71,81.31,57.45,1,-1,-1,-1
115,3,1465.20,1129.39,340.93,196.10,1,-1,-1,-1
115,4,967.05,1268.22,583.76,330.84,1,-1,-1,-1
115,5,1713.42,1177.24,216.59,118.66,1,-1,-1,-1
116,2,2469.64,1363.72,81.29,57.44,1,-1,-1,-1
116,3,1427.14,1120.53,352.55,201.64,1,-1,-1,-1
116,4,1120.62,1264.36,508.27,294.06,1,-1,-1,-1
116,5,1713.42,1177.24,216.58,118.66,1,-1,-1,-1
117,2,2469.66,1363.73,81.26,57.42,1,-1,-1,-1
117,4,1274.19,1260.51,432.78,257.28,1,-1,-1,-1
117,5,1713.43,1177.24,216.57,118.65,1,-1,-1,-1
117,6,1378.29,1109.32,290.91,183.39,1,-1,-1,-1
118,2,2469.68,1363.74,81.24,57.41,1,-1,-1,-1
118,4,1427.76,1256.65,357.29,220.51,1,-1,-1,-1
118,5,1713.43,1177.24,216.56,118.65,1,-1,-1,-1
118,6,1274.62,1098.05,335.54,207.35,1,-1,-1,-1
119,2,2469.70,1363.75,81.22,57.40,1,-1,-1,-1
119,5,1713.44,1177.23,216.54,118.65,1,-1,-1,-1
119,6,1170.96,1086.77,409.61,231.32,1,-1,-1,-1
119,7,1392.05,1274.57,379.49,228.68,1,-1,-1,-1
120,2,2469.72,1363.76,81.20,57.38,1,-1,-1,-1
120,5,1713.44,1177.23,216.53,118.64,1,-1,-1,-1
120,6,1067.30,1075.49,490.45,255.28,1,-1,-1,-1
120,7,1453.41,1278.19,347.96,212.80,1,-1,-1,-1
121,2,2469.74,1363.76,81.18,57.37,1,-1,-1,-1
121,5,1713.44,1177.23,216.52,118.64,1,-1,-1,-1
121,6,963.63,1064.22,546.60,279.25,1,-1,-1,-1
121,7,1513.27,1281.81,321.08,190.02,1,-1,-1,-1
122,2,2469.76,1363.77,81.15,57.36,1,-1,-1,-1
122,5,1713.45,1177.23,216.51,118.64,1,-1,-1,-1
122,6,859.97,1052.94,583.34,303.21,1,-1,-1,-1
122,7,1570.41,1285.43,300.09,167.38,1,-1,-1,-1
123,2,2469.78,1363.78,81.13,57.35,1,-1,-1,-1
123,5,1713.45,1177.23,216.50,118.63,1,-1,-1,-1
123,6,756.31,1041.66,633.90,327.18,1,-1,-1,-1
123,7,1623.93,1289.05,285.11,151.85,1,-1,-1,-1
124,2,2469.80,1363.79,81.11,57.33,1,-1,-1,-1
124,5,1713.46,1177.23,216.49,118.63,1,-1,-1,-1
124,6,652.64,1030.39,679.95,351.14,1,-1,-1,-1
124,7,1673.48,1292.67,274.91,146.53,1,-1,-1,-1
125,2,2469.82,1363.80,81.09,57.32,1,-1,-1,-1
125,5,1713.46,1177.23,216.47,118.63,1,-1,-1,-1
125,6,548.98,1019.11,720.78,375.11,1,-1,-1,-1
125,7,1719.21,1296.29,267.74,148.99,1,-1,-1,-1
126,2,2469.84,1363.81,81.07,57.31,1,-1,-1,-1
126,5,1713.47,1177.22,216.46,118.62,1,-1,-1,-1
126,6,445.32,1007.84,762.70,399.07,1,-1,-1,-1
126,7,1761.55,1299.91,262.01,152.76,1,-1,-1,-1
127,2,2469.86,1363.82,81.04,57.30,1,-1,-1,-1
127,5,1713.47,1177.22,216.45,118.62,1,-1,-1,-1
127,6,341.65,996.56,784.26,423.04,1,-1,-1,-1
127,7,1800.95,1303.53,256.67,153.29,1,-1,-1,-1
128,2,2469.88,1363.83,81.02,57.28,1,-1,-1,-1
128,5,1713.47,1177.22,216.44,118.62,1,-1,-1,-1
128,6,237.99,985.28,789.13,447.00,1,-1,-1,-1
128,7,1837.81,1307.15,250.77,149.97,1,-1,-1,-1
129,2,2469.90,1363.84,81.00,57.27,1,-1,-1,-1
129,5,1713.48,1177.22,216.43,118.61,1,-1,-1,-1
129,6,134.33,974.01,790.33,470.97,1,-1,-1,-1
129,7,1872.65,1310.77,243.25,144.41,1,-1,-1,-1
130,2,2469.92,1363.85,80.98,57.26,1,-1,-1,-1
130,5,1713.48,1177.22,216.42,118.61,1,-1,-1,-1
130,6,30.66,962.73,766.57,494.93,1,-1,-1,-1
130,7,1906.16,1314.39,233.04,138.55,1,-1,-1,-1
131,2,2469.94,1363.85,80.96,57.24,1,-1,-1,-1
131,5,1713.49,1177.22,216.41,118.61,1,-1,-1,-1
131,6,-73.00,951.45,700.06,518.90,1,-1,-1,-1
131,7,1939.00,1318.01,219.83,133.77,1,-1,-1,-1
132,2,2469.97,1363.86,80.93,57.23,1,-1,-1,-1
132,5,1713.49,1177.21,216.39,118.60,1,-1,-1,-1
132,6,-176.66,940.18,616.87,542.86,1,-1,-1,-1
132,7,1971.61,1321.63,204.60,129.66,1,-1,-1,-1
133,2,2469.99,1363.87,80.91,57.22,1,-1,-1,-1
133,5,1713.50,1177.21,216.38,118.60,1,-1,-1,-1
133,7,2004.12,1325.25,189.54,124.34,1,-1,-1,-1
134,2,2470.01,1363.88,80.89,57.21,1,-1,-1,-1
134,5,1713.50,1177.21,216.37,118.60,1,-1,-1,-1
134,7,2036.50,1328.87,177.14,117.52,1,-1,-1,-1
135,2,2470.03,1363.89,80.87,57.19,1,-1,-1,-1
135,5,1713.50,1177.21,216.36,118.59,1,-1,-1,-1
135,7,2068.51,1332.49,168.65,111.52,1,-1,-1,-1
136,2,2470.05,1363.90,80.84,57.18,1,-1,-1,-1
136,5,1713.51,1177.21,216.35,118.59,1,-1,-1,-1
136,7,2099.67,1336.11,163.62,109.12,1,-1,-1,-1
137,2,2470.07,1363.91,80.82,57.17,1,-1,-1,-1
137,5,1713.51,1177.21,216.34,118.59,1,-1,-1,-1
137,7,2129.29,1339.73,160.88,110.59,1,-1,-1,-1
138,2,2470.09,1363.92,80.80,57.16,1,-1,-1,-1
138,5,1713.52,1177.20,216.33,118.58,1,-1,-1,-1
138,7,2156.49,1343.36,159.51,113.43,1,-1,-1,-1
139,2,2470.11,1363.93,80.78,57.14,1,-1,-1,-1
139,5,1713.52,1177.20,216.31,118.58,1,-1,-1,-1
139,7,2180.70,1346.98,159.20,114.68,1,-1,-1,-1
140,2,2470.13,1363.94,80.76,57.13,1,-1,-1,-1
140,5,1713.52,1177.20,216.30,118.58,1,-1,-1,-1
140,7,2202.14,1350.60,159.69,113.45,1,-1,-1,-1
141,2,2470.15,1363.94,80.73,57.12,1,-1,-1,-1
141,5,1713.53,1177.20,216.29,118.57,1,-1,-1,-1
141,7,2221.81,1354.22,160.29,110.79,1,-1,-1,-1
142,2,2470.17,1363.95,80.71,57.10,1,-1,-1,-1
142,5,1713.53,1177.20,216.28,118.57,1,-1,-1,-1
142,7,2241.04,1357.84,159.86,108.11,1,-1,-1,-1
143,2,2470.19,1363.96,80.69,57.09,1,-1,-1,-1
143,5,1713.54,1177.20,216.27,118.57,1,-1,-1,-1
143,7,2260.74,1361.46,157.58,106.15,1,-1,-1,-1
144,2,2470.21,1363.97,80.67,57.08,1,-1,-1,-1
144,5,1713.54,1177.20,216.26,118.56,1,-1,-1,-1
144,7,2281.12,1365.08,153.66,104.92,1,-1,-1,-1
145,2,2470.23,1363.98,80.65,57.07,1,-1,-1,-1
145,5,1713.55,1177.19,216.24,118.56,1,-1,-1,-1
145,7,2301.88,1368.70,149.11,104.29,1,-1,-1,-1
146,2,2470.25,1363.99,80.62,57.05,1,-1,-1,-1
146,5,1713.55,1177.19,216.23,118.56,1,-1,-1,-1
146,7,2322.48,1372.32,145.03,104.06,1,-1,-1,-1
147,2,2470.27,1364.00,80.60,57.04,1,-1,-1,-1
147,5,1713.55,1177.19,216.22,118.55,1,-1,-1,-1
147,7,2342.38,1375.94,141.96,103.93,1,-1,-1,-1
148,2,2470.29,1364.01,80.58,57.03,1,-1,-1,-1
148,5,1713.56,1177.19,216.21,118.55,1,-1,-1,-1
148,7,2361.14,1379.56,139.81,103.83,1,-1,-1,-1
149,2,2470.31,1364.02,80.56,57.01,1,-1,-1,-1
149,5,1713.56,1177.19,216.20,118.55,1,-1,-1,-1
149,7,2378.65,1383.18,137.75,103.31,1,-1,-1,-1
150,5,1713.57,1177.19,216.19,118.55,1,-1,-1,-1
150,7,2395.17,1386.80,134.63,101.57,1,-1,-1,-1
151,5,1713.57,1177.18,216.18,118.54,1,-1,-1,-1
151,7,2411.21,1390.42,129.85,98.28,1,-1,-1,-1
152,5,1713.58,1177.18,216.16,118.54,1,-1,-1,-1
152,7,2427.34,1394.04,123.89,94.08,1,-1,-1,-1
153,5,1713.58,1177.18,216.15,118.54,1,-1,-1,-1
153,7,2444.14,1397.66,117.80,89.36,1,-1,-1,-1
154,5,1713.58,1177.18,216.14,118.53,1,-1,-1,-1
155,5,1713.59,1177.18,216.13,118.53,1,-1,-1,-1
156,5,1713.59,1177.18,216.12,118.53,1,-1,-1,-1
157,5,1713.60,1177.17,216.11,118.52,1,-1,-1,-1
158,5,1713.60,1177.17,216.09,118.52,1,-1,-1,-1
159,5,1713.60,1177.17,216.08,118.52,1,-1,-1,-1
160,5,1713.61,1177.17,216.07,118.51,1,-1,-1,-1
161,5,1713.61,1177.17,216.06,118.51,1,-1,-1,-1
162,5,1713.62,1177.17,216.05,118.51,1,-1,-1,-1
163,5,1713.62,1177.16,216.04,118.50,1,-1,-1,-1
164,5,1713.63,1177.16,216.03,118.50,1,-1,-1,-1
165,5,1713.63,1177.16,216.01,118.50,1,-1,-1,-1
166,5,1713.63,1177.16,216.00,118.49,1,-1,-1,-1
167,5,1713.64,1177.16,215.99,118.49,1,-1,-1,-1
168,5,1713.64,1177.16,215.98,118.49,1,-1,-1,-1
169,5,1713.65,1177.16,215.97,118.48,1,-1,-1,-1
170,5,1713.65,1177.15,215.96,118.48,1,-1,-1,-1
171,5,1713.66,1177.15,215.95,118.48,1,-1,-1,-1
172,5,1713.66,1177.15,215.93,118.47,1,-1,-1,-1
173,5,1713.66,1177.15,215.92,118.47,1,-1,-1,-1
174,5,1713.67,1177.15,215.91,118.47,1,-1,-1,-1
175,5,1713.67,1177.15,215.90,118.46,1,-1,-1,-1
176,5,1713.68,1177.14,215.89,118.46,1,-1,-1,-1
177,5,1713.68,1177.14,215.88,118.46,1,-1,-1,-1
178,5,1713.69,1177.14,215.86,118.45,1,-1,-1,-1
179,5,1713.69,1177.14,215.85,118.45,1,-1,-1,-1
180,5,1713.69,1177.14,215.84,118.45,1,-1,-1,-1
181,5,1713.70,1177.14,215.83,118.44,1,-1,-1,-1
182,5,1713.70,1177.13,215.82,118.44,1,-1,-1,-1
182,8,2390.79,1351.79,127.79,85.30,1,-1,-1,-1
182,10,2467.22,1364.58,84.02,56.34,1,-1,-1,-1
183,5,1713.71,1177.13,215.81,118.44,1,-1,-1,-1
183,8,2378.55,1349.39,126.34,84.58,1,-1,-1,-1
183,10,2467.23,1364.57,84.00,56.35,1,-1,-1,-1
184,5,1713.71,1177.13,215.80,118.43,1,-1,-1,-1
184,8,2366.31,1346.98,124.88,83.85,1,-1,-1,-1
184,10,2467.24,1364.56,83.98,56.37,1,-1,-1,-1
185,5,1713.71,1177.13,215.78,118.43,1,-1,-1,-1
185,8,2354.07,1344.58,123.43,83.13,1,-1,-1,-1
185,10,2467.25,1364.54,83.97,56.39,1,-1,-1,-1
186,5,1713.72,1177.13,215.77,118.43,1,-1,-1,-1
186,8,2341.83,1342.17,121.97,82.41,1,-1,-1,-1
186,10,2467.27,1364.53,83.95,56.41,1,-1,-1,-1
187,5,1713.72,1177.13,215.76,118.42,1,-1,-1,-1
187,8,2329.60,1339.76,120.51,81.68,1,-1,-1,-1
187,10,2467.28,1364.51,83.93,56.43,1,-1,-1,-1
188,5,1713.73,1177.12,215.75,118.42,1,-1,-1,-1
188,8,2317.36,1337.36,119.06,80.96,1,-1,-1,-1
188,10,2467.29,1364.50,83.91,56.44,1,-1,-1,-1
189,5,1713.73,1177.12,215.74,118.42,1,-1,-1,-1
189,8,2305.12,1334.95,117.60,80.24,1,-1,-1,-1
189,10,2467.30,1364.48,83.90,56.46,1,-1,-1,-1
190,5,1713.74,1177.12,215.73,118.41,1,-1,-1,-1
190,8,2292.88,1332.55,116.15,79.51,1,-1,-1,-1
190,10,2467.31,1364.47,83.88,56.48,1,-1,-1,-1
191,5,1713.74,1177.12,215.71,118.41,1,-1,-1,-1
191,8,2280.64,1330.14,114.69,78.79,1,-1,-1,-1
191,10,2467.33,1364.46,83.86,56.50,1,-1,-1,-1
192,5,1713.74,1177.12,215.70,118.41,1,-1,-1,-1
192,8,2268.40,1327.74,113.24,78.07,1,-1,-1,-1
192,10,2467.34,1364.44,83.84,56.51,1,-1,-1,-1
193,5,1713.75,1177.12,215.69,118.40,1,-1,-1,-1
193,8,2256.17,1325.33,111.78,77.34,1,-1,-1,-1
193,10,2467.35,1364.43,83.82,56.53,1,-1,-1,-1
194,5,1713.75,1177.12,215.68,118.40,1,-1,-1,-1
194,8,2243.93,1322.92,110.32,76.62,1,-1,-1,-1
194,10,2467.36,1364.41,83.81,56.55,1,-1,-1,-1
195,5,1713.76,1177.11,215.67,118.40,1,-1,-1,-1
195,8,2231.69,1320.52,108.87,75.90,1,-1,-1,-1
195,10,2467.38,1364.40,83.79,56.57,1,-1,-1,-1
196,5,1713.76,1177.11,215.66,118.39,1,-1,-1,-1
196,8,2219.45,1318.11,107.41,75.17,1,-1,-1,-1
196,10,2467.39,1364.38,83.77,56.59,1,-1,-1,-1
197,5,1713.77,1177.11,215.65,118.39,1,-1,-1,-1
197,8,2207.21,1315.71,105.96,74.45,1,-1,-1,-1
197,10,2467.40,1364.37,83.75,56.60,1,-1,-1,-1
198,5,1713.77,1177.11,215.63,118.39,1,-1,-1,-1
198,9,2126.31,1310.83,100.94,68.41,1,-1,-1,-1
198,10,2467.41,1364.36,83.74,56.62,1,-1,-1,-1
199,5,1713.77,1177.11,215.62,118.38,1,-1,-1,-1
199,9,2102.06,1302.30,117.05,76.80,1,-1,-1,-1
199,10,2467.43,1364.34,83.72,56.64,1,-1,-1,-1
200,5,1713.78,1177.11,215.61,118.38,1,-1,-1,-1
200,9,2078.93,1293.77,135.71,84.57,1,-1,-1,-1
200,10,2467.44,1364.33,83.70,56.66,1,-1,-1,-1
201,5,1713.78,1177.10,215.60,118.38,1,-1,-1,-1
201,9,2056.02,1285.24,154.13,91.71,1,-1,-1,-1
201,10,2467.45,1364.31,83.68,56.68,1,-1,-1,-1
202,5,1713.79,1177.10,215.59,118.37,1,-1,-1,-1
202,9,2032.40,1276.71,169.51,98.24,1,-1,-1,-1
202,10,2467.46,1364.30,83.67,56.69,1,-1,-1,-1
203,5,1713.79,1177.10,215.58,118.37,1,-1,-1,-1
203,9,2007.37,1268.18,179.67,104.25,1,-1,-1,-1
203,10,2467.47,1364.28,83.65,56.71,1,-1,-1,-1
204,5,1713.79,1177.10,215.57,118.37,1,-1,-1,-1
204,9,1980.50,1259.65,185.87,109.90,1,-1,-1,-1
204,10,2467.49,1364.27,83.63,56.73,1,-1,-1,-1
205,5,1713.80,1177.10,215.55,118.36,1,-1,-1,-1
205,9,1951.68,1251.12,191.38,115.35,1,-1,-1,-1
205,10,2467.50,1364.25,83.61,56.75,1,-1,-1,-1
206,5,1713.80,1177.10,215.54,118.36,1,-1,-1,-1
206,9,1921.13,1242.59,198.97,120.68,1,-1,-1,-1
206,10,2467.51,1364.24,83.60,56.76,1,-1,-1,-1
207,5,1713.81,1177.09,215.53,118.36,1,-1,-1,-1
207,9,1889.18,1234.06,208.05,125.90,1,-1,-1,-1
207,10,2467.52,1364.23,83.58,56.78,1,-1,-1,-1
208,5,1713.81,1177.09,215.52,118.35,1,-1,-1,-1
208,9,1855.94,1225.53,215.88,130.96,1,-1,-1,-1
208,10,2467.54,1364.21,83.56,56.80,1,-1,-1,-1
209,5,1713.82,1177.09,215.51,118.35,1,-1,-1,-1
209,9,1821.18,1217.00,220.86,135.77,1,-1,-1,-1
209,10,2467.55,1364.20,83.54,56.82,1,-1,-1,-1
210,5,1713.82,1177.09,215.50,118.35,1,-1,-1,-1
210,9,1784.74,1208.47,224.51,140.29,1,-1,-1,-1
210,10,2467.56,1364.18,83.53,56.84,1,-1,-1,-1
211,5,1713.82,1177.09,215.48,118.35,1,-1,-1,-1
211,9,1747.06,1199.94,230.32,144.51,1,-1,-1,-1
211,10,2467.57,1364.17,83.51,56.85,1,-1,-1,-1
212,5,1713.83,1177.09,215.47,118.34,1,-1,-1,-1
212,9,1708.65,1191.41,241.85,148.52,1,-1,-1,-1
212,10,2467.59,1364.15,83.49,56.87,1,-1,-1,-1
213,5,1713.83,1177.08,215.46,118.34,1,-1,-1,-1
213,9,1669.54,1182.88,260.82,152.46,1,-1,-1,-1
213,10,2467.60,1364.14,83.47,56.89,1,-1,-1,-1
214,5,1713.84,1177.08,215.45,118.34,1,-1,-1,-1
214,9,1629.22,1174.35,282.56,156.48,1,-1,-1,-1
214,10,2467.61,1364.13,83.46,56.91,1,-1,-1,-1
215,5,1713.84,1177.08,215.44,118.33,1,-1,-1,-1
215,9,1587.01,1165.82,297.50,160.75,1,-1,-1,-1
215,10,2467.62,1364.11,83.44,56.93,1,-1,-1,-1
216,5,1713.85,1177.08,215.43,118.33,1,-1,-1,-1
216,9,1542.24,1157.29,300.85,165.37,1,-1,-1,-1
216,10,2467.63,1364.10,83.42,56.94,1,-1,-1,-1
217,5,1713.85,1177.08,215.42,118.33,1,-1,-1,-1
217,9,1494.16,1148.76,298.45,170.46,1,-1,-1,-1
217,10,2467.65,1364.08,83.40,56.96,1,-1,-1,-1
218,5,1713.85,1177.08,215.40,118.32,1,-1,-1,-1
218,9,1441.79,1140.23,301.33,176.16,1,-1,-1,-1
218,10,2467.66,1364.07,83.39,56.98,1,-1,-1,-1
219,5,1713.86,1177.08,215.39,118.32,1,-1,-1,-1
219,9,1384.28,1131.70,313.81,182.62,1,-1,-1,-1
219,10,2467.67,1364.05,83.37,57.00,1,-1,-1,-1
220,5,1713.86,1177.07,215.38,118.32,1,-1,-1,-1
220,9,1321.68,1123.17,333.41,190.03,1,-1,-1,-1
220,10,2467.68,1364.04,83.35,57.01,1,-1,-1,-1
221,5,1713.87,1177.07,215.37,118.31,1,-1,-1,-1
221,9,1254.45,1114.64,355.02,198.59,1,-1,-1,-1
221,10,2467.70,1364.02,83.33,57.03,1,-1,-1,-1
222,5,1713.87,1177.07,215.36,118.31,1,-1,-1,-1
222,9,1182.59,1106.11,376.00,208.50,1,-1,-1,-1
222,10,2467.71,1364.01,83.32,57.05,1,-1,-1,-1
223,5,1713.88,1177.07,215.35,118.31,1,-1,-1,-1
223,9,1104.98,1097.58,397.63,219.91,1,-1,-1,-1
223,10,2467.72,1364.00,83.30,57.07,1,-1,-1,-1
224,5,1713.88,1177.07,215.33,118.30,1,-1,-1,-1
224,9,1019.52,1089.05,424.53,232.90,1,-1,-1,-1
224,10,2467.73,1363.98,83.28,57.09,1,-1,-1,-1
225,5,1713.88,1177.07,215.32,118.30,1,-1,-1,-1
225,9,923.37,1080.52,461.84,247.53,1,-1,-1,-1
225,10,2467.74,1363.97,83.26,57.10,1,-1,-1,-1
226,5,1713.89,1177.06,215.31,118.30,1,-1,-1,-1
226,9,813.70,1071.99,510.51,263.77,1,-1,-1,-1
226,10,2467.76,1363.95,83.25,57.12,1,-1,-1,-1
227,5,1713.89,1177.06,215.30,118.29,1,-1,-1,-1
227,9,688.42,1063.46,566.84,281.58,1,-1,-1,-1
227,10,2467.77,1363.94,83.23,57.14,1,-1,-1,-1
228,5,1713.90,1177.06,215.29,118.29,1,-1,-1,-1
228,9,546.50,1054.93,626.75,300.78,1,-1,-1,-1
228,10,2467.78,1363.92,83.21,57.16,1,-1,-1,-1
229,5,1713.90,1177.06,215.28,118.29,1,-1,-1,-1
229,9,388.06,1046.40,690.16,321.14,1,-1,-1,-1
229,10,2467.79,1363.91,83.19,57.18,1,-1,-1,-1
230,5,1713.90,1177.06,215.27,118.28,1,-1,-1,-1
230,9,214.40,1037.87,760.35,342.29,1,-1,-1,-1
230,10,2467.81,1363.90,83.18,57.19,1,-1,-1,-1
231,5,1713.91,1177.06,215.25,118.28,1,-1,-1,-1
231,9,27.95,1029.34,840.94,363.81,1,-1,-1,-1
231,10,2467.82,1363.88,83.16,57.21,1,-1,-1,-1
232,5,1713.91,1177.05,215.24,118.28,1,-1,-1,-1
232,10,2467.83,1363.87,83.14,57.23,1,-1,-1,-1
233,5,1713.92,1177.05,215.23,118.27,1,-1,-1,-1
233,10,2467.84,1363.85,83.12,57.25,1,-1,-1,-1
234,5,1713.92,1177.05,215.22,118.27,1,-1,-1,-1
234,10,2467.86,1363.84,83.10,57.26,1,-1,-1,-1
235,5,1713.93,1177.05,215.21,118.27,1,-1,-1,-1
235,10,2467.87,1363.82,83.09,57.28,1,-1,-1,-1
236,5,1713.93,1177.05,215.20,118.26,1,-1,-1,-1
236,10,2467.88,1363.81,83.07,57.30,1,-1,-1,-1
237,5,1713.93,1177.05,215.19,118.26,1,-1,-1,-1
237,10,2467.89,1363.80,83.05,57.32,1,-1,-1,-1
238,5,1713.94,1177.05,215.17,118.26,1,-1,-1,-1
238,10,2467.90,1363.78,83.03,57.34,1,-1,-1,-1
239,5,1713.94,1177.04,215.16,118.25,1,-1,-1,-1
239,10,2467.92,1363.77,83.02,57.35,1,-1,-1,-1
240,5,1713.95,1177.04,215.15,118.25,1,-1,-1,-1
240,10,2467.93,1363.75,83.00,57.37,1,-1,-1,-1
241,5,1713.95,1177.04,215.14,118.25,1,-1,-1,-1
241,10,2467.94,1363.74,82.98,57.39,1,-1,-1,-1
242,5,1713.96,1177.04,215.13,118.24,1,-1,-1,-1
242,10,2467.95,1363.72,82.96,57.41,1,-1,-1,-1
243,5,1713.96,1177.04,215.12,118.24,1,-1,-1,-1
243,10,2467.97,1363.71,82.95,57.43,1,-1,-1,-1
244,5,1713.96,1177.04,215.10,118.24,1,-1,-1,-1
244,10,2467.98,1363.69,82.93,57.44,1,-1,-1,-1
245,5,1713.97,1177.03,215.09,118.23,1,-1,-1,-1
245,10,2467.99,1363.68,82.91,57.46,1,-1,-1,-1
246,5,1713.97,1177.03,215.08,118.23,1,-1,-1,-1
246,10,2468.00,1363.67,82.89,57.48,1,-1,-1,-1
247,5,1713.98,1177.03,215.07,118.23,1,-1,-1,-1
247,10,2468.02,1363.65,82.88,57.50,1,-1,-1,-1
248,5,1713.98,1177.03,215.06,118.22,1,-1,-1,-1
248,10,2468.03,1363.64,82.86,57.51,1,-1,-1,-1
249,5,1713.98,1177.03,215.05,118.22,1,-1,-1,-1
249,10,2468.04,1363.62,82.84,57.53,1,-1,-1,-1
250,5,1713.99,1177.03,215.04,118.22,1,-1,-1,-1
250,10,2468.05,1363.61,82.82,57.55,1,-1,-1,-1
251,5,1713.99,1177.02,215.02,118.21,1,-1,-1,-1
251,10,2468.06,1363.59,82.81,57.57,1,-1,-1,-1
252,5,1714.00,1177.02,215.01,118.21,1,-1,-1,-1
252,10,2468.08,1363.58,82.79,57.59,1,-1,-1,-1
253,5,1714.00,1177.02,215.00,118.21,1,-1,-1,-1
253,10,2468.09,1363.57,82.77,57.60,1,-1,-1,-1
254,5,1714.01,1177.02,214.99,118.20,1,-1,-1,-1
254,10,2468.10,1363.55,82.75,57.62,1,-1,-1,-1
255,5,1714.01,1177.02,214.98,118.20,1,-1,-1,-1
255,10,2468.11,1363.54,82.74,57.64,1,-1,-1,-1
256,5,1714.01,1177.02,214.97,118.20,1,-1,-1,-1
256,10,2468.13,1363.52,82.72,57.66,1,-1,-1,-1
257,5,1714.02,1177.01,214.95,118.19,1,-1,-1,-1
257,10,2468.14,1363.51,82.70,57.68,1,-1,-1,-1
258,5,1714.02,1177.01,214.94,118.19,1,-1,-1,-1
258,10,2468.15,1363.49,82.68,57.69,1,-1,-1,-1
259,5,1714.03,1177.01,214.93,118.19,1,-1,-1,-1
259,10,2468.16,1363.48,82.67,57.71,1,-1,-1,-1
260,5,1714.03,1177.01,214.92,118.18,1,-1,-1,-1
260,10,2468.18,1363.46,82.65,57.73,1,-1,-1,-1
261,5,1714.04,1177.01,214.91,118.18,1,-1,-1,-1
261,10,2468.19,1363.45,82.63,57.75,1,-1,-1,-1
262,5,1714.04,1177.01,214.90,118.18,1,-1,-1,-1
262,10,2468.20,1363.44,82.61,57.77,1,-1,-1,-1
263,5,1714.04,1177.01,214.89,118.17,1,-1,-1,-1
263,10,2468.21,1363.42,82.60,57.78,1,-1,-1,-1
264,5,1714.05,1177.00,214.87,118.17,1,-1,-1,-1
264,10,2468.22,1363.41,82.58,57.80,1,-1,-1,-1
265,5,1714.05,1177.00,214.86,118.17,1,-1,-1,-1
265,10,2468.24,1363.39,82.56,57.82,1,-1,-1,-1
266,5,1714.06,1177.00,214.85,118.16,1,-1,-1,-1
266,10,2468.25,1363.38,82.54,57.84,1,-1,-1,-1
267,5,1714.06,1177.00,214.84,118.16,1,-1,-1,-1
267,10,2468.26,1363.36,82.53,57.85,1,-1,-1,-1
268,5,1714.07,1177.00,214.83,118.16,1,-1,-1,-1
268,10,2468.27,1363.35,82.51,57.87,1,-1,-1,-1
269,5,1714.07,1177.00,214.82,118.15,1,-1,-1,-1
269,10,2468.29,1363.34,82.49,57.89,1,-1,-1,-1
270,5,1714.07,1176.99,214.81,118.15,1,-1,-1,-1
270,10,2468.30,1363.32,82.47,57.91,1,-1,-1,-1
271,5,1714.08,1176.99,214.79,118.15,1,-1,-1,-1
271,10,2468.31,1363.31,82.45,57.93,1,-1,-1,-1
271,11,2401.61,1366.82,110.35,68.63,1,-1,-1,-1
272,5,1714.08,1176.99,214.78,118.15,1,-1,-1,-1
272,10,2468.32,1363.29,82.44,57.94,1,-1,-1,-1
272,11,2389.05,1364.37,109.50,68.66,1,-1,-1,-1
273,5,1714.09,1176.99,214.77,118.14,1,-1,-1,-1
273,10,2468.33,1363.28,82.42,57.96,1,-1,-1,-1
273,11,2376.50,1361.91,108.65,68.69,1,-1,-1,-1
274,5,1714.09,1176.99,214.76,118.14,1,-1,-1,-1
274,10,2468.35,1363.26,82.40,57.98,1,-1,-1,-1
274,11,2363.95,1359.46,107.79,68.72,1,-1,-1,-1
275,5,1714.09,1176.99,214.75,118.14,1,-1,-1,-1
275,10,2468.36,1363.25,82.38,58.00,1,-1,-1,-1
275,11,2351.39,1357.00,106.94,68.75,1,-1,-1,-1
276,5,1714.10,1176.98,214.74,118.13,1,-1,-1,-1
276,10,2468.37,1363.23,82.37,58.02,1,-1,-1,-1
276,11,2338.84,1354.54,106.09,68.79,1,-1,-1,-1
277,5,1714.10,1176.98,214.72,118.13,1,-1,-1,-1
277,10,2468.38,1363.22,82.35,58.03,1,-1,-1,-1
277,11,2326.28,1352.09,105.24,68.82,1,-1,-1,-1
278,5,1714.11,1176.98,214.71,118.13,1,-1,-1,-1
278,10,2468.40,1363.21,82.33,58.05,1,-1,-1,-1
278,11,2313.73,1349.63,104.38,68.85,1,-1,-1,-1
279,5,1714.11,1176.98,214.70,118.12,1,-1,-1,-1
279,10,2468.41,1363.19,82.31,58.07,1,-1,-1,-1
279,11,2301.18,1347.18,103.53,68.88,1,-1,-1,-1
280,5,1714.12,1176.98,214.69,118.12,1,-1,-1,-1
280,10,2468.42,1363.18,82.30,58.09,1,-1,-1,-1
280,11,2288.62,1344.72,102.68,68.91,1,-1,-1,-1
281,5,1714.12,1176.98,214.68,118.12,1,-1,-1,-1
281,10,2468.43,1363.16,82.28,58.10,1,-1,-1,-1
281,11,2276.07,1342.26,101.82,68.95,1,-1,-1,-1
282,5,1714.12,1176.97,214.67,118.11,1,-1,-1,-1
282,10,2468.45,1363.15,82.26,58.12,1,-1,-1,-1
282,11,2263.51,1339.81,100.97,68.98,1,-1,-1,-1
283,5,1714.13,1176.97,214.66,118.11,1,-1,-1,-1
283,10,2468.46,1363.13,82.24,58.14,1,-1,-1,-1
283,11,2250.96,1337.35,100.12,69.01,1,-1,-1,-1
284,5,1714.13,1176.97,214.64,118.11,1,-1,-1,-1
284,10,2468.47,1363.12,82.23,58.16,1,-1,-1,-1
284,11,2238.41,1334.90,99.26,69.04,1,-1,-1,-1
285,5,1714.14,1176.97,214.63,118.10,1,-1,-1,-1
285,10,2468.48,1363.11,82.21,58.18,1,-1,-1,-1
285,11,2225.85,1332.44,98.41,69.07,1,-1,-1,-1
286,5,1714.14,1176.97,214.62,118.10,1,-1,-1,-1
286,10,2468.49,1363.09,82.19,58.19,1,-1,-1,-1
286,11,2213.30,1329.99,97.56,69.11,1,-1,-1,-1
286,13,2184.87,1327.01,35.85,62.61,1,-1,-1,-1
287,5,1714.15,1176.97,214.61,118.10,1,-1,-1,-1
287,10,2468.51,1363.08,82.17,58.21,1,-1,-1,-1
287,11,2200.75,1327.53,96.71,69.14,1,-1,-1,-1
287,13,2154.14,1319.54,65.94,66.69,1,-1,-1,-1
288,5,1714.15,1176.97,214.60,118.09,1,-1,-1,-1
288,10,2468.52,1363.06,82.16,58.23,1,-1,-1,-1
288,13,2123.40,1312.07,96.02,70.77,1,-1,-1,-1
289,5,1714.15,1176.96,214.59,118.09,1,-1,-1,-1
289,10,2468.53,1363.05,82.14,58.25,1,-1,-1,-1
289,13,2092.67,1304.59,123.67,74.84,1,-1,-1,-1
290,5,1714.16,1176.96,214.57,118.09,1,-1,-1,-1
290,10,2468.54,1363.03,82.12,58.27,1,-1,-1,-1
290,13,2061.93,1297.12,147.83,78.92,1,-1,-1,-1
291,5,1714.16,1176.96,214.56,118.08,1,-1,-1,-1
291,10,2468.56,1363.02,82.10,58.28,1,-1,-1,-1
291,13,2031.20,1289.65,168.16,83.00,1,-1,-1,-1
292,5,1714.17,1176.96,214.55,118.08,1,-1,-1,-1
292,10,2468.57,1363.01,82.09,58.30,1,-1,-1,-1
292,13,2000.46,1282.18,184.25,87.07,1,-1,-1,-1
293,5,1714.17,1176.96,214.54,118.08,1,-1,-1,-1
293,10,2468.58,1362.99,82.07,58.32,1,-1,-1,-1
293,13,1969.73,1274.70,195.89,91.15,1,-1,-1,-1
294,5,1714.17,1176.96,214.53,118.07,1,-1,-1,-1
294,10,2468.59,1362.98,82.05,58.34,1,-1,-1,-1
294,13,1938.99,1267.23,203.67,95.23,1,-1,-1,-1
295,5,1714.18,1176.95,214.52,118.07,1,-1,-1,-1
295,10,2468.61,1362.96,82.03,58.35,1,-1,-1,-1
295,13,1908.26,1259.76,208.91,99.30,1,-1,-1,-1
296,5,1714.18,1176.95,214.51,118.07,1,-1,-1,-1
296,10,2468.62,1362.95,82.02,58.37,1,-1,-1,-1
296,12,-1.38,1245.66,1099.10,616.61,1,-1,-1,-1
296,13,1877.52,1252.29,212.78,103.38,1,-1,-1,-1
297,5,1714.19,1176.95,214.49,118.06,1,-1,-1,-1
297,10,2468.63,1362.93,82.00,58.39,1,-1,-1,-1
297,12,207.94,1248.46,1001.45,545.34,1,-1,-1,-1
297,13,1846.79,1244.81,215.68,107.46,1,-1,-1,-1
298,5,1714.19,1176.95,214.48,118.06,1,-1,-1,-1
298,10,2468.64,1362.92,81.98,58.41,1,-1,-1,-1
298,12,424.24,1251.26,885.99,484.02,1,-1,-1,-1
298,13,1816.05,1237.34,217.96,111.53,1,-1,-1,-1
299,5,1714.20,1176.95,214.47,118.06,1,-1,-1,-1
299,10,2468.65,1362.90,81.96,58.43,1,-1,-1,-1
299,12,624.97,1254.06,773.13,435.35,1,-1,-1,-1
299,13,1785.32,1229.87,220.36,115.61,1,-1,-1,-1
300,5,1714.20,1176.95,214.46,118.05,1,-1,-1,-1
300,10,2468.67,1362.89,81.95,58.44,1,-1,-1,-1
300,12,793.37,1256.86,680.73,396.17,1,-1,-1,-1
300,13,1754.58,1222.39,223.87,119.69,1,-1,-1,-1
301,5,1714.20,1176.94,214.45,118.05,1,-1,-1,-1
301,10,2468.68,1362.88,81.93,58.46,1,-1,-1,-1
301,12,930.07,1259.66,610.55,361.72,1,-1,-1,-1
301,13,1723.85,1214.92,229.50,123.76,1,-1,-1,-1
302,5,1714.21,1176.94,214.44,118.05,1,-1,-1,-1
302,10,2468.69,1362.86,81.91,58.48,1,-1,-1,-1
302,12,1043.31,1262.46,555.85,329.89,1,-1,-1,-1
302,13,1693.11,1207.45,237.51,127.84,1,-1,-1,-1
303,5,1714.21,1176.94,214.43,118.04,1,-1,-1,-1
303,10,2468.70,1362.85,81.89,58.50,1,-1,-1,-1
303,12,1141.42,1265.25,508.68,301.48,1,-1,-1,-1
303,13,1662.38,1199.98,246.16,131.92,1,-1,-1,-1
304,5,1714.22,1176.94,214.41,118.04,1,-1,-1,-1
304,10,2468.72,1362.83,81.88,58.52,1,-1,-1,-1
304,12,1230.34,1268.05,463.90,277.50,1,-1,-1,-1
304,13,1631.64,1192.50,252.25,135.99,1,-1,-1,-1
305,5,1714.22,1176.94,214.40,118.04,1,-1,-1,-1
305,10,2468.73,1362.82,81.86,58.53,1,-1,-1,-1
305,12,1310.87,1270.85,422.62,256.87,1,-1,-1,-1
305,13,1600.91,1185.03,253.85,140.07,1,-1,-1,-1
306,5,1714.23,1176.94,214.39,118.03,1,-1,-1,-1
306,10,2468.74,1362.80,81.84,58.55,1,-1,-1,-1
306,12,1381.41,1273.65,388.23,236.93,1,-1,-1,-1
306,13,1570.17,1177.56,251.90,144.15,1,-1,-1,-1
306,14,2398.20,1362.11,111.31,71.20,1,-1,-1,-1
307,5,1714.23,1176.93,214.38,118.03,1,-1,-1,-1
307,10,2468.75,1362.79,81.82,58.57,1,-1,-1,-1
307,12,1442.47,1276.45,361.37,215.73,1,-1,-1,-1
307,14,2383.48,1359.37,110.62,71.39,1,-1,-1,-1
307,15,1490.04,1172.46,318.03,114.08,1,-1,-1,-1
308,5,1714.23,1176.93,214.37,118.03,1,-1,-1,-1
308,10,2468.77,1362.78,81.81,58.59,1,-1,-1,-1
308,12,1498.66,1279.25,338.86,194.60,1,-1,-1,-1
308,14,2368.75,1356.63,109.92,71.58,1,-1,-1,-1
308,15,1432.45,1164.45,319.38,126.99,1,-1,-1,-1
309,5,1714.24,1176.93,214.36,118.02,1,-1,-1,-1
309,10,2468.78,1362.76,81.79,58.60,1,-1,-1,-1
309,12,1554.41,1282.05,318.48,177.81,1,-1,-1,-1
309,14,2354.03,1353.89,109.22,71.77,1,-1,-1,-1
309,15,1379.56,1156.44,316.03,139.89,1,-1,-1,-1
310,5,1714.24,1176.93,214.34,118.02,1,-1,-1,-1
310,10,2468.79,1362.75,81.77,58.62,1,-1,-1,-1
310,12,1608.58,1284.85,302.73,168.41,1,-1,-1,-1
310,14,2339.31,1351.14,108.53,71.96,1,-1,-1,-1
310,15,1323.57,1148.43,315.80,152.80,1,-1,-1,-1
311,5,1714.25,1176.93,214.33,118.02,1,-1,-1,-1
311,10,2468.80,1362.73,81.75,58.64,1,-1,-1,-1
311,12,1659.26,1287.65,292.60,167.17,1,-1,-1,-1
311,14,2324.58,1348.40,107.83,72.15,1,-1,-1,-1
311,15,1262.80,1140.42,320.33,165.70,1,-1,-1,-1
312,5,1714.25,1176.93,214.32,118.01,1,-1,-1,-1
312,10,2468.81,1362.72,81.73,58.66,1,-1,-1,-1
312,12,1706.74,1290.44,285.06,172.76,1,-1,-1,-1
312,14,2309.86,1345.66,107.13,72.33,1,-1,-1,-1
312,15,1196.85,1132.40,330.05,178.61,1,-1,-1,-1
313,5,1714.25,1176.93,214.31,118.01,1,-1,-1,-1
313,10,2468.83,1362.70,81.72,58.68,1,-1,-1,-1
313,12,1751.50,1293.24,276.65,180.67,1,-1,-1,-1
313,14,2295.14,1342.91,106.44,72.52,1,-1,-1,-1
313,15,1124.39,1124.39,346.28,191.52,1,-1,-1,-1
314,5,1714.26,1176.92,214.30,118.01,1,-1,-1,-1
314,10,2468.84,1362.69,81.70,58.69,1,-1,-1,-1
314,12,1794.05,1296.04,265.74,185.40,1,-1,-1,-1
314,14,2280.42,1340.17,105.74,72.71,1,-1,-1,-1
314,15,1044.41,1116.38,370.02,204.42,1,-1,-1,-1
315,5,1714.26,1176.92,214.29,118.00,1,-1,-1,-1
315,10,2468.85,1362.67,81.68,58.71,1,-1,-1,-1
315,12,1831.80,1298.84,255.74,184.27,1,-1,-1,-1
315,14,2265.69,1337.43,105.04,72.90,1,-1,-1,-1
315,15,957.60,1108.37,400.59,217.33,1,-1,-1,-1
316,5,1714.27,1176.92,214.28,118.00,1,-1,-1,-1
316,10,2468.86,1362.66,81.66,58.73,1,-1,-1,-1
316,12,1862.47,1301.64,250.47,177.84,1,-1,-1,-1
316,14,2250.97,1334.69,104.35,73.09,1,-1,-1,-1
316,15,865.61,1100.36,436.35,230.23,1,-1,-1,-1
317,5,1714.27,1176.92,214.26,118.00,1,-1,-1,-1
317,10,2468.88,1362.65,81.65,58.75,1,-1,-1,-1
317,12,1889.07,1304.44,248.27,168.87,1,-1,-1,-1
317,14,2236.25,1331.94,103.65,73.28,1,-1,-1,-1
317,15,765.69,1092.35,480.04,243.14,1,-1,-1,-1
318,5,1714.28,1176.92,214.25,117.99,1,-1,-1,-1
318,10,2468.89,1362.63,81.63,58.77,1,-1,-1,-1
318,12,1917.64,1307.24,243.88,160.12,1,-1,-1,-1
318,14,2221.52,1329.20,102.95,73.47,1,-1,-1,-1
318,15,652.79,1084.33,536.70,256.05,1,-1,-1,-1
319,5,1714.28,1176.92,214.24,117.99,1,-1,-1,-1
319,10,2468.90,1362.62,81.61,58.78,1,-1,-1,-1
319,12,1949.85,1310.04,235.06,152.69,1,-1,-1,-1
319,14,2206.80,1326.46,102.26,73.66,1,-1,-1,-1
319,15,518.14,1076.32,615.12,268.95,1,-1,-1,-1
320,5,1714.28,1176.91,214.23,117.99,1,-1,-1,-1
320,10,2468.91,1362.60,81.59,58.80,1,-1,-1,-1
320,12,1981.22,1312.83,224.32,146.93,1,-1,-1,-1
320,15,355.20,1068.31,721.83,281.86,1,-1,-1,-1
321,5,1714.29,1176.91,214.22,117.98,1,-1,-1,-1
321,10,2468.93,1362.59,81.58,58.82,1,-1,-1,-1
321,12,2007.94,1315.63,213.13,142.84,1,-1,-1,-1
321,15,178.67,1060.30,842.12,294.76,1,-1,-1,-1
322,5,1714.29,1176.91,214.21,117.98,1,-1,-1,-1
322,10,2468.94,1362.57,81.56,58.84,1,-1,-1,-1
322,12,2030.25,1318.43,199.83,139.48,1,-1,-1,-1
322,15,14.24,1052.29,950.32,307.67,1,-1,-1,-1
323,5,1714.30,1176.91,214.19,117.98,1,-1,-1,-1
323,10,2468.95,1362.56,81.54,58.85,1,-1,-1,-1
323,12,2052.79,1321.23,180.14,134.88,1,-1,-1,-1
324,5,1714.30,1176.91,214.18,117.97,1,-1,-1,-1
324,10,2468.96,1362.55,81.52,58.87,1,-1,-1,-1
324,12,2079.34,1324.03,151.88,128.01,1,-1,-1,-1
324,16,2028.08,1289.79,147.38,91.38,1,-1,-1,-1
325,5,1714.31,1176.91,214.17,117.97,1,-1,-1,-1
325,10,2468.97,1362.53,81.51,58.89,1,-1,-1,-1
325,12,2105.98,1326.83,121.14,119.37,1,-1,-1,-1
325,16,2000.11,1281.64,158.45,94.63,1,-1,-1,-1
325,17,2162.35,1364.17,166.05,112.94,1,-1,-1,-1
326,5,1714.31,1176.90,214.16,117.97,1,-1,-1,-1
326,10,2468.99,1362.52,81.49,58.91,1,-1,-1,-1
326,12,2130.41,1329.63,92.43,109.28,1,-1,-1,-1
326,16,1971.00,1273.49,166.84,97.67,1,-1,-1,-1
326,17,2175.40,1365.34,164.99,112.68,1,-1,-1,-1
327,5,1714.31,1176.90,214.15,117.96,1,-1,-1,-1
327,10,2469.00,1362.50,81.47,58.93,1,-1,-1,-1
327,16,1939.54,1265.34,173.06,100.71,1,-1,-1,-1
327,17,2188.46,1366.50,163.93,112.43,1,-1,-1,-1
328,5,1714.32,1176.90,214.14,117.96,1,-1,-1,-1
328,10,2469.01,1362.49,81.45,58.94,1,-1,-1,-1
328,16,1905.34,1257.19,178.37,103.86,1,-1,-1,-1
328,17,2201.51,1367.66,162.88,112.17,1,-1,-1,-1
329,5,1714.32,1176.90,214.13,117.96,1,-1,-1,-1
329,10,2469.02,1362.47,81.44,58.96,1,-1,-1,-1
329,16,1868.92,1249.04,183.05,107.15,1,-1,-1,-1
329,17,2214.57,1368.83,161.82,111.92,1,-1,-1,-1
330,5,1714.33,1176.90,214.11,117.96,1,-1,-1,-1
330,10,2469.04,1362.46,81.42,58.98,1,-1,-1,-1
330,16,1831.05,1240.89,188.42,110.53,1,-1,-1,-1
330,17,2227.63,1369.99,160.76,111.66,1,-1,-1,-1
331,5,1714.33,1176.90,214.10,117.95,1,-1,-1,-1
331,10,2469.05,1362.45,81.40,59.00,1,-1,-1,-1
331,16,1792.08,1232.75,196.06,113.94,1,-1,-1,-1
331,17,2240.68,1371.15,159.70,111.40,1,-1,-1,-1
332,5,1714.34,1176.90,214.09,117.95,1,-1,-1,-1
332,10,2469.06,1362.43,81.38,59.02,1,-1,-1,-1
332,16,1751.75,1224.60,206.86,117.41,1,-1,-1,-1
332,17,2253.74,1372.32,158.65,111.15,1,-1,-1,-1
333,5,1714.34,1176.89,214.08,117.95,1,-1,-1,-1
333,10,2469.07,1362.42,81.37,59.03,1,-1,-1,-1
333,16,1709.40,1216.45,219.99,121.02,1,-1,-1,-1
333,17,2266.79,1373.48,157.59,110.89,1,-1,-1,-1
334,5,1714.34,1176.89,214.07,117.94,1,-1,-1,-1
334,10,2469.08,1362.40,81.35,59.05,1,-1,-1,-1
334,16,1664.52,1208.30,231.90,124.87,1,-1,-1,-1
334,17,2279.85,1374.65,156.53,110.64,1,-1,-1,-1
335,5,1714.35,1176.89,214.06,117.94,1,-1,-1,-1
335,10,2469.10,1362.39,81.33,59.07,1,-1,-1,-1
335,16,1617.15,1200.15,240.10,129.07,1,-1,-1,-1
335,17,2292.90,1375.81,155.48,110.38,1,-1,-1,-1
336,5,1714.35,1176.89,214.05,117.94,1,-1,-1,-1
336,10,2469.11,1362.37,81.31,59.09,1,-1,-1,-1
336,16,1567.71,1192.00,246.56,133.71,1,-1,-1,-1
336,17,2305.96,1376.97,154.42,110.13,1,-1,-1,-1
337,5,1714.36,1176.89,214.03,117.93,1,-1,-1,-1
337,10,2469.12,1362.36,81.30,59.10,1,-1,-1,-1
337,16,1516.48,1183.85,254.28,138.89,1,-1,-1,-1
337,17,2319.02,1378.14,153.36,109.87,1,-1,-1,-1
338,5,1714.36,1176.89,214.02,117.93,1,-1,-1,-1
338,10,2469.13,1362.34,81.28,59.12,1,-1,-1,-1
338,16,1463.44,1175.70,264.36,144.68,1,-1,-1,-1
338,17,2332.07,1379.30,152.30,109.61,1,-1,-1,-1
339,5,1714.36,1176.88,214.01,117.93,1,-1,-1,-1
339,10,2469.15,1362.33,81.26,59.14,1,-1,-1,-1
339,16,1407.56,1167.55,276.16,151.22,1,-1,-1,-1
339,17,2345.13,1380.46,151.25,109.36,1,-1,-1,-1
340,5,1714.37,1176.88,214.00,117.92,1,-1,-1,-1
340,10,2469.16,1362.32,81.24,59.16,1,-1,-1,-1
340,16,1346.52,1159.40,289.97,158.74,1,-1,-1,-1
340,17,2358.18,1381.63,150.19,109.10,1,-1,-1,-1
341,5,1714.37,1176.88,213.99,117.92,1,-1,-1,-1
341,10,2469.17,1362.30,81.23,59.18,1,-1,-1,-1
341,16,1277.41,1151.26,307.87,167.53,1,-1,-1,-1
341,17,2371.24,1382.79,149.13,108.85,1,-1,-1,-1
342,5,1714.38,1176.88,213.98,117.92,1,-1,-1,-1
342,10,2469.18,1362.29,81.21,59.19,1,-1,-1,-1
342,16,1197.88,1143.11,331.37,177.90,1,-1,-1,-1
342,17,2384.30,1383.95,148.08,108.59,1,-1,-1,-1
343,5,1714.38,1176.88,213.96,117.91,1,-1,-1,-1
343,10,2469.20,1362.27,81.19,59.21,1,-1,-1,-1
343,16,1107.08,1134.96,363.02,190.16,1,-1,-1,-1
343,17,2397.35,1385.12,147.02,108.33,1,-1,-1,-1
344,5,1714.39,1176.88,213.95,117.91,1,-1,-1,-1
344,10,2469.21,1362.26,81.17,59.23,1,-1,-1,-1
344,16,1004.49,1126.81,405.77,204.50,1,-1,-1,-1
344,17,2410.41,1386.28,145.96,108.08,1,-1,-1,-1
345,5,1714.39,1176.87,213.94,117.91,1,-1,-1,-1
345,10,2469.22,1362.24,81.16,59.25,1,-1,-1,-1
345,16,888.43,1118.66,461.25,221.04,1,-1,-1,-1
345,17,2423.46,1387.45,144.90,107.82,1,-1,-1,-1
346,5,1714.39,1176.87,213.93,117.90,1,-1,-1,-1
346,10,2469.23,1362.23,81.14,59.27,1,-1,-1,-1
346,16,755.44,1110.51,528.38,239.79,1,-1,-1,-1
347,5,1714.40,1176.87,213.92,117.90,1,-1,-1,-1
347,10,2469.24,1362.22,81.12,59.28,1,-1,-1,-1
347,16,602.05,1102.36,602.36,260.62,1,-1,-1,-1
348,5,1714.40,1176.87,213.91,117.90,1,-1,-1,-1
348,10,2469.26,1362.20,81.10,59.30,1,-1,-1,-1
348,16,427.47,1094.21,676.00,283.16,1,-1,-1,-1
349,5,1714.41,1176.87,213.90,117.89,1,-1,-1,-1
349,10,2469.27,1362.19,81.08,59.32,1,-1,-1,-1
349,16,233.45,1086.06,744.58,306.84,1,-1,-1,-1
350,5,1714.41,1176.87,213.88,117.89,1,-1,-1,-1
350,10,2469.28,1362.17,81.07,59.34,1,-1,-1,-1
350,16,22.65,1077.92,812.59,330.99,1,-1,-1,-1
351,5,1714.42,1176.86,213.87,117.89,1,-1,-1,-1
351,10,2469.29,1362.16,81.05,59.35,1,-1,-1,-1
352,5,1714.42,1176.86,213.86,117.88,1,-1,-1,-1
352,10,2469.31,1362.14,81.03,59.37,1,-1,-1,-1
353,5,1714.42,1176.86,213.85,117.88,1,-1,-1,-1
353,10,2469.32,1362.13,81.01,59.39,1,-1,-1,-1
354,5,1714.43,1176.86,213.84,117.88,1,-1,-1,-1
354,10,2469.33,1362.11,81.00,59.41,1,-1,-1,-1
355,5,1714.43,1176.86,213.83,117.87,1,-1,-1,-1
355,10,2469.34,1362.10,80.98,59.43,1,-1,-1,-1
356,5,1714.44,1176.86,213.82,117.87,1,-1,-1,-1
356,10,2469.36,1362.09,80.96,59.44,1,-1,-1,-1
357,5,1714.44,1176.86,213.80,117.87,1,-1,-1,-1
357,10,2469.37,1362.07,80.94,59.46,1,-1,-1,-1
358,5,1714.44,1176.85,213.79,117.86,1,-1,-1,-1
358,10,2469.38,1362.06,80.93,59.48,1,-1,-1,-1
359,5,1714.45,1176.85,213.78,117.86,1,-1,-1,-1
359,10,2469.39,1362.04,80.91,59.50,1,-1,-1,-1
360,5,1714.45,1176.85,213.77,117.86,1,-1,-1,-1
360,10,2469.40,1362.03,80.89,59.52,1,-1,-1,-1
361,5,1714.46,1176.85,213.76,117.85,1,-1,-1,-1
361,10,2469.42,1362.01,80.87,59.53,1,-1,-1,-1
362,5,1714.46,1176.85,213.75,117.85,1,-1,-1,-1
362,10,2469.43,1362.00,80.86,59.55,1,-1,-1,-1
363,5,1714.47,1176.85,213.73,117.85,1,-1,-1,-1
363,10,2469.44,1361.99,80.84,59.57,1,-1,-1,-1
364,5,1714.47,1176.84,213.72,117.84,1,-1,-1,-1
364,10,2469.45,1361.97,80.82,59.59,1,-1,-1,-1
365,5,1714.47,1176.84,213.71,117.84,1,-1,-1,-1
365,10,2469.47,1361.96,80.80,59.60,1,-1,-1,-1
366,5,1714.48,1176.84,213.70,117.84,1,-1,-1,-1
366,10,2469.48,1361.94,80.79,59.62,1,-1,-1,-1
367,5,1714.48,1176.84,213.69,117.83,1,-1,-1,-1
367,10,2469.49,1361.93,80.77,59.64,1,-1,-1,-1
368,5,1714.49,1176.84,213.68,117.83,1,-1,-1,-1
368,10,2469.50,1361.91,80.75,59.66,1,-1,-1,-1
369,5,1714.49,1176.84,213.67,117.83,1,-1,-1,-1
369,10,2469.52,1361.90,80.73,59.68,1,-1,-1,-1
370,5,1714.50,1176.83,213.65,117.82,1,-1,-1,-1
370,10,2469.53,1361.88,80.72,59.69,1,-1,-1,-1
371,5,1714.50,1176.83,213.64,117.82,1,-1,-1,-1
371,10,2469.54,1361.87,80.70,59.71,1,-1,-1,-1
372,5,1714.50,1176.83,213.63,117.82,1,-1,-1,-1
372,10,2469.55,1361.86,80.68,59.73,1,-1,-1,-1
373,5,1714.51,1176.83,213.62,117.81,1,-1,-1,-1
373,10,2469.56,1361.84,80.66,59.75,1,-1,-1,-1
374,5,1714.51,1176.83,213.61,117.81,1,-1,-1,-1
374,10,2469.58,1361.83,80.65,59.77,1,-1,-1,-1
375,5,1714.52,1176.83,213.60,117.81,1,-1,-1,-1
375,10,2469.59,1361.81,80.63,59.78,1,-1,-1,-1
376,5,1714.52,1176.82,213.58,117.80,1,-1,-1,-1
376,10,2469.60,1361.80,80.61,59.80,1,-1,-1,-1
377,5,1714.53,1176.82,213.57,117.80,1,-1,-1,-1
377,10,2469.61,1361.78,80.59,59.82,1,-1,-1,-1
378,5,1714.53,1176.82,213.56,117.80,1,-1,-1,-1
378,10,2469.63,1361.77,80.58,59.84,1,-1,-1,-1
379,5,1714.53,1176.82,213.55,117.79,1,-1,-1,-1
379,10,2469.64,1361.76,80.56,59.86,1,-1,-1,-1
380,5,1714.54,1176.82,213.54,117.79,1,-1,-1,-1
380,10,2469.65,1361.74,80.54,59.87,1,-1,-1,-1
381,5,1714.54,1176.82,213.53,117.79,1,-1,-1,-1
381,10,2469.66,1361.73,80.52,59.89,1,-1,-1,-1
382,5,1714.55,1176.82,213.52,117.78,1,-1,-1,-1
382,10,2469.67,1361.71,80.51,59.91,1,-1,-1,-1
383,5,1714.55,1176.81,213.50,117.78,1,-1,-1,-1
383,10,2469.69,1361.70,80.49,59.93,1,-1,-1,-1
384,5,1714.55,1176.81,213.49,117.78,1,-1,-1,-1
384,10,2469.70,1361.68,80.47,59.94,1,-1,-1,-1
384,18,-0.68,850.85,734.79,486.75,1,-1,-1,-1
385,5,1714.56,1176.81,213.48,117.77,1,-1,-1,-1
385,10,2469.71,1361.67,80.45,59.96,1,-1,-1,-1
385,18,8.57,867.53,801.28,473.00,1,-1,-1,-1
386,5,1714.56,1176.81,213.47,117.77,1,-1,-1,-1
386,10,2469.72,1361.66,80.44,59.98,1,-1,-1,-1
386,18,18.08,886.95,865.95,456.51,1,-1,-1,-1
387,5,1714.57,1176.81,213.46,117.77,1,-1,-1,-1
387,10,2469.74,1361.64,80.42,60.00,1,-1,-1,-1
387,18,41.13,908.76,914.67,437.64,1,-1,-1,-1
388,5,1714.57,1176.81,213.45,117.76,1,-1,-1,-1
388,10,2469.75,1361.63,80.40,60.02,1,-1,-1,-1
388,18,99.89,932.84,924.61,416.49,1,-1,-1,-1
389,5,1714.58,1176.80,213.44,117.76,1,-1,-1,-1
389,10,2469.76,1361.61,80.38,60.03,1,-1,-1,-1
389,18,192.02,958.32,897.70,393.94,1,-1,-1,-1
390,5,1714.58,1176.80,213.42,117.76,1,-1,-1,-1
390,10,2469.77,1361.60,80.36,60.05,1,-1,-1,-1
390,18,301.06,983.13,850.43,372.06,1,-1,-1,-1
391,5,1714.58,1176.80,213.41,117.76,1,-1,-1,-1
391,10,2469.79,1361.58,80.35,60.07,1,-1,-1,-1
391,18,404.21,1004.61,805.97,353.52,1,-1,-1,-1
392,5,1714.59,1176.80,213.40,117.75,1,-1,-1,-1
392,10,2469.80,1361.57,80.33,60.09,1,-1,-1,-1
392,18,494.19,1021.22,772.25,339.84,1,-1,-1,-1
393,5,1714.59,1176.80,213.39,117.75,1,-1,-1,-1
393,10,2469.81,1361.55,80.31,60.11,1,-1,-1,-1
393,18,581.01,1033.82,739.89,330.18,1,-1,-1,-1
394,5,1714.60,1176.80,213.38,117.75,1,-1,-1,-1
394,10,2469.82,1361.54,80.29,60.12,1,-1,-1,-1
394,18,670.71,1044.41,703.14,322.51,1,-1,-1,-1
395,5,1714.60,1176.79,213.37,117.74,1,-1,-1,-1
395,10,2469.83,1361.53,80.28,60.14,1,-1,-1,-1
395,18,760.53,1054.44,664.54,315.42,1,-1,-1,-1
396,5,1714.61,1176.79,213.35,117.74,1,-1,-1,-1
396,10,2469.85,1361.51,80.26,60.16,1,-1,-1,-1
396,18,842.56,1064.75,631.57,308.05,1,-1,-1,-1
397,5,1714.61,1176.79,213.34,117.74,1,-1,-1,-1
397,10,2469.86,1361.50,80.24,60.18,1,-1,-1,-1
397,18,914.57,1075.76,606.03,299.96,1,-1,-1,-1
398,5,1714.61,1176.79,213.33,117.73,1,-1,-1,-1
398,10,2469.87,1361.48,80.22,60.19,1,-1,-1,-1
398,18,984.03,1087.51,580.37,291.15,1,-1,-1,-1
399,5,1714.62,1176.79,213.32,117.73,1,-1,-1,-1
399,10,2469.88,1361.47,80.21,60.21,1,-1,-1,-1
399,18,1054.45,1099.24,551.39,282.35,1,-1,-1,-1
400,5,1714.62,1176.79,213.31,117.73,1,-1,-1,-1
400,10,2469.90,1361.45,80.19,60.23,1,-1,-1,-1
400,18,1125.07,1109.83,520.40,274.69,1,-1,-1,-1
401,5,1714.63,1176.78,213.30,117.72,1,-1,-1,-1
401,10,2469.91,1361.44,80.17,60.25,1,-1,-1,-1
401,18,1194.52,1118.81,489.39,268.65,1,-1,-1,-1
402,5,1714.63,1176.78,213.29,117.72,1,-1,-1,-1
402,10,2469.92,1361.43,80.15,60.27,1,-1,-1,-1
402,18,1261.07,1126.98,460.79,263.41,1,-1,-1,-1
403,5,1714.63,1176.78,213.27,117.72,1,-1,-1,-1
403,10,2469.93,1361.41,80.14,60.28,1,-1,-1,-1
403,18,1321.66,1135.63,438.21,257.70,1,-1,-1,-1
404,5,1714.64,1176.78,213.26,117.71,1,-1,-1,-1
404,10,2469.95,1361.40,80.12,60.30,1,-1,-1,-1
404,18,1375.42,1145.26,422.65,250.99,1,-1,-1,-1
405,5,1714.64,1176.78,213.25,117.71,1,-1,-1,-1
405,10,2469.96,1361.38,80.10,60.32,1,-1,-1,-1
405,18,1428.83,1155.20,407.20,243.99,1,-1,-1,-1
406,5,1714.65,1176.78,213.24,117.71,1,-1,-1,-1
406,10,2469.97,1361.37,80.08,60.34,1,-1,-1,-1
406,18,1483.48,1164.12,389.42,238.00,1,-1,-1,-1
407,5,1714.65,1176.78,213.23,117.70,1,-1,-1,-1
407,10,2469.98,1361.35,80.07,60.36,1,-1,-1,-1
407,18,1540.24,1171.00,367.62,234.05,1,-1,-1,-1
408,5,1714.66,1176.77,213.22,117.70,1,-1,-1,-1
408,10,2469.99,1361.34,80.05,60.37,1,-1,-1,-1
408,18,1594.87,1175.92,345.63,232.07,1,-1,-1,-1
409,5,1714.66,1176.77,213.20,117.70,1,-1,-1,-1
409,10,2470.01,1361.32,80.03,60.39,1,-1,-1,-1
409,18,1638.83,1180.49,332.13,230.43,1,-1,-1,-1
410,5,1714.66,1176.77,213.19,117.69,1,-1,-1,-1
410,10,2470.02,1361.31,80.01,60.41,1,-1,-1,-1
410,18,1674.87,1187.50,324.81,226.35,1,-1,-1,-1
411,5,1714.67,1176.77,213.18,117.69,1,-1,-1,-1
411,10,2470.03,1361.30,80.00,60.43,1,-1,-1,-1
411,18,1706.99,1199.12,320.19,217.67,1,-1,-1,-1
412,5,1714.67,1176.77,213.17,117.69,1,-1,-1,-1
412,10,2470.04,1361.28,79.98,60.44,1,-1,-1,-1
412,18,1743.20,1214.96,310.68,204.75,1,-1,-1,-1
413,5,1714.68,1176.77,213.16,117.68,1,-1,-1,-1
413,10,2470.06,1361.27,79.96,60.46,1,-1,-1,-1
413,18,1786.55,1231.47,293.46,191.18,1,-1,-1,-1
414,5,1714.68,1176.76,213.15,117.68,1,-1,-1,-1
414,10,2470.07,1361.25,79.94,60.48,1,-1,-1,-1
414,18,1831.99,1245.09,273.50,180.50,1,-1,-1,-1
415,5,1714.69,1176.76,213.14,117.68,1,-1,-1,-1
415,10,2470.08,1361.24,79.93,60.50,1,-1,-1,-1
415,18,1874.30,1254.73,255.81,173.79,1,-1,-1,-1
416,5,1714.69,1176.76,213.12,117.67,1,-1,-1,-1
416,10,2470.09,1361.22,79.91,60.52,1,-1,-1,-1
416,18,1909.88,1261.47,243.88,169.98,1,-1,-1,-1
417,5,1714.69,1176.76,213.11,117.67,1,-1,-1,-1
417,10,2470.11,1361.21,79.89,60.53,1,-1,-1,-1
417,18,1939.45,1267.50,237.13,166.88,1,-1,-1,-1
418,5,1714.70,1176.76,213.10,117.67,1,-1,-1,-1
418,10,2470.12,1361.20,79.87,60.55,1,-1,-1,-1
418,18,1968.46,1274.77,230.50,162.55,1,-1,-1,-1
