1,299,351,79,268,213,1,-1,-1,-1
1,306,1085,281,567,465,1,-1,-1,-1
2,299,384,93,242,198,1,-1,-1,-1
2,306,1113,278,544,478,1,-1,-1,-1
3,299,380,95,244,200,1,-1,-1,-1
3,306,1129,278,558,499,1,-1,-1,-1
4,299,377,96,244,201,1,-1,-1,-1
4,306,1139,281,581,515,1,-1,-1,-1
5,299,372,98,247,201,1,-1,-1,-1
5,306,1149,284,596,521,1,-1,-1,-1
6,299,369,99,248,202,1,-1,-1,-1
6,306,1157,293,602,519,1,-1,-1,-1
7,299,365,101,250,202,1,-1,-1,-1
7,306,1179,300,624,518,1,-1,-1,-1
8,299,357,103,253,202,1,-1,-1,-1
8,306,1186,309,633,531,1,-1,-1,-1
9,299,349,106,257,200,1,-1,-1,-1
9,306,1203,315,637,547,1,-1,-1,-1
10,299,343,106,255,205,1,-1,-1,-1
10,306,1213,323,658,559,1,-1,-1,-1
11,299,339,105,252,209,1,-1,-1,-1
11,306,1230,321,668,573,1,-1,-1,-1
12,299,333,104,252,213,1,-1,-1,-1
12,306,1256,342,662,586,1,-1,-1,-1
13,299,327,108,255,209,1,-1,-1,-1
13,305,1468,132,356,281,1,-1,-1,-1
13,306,1273,356,645,590,1,-1,-1,-1
14,299,322,109,256,209,1,-1,-1,-1
14,305,1457,127,357,286,1,-1,-1,-1
14,306,1321,363,597,594,1,-1,-1,-1
15,299,311,114,259,207,1,-1,-1,-1
15,305,1440,127,343,283,1,-1,-1,-1
16,299,308,113,262,213,1,-1,-1,-1
16,305,1429,128,342,280,1,-1,-1,-1
17,299,304,111,268,217,1,-1,-1,-1
17,305,1416,128,337,279,1,-1,-1,-1
18,299,300,111,271,219,1,-1,-1,-1
18,305,1403,125,335,279,1,-1,-1,-1
19,299,297,112,270,219,1,-1,-1,-1
19,305,1391,123,340,279,1,-1,-1,-1
20,299,295,111,266,222,1,-1,-1,-1
20,305,1377,121,333,275,1,-1,-1,-1
21,299,294,111,262,225,1,-1,-1,-1
21,305,1374,121,332,274,1,-1,-1,-1
22,299,294,111,260,227,1,-1,-1,-1
22,305,1373,121,329,275,1,-1,-1,-1
23,299,294,111,260,227,1,-1,-1,-1
23,305,1373,121,329,275,1,-1,-1,-1
24,299,294,111,260,227,1,-1,-1,-1
24,305,1373,121,329,275,1,-1,-1,-1
25,299,294,111,260,227,1,-1,-1,-1
25,305,1373,121,329,275,1,-1,-1,-1
26,299,294,111,260,227,1,-1,-1,-1
26,305,1373,121,329,275,1,-1,-1,-1
27,299,294,111,260,227,1,-1,-1,-1
27,305,1373,121,329,275,1,-1,-1,-1
28,299,294,111,260,227,1,-1,-1,-1
28,305,1373,121,329,275,1,-1,-1,-1
29,299,294,111,260,227,1,-1,-1,-1
29,305,1373,121,329,275,1,-1,-1,-1
30,299,294,111,260,227,1,-1,-1,-1
30,305,1373,121,329,275,1,-1,-1,-1
31,299,282,113,266,233,1,-1,-1,-1
31,305,1342,129,362,258,1,-1,-1,-1
32,299,269,114,275,241,1,-1,-1,-1
32,305,1255,123,343,227,1,-1,-1,-1
33,299,254,116,285,249,1,-1,-1,-1
33,305,1269,118,285,239,1,-1,-1,-1
34,299,252,116,290,253,1,-1,-1,-1
34,305,1245,119,299,233,1,-1,-1,-1
35,299,255,128,289,250,1,-1,-1,-1
35,305,1244,118,289,232,1,-1,-1,-1
35,327,1568,157,350,310,1,-1,-1,-1
36,299,254,127,292,254,1,-1,-1,-1
36,305,1234,117,285,231,1,-1,-1,-1
36,327,1557,155,361,310,1,-1,-1,-1
37,299,254,130,290,253,1,-1,-1,-1
37,305,1225,115,282,232,1,-1,-1,-1
37,327,1540,152,378,310,1,-1,-1,-1
38,299,252,130,297,255,1,-1,-1,-1
38,305,1215,113,280,232,1,-1,-1,-1
38,327,1527,151,380,308,1,-1,-1,-1
39,299,250,130,301,257,1,-1,-1,-1
39,305,1211,111,277,232,1,-1,-1,-1
39,327,1499,146,386,300,1,-1,-1,-1
40,299,249,130,305,258,1,-1,-1,-1
40,305,1207,109,277,233,1,-1,-1,-1
40,327,1500,145,382,302,1,-1,-1,-1
41,299,253,136,302,258,1,-1,-1,-1
41,305,1205,106,273,235,1,-1,-1,-1
41,327,1493,142,372,299,1,-1,-1,-1
42,299,258,143,301,257,1,-1,-1,-1
42,305,1179,104,278,235,1,-1,-1,-1
42,327,1478,138,368,296,1,-1,-1,-1
43,299,263,148,303,260,1,-1,-1,-1
43,305,1178,100,265,236,1,-1,-1,-1
43,327,1457,136,370,289,1,-1,-1,-1
44,299,266,152,307,258,1,-1,-1,-1
44,305,1171,98,262,234,1,-1,-1,-1
44,327,1429,130,374,289,1,-1,-1,-1
45,299,268,153,311,261,1,-1,-1,-1
45,305,1163,102,265,229,1,-1,-1,-1
45,327,1423,129,366,287,1,-1,-1,-1
46,299,271,156,314,261,1,-1,-1,-1
46,305,1153,101,269,229,1,-1,-1,-1
46,327,1414,128,357,285,1,-1,-1,-1
47,299,272,154,316,266,1,-1,-1,-1
47,305,1145,101,271,227,1,-1,-1,-1
47,327,1405,128,348,280,1,-1,-1,-1
48,299,275,157,316,267,1,-1,-1,-1
48,305,1138,98,270,229,1,-1,-1,-1
48,327,1395,127,347,277,1,-1,-1,-1
49,299,277,159,317,272,1,-1,-1,-1
49,305,1134,96,265,230,1,-1,-1,-1
49,327,1387,124,347,278,1,-1,-1,-1
50,299,277,163,321,277,1,-1,-1,-1
50,305,1125,95,251,220,1,-1,-1,-1
50,327,1358,122,356,274,1,-1,-1,-1
51,299,276,163,325,285,1,-1,-1,-1
51,305,1128,91,242,224,1,-1,-1,-1
51,327,1354,122,351,272,1,-1,-1,-1
52,299,275,163,328,287,1,-1,-1,-1
52,305,1128,90,239,223,1,-1,-1,-1
52,327,1351,122,348,270,1,-1,-1,-1
53,299,275,163,328,287,1,-1,-1,-1
53,305,1128,90,239,223,1,-1,-1,-1
53,327,1351,122,348,270,1,-1,-1,-1
54,299,275,163,328,287,1,-1,-1,-1
54,305,1128,90,239,223,1,-1,-1,-1
54,327,1351,122,348,270,1,-1,-1,-1
55,299,275,163,328,287,1,-1,-1,-1
55,305,1128,90,239,223,1,-1,-1,-1
55,327,1351,122,348,270,1,-1,-1,-1
56,299,275,163,328,287,1,-1,-1,-1
56,305,1128,90,239,223,1,-1,-1,-1
56,327,1351,122,348,270,1,-1,-1,-1
57,299,275,163,328,287,1,-1,-1,-1
57,305,1128,90,239,223,1,-1,-1,-1
57,327,1351,122,348,270,1,-1,-1,-1
58,299,275,163,328,287,1,-1,-1,-1
58,305,1128,90,239,223,1,-1,-1,-1
58,327,1351,122,348,270,1,-1,-1,-1
59,299,275,163,328,287,1,-1,-1,-1
59,305,1128,90,239,223,1,-1,-1,-1
59,327,1351,122,348,270,1,-1,-1,-1
60,299,275,163,328,287,1,-1,-1,-1
60,305,1128,90,239,223,1,-1,-1,-1
60,327,1351,122,348,270,1,-1,-1,-1
61,299,289,187,359,300,1,-1,-1,-1
61,305,1106,91,241,216,1,-1,-1,-1
61,327,1351,122,348,270,1,-1,-1,-1
62,299,303,200,369,304,1,-1,-1,-1
62,327,1248,118,312,252,1,-1,-1,-1
63,299,317,210,381,313,1,-1,-1,-1
63,305,1054,90,226,206,1,-1,-1,-1
63,327,1230,116,318,242,1,-1,-1,-1
64,299,313,208,393,324,1,-1,-1,-1
64,305,1050,90,224,207,1,-1,-1,-1
64,327,1225,117,307,237,1,-1,-1,-1
65,299,313,210,395,328,1,-1,-1,-1
65,305,1043,90,224,207,1,-1,-1,-1
65,327,1217,116,301,234,1,-1,-1,-1
66,299,322,214,407,331,1,-1,-1,-1
66,305,1034,91,226,207,1,-1,-1,-1
66,309,319,95,207,175,1,-1,-1,-1
66,327,1210,117,296,230,1,-1,-1,-1
67,299,324,226,410,351,1,-1,-1,-1
67,305,1017,103,237,188,1,-1,-1,-1
67,309,313,92,210,180,1,-1,-1,-1
67,327,1202,115,295,232,1,-1,-1,-1
68,299,326,225,412,353,1,-1,-1,-1
68,305,1011,103,237,189,1,-1,-1,-1
68,309,309,89,210,184,1,-1,-1,-1
68,327,1197,113,293,233,1,-1,-1,-1
69,299,331,231,410,348,1,-1,-1,-1
69,305,1006,102,237,189,1,-1,-1,-1
69,309,306,87,210,188,1,-1,-1,-1
69,327,1192,110,292,234,1,-1,-1,-1
70,299,335,206,403,398,1,-1,-1,-1
70,305,1004,91,225,208,1,-1,-1,-1
70,327,1174,110,294,234,1,-1,-1,-1
71,299,343,213,402,398,1,-1,-1,-1
71,305,1001,91,225,204,1,-1,-1,-1
71,309,298,84,205,190,1,-1,-1,-1
71,327,1172,109,289,234,1,-1,-1,-1
72,299,350,217,400,404,1,-1,-1,-1
72,305,1001,91,223,204,1,-1,-1,-1
72,309,294,85,208,191,1,-1,-1,-1
72,327,1171,107,278,236,1,-1,-1,-1
73,299,356,225,403,409,1,-1,-1,-1
73,305,980,104,233,181,1,-1,-1,-1
73,309,291,86,208,190,1,-1,-1,-1
73,327,1166,106,272,234,1,-1,-1,-1
74,299,358,230,408,414,1,-1,-1,-1
74,305,980,105,231,183,1,-1,-1,-1
74,309,288,87,209,189,1,-1,-1,-1
74,327,1163,105,266,232,1,-1,-1,-1
75,299,359,236,412,413,1,-1,-1,-1
75,305,978,105,230,183,1,-1,-1,-1
75,309,287,87,208,189,1,-1,-1,-1
75,327,1160,105,266,231,1,-1,-1,-1
76,299,359,236,412,413,1,-1,-1,-1
76,305,978,105,230,183,1,-1,-1,-1
76,309,287,87,208,189,1,-1,-1,-1
76,327,1160,105,266,231,1,-1,-1,-1
77,299,359,236,412,413,1,-1,-1,-1
77,305,978,105,230,183,1,-1,-1,-1
77,309,287,87,208,189,1,-1,-1,-1
77,327,1160,105,266,231,1,-1,-1,-1
78,299,359,236,412,413,1,-1,-1,-1
78,305,978,105,230,183,1,-1,-1,-1
78,309,287,87,208,189,1,-1,-1,-1
78,327,1160,105,266,231,1,-1,-1,-1
79,299,359,236,412,413,1,-1,-1,-1
79,305,978,105,230,183,1,-1,-1,-1
79,309,287,87,208,189,1,-1,-1,-1
79,327,1160,105,266,231,1,-1,-1,-1
80,299,359,238,412,411,1,-1,-1,-1
80,305,978,105,230,183,1,-1,-1,-1
80,309,287,87,208,190,1,-1,-1,-1
80,327,1160,105,266,231,1,-1,-1,-1
81,299,360,241,412,408,1,-1,-1,-1
81,305,978,106,230,183,1,-1,-1,-1
81,309,287,87,207,190,1,-1,-1,-1
81,327,1160,105,265,231,1,-1,-1,-1
82,299,360,243,412,406,1,-1,-1,-1
82,305,979,106,230,182,1,-1,-1,-1
82,309,287,86,207,190,1,-1,-1,-1
82,327,1160,106,265,231,1,-1,-1,-1
83,299,360,243,412,406,1,-1,-1,-1
83,305,979,106,230,182,1,-1,-1,-1
83,309,287,86,207,190,1,-1,-1,-1
83,327,1160,106,265,231,1,-1,-1,-1
84,299,360,243,412,406,1,-1,-1,-1
84,305,979,106,230,182,1,-1,-1,-1
84,309,287,86,207,190,1,-1,-1,-1
84,327,1160,106,265,231,1,-1,-1,-1
85,299,360,243,412,406,1,-1,-1,-1
85,305,979,106,230,182,1,-1,-1,-1
85,309,287,86,207,190,1,-1,-1,-1
85,327,1160,106,265,231,1,-1,-1,-1
86,299,360,243,412,406,1,-1,-1,-1
86,305,979,106,230,182,1,-1,-1,-1
86,309,287,86,207,190,1,-1,-1,-1
86,327,1160,106,265,231,1,-1,-1,-1
87,299,360,243,412,406,1,-1,-1,-1
87,305,979,106,230,182,1,-1,-1,-1
87,309,287,86,207,190,1,-1,-1,-1
87,327,1160,106,265,231,1,-1,-1,-1
88,299,360,243,412,406,1,-1,-1,-1
88,305,979,106,230,182,1,-1,-1,-1
88,309,287,86,207,190,1,-1,-1,-1
88,327,1160,106,265,231,1,-1,-1,-1
89,299,360,243,412,406,1,-1,-1,-1
89,305,979,106,230,182,1,-1,-1,-1
89,309,287,86,207,190,1,-1,-1,-1
89,327,1160,106,265,231,1,-1,-1,-1
90,299,360,243,412,406,1,-1,-1,-1
90,305,979,106,230,182,1,-1,-1,-1
90,309,287,86,207,190,1,-1,-1,-1
90,327,1160,106,265,231,1,-1,-1,-1
91,299,304,226,500,414,1,-1,-1,-1
91,305,979,106,230,182,1,-1,-1,-1
91,327,1160,106,265,231,1,-1,-1,-1
92,299,425,397,619,533,1,-1,-1,-1
92,309,265,94,227,214,1,-1,-1,-1
92,327,1032,99,238,208,1,-1,-1,-1
92,328,1397,142,334,275,1,-1,-1,-1
93,299,439,403,626,529,1,-1,-1,-1
93,309,239,102,244,223,1,-1,-1,-1
93,327,1050,99,237,212,1,-1,-1,-1
93,328,1392,145,340,257,1,-1,-1,-1
94,299,445,412,636,544,1,-1,-1,-1
94,309,236,101,247,224,1,-1,-1,-1
94,327,1045,99,237,212,1,-1,-1,-1
94,328,1366,147,339,249,1,-1,-1,-1
95,299,454,422,643,561,1,-1,-1,-1
95,309,234,100,250,226,1,-1,-1,-1
95,327,1034,101,243,207,1,-1,-1,-1
95,328,1360,143,334,249,1,-1,-1,-1
96,299,459,433,662,579,1,-1,-1,-1
96,309,233,100,250,229,1,-1,-1,-1
96,327,1024,101,245,206,1,-1,-1,-1
96,328,1352,138,327,253,1,-1,-1,-1
97,299,468,441,677,596,1,-1,-1,-1
97,309,233,100,252,232,1,-1,-1,-1
97,327,1014,101,248,204,1,-1,-1,-1
97,328,1343,136,320,253,1,-1,-1,-1
98,299,474,439,716,617,1,-1,-1,-1
98,309,234,101,254,234,1,-1,-1,-1
98,327,1008,100,249,206,1,-1,-1,-1
98,328,1334,135,317,252,1,-1,-1,-1
99,299,493,502,700,566,1,-1,-1,-1
99,309,233,102,257,237,1,-1,-1,-1
99,327,1004,100,249,206,1,-1,-1,-1
99,328,1310,136,321,241,1,-1,-1,-1
100,299,500,492,727,594,1,-1,-1,-1
100,309,232,101,260,240,1,-1,-1,-1
100,327,1001,100,249,204,1,-1,-1,-1
100,328,1304,138,322,236,1,-1,-1,-1
101,309,233,102,262,243,1,-1,-1,-1
101,327,1019,105,226,193,1,-1,-1,-1
101,328,1300,142,316,229,1,-1,-1,-1
102,309,231,103,265,244,1,-1,-1,-1
102,327,1020,105,218,192,1,-1,-1,-1
102,328,1294,143,307,225,1,-1,-1,-1
103,309,229,105,272,246,1,-1,-1,-1
103,327,1017,104,215,190,1,-1,-1,-1
103,328,1289,143,298,223,1,-1,-1,-1
104,309,225,108,280,248,1,-1,-1,-1
104,327,1013,103,214,190,1,-1,-1,-1
104,328,1282,142,294,222,1,-1,-1,-1
105,309,234,107,283,252,1,-1,-1,-1
105,327,1007,102,216,191,1,-1,-1,-1
105,328,1273,143,295,220,1,-1,-1,-1
106,309,233,110,287,254,1,-1,-1,-1
106,327,1000,101,218,192,1,-1,-1,-1
106,328,1264,130,298,225,1,-1,-1,-1
107,309,233,111,292,258,1,-1,-1,-1
107,327,994,100,220,193,1,-1,-1,-1
107,328,1234,128,320,227,1,-1,-1,-1
108,309,235,113,297,257,1,-1,-1,-1
108,327,988,99,222,194,1,-1,-1,-1
108,328,1232,127,312,229,1,-1,-1,-1
108,329,1597,185,321,285,1,-1,-1,-1
109,309,233,125,303,256,1,-1,-1,-1
109,327,981,98,224,195,1,-1,-1,-1
109,328,1227,126,301,228,1,-1,-1,-1
109,329,1590,186,328,282,1,-1,-1,-1
110,309,234,123,305,263,1,-1,-1,-1
110,327,979,100,225,191,1,-1,-1,-1
110,328,1222,127,292,226,1,-1,-1,-1
110,329,1585,180,330,272,1,-1,-1,-1
111,309,233,122,310,267,1,-1,-1,-1
111,327,977,100,226,189,1,-1,-1,-1
111,328,1219,127,287,225,1,-1,-1,-1
111,329,1580,181,326,267,1,-1,-1,-1
112,309,234,120,311,271,1,-1,-1,-1
112,327,975,101,228,189,1,-1,-1,-1
112,328,1218,127,284,225,1,-1,-1,-1
112,329,1576,182,328,266,1,-1,-1,-1
113,309,234,120,311,271,1,-1,-1,-1
113,327,975,101,228,189,1,-1,-1,-1
113,328,1218,127,284,225,1,-1,-1,-1
113,329,1576,182,328,266,1,-1,-1,-1
114,309,234,120,311,271,1,-1,-1,-1
114,327,975,101,228,189,1,-1,-1,-1
114,328,1218,127,284,225,1,-1,-1,-1
114,329,1576,182,328,266,1,-1,-1,-1
115,309,234,120,311,271,1,-1,-1,-1
115,327,975,101,228,189,1,-1,-1,-1
115,328,1218,127,284,225,1,-1,-1,-1
115,329,1576,182,328,266,1,-1,-1,-1
116,309,234,120,311,271,1,-1,-1,-1
116,327,975,101,228,189,1,-1,-1,-1
116,328,1218,127,284,225,1,-1,-1,-1
116,329,1576,182,328,266,1,-1,-1,-1
117,309,234,120,311,271,1,-1,-1,-1
117,327,975,101,228,189,1,-1,-1,-1
117,328,1218,127,284,225,1,-1,-1,-1
117,329,1576,182,328,266,1,-1,-1,-1
118,309,234,120,311,271,1,-1,-1,-1
118,327,975,101,228,189,1,-1,-1,-1
118,328,1218,127,284,225,1,-1,-1,-1
118,329,1576,182,328,266,1,-1,-1,-1
119,309,234,120,311,271,1,-1,-1,-1
119,327,975,101,228,189,1,-1,-1,-1
119,328,1218,127,284,225,1,-1,-1,-1
119,329,1576,182,328,266,1,-1,-1,-1
120,309,234,120,311,271,1,-1,-1,-1
120,327,975,101,228,189,1,-1,-1,-1
120,328,1218,127,284,225,1,-1,-1,-1
120,329,1576,182,328,266,1,-1,-1,-1
121,309,245,131,316,286,1,-1,-1,-1
121,327,971,104,227,187,1,-1,-1,-1
121,328,1196,126,316,218,1,-1,-1,-1
121,329,1581,190,337,275,1,-1,-1,-1
122,309,256,140,322,306,1,-1,-1,-1
122,327,935,109,226,179,1,-1,-1,-1
122,328,1149,122,281,218,1,-1,-1,-1
122,329,1430,168,343,226,1,-1,-1,-1
123,309,266,147,332,331,1,-1,-1,-1
123,327,950,111,208,184,1,-1,-1,-1
123,328,1140,123,261,214,1,-1,-1,-1
123,329,1449,161,288,238,1,-1,-1,-1
124,309,265,146,341,339,1,-1,-1,-1
124,327,948,113,208,180,1,-1,-1,-1
124,328,1134,121,261,214,1,-1,-1,-1
124,329,1439,161,285,239,1,-1,-1,-1
125,309,260,161,355,330,1,-1,-1,-1
125,327,944,114,211,177,1,-1,-1,-1
125,328,1116,126,270,205,1,-1,-1,-1
125,329,1429,158,284,241,1,-1,-1,-1
126,309,260,159,359,335,1,-1,-1,-1
126,327,943,116,210,173,1,-1,-1,-1
126,328,1116,124,266,207,1,-1,-1,-1
126,329,1423,156,282,241,1,-1,-1,-1
127,309,259,157,362,339,1,-1,-1,-1
127,327,940,116,214,172,1,-1,-1,-1
127,328,1117,123,262,207,1,-1,-1,-1
127,329,1422,153,280,241,1,-1,-1,-1
128,309,259,157,362,339,1,-1,-1,-1
128,327,940,116,214,172,1,-1,-1,-1
128,328,1117,123,262,207,1,-1,-1,-1
128,329,1422,153,280,241,1,-1,-1,-1
129,309,259,157,362,339,1,-1,-1,-1
129,327,940,116,214,172,1,-1,-1,-1
129,328,1117,123,262,207,1,-1,-1,-1
129,329,1422,153,280,241,1,-1,-1,-1
130,309,260,157,360,340,1,-1,-1,-1
130,327,941,115,213,173,1,-1,-1,-1
130,328,1117,123,261,207,1,-1,-1,-1
130,329,1422,153,281,242,1,-1,-1,-1
131,309,274,168,367,342,1,-1,-1,-1
131,327,939,117,212,171,1,-1,-1,-1
131,328,1108,119,255,209,1,-1,-1,-1
131,329,1388,153,286,234,1,-1,-1,-1
132,309,286,183,367,342,1,-1,-1,-1
132,320,1571,159,322,286,1,-1,-1,-1
132,327,936,119,212,169,1,-1,-1,-1
132,328,1097,113,248,212,1,-1,-1,-1
133,309,298,198,371,343,1,-1,-1,-1
133,320,1550,151,321,287,1,-1,-1,-1
133,327,923,120,205,169,1,-1,-1,-1
133,328,1083,107,242,215,1,-1,-1,-1
133,329,1365,145,245,230,1,-1,-1,-1
134,260,208,87,223,191,1,-1,-1,-1
134,309,303,201,374,347,1,-1,-1,-1
134,320,1548,150,314,284,1,-1,-1,-1
134,327,923,121,202,167,1,-1,-1,-1
134,328,1079,104,240,216,1,-1,-1,-1
134,329,1342,141,260,232,1,-1,-1,-1
135,309,311,176,375,402,1,-1,-1,-1
135,320,1528,152,316,275,1,-1,-1,-1
135,327,922,122,202,165,1,-1,-1,-1
135,328,1077,104,234,215,1,-1,-1,-1
135,329,1340,140,254,230,1,-1,-1,-1
136,309,301,174,391,415,1,-1,-1,-1
136,320,1518,149,315,273,1,-1,-1,-1
136,327,922,124,201,162,1,-1,-1,-1
136,328,1076,105,229,213,1,-1,-1,-1
137,309,303,178,397,420,1,-1,-1,-1
137,320,1504,146,315,273,1,-1,-1,-1
137,327,920,125,200,159,1,-1,-1,-1
137,328,1074,107,224,210,1,-1,-1,-1
138,309,304,181,405,426,1,-1,-1,-1
138,320,1492,142,315,275,1,-1,-1,-1
138,328,1073,107,223,208,1,-1,-1,-1
139,309,309,183,414,437,1,-1,-1,-1
139,320,1484,139,313,277,1,-1,-1,-1
139,328,1055,106,238,206,1,-1,-1,-1
140,309,310,190,425,441,1,-1,-1,-1
140,320,1479,137,312,277,1,-1,-1,-1
140,328,1049,105,240,208,1,-1,-1,-1
140,329,1302,139,239,227,1,-1,-1,-1
141,309,316,199,434,445,1,-1,-1,-1
141,320,1452,138,320,273,1,-1,-1,-1
141,328,1043,105,240,207,1,-1,-1,-1
142,260,203,88,238,211,1,-1,-1,-1
142,309,322,213,437,439,1,-1,-1,-1
142,320,1444,136,320,272,1,-1,-1,-1
142,328,1044,117,239,178,1,-1,-1,-1
143,260,202,89,240,209,1,-1,-1,-1
143,272,420,138,185,135,1,-1,-1,-1
143,309,329,227,443,437,1,-1,-1,-1
143,320,1436,134,314,270,1,-1,-1,-1
143,328,1042,117,235,178,1,-1,-1,-1
144,260,202,90,242,207,1,-1,-1,-1
144,272,428,135,183,140,1,-1,-1,-1
144,309,334,237,446,433,1,-1,-1,-1
144,320,1430,132,311,270,1,-1,-1,-1
144,328,1042,115,235,197,1,-1,-1,-1
145,260,202,89,243,205,1,-1,-1,-1
145,272,427,134,184,142,1,-1,-1,-1
145,309,336,241,448,433,1,-1,-1,-1
145,320,1427,131,308,269,1,-1,-1,-1
145,328,1041,114,234,198,1,-1,-1,-1
146,260,202,89,243,205,1,-1,-1,-1
146,272,427,134,184,142,1,-1,-1,-1
146,309,336,241,448,433,1,-1,-1,-1
146,320,1427,131,308,269,1,-1,-1,-1
146,328,1041,114,234,198,1,-1,-1,-1
147,260,202,89,243,205,1,-1,-1,-1
147,272,427,134,184,142,1,-1,-1,-1
147,309,336,241,448,433,1,-1,-1,-1
147,320,1427,131,308,269,1,-1,-1,-1
147,328,1041,114,234,198,1,-1,-1,-1
148,260,202,89,243,205,1,-1,-1,-1
148,272,427,134,184,142,1,-1,-1,-1
148,309,336,241,448,433,1,-1,-1,-1
148,320,1427,131,308,269,1,-1,-1,-1
148,328,1041,114,234,198,1,-1,-1,-1
149,260,202,89,243,205,1,-1,-1,-1
149,272,427,134,184,142,1,-1,-1,-1
149,309,336,241,448,433,1,-1,-1,-1
149,320,1427,131,308,269,1,-1,-1,-1
149,328,1041,114,234,198,1,-1,-1,-1
150,260,202,89,241,206,1,-1,-1,-1
150,272,427,134,184,142,1,-1,-1,-1
150,309,336,242,448,431,1,-1,-1,-1
150,320,1428,131,308,269,1,-1,-1,-1
150,328,1041,114,234,198,1,-1,-1,-1
151,260,208,92,246,210,1,-1,-1,-1
151,272,431,128,190,147,1,-1,-1,-1
151,309,332,278,471,451,1,-1,-1,-1
151,320,1410,132,331,260,1,-1,-1,-1
151,328,1014,109,246,200,1,-1,-1,-1
152,260,213,95,253,216,1,-1,-1,-1
152,272,436,123,196,150,1,-1,-1,-1
152,309,361,301,527,483,1,-1,-1,-1
152,320,1356,127,306,259,1,-1,-1,-1
153,260,219,98,260,222,1,-1,-1,-1
153,272,440,119,204,157,1,-1,-1,-1
153,309,367,322,560,514,1,-1,-1,-1
153,320,1345,123,290,262,1,-1,-1,-1
153,328,978,112,234,180,1,-1,-1,-1
154,260,223,98,259,225,1,-1,-1,-1
154,272,442,120,202,156,1,-1,-1,-1
154,309,370,327,580,532,1,-1,-1,-1
154,320,1344,123,281,260,1,-1,-1,-1
154,328,973,113,237,179,1,-1,-1,-1
155,260,227,98,257,227,1,-1,-1,-1
155,272,445,120,201,158,1,-1,-1,-1
155,309,374,327,601,550,1,-1,-1,-1
155,320,1323,126,289,253,1,-1,-1,-1
155,328,936,111,282,182,1,-1,-1,-1
156,260,231,99,255,228,1,-1,-1,-1
156,272,462,121,193,156,1,-1,-1,-1
156,309,393,367,600,546,1,-1,-1,-1
156,320,1320,127,283,250,1,-1,-1,-1
156,328,968,114,239,176,1,-1,-1,-1
157,260,232,99,257,230,1,-1,-1,-1
157,272,461,121,196,159,1,-1,-1,-1
157,309,401,375,613,560,1,-1,-1,-1
157,320,1312,128,282,247,1,-1,-1,-1
157,328,967,114,239,177,1,-1,-1,-1
158,260,233,99,260,234,1,-1,-1,-1
158,272,461,120,199,163,1,-1,-1,-1
158,309,408,387,627,575,1,-1,-1,-1
158,320,1306,129,277,245,1,-1,-1,-1
158,328,965,114,239,177,1,-1,-1,-1
159,260,233,99,262,238,1,-1,-1,-1
159,272,462,119,201,166,1,-1,-1,-1
159,309,418,408,662,578,1,-1,-1,-1
159,320,1298,118,276,247,1,-1,-1,-1
159,328,932,112,268,183,1,-1,-1,-1
160,260,234,101,263,241,1,-1,-1,-1
160,272,465,118,202,168,1,-1,-1,-1
160,309,417,428,681,586,1,-1,-1,-1
160,320,1290,118,276,247,1,-1,-1,-1
160,328,928,109,265,187,1,-1,-1,-1
161,260,234,103,263,241,1,-1,-1,-1
161,272,467,118,203,169,1,-1,-1,-1
161,309,421,442,690,591,1,-1,-1,-1
161,320,1284,118,278,249,1,-1,-1,-1
161,328,934,116,245,172,1,-1,-1,-1
162,260,233,104,264,241,1,-1,-1,-1
162,272,469,119,203,170,1,-1,-1,-1
162,309,406,443,736,601,1,-1,-1,-1
162,320,1280,117,279,250,1,-1,-1,-1
162,328,935,115,242,172,1,-1,-1,-1
163,260,233,104,264,241,1,-1,-1,-1
163,272,469,119,203,170,1,-1,-1,-1
163,309,406,443,736,601,1,-1,-1,-1
163,320,1280,117,279,250,1,-1,-1,-1
163,328,935,115,242,172,1,-1,-1,-1
164,260,233,104,264,241,1,-1,-1,-1
164,272,469,119,203,170,1,-1,-1,-1
164,309,406,443,736,601,1,-1,-1,-1
164,320,1280,117,279,250,1,-1,-1,-1
164,328,935,115,242,172,1,-1,-1,-1
165,260,233,104,264,241,1,-1,-1,-1
165,272,469,119,203,170,1,-1,-1,-1
165,309,406,443,736,601,1,-1,-1,-1
165,320,1280,117,279,250,1,-1,-1,-1
165,328,935,115,242,172,1,-1,-1,-1
166,260,233,104,264,241,1,-1,-1,-1
166,272,469,119,203,170,1,-1,-1,-1
166,309,406,443,736,601,1,-1,-1,-1
166,320,1280,117,279,250,1,-1,-1,-1
166,328,935,115,242,172,1,-1,-1,-1
167,260,233,104,264,241,1,-1,-1,-1
167,272,469,119,203,170,1,-1,-1,-1
167,309,406,443,736,601,1,-1,-1,-1
167,320,1280,117,279,250,1,-1,-1,-1
167,328,935,115,242,172,1,-1,-1,-1
168,260,233,104,264,241,1,-1,-1,-1
168,272,469,119,203,170,1,-1,-1,-1
168,309,406,443,736,601,1,-1,-1,-1
168,320,1280,117,279,250,1,-1,-1,-1
168,328,935,115,242,172,1,-1,-1,-1
169,260,233,104,264,241,1,-1,-1,-1
169,272,469,119,203,170,1,-1,-1,-1
169,309,406,443,736,601,1,-1,-1,-1
169,320,1280,117,279,250,1,-1,-1,-1
169,328,935,115,242,172,1,-1,-1,-1
170,260,233,104,264,241,1,-1,-1,-1
170,272,469,119,203,170,1,-1,-1,-1
170,309,406,443,736,601,1,-1,-1,-1
170,320,1280,117,279,250,1,-1,-1,-1
170,328,935,115,242,172,1,-1,-1,-1
171,260,247,109,278,246,1,-1,-1,-1
171,272,471,127,205,150,1,-1,-1,-1
171,309,388,379,803,686,1,-1,-1,-1
171,320,1238,123,278,225,1,-1,-1,-1
171,328,937,116,231,173,1,-1,-1,-1
172,260,250,106,303,263,1,-1,-1,-1
172,272,525,144,220,150,1,-1,-1,-1
172,320,1228,122,254,223,1,-1,-1,-1
172,328,939,117,220,173,1,-1,-1,-1
173,260,256,119,327,278,1,-1,-1,-1
173,272,529,129,208,179,1,-1,-1,-1
173,320,1188,126,264,217,1,-1,-1,-1
174,260,259,118,332,285,1,-1,-1,-1
174,320,1182,126,262,216,1,-1,-1,-1
175,260,263,117,335,293,1,-1,-1,-1
175,320,1179,125,258,217,1,-1,-1,-1
176,260,269,120,332,297,1,-1,-1,-1
176,320,1174,120,256,221,1,-1,-1,-1
177,260,271,124,332,300,1,-1,-1,-1
177,272,546,138,209,172,1,-1,-1,-1
177,320,1174,117,251,223,1,-1,-1,-1
178,260,271,129,337,303,1,-1,-1,-1
178,320,1169,114,251,222,1,-1,-1,-1
179,260,279,131,340,307,1,-1,-1,-1
179,320,1161,115,252,220,1,-1,-1,-1
180,260,282,135,341,311,1,-1,-1,-1
180,320,1156,114,250,220,1,-1,-1,-1
181,260,286,139,342,315,1,-1,-1,-1
181,320,1149,112,250,220,1,-1,-1,-1
182,260,292,144,342,320,1,-1,-1,-1
182,320,1148,113,244,219,1,-1,-1,-1
183,260,295,147,348,325,1,-1,-1,-1
183,320,1144,114,240,215,1,-1,-1,-1
184,260,298,149,354,333,1,-1,-1,-1
184,320,1144,115,235,211,1,-1,-1,-1
185,260,299,153,366,346,1,-1,-1,-1
185,320,1107,117,270,203,1,-1,-1,-1
186,260,301,154,373,350,1,-1,-1,-1
186,320,1111,115,260,202,1,-1,-1,-1
187,260,303,157,383,354,1,-1,-1,-1
187,320,1114,115,251,202,1,-1,-1,-1
188,260,304,161,389,355,1,-1,-1,-1
188,320,1115,115,245,202,1,-1,-1,-1
189,260,303,163,393,355,1,-1,-1,-1
189,320,1114,115,245,202,1,-1,-1,-1
190,260,303,162,393,355,1,-1,-1,-1
190,320,1115,115,244,201,1,-1,-1,-1
191,260,291,176,417,361,1,-1,-1,-1
191,320,1108,112,245,204,1,-1,-1,-1
192,260,302,178,428,374,1,-1,-1,-1
192,320,1099,109,245,207,1,-1,-1,-1
193,260,315,183,441,388,1,-1,-1,-1
193,320,1089,105,246,212,1,-1,-1,-1
194,260,322,184,440,395,1,-1,-1,-1
194,320,1087,104,244,215,1,-1,-1,-1
195,260,331,188,438,401,1,-1,-1,-1
195,320,1086,104,242,217,1,-1,-1,-1
196,260,338,193,442,412,1,-1,-1,-1
196,320,1083,103,241,218,1,-1,-1,-1
197,260,344,197,450,425,1,-1,-1,-1
197,320,1078,104,244,216,1,-1,-1,-1
198,260,347,200,461,436,1,-1,-1,-1
198,320,1074,104,243,214,1,-1,-1,-1
199,260,348,208,470,436,1,-1,-1,-1
199,320,1072,105,241,213,1,-1,-1,-1
200,260,368,219,462,435,1,-1,-1,-1
200,273,419,93,217,180,1,-1,-1,-1
200,320,1072,104,235,213,1,-1,-1,-1
201,260,369,227,460,435,1,-1,-1,-1
201,273,417,90,217,186,1,-1,-1,-1
201,320,1073,103,232,213,1,-1,-1,-1
202,260,371,230,458,434,1,-1,-1,-1
202,273,417,88,218,192,1,-1,-1,-1
202,320,1084,111,222,205,1,-1,-1,-1
203,260,371,230,458,434,1,-1,-1,-1
203,273,417,88,218,192,1,-1,-1,-1
203,320,1084,111,222,205,1,-1,-1,-1
204,260,371,230,458,434,1,-1,-1,-1
204,273,417,88,218,192,1,-1,-1,-1
204,320,1084,111,222,205,1,-1,-1,-1
205,260,371,230,458,434,1,-1,-1,-1
205,273,417,88,218,192,1,-1,-1,-1
205,320,1084,111,222,205,1,-1,-1,-1
206,260,371,230,458,434,1,-1,-1,-1
206,273,417,88,218,192,1,-1,-1,-1
206,320,1084,111,222,205,1,-1,-1,-1
207,260,371,230,458,434,1,-1,-1,-1
207,273,417,88,218,192,1,-1,-1,-1
207,320,1084,111,222,205,1,-1,-1,-1
208,260,371,230,458,434,1,-1,-1,-1
208,273,417,88,218,192,1,-1,-1,-1
208,320,1084,111,222,205,1,-1,-1,-1
209,260,371,230,458,434,1,-1,-1,-1
209,273,417,88,218,192,1,-1,-1,-1
209,320,1084,111,222,205,1,-1,-1,-1
210,260,371,230,458,434,1,-1,-1,-1
210,273,417,88,218,192,1,-1,-1,-1
210,320,1084,111,222,205,1,-1,-1,-1
211,260,371,230,458,434,1,-1,-1,-1
211,320,1084,111,222,205,1,-1,-1,-1
212,260,453,347,638,543,1,-1,-1,-1
212,273,410,40,235,243,1,-1,-1,-1
212,313,1308,200,403,314,1,-1,-1,-1
212,320,1042,105,240,203,1,-1,-1,-1
213,260,454,342,669,578,1,-1,-1,-1
213,273,411,38,227,246,1,-1,-1,-1
213,313,1299,190,385,313,1,-1,-1,-1
213,320,1054,105,217,200,1,-1,-1,-1
214,260,455,337,700,614,1,-1,-1,-1
214,273,411,34,228,247,1,-1,-1,-1
214,313,1260,181,392,317,1,-1,-1,-1
214,320,1051,104,217,201,1,-1,-1,-1
215,260,456,332,731,650,1,-1,-1,-1
215,273,410,29,231,250,1,-1,-1,-1
215,313,1250,178,378,314,1,-1,-1,-1
215,320,1049,103,216,201,1,-1,-1,-1
216,260,476,364,731,643,1,-1,-1,-1
216,273,411,22,231,254,1,-1,-1,-1
216,313,1235,175,375,312,1,-1,-1,-1
216,320,1048,102,213,200,1,-1,-1,-1
217,260,496,398,734,635,1,-1,-1,-1
217,273,411,17,232,258,1,-1,-1,-1
217,313,1196,175,386,304,1,-1,-1,-1
217,320,1047,103,211,197,1,-1,-1,-1
218,260,520,405,762,657,1,-1,-1,-1
218,273,415,17,229,256,1,-1,-1,-1
218,313,1189,174,375,303,1,-1,-1,-1
218,320,1047,102,208,198,1,-1,-1,-1
219,260,517,397,788,689,1,-1,-1,-1
219,273,419,15,229,256,1,-1,-1,-1
219,313,1173,165,367,303,1,-1,-1,-1
220,260,528,462,800,624,1,-1,-1,-1
220,273,422,13,230,258,1,-1,-1,-1
220,313,1168,169,350,289,1,-1,-1,-1
221,272,563,277,380,281,1,-1,-1,-1
221,273,424,8,233,261,1,-1,-1,-1
221,313,1138,169,354,272,1,-1,-1,-1
222,272,570,282,374,288,1,-1,-1,-1
222,273,425,3,237,267,1,-1,-1,-1
222,313,1128,164,348,270,1,-1,-1,-1
222,315,1528,300,390,321,1,-1,-1,-1
223,272,576,288,374,293,1,-1,-1,-1
223,273,427,4,236,265,1,-1,-1,-1
223,313,1116,157,339,269,1,-1,-1,-1
223,315,1507,298,411,312,1,-1,-1,-1
224,272,578,294,377,292,1,-1,-1,-1
224,273,429,5,236,264,1,-1,-1,-1
224,313,1111,153,328,271,1,-1,-1,-1
224,315,1493,296,425,305,1,-1,-1,-1
225,272,579,300,379,288,1,-1,-1,-1
225,273,430,9,234,260,1,-1,-1,-1
225,313,1107,151,325,271,1,-1,-1,-1
225,315,1474,294,431,296,1,-1,-1,-1
226,272,579,300,379,288,1,-1,-1,-1
226,273,430,9,234,260,1,-1,-1,-1
226,313,1107,151,325,271,1,-1,-1,-1
226,315,1474,294,431,296,1,-1,-1,-1
227,272,579,300,379,288,1,-1,-1,-1
227,273,430,9,234,260,1,-1,-1,-1
227,313,1107,151,325,271,1,-1,-1,-1
227,315,1474,294,431,296,1,-1,-1,-1
228,272,579,300,379,288,1,-1,-1,-1
228,273,430,9,234,260,1,-1,-1,-1
228,313,1107,151,325,271,1,-1,-1,-1
228,315,1474,294,431,296,1,-1,-1,-1
229,272,579,300,379,288,1,-1,-1,-1
229,273,430,9,234,260,1,-1,-1,-1
229,313,1107,151,325,271,1,-1,-1,-1
229,315,1474,294,431,296,1,-1,-1,-1
230,272,579,300,380,288,1,-1,-1,-1
230,273,431,10,234,259,1,-1,-1,-1
230,313,1107,151,325,271,1,-1,-1,-1
230,315,1473,294,432,296,1,-1,-1,-1
231,272,572,320,405,249,1,-1,-1,-1
231,273,440,8,237,268,1,-1,-1,-1
231,313,1107,151,325,271,1,-1,-1,-1
231,315,1473,294,432,296,1,-1,-1,-1
232,272,581,330,458,410,1,-1,-1,-1
232,273,449,6,241,277,1,-1,-1,-1
232,313,1021,132,298,258,1,-1,-1,-1
232,315,1290,248,412,234,1,-1,-1,-1
233,272,611,368,443,402,1,-1,-1,-1
233,273,458,0,246,292,1,-1,-1,-1
233,313,999,120,310,266,1,-1,-1,-1
233,315,1286,236,351,258,1,-1,-1,-1
234,272,625,391,438,394,1,-1,-1,-1
234,273,458,0,250,295,1,-1,-1,-1
234,313,995,121,296,263,1,-1,-1,-1
234,315,1276,230,340,255,1,-1,-1,-1
234,316,1525,305,393,346,1,-1,-1,-1
235,272,632,412,445,383,1,-1,-1,-1
235,273,457,0,255,299,1,-1,-1,-1
235,313,984,113,291,258,1,-1,-1,-1
235,315,1256,227,341,250,1,-1,-1,-1
235,316,1500,298,418,367,1,-1,-1,-1
236,272,624,437,473,384,1,-1,-1,-1
236,273,464,10,243,283,1,-1,-1,-1
236,313,979,112,284,257,1,-1,-1,-1
236,316,1482,281,412,358,1,-1,-1,-1
237,272,623,438,493,403,1,-1,-1,-1
237,273,472,5,246,299,1,-1,-1,-1
237,313,977,113,274,249,1,-1,-1,-1
237,316,1446,300,430,302,1,-1,-1,-1
238,272,622,446,508,420,1,-1,-1,-1
238,273,473,7,250,299,1,-1,-1,-1
238,313,952,114,285,238,1,-1,-1,-1
238,315,1200,208,337,246,1,-1,-1,-1
238,316,1432,296,421,295,1,-1,-1,-1
239,272,631,459,532,431,1,-1,-1,-1
239,273,473,7,252,301,1,-1,-1,-1
239,313,945,115,278,234,1,-1,-1,-1
239,316,1397,289,419,290,1,-1,-1,-1
240,272,632,470,543,443,1,-1,-1,-1
240,273,474,7,256,305,1,-1,-1,-1
240,313,933,114,280,233,1,-1,-1,-1
240,316,1383,283,413,290,1,-1,-1,-1
241,272,633,477,554,451,1,-1,-1,-1
241,273,474,6,259,311,1,-1,-1,-1
241,313,925,113,281,232,1,-1,-1,-1
241,316,1370,280,408,285,1,-1,-1,-1
242,272,631,478,564,457,1,-1,-1,-1
242,273,474,6,260,311,1,-1,-1,-1
242,313,922,113,283,231,1,-1,-1,-1
242,316,1361,279,412,285,1,-1,-1,-1
243,272,631,478,564,457,1,-1,-1,-1
243,273,474,6,260,311,1,-1,-1,-1
243,313,922,113,283,231,1,-1,-1,-1
243,316,1361,279,412,285,1,-1,-1,-1
244,272,631,478,564,457,1,-1,-1,-1
244,273,474,6,260,311,1,-1,-1,-1
244,313,922,113,283,231,1,-1,-1,-1
244,316,1361,279,412,285,1,-1,-1,-1
245,272,631,478,564,457,1,-1,-1,-1
245,273,474,6,260,311,1,-1,-1,-1
245,313,922,113,283,231,1,-1,-1,-1
245,316,1361,279,412,285,1,-1,-1,-1
246,272,631,478,564,457,1,-1,-1,-1
246,273,474,6,260,311,1,-1,-1,-1
246,313,922,113,283,231,1,-1,-1,-1
246,316,1361,279,412,285,1,-1,-1,-1
247,272,631,478,564,457,1,-1,-1,-1
247,273,474,6,260,311,1,-1,-1,-1
247,313,922,113,283,231,1,-1,-1,-1
247,316,1361,279,412,285,1,-1,-1,-1
248,272,631,478,564,457,1,-1,-1,-1
248,273,474,6,260,311,1,-1,-1,-1
248,313,922,113,283,231,1,-1,-1,-1
248,316,1361,279,412,285,1,-1,-1,-1
249,272,631,478,564,457,1,-1,-1,-1
249,273,474,6,260,311,1,-1,-1,-1
249,313,922,113,283,231,1,-1,-1,-1
249,316,1361,279,412,285,1,-1,-1,-1
250,272,631,478,564,457,1,-1,-1,-1
250,273,474,6,260,311,1,-1,-1,-1
250,313,922,113,283,231,1,-1,-1,-1
250,316,1361,279,412,285,1,-1,-1,-1
251,272,599,478,662,448,1,-1,-1,-1
251,273,491,4,265,320,1,-1,-1,-1
251,313,918,107,280,226,1,-1,-1,-1
251,316,1361,279,412,285,1,-1,-1,-1
252,273,504,3,276,328,1,-1,-1,-1
252,316,1184,217,340,246,1,-1,-1,-1
253,273,533,12,280,332,1,-1,-1,-1
253,316,1185,215,338,260,1,-1,-1,-1
254,273,536,16,281,329,1,-1,-1,-1
254,316,1173,212,337,258,1,-1,-1,-1
255,273,540,15,285,333,1,-1,-1,-1
255,316,1145,210,353,249,1,-1,-1,-1
256,273,543,15,291,336,1,-1,-1,-1
256,313,819,98,247,228,1,-1,-1,-1
256,316,1138,206,353,248,1,-1,-1,-1
257,273,545,14,300,341,1,-1,-1,-1
257,313,815,96,239,227,1,-1,-1,-1
257,316,1132,202,344,251,1,-1,-1,-1
258,273,547,17,308,340,1,-1,-1,-1
258,313,812,96,232,224,1,-1,-1,-1
258,316,1128,191,319,249,1,-1,-1,-1
259,273,551,21,311,339,1,-1,-1,-1
259,316,1119,192,312,243,1,-1,-1,-1
260,273,557,22,312,341,1,-1,-1,-1
260,316,1112,193,307,234,1,-1,-1,-1
261,273,566,24,310,343,1,-1,-1,-1
261,316,1107,195,306,224,1,-1,-1,-1
262,273,572,22,311,352,1,-1,-1,-1
262,316,1097,194,302,219,1,-1,-1,-1
263,273,577,26,312,353,1,-1,-1,-1
263,316,1088,191,306,219,1,-1,-1,-1
263,317,1584,220,334,263,1,-1,-1,-1
264,273,591,30,307,356,1,-1,-1,-1
264,316,1079,187,306,221,1,-1,-1,-1
264,317,1564,213,354,264,1,-1,-1,-1
265,273,594,32,315,356,1,-1,-1,-1
265,316,1067,184,306,222,1,-1,-1,-1
265,317,1545,205,362,265,1,-1,-1,-1
266,273,599,7,323,391,1,-1,-1,-1
266,316,1058,182,301,222,1,-1,-1,-1
266,317,1504,202,373,256,1,-1,-1,-1
267,273,605,6,331,397,1,-1,-1,-1
267,316,1048,181,300,221,1,-1,-1,-1
267,317,1499,202,360,252,1,-1,-1,-1
268,273,614,11,335,396,1,-1,-1,-1
268,316,1040,179,302,221,1,-1,-1,-1
268,317,1491,193,341,247,1,-1,-1,-1
269,273,621,15,340,395,1,-1,-1,-1
269,316,1010,175,317,218,1,-1,-1,-1
269,317,1476,192,336,243,1,-1,-1,-1
270,273,626,24,347,389,1,-1,-1,-1
270,316,991,169,324,221,1,-1,-1,-1
270,317,1448,191,334,235,1,-1,-1,-1
271,273,625,30,360,392,1,-1,-1,-1
271,316,972,162,325,226,1,-1,-1,-1
271,317,1440,187,324,234,1,-1,-1,-1
272,273,646,34,349,396,1,-1,-1,-1
272,316,961,159,320,227,1,-1,-1,-1
272,317,1426,184,317,233,1,-1,-1,-1
273,273,650,34,359,403,1,-1,-1,-1
273,316,940,151,309,224,1,-1,-1,-1
273,317,1412,181,312,231,1,-1,-1,-1
274,273,655,35,367,405,1,-1,-1,-1
274,317,1384,179,313,227,1,-1,-1,-1
275,273,663,39,369,403,1,-1,-1,-1
275,317,1375,176,306,225,1,-1,-1,-1
276,273,682,60,349,386,1,-1,-1,-1
276,317,1361,173,303,223,1,-1,-1,-1
277,273,689,56,356,396,1,-1,-1,-1
277,317,1347,170,299,223,1,-1,-1,-1
278,273,691,52,369,409,1,-1,-1,-1
278,317,1340,169,293,222,1,-1,-1,-1
279,273,690,52,405,418,1,-1,-1,-1
279,317,1319,169,297,217,1,-1,-1,-1
280,273,690,55,406,416,1,-1,-1,-1
280,317,1316,169,297,216,1,-1,-1,-1
281,273,691,53,405,418,1,-1,-1,-1
281,317,1317,169,297,217,1,-1,-1,-1
282,273,691,51,404,421,1,-1,-1,-1
282,317,1317,169,296,217,1,-1,-1,-1
283,273,691,51,404,421,1,-1,-1,-1
283,317,1317,169,296,217,1,-1,-1,-1
284,273,691,51,404,421,1,-1,-1,-1
284,317,1317,169,296,217,1,-1,-1,-1
285,273,691,51,404,421,1,-1,-1,-1
285,317,1317,169,296,217,1,-1,-1,-1
286,273,691,51,404,421,1,-1,-1,-1
286,317,1317,169,296,217,1,-1,-1,-1
287,273,691,51,404,421,1,-1,-1,-1
287,317,1317,169,296,217,1,-1,-1,-1
288,273,691,51,404,421,1,-1,-1,-1
288,317,1317,169,296,217,1,-1,-1,-1
289,273,691,51,404,421,1,-1,-1,-1
289,317,1317,169,296,217,1,-1,-1,-1
290,273,691,51,404,421,1,-1,-1,-1
290,317,1317,169,296,217,1,-1,-1,-1
291,273,734,56,353,437,1,-1,-1,-1
291,317,1296,161,321,225,1,-1,-1,-1
292,273,812,149,569,436,1,-1,-1,-1
292,316,221,152,453,207,1,-1,-1,-1
292,318,1422,268,405,285,1,-1,-1,-1
293,273,863,115,472,500,1,-1,-1,-1
293,316,182,154,471,200,1,-1,-1,-1
293,318,1396,255,407,292,1,-1,-1,-1
294,273,879,118,484,512,1,-1,-1,-1
294,316,160,156,476,199,1,-1,-1,-1
294,318,1384,242,396,296,1,-1,-1,-1
295,273,898,111,491,531,1,-1,-1,-1
295,316,155,156,458,201,1,-1,-1,-1
295,318,1381,241,374,291,1,-1,-1,-1
296,273,914,104,498,552,1,-1,-1,-1
296,316,118,161,457,196,1,-1,-1,-1
296,318,1379,238,357,284,1,-1,-1,-1
297,273,942,109,513,551,1,-1,-1,-1
297,316,101,161,466,196,1,-1,-1,-1
298,273,955,112,522,562,1,-1,-1,-1
298,316,87,160,467,196,1,-1,-1,-1
299,273,977,109,527,601,1,-1,-1,-1
299,316,85,151,450,211,1,-1,-1,-1
