57,242,935,86,130,108,1,-1,-1,-1
58,242,933,86,133,109,1,-1,-1,-1
59,242,931,87,137,109,1,-1,-1,-1
60,242,931,88,138,108,1,-1,-1,-1
61,242,931,88,139,108,1,-1,-1,-1
62,242,931,90,140,108,1,-1,-1,-1
63,242,930,90,142,107,1,-1,-1,-1
64,242,930,91,143,107,1,-1,-1,-1
65,242,929,91,145,105,1,-1,-1,-1
66,242,931,92,142,106,1,-1,-1,-1
67,242,932,93,140,106,1,-1,-1,-1
68,242,935,88,134,119,1,-1,-1,-1
69,242,935,89,135,118,1,-1,-1,-1
70,242,934,96,138,105,1,-1,-1,-1
71,242,936,90,133,118,1,-1,-1,-1
72,242,936,91,134,117,1,-1,-1,-1
73,242,935,93,135,116,1,-1,-1,-1
74,242,935,93,136,115,1,-1,-1,-1
75,242,935,96,136,113,1,-1,-1,-1
76,242,935,99,136,112,1,-1,-1,-1
77,242,935,103,137,110,1,-1,-1,-1
78,242,935,107,136,108,1,-1,-1,-1
79,242,936,110,135,106,1,-1,-1,-1
80,242,935,113,134,105,1,-1,-1,-1
81,242,935,114,135,105,1,-1,-1,-1
82,242,934,115,135,104,1,-1,-1,-1
83,242,935,115,134,104,1,-1,-1,-1
84,242,935,115,134,106,1,-1,-1,-1
85,242,934,114,134,108,1,-1,-1,-1
86,242,934,114,134,110,1,-1,-1,-1
87,242,930,118,139,109,1,-1,-1,-1
88,242,929,119,140,109,1,-1,-1,-1
89,242,929,118,140,111,1,-1,-1,-1
90,242,929,118,140,112,1,-1,-1,-1
91,242,929,118,139,114,1,-1,-1,-1
92,242,929,118,132,115,1,-1,-1,-1
93,242,928,119,132,117,1,-1,-1,-1
94,242,928,120,132,118,1,-1,-1,-1
95,242,928,122,132,118,1,-1,-1,-1
96,242,927,123,132,120,1,-1,-1,-1
97,242,927,124,132,120,1,-1,-1,-1
98,242,927,126,133,120,1,-1,-1,-1
99,242,927,128,133,120,1,-1,-1,-1
100,242,926,130,135,119,1,-1,-1,-1
101,242,923,133,140,120,1,-1,-1,-1
102,242,924,136,139,119,1,-1,-1,-1
103,242,923,138,138,121,1,-1,-1,-1
104,242,923,141,138,121,1,-1,-1,-1
105,242,923,142,137,123,1,-1,-1,-1
106,242,923,143,137,122,1,-1,-1,-1
107,242,921,141,139,125,1,-1,-1,-1
108,242,919,145,141,131,1,-1,-1,-1
109,242,917,145,142,132,1,-1,-1,-1
110,242,914,149,145,131,1,-1,-1,-1
111,242,912,149,147,133,1,-1,-1,-1
112,242,910,152,149,132,1,-1,-1,-1
113,242,908,154,150,132,1,-1,-1,-1
114,242,907,157,149,129,1,-1,-1,-1
115,242,905,160,150,127,1,-1,-1,-1
116,242,902,163,151,127,1,-1,-1,-1
117,242,900,165,153,127,1,-1,-1,-1
118,242,898,167,155,127,1,-1,-1,-1
119,242,896,169,155,129,1,-1,-1,-1
120,242,894,172,155,127,1,-1,-1,-1
121,242,893,175,154,126,1,-1,-1,-1
122,242,892,176,153,123,1,-1,-1,-1
123,242,890,185,152,127,1,-1,-1,-1
124,242,888,188,154,126,1,-1,-1,-1
125,242,887,189,157,126,1,-1,-1,-1
126,242,885,191,161,127,1,-1,-1,-1
127,242,883,192,164,130,1,-1,-1,-1
128,242,880,194,168,131,1,-1,-1,-1
129,242,879,197,169,132,1,-1,-1,-1
130,242,878,199,171,136,1,-1,-1,-1
131,242,877,201,172,139,1,-1,-1,-1
132,242,876,204,173,140,1,-1,-1,-1
133,242,876,206,175,139,1,-1,-1,-1
134,242,871,217,183,141,1,-1,-1,-1
135,242,870,217,184,145,1,-1,-1,-1
136,242,871,218,182,148,1,-1,-1,-1
137,242,865,219,184,153,1,-1,-1,-1
138,242,864,225,187,152,1,-1,-1,-1
139,242,862,229,189,154,1,-1,-1,-1
140,242,861,232,189,157,1,-1,-1,-1
141,242,862,235,187,156,1,-1,-1,-1
142,242,860,242,191,162,1,-1,-1,-1
143,242,860,246,191,161,1,-1,-1,-1
144,242,858,250,192,161,1,-1,-1,-1
145,242,856,254,194,165,1,-1,-1,-1
146,242,853,259,197,168,1,-1,-1,-1
147,242,851,263,201,171,1,-1,-1,-1
148,242,849,279,204,164,1,-1,-1,-1
149,242,849,280,203,168,1,-1,-1,-1
150,242,847,284,203,171,1,-1,-1,-1
151,242,846,288,205,177,1,-1,-1,-1
152,242,841,293,212,179,1,-1,-1,-1
153,242,839,309,214,174,1,-1,-1,-1
154,242,837,312,215,178,1,-1,-1,-1
155,242,831,318,220,180,1,-1,-1,-1
156,242,824,324,228,182,1,-1,-1,-1
157,242,812,322,248,209,1,-1,-1,-1
158,242,808,327,248,215,1,-1,-1,-1
159,242,804,333,247,219,1,-1,-1,-1
160,242,797,340,250,223,1,-1,-1,-1
161,242,791,345,252,227,1,-1,-1,-1
162,242,785,365,255,217,1,-1,-1,-1
163,242,777,375,257,217,1,-1,-1,-1
164,242,769,384,263,218,1,-1,-1,-1
165,242,762,393,268,221,1,-1,-1,-1
166,242,757,398,270,228,1,-1,-1,-1
167,242,740,405,278,235,1,-1,-1,-1
168,242,731,409,285,241,1,-1,-1,-1
169,242,722,435,291,235,1,-1,-1,-1
170,242,709,445,300,237,1,-1,-1,-1
171,242,694,457,310,238,1,-1,-1,-1
172,242,681,469,317,241,1,-1,-1,-1
173,242,667,476,324,251,1,-1,-1,-1
174,242,657,492,332,258,1,-1,-1,-1
175,242,637,499,332,258,1,-1,-1,-1
176,242,623,509,340,263,1,-1,-1,-1
177,242,606,523,348,271,1,-1,-1,-1
178,242,586,529,359,286,1,-1,-1,-1
179,242,570,548,363,301,1,-1,-1,-1
180,242,544,565,363,302,1,-1,-1,-1
181,242,523,580,374,312,1,-1,-1,-1
182,242,498,614,383,314,1,-1,-1,-1
183,242,486,626,382,313,1,-1,-1,-1
184,242,429,648,414,317,1,-1,-1,-1
185,242,397,639,442,375,1,-1,-1,-1
186,242,362,670,427,372,1,-1,-1,-1
187,242,321,693,456,374,1,-1,-1,-1
306,245,866,0,130,111,1,-1,-1,-1
307,245,866,0,129,111,1,-1,-1,-1
308,245,867,0,129,111,1,-1,-1,-1
309,245,868,0,129,111,1,-1,-1,-1
310,245,869,0,129,111,1,-1,-1,-1
311,245,870,0,129,111,1,-1,-1,-1
312,245,871,0,129,111,1,-1,-1,-1
313,245,872,1,128,111,1,-1,-1,-1
314,245,873,3,128,111,1,-1,-1,-1
315,245,874,4,128,111,1,-1,-1,-1
316,245,875,5,128,112,1,-1,-1,-1
317,245,876,6,128,112,1,-1,-1,-1
318,245,877,7,128,112,1,-1,-1,-1
319,245,878,8,127,112,1,-1,-1,-1
320,245,879,9,127,112,1,-1,-1,-1
321,245,880,11,127,112,1,-1,-1,-1
322,245,881,12,127,112,1,-1,-1,-1
323,245,882,13,127,112,1,-1,-1,-1
324,245,883,14,127,112,1,-1,-1,-1
325,245,884,15,126,112,1,-1,-1,-1
326,245,885,16,126,113,1,-1,-1,-1
327,245,886,17,126,113,1,-1,-1,-1
328,245,887,18,126,113,1,-1,-1,-1
329,245,888,20,126,113,1,-1,-1,-1
330,245,889,21,126,113,1,-1,-1,-1
331,245,890,22,125,113,1,-1,-1,-1
332,245,891,23,125,113,1,-1,-1,-1
333,245,892,24,125,113,1,-1,-1,-1
334,245,893,25,125,113,1,-1,-1,-1
335,245,894,26,125,113,1,-1,-1,-1
336,245,895,28,125,114,1,-1,-1,-1
337,245,895,28,125,113,1,-1,-1,-1
338,245,895,29,125,113,1,-1,-1,-1
339,245,895,29,125,113,1,-1,-1,-1
340,245,896,30,125,113,1,-1,-1,-1
341,245,896,30,125,113,1,-1,-1,-1
342,245,896,31,125,113,1,-1,-1,-1
343,245,897,31,125,113,1,-1,-1,-1
344,245,897,32,126,113,1,-1,-1,-1
345,245,897,32,126,112,1,-1,-1,-1
346,245,898,33,126,112,1,-1,-1,-1
347,245,898,33,126,112,1,-1,-1,-1
348,245,898,34,126,112,1,-1,-1,-1
349,245,899,34,126,112,1,-1,-1,-1
350,245,899,35,126,112,1,-1,-1,-1
351,245,899,35,126,112,1,-1,-1,-1
352,245,900,36,127,112,1,-1,-1,-1
353,245,900,36,127,111,1,-1,-1,-1
354,245,900,37,127,111,1,-1,-1,-1
355,245,900,37,127,111,1,-1,-1,-1
356,245,901,38,127,111,1,-1,-1,-1
357,245,901,38,127,111,1,-1,-1,-1
358,245,901,39,127,111,1,-1,-1,-1
359,245,902,39,127,111,1,-1,-1,-1
360,245,902,40,128,111,1,-1,-1,-1
361,245,902,40,128,110,1,-1,-1,-1
362,245,903,41,128,110,1,-1,-1,-1
363,245,903,41,128,110,1,-1,-1,-1
364,245,903,42,128,110,1,-1,-1,-1
365,245,904,42,128,110,1,-1,-1,-1
366,245,904,43,128,110,1,-1,-1,-1
367,245,904,43,128,110,1,-1,-1,-1
368,245,905,44,129,110,1,-1,-1,-1
369,245,904,44,129,110,1,-1,-1,-1
370,245,904,44,129,111,1,-1,-1,-1
371,245,904,44,129,111,1,-1,-1,-1
372,245,904,44,129,112,1,-1,-1,-1
373,245,904,44,130,112,1,-1,-1,-1
374,245,903,44,130,113,1,-1,-1,-1
375,245,903,44,130,113,1,-1,-1,-1
376,245,903,44,130,114,1,-1,-1,-1
377,245,903,44,130,114,1,-1,-1,-1
378,245,903,44,131,115,1,-1,-1,-1
379,245,903,44,131,115,1,-1,-1,-1
380,245,904,44,131,115,1,-1,-1,-1
381,245,904,45,132,115,1,-1,-1,-1
382,245,905,45,132,115,1,-1,-1,-1
383,245,905,45,133,115,1,-1,-1,-1
384,245,906,46,133,115,1,-1,-1,-1
385,245,906,46,133,115,1,-1,-1,-1
386,245,907,46,134,116,1,-1,-1,-1
387,245,907,47,134,116,1,-1,-1,-1
388,245,908,47,135,116,1,-1,-1,-1
389,245,908,47,135,116,1,-1,-1,-1
390,245,909,48,135,116,1,-1,-1,-1
391,245,909,48,136,116,1,-1,-1,-1
392,245,910,48,136,116,1,-1,-1,-1
393,245,911,49,137,117,1,-1,-1,-1
394,245,912,50,136,116,1,-1,-1,-1
395,245,913,51,136,116,1,-1,-1,-1
396,245,914,52,136,116,1,-1,-1,-1
397,245,915,53,136,115,1,-1,-1,-1
398,245,916,54,136,115,1,-1,-1,-1
399,245,917,55,136,115,1,-1,-1,-1
400,245,918,56,136,115,1,-1,-1,-1
401,245,919,57,136,114,1,-1,-1,-1
402,245,920,58,136,114,1,-1,-1,-1
403,245,921,59,136,114,1,-1,-1,-1
404,245,922,60,136,114,1,-1,-1,-1
405,245,923,61,136,113,1,-1,-1,-1
406,245,924,62,136,113,1,-1,-1,-1
407,245,925,63,136,113,1,-1,-1,-1
408,245,926,65,136,113,1,-1,-1,-1
409,245,927,66,136,112,1,-1,-1,-1
410,245,928,67,136,112,1,-1,-1,-1
411,245,929,68,135,112,1,-1,-1,-1
412,245,930,69,135,112,1,-1,-1,-1
413,245,931,70,135,111,1,-1,-1,-1
414,245,932,71,135,111,1,-1,-1,-1
415,245,932,70,135,112,1,-1,-1,-1
416,245,933,70,135,112,1,-1,-1,-1
417,245,933,70,134,111,1,-1,-1,-1
418,245,933,71,134,110,1,-1,-1,-1
419,245,933,71,134,111,1,-1,-1,-1
420,245,933,72,134,112,1,-1,-1,-1
421,245,933,72,135,113,1,-1,-1,-1
422,245,932,72,137,114,1,-1,-1,-1
423,245,932,73,138,114,1,-1,-1,-1
424,245,932,74,138,113,1,-1,-1,-1
425,245,932,75,137,111,1,-1,-1,-1
426,245,933,75,135,111,1,-1,-1,-1
427,245,934,75,134,111,1,-1,-1,-1
428,245,934,74,134,112,1,-1,-1,-1
429,245,934,74,135,113,1,-1,-1,-1
430,245,933,74,137,114,1,-1,-1,-1
431,245,932,73,138,116,1,-1,-1,-1
432,245,933,72,137,118,1,-1,-1,-1
433,245,933,77,137,120,1,-1,-1,-1
434,245,932,79,138,117,1,-1,-1,-1
435,245,931,80,139,115,1,-1,-1,-1
436,245,931,81,139,115,1,-1,-1,-1
437,245,931,80,140,116,1,-1,-1,-1
438,245,931,79,140,119,1,-1,-1,-1
439,245,931,78,141,121,1,-1,-1,-1
440,245,931,78,141,121,1,-1,-1,-1
441,245,931,79,141,120,1,-1,-1,-1
442,245,931,81,141,119,1,-1,-1,-1
443,245,931,83,142,117,1,-1,-1,-1
444,245,930,84,143,117,1,-1,-1,-1
445,245,929,85,143,117,1,-1,-1,-1
446,245,929,84,144,119,1,-1,-1,-1
447,245,929,83,145,120,1,-1,-1,-1
448,245,929,82,145,121,1,-1,-1,-1
449,245,929,83,144,120,1,-1,-1,-1
450,245,929,85,144,119,1,-1,-1,-1
451,245,929,87,143,116,1,-1,-1,-1
452,245,929,89,142,114,1,-1,-1,-1
453,245,930,90,141,113,1,-1,-1,-1
454,245,930,89,142,116,1,-1,-1,-1
455,245,929,87,143,120,1,-1,-1,-1
456,245,929,87,143,122,1,-1,-1,-1
457,245,928,88,143,122,1,-1,-1,-1
458,245,929,89,142,121,1,-1,-1,-1
459,245,931,86,137,126,1,-1,-1,-1
460,245,930,87,139,126,1,-1,-1,-1
461,245,929,87,141,126,1,-1,-1,-1
462,245,928,87,142,128,1,-1,-1,-1
463,245,928,87,142,128,1,-1,-1,-1
464,245,927,88,143,128,1,-1,-1,-1
465,245,926,90,145,127,1,-1,-1,-1
466,245,926,92,147,127,1,-1,-1,-1
467,245,925,93,149,127,1,-1,-1,-1
468,245,924,95,150,126,1,-1,-1,-1
469,245,919,95,150,126,1,-1,-1,-1
470,245,918,96,152,127,1,-1,-1,-1
471,245,917,96,153,129,1,-1,-1,-1
472,245,918,96,152,131,1,-1,-1,-1
473,245,918,96,152,133,1,-1,-1,-1
474,245,918,96,153,134,1,-1,-1,-1
475,245,917,96,154,134,1,-1,-1,-1
476,245,916,97,155,131,1,-1,-1,-1
477,245,923,100,152,127,1,-1,-1,-1
478,245,923,101,152,126,1,-1,-1,-1
479,245,923,102,152,124,1,-1,-1,-1
480,245,921,111,146,129,1,-1,-1,-1
481,245,922,112,145,128,1,-1,-1,-1
482,245,922,111,145,131,1,-1,-1,-1
483,245,921,110,147,133,1,-1,-1,-1
484,245,919,111,150,133,1,-1,-1,-1
485,245,918,112,152,133,1,-1,-1,-1
486,245,918,112,152,134,1,-1,-1,-1
487,245,917,112,153,135,1,-1,-1,-1
488,245,918,113,153,135,1,-1,-1,-1
489,245,917,114,153,133,1,-1,-1,-1
490,245,916,116,155,132,1,-1,-1,-1
491,245,915,116,156,133,1,-1,-1,-1
492,245,914,116,157,137,1,-1,-1,-1
493,245,915,115,157,140,1,-1,-1,-1
494,245,914,115,158,143,1,-1,-1,-1
495,245,913,116,161,143,1,-1,-1,-1
496,245,910,118,164,144,1,-1,-1,-1
497,245,908,119,165,146,1,-1,-1,-1
498,245,907,120,166,146,1,-1,-1,-1
499,245,907,119,165,148,1,-1,-1,-1
500,245,908,121,164,149,1,-1,-1,-1
501,245,907,122,165,147,1,-1,-1,-1
502,245,905,124,168,146,1,-1,-1,-1
503,245,902,125,171,145,1,-1,-1,-1
504,245,902,125,170,147,1,-1,-1,-1
505,245,903,127,169,146,1,-1,-1,-1
506,245,904,128,168,144,1,-1,-1,-1
507,245,906,143,164,141,1,-1,-1,-1
508,245,906,143,167,141,1,-1,-1,-1
509,245,904,141,169,145,1,-1,-1,-1
510,245,903,138,170,149,1,-1,-1,-1
511,245,902,137,171,152,1,-1,-1,-1
512,245,902,138,173,154,1,-1,-1,-1
513,245,902,139,175,154,1,-1,-1,-1
514,245,902,140,176,155,1,-1,-1,-1
515,245,902,141,177,156,1,-1,-1,-1
516,245,901,142,179,158,1,-1,-1,-1
517,245,901,142,181,160,1,-1,-1,-1
518,245,902,142,181,164,1,-1,-1,-1
519,245,901,143,183,166,1,-1,-1,-1
520,245,901,144,184,168,1,-1,-1,-1
521,245,907,146,186,170,1,-1,-1,-1
522,245,906,148,189,172,1,-1,-1,-1
523,245,907,150,189,171,1,-1,-1,-1
524,245,908,151,189,171,1,-1,-1,-1
525,245,908,151,189,170,1,-1,-1,-1
526,245,909,151,192,170,1,-1,-1,-1
527,245,909,151,192,172,1,-1,-1,-1
528,245,910,163,192,175,1,-1,-1,-1
529,245,910,165,193,173,1,-1,-1,-1
530,245,912,170,193,169,1,-1,-1,-1
531,245,913,173,192,167,1,-1,-1,-1
532,245,914,173,192,170,1,-1,-1,-1
533,245,915,175,193,172,1,-1,-1,-1
534,245,915,175,195,176,1,-1,-1,-1
535,245,915,175,196,179,1,-1,-1,-1
536,245,915,176,197,180,1,-1,-1,-1
537,245,915,179,197,178,1,-1,-1,-1
538,245,915,181,200,178,1,-1,-1,-1
539,245,914,183,201,178,1,-1,-1,-1
540,245,909,192,211,189,1,-1,-1,-1
541,245,907,194,214,190,1,-1,-1,-1
542,245,906,195,217,193,1,-1,-1,-1
543,245,907,197,214,195,1,-1,-1,-1
544,245,904,197,218,195,1,-1,-1,-1
545,245,901,200,223,193,1,-1,-1,-1
546,245,899,202,229,194,1,-1,-1,-1
547,245,899,204,229,194,1,-1,-1,-1
548,245,899,207,227,190,1,-1,-1,-1
549,245,900,211,225,185,1,-1,-1,-1
550,245,904,219,224,211,1,-1,-1,-1
551,245,903,220,225,213,1,-1,-1,-1
552,245,901,221,227,214,1,-1,-1,-1
553,245,898,224,231,214,1,-1,-1,-1
554,245,895,228,237,218,1,-1,-1,-1
555,245,891,233,243,224,1,-1,-1,-1
556,245,885,235,250,230,1,-1,-1,-1
557,245,882,237,252,235,1,-1,-1,-1
558,245,877,239,257,237,1,-1,-1,-1
559,245,872,242,263,239,1,-1,-1,-1
560,245,870,245,266,240,1,-1,-1,-1
561,245,866,250,270,241,1,-1,-1,-1
562,245,862,254,273,246,1,-1,-1,-1
563,245,856,256,278,251,1,-1,-1,-1
564,245,853,257,279,256,1,-1,-1,-1
565,245,854,269,276,260,1,-1,-1,-1
566,245,850,272,284,262,1,-1,-1,-1
567,245,845,279,290,260,1,-1,-1,-1
568,245,841,289,295,256,1,-1,-1,-1
569,245,837,299,297,254,1,-1,-1,-1
570,245,837,303,298,255,1,-1,-1,-1
571,245,835,307,300,260,1,-1,-1,-1
572,245,833,310,301,268,1,-1,-1,-1
573,245,828,314,307,276,1,-1,-1,-1
574,245,824,317,314,283,1,-1,-1,-1
575,245,820,321,314,303,1,-1,-1,-1
576,245,814,321,319,308,1,-1,-1,-1
577,245,808,327,326,311,1,-1,-1,-1
578,245,803,334,333,314,1,-1,-1,-1
579,245,798,345,339,315,1,-1,-1,-1
580,245,783,357,342,317,1,-1,-1,-1
581,245,779,363,348,325,1,-1,-1,-1
582,245,774,366,356,331,1,-1,-1,-1
583,245,769,386,359,320,1,-1,-1,-1
584,245,766,388,356,325,1,-1,-1,-1
585,245,761,396,355,327,1,-1,-1,-1
586,245,754,410,355,323,1,-1,-1,-1
587,245,746,424,360,323,1,-1,-1,-1
588,245,735,432,371,331,1,-1,-1,-1
589,245,706,403,412,392,1,-1,-1,-1
590,245,705,445,395,357,1,-1,-1,-1
591,245,692,448,420,368,1,-1,-1,-1
592,245,683,459,427,370,1,-1,-1,-1
593,243,1183,748,462,330,1,-1,-1,-1
593,245,678,472,431,375,1,-1,-1,-1
594,243,1204,718,433,352,1,-1,-1,-1
594,245,671,479,406,391,1,-1,-1,-1
595,243,1214,704,422,354,1,-1,-1,-1
595,245,659,496,412,397,1,-1,-1,-1
596,243,1226,695,408,325,1,-1,-1,-1
596,245,638,515,430,394,1,-1,-1,-1
597,243,1233,686,403,319,1,-1,-1,-1
597,245,609,533,459,388,1,-1,-1,-1
598,243,1234,659,395,307,1,-1,-1,-1
598,245,580,544,485,392,1,-1,-1,-1
599,243,1235,641,389,310,1,-1,-1,-1
599,245,555,544,498,408,1,-1,-1,-1
600,243,1236,622,381,318,1,-1,-1,-1
600,245,539,568,493,430,1,-1,-1,-1
601,243,1236,611,377,320,1,-1,-1,-1
601,245,521,576,492,441,1,-1,-1,-1
602,243,1230,589,381,312,1,-1,-1,-1
602,245,500,589,506,448,1,-1,-1,-1
603,243,1227,576,378,304,1,-1,-1,-1
603,245,461,606,517,459,1,-1,-1,-1
604,243,1226,564,374,294,1,-1,-1,-1
604,245,431,622,537,456,1,-1,-1,-1
605,243,1212,552,370,292,1,-1,-1,-1
606,243,1215,528,352,280,1,-1,-1,-1
607,243,1215,519,343,277,1,-1,-1,-1
608,243,1211,510,334,270,1,-1,-1,-1
609,243,1206,500,329,269,1,-1,-1,-1
610,243,1201,491,324,267,1,-1,-1,-1
611,243,1193,472,322,253,1,-1,-1,-1
612,243,1189,467,315,248,1,-1,-1,-1
613,243,1185,461,310,243,1,-1,-1,-1
614,243,1184,455,302,238,1,-1,-1,-1
615,243,1172,442,299,232,1,-1,-1,-1
616,243,1171,436,287,228,1,-1,-1,-1
617,243,1155,411,297,232,1,-1,-1,-1
618,243,1148,407,297,227,1,-1,-1,-1
619,243,1144,403,292,220,1,-1,-1,-1
620,243,1141,396,283,215,1,-1,-1,-1
621,243,1137,391,273,207,1,-1,-1,-1
622,243,1137,383,261,205,1,-1,-1,-1
623,243,1136,378,252,203,1,-1,-1,-1
624,243,1123,373,255,200,1,-1,-1,-1
625,243,1119,350,258,204,1,-1,-1,-1
626,243,1117,344,256,204,1,-1,-1,-1
627,243,1114,336,253,205,1,-1,-1,-1
628,243,1109,329,254,203,1,-1,-1,-1
629,243,1114,326,233,183,1,-1,-1,-1
630,243,1113,322,229,184,1,-1,-1,-1
630,244,1188,752,464,326,1,-1,-1,-1
631,243,1115,319,219,180,1,-1,-1,-1
631,244,1197,715,442,362,1,-1,-1,-1
632,243,1102,317,222,173,1,-1,-1,-1
632,244,1205,696,422,370,1,-1,-1,-1
633,243,1101,315,218,168,1,-1,-1,-1
633,244,1206,671,409,380,1,-1,-1,-1
634,243,1099,295,213,174,1,-1,-1,-1
634,244,1198,645,411,385,1,-1,-1,-1
635,243,1098,291,209,175,1,-1,-1,-1
635,244,1187,628,419,378,1,-1,-1,-1
636,243,1095,290,207,168,1,-1,-1,-1
636,244,1192,627,407,329,1,-1,-1,-1
637,243,1093,288,206,163,1,-1,-1,-1
637,244,1194,614,397,328,1,-1,-1,-1
638,243,1087,284,208,160,1,-1,-1,-1
638,244,1195,612,388,312,1,-1,-1,-1
639,243,1086,283,206,157,1,-1,-1,-1
639,244,1196,586,368,306,1,-1,-1,-1
640,243,1085,260,204,171,1,-1,-1,-1
640,244,1194,573,357,296,1,-1,-1,-1
641,243,1086,256,198,173,1,-1,-1,-1
641,244,1190,559,349,289,1,-1,-1,-1
642,243,1080,255,196,168,1,-1,-1,-1
642,244,1171,530,369,290,1,-1,-1,-1
643,243,1080,254,194,161,1,-1,-1,-1
643,244,1172,522,356,283,1,-1,-1,-1
644,243,1079,253,193,153,1,-1,-1,-1
644,244,1170,510,347,278,1,-1,-1,-1
645,243,1076,255,193,145,1,-1,-1,-1
645,244,1167,501,343,272,1,-1,-1,-1
646,243,1074,257,193,137,1,-1,-1,-1
646,244,1147,496,349,260,1,-1,-1,-1
647,243,1070,233,196,144,1,-1,-1,-1
647,244,1150,477,334,257,1,-1,-1,-1
648,243,1070,231,194,148,1,-1,-1,-1
648,244,1150,470,323,252,1,-1,-1,-1
649,243,1072,230,190,146,1,-1,-1,-1
649,244,1147,459,317,249,1,-1,-1,-1
650,243,1073,227,186,146,1,-1,-1,-1
650,244,1143,446,310,249,1,-1,-1,-1
651,243,1073,226,185,142,1,-1,-1,-1
651,244,1139,439,302,244,1,-1,-1,-1
652,243,1073,224,182,140,1,-1,-1,-1
652,244,1137,433,294,239,1,-1,-1,-1
653,243,1074,221,180,138,1,-1,-1,-1
653,244,1133,410,290,245,1,-1,-1,-1
654,243,1074,218,176,139,1,-1,-1,-1
654,244,1134,409,280,234,1,-1,-1,-1
655,243,1075,219,172,136,1,-1,-1,-1
655,244,1133,404,273,227,1,-1,-1,-1
656,243,1074,203,173,142,1,-1,-1,-1
656,244,1131,396,267,224,1,-1,-1,-1
657,243,1073,200,174,143,1,-1,-1,-1
657,244,1130,387,261,222,1,-1,-1,-1
658,243,1073,198,172,143,1,-1,-1,-1
658,244,1124,376,256,217,1,-1,-1,-1
659,243,1072,196,173,141,1,-1,-1,-1
659,244,1126,371,250,212,1,-1,-1,-1
660,243,1073,193,172,139,1,-1,-1,-1
660,244,1125,368,246,207,1,-1,-1,-1
661,243,1073,190,170,138,1,-1,-1,-1
661,244,1116,345,256,218,1,-1,-1,-1
662,243,1074,187,166,137,1,-1,-1,-1
662,244,1116,342,254,213,1,-1,-1,-1
663,243,1075,185,164,135,1,-1,-1,-1
663,244,1114,335,252,211,1,-1,-1,-1
664,243,1076,185,161,133,1,-1,-1,-1
664,244,1110,329,251,208,1,-1,-1,-1
665,243,1077,184,160,132,1,-1,-1,-1
665,244,1106,322,251,206,1,-1,-1,-1
666,243,1076,184,159,130,1,-1,-1,-1
666,244,1109,321,236,190,1,-1,-1,-1
667,243,1075,175,163,131,1,-1,-1,-1
667,244,1109,313,230,192,1,-1,-1,-1
668,243,1076,173,162,133,1,-1,-1,-1
668,244,1110,308,223,191,1,-1,-1,-1
669,243,1078,171,161,134,1,-1,-1,-1
669,244,1103,304,221,187,1,-1,-1,-1
670,243,1079,170,161,133,1,-1,-1,-1
670,244,1098,295,219,176,1,-1,-1,-1
671,243,1080,169,161,131,1,-1,-1,-1
671,244,1100,290,215,180,1,-1,-1,-1
671,246,1148,693,465,385,1,-1,-1,-1
672,243,1081,167,158,130,1,-1,-1,-1
672,244,1101,285,208,179,1,-1,-1,-1
672,246,1156,678,452,388,1,-1,-1,-1
673,243,1083,165,155,130,1,-1,-1,-1
673,244,1102,282,204,174,1,-1,-1,-1
673,246,1160,661,443,385,1,-1,-1,-1
674,243,1084,161,152,132,1,-1,-1,-1
674,244,1099,278,206,171,1,-1,-1,-1
674,246,1162,643,442,376,1,-1,-1,-1
675,243,1086,159,149,132,1,-1,-1,-1
675,244,1096,276,208,169,1,-1,-1,-1
675,246,1163,625,441,369,1,-1,-1,-1
676,243,1087,157,146,133,1,-1,-1,-1
676,244,1096,262,204,174,1,-1,-1,-1
676,246,1181,620,408,334,1,-1,-1,-1
677,243,1087,156,145,132,1,-1,-1,-1
677,244,1096,259,201,175,1,-1,-1,-1
677,246,1182,607,397,336,1,-1,-1,-1
678,243,1088,154,143,132,1,-1,-1,-1
678,244,1096,254,197,175,1,-1,-1,-1
678,246,1182,587,386,315,1,-1,-1,-1
679,243,1089,152,141,131,1,-1,-1,-1
679,244,1096,250,193,171,1,-1,-1,-1
679,246,1182,573,377,315,1,-1,-1,-1
680,243,1090,150,140,130,1,-1,-1,-1
680,244,1096,246,191,168,1,-1,-1,-1
680,246,1184,557,367,310,1,-1,-1,-1
681,243,1091,149,140,128,1,-1,-1,-1
681,244,1094,245,191,163,1,-1,-1,-1
681,246,1184,546,359,306,1,-1,-1,-1
682,243,1092,149,140,126,1,-1,-1,-1
682,244,1093,244,190,159,1,-1,-1,-1
682,246,1174,518,363,304,1,-1,-1,-1
683,243,1092,151,141,122,1,-1,-1,-1
683,244,1094,235,185,153,1,-1,-1,-1
683,246,1171,509,355,297,1,-1,-1,-1
684,243,1091,139,147,127,1,-1,-1,-1
684,244,1094,232,184,157,1,-1,-1,-1
684,246,1170,497,347,293,1,-1,-1,-1
685,243,1092,138,146,126,1,-1,-1,-1
685,244,1094,229,184,158,1,-1,-1,-1
685,246,1166,490,346,286,1,-1,-1,-1
686,243,1092,137,146,126,1,-1,-1,-1
686,244,1094,225,183,156,1,-1,-1,-1
686,246,1144,485,359,275,1,-1,-1,-1
687,243,1092,136,146,125,1,-1,-1,-1
687,244,1095,222,181,153,1,-1,-1,-1
687,246,1148,460,339,275,1,-1,-1,-1
688,243,1092,135,146,125,1,-1,-1,-1
688,244,1095,219,178,150,1,-1,-1,-1
688,246,1147,449,331,273,1,-1,-1,-1
689,243,1092,133,145,124,1,-1,-1,-1
689,244,1096,216,176,147,1,-1,-1,-1
689,246,1144,440,326,268,1,-1,-1,-1
690,243,1092,132,145,124,1,-1,-1,-1
690,244,1092,215,173,146,1,-1,-1,-1
690,246,1141,431,321,266,1,-1,-1,-1
691,243,1092,131,145,123,1,-1,-1,-1
691,244,1093,213,171,144,1,-1,-1,-1
691,246,1138,426,315,260,1,-1,-1,-1
692,243,1092,130,144,123,1,-1,-1,-1
692,244,1094,207,168,138,1,-1,-1,-1
692,246,1138,422,306,252,1,-1,-1,-1
693,243,1092,129,144,122,1,-1,-1,-1
693,244,1095,205,168,138,1,-1,-1,-1
693,246,1137,404,298,246,1,-1,-1,-1
694,243,1092,128,144,122,1,-1,-1,-1
694,244,1094,202,169,138,1,-1,-1,-1
694,246,1136,397,290,242,1,-1,-1,-1
695,244,1095,199,167,137,1,-1,-1,-1
695,246,1133,389,285,240,1,-1,-1,-1
696,244,1096,196,166,136,1,-1,-1,-1
696,246,1130,382,279,237,1,-1,-1,-1
697,244,1096,194,164,133,1,-1,-1,-1
697,246,1131,377,269,232,1,-1,-1,-1
698,244,1096,192,163,133,1,-1,-1,-1
698,246,1134,373,258,225,1,-1,-1,-1
699,244,1097,189,160,133,1,-1,-1,-1
699,246,1136,369,249,219,1,-1,-1,-1
700,244,1098,186,158,135,1,-1,-1,-1
700,246,1121,368,258,207,1,-1,-1,-1
701,244,1099,184,156,134,1,-1,-1,-1
701,246,1117,344,260,219,1,-1,-1,-1
702,244,1098,165,157,140,1,-1,-1,-1
702,246,1116,340,258,215,1,-1,-1,-1
703,244,1099,163,157,142,1,-1,-1,-1
703,246,1112,332,258,213,1,-1,-1,-1
704,244,1098,160,158,145,1,-1,-1,-1
704,246,1108,325,256,211,1,-1,-1,-1
705,244,1097,162,159,140,1,-1,-1,-1
705,246,1104,317,253,209,1,-1,-1,-1
706,244,1097,163,158,136,1,-1,-1,-1
706,246,1105,310,246,209,1,-1,-1,-1
707,244,1099,162,153,132,1,-1,-1,-1
707,246,1108,307,231,196,1,-1,-1,-1
708,244,1100,161,149,129,1,-1,-1,-1
708,246,1102,304,223,190,1,-1,-1,-1
709,244,1100,161,145,127,1,-1,-1,-1
709,246,1101,304,222,185,1,-1,-1,-1
710,244,1097,159,147,125,1,-1,-1,-1
710,246,1098,292,217,181,1,-1,-1,-1
711,244,1095,157,147,127,1,-1,-1,-1
711,246,1097,287,214,182,1,-1,-1,-1
712,244,1094,154,147,127,1,-1,-1,-1
712,246,1094,284,212,179,1,-1,-1,-1
713,244,1093,153,145,127,1,-1,-1,-1
713,246,1091,278,213,177,1,-1,-1,-1
714,244,1092,152,144,127,1,-1,-1,-1
714,246,1085,274,216,176,1,-1,-1,-1
715,244,1091,154,144,123,1,-1,-1,-1
715,246,1087,262,211,172,1,-1,-1,-1
716,244,1090,154,143,122,1,-1,-1,-1
716,246,1085,255,207,180,1,-1,-1,-1
717,244,1089,152,143,122,1,-1,-1,-1
717,246,1085,250,202,182,1,-1,-1,-1
718,244,1088,149,144,122,1,-1,-1,-1
718,246,1086,244,197,182,1,-1,-1,-1
719,244,1087,146,144,122,1,-1,-1,-1
719,246,1080,245,198,174,1,-1,-1,-1
720,244,1086,144,145,122,1,-1,-1,-1
720,246,1080,240,196,173,1,-1,-1,-1
721,244,1086,141,145,122,1,-1,-1,-1
721,246,1080,240,195,168,1,-1,-1,-1
722,244,1085,139,146,122,1,-1,-1,-1
722,246,1079,242,193,160,1,-1,-1,-1
723,244,1084,136,146,122,1,-1,-1,-1
723,246,1077,231,190,156,1,-1,-1,-1
724,244,1083,134,147,122,1,-1,-1,-1
724,246,1074,227,194,159,1,-1,-1,-1
725,244,1082,131,147,122,1,-1,-1,-1
725,246,1074,222,193,160,1,-1,-1,-1
726,244,1082,129,148,122,1,-1,-1,-1
726,246,1074,219,192,159,1,-1,-1,-1
727,244,1081,126,148,122,1,-1,-1,-1
727,246,1075,216,189,156,1,-1,-1,-1
728,244,1080,124,149,122,1,-1,-1,-1
728,246,1075,216,187,151,1,-1,-1,-1
729,244,1079,121,149,122,1,-1,-1,-1
729,246,1076,217,185,146,1,-1,-1,-1
730,244,1079,119,150,122,1,-1,-1,-1
730,246,1077,218,183,141,1,-1,-1,-1
731,244,1079,118,149,121,1,-1,-1,-1
731,246,1079,218,180,139,1,-1,-1,-1
732,244,1079,118,148,120,1,-1,-1,-1
732,246,1081,218,176,135,1,-1,-1,-1
733,244,1080,117,147,119,1,-1,-1,-1
733,246,1080,205,175,136,1,-1,-1,-1
734,244,1080,117,146,118,1,-1,-1,-1
734,246,1079,202,174,136,1,-1,-1,-1
735,244,1081,116,146,117,1,-1,-1,-1
735,246,1078,197,173,138,1,-1,-1,-1
736,244,1081,116,145,116,1,-1,-1,-1
736,246,1079,194,170,134,1,-1,-1,-1
737,244,1082,115,144,115,1,-1,-1,-1
737,246,1080,191,170,134,1,-1,-1,-1
738,244,1082,115,143,114,1,-1,-1,-1
738,246,1082,190,167,133,1,-1,-1,-1
739,244,1083,114,143,113,1,-1,-1,-1
739,246,1083,186,165,134,1,-1,-1,-1
740,244,1083,114,142,112,1,-1,-1,-1
740,246,1084,184,162,134,1,-1,-1,-1
741,244,1084,113,141,111,1,-1,-1,-1
741,246,1085,183,160,133,1,-1,-1,-1
742,244,1084,113,140,110,1,-1,-1,-1
742,246,1085,182,159,133,1,-1,-1,-1
743,244,1085,112,140,109,1,-1,-1,-1
743,246,1086,182,157,131,1,-1,-1,-1
744,246,1085,172,160,130,1,-1,-1,-1
745,246,1087,171,159,129,1,-1,-1,-1
746,244,1086,111,137,106,1,-1,-1,-1
746,246,1088,170,159,129,1,-1,-1,-1
747,246,1088,167,158,129,1,-1,-1,-1
748,246,1089,165,156,128,1,-1,-1,-1
749,246,1090,164,152,126,1,-1,-1,-1
750,246,1091,163,150,125,1,-1,-1,-1
751,246,1092,160,147,127,1,-1,-1,-1
752,246,1092,156,147,129,1,-1,-1,-1
753,246,1092,154,147,131,1,-1,-1,-1
754,246,1091,152,148,132,1,-1,-1,-1
755,246,1092,150,145,131,1,-1,-1,-1
756,246,1092,149,143,131,1,-1,-1,-1
757,246,1091,149,142,129,1,-1,-1,-1
758,246,1091,148,142,128,1,-1,-1,-1
759,246,1090,147,142,127,1,-1,-1,-1
760,246,1087,135,144,130,1,-1,-1,-1
761,246,1087,136,143,127,1,-1,-1,-1
762,246,1088,137,141,124,1,-1,-1,-1
763,246,1089,136,141,123,1,-1,-1,-1
764,246,1089,134,141,123,1,-1,-1,-1
765,246,1089,133,142,122,1,-1,-1,-1
766,246,1089,132,141,121,1,-1,-1,-1
767,246,1089,129,140,123,1,-1,-1,-1
768,246,1088,125,139,125,1,-1,-1,-1
769,246,1087,121,138,128,1,-1,-1,-1
770,246,1088,120,138,127,1,-1,-1,-1
771,246,1088,118,138,128,1,-1,-1,-1
772,246,1088,119,139,127,1,-1,-1,-1
773,246,1088,120,139,125,1,-1,-1,-1
774,246,1088,117,139,127,1,-1,-1,-1
775,246,1088,114,138,129,1,-1,-1,-1
776,246,1087,113,138,129,1,-1,-1,-1
777,246,1087,112,138,128,1,-1,-1,-1
778,246,1087,112,138,127,1,-1,-1,-1
779,246,1086,111,139,126,1,-1,-1,-1
780,246,1086,110,139,126,1,-1,-1,-1
781,246,1086,109,139,125,1,-1,-1,-1
782,246,1085,109,139,124,1,-1,-1,-1
783,246,1085,108,139,123,1,-1,-1,-1
784,246,1085,107,139,123,1,-1,-1,-1
785,246,1084,107,139,122,1,-1,-1,-1
786,246,1084,106,139,121,1,-1,-1,-1
787,246,1083,105,140,120,1,-1,-1,-1
788,246,1083,104,140,120,1,-1,-1,-1
789,246,1083,104,140,119,1,-1,-1,-1
790,246,1082,103,140,118,1,-1,-1,-1
791,246,1082,102,140,117,1,-1,-1,-1
792,246,1082,102,140,117,1,-1,-1,-1
793,246,1081,101,140,116,1,-1,-1,-1
794,246,1081,100,140,115,1,-1,-1,-1
795,246,1081,100,141,115,1,-1,-1,-1
796,246,1081,99,140,114,1,-1,-1,-1
797,246,1081,99,140,114,1,-1,-1,-1
798,246,1081,98,140,114,1,-1,-1,-1
799,246,1081,98,139,114,1,-1,-1,-1
800,246,1081,97,139,114,1,-1,-1,-1
801,246,1081,97,139,113,1,-1,-1,-1
802,246,1081,96,139,113,1,-1,-1,-1
803,246,1081,96,138,113,1,-1,-1,-1
804,246,1081,95,138,113,1,-1,-1,-1
805,246,1081,95,138,113,1,-1,-1,-1
806,246,1081,95,138,113,1,-1,-1,-1
807,246,1081,94,137,112,1,-1,-1,-1
808,246,1081,94,137,112,1,-1,-1,-1
809,246,1081,93,137,112,1,-1,-1,-1
810,246,1081,93,136,112,1,-1,-1,-1
811,246,1081,92,136,112,1,-1,-1,-1
812,246,1081,92,136,111,1,-1,-1,-1
813,246,1081,91,136,111,1,-1,-1,-1
814,246,1081,91,135,111,1,-1,-1,-1
815,246,1081,90,135,111,1,-1,-1,-1
816,246,1081,90,135,111,1,-1,-1,-1
817,246,1082,90,135,111,1,-1,-1,-1
818,246,1081,89,134,110,1,-1,-1,-1
819,246,1081,89,134,110,1,-1,-1,-1
820,246,1081,89,134,110,1,-1,-1,-1
821,246,1081,88,134,110,1,-1,-1,-1
822,246,1081,88,133,110,1,-1,-1,-1
823,246,1081,88,133,110,1,-1,-1,-1
824,246,1081,88,133,110,1,-1,-1,-1
825,246,1081,87,133,110,1,-1,-1,-1
826,246,1081,87,133,110,1,-1,-1,-1
827,246,1081,87,132,109,1,-1,-1,-1
828,246,1081,87,132,109,1,-1,-1,-1
829,246,1081,86,132,109,1,-1,-1,-1
830,246,1081,86,132,109,1,-1,-1,-1
831,246,1081,86,131,109,1,-1,-1,-1
832,246,1081,86,131,109,1,-1,-1,-1
833,246,1081,85,131,109,1,-1,-1,-1
834,246,1081,85,131,109,1,-1,-1,-1
835,246,1081,85,131,109,1,-1,-1,-1
836,246,1081,85,130,108,1,-1,-1,-1
837,246,1081,84,130,108,1,-1,-1,-1
838,246,1081,84,130,108,1,-1,-1,-1
839,246,1081,84,130,108,1,-1,-1,-1
840,246,1081,84,129,108,1,-1,-1,-1
841,246,1081,83,129,108,1,-1,-1,-1
842,246,1081,83,129,108,1,-1,-1,-1
843,246,1081,83,129,108,1,-1,-1,-1
844,246,1081,83,129,108,1,-1,-1,-1
919,250,883,25,123,111,1,-1,-1,-1
920,250,883,26,124,111,1,-1,-1,-1
921,250,883,27,124,111,1,-1,-1,-1
922,250,884,27,125,111,1,-1,-1,-1
923,250,884,28,125,111,1,-1,-1,-1
924,250,884,29,125,111,1,-1,-1,-1
925,250,885,29,126,111,1,-1,-1,-1
926,250,885,30,126,111,1,-1,-1,-1
927,250,885,31,127,111,1,-1,-1,-1
928,250,886,31,127,111,1,-1,-1,-1
929,250,886,32,127,111,1,-1,-1,-1
930,250,886,33,128,111,1,-1,-1,-1
931,250,887,33,128,111,1,-1,-1,-1
932,250,887,34,128,111,1,-1,-1,-1
933,250,887,35,129,111,1,-1,-1,-1
934,250,888,35,129,111,1,-1,-1,-1
935,250,888,36,130,111,1,-1,-1,-1
936,250,888,37,130,111,1,-1,-1,-1
937,250,889,37,130,111,1,-1,-1,-1
938,250,889,38,131,111,1,-1,-1,-1
939,250,889,39,131,111,1,-1,-1,-1
940,250,890,40,132,111,1,-1,-1,-1
941,250,890,40,132,111,1,-1,-1,-1
942,250,891,40,132,111,1,-1,-1,-1
943,250,891,41,132,111,1,-1,-1,-1
944,250,892,41,132,111,1,-1,-1,-1
945,250,892,42,132,111,1,-1,-1,-1
946,250,893,42,132,111,1,-1,-1,-1
947,250,893,43,132,111,1,-1,-1,-1
948,250,894,43,132,111,1,-1,-1,-1
949,250,895,44,132,111,1,-1,-1,-1
950,250,895,44,132,111,1,-1,-1,-1
951,250,896,45,132,111,1,-1,-1,-1
952,250,896,45,132,111,1,-1,-1,-1
953,250,897,45,132,111,1,-1,-1,-1
954,250,897,46,132,111,1,-1,-1,-1
955,250,898,46,132,111,1,-1,-1,-1
956,250,899,47,132,112,1,-1,-1,-1
957,250,899,47,132,112,1,-1,-1,-1
958,250,900,48,132,112,1,-1,-1,-1
959,250,900,48,132,112,1,-1,-1,-1
960,250,901,49,132,112,1,-1,-1,-1
961,250,901,49,132,112,1,-1,-1,-1
962,250,902,50,132,112,1,-1,-1,-1
963,250,902,50,132,112,1,-1,-1,-1
964,250,903,51,132,112,1,-1,-1,-1
965,250,904,51,132,112,1,-1,-1,-1
966,250,904,51,132,112,1,-1,-1,-1
967,250,905,52,132,112,1,-1,-1,-1
968,250,905,52,132,112,1,-1,-1,-1
969,250,906,53,132,112,1,-1,-1,-1
970,250,906,53,132,112,1,-1,-1,-1
971,250,907,54,132,112,1,-1,-1,-1
972,250,908,54,132,113,1,-1,-1,-1
973,250,908,55,132,113,1,-1,-1,-1
974,250,909,55,132,113,1,-1,-1,-1
975,250,909,56,132,113,1,-1,-1,-1
976,250,910,56,132,113,1,-1,-1,-1
977,250,910,56,132,113,1,-1,-1,-1
978,250,911,57,132,113,1,-1,-1,-1
979,250,911,57,132,113,1,-1,-1,-1
980,250,912,58,132,113,1,-1,-1,-1
981,250,913,58,132,113,1,-1,-1,-1
982,250,913,59,132,113,1,-1,-1,-1
983,250,914,59,132,113,1,-1,-1,-1
984,250,914,60,132,113,1,-1,-1,-1
985,250,915,60,132,113,1,-1,-1,-1
986,250,915,61,132,113,1,-1,-1,-1
987,250,916,61,132,113,1,-1,-1,-1
988,250,917,62,132,114,1,-1,-1,-1
989,250,917,62,131,114,1,-1,-1,-1
990,250,917,63,131,114,1,-1,-1,-1
991,250,917,63,131,114,1,-1,-1,-1
992,250,917,64,131,114,1,-1,-1,-1
993,250,917,65,131,114,1,-1,-1,-1
994,250,918,65,131,114,1,-1,-1,-1
995,250,918,66,131,114,1,-1,-1,-1
996,250,918,67,131,114,1,-1,-1,-1
997,250,918,67,131,114,1,-1,-1,-1
998,250,918,68,131,114,1,-1,-1,-1
999,250,918,69,131,114,1,-1,-1,-1
1000,250,919,69,131,114,1,-1,-1,-1
1001,250,919,70,131,114,1,-1,-1,-1
1002,250,919,70,131,114,1,-1,-1,-1
1003,250,919,71,131,114,1,-1,-1,-1
1004,250,919,72,131,114,1,-1,-1,-1
1005,250,919,72,131,114,1,-1,-1,-1
1006,250,920,73,131,114,1,-1,-1,-1
1007,250,920,74,131,114,1,-1,-1,-1
1008,250,920,74,131,114,1,-1,-1,-1
1009,250,921,74,130,114,1,-1,-1,-1
1010,250,923,74,129,115,1,-1,-1,-1
1011,250,922,78,133,116,1,-1,-1,-1
1012,250,922,77,133,117,1,-1,-1,-1
1013,250,923,76,134,119,1,-1,-1,-1
1014,250,923,76,133,120,1,-1,-1,-1
1015,250,923,77,132,120,1,-1,-1,-1
1016,250,924,78,133,119,1,-1,-1,-1
1017,250,924,77,135,120,1,-1,-1,-1
1018,250,925,77,135,121,1,-1,-1,-1
1019,250,926,77,134,122,1,-1,-1,-1
1020,250,927,77,133,122,1,-1,-1,-1
1021,250,927,78,134,121,1,-1,-1,-1
1022,250,927,79,135,121,1,-1,-1,-1
1023,250,930,83,139,118,1,-1,-1,-1
1024,250,930,83,140,120,1,-1,-1,-1
1025,250,929,84,141,121,1,-1,-1,-1
1026,250,930,85,141,121,1,-1,-1,-1
1027,250,930,87,142,118,1,-1,-1,-1
1028,250,930,89,142,115,1,-1,-1,-1
1029,250,930,91,141,113,1,-1,-1,-1
1030,250,930,92,141,113,1,-1,-1,-1
1031,250,930,92,142,113,1,-1,-1,-1
1032,250,930,94,143,113,1,-1,-1,-1
1033,250,936,93,133,118,1,-1,-1,-1
1034,250,935,94,134,119,1,-1,-1,-1
1035,250,935,93,134,120,1,-1,-1,-1
1036,250,934,93,135,122,1,-1,-1,-1
1037,250,933,94,136,122,1,-1,-1,-1
1038,250,931,97,138,120,1,-1,-1,-1
1039,250,930,100,140,117,1,-1,-1,-1
1040,250,928,101,142,116,1,-1,-1,-1
1041,250,928,101,143,117,1,-1,-1,-1
1042,248,1221,627,485,445,1,-1,-1,-1
1042,250,927,101,143,120,1,-1,-1,-1
1043,248,1225,614,476,445,1,-1,-1,-1
1043,250,926,102,145,122,1,-1,-1,-1
1044,248,1227,599,471,443,1,-1,-1,-1
1044,250,925,103,146,122,1,-1,-1,-1
1045,248,1226,586,470,437,1,-1,-1,-1
1045,250,920,101,147,123,1,-1,-1,-1
1046,248,1221,580,471,421,1,-1,-1,-1
1046,250,920,102,146,121,1,-1,-1,-1
1047,248,1216,577,473,407,1,-1,-1,-1
1047,250,920,103,146,121,1,-1,-1,-1
1048,248,1211,575,473,395,1,-1,-1,-1
1048,250,920,104,146,121,1,-1,-1,-1
1049,248,1219,542,448,412,1,-1,-1,-1
1049,250,919,105,147,121,1,-1,-1,-1
1050,248,1212,538,446,410,1,-1,-1,-1
1050,250,917,105,148,119,1,-1,-1,-1
1051,248,1206,531,442,406,1,-1,-1,-1
1051,250,921,111,139,128,1,-1,-1,-1
1052,248,1201,525,437,403,1,-1,-1,-1
1052,250,919,110,140,130,1,-1,-1,-1
1053,248,1201,517,429,398,1,-1,-1,-1
1053,250,917,112,141,128,1,-1,-1,-1
1054,248,1197,507,427,399,1,-1,-1,-1
1054,250,915,112,142,129,1,-1,-1,-1
1055,248,1192,496,426,400,1,-1,-1,-1
1055,250,912,113,144,129,1,-1,-1,-1
1056,248,1184,485,430,397,1,-1,-1,-1
1056,250,910,114,146,129,1,-1,-1,-1
1057,248,1177,475,435,390,1,-1,-1,-1
1057,250,908,116,147,126,1,-1,-1,-1
1058,248,1173,464,438,381,1,-1,-1,-1
1058,250,906,118,147,125,1,-1,-1,-1
1059,248,1169,455,435,375,1,-1,-1,-1
1059,250,905,119,149,126,1,-1,-1,-1
1060,248,1185,454,402,352,1,-1,-1,-1
1060,250,904,120,148,126,1,-1,-1,-1
1061,248,1179,450,401,352,1,-1,-1,-1
1061,250,903,121,150,127,1,-1,-1,-1
1062,248,1176,449,398,350,1,-1,-1,-1
1062,250,901,121,152,129,1,-1,-1,-1
1063,248,1182,431,373,334,1,-1,-1,-1
1063,250,899,123,153,129,1,-1,-1,-1
1064,248,1178,427,369,335,1,-1,-1,-1
1064,250,897,124,154,131,1,-1,-1,-1
1065,248,1177,422,361,331,1,-1,-1,-1
1065,250,896,126,155,131,1,-1,-1,-1
1066,248,1173,415,359,330,1,-1,-1,-1
1066,250,894,126,156,136,1,-1,-1,-1
1067,248,1169,406,358,332,1,-1,-1,-1
1067,250,891,127,158,136,1,-1,-1,-1
1068,248,1161,399,362,331,1,-1,-1,-1
1068,250,889,127,159,139,1,-1,-1,-1
1069,248,1154,392,368,331,1,-1,-1,-1
1069,250,889,128,159,140,1,-1,-1,-1
1070,248,1149,388,372,329,1,-1,-1,-1
1070,250,887,129,160,141,1,-1,-1,-1
1071,248,1141,386,365,327,1,-1,-1,-1
1071,250,885,130,161,139,1,-1,-1,-1
1072,248,1139,363,359,330,1,-1,-1,-1
1072,250,884,131,162,138,1,-1,-1,-1
1073,248,1141,362,352,325,1,-1,-1,-1
1073,250,882,132,165,136,1,-1,-1,-1
1074,248,1142,360,342,316,1,-1,-1,-1
1074,250,881,132,165,135,1,-1,-1,-1
1075,248,1142,357,331,307,1,-1,-1,-1
1075,250,880,133,166,132,1,-1,-1,-1
1076,248,1140,351,325,305,1,-1,-1,-1
1076,250,881,133,164,132,1,-1,-1,-1
1077,248,1137,344,322,305,1,-1,-1,-1
1077,250,881,144,164,137,1,-1,-1,-1
1078,248,1136,338,320,304,1,-1,-1,-1
1078,250,879,143,166,140,1,-1,-1,-1
1079,248,1133,334,319,301,1,-1,-1,-1
1079,250,878,144,169,141,1,-1,-1,-1
1080,248,1133,332,316,298,1,-1,-1,-1
1080,250,877,146,171,141,1,-1,-1,-1
1081,248,1131,330,313,294,1,-1,-1,-1
1081,250,876,147,173,142,1,-1,-1,-1
1082,248,1129,326,309,295,1,-1,-1,-1
1082,250,875,147,176,145,1,-1,-1,-1
1083,248,1122,314,311,290,1,-1,-1,-1
1083,250,874,147,177,146,1,-1,-1,-1
1084,248,1121,310,306,289,1,-1,-1,-1
1084,250,869,149,176,147,1,-1,-1,-1
1085,248,1121,308,301,282,1,-1,-1,-1
1085,250,869,151,177,146,1,-1,-1,-1
1086,248,1122,305,298,274,1,-1,-1,-1
1086,250,868,153,178,148,1,-1,-1,-1
1087,248,1121,301,296,269,1,-1,-1,-1
1087,250,867,155,180,151,1,-1,-1,-1
1088,248,1119,296,296,268,1,-1,-1,-1
1088,250,865,157,183,150,1,-1,-1,-1
1089,248,1118,294,293,265,1,-1,-1,-1
1089,250,865,158,184,150,1,-1,-1,-1
1090,248,1118,290,290,262,1,-1,-1,-1
1090,250,864,159,184,147,1,-1,-1,-1
1091,248,1121,288,283,258,1,-1,-1,-1
1091,250,865,161,181,144,1,-1,-1,-1
1092,248,1112,283,279,256,1,-1,-1,-1
1092,250,865,162,181,142,1,-1,-1,-1
1093,248,1114,276,274,256,1,-1,-1,-1
1093,250,865,175,182,148,1,-1,-1,-1
1094,248,1113,270,272,259,1,-1,-1,-1
1094,250,862,173,187,154,1,-1,-1,-1
1095,248,1115,268,267,258,1,-1,-1,-1
1095,250,861,175,190,155,1,-1,-1,-1
1096,248,1111,261,267,250,1,-1,-1,-1
1096,250,862,177,188,156,1,-1,-1,-1
1097,248,1112,263,263,244,1,-1,-1,-1
1097,250,862,178,187,158,1,-1,-1,-1
1098,248,1111,262,261,238,1,-1,-1,-1
1098,250,862,177,186,163,1,-1,-1,-1
1099,248,1111,259,257,235,1,-1,-1,-1
1099,250,859,177,190,166,1,-1,-1,-1
1100,248,1109,254,258,233,1,-1,-1,-1
1100,250,856,178,193,169,1,-1,-1,-1
1101,248,1108,251,256,231,1,-1,-1,-1
1101,250,853,180,196,171,1,-1,-1,-1
1102,248,1105,248,256,228,1,-1,-1,-1
1102,250,851,181,197,174,1,-1,-1,-1
1103,248,1103,245,254,227,1,-1,-1,-1
1103,250,849,183,198,173,1,-1,-1,-1
1104,248,1101,242,249,225,1,-1,-1,-1
1104,250,846,185,201,171,1,-1,-1,-1
1105,248,1102,239,243,223,1,-1,-1,-1
1105,250,845,186,203,169,1,-1,-1,-1
1106,248,1101,236,237,219,1,-1,-1,-1
1106,250,845,188,203,168,1,-1,-1,-1
1107,248,1097,234,237,217,1,-1,-1,-1
1107,250,843,202,207,170,1,-1,-1,-1
1108,248,1091,232,238,214,1,-1,-1,-1
1108,250,842,204,204,170,1,-1,-1,-1
1109,248,1087,228,238,213,1,-1,-1,-1
1109,250,842,207,202,171,1,-1,-1,-1
1110,248,1086,224,235,213,1,-1,-1,-1
1110,250,842,207,201,174,1,-1,-1,-1
1111,248,1083,219,235,214,1,-1,-1,-1
1111,250,840,209,202,177,1,-1,-1,-1
1112,248,1081,217,235,212,1,-1,-1,-1
1112,250,837,211,206,179,1,-1,-1,-1
1113,248,1084,203,224,217,1,-1,-1,-1
1113,250,834,213,210,183,1,-1,-1,-1
1114,248,1083,204,218,213,1,-1,-1,-1
1114,250,831,214,213,184,1,-1,-1,-1
1115,248,1081,202,216,212,1,-1,-1,-1
1115,250,827,215,218,184,1,-1,-1,-1
1116,248,1080,201,217,209,1,-1,-1,-1
1116,250,826,217,220,181,1,-1,-1,-1
1117,248,1079,199,216,206,1,-1,-1,-1
1117,250,821,228,227,190,1,-1,-1,-1
1118,248,1078,197,216,203,1,-1,-1,-1
1118,250,821,229,225,192,1,-1,-1,-1
1119,248,1061,192,233,209,1,-1,-1,-1
1119,250,821,232,224,193,1,-1,-1,-1
1120,248,1060,189,232,206,1,-1,-1,-1
1120,250,821,235,224,192,1,-1,-1,-1
1121,248,1062,191,228,196,1,-1,-1,-1
1121,250,819,238,227,194,1,-1,-1,-1
1122,248,1061,189,226,196,1,-1,-1,-1
1122,250,815,242,232,193,1,-1,-1,-1
1123,248,1061,189,224,195,1,-1,-1,-1
1123,250,813,247,234,188,1,-1,-1,-1
1124,248,1060,182,221,184,1,-1,-1,-1
1124,250,811,244,234,219,1,-1,-1,-1
1125,248,1059,179,220,187,1,-1,-1,-1
1125,250,810,247,236,221,1,-1,-1,-1
1126,248,1061,177,214,189,1,-1,-1,-1
1126,250,809,251,237,223,1,-1,-1,-1
1127,248,1062,176,209,188,1,-1,-1,-1
1127,250,807,257,238,224,1,-1,-1,-1
1128,248,1064,174,203,186,1,-1,-1,-1
1128,250,805,262,239,226,1,-1,-1,-1
1129,248,1064,174,201,183,1,-1,-1,-1
1129,250,800,267,243,227,1,-1,-1,-1
1130,248,1063,173,198,179,1,-1,-1,-1
1130,250,796,269,249,229,1,-1,-1,-1
1131,248,1062,172,197,176,1,-1,-1,-1
1131,250,791,270,255,233,1,-1,-1,-1
1132,248,1062,170,194,175,1,-1,-1,-1
1132,250,790,287,257,221,1,-1,-1,-1
1133,248,1062,167,193,175,1,-1,-1,-1
1133,250,788,291,259,222,1,-1,-1,-1
1134,248,1061,164,192,178,1,-1,-1,-1
1134,250,782,298,267,222,1,-1,-1,-1
1135,248,1060,161,191,180,1,-1,-1,-1
1135,250,777,305,276,223,1,-1,-1,-1
1136,248,1061,159,190,180,1,-1,-1,-1
1136,250,772,310,280,226,1,-1,-1,-1
1137,248,1061,159,190,178,1,-1,-1,-1
1137,250,769,313,283,230,1,-1,-1,-1
1138,248,1064,148,188,182,1,-1,-1,-1
1138,250,767,315,284,234,1,-1,-1,-1
1139,248,1064,148,187,180,1,-1,-1,-1
1139,250,762,318,291,239,1,-1,-1,-1
1140,248,1065,148,185,177,1,-1,-1,-1
1140,250,760,322,295,247,1,-1,-1,-1
1141,248,1065,147,184,175,1,-1,-1,-1
1141,250,755,326,299,255,1,-1,-1,-1
1142,248,1067,146,182,172,1,-1,-1,-1
1142,250,752,327,300,262,1,-1,-1,-1
1143,248,1067,145,181,170,1,-1,-1,-1
1143,250,748,338,303,266,1,-1,-1,-1
1144,248,1067,143,181,168,1,-1,-1,-1
1144,250,744,340,307,269,1,-1,-1,-1
1145,248,1068,143,182,166,1,-1,-1,-1
1145,250,740,343,309,275,1,-1,-1,-1
1146,248,1068,141,181,166,1,-1,-1,-1
1146,250,737,349,310,274,1,-1,-1,-1
1147,248,1069,140,181,166,1,-1,-1,-1
1147,250,733,358,296,276,1,-1,-1,-1
1148,248,1069,138,181,165,1,-1,-1,-1
1148,250,729,364,300,280,1,-1,-1,-1
1149,248,1069,137,181,165,1,-1,-1,-1
1149,250,723,371,306,283,1,-1,-1,-1
1150,248,1069,136,181,164,1,-1,-1,-1
1150,250,719,376,310,289,1,-1,-1,-1
1151,248,1070,134,179,164,1,-1,-1,-1
1151,250,710,378,322,298,1,-1,-1,-1
1152,248,1072,134,177,164,1,-1,-1,-1
1152,250,694,396,337,297,1,-1,-1,-1
1153,248,1073,133,175,162,1,-1,-1,-1
1153,250,688,400,339,299,1,-1,-1,-1
1154,248,1075,134,173,159,1,-1,-1,-1
1154,250,681,407,342,300,1,-1,-1,-1
1155,248,1076,134,172,157,1,-1,-1,-1
1155,250,675,417,345,302,1,-1,-1,-1
1156,248,1078,134,171,155,1,-1,-1,-1
1156,250,668,426,348,309,1,-1,-1,-1
1157,248,1080,122,171,163,1,-1,-1,-1
1157,250,658,434,355,319,1,-1,-1,-1
1158,248,1081,121,170,163,1,-1,-1,-1
1158,250,646,439,363,327,1,-1,-1,-1
1159,248,1082,121,169,163,1,-1,-1,-1
1159,250,636,453,374,334,1,-1,-1,-1
1160,248,1083,121,168,163,1,-1,-1,-1
1160,250,616,462,377,325,1,-1,-1,-1
1161,248,1084,120,166,162,1,-1,-1,-1
1161,250,609,469,382,331,1,-1,-1,-1
1162,248,1084,120,165,160,1,-1,-1,-1
1162,249,1131,676,466,400,1,-1,-1,-1
1162,250,599,482,384,331,1,-1,-1,-1
1163,248,1084,121,166,158,1,-1,-1,-1
1163,249,1137,658,459,401,1,-1,-1,-1
1163,250,568,475,440,364,1,-1,-1,-1
1164,248,1085,121,166,156,1,-1,-1,-1
1164,249,1142,637,450,407,1,-1,-1,-1
1164,250,557,483,432,376,1,-1,-1,-1
1165,248,1088,121,165,153,1,-1,-1,-1
1165,249,1146,622,446,405,1,-1,-1,-1
1165,250,549,492,424,386,1,-1,-1,-1
1166,248,1089,120,165,151,1,-1,-1,-1
1166,249,1148,610,442,396,1,-1,-1,-1
1166,250,541,505,422,391,1,-1,-1,-1
1167,248,1090,119,165,148,1,-1,-1,-1
1167,249,1151,602,436,383,1,-1,-1,-1
1167,250,532,518,428,397,1,-1,-1,-1
1168,248,1091,118,164,146,1,-1,-1,-1
1168,249,1154,596,425,365,1,-1,-1,-1
1168,250,509,551,433,383,1,-1,-1,-1
1169,248,1093,118,163,142,1,-1,-1,-1
1169,249,1155,563,425,376,1,-1,-1,-1
1169,250,491,558,449,385,1,-1,-1,-1
1170,248,1094,117,162,140,1,-1,-1,-1
1170,249,1154,556,420,370,1,-1,-1,-1
1170,250,460,585,453,390,1,-1,-1,-1
1171,248,1095,117,162,139,1,-1,-1,-1
1171,249,1168,566,378,327,1,-1,-1,-1
1171,250,431,595,465,400,1,-1,-1,-1
1172,248,1095,115,162,139,1,-1,-1,-1
1172,249,1166,549,373,334,1,-1,-1,-1
1172,250,404,608,468,409,1,-1,-1,-1
1173,248,1097,113,160,141,1,-1,-1,-1
1173,249,1164,533,367,342,1,-1,-1,-1
1173,250,380,620,474,420,1,-1,-1,-1
1174,248,1098,110,158,144,1,-1,-1,-1
1174,249,1162,525,364,341,1,-1,-1,-1
1174,250,358,634,490,423,1,-1,-1,-1
1175,248,1100,107,156,147,1,-1,-1,-1
1175,249,1155,507,366,328,1,-1,-1,-1
1175,250,318,649,494,429,1,-1,-1,-1
1176,248,1101,104,156,150,1,-1,-1,-1
1176,249,1136,496,373,320,1,-1,-1,-1
1176,250,275,663,527,415,1,-1,-1,-1
1177,248,1101,102,156,150,1,-1,-1,-1
1177,249,1140,482,362,318,1,-1,-1,-1
1178,248,1102,101,154,151,1,-1,-1,-1
1178,249,1141,471,355,315,1,-1,-1,-1
1179,248,1104,101,151,150,1,-1,-1,-1
1179,249,1140,465,351,312,1,-1,-1,-1
1180,248,1105,99,156,150,1,-1,-1,-1
1180,249,1139,446,341,311,1,-1,-1,-1
1181,248,1106,100,154,148,1,-1,-1,-1
1181,249,1136,444,335,299,1,-1,-1,-1
1182,248,1107,100,153,148,1,-1,-1,-1
1182,249,1132,438,330,290,1,-1,-1,-1
1183,248,1107,99,153,148,1,-1,-1,-1
1183,249,1127,430,328,285,1,-1,-1,-1
1184,248,1108,96,151,143,1,-1,-1,-1
1184,249,1124,419,321,285,1,-1,-1,-1
1185,248,1109,97,150,141,1,-1,-1,-1
1185,249,1122,411,314,286,1,-1,-1,-1
1186,248,1111,97,147,139,1,-1,-1,-1
1186,249,1119,406,309,284,1,-1,-1,-1
1187,248,1112,98,145,137,1,-1,-1,-1
1187,249,1114,389,307,286,1,-1,-1,-1
1188,248,1113,99,143,135,1,-1,-1,-1
1188,249,1114,389,300,274,1,-1,-1,-1
1189,248,1114,99,143,133,1,-1,-1,-1
1189,249,1115,386,293,263,1,-1,-1,-1
1190,248,1115,98,142,132,1,-1,-1,-1
1190,249,1103,388,298,246,1,-1,-1,-1
1191,248,1117,97,140,133,1,-1,-1,-1
1191,249,1102,381,292,243,1,-1,-1,-1
1192,248,1119,96,139,134,1,-1,-1,-1
1192,249,1100,372,288,243,1,-1,-1,-1
1193,248,1120,95,139,134,1,-1,-1,-1
1193,249,1098,362,284,245,1,-1,-1,-1
1194,248,1120,94,140,134,1,-1,-1,-1
1194,249,1098,354,280,246,1,-1,-1,-1
1195,248,1120,92,140,134,1,-1,-1,-1
1195,249,1095,350,277,244,1,-1,-1,-1
1196,248,1121,91,139,134,1,-1,-1,-1
1196,249,1092,336,275,243,1,-1,-1,-1
1197,248,1121,89,139,134,1,-1,-1,-1
1197,249,1089,334,269,237,1,-1,-1,-1
1198,248,1120,88,139,134,1,-1,-1,-1
1198,249,1089,329,264,235,1,-1,-1,-1
1199,248,1120,87,138,134,1,-1,-1,-1
1199,249,1084,323,264,233,1,-1,-1,-1
1200,248,1120,85,138,135,1,-1,-1,-1
1200,249,1080,317,264,231,1,-1,-1,-1
1201,248,1121,84,138,135,1,-1,-1,-1
1201,249,1077,314,260,227,1,-1,-1,-1
1202,248,1121,83,139,136,1,-1,-1,-1
1202,249,1074,309,255,227,1,-1,-1,-1
1203,248,1121,82,138,136,1,-1,-1,-1
1203,249,1069,303,253,225,1,-1,-1,-1
1204,248,1121,81,138,137,1,-1,-1,-1
1204,249,1067,298,249,224,1,-1,-1,-1
1205,248,1121,80,137,137,1,-1,-1,-1
1205,249,1067,293,243,222,1,-1,-1,-1
1206,248,1122,80,136,137,1,-1,-1,-1
1206,249,1060,291,238,214,1,-1,-1,-1
1207,248,1122,80,136,136,1,-1,-1,-1
1207,249,1076,270,220,226,1,-1,-1,-1
1208,248,1121,80,136,135,1,-1,-1,-1
1208,249,1063,269,229,222,1,-1,-1,-1
1209,248,1119,80,137,135,1,-1,-1,-1
1209,249,1064,266,226,219,1,-1,-1,-1
1210,248,1118,79,137,135,1,-1,-1,-1
1210,249,1063,266,228,207,1,-1,-1,-1
1211,248,1118,79,137,134,1,-1,-1,-1
1211,249,1063,266,228,202,1,-1,-1,-1
1212,248,1118,79,136,134,1,-1,-1,-1
1212,249,1064,254,223,215,1,-1,-1,-1
1213,248,1118,78,135,133,1,-1,-1,-1
1213,249,1063,247,223,212,1,-1,-1,-1
1214,248,1116,82,139,125,1,-1,-1,-1
1214,249,1063,240,222,212,1,-1,-1,-1
1215,248,1116,82,138,124,1,-1,-1,-1
1215,249,1065,240,214,204,1,-1,-1,-1
1216,248,1116,82,138,123,1,-1,-1,-1
1216,249,1067,237,209,204,1,-1,-1,-1
1217,248,1116,82,138,122,1,-1,-1,-1
1217,249,1068,236,205,198,1,-1,-1,-1
1218,248,1111,80,134,124,1,-1,-1,-1
1218,249,1069,236,202,190,1,-1,-1,-1
1219,248,1111,80,133,122,1,-1,-1,-1
1219,249,1069,234,202,187,1,-1,-1,-1
1220,248,1110,79,133,123,1,-1,-1,-1
1220,249,1066,231,203,186,1,-1,-1,-1
1221,248,1109,78,136,124,1,-1,-1,-1
1221,249,1063,228,204,186,1,-1,-1,-1
1222,248,1111,74,136,131,1,-1,-1,-1
1222,249,1063,216,202,191,1,-1,-1,-1
1223,248,1112,73,134,131,1,-1,-1,-1
1223,249,1064,213,197,191,1,-1,-1,-1
1224,248,1107,78,138,121,1,-1,-1,-1
1224,249,1064,209,194,191,1,-1,-1,-1
1225,248,1107,78,137,118,1,-1,-1,-1
1225,249,1065,207,190,189,1,-1,-1,-1
1226,248,1107,79,136,117,1,-1,-1,-1
1226,249,1065,206,190,183,1,-1,-1,-1
1227,248,1107,79,136,117,1,-1,-1,-1
1227,249,1065,204,189,179,1,-1,-1,-1
1228,248,1105,78,135,117,1,-1,-1,-1
1228,249,1065,203,189,175,1,-1,-1,-1
1229,248,1104,78,135,118,1,-1,-1,-1
1229,249,1065,202,188,173,1,-1,-1,-1
1230,248,1104,78,135,118,1,-1,-1,-1
1230,249,1065,201,188,171,1,-1,-1,-1
1231,248,1104,78,134,118,1,-1,-1,-1
1231,249,1065,200,187,169,1,-1,-1,-1
1232,248,1105,78,134,117,1,-1,-1,-1
1232,249,1070,191,184,172,1,-1,-1,-1
1233,248,1104,69,134,121,1,-1,-1,-1
1233,249,1070,190,182,171,1,-1,-1,-1
1234,248,1104,70,133,120,1,-1,-1,-1
1234,249,1072,189,179,170,1,-1,-1,-1
1235,248,1103,70,134,120,1,-1,-1,-1
1235,249,1072,186,177,168,1,-1,-1,-1
1236,248,1101,69,135,121,1,-1,-1,-1
1236,249,1074,183,175,165,1,-1,-1,-1
1237,248,1100,68,136,122,1,-1,-1,-1
1237,249,1075,180,176,162,1,-1,-1,-1
1238,248,1099,69,136,120,1,-1,-1,-1
1238,249,1077,179,173,157,1,-1,-1,-1
1239,248,1099,70,135,118,1,-1,-1,-1
1239,249,1078,180,171,153,1,-1,-1,-1
1240,248,1099,70,133,115,1,-1,-1,-1
1240,249,1080,180,167,148,1,-1,-1,-1
1241,248,1099,70,132,115,1,-1,-1,-1
1241,249,1080,179,167,147,1,-1,-1,-1
1242,248,1098,69,132,116,1,-1,-1,-1
1242,249,1081,179,164,144,1,-1,-1,-1
1243,248,1097,68,132,117,1,-1,-1,-1
1243,249,1081,179,164,142,1,-1,-1,-1
1244,248,1096,68,133,118,1,-1,-1,-1
1244,249,1082,180,162,140,1,-1,-1,-1
1245,248,1095,68,133,118,1,-1,-1,-1
1245,249,1080,163,166,150,1,-1,-1,-1
1246,248,1094,67,134,119,1,-1,-1,-1
1246,249,1082,162,163,151,1,-1,-1,-1
1247,248,1093,67,134,119,1,-1,-1,-1
1247,249,1083,159,161,155,1,-1,-1,-1
1248,248,1093,66,135,120,1,-1,-1,-1
1248,249,1083,160,160,151,1,-1,-1,-1
1249,248,1092,66,135,120,1,-1,-1,-1
1249,249,1082,158,161,148,1,-1,-1,-1
1250,248,1091,65,136,121,1,-1,-1,-1
1250,249,1082,156,160,145,1,-1,-1,-1
1251,248,1091,65,136,121,1,-1,-1,-1
1251,249,1082,153,160,144,1,-1,-1,-1
1252,248,1090,64,137,122,1,-1,-1,-1
1252,249,1082,151,158,144,1,-1,-1,-1
1253,248,1089,64,137,122,1,-1,-1,-1
1253,249,1082,149,156,144,1,-1,-1,-1
1254,248,1088,63,138,123,1,-1,-1,-1
1254,249,1082,149,153,142,1,-1,-1,-1
1255,248,1088,63,138,123,1,-1,-1,-1
1255,249,1082,148,151,141,1,-1,-1,-1
1256,248,1087,62,139,124,1,-1,-1,-1
1256,249,1082,148,149,139,1,-1,-1,-1
1257,248,1086,62,139,124,1,-1,-1,-1
1257,249,1082,145,147,140,1,-1,-1,-1
1258,248,1086,61,140,125,1,-1,-1,-1
1258,249,1082,144,146,139,1,-1,-1,-1
1259,248,1085,61,140,125,1,-1,-1,-1
1259,249,1082,141,144,142,1,-1,-1,-1
1260,248,1084,60,141,126,1,-1,-1,-1
1260,249,1081,140,145,142,1,-1,-1,-1
1261,248,1084,60,142,127,1,-1,-1,-1
1261,249,1080,140,145,142,1,-1,-1,-1
1262,249,1080,133,144,139,1,-1,-1,-1
1263,249,1079,135,143,135,1,-1,-1,-1
1264,249,1079,135,142,133,1,-1,-1,-1
1265,248,1082,58,142,127,1,-1,-1,-1
1265,249,1078,137,142,129,1,-1,-1,-1
1266,248,1082,58,142,127,1,-1,-1,-1
1266,249,1078,136,142,127,1,-1,-1,-1
1267,249,1077,135,141,126,1,-1,-1,-1
1268,249,1078,133,140,126,1,-1,-1,-1
1269,249,1077,130,140,126,1,-1,-1,-1
1270,249,1076,128,141,126,1,-1,-1,-1
1271,249,1077,126,140,125,1,-1,-1,-1
1272,249,1077,125,140,125,1,-1,-1,-1
1273,249,1070,123,143,126,1,-1,-1,-1
1274,249,1070,122,142,125,1,-1,-1,-1
1275,249,1071,121,142,126,1,-1,-1,-1
1276,249,1071,119,142,126,1,-1,-1,-1
1277,249,1071,118,141,126,1,-1,-1,-1
1278,249,1071,117,141,125,1,-1,-1,-1
1279,249,1071,116,141,125,1,-1,-1,-1
1280,249,1072,114,141,125,1,-1,-1,-1
1281,249,1072,113,141,125,1,-1,-1,-1
1282,249,1072,112,140,125,1,-1,-1,-1
1283,249,1072,111,140,125,1,-1,-1,-1
1284,249,1072,109,140,124,1,-1,-1,-1
1285,249,1072,108,140,124,1,-1,-1,-1
1286,249,1073,107,140,124,1,-1,-1,-1
1287,249,1073,106,140,124,1,-1,-1,-1
1288,249,1073,104,139,124,1,-1,-1,-1
1289,249,1073,103,139,123,1,-1,-1,-1
1290,249,1073,102,139,123,1,-1,-1,-1
1291,249,1073,101,139,123,1,-1,-1,-1
1292,249,1073,99,139,123,1,-1,-1,-1
1293,249,1074,98,139,123,1,-1,-1,-1
1294,249,1074,97,138,122,1,-1,-1,-1
1295,249,1074,96,138,122,1,-1,-1,-1
1296,249,1074,94,138,122,1,-1,-1,-1
1297,249,1074,93,138,122,1,-1,-1,-1
1298,249,1074,92,138,122,1,-1,-1,-1
1299,249,1075,91,138,122,1,-1,-1,-1
1300,249,1075,90,137,121,1,-1,-1,-1
1301,249,1075,89,136,121,1,-1,-1,-1
1302,249,1076,89,136,121,1,-1,-1,-1
1303,249,1076,88,135,120,1,-1,-1,-1
1304,249,1076,88,135,120,1,-1,-1,-1
1305,249,1077,87,134,120,1,-1,-1,-1
1306,249,1077,87,134,119,1,-1,-1,-1
1307,249,1078,86,133,119,1,-1,-1,-1
1308,249,1078,85,133,119,1,-1,-1,-1
1309,249,1078,85,132,118,1,-1,-1,-1
1310,249,1079,84,132,118,1,-1,-1,-1
1311,249,1079,84,131,118,1,-1,-1,-1
1312,249,1080,83,131,117,1,-1,-1,-1
1313,249,1080,83,130,117,1,-1,-1,-1
1314,249,1080,82,129,117,1,-1,-1,-1
1315,249,1081,81,129,116,1,-1,-1,-1
1316,249,1081,81,128,116,1,-1,-1,-1
1317,249,1082,80,128,116,1,-1,-1,-1
1318,249,1082,80,127,115,1,-1,-1,-1
1319,249,1082,79,127,115,1,-1,-1,-1
1320,249,1083,79,126,115,1,-1,-1,-1
1321,249,1083,78,126,114,1,-1,-1,-1
1322,249,1084,77,125,114,1,-1,-1,-1
1323,249,1084,77,125,114,1,-1,-1,-1
1324,249,1084,76,124,113,1,-1,-1,-1
1325,249,1085,76,124,113,1,-1,-1,-1
1326,249,1085,75,123,113,1,-1,-1,-1
1327,249,1086,75,123,113,1,-1,-1,-1
1328,249,1085,74,123,112,1,-1,-1,-1
1329,249,1085,74,123,112,1,-1,-1,-1
1330,249,1085,74,123,112,1,-1,-1,-1
1331,249,1085,74,123,112,1,-1,-1,-1
1332,249,1085,74,123,112,1,-1,-1,-1
1333,249,1084,74,123,112,1,-1,-1,-1
1334,249,1084,74,123,112,1,-1,-1,-1
1335,249,1084,74,123,112,1,-1,-1,-1
1336,249,1084,74,123,112,1,-1,-1,-1
1337,249,1084,74,124,112,1,-1,-1,-1
1338,249,1084,74,124,112,1,-1,-1,-1
1339,249,1083,74,124,112,1,-1,-1,-1
1340,249,1083,74,124,112,1,-1,-1,-1
1341,249,1083,74,124,112,1,-1,-1,-1
1342,249,1083,74,124,112,1,-1,-1,-1
1343,249,1083,74,124,112,1,-1,-1,-1
1344,249,1083,74,124,112,1,-1,-1,-1
1345,249,1082,74,124,112,1,-1,-1,-1
1346,248,1021,20,127,113,1,-1,-1,-1
1346,249,1082,74,124,112,1,-1,-1,-1
1347,248,1019,18,127,113,1,-1,-1,-1
1347,249,1082,74,125,112,1,-1,-1,-1
1348,248,1017,17,127,114,1,-1,-1,-1
1348,249,1082,74,125,112,1,-1,-1,-1
1349,248,1015,16,127,114,1,-1,-1,-1
1349,249,1082,74,125,112,1,-1,-1,-1
1350,248,1013,14,127,114,1,-1,-1,-1
1350,249,1082,74,125,112,1,-1,-1,-1
1351,248,1011,13,127,114,1,-1,-1,-1
1351,249,1081,74,125,112,1,-1,-1,-1
1352,248,1009,12,127,115,1,-1,-1,-1
1352,249,1081,74,125,112,1,-1,-1,-1
1353,248,1007,10,127,115,1,-1,-1,-1
1353,249,1081,74,125,112,1,-1,-1,-1
1354,248,1005,9,127,115,1,-1,-1,-1
1354,249,1081,74,125,112,1,-1,-1,-1
1355,248,1003,8,127,116,1,-1,-1,-1
1355,249,1081,74,125,112,1,-1,-1,-1
1356,248,1001,6,126,116,1,-1,-1,-1
1356,249,1081,74,126,112,1,-1,-1,-1
1357,248,999,5,126,116,1,-1,-1,-1
1357,249,1081,74,126,112,1,-1,-1,-1
1358,248,997,3,126,116,1,-1,-1,-1
1358,249,1081,74,126,112,1,-1,-1,-1
1359,248,995,2,126,117,1,-1,-1,-1
1359,249,1081,74,126,112,1,-1,-1,-1
1360,248,993,1,126,117,1,-1,-1,-1
1360,249,1081,74,126,112,1,-1,-1,-1
1361,248,991,0,126,117,1,-1,-1,-1
1361,249,1081,74,126,112,1,-1,-1,-1
1362,248,989,0,126,117,1,-1,-1,-1
1362,249,1081,74,126,112,1,-1,-1,-1
1363,248,987,0,126,118,1,-1,-1,-1
1363,249,1081,74,126,112,1,-1,-1,-1
1364,248,985,0,126,118,1,-1,-1,-1
1364,249,1081,74,126,112,1,-1,-1,-1
1365,248,983,0,126,118,1,-1,-1,-1
1365,249,1081,74,126,112,1,-1,-1,-1
1366,248,982,0,126,119,1,-1,-1,-1
1366,249,1081,74,126,112,1,-1,-1,-1
1367,248,980,0,125,118,1,-1,-1,-1
1367,249,1081,74,126,112,1,-1,-1,-1
1368,248,979,0,124,117,1,-1,-1,-1
1368,249,1081,74,126,112,1,-1,-1,-1
1369,248,977,0,124,116,1,-1,-1,-1
1369,249,1081,74,126,112,1,-1,-1,-1
1370,248,976,0,123,115,1,-1,-1,-1
1370,249,1081,74,126,112,1,-1,-1,-1
1371,248,974,0,123,114,1,-1,-1,-1
1371,249,1081,74,126,112,1,-1,-1,-1
1372,248,973,0,122,113,1,-1,-1,-1
1372,249,1081,74,126,112,1,-1,-1,-1
1373,249,1081,74,126,112,1,-1,-1,-1
1374,249,1081,74,126,112,1,-1,-1,-1
1375,249,1081,74,126,112,1,-1,-1,-1
1376,249,1081,74,126,112,1,-1,-1,-1
1377,249,1081,74,126,112,1,-1,-1,-1
1378,249,1081,74,126,112,1,-1,-1,-1
1379,249,1081,74,126,112,1,-1,-1,-1
1380,249,1081,74,126,112,1,-1,-1,-1
1381,249,1081,74,126,112,1,-1,-1,-1
1382,249,1081,74,126,112,1,-1,-1,-1
1383,249,1081,74,126,112,1,-1,-1,-1
1384,249,1081,74,126,112,1,-1,-1,-1
1385,249,1081,74,126,112,1,-1,-1,-1
1386,249,1081,74,126,112,1,-1,-1,-1
1387,249,1081,74,126,112,1,-1,-1,-1
1388,249,1081,74,126,112,1,-1,-1,-1
1389,249,1081,74,126,112,1,-1,-1,-1
1390,249,1081,74,126,112,1,-1,-1,-1
1391,249,1081,74,126,112,1,-1,-1,-1
1392,249,1081,74,126,112,1,-1,-1,-1
1393,249,1081,74,126,112,1,-1,-1,-1
1393,252,705,65,211,117,1,-1,-1,-1
1394,249,1081,74,126,112,1,-1,-1,-1
1394,252,721,66,207,115,1,-1,-1,-1
1395,249,1081,74,126,112,1,-1,-1,-1
1395,252,737,67,203,114,1,-1,-1,-1
1396,249,1081,74,126,112,1,-1,-1,-1
1396,252,754,68,200,112,1,-1,-1,-1
1397,249,1081,74,126,112,1,-1,-1,-1
1397,252,770,69,196,111,1,-1,-1,-1
1398,249,1081,74,126,112,1,-1,-1,-1
1398,252,786,70,192,109,1,-1,-1,-1
1399,249,1081,74,126,112,1,-1,-1,-1
1399,252,803,71,189,108,1,-1,-1,-1
1400,249,1081,74,126,112,1,-1,-1,-1
1400,252,810,71,185,107,1,-1,-1,-1
1401,249,1081,74,126,112,1,-1,-1,-1
1401,252,817,71,182,107,1,-1,-1,-1
1402,249,1081,74,126,112,1,-1,-1,-1
1402,252,824,72,179,107,1,-1,-1,-1
1403,249,1081,74,126,112,1,-1,-1,-1
1403,252,831,72,176,107,1,-1,-1,-1
1404,249,1081,74,126,112,1,-1,-1,-1
1404,252,838,73,172,107,1,-1,-1,-1
1405,249,1081,74,126,112,1,-1,-1,-1
1405,252,845,73,169,107,1,-1,-1,-1
1406,249,1081,74,126,112,1,-1,-1,-1
1406,252,852,74,166,107,1,-1,-1,-1
1407,249,1081,74,126,112,1,-1,-1,-1
1407,252,859,74,163,107,1,-1,-1,-1
1408,249,1081,74,126,112,1,-1,-1,-1
1408,252,866,74,159,107,1,-1,-1,-1
1409,249,1081,74,126,112,1,-1,-1,-1
1409,252,873,75,156,107,1,-1,-1,-1
1410,249,1081,74,126,112,1,-1,-1,-1
1410,252,880,75,153,107,1,-1,-1,-1
1411,249,1080,73,127,112,1,-1,-1,-1
1411,252,887,76,150,107,1,-1,-1,-1
1412,249,1080,72,128,113,1,-1,-1,-1
1412,252,894,76,146,107,1,-1,-1,-1
1413,249,1079,72,129,113,1,-1,-1,-1
1413,252,901,77,143,107,1,-1,-1,-1
1414,249,1079,71,130,114,1,-1,-1,-1
1414,252,908,77,140,107,1,-1,-1,-1
1415,249,1078,70,131,115,1,-1,-1,-1
1415,252,915,78,137,107,1,-1,-1,-1
1416,249,1078,70,132,115,1,-1,-1,-1
1416,252,915,78,136,108,1,-1,-1,-1
1417,249,1077,69,133,116,1,-1,-1,-1
1417,252,916,78,135,109,1,-1,-1,-1
1418,249,1077,69,134,117,1,-1,-1,-1
1418,252,917,79,134,110,1,-1,-1,-1
1419,249,1076,68,133,116,1,-1,-1,-1
1419,252,918,79,133,111,1,-1,-1,-1
1420,249,1075,68,133,116,1,-1,-1,-1
1420,252,919,79,133,112,1,-1,-1,-1
1421,249,1075,68,133,115,1,-1,-1,-1
1421,252,920,80,132,113,1,-1,-1,-1
1422,249,1074,68,132,115,1,-1,-1,-1
1422,252,921,80,131,114,1,-1,-1,-1
1423,249,1074,68,132,115,1,-1,-1,-1
1423,252,922,80,130,115,1,-1,-1,-1
1424,249,1073,67,132,114,1,-1,-1,-1
1424,252,921,81,131,116,1,-1,-1,-1
1425,249,1073,67,131,114,1,-1,-1,-1
1425,252,920,81,131,116,1,-1,-1,-1
1426,249,1072,67,131,114,1,-1,-1,-1
1426,252,919,82,132,115,1,-1,-1,-1
1427,249,1072,67,131,113,1,-1,-1,-1
1427,252,918,83,133,116,1,-1,-1,-1
1428,249,1071,67,131,113,1,-1,-1,-1
1428,252,917,84,134,116,1,-1,-1,-1
1429,249,1070,67,130,113,1,-1,-1,-1
1429,252,915,85,135,117,1,-1,-1,-1
1430,249,1070,66,130,112,1,-1,-1,-1
1430,252,914,86,135,117,1,-1,-1,-1
1431,249,1069,66,130,112,1,-1,-1,-1
1431,252,914,87,135,117,1,-1,-1,-1
1432,249,1069,66,129,112,1,-1,-1,-1
1432,252,914,89,135,118,1,-1,-1,-1
1433,249,1068,66,129,111,1,-1,-1,-1
1433,252,913,89,136,119,1,-1,-1,-1
1434,249,1068,66,129,111,1,-1,-1,-1
1434,252,912,90,136,118,1,-1,-1,-1
1435,249,1067,65,129,110,1,-1,-1,-1
1435,252,911,91,137,117,1,-1,-1,-1
1436,249,1067,65,128,110,1,-1,-1,-1
1436,252,911,92,137,116,1,-1,-1,-1
1437,249,1066,65,128,110,1,-1,-1,-1
1437,252,910,93,138,116,1,-1,-1,-1
1438,249,1065,65,128,109,1,-1,-1,-1
1438,252,910,94,138,116,1,-1,-1,-1
1439,249,1065,65,127,109,1,-1,-1,-1
1439,252,909,95,139,116,1,-1,-1,-1
1440,249,1064,65,127,109,1,-1,-1,-1
1440,252,909,96,139,115,1,-1,-1,-1
1441,249,1064,64,127,108,1,-1,-1,-1
1441,252,909,97,139,115,1,-1,-1,-1
1442,252,909,98,139,114,1,-1,-1,-1
1443,252,910,100,139,114,1,-1,-1,-1
1444,252,909,101,140,115,1,-1,-1,-1
1445,252,909,102,140,116,1,-1,-1,-1
1446,252,909,104,140,116,1,-1,-1,-1
1447,252,908,106,141,116,1,-1,-1,-1
1448,252,909,106,140,117,1,-1,-1,-1
1449,252,910,106,139,118,1,-1,-1,-1
1450,252,910,107,138,118,1,-1,-1,-1
1451,252,911,107,137,118,1,-1,-1,-1
1452,252,910,108,137,119,1,-1,-1,-1
1453,252,910,107,137,119,1,-1,-1,-1
1454,252,910,108,137,119,1,-1,-1,-1
1455,252,906,108,144,134,1,-1,-1,-1
1456,252,906,107,144,136,1,-1,-1,-1
1457,252,906,108,144,137,1,-1,-1,-1
1458,252,906,110,144,136,1,-1,-1,-1
1459,252,906,112,145,136,1,-1,-1,-1
1460,252,905,115,145,133,1,-1,-1,-1
1461,252,905,117,145,132,1,-1,-1,-1
1462,252,905,120,145,130,1,-1,-1,-1
1463,252,904,123,145,127,1,-1,-1,-1
1464,252,904,125,145,127,1,-1,-1,-1
1465,252,903,127,146,126,1,-1,-1,-1
1466,252,903,127,147,127,1,-1,-1,-1
1467,252,903,129,147,127,1,-1,-1,-1
1468,252,902,132,147,126,1,-1,-1,-1
1469,252,901,134,148,126,1,-1,-1,-1
1470,252,900,136,149,126,1,-1,-1,-1
1471,252,899,137,151,127,1,-1,-1,-1
1472,252,898,138,154,128,1,-1,-1,-1
1473,252,896,138,154,128,1,-1,-1,-1
1474,252,896,139,156,129,1,-1,-1,-1
1475,252,896,140,154,142,1,-1,-1,-1
1476,252,895,142,157,140,1,-1,-1,-1
1477,252,893,145,158,137,1,-1,-1,-1
1478,252,891,147,161,135,1,-1,-1,-1
1479,252,889,149,163,135,1,-1,-1,-1
1480,252,888,151,165,135,1,-1,-1,-1
1481,252,886,153,166,135,1,-1,-1,-1
1482,252,885,155,168,135,1,-1,-1,-1
1483,252,882,157,170,136,1,-1,-1,-1
1484,252,880,159,172,136,1,-1,-1,-1
1485,252,878,161,175,139,1,-1,-1,-1
1486,252,877,164,176,140,1,-1,-1,-1
1487,252,876,165,176,143,1,-1,-1,-1
1488,252,876,167,175,143,1,-1,-1,-1
1489,252,877,168,173,142,1,-1,-1,-1
1490,252,875,177,176,142,1,-1,-1,-1
1491,252,876,179,175,141,1,-1,-1,-1
1492,252,877,182,174,141,1,-1,-1,-1
1493,252,876,183,175,143,1,-1,-1,-1
1494,252,869,185,176,144,1,-1,-1,-1
1495,252,873,185,179,148,1,-1,-1,-1
1496,252,864,191,186,145,1,-1,-1,-1
1497,252,861,192,190,150,1,-1,-1,-1
1498,252,860,194,192,154,1,-1,-1,-1
1499,252,859,195,193,156,1,-1,-1,-1
1500,252,860,197,193,154,1,-1,-1,-1
1501,252,861,201,191,150,1,-1,-1,-1
1502,252,858,209,197,158,1,-1,-1,-1
1503,252,858,212,196,160,1,-1,-1,-1
1504,252,858,214,195,162,1,-1,-1,-1
1505,252,858,216,197,164,1,-1,-1,-1
1506,252,857,219,199,168,1,-1,-1,-1
1507,252,855,221,203,172,1,-1,-1,-1
1508,252,854,223,203,175,1,-1,-1,-1
1509,252,854,226,202,173,1,-1,-1,-1
1510,252,855,234,203,183,1,-1,-1,-1
1511,252,854,238,203,183,1,-1,-1,-1
1512,252,852,244,207,183,1,-1,-1,-1
1513,252,846,249,216,185,1,-1,-1,-1
1514,252,842,253,222,185,1,-1,-1,-1
1515,252,840,256,226,186,1,-1,-1,-1
1516,252,844,268,221,187,1,-1,-1,-1
1517,252,843,270,222,190,1,-1,-1,-1
1518,252,839,275,230,193,1,-1,-1,-1
1519,252,836,280,234,195,1,-1,-1,-1
1520,252,834,278,237,208,1,-1,-1,-1
1521,252,841,297,228,198,1,-1,-1,-1
1522,252,839,301,231,200,1,-1,-1,-1
1523,252,837,306,235,203,1,-1,-1,-1
1524,252,833,313,241,206,1,-1,-1,-1
1525,252,827,318,251,210,1,-1,-1,-1
1526,252,821,325,258,215,1,-1,-1,-1
1527,252,816,330,264,220,1,-1,-1,-1
1528,252,814,335,265,224,1,-1,-1,-1
1529,252,812,340,266,227,1,-1,-1,-1
1530,252,808,341,268,235,1,-1,-1,-1
1531,252,806,360,270,232,1,-1,-1,-1
1532,252,802,365,275,240,1,-1,-1,-1
1533,252,796,373,281,244,1,-1,-1,-1
1534,252,788,382,289,243,1,-1,-1,-1
1535,252,779,390,298,246,1,-1,-1,-1
1536,252,771,398,304,252,1,-1,-1,-1
1537,252,767,399,308,264,1,-1,-1,-1
1538,252,761,420,316,265,1,-1,-1,-1
1539,252,758,428,320,267,1,-1,-1,-1
1540,252,752,439,327,267,1,-1,-1,-1
1541,252,745,450,333,272,1,-1,-1,-1
1542,252,734,454,340,290,1,-1,-1,-1
1543,252,728,474,344,292,1,-1,-1,-1
1544,252,720,475,353,302,1,-1,-1,-1
1545,252,711,483,364,311,1,-1,-1,-1
1546,252,700,503,361,310,1,-1,-1,-1
1547,252,690,510,372,323,1,-1,-1,-1
1548,252,673,540,388,316,1,-1,-1,-1
1549,252,662,551,389,325,1,-1,-1,-1
1550,252,647,569,395,326,1,-1,-1,-1
1551,252,614,567,430,359,1,-1,-1,-1
1552,252,589,600,436,367,1,-1,-1,-1
1553,252,564,609,441,386,1,-1,-1,-1
1554,252,538,620,449,401,1,-1,-1,-1
1555,252,492,640,464,407,1,-1,-1,-1
1556,252,459,661,487,407,1,-1,-1,-1
1557,252,410,683,514,395,1,-1,-1,-1
1563,253,926,76,126,109,1,-1,-1,-1
1564,253,925,76,127,110,1,-1,-1,-1
1565,253,925,76,127,110,1,-1,-1,-1
1566,253,901,73,154,111,1,-1,-1,-1
1570,253,929,76,124,111,1,-1,-1,-1
1571,253,928,76,125,112,1,-1,-1,-1
1572,253,928,76,125,112,1,-1,-1,-1
1573,253,927,76,125,113,1,-1,-1,-1
1574,253,930,76,125,119,1,-1,-1,-1
1575,253,929,76,127,119,1,-1,-1,-1
1576,253,927,76,129,119,1,-1,-1,-1
1577,253,927,77,129,119,1,-1,-1,-1
1578,253,928,77,127,119,1,-1,-1,-1
1579,253,928,78,127,119,1,-1,-1,-1
1580,253,927,78,128,120,1,-1,-1,-1
1581,253,925,78,131,122,1,-1,-1,-1
1582,253,925,79,132,123,1,-1,-1,-1
1583,253,924,81,132,122,1,-1,-1,-1
1584,253,924,82,132,122,1,-1,-1,-1
1585,253,922,83,134,124,1,-1,-1,-1
1586,253,921,84,135,125,1,-1,-1,-1
1587,253,920,85,135,124,1,-1,-1,-1
1588,253,919,87,135,123,1,-1,-1,-1
1589,253,919,88,136,123,1,-1,-1,-1
1590,253,918,89,136,123,1,-1,-1,-1
1591,253,917,89,137,123,1,-1,-1,-1
1592,253,916,90,137,123,1,-1,-1,-1
1593,253,916,90,138,124,1,-1,-1,-1
1594,253,915,91,139,124,1,-1,-1,-1
1595,253,915,93,139,125,1,-1,-1,-1
1596,253,915,94,140,127,1,-1,-1,-1
1597,253,914,95,140,128,1,-1,-1,-1
1598,253,914,96,140,129,1,-1,-1,-1
1599,253,913,98,140,129,1,-1,-1,-1
1600,253,913,99,140,129,1,-1,-1,-1
1601,253,912,100,140,128,1,-1,-1,-1
1602,253,912,99,141,130,1,-1,-1,-1
1603,253,912,99,140,131,1,-1,-1,-1
1604,253,913,100,139,131,1,-1,-1,-1
1605,253,913,101,138,131,1,-1,-1,-1
1606,253,913,101,137,131,1,-1,-1,-1
1607,253,912,101,137,131,1,-1,-1,-1
1608,253,911,103,143,143,1,-1,-1,-1
1609,253,909,103,144,145,1,-1,-1,-1
1610,253,908,103,145,146,1,-1,-1,-1
1611,253,908,104,145,145,1,-1,-1,-1
1612,253,908,107,145,143,1,-1,-1,-1
1613,253,909,109,145,141,1,-1,-1,-1
1614,253,909,112,145,139,1,-1,-1,-1
1615,253,909,114,146,138,1,-1,-1,-1
1616,253,909,120,147,135,1,-1,-1,-1
1617,253,908,126,146,131,1,-1,-1,-1
1618,253,907,132,147,127,1,-1,-1,-1
1619,253,906,134,147,126,1,-1,-1,-1
1620,253,905,133,149,129,1,-1,-1,-1
1621,253,906,131,151,135,1,-1,-1,-1
1622,253,906,130,153,140,1,-1,-1,-1
1623,253,906,128,155,145,1,-1,-1,-1
1624,253,904,127,157,148,1,-1,-1,-1
1625,253,904,126,159,151,1,-1,-1,-1
1626,253,904,127,159,152,1,-1,-1,-1
1627,253,904,127,158,153,1,-1,-1,-1
1628,253,905,136,154,151,1,-1,-1,-1
1629,253,905,137,154,150,1,-1,-1,-1
1630,253,904,137,156,151,1,-1,-1,-1
1631,253,903,138,159,152,1,-1,-1,-1
1632,253,902,139,162,154,1,-1,-1,-1
1633,253,901,141,165,155,1,-1,-1,-1
1634,253,901,143,167,156,1,-1,-1,-1
1635,253,901,144,169,157,1,-1,-1,-1
1636,253,901,145,170,160,1,-1,-1,-1
1637,253,902,148,170,159,1,-1,-1,-1
1638,253,902,150,171,161,1,-1,-1,-1
1639,253,904,153,169,162,1,-1,-1,-1
1640,253,906,153,168,167,1,-1,-1,-1
1641,253,906,154,169,169,1,-1,-1,-1
1642,253,907,154,169,171,1,-1,-1,-1
1643,253,907,155,169,170,1,-1,-1,-1
1644,253,906,167,172,163,1,-1,-1,-1
1645,253,905,168,175,164,1,-1,-1,-1
1646,253,905,170,177,165,1,-1,-1,-1
1647,253,903,172,180,166,1,-1,-1,-1
1648,253,903,174,179,170,1,-1,-1,-1
1649,253,902,174,182,175,1,-1,-1,-1
1650,253,902,175,182,181,1,-1,-1,-1
1651,253,900,176,184,186,1,-1,-1,-1
1652,253,899,180,185,186,1,-1,-1,-1
1653,253,898,182,187,185,1,-1,-1,-1
1654,253,897,195,192,181,1,-1,-1,-1
1655,253,895,194,195,187,1,-1,-1,-1
1656,253,895,195,195,191,1,-1,-1,-1
1657,253,894,198,194,192,1,-1,-1,-1
1658,253,895,199,192,195,1,-1,-1,-1
1659,253,894,203,192,199,1,-1,-1,-1
1660,253,890,206,197,201,1,-1,-1,-1
1661,253,886,210,201,200,1,-1,-1,-1
1662,253,881,225,208,196,1,-1,-1,-1
1663,253,878,225,209,202,1,-1,-1,-1
1664,253,874,227,211,206,1,-1,-1,-1
1665,253,869,231,219,208,1,-1,-1,-1
1666,253,866,235,222,209,1,-1,-1,-1
1667,253,866,236,221,222,1,-1,-1,-1
1668,253,863,242,222,221,1,-1,-1,-1
1669,253,858,247,225,220,1,-1,-1,-1
1670,253,855,254,226,219,1,-1,-1,-1
1671,253,854,260,225,220,1,-1,-1,-1
1672,253,853,267,224,221,1,-1,-1,-1
1673,253,838,266,236,229,1,-1,-1,-1
1674,253,842,290,229,214,1,-1,-1,-1
1675,253,843,292,226,219,1,-1,-1,-1
1676,253,838,298,233,223,1,-1,-1,-1
1677,253,830,305,244,226,1,-1,-1,-1
1678,253,820,310,255,231,1,-1,-1,-1
1679,253,812,314,262,237,1,-1,-1,-1
1680,253,807,319,265,242,1,-1,-1,-1
1681,253,801,325,269,246,1,-1,-1,-1
1682,253,792,329,277,254,1,-1,-1,-1
1683,253,780,328,285,264,1,-1,-1,-1
1684,253,777,337,282,274,1,-1,-1,-1
1685,253,773,345,279,275,1,-1,-1,-1
1686,253,765,353,282,278,1,-1,-1,-1
1687,253,756,361,287,285,1,-1,-1,-1
1688,253,748,368,292,294,1,-1,-1,-1
1689,253,744,376,296,299,1,-1,-1,-1
1690,253,725,379,309,308,1,-1,-1,-1
1691,253,722,396,311,308,1,-1,-1,-1
1692,253,712,402,315,314,1,-1,-1,-1
1693,253,700,416,321,314,1,-1,-1,-1
1694,253,683,428,332,321,1,-1,-1,-1
1695,253,668,437,341,330,1,-1,-1,-1
1696,253,656,452,346,335,1,-1,-1,-1
1697,253,643,449,357,354,1,-1,-1,-1
1698,253,624,470,359,343,1,-1,-1,-1
1699,253,607,487,370,342,1,-1,-1,-1
1700,253,567,480,421,386,1,-1,-1,-1
1701,253,552,498,419,384,1,-1,-1,-1
1702,253,540,513,422,389,1,-1,-1,-1
1703,253,509,537,434,386,1,-1,-1,-1
1704,253,489,549,442,392,1,-1,-1,-1
1705,253,457,584,442,400,1,-1,-1,-1
1706,253,421,596,450,411,1,-1,-1,-1
1707,253,391,608,458,425,1,-1,-1,-1
1708,253,336,630,470,427,1,-1,-1,-1
1709,253,293,643,503,434,1,-1,-1,-1
2024,255,897,87,133,106,1,-1,-1,-1
2025,255,896,87,135,106,1,-1,-1,-1
2026,255,897,88,133,105,1,-1,-1,-1
2033,255,898,92,131,105,1,-1,-1,-1
2034,255,899,93,130,106,1,-1,-1,-1
2046,255,898,96,130,115,1,-1,-1,-1
2047,255,898,97,130,114,1,-1,-1,-1
2048,255,897,98,132,113,1,-1,-1,-1
2049,255,896,101,132,111,1,-1,-1,-1
2050,255,894,101,126,110,1,-1,-1,-1
2051,255,894,102,127,109,1,-1,-1,-1
2052,255,894,103,126,109,1,-1,-1,-1
2055,255,893,105,127,109,1,-1,-1,-1
2056,255,892,105,129,109,1,-1,-1,-1
2057,255,891,105,130,110,1,-1,-1,-1
2058,255,891,105,130,113,1,-1,-1,-1
2059,255,890,105,129,115,1,-1,-1,-1
2060,255,890,106,129,115,1,-1,-1,-1
2061,255,888,106,130,116,1,-1,-1,-1
2062,255,887,118,132,109,1,-1,-1,-1
2063,255,886,117,132,110,1,-1,-1,-1
2064,255,883,118,133,111,1,-1,-1,-1
2065,255,880,118,134,113,1,-1,-1,-1
2066,255,879,118,135,115,1,-1,-1,-1
2067,255,879,118,135,115,1,-1,-1,-1
2068,255,878,119,135,116,1,-1,-1,-1
2069,255,876,120,136,117,1,-1,-1,-1
2070,255,875,122,137,118,1,-1,-1,-1
2071,255,874,123,137,119,1,-1,-1,-1
2072,255,875,123,137,121,1,-1,-1,-1
2073,255,875,124,137,123,1,-1,-1,-1
2074,255,875,124,137,123,1,-1,-1,-1
2075,255,874,124,137,124,1,-1,-1,-1
2076,255,873,125,138,124,1,-1,-1,-1
2077,255,872,126,138,123,1,-1,-1,-1
2078,255,871,125,145,128,1,-1,-1,-1
2079,254,1255,671,475,407,1,-1,-1,-1
2079,255,871,128,145,126,1,-1,-1,-1
2080,254,1262,655,464,416,1,-1,-1,-1
2080,255,872,128,144,127,1,-1,-1,-1
2081,254,1268,638,453,420,1,-1,-1,-1
2081,255,872,130,143,127,1,-1,-1,-1
2082,254,1271,627,447,420,1,-1,-1,-1
2082,255,872,132,143,127,1,-1,-1,-1
2083,254,1271,619,442,413,1,-1,-1,-1
2083,255,872,135,142,126,1,-1,-1,-1
2084,254,1267,611,443,402,1,-1,-1,-1
2084,255,871,137,142,125,1,-1,-1,-1
2085,254,1244,604,446,384,1,-1,-1,-1
2085,255,870,138,142,125,1,-1,-1,-1
2086,254,1246,597,439,370,1,-1,-1,-1
2086,255,869,139,142,126,1,-1,-1,-1
2087,254,1241,595,442,357,1,-1,-1,-1
2087,255,868,137,142,129,1,-1,-1,-1
2088,254,1246,571,423,359,1,-1,-1,-1
2088,255,867,137,142,131,1,-1,-1,-1
2089,254,1244,567,416,358,1,-1,-1,-1
2089,255,869,141,139,139,1,-1,-1,-1
2090,254,1252,558,386,338,1,-1,-1,-1
2090,255,868,141,138,139,1,-1,-1,-1
2091,254,1247,545,383,342,1,-1,-1,-1
2091,255,867,142,138,141,1,-1,-1,-1
2092,254,1242,529,382,351,1,-1,-1,-1
2092,255,867,143,138,140,1,-1,-1,-1
2093,254,1238,520,381,354,1,-1,-1,-1
2093,255,867,144,138,140,1,-1,-1,-1
2094,254,1236,506,370,335,1,-1,-1,-1
2094,255,866,145,138,139,1,-1,-1,-1
2095,254,1232,494,366,337,1,-1,-1,-1
2095,255,865,148,139,138,1,-1,-1,-1
2096,254,1204,477,381,341,1,-1,-1,-1
2096,255,863,149,141,138,1,-1,-1,-1
2097,254,1206,465,368,343,1,-1,-1,-1
2097,255,862,152,143,136,1,-1,-1,-1
2098,254,1208,460,357,337,1,-1,-1,-1
2098,255,861,153,144,136,1,-1,-1,-1
2099,254,1207,460,349,323,1,-1,-1,-1
2099,255,859,155,145,135,1,-1,-1,-1
2100,254,1197,443,351,322,1,-1,-1,-1
2100,255,857,158,148,135,1,-1,-1,-1
2101,254,1195,441,343,316,1,-1,-1,-1
2101,255,856,161,149,135,1,-1,-1,-1
2102,254,1190,436,340,308,1,-1,-1,-1
2102,255,855,164,151,135,1,-1,-1,-1
2103,254,1190,429,334,301,1,-1,-1,-1
2103,255,854,166,151,135,1,-1,-1,-1
2104,254,1187,418,330,303,1,-1,-1,-1
2104,255,852,168,155,136,1,-1,-1,-1
2105,254,1186,407,324,306,1,-1,-1,-1
2105,255,850,170,156,135,1,-1,-1,-1
2106,254,1181,401,322,304,1,-1,-1,-1
2106,255,849,172,158,133,1,-1,-1,-1
2107,254,1158,402,331,291,1,-1,-1,-1
2107,255,849,173,158,133,1,-1,-1,-1
2108,254,1160,402,326,285,1,-1,-1,-1
2108,255,849,177,157,142,1,-1,-1,-1
2109,254,1166,384,309,285,1,-1,-1,-1
2109,255,849,176,157,145,1,-1,-1,-1
2110,254,1164,381,305,279,1,-1,-1,-1
2110,255,850,179,156,143,1,-1,-1,-1
2111,254,1164,375,300,273,1,-1,-1,-1
2111,255,849,182,156,143,1,-1,-1,-1
2112,254,1161,372,296,268,1,-1,-1,-1
2112,255,847,187,160,139,1,-1,-1,-1
2113,254,1161,367,290,267,1,-1,-1,-1
2113,255,846,188,162,141,1,-1,-1,-1
2114,254,1159,360,286,269,1,-1,-1,-1
2114,255,845,191,166,142,1,-1,-1,-1
2115,254,1157,350,282,273,1,-1,-1,-1
2115,255,844,193,168,145,1,-1,-1,-1
2116,254,1155,341,280,276,1,-1,-1,-1
2116,255,843,196,171,145,1,-1,-1,-1
2117,254,1154,338,276,271,1,-1,-1,-1
2117,255,843,196,174,148,1,-1,-1,-1
2118,254,1143,326,282,264,1,-1,-1,-1
2118,255,844,198,175,150,1,-1,-1,-1
2119,254,1143,326,274,256,1,-1,-1,-1
2119,255,844,200,175,148,1,-1,-1,-1
2120,254,1143,324,265,249,1,-1,-1,-1
2120,255,845,203,175,144,1,-1,-1,-1
2121,254,1143,322,259,242,1,-1,-1,-1
2121,255,844,213,176,146,1,-1,-1,-1
2122,254,1141,317,254,240,1,-1,-1,-1
2122,255,844,212,180,151,1,-1,-1,-1
2123,254,1139,313,251,237,1,-1,-1,-1
2123,255,842,212,183,155,1,-1,-1,-1
2124,254,1139,306,248,238,1,-1,-1,-1
2124,255,842,215,185,157,1,-1,-1,-1
2125,254,1139,304,244,236,1,-1,-1,-1
2125,255,842,217,184,162,1,-1,-1,-1
2126,254,1128,300,246,232,1,-1,-1,-1
2126,255,842,218,184,167,1,-1,-1,-1
2127,254,1130,297,242,230,1,-1,-1,-1
2127,255,840,220,185,171,1,-1,-1,-1
2128,254,1128,292,241,227,1,-1,-1,-1
2128,255,837,224,188,171,1,-1,-1,-1
2129,254,1122,289,244,223,1,-1,-1,-1
2129,255,835,228,190,168,1,-1,-1,-1
2130,254,1116,287,244,220,1,-1,-1,-1
2130,255,831,236,197,172,1,-1,-1,-1
2131,254,1106,271,243,231,1,-1,-1,-1
2131,255,830,235,198,176,1,-1,-1,-1
2132,254,1103,269,240,228,1,-1,-1,-1
2132,255,829,238,198,178,1,-1,-1,-1
2133,254,1098,267,238,225,1,-1,-1,-1
2133,255,829,241,196,180,1,-1,-1,-1
2134,254,1095,265,235,222,1,-1,-1,-1
2134,255,829,245,193,184,1,-1,-1,-1
2134,257,917,76,127,109,1,-1,-1,-1
2135,254,1091,261,233,221,1,-1,-1,-1
2135,255,829,248,193,188,1,-1,-1,-1
2135,257,916,76,127,109,1,-1,-1,-1
2136,254,1086,256,231,220,1,-1,-1,-1
2136,255,823,253,191,189,1,-1,-1,-1
2136,257,916,76,127,108,1,-1,-1,-1
2137,254,1082,251,228,219,1,-1,-1,-1
2137,255,820,255,194,189,1,-1,-1,-1
2137,257,916,76,127,108,1,-1,-1,-1
2138,254,1079,248,225,218,1,-1,-1,-1
2138,255,817,267,201,183,1,-1,-1,-1
2138,257,916,76,127,109,1,-1,-1,-1
2139,254,1078,246,221,215,1,-1,-1,-1
2139,255,816,270,200,185,1,-1,-1,-1
2139,257,916,76,126,111,1,-1,-1,-1
2140,254,1077,245,220,211,1,-1,-1,-1
2140,255,815,274,199,186,1,-1,-1,-1
2140,257,916,75,127,112,1,-1,-1,-1
2141,254,1067,237,238,204,1,-1,-1,-1
2141,255,810,279,203,189,1,-1,-1,-1
2141,257,915,75,127,113,1,-1,-1,-1
2142,254,1066,233,236,205,1,-1,-1,-1
2142,255,804,285,210,189,1,-1,-1,-1
2142,257,915,75,127,113,1,-1,-1,-1
2143,254,1064,233,228,203,1,-1,-1,-1
2143,255,798,291,216,186,1,-1,-1,-1
2143,257,915,75,126,113,1,-1,-1,-1
2144,254,1066,232,220,197,1,-1,-1,-1
2144,255,791,301,226,192,1,-1,-1,-1
2144,257,913,78,129,116,1,-1,-1,-1
2145,254,1066,231,214,193,1,-1,-1,-1
2145,255,785,303,231,199,1,-1,-1,-1
2145,257,913,77,129,117,1,-1,-1,-1
2146,254,1063,230,213,189,1,-1,-1,-1
2146,255,777,309,241,201,1,-1,-1,-1
2146,257,913,77,130,118,1,-1,-1,-1
2147,254,1058,227,212,190,1,-1,-1,-1
2147,255,771,316,245,200,1,-1,-1,-1
2147,257,912,77,131,119,1,-1,-1,-1
2148,254,1053,215,213,193,1,-1,-1,-1
2148,255,777,322,228,206,1,-1,-1,-1
2148,257,911,78,132,119,1,-1,-1,-1
2149,254,1050,210,213,197,1,-1,-1,-1
2149,255,764,328,236,204,1,-1,-1,-1
2149,257,910,79,132,120,1,-1,-1,-1
2150,254,1049,208,210,197,1,-1,-1,-1
2150,255,760,333,243,206,1,-1,-1,-1
2150,257,910,78,133,121,1,-1,-1,-1
2151,254,1047,204,209,198,1,-1,-1,-1
2151,255,757,338,246,210,1,-1,-1,-1
2151,257,909,78,134,122,1,-1,-1,-1
2152,254,1047,201,205,196,1,-1,-1,-1
2152,255,753,344,249,213,1,-1,-1,-1
2152,257,908,80,135,122,1,-1,-1,-1
2153,254,1046,196,204,197,1,-1,-1,-1
2153,255,750,348,247,218,1,-1,-1,-1
2153,257,906,83,136,121,1,-1,-1,-1
2154,254,1048,195,199,195,1,-1,-1,-1
2154,255,745,364,254,213,1,-1,-1,-1
2155,254,1046,201,193,180,1,-1,-1,-1
2155,255,738,365,259,221,1,-1,-1,-1
2156,254,1046,198,192,181,1,-1,-1,-1
2156,255,731,369,263,228,1,-1,-1,-1
2157,254,1044,198,194,178,1,-1,-1,-1
2157,255,723,375,266,234,1,-1,-1,-1
2157,257,905,89,138,116,1,-1,-1,-1
2158,254,1044,196,193,178,1,-1,-1,-1
2158,255,714,384,269,236,1,-1,-1,-1
2158,257,900,86,151,121,1,-1,-1,-1
2159,254,1044,197,192,175,1,-1,-1,-1
2159,255,706,393,271,237,1,-1,-1,-1
2159,257,901,85,152,120,1,-1,-1,-1
2160,254,1045,183,187,184,1,-1,-1,-1
2160,255,697,402,275,239,1,-1,-1,-1
2160,257,903,88,129,117,1,-1,-1,-1
2161,254,1046,182,186,184,1,-1,-1,-1
2161,255,689,405,279,246,1,-1,-1,-1
2161,257,902,88,130,118,1,-1,-1,-1
2162,254,1047,181,185,182,1,-1,-1,-1
2162,255,678,431,287,236,1,-1,-1,-1
2162,257,901,91,134,117,1,-1,-1,-1
2163,254,1048,180,183,180,1,-1,-1,-1
2163,255,673,438,288,238,1,-1,-1,-1
2163,257,901,92,136,116,1,-1,-1,-1
2164,254,1047,177,184,176,1,-1,-1,-1
2164,255,664,452,284,233,1,-1,-1,-1
2164,257,899,93,136,115,1,-1,-1,-1
2165,254,1049,175,183,176,1,-1,-1,-1
2165,255,653,460,292,237,1,-1,-1,-1
2165,257,898,93,137,116,1,-1,-1,-1
2166,254,1050,174,183,172,1,-1,-1,-1
2166,255,636,467,305,241,1,-1,-1,-1
2166,257,896,94,138,117,1,-1,-1,-1
2167,254,1050,172,182,171,1,-1,-1,-1
2167,255,618,472,316,251,1,-1,-1,-1
2167,257,896,96,139,116,1,-1,-1,-1
2168,254,1056,169,181,172,1,-1,-1,-1
2168,255,602,473,323,263,1,-1,-1,-1
2168,257,895,98,139,113,1,-1,-1,-1
2169,254,1057,168,181,170,1,-1,-1,-1
2169,255,587,491,331,270,1,-1,-1,-1
2169,257,894,100,140,112,1,-1,-1,-1
2170,254,1058,167,179,168,1,-1,-1,-1
2170,255,579,499,333,273,1,-1,-1,-1
2170,257,893,101,141,112,1,-1,-1,-1
2171,254,1058,166,180,166,1,-1,-1,-1
2171,255,560,513,331,274,1,-1,-1,-1
2171,257,892,104,142,112,1,-1,-1,-1
2172,254,1059,166,179,164,1,-1,-1,-1
2172,255,540,521,345,285,1,-1,-1,-1
2172,257,896,104,134,115,1,-1,-1,-1
2173,254,1060,166,180,164,1,-1,-1,-1
2173,255,519,527,358,294,1,-1,-1,-1
2173,257,896,108,134,113,1,-1,-1,-1
2174,254,1065,155,179,169,1,-1,-1,-1
2174,255,504,549,358,306,1,-1,-1,-1
2174,257,895,109,135,112,1,-1,-1,-1
2175,254,1068,155,178,168,1,-1,-1,-1
2175,255,473,566,368,314,1,-1,-1,-1
2175,257,886,108,142,117,1,-1,-1,-1
2176,254,1071,155,175,167,1,-1,-1,-1
2176,255,459,579,376,323,1,-1,-1,-1
2176,257,886,109,142,116,1,-1,-1,-1
2177,254,1073,154,175,166,1,-1,-1,-1
2177,255,437,610,380,321,1,-1,-1,-1
2177,257,886,110,142,116,1,-1,-1,-1
2178,254,1075,152,176,166,1,-1,-1,-1
2178,255,414,618,392,327,1,-1,-1,-1
2178,257,887,106,138,120,1,-1,-1,-1
2179,254,1076,150,175,165,1,-1,-1,-1
2179,255,377,641,401,326,1,-1,-1,-1
2179,257,886,107,139,120,1,-1,-1,-1
2180,254,1078,148,174,164,1,-1,-1,-1
2180,255,353,633,413,378,1,-1,-1,-1
2180,257,886,106,140,121,1,-1,-1,-1
2181,254,1079,147,172,162,1,-1,-1,-1
2181,255,316,653,428,384,1,-1,-1,-1
2181,257,886,107,140,131,1,-1,-1,-1
2182,254,1080,145,171,162,1,-1,-1,-1
2182,255,268,679,449,381,1,-1,-1,-1
2182,257,886,108,139,132,1,-1,-1,-1
2183,254,1080,142,172,161,1,-1,-1,-1
2183,255,225,695,483,381,1,-1,-1,-1
2183,257,886,107,139,134,1,-1,-1,-1
2184,254,1081,142,171,159,1,-1,-1,-1
2184,255,169,715,486,363,1,-1,-1,-1
2184,257,886,107,138,135,1,-1,-1,-1
2185,254,1082,143,171,156,1,-1,-1,-1
2185,257,886,107,138,136,1,-1,-1,-1
2186,254,1084,144,169,152,1,-1,-1,-1
2186,257,886,109,137,136,1,-1,-1,-1
2187,254,1087,145,166,149,1,-1,-1,-1
2187,257,885,110,138,137,1,-1,-1,-1
2188,254,1089,145,164,148,1,-1,-1,-1
2188,257,883,112,139,136,1,-1,-1,-1
2189,254,1091,144,162,146,1,-1,-1,-1
2189,257,881,115,141,134,1,-1,-1,-1
2190,254,1092,142,161,147,1,-1,-1,-1
2190,257,881,117,140,132,1,-1,-1,-1
2191,254,1094,141,159,146,1,-1,-1,-1
2191,257,881,120,140,130,1,-1,-1,-1
2192,254,1096,141,158,145,1,-1,-1,-1
2192,257,881,121,140,130,1,-1,-1,-1
2193,254,1098,141,156,144,1,-1,-1,-1
2193,257,879,122,142,130,1,-1,-1,-1
2194,254,1098,140,156,145,1,-1,-1,-1
2194,257,877,124,145,131,1,-1,-1,-1
2195,254,1099,139,154,145,1,-1,-1,-1
2195,257,875,125,148,132,1,-1,-1,-1
2196,254,1097,131,158,142,1,-1,-1,-1
2196,257,873,127,151,132,1,-1,-1,-1
2197,254,1099,131,157,142,1,-1,-1,-1
2197,257,871,128,151,134,1,-1,-1,-1
2198,254,1099,131,157,142,1,-1,-1,-1
2198,257,871,129,151,136,1,-1,-1,-1
2199,254,1099,130,157,142,1,-1,-1,-1
2199,257,871,130,150,135,1,-1,-1,-1
2200,254,1100,130,155,141,1,-1,-1,-1
2200,257,871,131,149,136,1,-1,-1,-1
2201,254,1101,129,153,141,1,-1,-1,-1
2201,257,871,131,149,135,1,-1,-1,-1
2202,254,1102,128,151,142,1,-1,-1,-1
2202,257,870,132,151,135,1,-1,-1,-1
2203,254,1104,128,150,141,1,-1,-1,-1
2203,257,870,133,154,134,1,-1,-1,-1
2204,254,1105,126,148,140,1,-1,-1,-1
2204,257,869,135,157,134,1,-1,-1,-1
2205,254,1105,126,148,138,1,-1,-1,-1
2205,257,873,140,152,140,1,-1,-1,-1
2206,254,1105,125,148,136,1,-1,-1,-1
2206,257,873,141,152,140,1,-1,-1,-1
2207,254,1105,124,148,136,1,-1,-1,-1
2207,257,874,142,153,138,1,-1,-1,-1
2208,254,1105,122,148,135,1,-1,-1,-1
2208,257,873,144,156,138,1,-1,-1,-1
2209,254,1106,120,147,135,1,-1,-1,-1
2209,257,873,145,159,138,1,-1,-1,-1
2210,254,1106,119,146,134,1,-1,-1,-1
2210,257,872,146,161,138,1,-1,-1,-1
2211,254,1106,117,145,135,1,-1,-1,-1
2211,257,874,147,159,138,1,-1,-1,-1
2212,254,1107,116,144,135,1,-1,-1,-1
2212,257,874,149,160,139,1,-1,-1,-1
2213,254,1107,115,143,136,1,-1,-1,-1
2213,257,873,150,163,140,1,-1,-1,-1
2214,254,1108,115,142,135,1,-1,-1,-1
2214,257,872,152,165,144,1,-1,-1,-1
2215,254,1108,114,141,134,1,-1,-1,-1
2215,257,872,153,167,145,1,-1,-1,-1
2216,254,1108,113,141,134,1,-1,-1,-1
2216,257,872,154,167,148,1,-1,-1,-1
2217,254,1109,112,140,134,1,-1,-1,-1
2217,257,871,157,170,148,1,-1,-1,-1
2218,254,1109,110,140,135,1,-1,-1,-1
2218,257,871,159,170,150,1,-1,-1,-1
2219,254,1109,109,140,136,1,-1,-1,-1
2219,257,870,160,172,152,1,-1,-1,-1
2220,254,1108,109,141,136,1,-1,-1,-1
2220,257,871,161,171,153,1,-1,-1,-1
2221,254,1108,109,142,136,1,-1,-1,-1
2221,257,871,163,172,152,1,-1,-1,-1
2222,254,1109,108,140,137,1,-1,-1,-1
2222,257,872,165,170,149,1,-1,-1,-1
2223,254,1109,107,138,137,1,-1,-1,-1
2223,257,870,168,175,158,1,-1,-1,-1
2224,254,1108,109,136,130,1,-1,-1,-1
2224,257,870,168,176,161,1,-1,-1,-1
2225,254,1108,110,135,129,1,-1,-1,-1
2225,257,871,171,186,160,1,-1,-1,-1
2226,254,1108,109,135,130,1,-1,-1,-1
2226,257,871,174,186,159,1,-1,-1,-1
2227,254,1103,107,137,121,1,-1,-1,-1
2227,257,872,175,187,161,1,-1,-1,-1
2228,254,1103,106,137,122,1,-1,-1,-1
2228,257,874,177,186,162,1,-1,-1,-1
2229,254,1103,104,136,124,1,-1,-1,-1
2229,257,875,178,186,165,1,-1,-1,-1
2230,254,1103,104,137,125,1,-1,-1,-1
2230,257,877,180,186,168,1,-1,-1,-1
2231,254,1103,103,138,126,1,-1,-1,-1
2231,257,879,183,185,170,1,-1,-1,-1
2232,254,1103,102,138,126,1,-1,-1,-1
2232,257,881,186,185,171,1,-1,-1,-1
2233,254,1103,102,137,125,1,-1,-1,-1
2233,257,881,190,187,170,1,-1,-1,-1
2234,254,1103,101,136,125,1,-1,-1,-1
2234,257,880,192,190,167,1,-1,-1,-1
2235,254,1103,100,136,125,1,-1,-1,-1
2235,257,877,202,196,165,1,-1,-1,-1
2236,254,1103,99,136,125,1,-1,-1,-1
2236,257,878,203,196,167,1,-1,-1,-1
2237,254,1104,99,136,124,1,-1,-1,-1
2237,257,881,205,194,169,1,-1,-1,-1
2238,254,1104,99,135,121,1,-1,-1,-1
2238,257,882,207,192,171,1,-1,-1,-1
2239,254,1104,98,135,119,1,-1,-1,-1
2239,257,883,209,193,173,1,-1,-1,-1
2240,254,1105,97,134,120,1,-1,-1,-1
2240,257,883,211,194,175,1,-1,-1,-1
2241,254,1105,96,134,120,1,-1,-1,-1
2241,257,883,213,195,179,1,-1,-1,-1
2242,254,1105,93,134,121,1,-1,-1,-1
2242,257,882,215,196,182,1,-1,-1,-1
2243,254,1104,91,134,122,1,-1,-1,-1
2243,257,881,217,200,185,1,-1,-1,-1
2244,254,1105,89,133,123,1,-1,-1,-1
2244,257,880,219,204,185,1,-1,-1,-1
2245,254,1106,89,132,123,1,-1,-1,-1
2245,257,875,227,211,191,1,-1,-1,-1
2246,254,1107,89,131,122,1,-1,-1,-1
2246,257,875,229,210,192,1,-1,-1,-1
2247,254,1108,88,131,121,1,-1,-1,-1
2247,257,875,233,209,192,1,-1,-1,-1
2248,254,1107,88,131,120,1,-1,-1,-1
2248,257,874,236,208,192,1,-1,-1,-1
2249,254,1107,88,131,121,1,-1,-1,-1
2249,257,871,238,211,196,1,-1,-1,-1
2250,254,1107,87,131,121,1,-1,-1,-1
2250,257,866,241,218,196,1,-1,-1,-1
2251,254,1107,86,131,122,1,-1,-1,-1
2251,257,861,248,226,191,1,-1,-1,-1
2252,254,1107,86,130,123,1,-1,-1,-1
2252,257,859,255,229,182,1,-1,-1,-1
2253,254,1107,85,129,123,1,-1,-1,-1
2253,257,850,262,240,196,1,-1,-1,-1
2254,254,1107,84,127,123,1,-1,-1,-1
2254,257,847,265,243,195,1,-1,-1,-1
2255,254,1107,83,127,124,1,-1,-1,-1
2255,257,859,263,219,215,1,-1,-1,-1
2256,254,1106,82,127,125,1,-1,-1,-1
2256,257,858,269,218,214,1,-1,-1,-1
2257,254,1106,80,128,126,1,-1,-1,-1
2257,257,856,273,220,216,1,-1,-1,-1
2258,254,1105,79,128,127,1,-1,-1,-1
2258,257,837,275,235,214,1,-1,-1,-1
2259,254,1104,78,127,127,1,-1,-1,-1
2259,257,848,296,231,205,1,-1,-1,-1
2260,254,1103,78,127,126,1,-1,-1,-1
2260,257,841,297,229,208,1,-1,-1,-1
2261,254,1103,78,128,125,1,-1,-1,-1
2261,257,836,299,236,215,1,-1,-1,-1
2262,254,1103,78,129,125,1,-1,-1,-1
2262,257,830,303,244,219,1,-1,-1,-1
2263,257,823,308,251,223,1,-1,-1,-1
2264,257,816,312,259,225,1,-1,-1,-1
2265,257,810,315,263,229,1,-1,-1,-1
2266,257,806,318,266,231,1,-1,-1,-1
2267,257,801,323,268,236,1,-1,-1,-1
2268,257,791,330,275,240,1,-1,-1,-1
2269,257,782,334,281,246,1,-1,-1,-1
2270,257,774,335,286,252,1,-1,-1,-1
2271,257,773,350,288,249,1,-1,-1,-1
2272,257,766,355,291,252,1,-1,-1,-1
2273,257,759,363,293,252,1,-1,-1,-1
2274,257,752,370,294,254,1,-1,-1,-1
2275,254,1108,73,124,112,1,-1,-1,-1
2275,257,748,378,294,255,1,-1,-1,-1
2276,254,1108,73,124,112,1,-1,-1,-1
2276,257,745,385,295,259,1,-1,-1,-1
2277,254,1108,73,124,113,1,-1,-1,-1
2277,257,731,391,299,263,1,-1,-1,-1
2278,254,1108,72,123,113,1,-1,-1,-1
2278,257,727,393,304,273,1,-1,-1,-1
2279,254,1108,72,123,113,1,-1,-1,-1
2279,257,715,409,321,276,1,-1,-1,-1
2280,254,1108,71,122,113,1,-1,-1,-1
2280,257,708,414,321,278,1,-1,-1,-1
2281,254,1108,72,123,112,1,-1,-1,-1
2281,257,700,423,325,276,1,-1,-1,-1
2282,254,1108,72,123,112,1,-1,-1,-1
2282,257,691,435,330,275,1,-1,-1,-1
2283,254,1107,73,123,111,1,-1,-1,-1
2283,257,683,444,335,281,1,-1,-1,-1
2284,254,1107,73,123,111,1,-1,-1,-1
2284,257,673,450,340,293,1,-1,-1,-1
2285,254,1107,73,124,112,1,-1,-1,-1
2285,257,662,453,345,305,1,-1,-1,-1
2286,254,1107,73,124,112,1,-1,-1,-1
2286,257,654,466,347,307,1,-1,-1,-1
2287,254,1107,73,124,112,1,-1,-1,-1
2287,257,642,470,360,308,1,-1,-1,-1
2288,254,1106,73,125,112,1,-1,-1,-1
2288,257,629,482,350,305,1,-1,-1,-1
2289,254,1106,73,125,112,1,-1,-1,-1
2289,257,624,493,352,315,1,-1,-1,-1
2290,254,1106,73,125,112,1,-1,-1,-1
2290,257,612,500,361,331,1,-1,-1,-1
2291,254,1106,73,125,112,1,-1,-1,-1
2291,257,600,513,366,328,1,-1,-1,-1
2292,254,1105,73,126,112,1,-1,-1,-1
2292,257,578,522,378,353,1,-1,-1,-1
2293,254,1105,73,126,112,1,-1,-1,-1
2293,257,560,535,391,352,1,-1,-1,-1
2294,254,1105,73,126,112,1,-1,-1,-1
2294,257,547,531,409,388,1,-1,-1,-1
2295,254,1105,73,127,112,1,-1,-1,-1
2295,257,520,560,419,364,1,-1,-1,-1
2296,254,1104,73,127,112,1,-1,-1,-1
2296,257,513,565,423,369,1,-1,-1,-1
2297,254,1104,73,127,112,1,-1,-1,-1
2297,257,500,582,419,399,1,-1,-1,-1
2298,254,1104,73,128,112,1,-1,-1,-1
2298,257,476,593,429,409,1,-1,-1,-1
2299,254,1104,73,128,112,1,-1,-1,-1
2299,257,443,609,444,417,1,-1,-1,-1
2300,254,1103,73,128,112,1,-1,-1,-1
2300,257,411,628,454,418,1,-1,-1,-1
2301,254,1103,73,128,112,1,-1,-1,-1
2301,257,382,646,467,416,1,-1,-1,-1
2302,254,1103,73,129,112,1,-1,-1,-1
2302,257,362,662,484,411,1,-1,-1,-1
2303,254,1103,73,129,112,1,-1,-1,-1
2304,254,1102,73,129,112,1,-1,-1,-1
2304,256,1230,722,475,353,1,-1,-1,-1
2305,254,1102,73,130,112,1,-1,-1,-1
2305,256,1263,701,448,366,1,-1,-1,-1
2306,254,1102,73,130,112,1,-1,-1,-1
2306,256,1266,683,445,369,1,-1,-1,-1
2307,254,1102,73,130,112,1,-1,-1,-1
2307,256,1246,673,440,360,1,-1,-1,-1
2308,254,1102,73,131,113,1,-1,-1,-1
2308,256,1245,657,437,359,1,-1,-1,-1
2309,254,1101,72,131,113,1,-1,-1,-1
2309,256,1242,639,437,357,1,-1,-1,-1
2310,254,1100,72,131,113,1,-1,-1,-1
2310,256,1258,637,406,325,1,-1,-1,-1
2311,254,1099,71,131,113,1,-1,-1,-1
2311,256,1255,623,402,325,1,-1,-1,-1
2312,254,1098,71,131,113,1,-1,-1,-1
2312,256,1250,611,400,327,1,-1,-1,-1
2313,254,1097,70,131,113,1,-1,-1,-1
2313,256,1248,601,395,333,1,-1,-1,-1
2314,254,1097,70,131,113,1,-1,-1,-1
2314,256,1246,591,391,315,1,-1,-1,-1
2315,254,1096,70,131,113,1,-1,-1,-1
2315,256,1245,582,382,308,1,-1,-1,-1
2316,254,1095,69,132,114,1,-1,-1,-1
2316,256,1241,566,378,307,1,-1,-1,-1
2317,254,1094,69,132,114,1,-1,-1,-1
2317,256,1236,551,374,307,1,-1,-1,-1
2318,254,1093,68,132,114,1,-1,-1,-1
2318,256,1233,542,368,308,1,-1,-1,-1
2319,254,1092,68,132,114,1,-1,-1,-1
2319,256,1222,521,377,314,1,-1,-1,-1
2320,254,1092,68,132,114,1,-1,-1,-1
2320,256,1229,518,361,304,1,-1,-1,-1
2321,254,1091,67,132,114,1,-1,-1,-1
2321,256,1215,513,354,284,1,-1,-1,-1
2322,254,1090,67,132,114,1,-1,-1,-1
2322,256,1214,506,349,278,1,-1,-1,-1
2323,254,1089,66,132,114,1,-1,-1,-1
2323,256,1208,500,347,270,1,-1,-1,-1
2324,254,1088,66,133,115,1,-1,-1,-1
2324,256,1203,494,344,265,1,-1,-1,-1
2325,254,1087,65,133,115,1,-1,-1,-1
2325,256,1196,488,341,265,1,-1,-1,-1
2326,254,1087,65,133,115,1,-1,-1,-1
2326,256,1188,465,340,272,1,-1,-1,-1
2327,254,1086,65,133,115,1,-1,-1,-1
2327,256,1185,459,334,268,1,-1,-1,-1
2328,254,1085,64,133,115,1,-1,-1,-1
2328,256,1181,452,329,264,1,-1,-1,-1
2329,254,1084,64,133,115,1,-1,-1,-1
2329,256,1181,447,322,259,1,-1,-1,-1
2330,254,1083,63,133,115,1,-1,-1,-1
2330,256,1179,444,318,251,1,-1,-1,-1
2331,254,1082,63,133,115,1,-1,-1,-1
2331,256,1158,438,328,239,1,-1,-1,-1
2332,254,1082,63,134,116,1,-1,-1,-1
2332,256,1158,433,313,235,1,-1,-1,-1
