3,1,310.77,565.97,233.45,178.44,1,-1,-1,-1
3,2,393.92,203.16,69.83,41.23,1,-1,-1,-1
3,3,1.90,863.37,483.58,214.68,1,-1,-1,-1
3,4,962.30,210.88,106.87,105.89,1,-1,-1,-1
4,1,299.11,569.14,242.42,185.46,1,-1,-1,-1
4,2,393.76,203.30,69.72,41.14,1,-1,-1,-1
4,3,2.74,864.37,482.90,214.42,1,-1,-1,-1
4,4,963.37,208.67,105.82,104.52,1,-1,-1,-1
5,1,293.48,574.82,243.00,185.76,1,-1,-1,-1
5,2,393.78,203.37,69.75,41.15,1,-1,-1,-1
5,3,2.23,865.30,481.84,214.03,1,-1,-1,-1
5,4,963.52,206.92,104.62,103.05,1,-1,-1,-1
6,1,288.46,582.66,244.93,186.88,1,-1,-1,-1
6,2,393.70,203.36,69.87,41.19,1,-1,-1,-1
6,3,2.18,865.67,481.47,213.86,1,-1,-1,-1
6,4,965.33,204.76,104.56,102.60,1,-1,-1,-1
7,1,283.18,586.84,247.71,188.62,1,-1,-1,-1
7,2,393.62,203.44,69.82,41.10,1,-1,-1,-1
7,3,13.20,864.81,482.69,214.75,1,-1,-1,-1
7,4,968.70,202.80,103.31,100.55,1,-1,-1,-1
8,1,279.12,591.20,251.35,191.04,1,-1,-1,-1
8,2,393.40,203.42,69.99,41.14,1,-1,-1,-1
8,3,-3.64,862.90,484.98,216.54,1,-1,-1,-1
8,4,971.27,201.22,101.00,97.41,1,-1,-1,-1
9,1,273.71,594.95,255.34,194.13,1,-1,-1,-1
9,2,393.27,203.38,70.19,41.21,1,-1,-1,-1
9,3,-10.14,861.33,486.47,218.07,1,-1,-1,-1
9,4,971.21,199.44,100.77,96.35,1,-1,-1,-1
10,1,265.26,599.29,260.07,198.29,1,-1,-1,-1
10,2,393.12,203.38,70.39,41.28,1,-1,-1,-1
10,3,-12.41,860.68,486.66,219.07,1,-1,-1,-1
10,4,970.61,198.27,100.67,95.33,1,-1,-1,-1
11,1,257.62,604.69,260.95,199.30,1,-1,-1,-1
11,2,393.03,203.82,69.31,40.50,1,-1,-1,-1
11,3,-14.85,860.19,488.14,219.73,1,-1,-1,-1
11,4,966.19,194.73,104.58,98.80,1,-1,-1,-1
12,1,248.85,612.17,259.83,198.34,1,-1,-1,-1
12,2,392.94,204.00,68.96,40.14,1,-1,-1,-1
12,4,969.01,192.21,103.69,97.34,1,-1,-1,-1
13,1,240.23,619.18,261.25,199.18,1,-1,-1,-1
13,2,392.74,204.03,69.12,40.11,1,-1,-1,-1
13,3,16.68,861.70,483.54,218.25,1,-1,-1,-1
13,4,970.44,190.36,103.53,96.65,1,-1,-1,-1
14,1,229.84,620.73,272.03,207.23,1,-1,-1,-1
14,2,392.54,204.02,69.36,40.11,1,-1,-1,-1
14,3,18.29,861.49,484.32,218.60,1,-1,-1,-1
14,4,972.80,187.71,102.23,94.81,1,-1,-1,-1
15,1,218.45,622.92,280.69,214.61,1,-1,-1,-1
15,2,392.40,204.11,69.40,40.01,1,-1,-1,-1
15,4,974.99,185.00,103.22,94.80,1,-1,-1,-1
16,1,210.38,628.65,282.36,216.37,1,-1,-1,-1
16,2,392.34,204.29,69.24,39.76,1,-1,-1,-1
16,4,976.03,182.68,104.46,95.14,1,-1,-1,-1
17,1,203.76,634.90,281.22,215.79,1,-1,-1,-1
17,2,392.26,204.28,69.46,39.78,1,-1,-1,-1
17,4,977.57,179.83,104.17,93.97,1,-1,-1,-1
18,1,198.25,639.89,280.58,215.20,1,-1,-1,-1
18,2,392.20,204.23,69.80,39.89,1,-1,-1,-1
18,4,978.81,176.92,104.84,94.32,1,-1,-1,-1
19,1,192.13,644.90,281.54,215.48,1,-1,-1,-1
19,2,392.06,204.24,69.96,39.89,1,-1,-1,-1
19,4,981.51,175.66,104.15,93.30,1,-1,-1,-1
20,1,182.27,650.00,286.67,219.17,1,-1,-1,-1
20,2,392.12,204.18,70.10,39.89,1,-1,-1,-1
20,4,983.79,174.05,103.04,92.17,1,-1,-1,-1
21,1,173.73,654.49,290.43,221.65,1,-1,-1,-1
21,2,392.62,203.70,70.95,40.42,1,-1,-1,-1
21,4,983.26,170.23,109.06,97.83,1,-1,-1,-1
22,1,168.60,659.92,295.72,225.93,1,-1,-1,-1
22,2,392.77,203.49,71.41,40.75,1,-1,-1,-1
22,4,986.24,168.13,108.77,97.52,1,-1,-1,-1
23,1,157.79,663.07,298.32,227.26,1,-1,-1,-1
23,2,393.09,203.47,71.33,40.78,1,-1,-1,-1
23,4,989.92,166.09,108.50,97.13,1,-1,-1,-1
23,5,1815.07,546.75,98.58,170.90,1,-1,-1,-1
24,1,145.79,667.60,303.93,230.23,1,-1,-1,-1
24,2,393.22,203.42,71.34,40.87,1,-1,-1,-1
24,4,995.46,165.12,105.28,93.88,1,-1,-1,-1
24,5,1815.44,547.02,98.18,170.17,1,-1,-1,-1
25,1,137.45,671.08,309.05,233.05,1,-1,-1,-1
25,2,393.49,203.56,70.83,40.62,1,-1,-1,-1
25,4,1001.14,164.05,103.26,91.32,1,-1,-1,-1
25,5,1815.34,546.64,98.34,170.48,1,-1,-1,-1
26,1,130.15,675.02,313.83,236.10,1,-1,-1,-1
26,2,393.55,203.62,70.56,40.52,1,-1,-1,-1
26,4,1006.42,161.93,102.83,90.41,1,-1,-1,-1
26,5,1815.47,546.56,98.28,170.42,1,-1,-1,-1
27,1,124.12,678.96,315.30,237.18,1,-1,-1,-1
27,2,393.63,203.65,70.40,40.47,1,-1,-1,-1
27,4,1010.25,158.38,105.03,91.83,1,-1,-1,-1
27,5,1815.55,546.93,98.13,170.14,1,-1,-1,-1
28,1,117.19,682.78,315.44,237.32,1,-1,-1,-1
28,2,393.71,203.66,70.28,40.46,1,-1,-1,-1
28,4,1015.00,155.17,106.15,92.52,1,-1,-1,-1
28,5,1815.60,546.98,98.08,170.04,1,-1,-1,-1
29,1,110.05,686.82,314.94,236.03,1,-1,-1,-1
29,2,393.78,203.71,70.12,40.39,1,-1,-1,-1
29,4,1019.05,155.20,107.21,92.93,1,-1,-1,-1
29,5,1815.34,546.60,98.40,170.69,1,-1,-1,-1
30,1,97.17,688.26,324.30,242.60,1,-1,-1,-1
30,2,393.89,203.71,69.92,40.30,1,-1,-1,-1
30,4,1026.69,155.54,103.43,88.71,1,-1,-1,-1
30,5,1815.26,546.47,98.47,170.89,1,-1,-1,-1
31,1,90.72,692.50,327.46,244.22,1,-1,-1,-1
31,2,392.89,203.60,70.75,40.74,1,-1,-1,-1
31,4,1032.77,154.07,102.65,86.91,1,-1,-1,-1
31,5,1815.11,546.53,97.99,169.82,1,-1,-1,-1
32,1,89.49,698.38,322.68,239.36,1,-1,-1,-1
32,2,392.54,203.58,70.96,40.81,1,-1,-1,-1
32,4,1039.19,151.78,103.81,87.30,1,-1,-1,-1
32,5,1815.02,546.62,97.89,169.42,1,-1,-1,-1
33,1,77.09,702.60,329.62,244.19,1,-1,-1,-1
33,2,392.48,203.66,70.94,40.75,1,-1,-1,-1
33,4,1045.19,149.71,105.25,87.69,1,-1,-1,-1
33,5,1814.93,546.65,98.02,169.44,1,-1,-1,-1
34,1,69.65,705.37,332.18,245.41,1,-1,-1,-1
34,2,392.44,203.69,70.96,40.72,1,-1,-1,-1
34,4,1051.41,147.12,106.30,88.07,1,-1,-1,-1
34,5,1814.99,546.82,98.00,169.21,1,-1,-1,-1
35,1,66.06,708.68,335.77,247.40,1,-1,-1,-1
35,2,392.41,203.62,71.08,40.74,1,-1,-1,-1
35,4,1058.87,146.22,103.29,84.89,1,-1,-1,-1
35,5,1814.82,546.76,98.09,169.17,1,-1,-1,-1
36,1,62.09,713.32,334.79,245.42,1,-1,-1,-1
36,2,392.39,203.60,71.11,40.73,1,-1,-1,-1
36,4,1065.23,144.31,103.89,84.75,1,-1,-1,-1
36,5,1814.74,546.82,98.23,169.20,1,-1,-1,-1
37,1,56.72,718.44,332.87,242.11,1,-1,-1,-1
37,2,392.08,203.40,71.78,41.14,1,-1,-1,-1
37,4,1071.57,143.48,106.31,85.81,1,-1,-1,-1
37,5,1814.77,547.52,97.86,168.32,1,-1,-1,-1
38,1,41.54,720.17,338.25,244.36,1,-1,-1,-1
38,2,392.04,203.45,71.71,41.13,1,-1,-1,-1
38,4,1078.01,141.98,106.64,85.08,1,-1,-1,-1
38,5,1814.58,547.27,98.13,168.61,1,-1,-1,-1
39,1,32.19,721.86,339.39,243.32,1,-1,-1,-1
39,2,391.68,203.38,71.97,41.25,1,-1,-1,-1
39,4,1087.63,140.51,104.81,82.55,1,-1,-1,-1
39,5,1814.85,547.36,97.93,168.13,1,-1,-1,-1
40,1,20.29,722.92,340.03,241.93,1,-1,-1,-1
40,2,391.65,203.39,72.01,41.26,1,-1,-1,-1
40,4,1093.65,138.25,106.00,82.78,1,-1,-1,-1
40,5,1814.88,547.29,97.91,168.01,1,-1,-1,-1
41,1,19.92,727.28,332.18,233.97,1,-1,-1,-1
41,2,391.20,203.26,72.73,41.67,1,-1,-1,-1
41,4,1101.95,135.71,107.38,83.23,1,-1,-1,-1
41,5,1814.55,546.85,98.43,168.88,1,-1,-1,-1
42,1,17.59,722.54,335.28,233.38,1,-1,-1,-1
42,2,391.04,203.07,73.14,41.90,1,-1,-1,-1
42,4,1109.40,133.83,107.92,82.92,1,-1,-1,-1
42,5,1814.42,546.30,98.77,169.60,1,-1,-1,-1
42,8,-6.95,751.13,414.85,261.60,1,-1,-1,-1
43,1,9.88,729.37,335.73,232.39,1,-1,-1,-1
43,2,391.14,203.16,72.97,41.79,1,-1,-1,-1
43,4,1117.75,131.85,106.65,81.27,1,-1,-1,-1
43,5,1814.38,546.01,98.98,170.14,1,-1,-1,-1
43,8,-6.32,751.08,415.67,262.47,1,-1,-1,-1
44,1,8.36,733.10,331.84,228.04,1,-1,-1,-1
44,2,391.36,203.26,72.71,41.64,1,-1,-1,-1
44,4,1124.67,129.36,107.99,82.11,1,-1,-1,-1
44,5,1814.41,546.19,98.94,170.16,1,-1,-1,-1
44,8,-4.30,751.76,410.52,259.67,1,-1,-1,-1
45,1,4.87,735.53,337.93,231.35,1,-1,-1,-1
45,2,391.57,203.19,72.78,41.73,1,-1,-1,-1
45,4,1132.75,128.75,106.65,80.55,1,-1,-1,-1
45,5,1814.59,545.91,98.98,170.40,1,-1,-1,-1
45,8,-9.02,752.71,417.01,264.79,1,-1,-1,-1
46,1,6.75,736.62,334.75,227.59,1,-1,-1,-1
46,2,391.49,203.12,72.90,41.83,1,-1,-1,-1
46,4,1142.67,129.32,105.82,78.76,1,-1,-1,-1
46,5,1814.42,545.28,99.48,171.65,1,-1,-1,-1
46,8,-11.46,752.38,419.16,267.42,1,-1,-1,-1
47,1,11.56,739.39,327.76,220.37,1,-1,-1,-1
47,2,391.29,203.05,73.02,41.94,1,-1,-1,-1
47,4,1151.86,131.51,101.26,74.45,1,-1,-1,-1
47,5,1817.91,544.77,100.03,174.18,1,-1,-1,-1
47,8,-6.04,757.48,405.91,259.77,1,-1,-1,-1
48,1,13.58,744.33,315.50,211.46,1,-1,-1,-1
48,2,391.04,203.02,73.12,42.02,1,-1,-1,-1
48,4,1160.05,130.88,102.15,74.33,1,-1,-1,-1
48,5,1816.49,545.87,98.57,171.60,1,-1,-1,-1
48,8,-10.56,775.62,420.34,270.31,1,-1,-1,-1
49,1,14.34,747.42,309.26,206.92,1,-1,-1,-1
49,2,390.88,203.03,73.15,42.01,1,-1,-1,-1
49,4,1166.87,129.39,102.85,74.31,1,-1,-1,-1
49,5,1815.84,545.75,98.25,171.16,1,-1,-1,-1
49,8,-9.04,758.15,479.17,308.90,1,-1,-1,-1
50,1,16.26,750.90,301.71,201.19,1,-1,-1,-1
50,2,390.80,203.00,73.33,42.08,1,-1,-1,-1
50,4,1175.13,126.54,104.90,75.27,1,-1,-1,-1
50,5,1815.35,545.65,98.50,171.74,1,-1,-1,-1
50,8,-7.85,750.31,501.92,324.30,1,-1,-1,-1
51,1,20.10,751.78,293.77,194.25,1,-1,-1,-1
51,2,391.72,203.52,71.38,40.95,1,-1,-1,-1
51,4,1182.66,126.13,102.23,73.06,1,-1,-1,-1
51,5,1816.09,547.31,97.56,169.59,1,-1,-1,-1
51,8,-5.86,748.35,508.54,329.08,1,-1,-1,-1
52,1,23.46,753.69,285.05,186.41,1,-1,-1,-1
52,2,392.07,203.77,70.53,40.42,1,-1,-1,-1
52,4,1190.35,124.65,101.76,72.76,1,-1,-1,-1
52,5,1815.98,548.45,97.22,168.36,1,-1,-1,-1
52,8,-2.98,748.93,508.02,328.87,1,-1,-1,-1
53,1,25.97,754.43,273.91,176.44,1,-1,-1,-1
53,2,392.02,203.61,70.57,40.43,1,-1,-1,-1
53,4,1199.99,123.66,100.87,71.72,1,-1,-1,-1
53,5,1816.17,549.01,97.00,167.46,1,-1,-1,-1
53,8,0.35,749.74,507.31,328.12,1,-1,-1,-1
54,1,25.93,756.35,268.93,170.82,1,-1,-1,-1
54,2,391.94,203.54,70.73,40.55,1,-1,-1,-1
54,4,1208.29,122.28,101.25,71.26,1,-1,-1,-1
54,5,1816.30,549.07,96.99,167.10,1,-1,-1,-1
54,8,3.84,753.24,503.81,325.11,1,-1,-1,-1
55,1,24.09,757.26,270.40,169.88,1,-1,-1,-1
55,2,392.19,203.62,70.55,40.47,1,-1,-1,-1
55,4,1217.94,121.37,101.29,70.16,1,-1,-1,-1
55,5,1816.24,548.40,97.23,167.21,1,-1,-1,-1
55,8,2.22,752.04,506.24,326.54,1,-1,-1,-1
56,1,23.77,758.45,269.01,167.17,1,-1,-1,-1
56,2,392.52,203.59,70.45,40.45,1,-1,-1,-1
56,4,1225.26,119.88,102.29,70.26,1,-1,-1,-1
56,5,1816.02,547.93,97.12,166.71,1,-1,-1,-1
56,8,7.13,755.43,502.60,322.89,1,-1,-1,-1
57,1,17.28,760.20,281.06,173.57,1,-1,-1,-1
57,2,392.44,203.56,70.29,40.35,1,-1,-1,-1
57,4,1231.21,118.74,102.03,69.66,1,-1,-1,-1
57,5,1816.09,548.01,96.94,166.42,1,-1,-1,-1
57,8,9.45,755.48,504.05,322.44,1,-1,-1,-1
58,1,14.40,760.83,290.50,178.42,1,-1,-1,-1
58,2,392.09,203.48,70.57,40.50,1,-1,-1,-1
58,4,1236.97,118.76,100.50,68.12,1,-1,-1,-1
58,5,1815.63,547.63,97.17,166.59,1,-1,-1,-1
58,8,7.15,753.89,507.50,323.92,1,-1,-1,-1
59,1,10.60,763.55,293.95,179.99,1,-1,-1,-1
59,2,392.26,203.57,70.43,40.44,1,-1,-1,-1
59,4,1246.84,118.78,98.17,65.51,1,-1,-1,-1
59,5,1815.53,548.32,96.79,165.44,1,-1,-1,-1
59,8,5.59,753.82,509.60,324.66,1,-1,-1,-1
60,1,10.08,765.48,291.62,178.56,1,-1,-1,-1
60,2,391.85,203.48,70.92,40.68,1,-1,-1,-1
60,4,1255.72,117.22,99.80,65.91,1,-1,-1,-1
60,5,1814.42,548.50,96.63,164.81,1,-1,-1,-1
60,8,2.25,755.80,506.00,322.34,1,-1,-1,-1
61,2,391.02,202.98,72.20,41.37,1,-1,-1,-1
61,4,1263.55,115.85,99.20,65.42,1,-1,-1,-1
61,5,1814.33,548.61,96.41,164.43,1,-1,-1,-1
61,8,1.51,760.28,498.87,317.65,1,-1,-1,-1
61,18,1656.26,770.47,252.96,282.35,1,-1,-1,-1
62,2,390.96,203.03,72.10,41.30,1,-1,-1,-1
62,4,1270.06,111.74,102.22,67.69,1,-1,-1,-1
62,5,1813.58,548.28,96.33,163.98,1,-1,-1,-1
62,8,-2.45,759.73,499.51,318.68,1,-1,-1,-1
62,18,1649.37,760.69,256.03,284.73,1,-1,-1,-1
63,2,390.92,203.15,71.90,41.09,1,-1,-1,-1
63,4,1278.26,109.22,105.39,69.32,1,-1,-1,-1
63,5,1813.93,547.76,95.48,162.07,1,-1,-1,-1
63,8,7.76,756.60,499.45,318.50,1,-1,-1,-1
63,18,1642.51,751.04,258.61,285.69,1,-1,-1,-1
64,2,390.92,203.04,72.30,41.25,1,-1,-1,-1
64,4,1282.85,106.45,106.15,69.89,1,-1,-1,-1
64,5,1814.45,547.56,94.17,158.92,1,-1,-1,-1
64,8,10.03,753.51,501.39,319.82,1,-1,-1,-1
64,18,1636.10,742.45,261.72,289.12,1,-1,-1,-1
65,2,391.37,203.14,72.05,41.14,1,-1,-1,-1
65,4,1288.79,104.44,105.07,69.80,1,-1,-1,-1
65,5,1815.01,547.28,93.78,157.16,1,-1,-1,-1
65,8,14.11,755.74,497.00,316.80,1,-1,-1,-1
66,2,391.65,203.22,71.77,41.00,1,-1,-1,-1
66,4,1297.04,104.14,99.46,66.99,1,-1,-1,-1
66,5,1814.95,546.48,94.90,158.40,1,-1,-1,-1
66,8,6.90,762.38,492.92,313.84,1,-1,-1,-1
67,2,391.61,203.19,71.84,41.05,1,-1,-1,-1
67,4,1304.35,102.28,97.11,65.56,1,-1,-1,-1
67,5,1815.20,545.68,96.49,160.58,1,-1,-1,-1
67,8,4.12,765.98,489.72,311.44,1,-1,-1,-1
68,2,391.44,203.16,71.93,41.08,1,-1,-1,-1
68,4,1311.40,101.44,95.93,64.97,1,-1,-1,-1
68,5,1815.36,545.46,96.27,160.22,1,-1,-1,-1
68,8,13.23,763.98,487.88,309.84,1,-1,-1,-1
69,2,391.66,203.21,71.60,40.90,1,-1,-1,-1
69,4,1316.25,98.78,98.39,67.07,1,-1,-1,-1
69,8,15.88,762.52,489.57,310.56,1,-1,-1,-1
69,19,1559.93,694.55,323.35,251.25,1,-1,-1,-1
70,2,391.73,203.22,71.50,40.84,1,-1,-1,-1
70,4,1323.36,97.94,98.60,67.33,1,-1,-1,-1
70,8,14.96,761.84,490.53,311.00,1,-1,-1,-1
70,19,1546.95,684.88,313.74,243.38,1,-1,-1,-1
71,2,391.14,202.98,72.75,41.69,1,-1,-1,-1
71,4,1329.77,98.41,96.47,65.64,1,-1,-1,-1
71,5,1815.51,545.05,102.89,173.41,1,-1,-1,-1
71,8,6.85,765.53,489.20,309.95,1,-1,-1,-1
71,19,1535.28,677.02,304.34,235.60,1,-1,-1,-1
72,2,391.40,202.99,72.79,41.81,1,-1,-1,-1
72,4,1334.05,97.38,94.39,64.12,1,-1,-1,-1
72,5,1814.08,546.32,100.72,169.62,1,-1,-1,-1
72,8,4.12,767.07,488.82,309.45,1,-1,-1,-1
72,19,1521.83,664.99,299.33,231.23,1,-1,-1,-1
73,2,391.62,203.18,72.35,41.63,1,-1,-1,-1
73,4,1338.98,97.24,90.68,61.16,1,-1,-1,-1
73,5,1814.02,546.41,99.37,166.94,1,-1,-1,-1
73,8,1.63,767.02,490.78,310.63,1,-1,-1,-1
73,19,1508.00,657.37,293.16,225.47,1,-1,-1,-1
74,2,391.15,203.07,72.69,41.88,1,-1,-1,-1
74,4,1344.03,97.16,89.13,59.50,1,-1,-1,-1
74,5,1813.77,545.92,99.61,167.24,1,-1,-1,-1
74,8,0.46,766.67,491.45,311.03,1,-1,-1,-1
74,19,1494.52,649.19,285.51,218.69,1,-1,-1,-1
75,2,390.82,203.00,72.87,42.01,1,-1,-1,-1
75,4,1347.29,95.48,91.34,60.71,1,-1,-1,-1
75,5,1813.69,545.84,99.75,167.47,1,-1,-1,-1
75,8,-0.85,766.32,491.76,311.42,1,-1,-1,-1
75,19,1479.12,639.27,283.53,215.90,1,-1,-1,-1
76,2,391.08,203.11,72.51,41.89,1,-1,-1,-1
76,4,1350.74,94.02,93.84,61.77,1,-1,-1,-1
76,8,-2.23,765.79,492.33,312.14,1,-1,-1,-1
76,19,1468.06,632.15,279.90,213.26,1,-1,-1,-1
77,2,391.19,203.12,72.41,41.89,1,-1,-1,-1
77,4,1356.34,91.21,96.62,63.97,1,-1,-1,-1
77,8,-2.17,766.00,491.73,312.01,1,-1,-1,-1
77,19,1456.27,624.58,270.95,205.94,1,-1,-1,-1
78,2,391.30,203.16,72.13,41.71,1,-1,-1,-1
78,4,1362.46,89.10,97.72,65.18,1,-1,-1,-1
78,8,-1.84,766.81,490.34,311.34,1,-1,-1,-1
78,19,1449.50,619.11,262.91,199.56,1,-1,-1,-1
79,2,391.02,203.13,72.24,41.73,1,-1,-1,-1
79,4,1368.73,87.56,97.17,65.44,1,-1,-1,-1
79,8,-1.95,767.08,489.18,310.85,1,-1,-1,-1
79,19,1435.56,610.42,266.37,202.40,1,-1,-1,-1
80,2,391.49,203.24,72.03,41.65,1,-1,-1,-1
80,4,1375.00,87.16,95.28,64.78,1,-1,-1,-1
80,8,-1.51,767.27,488.26,310.42,1,-1,-1,-1
80,19,1425.24,602.73,261.37,198.17,1,-1,-1,-1
81,2,391.53,203.11,71.50,41.29,1,-1,-1,-1
81,4,1379.42,83.85,97.23,66.68,1,-1,-1,-1
81,5,1819.98,547.53,102.10,175.06,1,-1,-1,-1
81,8,-1.93,768.33,487.60,310.33,1,-1,-1,-1
81,19,1413.88,596.37,251.47,190.25,1,-1,-1,-1
82,2,391.47,203.01,71.48,41.22,1,-1,-1,-1
82,4,1382.54,82.40,97.46,67.57,1,-1,-1,-1
82,5,1821.55,547.61,100.41,175.34,1,-1,-1,-1
82,8,-2.41,768.34,487.35,310.51,1,-1,-1,-1
82,19,1402.59,589.08,247.56,186.91,1,-1,-1,-1
83,2,391.62,202.96,71.45,41.19,1,-1,-1,-1
83,4,1383.65,80.17,98.37,68.68,1,-1,-1,-1
83,5,1822.61,547.47,98.76,175.10,1,-1,-1,-1
83,8,-2.87,768.23,487.40,310.94,1,-1,-1,-1
83,19,1392.70,580.69,245.74,185.86,1,-1,-1,-1
84,2,391.53,202.80,71.87,41.44,1,-1,-1,-1
84,4,1385.33,78.95,97.64,68.87,1,-1,-1,-1
84,5,1823.61,547.76,97.04,173.91,1,-1,-1,-1
84,8,-2.81,767.96,487.30,311.28,1,-1,-1,-1
84,19,1384.28,570.72,244.24,185.57,1,-1,-1,-1
85,2,391.50,202.78,71.97,41.51,1,-1,-1,-1
85,4,1390.29,78.66,94.45,67.29,1,-1,-1,-1
85,5,1824.34,547.33,95.88,173.36,1,-1,-1,-1
85,8,-2.45,768.61,485.99,310.72,1,-1,-1,-1
85,19,1373.27,564.31,239.12,181.65,1,-1,-1,-1
86,2,391.45,202.79,71.95,41.49,1,-1,-1,-1
86,4,1394.73,77.22,94.65,67.43,1,-1,-1,-1
86,5,1824.96,547.30,94.87,172.73,1,-1,-1,-1
86,8,-3.21,768.18,486.31,311.41,1,-1,-1,-1
86,19,1363.16,557.07,233.94,177.81,1,-1,-1,-1
87,2,391.75,202.98,71.74,41.36,1,-1,-1,-1
87,4,1402.91,77.41,91.83,66.51,1,-1,-1,-1
87,5,1824.49,547.33,94.10,172.16,1,-1,-1,-1
87,8,-2.26,767.57,486.89,311.99,1,-1,-1,-1
87,19,1352.84,551.62,228.53,173.38,1,-1,-1,-1
88,2,391.81,202.91,71.65,41.38,1,-1,-1,-1
88,4,1406.85,75.80,91.41,67.46,1,-1,-1,-1
88,5,1824.22,547.34,93.63,171.85,1,-1,-1,-1
88,8,-2.23,767.30,487.31,312.55,1,-1,-1,-1
88,19,1346.57,543.55,224.95,171.01,1,-1,-1,-1
89,1,-9.44,776.82,332.44,210.74,1,-1,-1,-1
89,2,391.44,202.87,72.05,41.62,1,-1,-1,-1
89,4,1411.41,74.50,91.59,67.59,1,-1,-1,-1
89,5,1823.87,547.02,93.39,171.85,1,-1,-1,-1
89,8,-2.58,767.35,487.59,312.73,1,-1,-1,-1
89,19,1337.00,535.85,221.69,168.75,1,-1,-1,-1
90,1,-10.31,777.10,334.47,212.02,1,-1,-1,-1
90,2,390.64,202.86,72.42,41.75,1,-1,-1,-1
90,5,1823.99,547.01,93.42,171.91,1,-1,-1,-1
90,8,-2.14,767.32,485.37,311.84,1,-1,-1,-1
90,19,1324.19,530.47,218.29,166.77,1,-1,-1,-1
91,2,392.41,203.33,71.21,41.09,1,-1,-1,-1
91,4,1408.10,75.97,85.67,63.56,1,-1,-1,-1
91,5,1822.50,547.15,93.31,171.50,1,-1,-1,-1
91,8,-1.82,764.96,488.03,314.08,1,-1,-1,-1
91,19,1322.61,524.01,209.68,160.38,1,-1,-1,-1
92,2,392.79,203.30,71.31,41.21,1,-1,-1,-1
92,4,1400.77,77.67,79.01,59.32,1,-1,-1,-1
92,5,1822.45,547.15,93.31,171.51,1,-1,-1,-1
92,8,-1.61,764.32,487.87,314.44,1,-1,-1,-1
92,19,1317.05,519.02,201.27,154.50,1,-1,-1,-1
93,2,393.19,203.29,71.24,41.28,1,-1,-1,-1
93,4,1399.21,74.63,82.97,62.48,1,-1,-1,-1
93,5,1822.58,548.34,92.80,170.16,1,-1,-1,-1
93,8,-2.15,764.01,488.07,315.17,1,-1,-1,-1
93,19,1311.75,513.73,197.41,152.13,1,-1,-1,-1
94,2,393.47,203.19,71.49,41.53,1,-1,-1,-1
94,4,1396.35,73.25,72.81,54.73,1,-1,-1,-1
94,5,1823.01,549.57,91.97,168.09,1,-1,-1,-1
94,8,-2.51,763.74,487.60,315.47,1,-1,-1,-1
94,19,1304.63,505.39,194.98,150.42,1,-1,-1,-1
95,2,393.41,203.13,71.43,41.49,1,-1,-1,-1
95,4,1390.72,75.49,75.72,57.40,1,-1,-1,-1
95,5,1819.41,550.64,90.66,163.59,1,-1,-1,-1
95,8,-2.81,763.24,487.41,315.90,1,-1,-1,-1
95,19,1294.92,495.31,195.82,152.06,1,-1,-1,-1
96,2,393.20,203.16,71.28,41.41,1,-1,-1,-1
96,4,1384.85,73.02,82.44,62.39,1,-1,-1,-1
96,5,1818.25,549.66,90.50,161.22,1,-1,-1,-1
96,8,-3.16,763.01,486.69,316.22,1,-1,-1,-1
96,19,1288.21,488.36,191.02,149.02,1,-1,-1,-1
97,2,393.52,203.04,71.51,41.74,1,-1,-1,-1
97,4,1380.55,72.44,84.63,63.60,1,-1,-1,-1
97,5,1817.93,549.85,89.94,160.23,1,-1,-1,-1
97,8,-3.65,762.73,487.23,316.57,1,-1,-1,-1
97,19,1282.47,478.57,191.09,149.72,1,-1,-1,-1
98,2,392.83,203.11,71.47,41.80,1,-1,-1,-1
98,4,1369.21,73.95,84.22,62.72,1,-1,-1,-1
98,5,1818.09,547.73,90.11,158.23,1,-1,-1,-1
98,8,12.75,760.13,485.08,315.20,1,-1,-1,-1
98,19,1274.50,468.83,189.01,149.05,1,-1,-1,-1
99,2,393.05,203.09,71.24,41.78,1,-1,-1,-1
99,4,1364.25,74.33,82.74,60.99,1,-1,-1,-1
99,5,1817.90,547.66,89.48,157.13,1,-1,-1,-1
99,8,2.99,761.84,486.01,316.30,1,-1,-1,-1
99,19,1269.46,461.41,185.84,146.91,1,-1,-1,-1
100,2,393.43,203.16,70.75,41.59,1,-1,-1,-1
100,4,1356.54,74.24,83.81,61.35,1,-1,-1,-1
100,8,13.38,760.08,485.37,315.51,1,-1,-1,-1
100,19,1268.94,456.98,178.27,140.86,1,-1,-1,-1
100,22,1527.01,704.82,388.48,370.53,1,-1,-1,-1
101,2,392.06,203.14,71.07,41.65,1,-1,-1,-1
101,4,1347.10,74.19,86.11,62.57,1,-1,-1,-1
101,8,18.50,760.26,484.83,314.30,1,-1,-1,-1
101,19,1265.53,452.76,170.01,133.68,1,-1,-1,-1
101,22,1518.35,694.64,395.65,377.31,1,-1,-1,-1
102,2,391.39,203.14,71.42,41.74,1,-1,-1,-1
102,4,1329.34,74.20,90.38,65.09,1,-1,-1,-1
102,8,6.59,761.50,487.78,316.42,1,-1,-1,-1
102,19,1258.66,442.52,170.06,134.15,1,-1,-1,-1
102,22,1507.02,685.77,405.42,385.93,1,-1,-1,-1
103,2,391.30,203.06,71.52,41.75,1,-1,-1,-1
103,4,1316.02,73.65,91.39,65.36,1,-1,-1,-1
103,8,6.77,761.30,488.15,316.66,1,-1,-1,-1
103,19,1250.63,433.10,171.33,135.60,1,-1,-1,-1
103,22,1499.78,678.72,411.68,391.90,1,-1,-1,-1
104,2,391.10,202.96,71.87,41.91,1,-1,-1,-1
104,4,1303.62,72.89,90.50,64.03,1,-1,-1,-1
104,5,1820.11,546.32,90.94,155.97,1,-1,-1,-1
104,19,1242.09,426.16,167.45,132.45,1,-1,-1,-1
104,22,1490.55,670.57,415.44,394.40,1,-1,-1,-1
105,2,390.93,203.06,71.90,41.90,1,-1,-1,-1
105,4,1294.65,71.23,92.44,64.85,1,-1,-1,-1
105,5,1820.30,546.16,90.53,155.26,1,-1,-1,-1
105,8,0.26,763.33,487.05,316.29,1,-1,-1,-1
105,19,1237.17,420.67,163.84,129.62,1,-1,-1,-1
105,22,1478.45,661.78,418.67,396.08,1,-1,-1,-1
106,2,391.01,203.05,71.94,41.87,1,-1,-1,-1
106,4,1272.77,72.48,89.24,61.23,1,-1,-1,-1
106,8,0.35,764.49,485.52,315.41,1,-1,-1,-1
106,19,1227.61,412.58,163.32,129.10,1,-1,-1,-1
106,22,1480.07,655.94,406.82,380.51,1,-1,-1,-1
107,2,391.13,203.02,72.02,41.89,1,-1,-1,-1
107,4,1258.34,72.29,89.01,58.97,1,-1,-1,-1
107,8,1.29,764.66,485.22,315.05,1,-1,-1,-1
107,19,1216.87,405.55,160.43,125.91,1,-1,-1,-1
107,22,1467.23,646.85,397.34,367.22,1,-1,-1,-1
108,2,391.40,202.97,71.98,41.88,1,-1,-1,-1
108,4,1243.41,74.09,90.95,57.72,1,-1,-1,-1
108,5,1821.29,551.11,90.25,152.16,1,-1,-1,-1
108,8,1.67,764.44,485.46,315.05,1,-1,-1,-1
108,19,1203.90,399.27,161.25,125.94,1,-1,-1,-1
108,22,1449.52,640.10,390.65,355.52,1,-1,-1,-1
109,2,391.05,202.87,72.05,41.98,1,-1,-1,-1
109,4,1231.17,74.20,91.37,56.31,1,-1,-1,-1
109,5,1820.34,552.54,92.54,154.81,1,-1,-1,-1
109,8,0.69,763.95,485.14,315.08,1,-1,-1,-1
109,19,1191.55,392.18,160.57,124.27,1,-1,-1,-1
109,22,1431.89,627.70,384.16,346.27,1,-1,-1,-1
110,2,390.66,202.84,72.13,42.02,1,-1,-1,-1
110,4,1220.47,73.53,91.90,55.12,1,-1,-1,-1
110,5,1803.83,548.63,98.96,154.89,1,-1,-1,-1
110,8,0.74,763.87,484.59,314.90,1,-1,-1,-1
110,19,1182.00,382.18,161.08,124.65,1,-1,-1,-1
110,22,1411.16,615.96,384.72,343.77,1,-1,-1,-1
111,2,390.83,202.89,72.43,42.10,1,-1,-1,-1
111,4,1198.46,70.79,98.15,58.29,1,-1,-1,-1
111,5,1812.93,551.95,98.37,154.73,1,-1,-1,-1
111,8,0.44,763.91,484.57,314.88,1,-1,-1,-1
111,19,1171.11,372.77,160.90,124.32,1,-1,-1,-1
111,22,1400.55,613.22,371.80,329.55,1,-1,-1,-1
112,2,391.14,202.84,72.66,42.23,1,-1,-1,-1
112,4,1181.41,71.84,98.90,57.15,1,-1,-1,-1
112,5,1818.40,551.16,100.85,161.96,1,-1,-1,-1
112,19,1158.27,367.65,157.69,120.66,1,-1,-1,-1
112,22,1379.54,605.80,369.32,323.77,1,-1,-1,-1
113,2,390.96,202.82,72.86,42.32,1,-1,-1,-1
113,4,1167.56,74.23,96.18,53.73,1,-1,-1,-1
113,5,1818.20,551.98,99.53,160.09,1,-1,-1,-1
113,19,1145.24,362.10,154.73,117.44,1,-1,-1,-1
113,22,1376.42,595.75,360.26,314.38,1,-1,-1,-1
114,2,390.49,202.65,73.45,42.60,1,-1,-1,-1
114,4,1149.00,74.75,93.92,50.75,1,-1,-1,-1
114,5,1818.54,551.91,99.61,160.40,1,-1,-1,-1
114,19,1137.23,357.49,148.45,111.94,1,-1,-1,-1
114,22,1374.48,590.88,349.55,303.93,1,-1,-1,-1
115,2,390.31,202.72,73.65,42.63,1,-1,-1,-1
115,4,1125.18,79.39,82.09,43.30,1,-1,-1,-1
115,5,1820.76,550.28,102.53,167.68,1,-1,-1,-1
115,19,1122.74,349.66,151.86,114.14,1,-1,-1,-1
115,22,1360.23,576.51,349.14,304.27,1,-1,-1,-1
116,2,390.71,203.17,72.60,41.95,1,-1,-1,-1
116,4,1109.04,76.44,92.69,47.52,1,-1,-1,-1
116,5,1821.42,549.16,103.34,171.66,1,-1,-1,-1
116,19,1114.85,340.92,153.27,115.52,1,-1,-1,-1
116,22,1346.02,563.00,346.19,302.84,1,-1,-1,-1
117,2,390.32,202.95,73.07,42.13,1,-1,-1,-1
117,4,1090.76,75.47,97.49,48.77,1,-1,-1,-1
117,5,1822.35,549.94,101.91,171.73,1,-1,-1,-1
117,19,1104.64,334.48,151.70,114.15,1,-1,-1,-1
117,22,1343.80,553.14,331.80,291.39,1,-1,-1,-1
118,2,390.51,202.93,73.00,41.99,1,-1,-1,-1
118,4,1078.16,75.18,99.11,48.47,1,-1,-1,-1
118,5,1822.45,550.01,100.37,171.35,1,-1,-1,-1
118,19,1093.36,331.05,144.86,108.02,1,-1,-1,-1
118,22,1333.17,549.62,324.87,285.25,1,-1,-1,-1
119,2,390.49,202.93,72.88,41.86,1,-1,-1,-1
119,4,1053.77,79.56,90.29,44.03,1,-1,-1,-1
119,5,1822.77,550.15,99.02,171.03,1,-1,-1,-1
119,19,1084.05,328.30,139.16,102.50,1,-1,-1,-1
119,22,1323.72,544.40,316.26,277.63,1,-1,-1,-1
120,2,390.35,202.88,73.02,41.89,1,-1,-1,-1
120,4,1039.62,77.60,98.75,47.41,1,-1,-1,-1
120,5,1822.99,550.18,99.53,171.92,1,-1,-1,-1
120,8,0.43,776.80,450.65,293.99,1,-1,-1,-1
120,19,1073.94,321.00,141.78,104.73,1,-1,-1,-1
120,22,1321.63,537.74,306.00,268.95,1,-1,-1,-1
121,2,391.03,202.68,73.26,41.95,1,-1,-1,-1
121,4,1020.20,77.88,102.31,48.60,1,-1,-1,-1
121,8,18.75,763.77,474.20,307.42,1,-1,-1,-1
121,19,1062.98,313.86,143.83,106.46,1,-1,-1,-1
121,22,1318.85,532.96,296.24,260.78,1,-1,-1,-1
122,2,391.14,202.38,73.94,42.30,1,-1,-1,-1
122,4,1005.77,76.85,105.30,49.43,1,-1,-1,-1
122,8,20.61,763.29,474.23,307.44,1,-1,-1,-1
122,19,1054.32,310.17,141.27,104.66,1,-1,-1,-1
122,22,1313.15,524.18,293.45,259.46,1,-1,-1,-1
123,2,391.22,202.39,74.17,42.39,1,-1,-1,-1
123,4,986.97,77.40,111.90,52.10,1,-1,-1,-1
123,19,1045.44,304.84,139.81,103.92,1,-1,-1,-1
123,22,1308.82,521.56,282.99,250.17,1,-1,-1,-1
124,2,391.18,202.63,73.65,42.00,1,-1,-1,-1
124,4,971.63,76.81,112.05,52.15,1,-1,-1,-1
124,19,1035.76,300.08,136.48,101.43,1,-1,-1,-1
124,22,1302.97,516.53,281.19,249.15,1,-1,-1,-1
125,2,391.01,202.53,74.02,42.18,1,-1,-1,-1
125,4,972.39,78.96,102.43,49.08,1,-1,-1,-1
125,19,1028.47,296.20,134.10,99.47,1,-1,-1,-1
125,22,1294.52,514.18,269.43,239.24,1,-1,-1,-1
126,2,390.54,202.23,75.08,42.83,1,-1,-1,-1
126,4,962.82,80.78,95.68,47.08,1,-1,-1,-1
126,8,10.10,782.98,315.55,203.78,1,-1,-1,-1
126,19,1022.19,290.71,134.82,99.89,1,-1,-1,-1
126,22,1290.31,501.51,264.83,236.17,1,-1,-1,-1
127,2,390.62,202.12,75.08,42.84,1,-1,-1,-1
127,4,955.93,82.06,93.42,47.76,1,-1,-1,-1
127,8,10.38,784.50,300.67,194.17,1,-1,-1,-1
127,19,1014.05,286.34,134.50,100.48,1,-1,-1,-1
127,22,1282.70,491.08,263.61,235.40,1,-1,-1,-1
128,2,390.51,202.26,74.81,42.71,1,-1,-1,-1
128,4,942.82,82.57,92.95,47.52,1,-1,-1,-1
128,19,1003.12,280.59,136.98,103.55,1,-1,-1,-1
128,22,1281.42,487.83,254.86,227.28,1,-1,-1,-1
129,2,390.82,202.45,74.29,42.44,1,-1,-1,-1
129,19,999.38,274.71,132.22,101.09,1,-1,-1,-1
129,22,1279.03,483.01,250.17,222.60,1,-1,-1,-1
130,2,391.59,202.55,73.69,42.11,1,-1,-1,-1
130,19,996.38,269.67,127.50,97.92,1,-1,-1,-1
130,22,1274.98,474.27,248.81,222.02,1,-1,-1,-1
131,2,391.82,202.45,74.76,42.75,1,-1,-1,-1
131,19,993.68,265.98,125.88,96.67,1,-1,-1,-1
131,22,1272.37,466.77,243.65,217.68,1,-1,-1,-1
132,2,391.81,202.28,75.33,43.10,1,-1,-1,-1
132,19,991.81,264.48,121.36,92.80,1,-1,-1,-1
132,22,1270.10,462.24,239.63,214.28,1,-1,-1,-1
133,2,391.68,202.06,76.02,43.56,1,-1,-1,-1
133,19,990.85,260.11,121.00,93.20,1,-1,-1,-1
133,22,1264.47,457.06,236.25,211.40,1,-1,-1,-1
134,2,391.93,201.84,76.14,43.71,1,-1,-1,-1
134,19,984.54,255.14,121.65,94.40,1,-1,-1,-1
134,22,1256.82,445.96,235.22,211.32,1,-1,-1,-1
135,2,391.96,201.96,75.91,43.61,1,-1,-1,-1
135,19,981.75,250.41,122.69,96.22,1,-1,-1,-1
135,22,1251.97,436.77,233.63,210.80,1,-1,-1,-1
135,26,5.06,769.33,475.49,308.10,1,-1,-1,-1
136,2,392.15,201.96,75.73,43.51,1,-1,-1,-1
136,19,981.86,245.75,121.20,95.90,1,-1,-1,-1
136,22,1247.15,429.56,231.69,210.12,1,-1,-1,-1
136,26,3.54,769.38,475.74,308.17,1,-1,-1,-1
137,2,392.11,201.87,75.72,43.51,1,-1,-1,-1
137,19,982.78,242.83,117.22,93.13,1,-1,-1,-1
137,22,1242.58,424.35,229.96,209.15,1,-1,-1,-1
137,26,2.13,769.64,475.25,307.79,1,-1,-1,-1
138,2,392.19,201.76,75.81,43.60,1,-1,-1,-1
138,19,982.18,239.61,115.71,92.36,1,-1,-1,-1
138,22,1240.76,417.33,221.89,202.11,1,-1,-1,-1
138,26,3.22,770.45,473.50,306.39,1,-1,-1,-1
139,2,392.72,201.58,75.89,43.75,1,-1,-1,-1
139,19,980.72,235.39,115.99,93.37,1,-1,-1,-1
139,22,1236.57,409.16,219.25,200.76,1,-1,-1,-1
139,26,2.36,770.67,474.00,306.63,1,-1,-1,-1
139,28,485.75,229.79,140.65,142.51,1,-1,-1,-1
140,2,392.96,201.55,75.75,43.74,1,-1,-1,-1
140,19,982.12,231.42,114.77,92.88,1,-1,-1,-1
140,22,1235.07,402.77,215.18,197.93,1,-1,-1,-1
140,26,1.10,768.94,477.06,308.56,1,-1,-1,-1
140,28,486.14,230.18,139.92,141.69,1,-1,-1,-1
141,2,393.41,201.91,74.40,42.98,1,-1,-1,-1
141,19,983.02,229.01,111.45,90.41,1,-1,-1,-1
141,22,1232.01,396.83,211.03,194.64,1,-1,-1,-1
141,26,0.73,768.81,477.11,308.60,1,-1,-1,-1
141,28,486.40,230.37,139.47,141.23,1,-1,-1,-1
142,2,393.66,201.80,74.27,42.96,1,-1,-1,-1
142,19,983.88,226.37,108.39,88.08,1,-1,-1,-1
142,22,1233.35,387.59,206.33,191.93,1,-1,-1,-1
142,26,1.23,769.55,476.73,308.19,1,-1,-1,-1
143,2,393.74,201.62,74.34,43.06,1,-1,-1,-1
143,19,983.92,222.92,107.37,87.47,1,-1,-1,-1
143,22,1231.81,381.89,199.67,186.61,1,-1,-1,-1
143,26,2.04,768.66,479.61,309.76,1,-1,-1,-1
144,2,393.99,201.67,74.31,43.15,1,-1,-1,-1
144,5,1819.14,544.70,100.42,177.67,1,-1,-1,-1
144,19,985.48,219.30,107.18,87.63,1,-1,-1,-1
144,22,1223.36,375.35,199.67,186.93,1,-1,-1,-1
144,26,2.08,769.12,478.72,308.92,1,-1,-1,-1
145,2,394.33,201.60,74.07,43.14,1,-1,-1,-1
145,5,1819.58,544.25,99.04,177.83,1,-1,-1,-1
145,19,987.22,215.66,105.54,86.52,1,-1,-1,-1
145,22,1217.85,372.18,192.22,179.91,1,-1,-1,-1
145,26,4.57,770.37,477.08,307.13,1,-1,-1,-1
146,2,394.36,201.47,74.06,43.21,1,-1,-1,-1
146,5,1819.35,543.99,99.16,178.04,1,-1,-1,-1
146,19,988.51,213.89,101.22,82.77,1,-1,-1,-1
146,22,1216.04,363.96,174.74,161.78,1,-1,-1,-1
146,26,4.79,770.62,477.23,306.62,1,-1,-1,-1
147,2,394.30,201.48,73.97,43.20,1,-1,-1,-1
147,19,986.64,211.06,101.46,82.75,1,-1,-1,-1
147,22,1206.96,356.20,185.11,171.69,1,-1,-1,-1
147,26,3.93,769.72,478.92,307.27,1,-1,-1,-1
148,2,394.69,201.47,73.99,43.30,1,-1,-1,-1
148,19,985.53,208.44,101.34,82.60,1,-1,-1,-1
148,22,1205.86,353.30,178.98,165.39,1,-1,-1,-1
148,26,3.30,769.19,480.13,307.68,1,-1,-1,-1
149,2,394.92,201.49,73.58,43.19,1,-1,-1,-1
149,19,986.35,204.90,101.13,82.62,1,-1,-1,-1
149,22,1203.74,351.00,172.00,158.33,1,-1,-1,-1
149,26,2.55,769.27,480.60,307.70,1,-1,-1,-1
150,2,394.83,201.43,73.33,43.08,1,-1,-1,-1
150,19,987.62,201.84,99.71,81.63,1,-1,-1,-1
150,22,1202.34,344.37,166.36,152.46,1,-1,-1,-1
150,26,2.61,770.16,479.90,306.90,1,-1,-1,-1
151,2,393.69,201.83,73.44,43.17,1,-1,-1,-1
151,19,990.50,199.83,96.72,78.99,1,-1,-1,-1
151,22,1198.38,334.95,166.83,152.48,1,-1,-1,-1
151,26,1.24,768.50,483.13,308.91,1,-1,-1,-1
152,2,393.33,201.97,73.45,43.19,1,-1,-1,-1
152,19,992.39,197.15,96.38,78.56,1,-1,-1,-1
152,22,1194.35,328.35,166.44,152.01,1,-1,-1,-1
152,26,0.61,768.23,483.99,309.45,1,-1,-1,-1
153,2,392.85,201.79,73.98,43.47,1,-1,-1,-1
153,19,994.56,194.78,95.72,77.64,1,-1,-1,-1
153,22,1194.70,324.83,159.23,144.37,1,-1,-1,-1
153,26,-0.38,768.27,483.67,309.36,1,-1,-1,-1
154,2,392.65,201.74,74.28,43.63,1,-1,-1,-1
154,19,997.77,191.96,95.26,77.07,1,-1,-1,-1
154,22,1191.62,318.97,156.20,140.52,1,-1,-1,-1
154,26,-0.45,767.90,484.04,309.64,1,-1,-1,-1
155,2,392.92,201.95,73.65,43.27,1,-1,-1,-1
155,19,1001.13,189.63,94.95,76.70,1,-1,-1,-1
155,22,1188.64,314.79,155.51,139.02,1,-1,-1,-1
155,26,0.52,769.22,481.96,308.16,1,-1,-1,-1
156,2,393.01,202.07,73.11,42.86,1,-1,-1,-1
156,19,1004.44,186.94,93.66,75.50,1,-1,-1,-1
156,22,1180.39,303.72,148.40,131.46,1,-1,-1,-1
156,26,1.44,769.83,481.43,307.55,1,-1,-1,-1
157,2,393.10,202.41,72.17,42.19,1,-1,-1,-1
157,19,1007.54,184.40,94.39,75.92,1,-1,-1,-1
157,22,1173.65,297.14,151.26,133.94,1,-1,-1,-1
157,26,1.18,770.19,481.58,307.51,1,-1,-1,-1
157,30,1348.29,28.83,119.90,100.06,1,-1,-1,-1
158,2,393.14,202.51,72.22,42.12,1,-1,-1,-1
158,19,1012.24,181.72,94.05,74.92,1,-1,-1,-1
158,22,1169.90,292.12,149.93,132.40,1,-1,-1,-1
158,26,1.12,770.44,481.35,307.21,1,-1,-1,-1
158,30,1340.23,30.21,121.50,100.92,1,-1,-1,-1
159,2,392.76,202.41,72.88,42.47,1,-1,-1,-1
159,19,1015.96,179.74,93.88,74.26,1,-1,-1,-1
159,22,1168.35,287.31,149.58,131.28,1,-1,-1,-1
159,26,1.24,770.92,480.27,306.34,1,-1,-1,-1
159,30,1344.07,30.36,119.94,98.38,1,-1,-1,-1
160,2,392.69,202.41,72.99,42.51,1,-1,-1,-1
160,19,1018.90,176.61,95.77,75.34,1,-1,-1,-1
160,22,1167.40,284.15,147.30,128.70,1,-1,-1,-1
160,26,1.37,770.66,480.88,306.53,1,-1,-1,-1
160,30,1336.70,29.39,124.24,100.85,1,-1,-1,-1
161,2,393.38,202.94,71.31,41.43,1,-1,-1,-1
161,19,1024.81,172.87,95.26,74.77,1,-1,-1,-1
161,22,1164.76,277.84,145.08,126.17,1,-1,-1,-1
161,26,4.42,772.34,479.19,304.62,1,-1,-1,-1
161,30,1328.92,29.48,125.69,100.63,1,-1,-1,-1
162,2,393.93,203.40,70.36,40.79,1,-1,-1,-1
162,19,1031.39,170.47,94.11,73.67,1,-1,-1,-1
162,22,1162.99,273.60,147.90,128.88,1,-1,-1,-1
162,26,2.33,771.50,480.71,305.44,1,-1,-1,-1
162,30,1315.45,30.34,128.65,102.28,1,-1,-1,-1
163,2,394.00,203.32,70.47,40.77,1,-1,-1,-1
163,19,1036.33,170.14,93.52,72.71,1,-1,-1,-1
163,22,1156.57,269.08,150.62,131.18,1,-1,-1,-1
163,26,1.42,771.71,480.30,305.06,1,-1,-1,-1
163,30,1310.43,31.39,126.12,98.79,1,-1,-1,-1
164,2,393.63,203.03,71.02,41.09,1,-1,-1,-1
164,19,1041.14,167.27,94.79,73.39,1,-1,-1,-1
164,22,1154.80,263.40,145.78,126.12,1,-1,-1,-1
164,26,0.82,771.04,481.50,305.76,1,-1,-1,-1
164,30,1299.10,32.10,127.88,98.49,1,-1,-1,-1
165,2,393.64,203.03,71.17,41.16,1,-1,-1,-1
165,19,1047.20,166.47,94.94,72.72,1,-1,-1,-1
165,22,1154.45,258.44,140.39,119.63,1,-1,-1,-1
165,26,0.85,771.02,482.41,306.22,1,-1,-1,-1
165,30,1284.85,30.85,131.59,99.82,1,-1,-1,-1
166,2,393.82,203.06,71.19,41.17,1,-1,-1,-1
166,19,1054.28,165.29,95.89,72.54,1,-1,-1,-1
166,22,1152.47,251.32,139.71,118.51,1,-1,-1,-1
166,26,1.89,771.18,482.10,305.69,1,-1,-1,-1
166,30,1274.81,31.11,133.97,99.69,1,-1,-1,-1
167,2,393.57,202.96,71.47,41.34,1,-1,-1,-1
167,19,1062.61,163.47,94.63,71.16,1,-1,-1,-1
167,22,1148.63,247.44,141.55,119.70,1,-1,-1,-1
167,26,2.71,770.66,483.55,306.18,1,-1,-1,-1
167,30,1259.85,30.48,140.33,104.32,1,-1,-1,-1
168,2,393.43,202.63,71.59,41.41,1,-1,-1,-1
168,19,1068.32,160.86,94.18,70.27,1,-1,-1,-1
168,22,1143.89,241.43,143.55,121.16,1,-1,-1,-1
168,26,2.90,771.25,483.72,305.89,1,-1,-1,-1
168,30,1256.68,32.82,138.71,103.18,1,-1,-1,-1
169,2,393.54,202.88,71.23,41.16,1,-1,-1,-1
169,19,1074.31,157.11,95.83,71.18,1,-1,-1,-1
169,22,1140.79,237.08,138.31,116.36,1,-1,-1,-1
169,26,13.98,767.38,485.71,306.77,1,-1,-1,-1
169,30,1239.73,35.05,141.12,104.38,1,-1,-1,-1
170,2,393.42,202.93,71.25,41.15,1,-1,-1,-1
170,19,1082.22,154.12,97.34,71.80,1,-1,-1,-1
170,22,1139.70,234.41,134.97,113.01,1,-1,-1,-1
170,26,17.10,765.92,486.63,307.17,1,-1,-1,-1
170,30,1242.77,58.87,109.80,81.13,1,-1,-1,-1
171,2,393.21,203.10,70.76,40.79,1,-1,-1,-1
171,19,1091.26,152.49,96.09,70.62,1,-1,-1,-1
171,22,1138.29,230.65,134.93,112.80,1,-1,-1,-1
171,26,8.74,768.42,487.33,307.12,1,-1,-1,-1
171,30,1239.58,70.91,94.73,69.48,1,-1,-1,-1
172,2,393.19,203.18,70.62,40.65,1,-1,-1,-1
172,19,1100.13,152.29,93.44,67.97,1,-1,-1,-1
172,22,1135.74,226.29,134.10,111.92,1,-1,-1,-1
172,26,5.46,770.21,485.97,305.78,1,-1,-1,-1
172,30,1235.55,80.20,86.86,62.43,1,-1,-1,-1
173,2,392.70,203.31,70.72,40.64,1,-1,-1,-1
173,5,1821.94,546.73,96.52,176.12,1,-1,-1,-1
173,19,1106.97,150.60,94.49,67.88,1,-1,-1,-1
173,22,1131.33,221.00,135.24,113.01,1,-1,-1,-1
173,26,-0.16,774.29,482.82,304.24,1,-1,-1,-1
173,30,1230.42,81.11,89.32,63.36,1,-1,-1,-1
174,2,392.32,203.23,71.18,40.82,1,-1,-1,-1
174,5,1822.25,546.98,95.45,175.48,1,-1,-1,-1
174,19,1115.01,149.33,93.81,66.66,1,-1,-1,-1
174,22,1129.45,219.62,134.70,112.62,1,-1,-1,-1
174,26,-1.04,775.78,480.97,303.25,1,-1,-1,-1
174,30,1211.84,54.84,127.38,91.18,1,-1,-1,-1
175,2,392.08,203.15,71.67,41.04,1,-1,-1,-1
175,5,1822.61,546.85,94.91,175.49,1,-1,-1,-1
175,19,1124.79,147.89,90.84,64.11,1,-1,-1,-1
175,22,1128.61,215.14,136.58,114.11,1,-1,-1,-1
175,26,-6.42,787.09,451.28,287.02,1,-1,-1,-1
175,30,1206.98,46.19,136.59,97.90,1,-1,-1,-1
176,2,392.15,203.10,71.97,41.19,1,-1,-1,-1
176,5,1822.91,546.41,94.70,176.01,1,-1,-1,-1
176,19,1132.06,143.71,93.15,65.57,1,-1,-1,-1
176,22,1131.09,210.08,129.34,107.21,1,-1,-1,-1
176,26,-5.33,785.97,444.29,284.38,1,-1,-1,-1
176,30,1199.85,41.13,146.59,105.77,1,-1,-1,-1
177,2,391.91,203.13,71.97,41.15,1,-1,-1,-1
177,5,1822.98,546.43,94.68,175.97,1,-1,-1,-1
177,19,1139.18,141.16,94.94,66.59,1,-1,-1,-1
177,22,1129.43,206.70,128.67,105.81,1,-1,-1,-1
177,26,-2.35,778.41,463.63,296.80,1,-1,-1,-1
177,30,1196.83,39.77,149.96,108.34,1,-1,-1,-1
178,2,391.89,202.95,72.47,41.45,1,-1,-1,-1
178,19,1148.40,140.01,93.94,65.00,1,-1,-1,-1
178,22,1129.95,203.98,126.74,103.40,1,-1,-1,-1
178,26,-3.77,776.84,466.43,299.18,1,-1,-1,-1
178,30,1190.31,39.61,153.19,110.98,1,-1,-1,-1
179,2,391.88,202.89,72.68,41.59,1,-1,-1,-1
179,19,1156.48,138.04,92.55,63.23,1,-1,-1,-1
179,22,1127.62,200.54,128.58,104.70,1,-1,-1,-1
179,26,-9.55,776.79,466.96,301.67,1,-1,-1,-1
179,30,1182.06,39.31,155.82,113.13,1,-1,-1,-1
180,2,392.34,203.02,72.19,41.33,1,-1,-1,-1
180,19,1167.35,139.30,88.15,59.74,1,-1,-1,-1
180,22,1125.06,196.79,128.61,104.94,1,-1,-1,-1
180,26,-19.09,780.59,448.58,293.20,1,-1,-1,-1
180,30,1181.23,41.12,152.61,111.14,1,-1,-1,-1
181,2,392.98,203.41,71.37,40.90,1,-1,-1,-1
181,19,1177.50,137.67,86.45,57.91,1,-1,-1,-1
181,22,1128.17,194.83,111.83,88.86,1,-1,-1,-1
181,26,-21.79,781.12,447.42,292.44,1,-1,-1,-1
181,30,1165.01,36.94,160.87,118.21,1,-1,-1,-1
182,2,392.97,203.52,70.89,40.65,1,-1,-1,-1
182,19,1184.35,134.85,87.89,58.26,1,-1,-1,-1
182,22,1128.00,193.25,108.46,84.47,1,-1,-1,-1
182,30,1152.54,37.06,160.50,119.18,1,-1,-1,-1
182,33,-13.32,784.45,299.59,216.61,1,-1,-1,-1
183,2,392.86,203.65,70.84,40.58,1,-1,-1,-1
183,19,1193.10,134.11,88.44,57.92,1,-1,-1,-1
183,22,1125.66,189.15,108.83,83.71,1,-1,-1,-1
183,30,1145.00,40.20,153.36,114.01,1,-1,-1,-1
183,33,-26.40,780.33,320.62,233.46,1,-1,-1,-1
184,2,392.94,203.70,70.96,40.67,1,-1,-1,-1
184,19,1198.97,132.22,90.11,58.74,1,-1,-1,-1
184,22,1129.09,184.91,101.94,75.99,1,-1,-1,-1
184,30,1134.21,40.66,156.35,116.02,1,-1,-1,-1
184,33,-33.00,779.81,332.48,244.37,1,-1,-1,-1
184,35,-8.50,892.64,274.61,178.76,1,-1,-1,-1
185,2,392.96,203.77,70.67,40.47,1,-1,-1,-1
185,19,1209.19,130.58,90.44,58.75,1,-1,-1,-1
185,22,1129.52,181.98,103.51,75.59,1,-1,-1,-1
185,30,1126.15,43.06,158.19,116.90,1,-1,-1,-1
185,33,-33.81,779.35,331.96,246.58,1,-1,-1,-1
185,35,-17.58,896.48,271.19,177.51,1,-1,-1,-1
186,2,393.14,203.49,71.04,40.76,1,-1,-1,-1
186,5,1825.02,546.63,89.06,163.73,1,-1,-1,-1
186,19,1217.52,128.99,92.48,60.04,1,-1,-1,-1
186,22,1125.81,178.52,112.22,81.28,1,-1,-1,-1
186,30,1121.84,42.43,162.54,119.64,1,-1,-1,-1
186,33,-38.29,777.84,338.34,254.87,1,-1,-1,-1
186,35,-24.10,897.24,270.87,177.30,1,-1,-1,-1
187,2,392.70,203.46,71.32,40.89,1,-1,-1,-1
187,5,1824.99,546.60,88.75,161.42,1,-1,-1,-1
187,19,1225.53,128.42,92.72,59.94,1,-1,-1,-1
187,22,1129.16,177.85,109.74,78.74,1,-1,-1,-1
187,30,1117.72,44.95,157.18,114.69,1,-1,-1,-1
187,33,-38.93,777.41,337.41,258.06,1,-1,-1,-1
188,2,392.82,203.51,71.28,40.87,1,-1,-1,-1
188,5,1824.92,546.56,88.59,159.35,1,-1,-1,-1
188,19,1233.69,127.02,94.96,60.97,1,-1,-1,-1
188,22,1126.57,175.15,119.39,86.14,1,-1,-1,-1
188,30,1109.64,48.43,153.68,111.44,1,-1,-1,-1
188,33,-39.20,778.29,337.01,262.08,1,-1,-1,-1
189,2,393.09,203.50,71.06,40.75,1,-1,-1,-1
189,5,1825.18,546.57,87.93,158.17,1,-1,-1,-1
189,19,1242.72,124.70,97.31,62.21,1,-1,-1,-1
189,22,1124.70,172.20,127.52,92.72,1,-1,-1,-1
189,30,1091.24,50.66,156.34,112.63,1,-1,-1,-1
189,33,-43.77,771.51,347.02,275.54,1,-1,-1,-1
190,2,393.11,203.47,71.06,40.77,1,-1,-1,-1
190,5,1821.09,547.92,88.46,153.84,1,-1,-1,-1
190,19,1249.60,122.81,98.00,62.26,1,-1,-1,-1
190,22,1133.91,170.93,111.18,80.04,1,-1,-1,-1
190,30,1077.25,53.17,159.57,113.97,1,-1,-1,-1
190,33,-43.27,772.69,344.50,279.11,1,-1,-1,-1
191,2,393.04,203.61,70.70,40.52,1,-1,-1,-1
191,5,1819.64,550.72,87.89,147.22,1,-1,-1,-1
191,19,1261.52,123.84,93.58,58.72,1,-1,-1,-1
191,22,1135.19,167.24,114.74,82.96,1,-1,-1,-1
191,30,1066.51,54.23,166.04,117.12,1,-1,-1,-1
191,33,-43.23,776.58,342.15,283.20,1,-1,-1,-1
192,2,392.92,203.63,70.69,40.49,1,-1,-1,-1
192,5,1819.14,550.48,88.84,145.23,1,-1,-1,-1
192,19,1265.59,125.97,87.33,55.27,1,-1,-1,-1
192,22,1141.15,162.61,118.37,86.26,1,-1,-1,-1
192,30,1057.87,54.61,173.16,120.14,1,-1,-1,-1
192,33,-44.18,777.55,337.97,286.35,1,-1,-1,-1
193,2,392.96,203.38,70.91,40.67,1,-1,-1,-1
193,5,1821.73,550.63,93.48,153.99,1,-1,-1,-1
193,19,1280.38,120.69,93.02,57.79,1,-1,-1,-1
193,22,1143.64,159.07,125.85,92.49,1,-1,-1,-1
193,30,1049.02,54.17,179.14,121.61,1,-1,-1,-1
193,33,-41.23,778.41,331.03,286.65,1,-1,-1,-1
193,39,1545.42,673.58,340.16,290.58,1,-1,-1,-1
194,2,393.05,203.43,70.81,40.65,1,-1,-1,-1
194,5,1822.15,550.42,95.37,158.58,1,-1,-1,-1
194,19,1287.94,117.59,94.97,58.50,1,-1,-1,-1
194,22,1148.96,156.14,127.46,94.64,1,-1,-1,-1
194,30,1032.41,53.60,185.15,124.23,1,-1,-1,-1
194,33,-37.16,780.59,321.42,284.07,1,-1,-1,-1
194,39,1537.24,661.43,335.79,285.84,1,-1,-1,-1
195,2,393.01,203.49,70.95,40.76,1,-1,-1,-1
195,5,1822.57,550.19,96.06,161.12,1,-1,-1,-1
195,19,1292.09,115.65,94.31,58.22,1,-1,-1,-1
195,22,1151.23,153.34,133.13,100.12,1,-1,-1,-1
195,30,1015.62,54.74,189.22,125.88,1,-1,-1,-1
195,33,-37.19,779.51,318.91,288.18,1,-1,-1,-1
195,39,1521.23,652.32,334.45,284.05,1,-1,-1,-1
196,2,392.70,203.29,71.40,41.08,1,-1,-1,-1
196,5,1823.10,551.28,96.47,163.21,1,-1,-1,-1
196,19,1297.27,114.43,92.89,57.54,1,-1,-1,-1
196,22,1157.28,150.31,132.61,100.55,1,-1,-1,-1
196,30,999.86,57.51,191.08,125.62,1,-1,-1,-1
196,33,-34.92,779.31,320.05,295.46,1,-1,-1,-1
196,39,1510.17,644.97,326.17,275.24,1,-1,-1,-1
197,2,392.99,203.21,71.24,41.11,1,-1,-1,-1
197,5,1823.06,551.65,96.78,165.33,1,-1,-1,-1
197,19,1297.05,113.23,94.10,59.34,1,-1,-1,-1
197,22,1167.05,151.37,130.08,98.86,1,-1,-1,-1
197,30,984.05,59.82,195.39,127.11,1,-1,-1,-1
197,33,-32.50,780.51,316.30,298.53,1,-1,-1,-1
197,39,1494.74,634.09,329.83,277.14,1,-1,-1,-1
198,2,393.28,203.11,71.28,41.27,1,-1,-1,-1
198,5,1823.83,551.44,95.29,163.90,1,-1,-1,-1
198,19,1306.27,110.67,94.54,59.43,1,-1,-1,-1
198,22,1178.39,149.57,123.89,93.84,1,-1,-1,-1
198,30,974.76,59.91,195.98,126.68,1,-1,-1,-1
198,33,-30.60,781.42,311.22,299.76,1,-1,-1,-1
198,39,1485.15,623.44,330.83,277.33,1,-1,-1,-1
199,2,393.33,203.04,71.40,41.44,1,-1,-1,-1
199,5,1825.31,551.32,93.91,162.85,1,-1,-1,-1
199,19,1313.21,108.50,93.70,58.56,1,-1,-1,-1
199,22,1186.63,146.99,121.36,91.51,1,-1,-1,-1
199,30,962.00,62.21,197.11,126.84,1,-1,-1,-1
199,33,-33.50,781.47,315.92,304.28,1,-1,-1,-1
199,39,1476.04,613.54,322.83,269.84,1,-1,-1,-1
200,2,393.21,203.03,71.23,41.42,1,-1,-1,-1
200,5,1824.00,548.66,94.89,165.74,1,-1,-1,-1
200,19,1323.03,107.17,89.58,55.15,1,-1,-1,-1
200,22,1197.59,142.61,127.61,95.01,1,-1,-1,-1
200,30,949.60,64.95,196.96,125.89,1,-1,-1,-1
200,39,1477.11,609.79,311.64,259.27,1,-1,-1,-1
201,2,393.33,203.38,70.52,41.00,1,-1,-1,-1
201,5,1822.08,548.15,93.97,163.47,1,-1,-1,-1
201,19,1326.57,107.80,86.53,52.42,1,-1,-1,-1
201,22,1207.53,138.43,130.31,95.99,1,-1,-1,-1
201,30,937.78,66.74,198.92,126.20,1,-1,-1,-1
201,39,1465.18,602.75,308.77,256.14,1,-1,-1,-1
202,2,393.59,203.48,70.14,40.78,1,-1,-1,-1
202,5,1821.18,548.78,93.17,161.33,1,-1,-1,-1
202,19,1330.81,107.98,86.88,51.64,1,-1,-1,-1
202,22,1211.91,137.31,128.90,95.54,1,-1,-1,-1
202,30,922.38,65.98,202.08,127.70,1,-1,-1,-1
202,39,1454.50,593.85,309.09,255.80,1,-1,-1,-1
203,2,393.46,203.50,70.12,40.74,1,-1,-1,-1
203,5,1820.23,549.20,93.16,160.76,1,-1,-1,-1
203,19,1341.26,106.23,89.97,53.96,1,-1,-1,-1
203,22,1225.30,136.01,125.91,92.45,1,-1,-1,-1
203,30,910.10,65.14,206.79,131.21,1,-1,-1,-1
203,39,1451.55,588.11,296.24,244.44,1,-1,-1,-1
204,2,393.45,203.56,69.84,40.54,1,-1,-1,-1
204,5,1823.60,549.21,94.87,164.86,1,-1,-1,-1
204,19,1348.26,104.66,90.79,55.17,1,-1,-1,-1
204,22,1233.38,131.54,128.04,94.03,1,-1,-1,-1
204,30,894.85,66.92,207.14,131.44,1,-1,-1,-1
204,39,1445.85,580.21,292.50,240.75,1,-1,-1,-1
205,2,393.04,203.57,70.11,40.65,1,-1,-1,-1
205,5,1824.58,550.09,94.96,165.97,1,-1,-1,-1
205,19,1354.79,103.93,89.91,55.14,1,-1,-1,-1
205,22,1242.85,129.47,126.75,92.95,1,-1,-1,-1
205,30,880.78,67.48,209.31,133.11,1,-1,-1,-1
205,39,1436.98,572.92,292.20,240.71,1,-1,-1,-1
206,2,392.87,203.58,70.24,40.68,1,-1,-1,-1
206,5,1822.49,550.62,93.45,162.49,1,-1,-1,-1
206,19,1361.28,102.38,88.15,53.86,1,-1,-1,-1
206,22,1254.10,126.73,127.25,93.36,1,-1,-1,-1
206,30,869.45,68.22,210.18,133.60,1,-1,-1,-1
206,39,1429.88,566.03,284.70,234.40,1,-1,-1,-1
207,2,392.81,203.57,70.38,40.70,1,-1,-1,-1
207,5,1822.89,549.96,96.00,168.02,1,-1,-1,-1
207,19,1367.31,97.57,92.51,56.78,1,-1,-1,-1
207,22,1264.09,123.58,126.56,93.35,1,-1,-1,-1
207,30,856.01,67.46,213.25,135.55,1,-1,-1,-1
207,39,1418.55,564.83,269.57,220.80,1,-1,-1,-1
208,2,392.79,203.56,70.47,40.71,1,-1,-1,-1
208,5,1820.26,550.11,95.36,166.33,1,-1,-1,-1
208,19,1371.48,97.08,92.44,57.19,1,-1,-1,-1
208,22,1275.13,123.46,123.71,91.36,1,-1,-1,-1
208,30,844.17,67.08,214.49,135.79,1,-1,-1,-1
208,39,1409.00,557.48,270.98,221.40,1,-1,-1,-1
209,2,392.57,203.55,70.73,40.84,1,-1,-1,-1
209,5,1821.95,549.34,96.58,169.92,1,-1,-1,-1
209,19,1376.07,94.19,93.08,58.49,1,-1,-1,-1
209,22,1285.26,120.13,120.49,88.15,1,-1,-1,-1
209,30,829.14,69.43,215.29,136.49,1,-1,-1,-1
209,39,1399.67,548.79,272.11,222.32,1,-1,-1,-1
210,2,392.65,203.53,70.72,40.80,1,-1,-1,-1
210,5,1823.63,548.67,96.26,170.90,1,-1,-1,-1
210,19,1383.98,93.85,88.85,56.53,1,-1,-1,-1
210,22,1294.93,116.67,120.34,88.12,1,-1,-1,-1
210,30,814.65,69.41,218.21,139.02,1,-1,-1,-1
210,39,1396.15,540.92,261.98,213.43,1,-1,-1,-1
211,2,393.43,203.37,70.33,40.57,1,-1,-1,-1
211,5,1824.44,547.92,95.63,171.15,1,-1,-1,-1
211,19,1392.21,92.95,86.61,55.64,1,-1,-1,-1
211,22,1304.23,112.99,122.70,90.14,1,-1,-1,-1
211,30,803.46,70.25,219.35,140.27,1,-1,-1,-1
211,39,1387.52,532.65,259.95,212.16,1,-1,-1,-1
212,2,393.72,203.29,70.21,40.48,1,-1,-1,-1
212,5,1824.83,547.40,94.97,171.32,1,-1,-1,-1
212,19,1400.91,94.42,82.96,53.65,1,-1,-1,-1
212,22,1314.83,113.56,119.77,87.69,1,-1,-1,-1
212,30,793.82,71.40,221.90,142.86,1,-1,-1,-1
212,39,1378.52,525.43,259.73,212.02,1,-1,-1,-1
213,2,393.83,203.27,70.16,40.45,1,-1,-1,-1
213,5,1824.85,547.21,94.10,170.82,1,-1,-1,-1
213,19,1410.16,96.38,77.34,50.71,1,-1,-1,-1
213,22,1325.61,113.12,118.88,86.30,1,-1,-1,-1
213,30,778.39,72.27,224.19,145.22,1,-1,-1,-1
213,39,1373.56,518.49,253.72,207.30,1,-1,-1,-1
214,2,393.53,203.18,70.44,40.59,1,-1,-1,-1
214,5,1824.17,546.57,94.04,171.84,1,-1,-1,-1
214,19,1419.47,99.52,70.93,46.93,1,-1,-1,-1
214,22,1336.33,112.85,116.34,83.98,1,-1,-1,-1
214,30,764.45,73.47,224.57,146.43,1,-1,-1,-1
214,39,1363.23,512.97,246.14,200.45,1,-1,-1,-1
215,2,393.63,203.23,70.42,40.55,1,-1,-1,-1
215,5,1824.08,546.89,93.29,171.46,1,-1,-1,-1
215,19,1426.70,99.20,69.44,45.94,1,-1,-1,-1
215,22,1356.67,110.79,111.69,80.13,1,-1,-1,-1
215,30,751.14,73.05,228.53,150.10,1,-1,-1,-1
215,39,1355.12,506.62,241.93,197.33,1,-1,-1,-1
216,2,393.67,203.23,70.45,40.55,1,-1,-1,-1
216,5,1823.67,546.87,92.89,171.60,1,-1,-1,-1
216,22,1365.24,110.78,109.32,78.06,1,-1,-1,-1
216,30,744.53,77.00,224.28,147.87,1,-1,-1,-1
216,39,1347.69,500.85,237.66,194.34,1,-1,-1,-1
217,2,393.57,203.15,70.35,40.47,1,-1,-1,-1
217,5,1823.19,545.93,93.19,172.77,1,-1,-1,-1
217,22,1371.57,108.25,110.64,78.90,1,-1,-1,-1
217,30,736.47,81.86,221.88,146.21,1,-1,-1,-1
217,39,1343.50,495.85,232.28,189.73,1,-1,-1,-1
218,2,393.58,203.19,70.12,40.29,1,-1,-1,-1
218,5,1822.81,545.07,93.51,173.85,1,-1,-1,-1
218,22,1383.14,104.34,111.56,79.55,1,-1,-1,-1
218,30,729.51,85.67,218.81,144.30,1,-1,-1,-1
218,39,1336.65,490.80,228.60,186.31,1,-1,-1,-1
219,2,394.06,203.25,69.67,40.03,1,-1,-1,-1
219,5,1822.57,544.76,93.82,174.43,1,-1,-1,-1
219,22,1388.55,100.09,117.24,84.20,1,-1,-1,-1
219,30,720.46,87.29,217.04,144.32,1,-1,-1,-1
219,39,1323.87,483.38,226.09,184.05,1,-1,-1,-1
220,2,394.18,203.43,69.44,39.87,1,-1,-1,-1
220,5,1819.28,546.94,92.36,170.40,1,-1,-1,-1
220,22,1398.07,97.73,117.08,84.08,1,-1,-1,-1
220,30,710.46,88.32,217.35,145.91,1,-1,-1,-1
220,39,1318.26,477.14,221.63,180.80,1,-1,-1,-1
221,2,393.93,203.40,70.01,40.25,1,-1,-1,-1
221,5,1821.20,547.89,93.01,171.88,1,-1,-1,-1
221,22,1402.96,97.26,114.90,83.72,1,-1,-1,-1
221,30,699.71,87.46,219.95,149.03,1,-1,-1,-1
221,39,1308.65,470.35,219.75,180.54,1,-1,-1,-1
222,2,393.70,203.42,70.32,40.48,1,-1,-1,-1
222,5,1821.95,548.61,92.86,171.95,1,-1,-1,-1
222,22,1411.35,98.67,107.19,79.41,1,-1,-1,-1
222,30,691.20,86.26,222.96,152.55,1,-1,-1,-1
222,39,1303.55,464.94,215.30,177.34,1,-1,-1,-1
223,2,393.81,203.18,70.84,40.91,1,-1,-1,-1
223,5,1822.29,547.69,93.15,172.91,1,-1,-1,-1
223,22,1421.97,101.10,97.05,72.92,1,-1,-1,-1
223,30,680.55,85.27,226.11,157.36,1,-1,-1,-1
223,39,1302.20,455.55,207.84,171.25,1,-1,-1,-1
224,2,393.70,203.06,70.91,41.05,1,-1,-1,-1
224,5,1823.03,547.60,92.87,172.48,1,-1,-1,-1
224,22,1430.88,99.80,95.37,71.66,1,-1,-1,-1
224,30,676.14,89.01,218.79,154.17,1,-1,-1,-1
224,39,1295.98,447.00,204.10,168.61,1,-1,-1,-1
224,42,1389.32,81.04,54.81,53.84,1,-1,-1,-1
225,2,393.26,202.93,71.10,41.19,1,-1,-1,-1
225,5,1819.59,547.71,92.09,169.75,1,-1,-1,-1
225,30,670.47,90.86,216.50,154.49,1,-1,-1,-1
225,39,1287.20,440.76,201.92,167.74,1,-1,-1,-1
225,42,1385.14,81.98,55.67,54.01,1,-1,-1,-1
226,2,393.39,203.11,70.77,41.01,1,-1,-1,-1
226,5,1817.94,547.52,92.33,169.21,1,-1,-1,-1
226,22,1443.03,105.62,84.85,64.60,1,-1,-1,-1
226,30,662.28,94.49,214.13,154.98,1,-1,-1,-1
226,39,1280.84,434.40,200.29,167.49,1,-1,-1,-1
226,42,1375.18,81.21,58.43,55.05,1,-1,-1,-1
227,2,393.42,203.18,70.50,40.88,1,-1,-1,-1
227,5,1817.34,546.99,92.81,169.28,1,-1,-1,-1
227,22,1454.17,111.96,72.60,55.13,1,-1,-1,-1
227,30,655.31,95.10,214.97,158.18,1,-1,-1,-1
227,39,1276.73,427.82,196.91,165.14,1,-1,-1,-1
227,42,1367.87,80.14,60.56,56.05,1,-1,-1,-1
228,2,393.41,203.27,70.25,40.71,1,-1,-1,-1
228,5,1817.05,546.46,93.36,169.59,1,-1,-1,-1
228,22,1465.10,118.27,57.73,43.83,1,-1,-1,-1
228,30,647.50,95.02,216.36,161.66,1,-1,-1,-1
228,39,1269.24,420.94,190.29,160.53,1,-1,-1,-1
228,42,1349.59,81.94,62.98,56.46,1,-1,-1,-1
229,2,393.61,203.35,69.66,40.34,1,-1,-1,-1
229,5,1819.63,545.60,94.76,172.89,1,-1,-1,-1
229,22,1468.11,116.64,56.14,43.08,1,-1,-1,-1
229,30,637.21,95.47,216.78,164.25,1,-1,-1,-1
229,39,1263.52,416.17,184.80,155.73,1,-1,-1,-1
229,42,1335.09,82.84,64.30,55.42,1,-1,-1,-1
230,2,393.47,203.22,69.99,40.54,1,-1,-1,-1
230,5,1817.58,546.12,94.11,170.96,1,-1,-1,-1
230,22,1459.08,98.43,75.89,61.00,1,-1,-1,-1
230,30,631.76,96.59,216.93,166.65,1,-1,-1,-1
230,39,1261.67,410.78,179.81,151.59,1,-1,-1,-1
230,42,1319.63,80.89,71.35,59.81,1,-1,-1,-1
231,2,393.50,202.80,70.67,40.96,1,-1,-1,-1
231,5,1819.92,545.04,95.96,175.48,1,-1,-1,-1
231,22,1463.15,95.50,76.85,61.77,1,-1,-1,-1
231,30,626.37,97.76,215.85,168.08,1,-1,-1,-1
231,39,1258.23,403.64,176.97,148.86,1,-1,-1,-1
231,42,1305.39,82.20,72.71,58.64,1,-1,-1,-1
232,2,393.41,202.67,70.91,41.14,1,-1,-1,-1
232,5,1821.28,544.93,96.01,176.50,1,-1,-1,-1
232,30,622.45,99.72,214.25,169.39,1,-1,-1,-1
232,39,1252.38,396.20,176.53,148.59,1,-1,-1,-1
232,42,1284.63,82.94,71.86,54.36,1,-1,-1,-1
233,2,393.40,202.70,70.88,41.19,1,-1,-1,-1
233,5,1821.36,544.72,96.34,177.10,1,-1,-1,-1
233,30,619.08,100.48,214.09,171.88,1,-1,-1,-1
233,39,1248.53,390.40,171.83,144.43,1,-1,-1,-1
233,42,1267.35,82.65,72.31,50.92,1,-1,-1,-1
234,2,393.35,202.66,71.04,41.36,1,-1,-1,-1
234,30,616.86,104.25,211.00,171.65,1,-1,-1,-1
234,39,1239.77,381.95,173.47,145.68,1,-1,-1,-1
234,42,1246.79,83.56,74.41,49.48,1,-1,-1,-1
234,44,487.29,230.92,148.40,136.40,1,-1,-1,-1
235,2,393.46,202.59,70.93,41.40,1,-1,-1,-1
235,30,612.74,108.81,207.31,171.01,1,-1,-1,-1
235,39,1241.75,377.14,169.02,142.38,1,-1,-1,-1
235,42,1234.27,84.38,74.12,46.53,1,-1,-1,-1
235,44,485.89,230.23,148.69,136.54,1,-1,-1,-1
236,2,393.48,202.67,70.74,41.32,1,-1,-1,-1
236,5,1822.32,544.86,95.44,176.37,1,-1,-1,-1
236,30,607.22,111.75,204.57,171.38,1,-1,-1,-1
236,39,1234.56,368.26,164.56,138.54,1,-1,-1,-1
236,42,1215.34,84.17,76.72,46.03,1,-1,-1,-1
236,44,485.38,230.25,146.96,134.84,1,-1,-1,-1
237,2,393.52,202.74,70.44,41.12,1,-1,-1,-1
237,5,1822.63,544.57,94.99,176.34,1,-1,-1,-1
237,30,603.65,116.22,198.47,168.61,1,-1,-1,-1
237,39,1227.11,359.45,165.84,139.79,1,-1,-1,-1
237,42,1193.24,82.30,83.38,48.42,1,-1,-1,-1
237,44,483.90,229.62,147.98,135.89,1,-1,-1,-1
238,2,393.22,202.81,70.89,41.39,1,-1,-1,-1
238,5,1822.75,544.41,95.17,176.67,1,-1,-1,-1
238,30,597.97,119.65,195.58,168.40,1,-1,-1,-1
238,39,1223.82,354.83,163.35,137.59,1,-1,-1,-1
238,42,1176.99,82.38,84.37,46.87,1,-1,-1,-1
238,44,480.45,228.11,150.88,139.01,1,-1,-1,-1
239,2,393.51,202.87,70.38,41.10,1,-1,-1,-1
239,30,595.14,121.25,195.98,171.02,1,-1,-1,-1
239,39,1220.33,349.46,160.64,135.54,1,-1,-1,-1
239,42,1157.06,84.36,77.45,40.91,1,-1,-1,-1
239,44,479.19,227.38,151.56,139.63,1,-1,-1,-1
240,2,393.59,203.01,69.88,40.80,1,-1,-1,-1
240,30,588.44,122.54,198.74,175.37,1,-1,-1,-1
240,39,1217.56,344.87,158.07,133.42,1,-1,-1,-1
240,42,1139.66,83.13,80.91,40.30,1,-1,-1,-1
241,2,394.15,203.13,70.09,40.96,1,-1,-1,-1
241,5,1818.93,545.82,92.09,169.02,1,-1,-1,-1
241,30,582.25,122.33,200.08,178.36,1,-1,-1,-1
241,39,1217.16,337.50,157.97,133.46,1,-1,-1,-1
241,42,1118.85,85.50,79.22,36.92,1,-1,-1,-1
242,2,394.18,203.17,70.21,41.06,1,-1,-1,-1
242,5,1818.23,545.92,92.48,168.26,1,-1,-1,-1
242,30,576.70,124.16,201.19,181.70,1,-1,-1,-1
242,39,1213.93,331.88,156.35,132.06,1,-1,-1,-1
242,42,1096.46,86.62,81.58,36.09,1,-1,-1,-1
242,45,761.26,933.03,694.38,137.78,1,-1,-1,-1
243,2,393.95,202.97,70.51,41.25,1,-1,-1,-1
243,5,1818.00,545.95,92.19,167.74,1,-1,-1,-1
243,30,576.15,126.01,199.48,183.08,1,-1,-1,-1
243,39,1212.79,328.08,149.91,125.84,1,-1,-1,-1
243,42,1075.81,87.07,83.17,35.13,1,-1,-1,-1
243,45,754.41,917.20,761.80,152.59,1,-1,-1,-1
244,2,394.04,203.01,70.31,41.10,1,-1,-1,-1
244,5,1818.21,545.82,93.20,168.40,1,-1,-1,-1
244,30,575.68,130.73,196.20,183.08,1,-1,-1,-1
244,39,1210.61,324.62,146.46,122.21,1,-1,-1,-1
244,42,1052.66,87.63,88.36,36.15,1,-1,-1,-1
244,45,726.95,897.93,828.85,168.41,1,-1,-1,-1
245,2,394.09,203.12,70.02,40.94,1,-1,-1,-1
245,5,1818.01,545.80,93.75,168.42,1,-1,-1,-1
245,30,574.08,134.44,193.41,183.36,1,-1,-1,-1
245,39,1205.32,316.70,148.23,124.03,1,-1,-1,-1
245,42,1033.01,86.99,93.58,37.46,1,-1,-1,-1
245,45,718.37,879.00,907.19,188.02,1,-1,-1,-1
246,2,393.89,202.96,70.27,41.13,1,-1,-1,-1
246,5,1817.52,545.64,94.43,168.86,1,-1,-1,-1
246,30,573.41,138.13,190.79,183.61,1,-1,-1,-1
246,39,1202.80,310.55,148.51,124.44,1,-1,-1,-1
246,42,1013.80,88.40,95.59,37.21,1,-1,-1,-1
246,45,696.09,863.28,970.03,206.38,1,-1,-1,-1
247,2,393.75,202.88,70.48,41.29,1,-1,-1,-1
247,5,1817.39,545.63,94.29,168.61,1,-1,-1,-1
247,30,571.97,141.84,189.20,184.88,1,-1,-1,-1
247,39,1201.43,304.86,147.36,123.64,1,-1,-1,-1
247,42,994.22,90.10,95.62,36.55,1,-1,-1,-1
247,45,686.05,847.69,1002.23,220.24,1,-1,-1,-1
248,2,394.03,203.04,70.20,41.13,1,-1,-1,-1
248,30,573.58,144.26,186.20,184.69,1,-1,-1,-1
248,39,1197.89,300.30,143.81,120.86,1,-1,-1,-1
248,42,981.19,90.65,93.72,35.84,1,-1,-1,-1
248,45,690.07,836.08,1026.79,234.70,1,-1,-1,-1
249,2,394.38,203.08,69.95,41.00,1,-1,-1,-1
249,30,573.10,147.95,184.81,185.89,1,-1,-1,-1
249,39,1194.35,296.43,140.05,117.68,1,-1,-1,-1
249,42,972.02,91.58,91.43,35.98,1,-1,-1,-1
249,45,696.29,822.62,1046.66,249.96,1,-1,-1,-1
250,2,394.56,203.12,69.76,40.92,1,-1,-1,-1
250,5,1816.90,546.12,94.99,169.10,1,-1,-1,-1
250,30,571.31,147.36,187.36,191.31,1,-1,-1,-1
250,39,1192.08,292.76,136.15,114.30,1,-1,-1,-1
250,42,963.44,92.95,84.03,33.91,1,-1,-1,-1
250,45,684.05,809.64,1100.89,262.91,1,-1,-1,-1
251,2,394.53,203.45,68.92,40.34,1,-1,-1,-1
251,5,1816.78,546.16,94.92,168.97,1,-1,-1,-1
251,30,569.35,150.18,185.60,191.93,1,-1,-1,-1
251,39,1190.89,287.78,136.60,114.73,1,-1,-1,-1
251,42,948.12,93.68,82.32,33.22,1,-1,-1,-1
252,2,394.48,203.54,68.52,40.01,1,-1,-1,-1
252,30,561.87,148.58,191.74,199.13,1,-1,-1,-1
252,39,1182.60,279.25,139.84,117.41,1,-1,-1,-1
253,2,394.67,203.82,67.97,39.54,1,-1,-1,-1
253,30,557.23,150.66,195.22,204.03,1,-1,-1,-1
253,39,1180.82,273.81,138.24,116.01,1,-1,-1,-1
254,2,394.59,203.79,67.89,39.37,1,-1,-1,-1
254,30,556.75,156.66,191.56,201.96,1,-1,-1,-1
254,39,1179.78,270.56,135.99,114.04,1,-1,-1,-1
254,47,1063.52,783.12,394.30,287.45,1,-1,-1,-1
255,2,394.35,203.87,68.18,39.43,1,-1,-1,-1
255,30,553.13,159.21,191.34,203.63,1,-1,-1,-1
255,39,1178.90,266.43,132.19,110.70,1,-1,-1,-1
255,47,1056.31,764.39,406.45,297.24,1,-1,-1,-1
256,2,394.23,203.89,68.48,39.52,1,-1,-1,-1
256,5,1820.37,544.30,97.34,175.43,1,-1,-1,-1
256,30,544.33,161.02,193.13,204.33,1,-1,-1,-1
256,39,1178.65,262.49,128.91,107.79,1,-1,-1,-1
256,47,1062.51,750.39,400.33,293.82,1,-1,-1,-1
257,2,394.08,203.70,68.90,39.70,1,-1,-1,-1
257,5,1820.55,544.17,97.60,175.90,1,-1,-1,-1
257,30,547.58,161.60,191.03,201.60,1,-1,-1,-1
257,39,1174.21,258.83,126.32,105.50,1,-1,-1,-1
257,47,1079.49,751.61,370.30,271.74,1,-1,-1,-1
258,2,393.79,203.59,69.16,39.81,1,-1,-1,-1
258,30,539.93,162.48,194.95,205.52,1,-1,-1,-1
258,39,1171.87,259.30,123.17,102.25,1,-1,-1,-1
258,47,1086.79,742.08,357.35,262.12,1,-1,-1,-1
259,2,393.78,203.71,69.21,39.81,1,-1,-1,-1
259,30,536.44,165.07,195.61,205.17,1,-1,-1,-1
259,39,1169.24,255.36,123.31,102.24,1,-1,-1,-1
259,47,1087.26,726.66,359.88,264.86,1,-1,-1,-1
260,2,393.67,203.75,69.42,39.90,1,-1,-1,-1
260,5,1821.65,545.33,95.96,174.88,1,-1,-1,-1
260,30,535.06,169.49,195.17,203.81,1,-1,-1,-1
260,39,1165.66,250.78,124.35,102.91,1,-1,-1,-1
260,47,1090.07,713.81,354.81,262.45,1,-1,-1,-1
261,2,392.75,203.42,70.50,40.57,1,-1,-1,-1
261,5,1822.64,546.37,94.78,174.21,1,-1,-1,-1
261,30,535.28,169.48,199.17,208.15,1,-1,-1,-1
261,39,1161.73,244.18,123.82,102.25,1,-1,-1,-1
261,47,1096.99,706.14,342.43,252.83,1,-1,-1,-1
262,2,392.87,203.46,70.51,40.61,1,-1,-1,-1
262,5,1823.21,546.73,94.01,173.92,1,-1,-1,-1
262,30,533.92,171.98,201.25,209.69,1,-1,-1,-1
262,39,1157.93,239.14,122.44,100.88,1,-1,-1,-1
262,47,1100.30,697.29,332.62,245.28,1,-1,-1,-1
262,48,1405.41,70.49,67.38,52.10,1,-1,-1,-1
263,2,392.82,203.28,70.84,40.82,1,-1,-1,-1
263,5,1823.45,546.69,93.64,174.00,1,-1,-1,-1
263,30,529.92,175.43,206.07,214.72,1,-1,-1,-1
263,39,1155.38,235.35,121.79,100.34,1,-1,-1,-1
263,47,1091.29,686.03,330.21,243.70,1,-1,-1,-1
263,48,1395.61,68.22,74.82,57.76,1,-1,-1,-1
264,2,392.94,203.38,70.44,40.58,1,-1,-1,-1
264,5,1823.85,546.83,93.15,173.96,1,-1,-1,-1
264,30,525.02,175.59,210.37,219.67,1,-1,-1,-1
264,39,1153.66,232.54,119.63,98.55,1,-1,-1,-1
264,47,1087.45,678.88,324.67,240.03,1,-1,-1,-1
264,48,1387.93,69.13,74.93,57.52,1,-1,-1,-1
265,2,393.08,203.17,70.76,40.79,1,-1,-1,-1
265,5,1823.95,547.30,92.83,173.96,1,-1,-1,-1
265,30,521.15,172.91,217.53,228.45,1,-1,-1,-1
265,39,1151.78,230.90,117.36,96.27,1,-1,-1,-1
265,47,1090.19,669.50,313.27,231.92,1,-1,-1,-1
265,48,1377.42,69.16,77.43,59.13,1,-1,-1,-1
266,2,393.03,203.20,71.18,41.06,1,-1,-1,-1
266,5,1823.94,547.66,92.60,174.07,1,-1,-1,-1
266,30,518.09,174.70,218.96,229.73,1,-1,-1,-1
266,39,1142.42,224.04,117.95,97.11,1,-1,-1,-1
266,47,1085.22,655.52,314.51,233.52,1,-1,-1,-1
266,48,1369.75,69.96,76.38,58.27,1,-1,-1,-1
267,2,393.04,203.27,71.13,41.04,1,-1,-1,-1
267,5,1824.11,547.93,92.25,173.97,1,-1,-1,-1
267,30,515.35,178.24,218.10,227.84,1,-1,-1,-1
267,39,1137.43,219.13,120.49,99.72,1,-1,-1,-1
267,47,1085.83,646.90,306.21,227.87,1,-1,-1,-1
267,48,1363.34,71.36,75.22,57.38,1,-1,-1,-1
268,2,392.87,203.03,71.68,41.39,1,-1,-1,-1
268,5,1824.30,547.97,91.99,173.78,1,-1,-1,-1
268,30,514.46,184.54,216.57,225.10,1,-1,-1,-1
268,39,1134.11,213.80,121.69,101.03,1,-1,-1,-1
268,47,1084.67,640.08,298.93,222.87,1,-1,-1,-1
268,48,1357.21,73.63,72.95,55.77,1,-1,-1,-1
269,2,392.56,202.95,71.90,41.53,1,-1,-1,-1
269,5,1824.43,547.94,91.86,173.80,1,-1,-1,-1
269,30,515.16,191.19,219.27,226.26,1,-1,-1,-1
269,39,1133.55,210.81,118.89,98.96,1,-1,-1,-1
269,47,1083.76,632.32,292.78,218.39,1,-1,-1,-1
269,48,1349.06,73.75,71.56,54.37,1,-1,-1,-1
270,2,392.47,202.83,72.26,41.77,1,-1,-1,-1
270,5,1824.42,547.76,91.80,173.93,1,-1,-1,-1
270,30,512.26,194.14,224.99,231.06,1,-1,-1,-1
270,39,1131.93,208.15,116.40,96.98,1,-1,-1,-1
270,47,1080.12,622.66,290.77,217.24,1,-1,-1,-1
270,48,1337.76,74.51,75.56,57.57,1,-1,-1,-1
271,2,392.40,202.89,72.99,42.18,1,-1,-1,-1
271,5,1824.52,547.87,91.83,173.97,1,-1,-1,-1
271,30,507.57,196.30,227.98,233.60,1,-1,-1,-1
271,39,1130.64,204.82,115.45,96.75,1,-1,-1,-1
271,47,1074.52,613.04,288.61,216.57,1,-1,-1,-1
271,48,1336.23,77.32,66.10,49.97,1,-1,-1,-1
272,2,392.61,203.17,72.54,41.88,1,-1,-1,-1
272,5,1823.15,545.28,92.86,176.24,1,-1,-1,-1
272,30,502.71,199.46,230.22,235.20,1,-1,-1,-1
272,39,1127.50,201.05,117.71,99.21,1,-1,-1,-1
272,47,1073.92,604.32,283.32,213.37,1,-1,-1,-1
272,48,1319.28,73.32,82.53,63.41,1,-1,-1,-1
273,2,392.79,203.26,72.47,41.85,1,-1,-1,-1
273,5,1823.01,544.82,92.81,176.31,1,-1,-1,-1
273,30,500.25,201.04,234.00,238.39,1,-1,-1,-1
273,39,1126.60,197.96,115.46,97.53,1,-1,-1,-1
273,47,1071.37,596.78,274.91,207.20,1,-1,-1,-1
273,48,1310.63,74.99,84.47,65.83,1,-1,-1,-1
274,2,393.40,203.43,71.76,41.40,1,-1,-1,-1
274,5,1823.05,544.69,92.74,176.33,1,-1,-1,-1
274,30,498.74,203.88,234.67,238.14,1,-1,-1,-1
274,39,1127.63,195.92,112.25,95.22,1,-1,-1,-1
274,47,1068.26,593.02,266.85,202.13,1,-1,-1,-1
274,48,1300.87,75.15,84.96,67.40,1,-1,-1,-1
275,2,393.47,203.51,71.40,41.12,1,-1,-1,-1
275,5,1822.99,544.20,92.84,176.74,1,-1,-1,-1
275,30,493.27,206.21,239.42,242.60,1,-1,-1,-1
275,39,1128.42,194.36,108.51,91.89,1,-1,-1,-1
275,47,1064.03,587.45,259.58,196.95,1,-1,-1,-1
275,48,1294.88,76.61,80.44,64.38,1,-1,-1,-1
276,2,393.82,203.71,70.82,40.69,1,-1,-1,-1
276,5,1822.91,543.97,92.97,176.99,1,-1,-1,-1
276,30,487.96,205.37,249.24,253.25,1,-1,-1,-1
276,39,1126.85,189.43,111.48,94.72,1,-1,-1,-1
276,47,1062.51,580.02,252.95,191.71,1,-1,-1,-1
276,48,1290.58,79.26,79.01,62.71,1,-1,-1,-1
277,2,394.06,204.05,70.29,40.30,1,-1,-1,-1
277,30,472.60,210.15,248.69,254.09,1,-1,-1,-1
277,39,1127.32,185.44,111.41,94.94,1,-1,-1,-1
277,47,1060.34,572.14,251.01,190.52,1,-1,-1,-1
277,48,1282.43,79.81,74.13,59.37,1,-1,-1,-1
277,51,976.64,85.46,53.46,46.98,1,-1,-1,-1
278,2,393.99,204.11,70.58,40.37,1,-1,-1,-1
278,30,464.97,218.23,245.98,252.72,1,-1,-1,-1
278,39,1128.51,182.46,110.44,94.21,1,-1,-1,-1
278,47,1059.53,567.22,243.81,185.48,1,-1,-1,-1
278,48,1272.77,80.10,75.52,60.94,1,-1,-1,-1
278,51,978.31,81.53,58.17,50.88,1,-1,-1,-1
279,2,394.34,204.16,70.33,40.14,1,-1,-1,-1
279,30,458.28,221.39,247.41,255.68,1,-1,-1,-1
279,39,1131.17,179.46,108.06,92.11,1,-1,-1,-1
279,47,1058.09,561.27,237.62,181.09,1,-1,-1,-1
279,48,1263.87,81.38,76.63,60.85,1,-1,-1,-1
279,51,980.58,79.70,61.20,53.54,1,-1,-1,-1
279,52,948.06,67.57,99.91,62.12,1,-1,-1,-1
280,2,393.97,204.00,70.92,40.44,1,-1,-1,-1
280,30,455.44,226.09,245.42,253.97,1,-1,-1,-1
280,39,1135.11,178.13,104.79,88.97,1,-1,-1,-1
280,47,1054.57,552.22,235.67,179.68,1,-1,-1,-1
280,48,1255.78,83.23,76.58,59.42,1,-1,-1,-1
280,52,958.85,65.87,100.53,62.60,1,-1,-1,-1
281,2,393.41,204.16,70.53,40.14,1,-1,-1,-1
281,5,1825.11,546.25,90.97,173.23,1,-1,-1,-1
281,30,450.42,232.45,242.95,250.32,1,-1,-1,-1
281,39,1138.28,176.86,103.84,87.89,1,-1,-1,-1
281,47,1053.62,545.33,230.96,176.78,1,-1,-1,-1
281,48,1243.28,85.23,77.87,59.05,1,-1,-1,-1
281,52,966.96,64.96,101.15,63.06,1,-1,-1,-1
282,2,393.25,204.35,69.85,39.77,1,-1,-1,-1
282,5,1825.47,546.59,90.68,172.76,1,-1,-1,-1
282,30,445.60,236.03,243.80,250.16,1,-1,-1,-1
282,39,1142.10,173.55,103.15,87.28,1,-1,-1,-1
282,47,1050.63,538.29,228.56,175.88,1,-1,-1,-1
282,48,1233.32,86.57,79.24,58.93,1,-1,-1,-1
282,52,974.18,65.10,103.37,64.52,1,-1,-1,-1
283,2,393.03,204.33,69.71,39.71,1,-1,-1,-1
283,5,1825.66,546.92,90.44,172.41,1,-1,-1,-1
283,30,437.82,241.39,249.66,256.22,1,-1,-1,-1
283,39,1144.46,170.16,104.74,88.47,1,-1,-1,-1
283,47,1052.26,536.05,218.12,167.96,1,-1,-1,-1
283,48,1222.90,87.93,80.51,59.08,1,-1,-1,-1
283,52,979.89,65.44,103.69,64.62,1,-1,-1,-1
284,2,392.76,204.14,70.33,40.11,1,-1,-1,-1
284,5,1825.68,546.89,90.36,172.29,1,-1,-1,-1
284,30,432.24,245.63,252.95,259.52,1,-1,-1,-1
284,39,1149.75,168.02,104.34,87.59,1,-1,-1,-1
284,47,1052.41,531.72,212.51,163.62,1,-1,-1,-1
284,48,1212.73,89.17,79.97,58.04,1,-1,-1,-1
284,52,986.94,65.33,105.52,65.67,1,-1,-1,-1
285,2,392.81,204.04,70.27,40.09,1,-1,-1,-1
285,5,1826.07,546.91,90.38,172.50,1,-1,-1,-1
285,30,427.22,246.19,259.65,267.33,1,-1,-1,-1
285,39,1153.92,165.12,105.80,88.44,1,-1,-1,-1
285,47,1052.56,523.34,211.08,162.43,1,-1,-1,-1
285,48,1198.69,89.68,83.45,60.16,1,-1,-1,-1
285,52,992.76,64.42,109.00,67.99,1,-1,-1,-1
286,2,393.02,203.95,70.00,39.95,1,-1,-1,-1
286,5,1826.02,546.61,90.39,172.63,1,-1,-1,-1
286,30,422.00,246.47,266.28,275.79,1,-1,-1,-1
286,39,1157.48,161.36,107.70,89.79,1,-1,-1,-1
286,47,1053.34,517.72,204.93,157.95,1,-1,-1,-1
286,48,1186.36,89.52,86.84,62.62,1,-1,-1,-1
286,52,1001.62,65.31,108.98,68.39,1,-1,-1,-1
287,2,392.84,203.96,70.09,40.03,1,-1,-1,-1
287,5,1825.87,546.70,90.33,172.58,1,-1,-1,-1
287,30,409.22,242.72,276.07,288.12,1,-1,-1,-1
287,39,1162.55,158.93,108.19,90.03,1,-1,-1,-1
287,47,1053.39,511.67,200.52,154.70,1,-1,-1,-1
287,48,1175.59,90.40,88.35,63.54,1,-1,-1,-1
287,52,1009.18,66.12,108.68,68.56,1,-1,-1,-1
288,2,392.79,203.92,70.44,40.28,1,-1,-1,-1
288,5,1825.98,546.81,90.36,172.67,1,-1,-1,-1
288,30,415.53,259.53,264.15,275.90,1,-1,-1,-1
288,39,1169.93,160.45,103.70,85.31,1,-1,-1,-1
288,47,1051.94,504.96,201.12,155.72,1,-1,-1,-1
288,48,1162.67,92.27,89.09,63.91,1,-1,-1,-1
288,52,1017.65,67.09,106.62,67.62,1,-1,-1,-1
289,2,392.98,204.17,69.94,39.96,1,-1,-1,-1
289,5,1825.80,546.81,90.41,172.95,1,-1,-1,-1
289,30,401.66,254.12,275.17,289.85,1,-1,-1,-1
289,39,1177.43,160.90,99.41,80.75,1,-1,-1,-1
289,47,1047.74,499.05,199.12,153.78,1,-1,-1,-1
289,48,1152.20,94.62,88.93,63.53,1,-1,-1,-1
289,52,1026.89,68.54,102.83,65.55,1,-1,-1,-1
290,2,392.80,204.18,69.89,39.95,1,-1,-1,-1
290,5,1825.74,546.69,90.46,173.26,1,-1,-1,-1
290,30,392.80,256.07,278.96,295.87,1,-1,-1,-1
290,39,1184.01,157.88,102.34,82.20,1,-1,-1,-1
290,47,1048.99,491.43,200.54,155.44,1,-1,-1,-1
290,48,1139.26,97.17,88.01,62.27,1,-1,-1,-1
290,52,1035.46,72.17,100.69,65.15,1,-1,-1,-1
291,2,392.92,204.26,69.68,39.92,1,-1,-1,-1
291,5,1824.69,546.27,91.01,174.18,1,-1,-1,-1
291,30,385.28,258.36,282.46,302.59,1,-1,-1,-1
291,39,1192.43,155.96,102.85,81.68,1,-1,-1,-1
291,47,1044.67,483.86,200.00,155.02,1,-1,-1,-1
291,48,1126.74,99.55,88.22,61.93,1,-1,-1,-1
291,52,1039.85,73.05,99.67,65.19,1,-1,-1,-1
292,2,393.12,204.27,69.43,39.86,1,-1,-1,-1
292,5,1824.39,546.18,91.15,174.33,1,-1,-1,-1
292,30,383.30,260.24,283.42,305.89,1,-1,-1,-1
292,39,1200.85,152.72,104.20,81.80,1,-1,-1,-1
292,47,1043.34,474.98,200.78,155.39,1,-1,-1,-1
292,48,1109.16,100.13,90.13,62.75,1,-1,-1,-1
292,52,1046.00,74.36,98.46,65.05,1,-1,-1,-1
293,2,392.65,204.10,69.80,40.14,1,-1,-1,-1
293,5,1824.29,546.16,91.20,174.43,1,-1,-1,-1
293,30,378.99,267.03,281.34,305.31,1,-1,-1,-1
293,39,1209.96,149.92,102.78,79.90,1,-1,-1,-1
293,47,1040.69,466.55,198.14,153.89,1,-1,-1,-1
293,48,1087.09,94.33,99.89,69.53,1,-1,-1,-1
293,52,1053.48,75.19,99.84,66.30,1,-1,-1,-1
294,2,392.41,203.94,70.14,40.39,1,-1,-1,-1
294,30,372.45,270.91,282.07,307.57,1,-1,-1,-1
294,39,1218.77,145.72,106.01,82.11,1,-1,-1,-1
294,47,1036.47,459.39,196.83,154.28,1,-1,-1,-1
294,48,1065.34,90.74,110.92,78.07,1,-1,-1,-1
294,52,1066.82,75.97,77.00,50.49,1,-1,-1,-1
295,2,392.37,203.96,70.05,40.37,1,-1,-1,-1
295,30,367.26,274.78,281.85,309.18,1,-1,-1,-1
295,39,1227.17,143.14,108.14,83.66,1,-1,-1,-1
295,47,1039.32,454.18,190.22,149.58,1,-1,-1,-1
295,48,1052.09,88.53,114.45,81.92,1,-1,-1,-1
295,52,1074.70,76.73,74.39,48.78,1,-1,-1,-1
296,2,392.29,203.95,70.19,40.48,1,-1,-1,-1
296,30,363.58,282.73,282.44,310.64,1,-1,-1,-1
296,39,1238.62,141.53,106.46,81.61,1,-1,-1,-1
296,47,1043.93,449.31,185.27,145.26,1,-1,-1,-1
296,48,1037.38,91.76,113.17,81.70,1,-1,-1,-1
297,2,392.07,203.73,70.59,40.78,1,-1,-1,-1
297,30,359.81,287.10,286.35,317.05,1,-1,-1,-1
297,39,1246.19,139.64,106.65,81.34,1,-1,-1,-1
297,47,1049.02,443.20,183.13,142.96,1,-1,-1,-1
297,48,1028.26,97.98,106.57,76.80,1,-1,-1,-1
298,2,392.15,203.59,70.83,41.00,1,-1,-1,-1
298,30,358.21,292.59,288.25,320.62,1,-1,-1,-1
298,39,1254.74,137.77,107.74,81.97,1,-1,-1,-1
298,47,1050.44,437.33,182.06,142.16,1,-1,-1,-1
298,48,1013.77,106.93,99.90,71.89,1,-1,-1,-1
299,2,391.96,203.82,70.59,40.90,1,-1,-1,-1
299,30,354.24,295.55,289.91,323.74,1,-1,-1,-1
299,39,1262.91,134.01,108.95,82.79,1,-1,-1,-1
299,47,1053.74,433.62,177.65,139.25,1,-1,-1,-1
299,48,1003.96,112.37,95.97,68.75,1,-1,-1,-1
299,54,1074.27,79.55,82.17,67.56,1,-1,-1,-1
300,2,391.91,203.81,70.51,40.93,1,-1,-1,-1
300,30,344.14,289.58,300.50,338.75,1,-1,-1,-1
300,39,1274.00,130.73,109.32,83.04,1,-1,-1,-1
300,47,1057.79,427.40,173.56,136.28,1,-1,-1,-1
300,48,987.20,116.15,95.96,68.49,1,-1,-1,-1
300,54,1075.02,79.94,80.84,66.54,1,-1,-1,-1
301,2,392.18,203.49,70.80,41.13,1,-1,-1,-1
301,30,340.14,290.79,304.43,346.28,1,-1,-1,-1
301,39,1280.93,126.26,112.64,85.92,1,-1,-1,-1
301,47,1063.55,419.63,172.87,135.58,1,-1,-1,-1
301,48,971.55,117.14,97.68,69.73,1,-1,-1,-1
301,54,1076.91,80.37,79.86,65.77,1,-1,-1,-1
302,2,392.12,203.62,70.58,40.94,1,-1,-1,-1
302,30,339.18,300.31,302.08,343.98,1,-1,-1,-1
302,39,1308.24,106.50,140.16,105.21,1,-1,-1,-1
302,47,1067.65,410.19,173.00,135.56,1,-1,-1,-1
302,48,956.17,120.54,97.51,68.94,1,-1,-1,-1
302,54,1076.20,81.48,80.98,66.77,1,-1,-1,-1
303,2,392.14,203.69,70.35,40.75,1,-1,-1,-1
303,30,332.12,302.53,305.01,347.71,1,-1,-1,-1
303,39,1319.79,96.75,151.76,112.81,1,-1,-1,-1
303,47,1074.60,407.74,169.01,132.26,1,-1,-1,-1
303,48,942.82,122.37,98.60,69.28,1,-1,-1,-1
303,54,1075.45,81.99,82.27,67.95,1,-1,-1,-1
304,2,391.99,203.65,70.50,40.84,1,-1,-1,-1
304,30,332.08,313.10,301.68,342.92,1,-1,-1,-1
304,39,1328.01,92.63,154.49,113.80,1,-1,-1,-1
304,47,1082.00,403.67,164.83,128.05,1,-1,-1,-1
304,48,925.80,123.87,100.42,70.41,1,-1,-1,-1
304,54,1073.79,82.88,82.88,68.45,1,-1,-1,-1
305,2,392.06,203.58,70.66,40.95,1,-1,-1,-1
305,30,328.03,316.64,308.12,349.53,1,-1,-1,-1
305,39,1325.07,76.97,165.00,121.94,1,-1,-1,-1
305,47,1087.90,399.15,163.94,126.37,1,-1,-1,-1
305,48,910.90,126.55,100.94,70.31,1,-1,-1,-1
305,54,1073.00,83.59,82.36,67.97,1,-1,-1,-1
306,2,391.89,203.41,71.07,41.20,1,-1,-1,-1
306,30,326.81,323.18,309.28,349.43,1,-1,-1,-1
306,39,1334.00,93.49,144.82,105.55,1,-1,-1,-1
306,47,1093.41,392.48,165.08,126.63,1,-1,-1,-1
306,48,895.88,129.77,100.46,69.10,1,-1,-1,-1
306,54,1069.82,85.02,85.17,70.68,1,-1,-1,-1
307,2,391.78,203.47,70.96,41.15,1,-1,-1,-1
307,30,320.57,328.23,311.05,348.10,1,-1,-1,-1
307,39,1342.97,89.39,146.88,107.05,1,-1,-1,-1
307,47,1103.58,383.37,164.88,125.95,1,-1,-1,-1
307,48,880.70,132.22,100.95,69.19,1,-1,-1,-1
307,54,1067.92,85.34,85.81,71.78,1,-1,-1,-1
307,55,1346.24,124.13,105.45,73.99,1,-1,-1,-1
308,2,391.66,203.54,70.87,41.10,1,-1,-1,-1
308,30,317.60,335.30,313.58,347.72,1,-1,-1,-1
308,39,1352.81,104.15,128.92,92.73,1,-1,-1,-1
308,47,1114.80,377.61,161.59,123.03,1,-1,-1,-1
308,48,864.56,132.24,107.77,74.16,1,-1,-1,-1
308,54,1064.87,85.45,86.91,73.26,1,-1,-1,-1
308,55,1352.27,121.07,107.91,75.47,1,-1,-1,-1
309,2,391.54,203.42,71.15,41.27,1,-1,-1,-1
309,30,312.14,339.94,318.32,350.46,1,-1,-1,-1
309,39,1360.20,105.26,126.85,90.88,1,-1,-1,-1
309,47,1122.57,372.33,160.26,121.23,1,-1,-1,-1
309,48,850.21,132.84,108.86,75.29,1,-1,-1,-1
309,54,1061.62,85.56,87.64,74.22,1,-1,-1,-1
309,55,1359.56,118.94,105.88,73.95,1,-1,-1,-1
310,2,391.69,203.36,71.29,41.36,1,-1,-1,-1
310,30,304.54,344.03,324.32,353.44,1,-1,-1,-1
310,39,1369.16,103.30,126.61,90.70,1,-1,-1,-1
310,47,1130.91,367.51,160.10,120.10,1,-1,-1,-1
310,48,835.47,133.41,109.67,75.83,1,-1,-1,-1
310,54,1057.96,86.94,87.96,74.82,1,-1,-1,-1
310,55,1366.33,116.29,108.15,75.73,1,-1,-1,-1
