1,1,390.79,201.98,72.38,41.57,1,-1,-1,-1
1,2,954.19,211.04,116.40,107.08,1,-1,-1,-1
1,4,320.78,557.47,226.95,175.18,1,-1,-1,-1
2,1,390.80,201.98,72.37,41.57,1,-1,-1,-1
2,2,955.41,209.32,115.98,106.22,1,-1,-1,-1
2,4,314.46,562.03,230.14,176.92,1,-1,-1,-1
3,1,390.80,201.98,72.37,41.56,1,-1,-1,-1
3,2,956.54,207.56,115.55,105.39,1,-1,-1,-1
3,4,307.98,566.64,233.80,179.06,1,-1,-1,-1
4,1,390.81,201.98,72.36,41.56,1,-1,-1,-1
4,2,957.61,205.76,115.10,104.56,1,-1,-1,-1
4,4,301.43,571.30,238.05,181.48,1,-1,-1,-1
5,1,390.81,201.98,72.36,41.56,1,-1,-1,-1
5,2,958.63,203.93,114.65,103.76,1,-1,-1,-1
5,4,294.88,576.01,242.74,184.00,1,-1,-1,-1
6,1,390.82,201.98,72.35,41.56,1,-1,-1,-1
6,2,959.60,202.06,114.19,102.97,1,-1,-1,-1
6,4,288.39,580.77,247.42,186.50,1,-1,-1,-1
7,1,390.82,201.98,72.34,41.56,1,-1,-1,-1
7,2,960.56,200.16,113.72,102.21,1,-1,-1,-1
7,4,281.92,585.56,251.57,188.94,1,-1,-1,-1
8,1,390.83,201.99,72.34,41.55,1,-1,-1,-1
8,2,961.52,198.22,113.25,101.48,1,-1,-1,-1
8,4,275.37,590.39,254.80,191.34,1,-1,-1,-1
9,1,390.83,201.99,72.33,41.55,1,-1,-1,-1
9,2,962.49,196.25,112.79,100.77,1,-1,-1,-1
9,4,268.63,595.23,257.06,193.77,1,-1,-1,-1
10,1,390.84,201.99,72.33,41.55,1,-1,-1,-1
10,2,963.51,194.26,112.34,100.08,1,-1,-1,-1
10,4,261.57,600.09,258.69,196.29,1,-1,-1,-1
11,1,390.84,201.99,72.32,41.55,1,-1,-1,-1
11,2,964.60,192.23,111.89,99.42,1,-1,-1,-1
11,4,254.13,604.95,260.27,198.95,1,-1,-1,-1
12,1,390.85,201.99,72.31,41.55,1,-1,-1,-1
12,2,965.78,190.19,111.47,98.79,1,-1,-1,-1
12,4,246.34,609.82,262.27,201.75,1,-1,-1,-1
13,1,390.85,201.99,72.31,41.54,1,-1,-1,-1
13,2,967.08,188.12,111.06,98.17,1,-1,-1,-1
13,4,238.27,614.67,264.86,204.62,1,-1,-1,-1
14,1,390.86,201.99,72.30,41.54,1,-1,-1,-1
14,2,968.51,186.04,110.69,97.58,1,-1,-1,-1
14,4,230.00,619.51,267.86,207.44,1,-1,-1,-1
15,1,390.86,201.99,72.30,41.54,1,-1,-1,-1
15,2,970.11,183.95,110.34,97.01,1,-1,-1,-1
15,4,221.64,624.32,271.01,210.07,1,-1,-1,-1
16,1,390.87,202.00,72.29,41.54,1,-1,-1,-1
16,2,971.89,181.86,110.03,96.45,1,-1,-1,-1
16,4,213.20,629.10,274.27,212.42,1,-1,-1,-1
17,1,390.88,202.00,72.28,41.53,1,-1,-1,-1
17,2,973.86,179.77,109.76,95.91,1,-1,-1,-1
17,4,204.71,633.84,277.81,214.56,1,-1,-1,-1
18,1,390.88,202.00,72.28,41.53,1,-1,-1,-1
18,2,976.06,177.68,109.54,95.37,1,-1,-1,-1
18,4,196.13,638.54,281.82,216.62,1,-1,-1,-1
19,1,390.89,202.00,72.27,41.53,1,-1,-1,-1
19,2,978.49,175.61,109.38,94.84,1,-1,-1,-1
19,4,187.45,643.18,286.34,218.78,1,-1,-1,-1
20,1,390.89,202.00,72.27,41.53,1,-1,-1,-1
20,2,981.16,173.55,109.28,94.32,1,-1,-1,-1
20,4,178.67,647.76,291.32,221.11,1,-1,-1,-1
21,1,390.90,202.00,72.26,41.53,1,-1,-1,-1
21,2,984.10,171.50,109.25,93.79,1,-1,-1,-1
21,3,1812.58,545.02,98.97,170.28,1,-1,-1,-1
21,4,169.82,652.28,296.60,223.57,1,-1,-1,-1
22,1,390.90,202.00,72.26,41.52,1,-1,-1,-1
22,2,987.30,169.48,109.29,93.26,1,-1,-1,-1
22,3,1812.67,545.06,98.92,170.22,1,-1,-1,-1
22,4,160.96,656.73,301.95,226.06,1,-1,-1,-1
23,1,390.91,202.00,72.25,41.52,1,-1,-1,-1
23,2,990.77,167.49,109.40,92.73,1,-1,-1,-1
23,3,1812.77,545.10,98.87,170.17,1,-1,-1,-1
23,4,152.17,661.11,307.05,228.43,1,-1,-1,-1
24,1,390.91,202.01,72.24,41.52,1,-1,-1,-1
24,2,994.52,165.52,109.58,92.19,1,-1,-1,-1
24,3,1812.86,545.14,98.82,170.11,1,-1,-1,-1
24,4,143.56,665.41,311.58,230.56,1,-1,-1,-1
25,1,390.92,202.01,72.24,41.52,1,-1,-1,-1
25,2,998.55,163.58,109.82,91.64,1,-1,-1,-1
25,3,1812.95,545.18,98.76,170.06,1,-1,-1,-1
25,4,135.24,669.63,315.25,232.41,1,-1,-1,-1
26,1,390.92,202.01,72.23,41.52,1,-1,-1,-1
26,2,1002.86,161.68,110.12,91.08,1,-1,-1,-1
26,3,1813.05,545.23,98.71,170.00,1,-1,-1,-1
26,4,127.21,673.78,318.04,233.98,1,-1,-1,-1
27,1,390.93,202.01,72.23,41.51,1,-1,-1,-1
27,2,1007.45,159.80,110.47,90.50,1,-1,-1,-1
27,3,1813.14,545.27,98.66,169.95,1,-1,-1,-1
27,4,119.43,677.84,320.23,235.35,1,-1,-1,-1
28,1,390.93,202.01,72.22,41.51,1,-1,-1,-1
28,2,1012.32,157.96,110.86,89.92,1,-1,-1,-1
28,3,1813.23,545.31,98.61,169.89,1,-1,-1,-1
28,4,111.80,681.82,322.30,236.65,1,-1,-1,-1
29,1,390.94,202.01,72.21,41.51,1,-1,-1,-1
29,2,1017.46,156.15,111.28,89.33,1,-1,-1,-1
29,3,1813.33,545.35,98.56,169.84,1,-1,-1,-1
29,4,104.24,685.72,324.69,238.01,1,-1,-1,-1
30,1,390.94,202.01,72.21,41.51,1,-1,-1,-1
30,2,1022.87,154.38,111.72,88.72,1,-1,-1,-1
30,3,1813.42,545.39,98.51,169.78,1,-1,-1,-1
30,4,96.69,689.54,327.56,239.50,1,-1,-1,-1
31,1,390.95,202.01,72.20,41.50,1,-1,-1,-1
31,2,1028.54,152.64,112.17,88.10,1,-1,-1,-1
31,3,1813.52,545.43,98.46,169.73,1,-1,-1,-1
31,4,89.06,693.28,330.92,241.09,1,-1,-1,-1
32,1,390.95,202.02,72.20,41.50,1,-1,-1,-1
32,2,1034.46,150.94,112.61,87.47,1,-1,-1,-1
32,3,1813.61,545.47,98.40,169.67,1,-1,-1,-1
32,4,81.28,696.93,334.73,242.68,1,-1,-1,-1
33,1,390.96,202.02,72.19,41.50,1,-1,-1,-1
33,2,1040.62,149.27,113.03,86.83,1,-1,-1,-1
33,3,1813.70,545.51,98.35,169.62,1,-1,-1,-1
33,4,73.24,700.50,339.03,244.13,1,-1,-1,-1
34,1,390.96,202.02,72.19,41.50,1,-1,-1,-1
34,2,1047.02,147.63,113.43,86.18,1,-1,-1,-1
34,3,1813.80,545.55,98.30,169.56,1,-1,-1,-1
34,4,64.89,703.98,343.77,245.20,1,-1,-1,-1
35,1,390.97,202.02,72.18,41.50,1,-1,-1,-1
35,2,1053.63,146.03,113.79,85.51,1,-1,-1,-1
35,3,1813.89,545.59,98.25,169.51,1,-1,-1,-1
35,4,56.20,707.37,348.60,245.71,1,-1,-1,-1
36,1,390.97,202.02,72.17,41.49,1,-1,-1,-1
36,2,1060.46,144.47,114.10,84.83,1,-1,-1,-1
36,3,1813.99,545.63,98.20,169.45,1,-1,-1,-1
36,4,47.27,710.68,352.96,245.49,1,-1,-1,-1
37,1,390.98,202.02,72.17,41.49,1,-1,-1,-1
37,2,1067.48,142.94,114.36,84.14,1,-1,-1,-1
37,3,1814.08,545.67,98.15,169.40,1,-1,-1,-1
37,4,38.31,713.90,356.36,244.46,1,-1,-1,-1
38,1,390.99,202.02,72.16,41.49,1,-1,-1,-1
38,2,1074.69,141.44,114.55,83.44,1,-1,-1,-1
38,3,1814.17,545.71,98.10,169.34,1,-1,-1,-1
38,4,29.65,717.04,358.58,242.61,1,-1,-1,-1
39,1,390.99,202.02,72.16,41.49,1,-1,-1,-1
39,2,1082.08,139.98,114.67,82.72,1,-1,-1,-1
39,3,1814.27,545.75,98.04,169.29,1,-1,-1,-1
39,4,21.71,720.08,359.71,240.05,1,-1,-1,-1
40,1,391.00,202.03,72.15,41.48,1,-1,-1,-1
40,2,1089.62,138.55,114.71,81.99,1,-1,-1,-1
40,3,1814.36,545.79,97.99,169.23,1,-1,-1,-1
40,4,14.88,723.04,359.89,236.98,1,-1,-1,-1
41,1,391.00,202.03,72.14,41.48,1,-1,-1,-1
41,2,1097.31,137.16,114.68,81.26,1,-1,-1,-1
41,3,1814.45,545.83,97.94,169.18,1,-1,-1,-1
41,4,9.46,725.91,359.09,233.68,1,-1,-1,-1
42,1,391.01,202.03,72.14,41.48,1,-1,-1,-1
42,2,1105.12,135.79,114.57,80.51,1,-1,-1,-1
42,3,1814.55,545.87,97.89,169.12,1,-1,-1,-1
42,4,5.60,728.70,357.01,230.43,1,-1,-1,-1
43,1,391.01,202.03,72.13,41.48,1,-1,-1,-1
43,2,1113.05,134.46,114.39,79.76,1,-1,-1,-1
43,3,1814.64,545.91,97.84,169.07,1,-1,-1,-1
43,4,3.31,731.39,353.37,227.33,1,-1,-1,-1
44,1,391.02,202.03,72.13,41.48,1,-1,-1,-1
44,2,1121.08,133.16,114.15,79.00,1,-1,-1,-1
44,3,1814.74,545.95,97.79,169.01,1,-1,-1,-1
44,4,2.43,733.99,348.32,224.31,1,-1,-1,-1
45,1,391.02,202.03,72.12,41.47,1,-1,-1,-1
45,2,1129.19,131.88,113.84,78.24,1,-1,-1,-1
45,3,1814.83,545.99,97.74,168.96,1,-1,-1,-1
45,4,2.70,736.49,342.29,221.19,1,-1,-1,-1
46,1,391.03,202.03,72.12,41.47,1,-1,-1,-1
46,2,1137.37,130.62,113.48,77.48,1,-1,-1,-1
46,3,1814.92,546.03,97.68,168.90,1,-1,-1,-1
46,4,3.78,738.88,335.82,217.75,1,-1,-1,-1
47,1,391.03,202.04,72.11,41.47,1,-1,-1,-1
47,2,1145.60,129.38,113.07,76.72,1,-1,-1,-1
47,3,1815.02,546.07,97.63,168.85,1,-1,-1,-1
47,4,5.31,741.17,329.47,213.78,1,-1,-1,-1
48,1,391.04,202.04,72.10,41.47,1,-1,-1,-1
48,2,1153.87,128.15,112.62,75.97,1,-1,-1,-1
48,3,1815.11,546.11,97.58,168.79,1,-1,-1,-1
48,4,6.93,743.34,323.73,209.12,1,-1,-1,-1
49,1,391.04,202.04,72.10,41.47,1,-1,-1,-1
49,2,1162.18,126.93,112.15,75.24,1,-1,-1,-1
49,3,1815.21,546.15,97.53,168.74,1,-1,-1,-1
49,4,8.35,745.40,318.92,203.69,1,-1,-1,-1
50,1,391.05,202.04,72.09,41.46,1,-1,-1,-1
50,2,1170.49,125.71,111.64,74.52,1,-1,-1,-1
50,3,1815.30,546.19,97.48,168.68,1,-1,-1,-1
50,4,9.36,747.33,315.06,197.57,1,-1,-1,-1
51,1,391.05,202.04,72.09,41.46,1,-1,-1,-1
51,2,1178.81,124.49,111.12,73.82,1,-1,-1,-1
51,3,1815.39,546.23,97.43,168.63,1,-1,-1,-1
51,4,9.88,749.14,311.87,191.06,1,-1,-1,-1
52,1,391.06,202.04,72.08,41.46,1,-1,-1,-1
52,2,1187.12,123.27,110.58,73.15,1,-1,-1,-1
52,3,1815.49,546.27,97.38,168.57,1,-1,-1,-1
52,4,9.91,750.82,308.94,184.70,1,-1,-1,-1
53,1,391.06,202.04,72.07,41.46,1,-1,-1,-1
53,2,1195.41,122.04,110.01,72.50,1,-1,-1,-1
53,3,1815.58,546.31,97.32,168.52,1,-1,-1,-1
53,4,9.54,752.36,306.05,179.17,1,-1,-1,-1
54,1,391.07,202.04,72.07,41.45,1,-1,-1,-1
54,2,1203.67,120.80,109.41,71.88,1,-1,-1,-1
54,3,1815.67,546.35,97.27,168.46,1,-1,-1,-1
54,4,8.91,753.79,303.32,175.17,1,-1,-1,-1
55,1,391.07,202.05,72.06,41.45,1,-1,-1,-1
55,2,1211.89,119.55,108.78,71.30,1,-1,-1,-1
55,3,1815.77,546.39,97.22,168.41,1,-1,-1,-1
55,4,8.17,755.08,301.19,173.27,1,-1,-1,-1
56,1,391.08,202.05,72.06,41.45,1,-1,-1,-1
56,2,1220.05,118.28,108.11,70.74,1,-1,-1,-1
56,3,1815.86,546.43,97.17,168.35,1,-1,-1,-1
56,4,7.47,756.25,300.34,173.83,1,-1,-1,-1
57,1,391.09,202.05,72.05,41.45,1,-1,-1,-1
57,2,1228.15,116.99,107.39,70.22,1,-1,-1,-1
57,3,1815.96,546.47,97.12,168.30,1,-1,-1,-1
57,4,6.97,757.31,301.65,177.02,1,-1,-1,-1
58,1,391.09,202.05,72.04,41.45,1,-1,-1,-1
58,2,1236.16,115.69,106.62,69.74,1,-1,-1,-1
58,3,1816.05,546.51,97.07,168.24,1,-1,-1,-1
58,4,6.76,758.25,306.06,182.80,1,-1,-1,-1
59,1,391.10,202.05,72.04,41.44,1,-1,-1,-1
59,2,1244.08,114.37,105.81,69.29,1,-1,-1,-1
59,3,1816.14,546.55,97.02,168.19,1,-1,-1,-1
59,4,6.92,759.09,314.56,191.03,1,-1,-1,-1
59,5,1675.09,786.71,237.90,287.26,1,-1,-1,-1
60,1,391.10,202.05,72.03,41.44,1,-1,-1,-1
60,2,1251.89,113.04,104.95,68.87,1,-1,-1,-1
60,3,1816.24,546.59,96.96,168.13,1,-1,-1,-1
60,4,7.44,759.84,327.75,201.44,1,-1,-1,-1
60,5,1662.52,777.07,254.05,282.98,1,-1,-1,-1
61,1,391.11,202.05,72.03,41.44,1,-1,-1,-1
61,2,1259.57,111.69,104.06,68.48,1,-1,-1,-1
61,3,1816.33,546.64,96.91,168.08,1,-1,-1,-1
61,4,8.28,760.51,345.45,213.57,1,-1,-1,-1
61,5,1649.85,767.47,269.20,278.68,1,-1,-1,-1
62,1,391.11,202.05,72.02,41.44,1,-1,-1,-1
62,2,1267.09,110.32,103.14,68.13,1,-1,-1,-1
62,3,1816.43,546.68,96.86,168.02,1,-1,-1,-1
62,4,9.33,761.10,366.80,226.88,1,-1,-1,-1
62,5,1637.11,757.94,283.15,274.37,1,-1,-1,-1
63,1,391.12,202.06,72.02,41.44,1,-1,-1,-1
63,2,1274.46,108.95,102.22,67.80,1,-1,-1,-1
63,3,1816.52,546.72,96.81,167.97,1,-1,-1,-1
63,4,10.45,761.64,390.44,240.76,1,-1,-1,-1
63,5,1624.32,748.48,295.67,270.05,1,-1,-1,-1
64,1,391.12,202.06,72.01,41.43,1,-1,-1,-1
64,2,1281.64,107.56,101.30,67.50,1,-1,-1,-1
64,3,1816.61,546.76,96.76,167.91,1,-1,-1,-1
64,4,11.49,762.14,414.80,254.57,1,-1,-1,-1
64,5,1611.50,739.09,306.52,265.71,1,-1,-1,-1
65,1,391.13,202.06,72.00,41.43,1,-1,-1,-1
65,2,1288.63,106.17,100.40,67.22,1,-1,-1,-1
65,3,1816.71,546.80,96.71,167.86,1,-1,-1,-1
65,4,12.29,762.61,438.19,267.71,1,-1,-1,-1
65,5,1598.68,729.78,315.46,261.36,1,-1,-1,-1
66,1,391.13,202.06,72.00,41.43,1,-1,-1,-1
66,2,1295.42,104.77,99.54,66.97,1,-1,-1,-1
66,3,1816.80,546.84,96.66,167.81,1,-1,-1,-1
66,4,12.68,763.06,459.00,279.61,1,-1,-1,-1
66,5,1585.87,720.56,322.29,257.01,1,-1,-1,-1
67,1,391.14,202.06,71.99,41.43,1,-1,-1,-1
67,2,1302.00,103.36,98.73,66.73,1,-1,-1,-1
67,3,1816.89,546.88,96.60,167.75,1,-1,-1,-1
67,4,12.52,763.51,475.83,289.81,1,-1,-1,-1
67,5,1573.11,711.44,326.85,252.64,1,-1,-1,-1
68,1,391.14,202.06,71.99,41.42,1,-1,-1,-1
68,2,1308.38,101.95,97.97,66.52,1,-1,-1,-1
68,3,1816.99,546.92,96.55,167.70,1,-1,-1,-1
68,4,11.68,763.97,487.68,298.01,1,-1,-1,-1
68,5,1560.41,702.41,329.08,248.28,1,-1,-1,-1
69,1,391.15,202.06,71.98,41.42,1,-1,-1,-1
69,2,1314.55,100.54,97.27,66.32,1,-1,-1,-1
69,3,1817.08,546.96,96.50,167.64,1,-1,-1,-1
69,4,10.08,764.45,494.25,304.14,1,-1,-1,-1
69,5,1547.81,693.49,329.06,243.92,1,-1,-1,-1
70,1,391.15,202.06,71.97,41.42,1,-1,-1,-1
70,2,1320.54,99.12,96.62,66.14,1,-1,-1,-1
70,3,1817.18,547.00,96.45,167.59,1,-1,-1,-1
70,4,7.71,764.96,496.10,308.45,1,-1,-1,-1
70,5,1535.31,684.67,326.96,239.57,1,-1,-1,-1
71,1,391.16,202.07,71.97,41.42,1,-1,-1,-1
71,2,1326.34,97.69,96.01,65.98,1,-1,-1,-1
71,3,1817.27,547.04,96.40,167.53,1,-1,-1,-1
71,4,4.60,765.51,494.42,311.38,1,-1,-1,-1
71,5,1522.96,675.97,323.07,235.23,1,-1,-1,-1
72,1,391.16,202.07,71.96,41.42,1,-1,-1,-1
72,2,1331.98,96.25,95.44,65.83,1,-1,-1,-1
72,3,1817.36,547.08,96.35,167.48,1,-1,-1,-1
72,4,0.82,766.11,490.55,313.43,1,-1,-1,-1
72,5,1510.77,667.37,317.76,230.92,1,-1,-1,-1
73,1,391.17,202.07,71.96,41.41,1,-1,-1,-1
73,2,1337.48,94.80,94.88,65.71,1,-1,-1,-1
73,3,1817.46,547.12,96.30,167.42,1,-1,-1,-1
73,5,1498.75,658.89,311.41,226.65,1,-1,-1,-1
74,1,391.17,202.07,71.95,41.41,1,-1,-1,-1
74,2,1342.84,93.34,94.33,65.59,1,-1,-1,-1
74,3,1817.55,547.16,96.24,167.37,1,-1,-1,-1
74,5,1486.95,650.52,304.39,222.41,1,-1,-1,-1
75,1,391.18,202.07,71.95,41.41,1,-1,-1,-1
75,2,1348.08,91.86,93.78,65.50,1,-1,-1,-1
75,3,1817.65,547.20,96.19,167.31,1,-1,-1,-1
75,5,1475.35,642.26,297.05,218.22,1,-1,-1,-1
76,1,391.19,202.07,71.94,41.41,1,-1,-1,-1
76,2,1353.21,90.37,93.21,65.42,1,-1,-1,-1
76,3,1817.74,547.24,96.14,167.26,1,-1,-1,-1
76,5,1463.99,634.11,289.67,214.09,1,-1,-1,-1
77,1,391.19,202.07,71.93,41.41,1,-1,-1,-1
77,2,1358.23,88.86,92.61,65.35,1,-1,-1,-1
77,3,1817.83,547.28,96.09,167.20,1,-1,-1,-1
77,5,1452.86,626.07,282.46,210.02,1,-1,-1,-1
78,1,391.20,202.07,71.93,41.40,1,-1,-1,-1
78,2,1363.16,87.34,91.99,65.29,1,-1,-1,-1
78,3,1817.93,547.32,96.04,167.15,1,-1,-1,-1
78,5,1441.97,618.12,275.56,206.03,1,-1,-1,-1
79,1,391.20,202.08,71.92,41.40,1,-1,-1,-1
79,2,1368.00,85.79,91.34,65.24,1,-1,-1,-1
79,3,1818.02,547.36,95.99,167.09,1,-1,-1,-1
79,5,1431.33,610.27,269.03,202.11,1,-1,-1,-1
80,1,391.21,202.08,71.92,41.40,1,-1,-1,-1
80,2,1372.74,84.24,90.67,65.19,1,-1,-1,-1
80,3,1818.11,547.40,95.94,167.04,1,-1,-1,-1
80,5,1420.93,602.51,262.86,198.27,1,-1,-1,-1
81,1,391.21,202.08,71.91,41.40,1,-1,-1,-1
81,2,1377.38,82.66,89.97,65.14,1,-1,-1,-1
81,3,1818.21,547.44,95.88,166.98,1,-1,-1,-1
81,5,1410.80,594.83,257.01,194.51,1,-1,-1,-1
82,1,391.22,202.08,71.90,41.39,1,-1,-1,-1
82,2,1381.94,81.07,89.25,65.09,1,-1,-1,-1
82,3,1818.30,547.48,95.83,166.93,1,-1,-1,-1
82,5,1400.95,587.22,251.41,190.85,1,-1,-1,-1
83,1,391.22,202.08,71.90,41.39,1,-1,-1,-1
83,2,1386.43,79.47,88.52,65.04,1,-1,-1,-1
83,3,1818.40,547.52,95.78,166.87,1,-1,-1,-1
83,5,1391.38,579.68,245.99,187.27,1,-1,-1,-1
84,1,391.23,202.08,71.89,41.39,1,-1,-1,-1
84,2,1390.83,77.85,87.77,64.98,1,-1,-1,-1
84,3,1818.49,547.56,95.73,166.82,1,-1,-1,-1
84,5,1382.11,572.20,240.66,183.80,1,-1,-1,-1
85,1,391.23,202.08,71.89,41.39,1,-1,-1,-1
85,2,1395.17,76.23,87.01,64.91,1,-1,-1,-1
85,3,1818.58,547.60,95.68,166.76,1,-1,-1,-1
85,5,1373.17,564.77,235.37,180.41,1,-1,-1,-1
86,1,391.24,202.09,71.88,41.39,1,-1,-1,-1
86,3,1818.68,547.64,95.63,166.71,1,-1,-1,-1
86,5,1364.56,557.38,230.05,177.12,1,-1,-1,-1
87,1,391.24,202.09,71.88,41.38,1,-1,-1,-1
87,3,1818.77,547.68,95.58,166.65,1,-1,-1,-1
87,5,1356.29,550.02,224.69,173.93,1,-1,-1,-1
88,1,391.25,202.09,71.87,41.38,1,-1,-1,-1
88,3,1818.87,547.72,95.53,166.60,1,-1,-1,-1
88,5,1348.37,542.69,219.31,170.84,1,-1,-1,-1
89,1,391.25,202.09,71.86,41.38,1,-1,-1,-1
89,3,1818.96,547.76,95.47,166.54,1,-1,-1,-1
89,5,1340.79,535.38,213.94,167.83,1,-1,-1,-1
89,8,3.57,764.78,309.97,296.36,1,-1,-1,-1
90,1,391.26,202.09,71.86,41.38,1,-1,-1,-1
90,3,1819.05,547.80,95.42,166.49,1,-1,-1,-1
90,5,1333.53,528.07,208.66,164.92,1,-1,-1,-1
90,8,3.52,764.60,474.37,297.66,1,-1,-1,-1
91,1,391.26,202.09,71.85,41.37,1,-1,-1,-1
91,3,1819.15,547.84,95.37,166.43,1,-1,-1,-1
91,5,1326.58,520.78,203.57,162.10,1,-1,-1,-1
91,7,1416.71,75.06,73.20,59.26,1,-1,-1,-1
91,8,3.47,764.43,478.35,298.96,1,-1,-1,-1
92,1,391.27,202.09,71.85,41.37,1,-1,-1,-1
92,3,1819.24,547.88,95.32,166.38,1,-1,-1,-1
92,5,1319.89,513.48,198.75,159.37,1,-1,-1,-1
92,7,1408.31,74.83,75.25,59.65,1,-1,-1,-1
92,8,3.42,764.25,477.56,300.26,1,-1,-1,-1
93,1,391.27,202.09,71.84,41.37,1,-1,-1,-1
93,3,1819.33,547.92,95.27,166.32,1,-1,-1,-1
93,5,1313.41,506.18,194.28,156.73,1,-1,-1,-1
93,7,1399.90,74.60,77.29,60.04,1,-1,-1,-1
93,8,3.37,764.08,476.76,301.56,1,-1,-1,-1
94,1,391.28,202.10,71.83,41.37,1,-1,-1,-1
94,3,1819.43,547.96,95.22,166.27,1,-1,-1,-1
94,5,1307.10,498.88,190.24,154.17,1,-1,-1,-1
94,7,1391.49,74.37,79.34,60.42,1,-1,-1,-1
94,8,3.32,763.91,475.97,302.86,1,-1,-1,-1
95,1,391.29,202.10,71.83,41.37,1,-1,-1,-1
95,3,1819.52,548.00,95.17,166.21,1,-1,-1,-1
95,5,1300.88,491.57,186.67,151.68,1,-1,-1,-1
95,7,1383.09,74.14,81.38,60.81,1,-1,-1,-1
95,8,3.27,763.73,476.13,304.16,1,-1,-1,-1
96,1,391.29,202.10,71.82,41.36,1,-1,-1,-1
96,3,1819.62,548.04,95.11,166.16,1,-1,-1,-1
96,5,1294.69,484.25,183.59,149.28,1,-1,-1,-1
96,7,1374.68,73.91,83.43,61.20,1,-1,-1,-1
96,8,3.22,763.56,472.47,305.46,1,-1,-1,-1
97,1,391.30,202.10,71.82,41.36,1,-1,-1,-1
97,3,1819.71,548.09,95.06,166.10,1,-1,-1,-1
97,5,1288.46,476.93,180.99,146.94,1,-1,-1,-1
97,7,1366.27,73.69,85.48,61.59,1,-1,-1,-1
97,8,3.17,763.38,468.20,306.76,1,-1,-1,-1
98,1,391.30,202.10,71.81,41.36,1,-1,-1,-1
98,3,1819.80,548.13,95.01,166.05,1,-1,-1,-1
98,5,1282.10,469.60,178.84,144.68,1,-1,-1,-1
98,6,1546.65,717.35,367.96,363.99,1,-1,-1,-1
98,7,1357.87,73.46,87.52,61.98,1,-1,-1,-1
98,8,3.11,763.21,496.66,308.06,1,-1,-1,-1
99,1,391.31,202.10,71.80,41.36,1,-1,-1,-1
99,3,1819.90,548.17,94.96,165.99,1,-1,-1,-1
99,5,1275.55,462.28,177.09,142.48,1,-1,-1,-1
99,6,1533.78,708.98,384.53,370.44,1,-1,-1,-1
99,7,1349.46,73.23,89.57,62.37,1,-1,-1,-1
99,8,3.06,763.04,476.76,309.36,1,-1,-1,-1
100,1,391.31,202.10,71.80,41.36,1,-1,-1,-1
100,3,1819.99,548.21,94.91,165.94,1,-1,-1,-1
100,5,1268.71,454.95,175.67,140.34,1,-1,-1,-1
100,6,1520.88,700.62,399.92,375.87,1,-1,-1,-1
100,7,1341.05,73.00,91.62,62.76,1,-1,-1,-1
100,8,3.01,762.86,500.80,310.66,1,-1,-1,-1
101,1,391.32,202.10,71.79,41.35,1,-1,-1,-1
101,3,1820.08,548.25,94.86,165.88,1,-1,-1,-1
101,5,1261.53,447.64,174.52,138.26,1,-1,-1,-1
101,6,1507.99,692.27,413.82,380.00,1,-1,-1,-1
101,7,1332.65,72.77,93.66,63.15,1,-1,-1,-1
101,8,2.96,762.69,504.78,311.96,1,-1,-1,-1
102,1,391.32,202.11,71.79,41.35,1,-1,-1,-1
102,3,1820.18,548.29,94.81,165.83,1,-1,-1,-1
102,5,1253.95,440.35,173.56,136.23,1,-1,-1,-1
102,6,1495.13,683.95,425.81,382.53,1,-1,-1,-1
102,7,1324.24,72.54,95.71,63.54,1,-1,-1,-1
102,8,2.91,762.51,483.93,313.26,1,-1,-1,-1
103,1,391.33,202.11,71.78,41.35,1,-1,-1,-1
103,3,1820.27,548.33,94.75,165.77,1,-1,-1,-1
103,5,1245.91,433.08,172.74,134.26,1,-1,-1,-1
103,6,1482.34,675.65,435.43,383.23,1,-1,-1,-1
103,7,1315.84,72.31,97.75,63.93,1,-1,-1,-1
103,8,2.86,762.34,482.94,314.56,1,-1,-1,-1
104,1,391.33,202.11,71.78,41.35,1,-1,-1,-1
104,3,1820.37,548.37,94.70,165.72,1,-1,-1,-1
104,5,1237.39,425.84,171.99,132.34,1,-1,-1,-1
104,6,1469.67,667.37,442.21,381.95,1,-1,-1,-1
104,7,1307.43,72.09,99.80,64.31,1,-1,-1,-1
104,8,2.81,762.17,485.40,315.86,1,-1,-1,-1
105,1,391.34,202.11,71.77,41.34,1,-1,-1,-1
105,3,1820.46,548.41,94.65,165.66,1,-1,-1,-1
105,5,1228.39,418.64,171.25,130.47,1,-1,-1,-1
105,6,1457.17,659.12,445.74,378.67,1,-1,-1,-1
105,8,2.76,761.99,480.59,317.16,1,-1,-1,-1
105,9,1268.54,71.89,115.90,56.85,1,-1,-1,-1
106,1,391.34,202.11,71.76,41.34,1,-1,-1,-1
106,3,1820.55,548.45,94.60,165.61,1,-1,-1,-1
106,5,1218.91,411.48,170.47,128.65,1,-1,-1,-1
106,6,1444.91,650.91,445.74,373.52,1,-1,-1,-1
106,8,2.71,761.82,480.75,318.46,1,-1,-1,-1
106,9,1253.63,72.22,114.93,56.38,1,-1,-1,-1
107,1,391.35,202.11,71.76,41.34,1,-1,-1,-1
107,3,1820.65,548.49,94.55,165.55,1,-1,-1,-1
107,5,1208.99,404.38,169.61,126.88,1,-1,-1,-1
107,6,1432.97,642.73,442.23,366.81,1,-1,-1,-1
107,8,2.65,761.65,484.73,319.76,1,-1,-1,-1
107,9,1238.73,72.55,113.96,55.90,1,-1,-1,-1
108,1,391.35,202.11,71.75,41.34,1,-1,-1,-1
108,3,1820.74,548.53,94.50,165.50,1,-1,-1,-1
108,5,1198.69,397.35,168.61,125.15,1,-1,-1,-1
108,6,1421.41,634.60,435.47,358.89,1,-1,-1,-1
108,8,2.60,761.47,485.84,321.06,1,-1,-1,-1
108,9,1223.82,72.88,112.99,55.42,1,-1,-1,-1
109,1,391.36,202.11,71.75,41.34,1,-1,-1,-1
109,3,1820.84,548.57,94.45,165.44,1,-1,-1,-1
109,5,1188.06,390.39,167.45,123.46,1,-1,-1,-1
109,6,1410.30,626.52,426.03,350.18,1,-1,-1,-1
109,8,2.55,761.30,481.23,322.36,1,-1,-1,-1
109,9,1208.92,73.21,112.02,54.94,1,-1,-1,-1
110,1,391.36,202.12,71.74,41.33,1,-1,-1,-1
110,3,1820.93,548.61,94.39,165.39,1,-1,-1,-1
110,5,1177.17,383.51,166.13,121.82,1,-1,-1,-1
110,6,1399.71,618.48,414.61,341.05,1,-1,-1,-1
110,8,2.50,761.12,481.38,323.65,1,-1,-1,-1
110,9,1194.01,73.54,111.05,54.47,1,-1,-1,-1
111,1,391.37,202.12,71.73,41.33,1,-1,-1,-1
111,3,1821.02,548.65,94.34,165.33,1,-1,-1,-1
111,5,1166.12,376.72,164.65,120.22,1,-1,-1,-1
111,6,1389.67,610.50,401.98,331.81,1,-1,-1,-1
111,9,1179.11,73.87,110.09,53.99,1,-1,-1,-1
112,1,391.37,202.12,71.73,41.33,1,-1,-1,-1
112,3,1821.12,548.69,94.29,165.28,1,-1,-1,-1
112,5,1154.96,370.02,163.01,118.67,1,-1,-1,-1
112,6,1380.22,602.57,388.80,322.70,1,-1,-1,-1
112,9,1164.20,74.20,109.12,53.51,1,-1,-1,-1
113,1,391.38,202.12,71.72,41.33,1,-1,-1,-1
113,3,1821.21,548.73,94.24,165.22,1,-1,-1,-1
113,5,1143.79,363.44,161.23,117.15,1,-1,-1,-1
113,6,1371.36,594.71,375.61,313.90,1,-1,-1,-1
113,9,1149.30,74.53,108.15,53.03,1,-1,-1,-1
114,1,391.39,202.12,71.72,41.33,1,-1,-1,-1
114,3,1821.30,548.77,94.19,165.17,1,-1,-1,-1
114,5,1132.67,356.96,159.35,115.69,1,-1,-1,-1
114,6,1363.06,586.91,362.79,305.52,1,-1,-1,-1
114,9,1134.39,74.86,107.18,52.55,1,-1,-1,-1
115,1,391.39,202.12,71.71,41.32,1,-1,-1,-1
115,3,1821.40,548.81,94.14,165.11,1,-1,-1,-1
115,5,1121.67,350.60,157.38,114.26,1,-1,-1,-1
115,6,1355.31,579.17,350.62,297.63,1,-1,-1,-1
115,9,1119.49,75.19,106.21,52.08,1,-1,-1,-1
116,1,391.40,202.12,71.71,41.32,1,-1,-1,-1
116,3,1821.49,548.85,94.09,165.06,1,-1,-1,-1
116,5,1110.86,344.35,155.32,112.89,1,-1,-1,-1
116,6,1348.06,571.50,339.26,290.29,1,-1,-1,-1
116,9,1104.59,75.52,105.24,51.60,1,-1,-1,-1
117,1,391.40,202.12,71.70,41.32,1,-1,-1,-1
117,3,1821.59,548.89,94.03,165.00,1,-1,-1,-1
117,5,1100.29,338.24,153.18,111.55,1,-1,-1,-1
117,6,1341.26,563.90,328.77,283.49,1,-1,-1,-1
117,9,1089.68,75.85,104.27,51.12,1,-1,-1,-1
118,1,391.41,202.13,71.69,41.32,1,-1,-1,-1
118,3,1821.68,548.93,93.98,164.95,1,-1,-1,-1
118,5,1090.01,332.25,150.95,110.27,1,-1,-1,-1
118,6,1334.86,556.36,319.16,277.24,1,-1,-1,-1
118,9,1074.78,76.18,103.31,50.64,1,-1,-1,-1
119,1,391.41,202.13,71.69,41.31,1,-1,-1,-1
119,3,1821.77,548.97,93.93,164.89,1,-1,-1,-1
119,5,1080.06,326.39,148.62,109.03,1,-1,-1,-1
119,6,1328.83,548.89,310.32,271.50,1,-1,-1,-1
119,9,1059.87,76.51,102.34,50.16,1,-1,-1,-1
120,1,391.42,202.13,71.68,41.31,1,-1,-1,-1
120,5,1070.50,320.66,146.21,107.83,1,-1,-1,-1
120,6,1323.11,541.49,302.15,266.21,1,-1,-1,-1
120,9,1044.97,76.84,101.37,49.69,1,-1,-1,-1
121,1,391.42,202.13,71.68,41.31,1,-1,-1,-1
121,5,1061.36,315.07,143.70,106.67,1,-1,-1,-1
121,6,1317.66,534.15,294.54,261.30,1,-1,-1,-1
121,9,1030.06,77.17,100.40,49.21,1,-1,-1,-1
122,1,391.43,202.13,71.67,41.31,1,-1,-1,-1
122,5,1052.67,309.60,141.12,105.56,1,-1,-1,-1
122,6,1312.44,526.87,287.37,256.70,1,-1,-1,-1
122,9,1015.16,77.50,99.43,48.73,1,-1,-1,-1
123,1,391.43,202.13,71.66,41.31,1,-1,-1,-1
123,5,1044.46,304.27,138.48,104.49,1,-1,-1,-1
123,6,1307.43,519.65,280.62,252.33,1,-1,-1,-1
123,9,1000.25,77.84,98.46,48.25,1,-1,-1,-1
124,1,391.44,202.13,71.66,41.30,1,-1,-1,-1
124,5,1036.78,299.07,135.81,103.46,1,-1,-1,-1
124,6,1302.59,512.48,274.28,248.11,1,-1,-1,-1
124,9,985.35,78.17,97.49,47.78,1,-1,-1,-1
125,1,391.44,202.14,71.65,41.30,1,-1,-1,-1
125,5,1029.63,294.00,133.13,102.46,1,-1,-1,-1
125,6,1297.91,505.36,268.39,244.02,1,-1,-1,-1
125,9,970.44,78.50,96.53,47.30,1,-1,-1,-1
126,1,391.45,202.14,71.65,41.30,1,-1,-1,-1
126,5,1023.04,289.06,130.48,101.50,1,-1,-1,-1
126,6,1293.36,498.29,262.99,240.06,1,-1,-1,-1
126,9,955.54,78.83,95.56,46.82,1,-1,-1,-1
127,1,391.45,202.14,71.64,41.30,1,-1,-1,-1
127,5,1017.03,284.24,127.90,100.56,1,-1,-1,-1
127,6,1288.95,491.26,258.09,236.24,1,-1,-1,-1
127,9,940.63,79.16,94.59,46.34,1,-1,-1,-1
128,1,391.46,202.14,71.64,41.29,1,-1,-1,-1
128,5,1011.60,279.55,125.45,99.65,1,-1,-1,-1
128,6,1284.65,484.28,253.62,232.60,1,-1,-1,-1
129,1,391.46,202.14,71.63,41.29,1,-1,-1,-1
129,5,1006.75,274.98,123.15,98.77,1,-1,-1,-1
129,6,1280.46,477.33,249.46,229.16,1,-1,-1,-1
130,1,391.47,202.14,71.62,41.29,1,-1,-1,-1
130,5,1002.47,270.52,121.04,97.90,1,-1,-1,-1
130,6,1276.37,470.41,245.49,225.93,1,-1,-1,-1
131,1,391.47,202.14,71.62,41.29,1,-1,-1,-1
131,5,998.75,266.18,119.13,97.05,1,-1,-1,-1
131,6,1272.36,463.53,241.60,222.89,1,-1,-1,-1
132,1,391.48,202.14,71.61,41.29,1,-1,-1,-1
132,5,995.57,261.96,117.42,96.21,1,-1,-1,-1
132,6,1268.43,456.69,237.72,220.03,1,-1,-1,-1
133,1,391.48,202.15,71.61,41.28,1,-1,-1,-1
133,5,992.89,257.84,115.88,95.38,1,-1,-1,-1
133,6,1264.56,449.87,233.82,217.28,1,-1,-1,-1
134,1,391.49,202.15,71.60,41.28,1,-1,-1,-1
134,5,990.67,253.83,114.53,94.56,1,-1,-1,-1
134,6,1260.74,443.08,229.90,214.59,1,-1,-1,-1
135,1,391.50,202.15,71.59,41.28,1,-1,-1,-1
135,5,988.88,249.92,113.34,93.75,1,-1,-1,-1
135,6,1256.95,436.33,226.01,211.89,1,-1,-1,-1
136,1,391.50,202.15,71.59,41.28,1,-1,-1,-1
136,5,987.46,246.11,112.30,92.93,1,-1,-1,-1
136,6,1253.19,429.61,222.17,209.13,1,-1,-1,-1
137,1,391.51,202.15,71.58,41.28,1,-1,-1,-1
137,5,986.37,242.39,111.39,92.12,1,-1,-1,-1
137,6,1249.44,422.92,218.41,206.23,1,-1,-1,-1
138,1,391.51,202.15,71.58,41.27,1,-1,-1,-1
138,5,985.57,238.77,110.55,91.31,1,-1,-1,-1
138,6,1245.69,416.26,214.72,203.15,1,-1,-1,-1
139,1,391.52,202.15,71.57,41.27,1,-1,-1,-1
139,5,985.01,235.24,109.76,90.50,1,-1,-1,-1
139,6,1241.93,409.64,211.11,199.88,1,-1,-1,-1
140,1,391.52,202.15,71.56,41.27,1,-1,-1,-1
140,5,984.66,231.79,108.97,89.68,1,-1,-1,-1
140,6,1238.13,403.06,207.54,196.40,1,-1,-1,-1
141,1,391.53,202.16,71.56,41.27,1,-1,-1,-1
141,5,984.48,228.42,108.16,88.87,1,-1,-1,-1
141,6,1234.28,396.52,203.97,192.71,1,-1,-1,-1
142,1,391.53,202.16,71.55,41.26,1,-1,-1,-1
142,5,984.45,225.14,107.29,88.05,1,-1,-1,-1
142,6,1230.39,390.01,200.38,188.84,1,-1,-1,-1
143,1,391.54,202.16,71.55,41.26,1,-1,-1,-1
143,5,984.56,221.92,106.36,87.24,1,-1,-1,-1
143,6,1226.44,383.55,196.75,184.82,1,-1,-1,-1
144,1,391.54,202.16,71.54,41.26,1,-1,-1,-1
144,5,984.79,218.78,105.35,86.43,1,-1,-1,-1
144,6,1222.46,377.14,193.12,180.70,1,-1,-1,-1
145,1,391.55,202.16,71.54,41.26,1,-1,-1,-1
145,5,985.15,215.71,104.27,85.62,1,-1,-1,-1
145,6,1218.44,370.77,189.54,176.53,1,-1,-1,-1
146,1,391.55,202.16,71.53,41.26,1,-1,-1,-1
146,5,985.65,212.70,103.16,84.81,1,-1,-1,-1
146,6,1214.40,364.46,186.12,172.38,1,-1,-1,-1
147,1,391.56,202.16,71.52,41.25,1,-1,-1,-1
147,5,986.30,209.76,102.04,84.02,1,-1,-1,-1
147,6,1210.37,358.19,182.93,168.29,1,-1,-1,-1
148,1,391.56,202.16,71.52,41.25,1,-1,-1,-1
148,5,987.12,206.87,100.96,83.23,1,-1,-1,-1
148,6,1206.37,351.98,179.99,164.29,1,-1,-1,-1
149,1,391.57,202.17,71.51,41.25,1,-1,-1,-1
149,5,988.15,204.04,99.97,82.46,1,-1,-1,-1
149,6,1202.39,345.83,177.28,160.36,1,-1,-1,-1
150,1,391.57,202.17,71.51,41.25,1,-1,-1,-1
150,5,989.39,201.26,99.12,81.69,1,-1,-1,-1
150,6,1198.47,339.74,174.77,156.53,1,-1,-1,-1
151,1,391.58,202.17,71.50,41.25,1,-1,-1,-1
151,5,990.89,198.54,98.44,80.94,1,-1,-1,-1
151,6,1194.59,333.71,172.37,152.80,1,-1,-1,-1
152,1,391.58,202.17,71.49,41.24,1,-1,-1,-1
152,5,992.65,195.87,97.94,80.20,1,-1,-1,-1
152,6,1190.78,327.75,170.01,149.21,1,-1,-1,-1
153,1,391.59,202.17,71.49,41.24,1,-1,-1,-1
153,5,994.71,193.24,97.63,79.48,1,-1,-1,-1
153,6,1187.04,321.85,167.62,145.79,1,-1,-1,-1
154,1,391.60,202.17,71.48,41.24,1,-1,-1,-1
154,5,997.07,190.66,97.50,78.77,1,-1,-1,-1
154,6,1183.38,316.03,165.20,142.59,1,-1,-1,-1
155,1,391.60,202.17,71.48,41.24,1,-1,-1,-1
155,5,999.75,188.13,97.51,78.08,1,-1,-1,-1
155,6,1179.79,310.28,162.79,139.66,1,-1,-1,-1
155,10,1358.61,25.40,116.59,99.70,1,-1,-1,-1
156,1,391.61,202.17,71.47,41.23,1,-1,-1,-1
156,5,1002.76,185.64,97.66,77.40,1,-1,-1,-1
156,6,1176.30,304.61,160.52,137.05,1,-1,-1,-1
156,10,1350.40,26.39,124.66,99.52,1,-1,-1,-1
157,1,391.61,202.18,71.47,41.23,1,-1,-1,-1
157,5,1006.12,183.20,97.91,76.73,1,-1,-1,-1
157,6,1172.90,299.02,158.50,134.77,1,-1,-1,-1
157,10,1342.10,27.03,132.42,99.69,1,-1,-1,-1
158,1,391.62,202.18,71.46,41.23,1,-1,-1,-1
158,5,1009.81,180.79,98.22,76.07,1,-1,-1,-1
158,6,1169.61,293.51,156.82,132.80,1,-1,-1,-1
158,10,1333.71,27.39,139.58,100.13,1,-1,-1,-1
159,1,391.62,202.18,71.45,41.23,1,-1,-1,-1
159,5,1013.86,178.44,98.58,75.43,1,-1,-1,-1
159,6,1166.41,288.09,155.51,131.09,1,-1,-1,-1
159,10,1325.27,27.58,145.79,100.76,1,-1,-1,-1
160,1,391.63,202.18,71.45,41.23,1,-1,-1,-1
160,5,1018.25,176.12,98.97,74.79,1,-1,-1,-1
160,6,1163.32,282.76,154.49,129.54,1,-1,-1,-1
160,10,1316.78,27.73,150.69,101.42,1,-1,-1,-1
161,1,391.63,202.18,71.44,41.22,1,-1,-1,-1
161,5,1022.99,173.84,99.38,74.16,1,-1,-1,-1
161,6,1160.33,277.53,153.66,128.07,1,-1,-1,-1
161,10,1308.30,28.02,154.02,101.96,1,-1,-1,-1
162,1,391.64,202.18,71.44,41.22,1,-1,-1,-1
162,5,1028.08,171.60,99.81,73.54,1,-1,-1,-1
162,6,1157.43,272.39,152.89,126.60,1,-1,-1,-1
162,10,1299.86,28.62,155.65,102.21,1,-1,-1,-1
163,1,391.64,202.18,71.43,41.22,1,-1,-1,-1
163,5,1033.49,169.41,100.24,72.92,1,-1,-1,-1
163,6,1154.62,267.35,152.06,125.08,1,-1,-1,-1
163,10,1291.52,29.69,155.50,101.99,1,-1,-1,-1
164,1,391.65,202.19,71.42,41.22,1,-1,-1,-1
164,5,1039.24,167.25,100.68,72.30,1,-1,-1,-1
164,6,1151.90,262.40,151.06,123.50,1,-1,-1,-1
164,10,1283.35,31.40,153.54,101.16,1,-1,-1,-1
165,1,391.65,202.19,71.42,41.21,1,-1,-1,-1
165,5,1045.30,165.14,101.10,71.69,1,-1,-1,-1
165,6,1149.26,257.56,149.82,121.91,1,-1,-1,-1
165,10,1275.41,33.84,149.76,99.63,1,-1,-1,-1
166,1,391.66,202.19,71.41,41.21,1,-1,-1,-1
166,5,1051.67,163.06,101.48,71.07,1,-1,-1,-1
166,6,1146.71,252.82,148.33,120.35,1,-1,-1,-1
166,10,1267.75,37.01,144.29,97.40,1,-1,-1,-1
167,1,391.66,202.19,71.41,41.21,1,-1,-1,-1
167,5,1058.33,161.02,101.80,70.46,1,-1,-1,-1
167,6,1144.23,248.18,146.63,118.89,1,-1,-1,-1
167,10,1260.40,40.80,137.52,94.57,1,-1,-1,-1
168,1,391.67,202.19,71.40,41.21,1,-1,-1,-1
168,5,1065.26,159.01,102.05,69.84,1,-1,-1,-1
168,6,1141.83,243.65,144.82,117.54,1,-1,-1,-1
168,10,1253.36,44.94,130.10,91.43,1,-1,-1,-1
169,1,391.67,202.19,71.40,41.21,1,-1,-1,-1
169,5,1072.45,157.05,102.20,69.23,1,-1,-1,-1
169,6,1139.51,239.22,143.03,116.33,1,-1,-1,-1
169,10,1246.64,49.01,123.01,88.39,1,-1,-1,-1
170,1,391.68,202.19,71.39,41.20,1,-1,-1,-1
170,5,1079.86,155.12,102.24,68.61,1,-1,-1,-1
170,6,1137.26,234.89,141.38,115.24,1,-1,-1,-1
170,10,1240.18,52.52,117.38,85.95,1,-1,-1,-1
171,1,391.68,202.19,71.38,41.20,1,-1,-1,-1
171,5,1087.49,153.22,102.16,68.00,1,-1,-1,-1
171,6,1135.07,230.67,140.00,114.21,1,-1,-1,-1
171,10,1233.94,54.95,114.28,84.62,1,-1,-1,-1
172,1,391.69,202.20,71.38,41.20,1,-1,-1,-1
172,5,1095.32,151.36,101.95,67.39,1,-1,-1,-1
172,6,1132.97,226.55,138.91,113.15,1,-1,-1,-1
172,10,1227.84,55.98,114.32,84.74,1,-1,-1,-1
173,1,391.70,202.20,71.37,41.20,1,-1,-1,-1
173,5,1103.31,149.53,101.61,66.78,1,-1,-1,-1
173,6,1130.95,222.53,138.11,111.97,1,-1,-1,-1
173,10,1221.80,55.52,117.42,86.38,1,-1,-1,-1
174,1,391.70,202.20,71.37,41.20,1,-1,-1,-1
174,5,1111.46,147.74,101.16,66.18,1,-1,-1,-1
174,6,1129.02,218.61,137.54,110.55,1,-1,-1,-1
174,10,1215.74,53.78,122.89,89.35,1,-1,-1,-1
175,1,391.71,202.20,71.36,41.19,1,-1,-1,-1
175,5,1119.75,145.98,100.61,65.59,1,-1,-1,-1
175,6,1127.20,214.79,137.05,108.80,1,-1,-1,-1
175,10,1209.58,51.16,129.61,93.23,1,-1,-1,-1
176,1,391.71,202.20,71.35,41.19,1,-1,-1,-1
176,5,1128.16,144.25,100.00,65.01,1,-1,-1,-1
176,6,1125.50,211.06,136.50,106.65,1,-1,-1,-1
176,10,1203.22,48.16,136.38,97.54,1,-1,-1,-1
177,1,391.72,202.20,71.35,41.19,1,-1,-1,-1
177,5,1136.67,142.54,99.34,64.45,1,-1,-1,-1
177,6,1123.95,207.42,135.75,104.11,1,-1,-1,-1
177,10,1196.58,45.19,142.25,101.85,1,-1,-1,-1
178,1,391.72,202.20,71.34,41.19,1,-1,-1,-1
178,5,1145.26,140.87,98.68,63.90,1,-1,-1,-1
178,6,1122.58,203.87,134.69,101.20,1,-1,-1,-1
178,10,1189.59,42.59,146.62,105.84,1,-1,-1,-1
179,1,391.73,202.20,71.34,41.18,1,-1,-1,-1
179,5,1153.93,139.22,98.04,63.36,1,-1,-1,-1
179,6,1121.42,200.41,133.29,98.01,1,-1,-1,-1
179,10,1182.18,40.57,149.38,109.29,1,-1,-1,-1
180,1,391.73,202.21,71.33,41.18,1,-1,-1,-1
180,5,1162.64,137.59,97.47,62.85,1,-1,-1,-1
180,6,1120.51,197.03,131.61,94.68,1,-1,-1,-1
180,10,1174.31,39.24,150.77,112.10,1,-1,-1,-1
181,1,391.74,202.21,71.32,41.18,1,-1,-1,-1
181,5,1171.39,135.99,97.02,62.36,1,-1,-1,-1
181,6,1119.90,193.73,129.73,91.41,1,-1,-1,-1
181,10,1165.95,38.63,151.36,114.23,1,-1,-1,-1
182,1,391.74,202.21,71.32,41.18,1,-1,-1,-1
182,5,1180.16,134.41,96.72,61.89,1,-1,-1,-1
182,6,1119.61,190.50,127.76,88.43,1,-1,-1,-1
182,10,1157.09,38.70,151.81,115.73,1,-1,-1,-1
183,1,391.75,202.21,71.31,41.18,1,-1,-1,-1
183,5,1188.91,132.85,96.59,61.44,1,-1,-1,-1
183,6,1119.70,187.34,125.81,85.97,1,-1,-1,-1
183,10,1147.71,39.36,152.74,116.67,1,-1,-1,-1
184,1,391.75,202.21,71.31,41.17,1,-1,-1,-1
184,5,1197.64,131.31,96.65,61.02,1,-1,-1,-1
184,6,1120.21,184.25,123.93,84.18,1,-1,-1,-1
184,10,1137.83,40.50,154.50,117.18,1,-1,-1,-1
185,1,391.76,202.21,71.30,41.17,1,-1,-1,-1
185,5,1206.31,129.79,96.89,60.61,1,-1,-1,-1
185,6,1121.16,181.23,122.15,83.15,1,-1,-1,-1
185,10,1127.47,41.97,157.19,117.40,1,-1,-1,-1
186,1,391.76,202.21,71.30,41.17,1,-1,-1,-1
186,5,1214.91,128.28,97.26,60.23,1,-1,-1,-1
186,6,1122.60,178.26,120.50,82.89,1,-1,-1,-1
186,10,1116.64,43.65,160.72,117.45,1,-1,-1,-1
187,1,391.77,202.21,71.29,41.17,1,-1,-1,-1
187,5,1223.40,126.78,97.71,59.87,1,-1,-1,-1
187,6,1124.54,175.35,119.00,83.31,1,-1,-1,-1
187,10,1105.37,45.42,164.97,117.44,1,-1,-1,-1
188,1,391.77,202.22,71.28,41.17,1,-1,-1,-1
188,5,1231.77,125.30,98.17,59.52,1,-1,-1,-1
188,6,1126.99,172.50,117.72,84.30,1,-1,-1,-1
188,10,1093.69,47.18,169.92,117.49,1,-1,-1,-1
189,1,391.78,202.22,71.28,41.16,1,-1,-1,-1
189,5,1239.99,123.83,98.55,59.19,1,-1,-1,-1
189,6,1129.98,169.69,116.75,85.69,1,-1,-1,-1
189,10,1081.65,48.84,175.56,117.66,1,-1,-1,-1
190,1,391.78,202.22,71.27,41.16,1,-1,-1,-1
190,5,1248.05,122.38,98.81,58.88,1,-1,-1,-1
190,6,1133.49,166.93,116.17,87.37,1,-1,-1,-1
190,10,1069.30,50.37,181.77,118.00,1,-1,-1,-1
190,12,1821.99,549.90,93.51,157.41,1,-1,-1,-1
191,1,391.79,202.22,71.27,41.16,1,-1,-1,-1
191,5,1255.92,120.93,98.88,58.57,1,-1,-1,-1
191,6,1137.53,164.22,116.08,89.19,1,-1,-1,-1
191,10,1056.72,51.76,188.21,118.51,1,-1,-1,-1
191,11,1544.47,678.35,374.38,307.48,1,-1,-1,-1
191,12,1821.96,549.78,93.48,157.86,1,-1,-1,-1
192,1,391.80,202.22,71.26,41.16,1,-1,-1,-1
192,5,1263.59,119.50,98.74,58.28,1,-1,-1,-1
192,6,1142.09,161.55,116.51,91.06,1,-1,-1,-1
192,10,1043.96,53.03,194.33,119.16,1,-1,-1,-1
192,11,1535.26,670.88,371.14,301.90,1,-1,-1,-1
192,12,1821.93,549.66,93.44,158.32,1,-1,-1,-1
193,1,391.80,202.22,71.25,41.15,1,-1,-1,-1
193,5,1271.07,118.08,98.38,58.00,1,-1,-1,-1
193,6,1147.16,158.92,117.47,92.82,1,-1,-1,-1
193,10,1031.10,54.24,199.54,119.89,1,-1,-1,-1
193,11,1526.14,663.42,367.15,296.40,1,-1,-1,-1
193,12,1821.89,549.53,93.40,158.78,1,-1,-1,-1
194,1,391.81,202.22,71.25,41.15,1,-1,-1,-1
194,5,1278.35,116.67,97.82,57.73,1,-1,-1,-1
194,6,1152.74,156.33,118.89,94.37,1,-1,-1,-1
194,10,1018.20,55.43,203.50,120.66,1,-1,-1,-1
194,11,1517.15,655.97,362.49,290.98,1,-1,-1,-1
194,12,1821.86,549.41,93.36,159.23,1,-1,-1,-1
195,1,391.81,202.22,71.24,41.15,1,-1,-1,-1
195,5,1285.45,115.27,97.08,57.46,1,-1,-1,-1
195,6,1158.82,153.77,120.69,95.58,1,-1,-1,-1
195,10,1005.29,56.65,206.18,121.43,1,-1,-1,-1
195,11,1508.30,648.54,357.27,285.64,1,-1,-1,-1
195,12,1821.83,549.29,93.33,159.69,1,-1,-1,-1
196,1,391.82,202.23,71.24,41.15,1,-1,-1,-1
196,5,1292.40,113.89,96.23,57.19,1,-1,-1,-1
196,6,1165.38,151.25,122.78,96.40,1,-1,-1,-1
196,10,992.43,57.89,207.78,122.18,1,-1,-1,-1
196,11,1499.63,641.13,351.62,280.39,1,-1,-1,-1
196,12,1821.80,549.17,93.29,160.15,1,-1,-1,-1
197,1,391.82,202.23,71.23,41.15,1,-1,-1,-1
197,5,1299.21,112.53,95.33,56.93,1,-1,-1,-1
197,6,1172.40,148.76,124.99,96.82,1,-1,-1,-1
197,10,979.63,59.15,208.61,122.93,1,-1,-1,-1
197,11,1491.14,633.74,345.70,275.23,1,-1,-1,-1
197,12,1821.77,549.04,93.25,160.60,1,-1,-1,-1
198,1,391.83,202.23,71.23,41.14,1,-1,-1,-1
198,5,1305.94,111.18,94.44,56.67,1,-1,-1,-1
198,6,1179.88,146.31,127.16,96.85,1,-1,-1,-1
198,10,966.90,60.38,208.97,123.72,1,-1,-1,-1
198,11,1482.85,626.38,339.60,270.16,1,-1,-1,-1
198,12,1821.74,548.92,93.21,161.06,1,-1,-1,-1
199,1,391.83,202.23,71.22,41.14,1,-1,-1,-1
199,5,1312.62,109.85,93.57,56.41,1,-1,-1,-1
199,6,1187.78,143.88,129.09,96.56,1,-1,-1,-1
199,10,954.24,61.53,209.09,124.59,1,-1,-1,-1
199,11,1474.75,619.05,333.41,265.18,1,-1,-1,-1
199,12,1821.70,548.80,93.18,161.52,1,-1,-1,-1
200,1,391.84,202.23,71.21,41.14,1,-1,-1,-1
200,5,1319.28,108.53,92.72,56.15,1,-1,-1,-1
200,6,1196.10,141.48,130.57,96.02,1,-1,-1,-1
200,10,941.64,62.58,209.14,125.58,1,-1,-1,-1
200,11,1466.83,611.74,327.20,260.29,1,-1,-1,-1
200,12,1821.67,548.68,93.14,161.97,1,-1,-1,-1
201,1,391.84,202.23,71.21,41.14,1,-1,-1,-1
201,5,1325.97,107.23,91.86,55.89,1,-1,-1,-1
201,6,1204.79,139.12,131.46,95.30,1,-1,-1,-1
201,10,929.07,63.47,209.22,126.72,1,-1,-1,-1
201,11,1459.07,604.47,320.97,255.49,1,-1,-1,-1
201,12,1821.64,548.56,93.10,162.43,1,-1,-1,-1
202,1,391.85,202.23,71.20,41.14,1,-1,-1,-1
202,5,1332.71,105.95,90.97,55.62,1,-1,-1,-1
202,6,1213.83,136.77,131.72,94.44,1,-1,-1,-1
202,10,916.52,64.22,209.37,128.03,1,-1,-1,-1
202,11,1451.43,597.24,314.73,250.79,1,-1,-1,-1
202,12,1821.61,548.43,93.07,162.88,1,-1,-1,-1
203,1,391.85,202.24,71.20,41.13,1,-1,-1,-1
203,5,1339.52,104.69,90.03,55.35,1,-1,-1,-1
203,6,1223.19,134.46,131.40,93.49,1,-1,-1,-1
203,10,903.98,64.83,209.65,129.48,1,-1,-1,-1
203,11,1443.89,590.04,308.47,246.18,1,-1,-1,-1
203,12,1821.58,548.31,93.03,163.34,1,-1,-1,-1
204,1,391.86,202.24,71.19,41.13,1,-1,-1,-1
204,5,1346.42,103.44,89.00,55.08,1,-1,-1,-1
204,6,1232.82,132.17,130.59,92.49,1,-1,-1,-1
204,10,891.45,65.34,210.10,131.05,1,-1,-1,-1
204,11,1436.43,582.87,302.20,241.66,1,-1,-1,-1
204,12,1821.55,548.19,92.99,163.80,1,-1,-1,-1
205,1,391.86,202.24,71.18,41.13,1,-1,-1,-1
205,5,1353.40,102.21,87.85,54.79,1,-1,-1,-1
205,6,1242.70,129.90,129.44,91.45,1,-1,-1,-1
205,10,878.94,65.78,210.71,132.70,1,-1,-1,-1
205,11,1429.02,575.75,295.96,237.24,1,-1,-1,-1
205,12,1821.52,548.07,92.95,164.25,1,-1,-1,-1
206,1,391.87,202.24,71.18,41.13,1,-1,-1,-1
206,5,1360.46,101.00,86.51,54.50,1,-1,-1,-1
206,6,1252.79,127.65,128.07,90.41,1,-1,-1,-1
206,10,866.46,66.21,211.39,134.39,1,-1,-1,-1
206,11,1421.63,568.66,289.82,232.92,1,-1,-1,-1
206,12,1821.48,547.94,92.92,164.71,1,-1,-1,-1
207,1,391.87,202.24,71.17,41.12,1,-1,-1,-1
207,5,1367.62,99.80,84.96,54.20,1,-1,-1,-1
207,6,1263.06,125.42,126.61,89.40,1,-1,-1,-1
207,10,854.06,66.66,211.99,136.06,1,-1,-1,-1
207,11,1414.26,561.61,283.86,228.69,1,-1,-1,-1
207,12,1821.45,547.82,92.88,165.17,1,-1,-1,-1
208,1,391.88,202.24,71.17,41.12,1,-1,-1,-1
208,5,1374.85,98.61,83.14,53.89,1,-1,-1,-1
208,6,1273.47,123.21,125.18,88.44,1,-1,-1,-1
208,10,841.76,67.20,212.38,137.67,1,-1,-1,-1
208,11,1406.90,554.59,278.15,224.56,1,-1,-1,-1
208,12,1821.42,547.70,92.84,165.62,1,-1,-1,-1
209,1,391.88,202.24,71.16,41.12,1,-1,-1,-1
209,5,1382.16,97.43,81.02,53.56,1,-1,-1,-1
209,6,1284.01,121.02,123.85,87.55,1,-1,-1,-1
209,10,829.62,67.87,212.53,139.17,1,-1,-1,-1
209,11,1399.54,547.61,272.69,220.52,1,-1,-1,-1
209,12,1821.39,547.58,92.81,166.08,1,-1,-1,-1
210,1,391.89,202.24,71.16,41.12,1,-1,-1,-1
210,5,1389.52,96.26,78.59,53.23,1,-1,-1,-1
210,6,1294.64,118.84,122.68,86.77,1,-1,-1,-1
210,10,817.68,68.72,212.47,140.52,1,-1,-1,-1
210,11,1392.19,540.66,267.44,216.58,1,-1,-1,-1
210,12,1821.36,547.46,92.77,166.54,1,-1,-1,-1
211,1,391.90,202.25,71.15,41.12,1,-1,-1,-1
211,5,1396.92,95.10,75.85,52.88,1,-1,-1,-1
211,6,1305.35,116.67,121.68,86.10,1,-1,-1,-1
211,10,805.99,69.77,212.30,141.68,1,-1,-1,-1
211,11,1384.84,533.75,262.34,212.73,1,-1,-1,-1
211,12,1821.33,547.33,92.73,166.99,1,-1,-1,-1
212,1,391.90,202.25,71.14,41.11,1,-1,-1,-1
212,5,1404.34,93.93,72.79,52.52,1,-1,-1,-1
212,6,1316.10,114.51,120.81,85.52,1,-1,-1,-1
212,10,794.59,71.05,212.06,142.66,1,-1,-1,-1
212,11,1377.52,526.87,257.31,208.96,1,-1,-1,-1
212,12,1821.30,547.21,92.69,167.45,1,-1,-1,-1
213,1,391.91,202.25,71.14,41.11,1,-1,-1,-1
213,5,1411.76,92.77,69.41,52.15,1,-1,-1,-1
213,6,1326.89,112.36,119.99,85.02,1,-1,-1,-1
213,10,783.52,72.56,211.80,143.44,1,-1,-1,-1
213,11,1370.22,520.01,252.32,205.29,1,-1,-1,-1
213,12,1821.26,547.09,92.66,167.90,1,-1,-1,-1
214,1,391.91,202.25,71.13,41.11,1,-1,-1,-1
214,5,1419.15,91.60,65.73,51.77,1,-1,-1,-1
214,6,1337.68,110.21,119.12,84.55,1,-1,-1,-1
214,10,772.84,74.26,211.50,144.07,1,-1,-1,-1
214,11,1362.96,513.18,247.33,201.70,1,-1,-1,-1
214,12,1821.23,546.97,92.62,168.36,1,-1,-1,-1
215,1,391.92,202.25,71.13,41.11,1,-1,-1,-1
215,6,1348.45,108.06,118.09,84.09,1,-1,-1,-1
215,10,762.57,76.12,211.11,144.58,1,-1,-1,-1
215,11,1355.75,506.38,242.34,198.20,1,-1,-1,-1
215,12,1821.20,546.85,92.58,168.82,1,-1,-1,-1
216,1,391.92,202.25,71.12,41.10,1,-1,-1,-1
216,6,1359.17,105.91,116.78,83.58,1,-1,-1,-1
216,10,752.73,78.04,210.51,145.07,1,-1,-1,-1
216,11,1348.62,499.60,237.36,194.78,1,-1,-1,-1
216,12,1821.17,546.72,92.54,169.27,1,-1,-1,-1
217,1,391.93,202.25,71.11,41.10,1,-1,-1,-1
217,6,1369.83,103.76,115.12,82.97,1,-1,-1,-1
217,10,743.33,79.93,209.53,145.62,1,-1,-1,-1
217,11,1341.57,492.84,232.41,191.44,1,-1,-1,-1
217,12,1821.14,546.60,92.51,169.73,1,-1,-1,-1
218,1,391.93,202.25,71.11,41.10,1,-1,-1,-1
218,6,1380.40,101.60,113.04,82.21,1,-1,-1,-1
218,10,734.36,81.70,208.09,146.35,1,-1,-1,-1
218,11,1334.63,486.10,227.47,188.18,1,-1,-1,-1
218,12,1821.11,546.48,92.47,170.19,1,-1,-1,-1
219,1,391.94,202.26,71.10,41.10,1,-1,-1,-1
219,6,1390.86,99.43,110.46,81.22,1,-1,-1,-1
219,10,725.81,83.29,206.16,147.31,1,-1,-1,-1
219,11,1327.79,479.38,222.57,185.00,1,-1,-1,-1
219,12,1821.08,546.36,92.43,170.64,1,-1,-1,-1
220,1,391.94,202.26,71.10,41.10,1,-1,-1,-1
220,10,717.64,84.68,203.86,148.51,1,-1,-1,-1
220,11,1321.08,472.67,217.75,181.89,1,-1,-1,-1
220,12,1821.04,546.23,92.40,171.10,1,-1,-1,-1
221,1,391.95,202.26,71.09,41.09,1,-1,-1,-1
221,10,709.81,85.91,201.30,149.94,1,-1,-1,-1
221,11,1314.50,465.99,213.08,178.86,1,-1,-1,-1
221,12,1821.01,546.11,92.36,171.56,1,-1,-1,-1
222,1,391.95,202.26,71.08,41.09,1,-1,-1,-1
222,10,702.29,87.02,198.60,151.53,1,-1,-1,-1
222,11,1308.05,459.32,208.58,175.89,1,-1,-1,-1
222,12,1820.98,545.99,92.32,172.01,1,-1,-1,-1
222,13,1422.72,78.81,30.63,57.61,1,-1,-1,-1
223,1,391.96,202.26,71.08,41.09,1,-1,-1,-1
223,10,695.05,88.07,195.87,153.24,1,-1,-1,-1
223,11,1301.74,452.68,204.27,173.00,1,-1,-1,-1
223,12,1820.95,545.87,92.28,172.47,1,-1,-1,-1
223,13,1405.80,79.17,44.92,56.75,1,-1,-1,-1
224,1,391.96,202.26,71.07,41.09,1,-1,-1,-1
224,10,688.03,89.12,193.25,155.03,1,-1,-1,-1
224,11,1295.56,446.05,200.15,170.17,1,-1,-1,-1
224,12,1820.92,545.75,92.25,172.92,1,-1,-1,-1
224,13,1388.88,79.52,58.99,55.89,1,-1,-1,-1
225,1,391.97,202.26,71.07,41.09,1,-1,-1,-1
225,10,681.23,90.17,190.88,156.85,1,-1,-1,-1
225,11,1289.52,439.44,196.25,167.40,1,-1,-1,-1
225,12,1820.89,545.62,92.21,173.38,1,-1,-1,-1
225,13,1371.96,79.88,72.28,55.04,1,-1,-1,-1
226,1,391.97,202.26,71.06,41.08,1,-1,-1,-1
226,10,674.62,91.27,188.88,158.71,1,-1,-1,-1
226,11,1283.62,432.86,192.60,164.70,1,-1,-1,-1
226,12,1820.86,545.50,92.17,173.84,1,-1,-1,-1
226,13,1355.03,80.24,84.26,54.18,1,-1,-1,-1
227,1,391.98,202.27,71.06,41.08,1,-1,-1,-1
227,10,668.19,92.42,187.33,160.57,1,-1,-1,-1
227,11,1277.87,426.30,189.21,162.07,1,-1,-1,-1
227,12,1820.82,545.38,92.14,174.29,1,-1,-1,-1
227,13,1338.11,80.60,94.58,53.33,1,-1,-1,-1
228,1,391.98,202.27,71.05,41.08,1,-1,-1,-1
228,10,661.94,93.66,186.21,162.39,1,-1,-1,-1
228,11,1272.28,419.78,186.11,159.49,1,-1,-1,-1
228,12,1820.79,545.26,92.10,174.75,1,-1,-1,-1
228,13,1321.19,80.96,103.09,52.47,1,-1,-1,-1
229,1,391.99,202.27,71.04,41.08,1,-1,-1,-1
229,10,655.88,95.06,185.48,164.13,1,-1,-1,-1
229,11,1266.84,413.28,183.27,156.98,1,-1,-1,-1
229,12,1820.76,545.13,92.06,175.21,1,-1,-1,-1
229,13,1304.27,81.32,109.84,51.61,1,-1,-1,-1
230,1,391.99,202.27,71.04,41.07,1,-1,-1,-1
230,10,650.01,96.65,184.98,165.74,1,-1,-1,-1
230,11,1261.57,406.82,180.65,154.53,1,-1,-1,-1
230,12,1820.73,545.01,92.02,175.66,1,-1,-1,-1
230,13,1287.35,81.68,114.97,50.76,1,-1,-1,-1
231,1,392.00,202.27,71.03,41.07,1,-1,-1,-1
231,10,644.34,98.48,184.54,167.17,1,-1,-1,-1
231,11,1256.48,400.40,178.18,152.13,1,-1,-1,-1
231,12,1820.70,544.89,91.99,176.12,1,-1,-1,-1
231,13,1270.43,82.03,118.66,49.90,1,-1,-1,-1
232,1,392.01,202.27,71.03,41.07,1,-1,-1,-1
232,10,638.88,100.55,183.96,168.41,1,-1,-1,-1
232,11,1251.57,394.02,175.77,149.80,1,-1,-1,-1
232,12,1820.67,544.77,91.95,176.58,1,-1,-1,-1
232,13,1253.51,82.39,121.09,49.05,1,-1,-1,-1
233,1,392.01,202.27,71.02,41.07,1,-1,-1,-1
233,10,633.62,102.86,183.08,169.48,1,-1,-1,-1
233,11,1246.85,387.69,173.37,147.52,1,-1,-1,-1
233,13,1236.59,82.75,122.49,48.19,1,-1,-1,-1
234,1,392.02,202.27,71.01,41.07,1,-1,-1,-1
234,10,628.59,105.36,181.80,170.42,1,-1,-1,-1
234,11,1242.33,381.42,170.98,145.30,1,-1,-1,-1
234,13,1219.67,83.11,123.05,47.33,1,-1,-1,-1
235,1,392.02,202.28,71.01,41.06,1,-1,-1,-1
235,10,623.78,107.99,180.15,171.28,1,-1,-1,-1
235,11,1238.00,375.19,168.61,143.13,1,-1,-1,-1
235,13,1202.75,83.47,122.96,46.48,1,-1,-1,-1
236,1,392.03,202.28,71.00,41.06,1,-1,-1,-1
236,10,619.22,110.66,178.23,172.15,1,-1,-1,-1
236,11,1233.87,369.03,166.32,141.02,1,-1,-1,-1
236,13,1185.83,83.83,122.38,45.62,1,-1,-1,-1
237,1,392.03,202.28,71.00,41.06,1,-1,-1,-1
237,10,614.90,113.31,176.24,173.09,1,-1,-1,-1
237,11,1229.94,362.93,164.15,138.97,1,-1,-1,-1
237,13,1168.91,84.19,121.43,44.76,1,-1,-1,-1
238,1,392.04,202.28,70.99,41.06,1,-1,-1,-1
238,10,610.86,115.89,174.32,174.14,1,-1,-1,-1
238,11,1226.20,356.90,162.17,136.97,1,-1,-1,-1
238,13,1151.99,84.54,120.16,43.91,1,-1,-1,-1
239,1,392.04,202.28,70.99,41.06,1,-1,-1,-1
239,10,607.11,118.41,172.54,175.30,1,-1,-1,-1
239,11,1222.64,350.95,160.36,135.02,1,-1,-1,-1
239,13,1135.07,84.90,118.60,43.05,1,-1,-1,-1
240,1,392.05,202.28,70.98,41.05,1,-1,-1,-1
240,10,603.65,120.89,170.85,176.54,1,-1,-1,-1
240,11,1219.26,345.07,158.70,133.12,1,-1,-1,-1
240,13,1118.14,85.26,116.74,42.20,1,-1,-1,-1
240,14,752.43,947.18,643.03,126.73,1,-1,-1,-1
241,1,392.05,202.28,70.97,41.05,1,-1,-1,-1
241,10,600.47,123.38,169.23,177.80,1,-1,-1,-1
241,11,1216.04,339.27,157.10,131.27,1,-1,-1,-1
241,13,1101.22,85.62,114.54,41.34,1,-1,-1,-1
241,14,776.84,933.51,631.65,136.90,1,-1,-1,-1
242,1,392.06,202.28,70.97,41.05,1,-1,-1,-1
242,10,597.55,125.93,167.67,179.03,1,-1,-1,-1
242,11,1212.96,333.55,155.48,129.47,1,-1,-1,-1
242,13,1084.30,85.98,112.01,40.48,1,-1,-1,-1
242,14,801.92,919.78,618.74,148.23,1,-1,-1,-1
243,1,392.06,202.29,70.96,41.05,1,-1,-1,-1
243,10,594.84,128.57,166.25,180.20,1,-1,-1,-1
243,11,1210.01,327.92,153.76,127.72,1,-1,-1,-1
243,13,1067.38,86.34,109.18,39.63,1,-1,-1,-1
243,14,827.53,906.06,603.81,160.63,1,-1,-1,-1
244,1,392.07,202.29,70.96,41.04,1,-1,-1,-1
244,10,592.26,131.28,165.12,181.33,1,-1,-1,-1
244,11,1207.15,322.37,151.90,126.02,1,-1,-1,-1
244,13,1050.46,86.70,106.14,38.77,1,-1,-1,-1
244,14,853.52,892.44,586.46,173.96,1,-1,-1,-1
245,1,392.07,202.29,70.95,41.04,1,-1,-1,-1
245,10,589.75,134.02,164.44,182.44,1,-1,-1,-1
245,11,1204.38,316.92,149.90,124.37,1,-1,-1,-1
245,13,1033.54,87.06,102.97,37.92,1,-1,-1,-1
245,14,879.75,879.00,566.47,188.06,1,-1,-1,-1
246,1,392.08,202.29,70.94,41.04,1,-1,-1,-1
246,10,587.20,136.74,164.35,183.59,1,-1,-1,-1
246,11,1201.66,311.55,147.80,122.76,1,-1,-1,-1
246,13,1016.62,87.41,99.74,37.06,1,-1,-1,-1
246,14,905.99,865.82,544.00,202.73,1,-1,-1,-1
247,1,392.08,202.29,70.94,41.04,1,-1,-1,-1
247,10,584.55,139.37,164.95,184.84,1,-1,-1,-1
247,11,1198.99,306.28,145.65,121.19,1,-1,-1,-1
247,13,999.70,87.77,96.56,36.20,1,-1,-1,-1
247,14,931.91,852.96,519.72,217.66,1,-1,-1,-1
248,1,392.09,202.29,70.93,41.04,1,-1,-1,-1
248,10,581.72,141.88,166.23,186.23,1,-1,-1,-1
248,11,1196.34,301.09,143.53,119.68,1,-1,-1,-1
248,13,982.78,88.13,93.60,35.35,1,-1,-1,-1
248,14,957.03,840.48,494.71,232.49,1,-1,-1,-1
249,1,392.09,202.29,70.93,41.03,1,-1,-1,-1
249,10,578.66,144.25,168.14,187.78,1,-1,-1,-1
249,11,1193.69,296.00,141.53,118.20,1,-1,-1,-1
249,13,965.86,88.49,91.06,34.49,1,-1,-1,-1
249,14,980.78,828.40,470.17,246.71,1,-1,-1,-1
250,1,392.10,202.30,70.92,41.03,1,-1,-1,-1
250,10,575.33,146.49,170.54,189.46,1,-1,-1,-1
250,11,1191.04,291.01,139.71,116.77,1,-1,-1,-1
250,13,948.94,88.85,89.08,33.63,1,-1,-1,-1
250,14,1002.66,816.73,447.17,259.74,1,-1,-1,-1
251,1,392.11,202.30,70.92,41.03,1,-1,-1,-1
251,10,571.74,148.64,173.26,191.24,1,-1,-1,-1
251,11,1188.36,286.10,138.09,115.38,1,-1,-1,-1
251,14,1022.24,805.44,426.48,270.91,1,-1,-1,-1
252,1,392.11,202.30,70.91,41.03,1,-1,-1,-1
252,10,567.91,150.74,176.12,193.09,1,-1,-1,-1
252,11,1185.66,281.29,136.67,114.03,1,-1,-1,-1
252,14,1039.25,794.51,408.57,279.62,1,-1,-1,-1
253,1,392.12,202.30,70.90,41.02,1,-1,-1,-1
253,10,563.89,152.82,178.99,194.98,1,-1,-1,-1
253,11,1182.91,276.57,135.39,112.73,1,-1,-1,-1
253,14,1053.56,783.89,393.58,285.38,1,-1,-1,-1
254,1,392.12,202.30,70.90,41.02,1,-1,-1,-1
254,10,559.75,154.87,181.83,196.91,1,-1,-1,-1
254,11,1180.12,271.93,134.21,111.46,1,-1,-1,-1
254,14,1065.23,773.52,381.36,287.96,1,-1,-1,-1
255,1,392.13,202.30,70.89,41.02,1,-1,-1,-1
255,10,555.56,156.89,184.65,198.89,1,-1,-1,-1
255,11,1177.27,267.39,133.10,110.24,1,-1,-1,-1
255,14,1074.44,763.36,371.54,287.46,1,-1,-1,-1
256,1,392.13,202.30,70.89,41.02,1,-1,-1,-1
256,10,551.39,158.86,187.51,200.96,1,-1,-1,-1
256,11,1174.36,262.93,132.01,109.06,1,-1,-1,-1
256,14,1081.46,753.36,363.64,284.33,1,-1,-1,-1
257,1,392.14,202.30,70.88,41.02,1,-1,-1,-1
257,10,547.32,160.77,190.40,203.12,1,-1,-1,-1
257,11,1171.39,258.56,130.92,107.91,1,-1,-1,-1
257,14,1086.61,743.47,357.15,279.28,1,-1,-1,-1
258,1,392.14,202.31,70.87,41.01,1,-1,-1,-1
258,10,543.39,162.62,193.31,205.37,1,-1,-1,-1
258,11,1168.35,254.27,129.84,106.81,1,-1,-1,-1
258,14,1090.17,733.67,351.58,273.10,1,-1,-1,-1
259,1,392.15,202.31,70.87,41.01,1,-1,-1,-1
259,10,539.66,164.43,196.25,207.72,1,-1,-1,-1
259,11,1165.26,250.07,128.71,105.74,1,-1,-1,-1
259,14,1092.41,723.91,346.51,266.47,1,-1,-1,-1
260,1,392.15,202.31,70.86,41.01,1,-1,-1,-1
260,10,536.13,166.19,199.22,210.16,1,-1,-1,-1
260,11,1162.12,245.94,127.51,104.71,1,-1,-1,-1
260,14,1093.53,714.21,341.57,259.90,1,-1,-1,-1
260,15,1823.85,546.41,90.35,174.17,1,-1,-1,-1
260,16,1421.38,64.92,72.19,52.59,1,-1,-1,-1
261,1,392.16,202.31,70.86,41.01,1,-1,-1,-1
261,10,532.79,167.95,202.20,212.67,1,-1,-1,-1
261,11,1158.95,241.89,126.21,103.72,1,-1,-1,-1
261,14,1093.75,704.55,336.47,253.69,1,-1,-1,-1
261,15,1823.87,546.39,90.36,174.14,1,-1,-1,-1
261,16,1412.14,66.12,72.91,53.02,1,-1,-1,-1
262,1,392.16,202.31,70.85,41.01,1,-1,-1,-1
262,10,529.63,169.74,205.21,215.22,1,-1,-1,-1
262,11,1155.78,237.93,124.78,102.77,1,-1,-1,-1
262,14,1093.30,694.94,331.04,248.02,1,-1,-1,-1
262,15,1823.90,546.36,90.36,174.10,1,-1,-1,-1
262,16,1403.16,67.17,73.50,53.56,1,-1,-1,-1
263,1,392.17,202.31,70.84,41.00,1,-1,-1,-1
263,10,526.61,171.62,208.26,217.75,1,-1,-1,-1
263,11,1152.63,234.03,123.23,101.85,1,-1,-1,-1
263,14,1092.36,685.41,325.23,242.92,1,-1,-1,-1
263,15,1823.93,546.34,90.37,174.06,1,-1,-1,-1
263,16,1394.44,68.10,73.94,54.16,1,-1,-1,-1
264,1,392.17,202.31,70.84,41.00,1,-1,-1,-1
264,10,523.69,173.66,211.44,220.21,1,-1,-1,-1
264,11,1149.53,230.22,121.59,100.96,1,-1,-1,-1
264,14,1091.12,675.97,319.14,238.31,1,-1,-1,-1
264,15,1823.95,546.32,90.37,174.02,1,-1,-1,-1
264,16,1385.98,68.94,74.20,54.78,1,-1,-1,-1
265,1,392.18,202.31,70.83,41.00,1,-1,-1,-1
265,10,520.82,175.92,214.83,222.53,1,-1,-1,-1
265,11,1146.51,226.47,119.89,100.10,1,-1,-1,-1
265,14,1089.68,666.66,312.95,234.11,1,-1,-1,-1
265,15,1823.98,546.30,90.38,173.99,1,-1,-1,-1
265,16,1377.74,69.74,74.28,55.41,1,-1,-1,-1
266,1,392.18,202.32,70.83,41.00,1,-1,-1,-1
266,10,517.95,178.44,218.47,224.68,1,-1,-1,-1
266,11,1143.61,222.80,118.22,99.27,1,-1,-1,-1
266,14,1088.10,657.50,306.82,230.23,1,-1,-1,-1
266,15,1824.00,546.27,90.38,173.95,1,-1,-1,-1
266,16,1369.71,70.50,74.21,56.02,1,-1,-1,-1
267,1,392.19,202.32,70.82,40.99,1,-1,-1,-1
267,10,515.05,181.21,222.35,226.69,1,-1,-1,-1
267,11,1140.87,219.20,116.64,98.47,1,-1,-1,-1
267,14,1086.37,648.53,300.87,226.60,1,-1,-1,-1
267,15,1824.03,546.25,90.39,173.91,1,-1,-1,-1
267,16,1361.83,71.25,74.02,56.60,1,-1,-1,-1
268,1,392.19,202.32,70.82,40.99,1,-1,-1,-1
268,10,512.04,184.17,226.38,228.60,1,-1,-1,-1
268,11,1138.32,215.67,115.19,97.70,1,-1,-1,-1
268,14,1084.46,639.78,295.10,223.13,1,-1,-1,-1
268,15,1824.05,546.23,90.39,173.87,1,-1,-1,-1
268,16,1354.04,71.99,73.78,57.16,1,-1,-1,-1
269,1,392.20,202.32,70.81,40.99,1,-1,-1,-1
269,10,508.90,187.24,230.38,230.52,1,-1,-1,-1
269,11,1136.01,212.21,113.89,96.95,1,-1,-1,-1
269,14,1082.37,631.27,289.48,219.75,1,-1,-1,-1
269,15,1824.08,546.21,90.40,173.84,1,-1,-1,-1
269,16,1346.30,72.70,73.54,57.71,1,-1,-1,-1
270,1,392.21,202.32,70.80,40.99,1,-1,-1,-1
270,10,505.56,190.35,234.14,232.52,1,-1,-1,-1
270,11,1133.96,208.82,112.74,96.23,1,-1,-1,-1
270,14,1080.06,623.02,283.94,216.36,1,-1,-1,-1
270,15,1824.10,546.18,90.40,173.80,1,-1,-1,-1
270,16,1338.53,73.40,73.38,58.25,1,-1,-1,-1
271,1,392.21,202.32,70.80,40.99,1,-1,-1,-1
271,10,501.98,193.46,237.43,234.63,1,-1,-1,-1
271,11,1132.21,205.49,111.72,95.53,1,-1,-1,-1
271,14,1077.56,615.04,278.41,212.87,1,-1,-1,-1
271,15,1824.13,546.16,90.41,173.76,1,-1,-1,-1
271,16,1330.67,74.11,73.36,58.76,1,-1,-1,-1
272,1,392.22,202.32,70.79,40.98,1,-1,-1,-1
272,10,498.13,196.56,240.07,236.86,1,-1,-1,-1
272,11,1130.79,202.23,110.83,94.85,1,-1,-1,-1
272,14,1074.89,607.33,272.85,209.26,1,-1,-1,-1
272,15,1824.15,546.14,90.41,173.72,1,-1,-1,-1
272,16,1322.68,74.84,73.54,59.23,1,-1,-1,-1
273,1,392.22,202.32,70.79,40.98,1,-1,-1,-1
273,10,493.98,199.71,241.89,239.17,1,-1,-1,-1
273,11,1129.73,199.03,110.07,94.19,1,-1,-1,-1
273,14,1072.12,599.89,267.29,205.51,1,-1,-1,-1
273,15,1824.18,546.12,90.42,173.69,1,-1,-1,-1
273,16,1314.49,75.62,73.96,59.62,1,-1,-1,-1
274,1,392.23,202.33,70.78,40.98,1,-1,-1,-1
274,10,489.50,202.96,242.74,241.51,1,-1,-1,-1
274,11,1129.04,195.90,109.43,93.56,1,-1,-1,-1
274,14,1069.32,592.69,261.75,201.66,1,-1,-1,-1
274,15,1824.20,546.09,90.42,173.65,1,-1,-1,-1
274,16,1306.07,76.49,74.65,59.92,1,-1,-1,-1
275,1,392.23,202.33,70.77,40.98,1,-1,-1,-1
275,10,484.71,206.36,242.66,243.81,1,-1,-1,-1
275,11,1128.76,192.82,108.92,92.95,1,-1,-1,-1
275,14,1066.60,585.73,256.28,197.76,1,-1,-1,-1
275,15,1824.23,546.07,90.43,173.61,1,-1,-1,-1
275,16,1297.39,77.44,75.62,60.11,1,-1,-1,-1
275,17,968.75,68.75,44.16,55.37,1,-1,-1,-1
276,1,392.24,202.33,70.77,40.98,1,-1,-1,-1
276,10,479.61,209.99,241.85,246.03,1,-1,-1,-1
276,11,1128.90,189.79,108.54,92.35,1,-1,-1,-1
276,14,1064.06,578.96,250.87,193.86,1,-1,-1,-1
276,15,1824.26,546.05,90.43,173.57,1,-1,-1,-1
276,16,1288.42,78.48,76.84,60.21,1,-1,-1,-1
276,17,968.52,69.14,53.10,55.95,1,-1,-1,-1
277,1,392.24,202.33,70.76,40.97,1,-1,-1,-1
277,10,474.25,213.82,240.76,248.15,1,-1,-1,-1
277,11,1129.47,186.82,108.30,91.78,1,-1,-1,-1
277,14,1061.79,572.36,245.49,190.00,1,-1,-1,-1
277,15,1824.28,546.03,90.44,173.54,1,-1,-1,-1
277,16,1279.15,79.60,78.29,60.25,1,-1,-1,-1
277,17,967.64,69.53,62.85,56.53,1,-1,-1,-1
278,1,392.25,202.33,70.76,40.97,1,-1,-1,-1
278,10,468.68,217.84,239.96,250.23,1,-1,-1,-1
278,11,1130.51,183.91,108.20,91.24,1,-1,-1,-1
278,14,1059.83,565.89,240.13,186.21,1,-1,-1,-1
278,15,1824.31,546.00,90.44,173.50,1,-1,-1,-1
278,16,1269.57,80.77,79.91,60.25,1,-1,-1,-1
278,17,966.42,69.92,73.05,57.11,1,-1,-1,-1
279,1,392.25,202.33,70.75,40.97,1,-1,-1,-1
279,10,462.95,221.95,239.92,252.34,1,-1,-1,-1
279,11,1132.01,181.04,108.24,90.72,1,-1,-1,-1
279,14,1058.20,559.53,234.83,182.50,1,-1,-1,-1
279,15,1824.33,545.98,90.45,173.46,1,-1,-1,-1
279,16,1259.70,81.99,81.63,60.24,1,-1,-1,-1
279,17,965.59,70.30,82.87,57.69,1,-1,-1,-1
280,1,392.26,202.33,70.75,40.97,1,-1,-1,-1
280,10,457.13,226.04,240.86,254.58,1,-1,-1,-1
280,11,1133.99,178.21,108.42,90.22,1,-1,-1,-1
280,14,1056.90,553.24,229.64,178.90,1,-1,-1,-1
280,15,1824.36,545.96,90.45,173.42,1,-1,-1,-1
280,16,1249.52,83.23,83.38,60.25,1,-1,-1,-1
280,17,966.02,70.69,91.38,58.26,1,-1,-1,-1
281,1,392.26,202.33,70.74,40.96,1,-1,-1,-1
281,10,451.27,230.01,242.73,257.07,1,-1,-1,-1
281,11,1136.47,175.43,108.72,89.75,1,-1,-1,-1
281,14,1055.88,546.99,224.65,175.44,1,-1,-1,-1
281,15,1824.38,545.94,90.46,173.39,1,-1,-1,-1
281,16,1239.06,84.46,85.10,60.32,1,-1,-1,-1
281,17,968.26,71.08,97.95,58.84,1,-1,-1,-1
282,1,392.27,202.34,70.73,40.96,1,-1,-1,-1
282,10,445.43,233.75,245.31,259.90,1,-1,-1,-1
282,11,1139.45,172.69,109.11,89.31,1,-1,-1,-1
282,14,1055.08,540.74,219.98,172.14,1,-1,-1,-1
282,15,1824.41,545.91,90.46,173.35,1,-1,-1,-1
282,16,1228.31,85.67,86.72,60.47,1,-1,-1,-1
282,17,972.40,71.47,102.37,59.42,1,-1,-1,-1
283,1,392.27,202.34,70.73,40.96,1,-1,-1,-1
283,10,439.65,237.22,248.27,263.13,1,-1,-1,-1
283,11,1142.95,169.98,109.56,88.89,1,-1,-1,-1
283,14,1054.41,534.47,215.72,169.04,1,-1,-1,-1
283,15,1824.43,545.89,90.47,173.31,1,-1,-1,-1
283,16,1217.26,86.84,88.23,60.74,1,-1,-1,-1
283,17,978.27,71.85,104.76,60.00,1,-1,-1,-1
284,1,392.28,202.34,70.72,40.96,1,-1,-1,-1
284,10,433.95,240.38,251.29,266.76,1,-1,-1,-1
284,11,1146.97,167.31,110.00,88.50,1,-1,-1,-1
284,14,1053.76,528.15,211.96,166.21,1,-1,-1,-1
284,15,1824.46,545.87,90.47,173.27,1,-1,-1,-1
284,16,1205.89,87.97,89.61,61.12,1,-1,-1,-1
284,17,985.58,72.24,105.35,60.58,1,-1,-1,-1
285,1,392.28,202.34,70.72,40.96,1,-1,-1,-1
285,10,428.34,243.29,254.07,270.76,1,-1,-1,-1
285,11,1151.53,164.67,110.38,88.15,1,-1,-1,-1
285,14,1053.04,521.75,208.72,163.72,1,-1,-1,-1
285,15,1824.48,545.85,90.48,173.24,1,-1,-1,-1
285,16,1194.18,89.04,90.87,61.63,1,-1,-1,-1
285,17,993.93,72.63,104.47,61.15,1,-1,-1,-1
286,1,392.29,202.34,70.71,40.95,1,-1,-1,-1
286,10,422.83,246.02,256.39,275.03,1,-1,-1,-1
286,11,1156.63,162.06,110.64,87.82,1,-1,-1,-1
286,14,1052.13,515.28,205.99,161.63,1,-1,-1,-1
286,15,1824.51,545.82,90.48,173.20,1,-1,-1,-1
286,16,1182.11,90.07,92.03,62.28,1,-1,-1,-1
286,17,1002.89,73.02,102.53,61.73,1,-1,-1,-1
287,1,392.29,202.34,70.70,40.95,1,-1,-1,-1
287,10,417.41,248.66,258.15,279.47,1,-1,-1,-1
287,11,1162.27,159.48,110.75,87.52,1,-1,-1,-1
287,14,1050.99,508.72,203.75,159.96,1,-1,-1,-1
287,15,1824.53,545.80,90.49,173.16,1,-1,-1,-1
287,16,1169.66,91.04,93.10,63.05,1,-1,-1,-1
287,17,1012.03,73.40,99.94,62.31,1,-1,-1,-1
288,1,392.30,202.34,70.70,40.95,1,-1,-1,-1
288,10,412.09,251.31,259.37,283.99,1,-1,-1,-1
288,11,1168.46,156.92,110.71,87.25,1,-1,-1,-1
288,14,1049.60,502.09,201.89,158.61,1,-1,-1,-1
288,15,1824.56,545.78,90.49,173.12,1,-1,-1,-1
288,16,1156.82,91.95,94.09,63.98,1,-1,-1,-1
288,17,1020.94,73.79,97.10,62.89,1,-1,-1,-1
289,1,392.31,202.35,70.69,40.95,1,-1,-1,-1
289,10,406.85,254.05,260.18,288.49,1,-1,-1,-1
289,11,1175.19,154.38,110.53,87.01,1,-1,-1,-1
289,14,1048.04,495.40,200.25,157.44,1,-1,-1,-1
289,15,1824.59,545.76,90.50,173.09,1,-1,-1,-1
289,16,1143.60,92.79,95.03,65.06,1,-1,-1,-1
289,17,1029.25,74.18,94.40,63.47,1,-1,-1,-1
290,1,392.31,202.35,70.69,40.95,1,-1,-1,-1
290,10,401.69,256.96,260.77,292.90,1,-1,-1,-1
290,11,1182.45,151.87,110.21,86.79,1,-1,-1,-1
290,14,1046.43,488.67,198.61,156.28,1,-1,-1,-1
290,15,1824.61,545.73,90.51,173.05,1,-1,-1,-1
290,16,1129.99,93.55,95.91,66.30,1,-1,-1,-1
290,17,1036.61,74.57,92.19,64.04,1,-1,-1,-1
291,1,392.32,202.35,70.68,40.94,1,-1,-1,-1
291,10,396.62,260.09,261.34,297.14,1,-1,-1,-1
291,11,1190.20,149.37,109.80,86.60,1,-1,-1,-1
291,14,1044.96,481.94,196.80,154.98,1,-1,-1,-1
291,15,1824.64,545.71,90.51,173.01,1,-1,-1,-1
291,16,1116.05,94.27,96.73,67.65,1,-1,-1,-1
291,17,1042.84,74.95,90.67,64.62,1,-1,-1,-1
292,1,392.32,202.35,70.68,40.94,1,-1,-1,-1
292,10,391.62,263.45,262.08,301.19,1,-1,-1,-1
292,11,1198.43,146.90,109.40,86.43,1,-1,-1,-1
292,14,1043.81,475.24,194.72,153.45,1,-1,-1,-1
292,15,1824.66,545.69,90.52,172.97,1,-1,-1,-1
292,16,1101.80,95.03,97.49,69.02,1,-1,-1,-1
292,17,1047.97,75.34,89.82,65.20,1,-1,-1,-1
293,1,392.33,202.35,70.67,40.94,1,-1,-1,-1
293,10,386.69,267.03,263.10,305.08,1,-1,-1,-1
293,11,1207.10,144.45,109.14,86.28,1,-1,-1,-1
293,14,1043.16,468.61,192.36,151.69,1,-1,-1,-1
293,16,1087.31,95.97,98.17,70.30,1,-1,-1,-1
293,17,1052.20,75.73,89.41,65.78,1,-1,-1,-1
294,1,392.33,202.35,70.66,40.94,1,-1,-1,-1
294,10,381.82,270.75,264.49,308.86,1,-1,-1,-1
294,11,1216.15,142.01,109.27,86.15,1,-1,-1,-1
294,14,1043.14,462.06,189.84,149.74,1,-1,-1,-1
294,16,1072.61,97.22,98.78,71.33,1,-1,-1,-1
294,17,1055.84,76.12,89.16,66.36,1,-1,-1,-1
295,1,392.34,202.35,70.66,40.93,1,-1,-1,-1
295,10,376.99,274.53,266.32,312.61,1,-1,-1,-1
295,11,1225.55,139.60,110.04,86.03,1,-1,-1,-1
295,14,1043.85,455.62,187.28,147.69,1,-1,-1,-1
295,16,1057.76,98.88,99.33,72.00,1,-1,-1,-1
295,17,1059.18,76.50,88.74,66.93,1,-1,-1,-1
296,1,392.34,202.35,70.65,40.93,1,-1,-1,-1
296,10,372.17,278.30,268.66,316.38,1,-1,-1,-1
296,11,1235.24,137.22,111.74,85.93,1,-1,-1,-1
296,14,1045.31,449.30,184.76,145.60,1,-1,-1,-1
296,16,1042.80,101.00,99.82,72.27,1,-1,-1,-1
296,17,1062.46,76.89,87.91,67.51,1,-1,-1,-1
297,1,392.35,202.36,70.65,40.93,1,-1,-1,-1
297,10,367.34,282.03,271.50,320.21,1,-1,-1,-1
297,11,1245.16,134.85,114.59,85.82,1,-1,-1,-1
297,14,1047.51,443.09,182.31,143.54,1,-1,-1,-1
297,16,1027.76,103.51,100.28,72.17,1,-1,-1,-1
297,17,1065.76,77.28,86.58,68.09,1,-1,-1,-1
298,1,392.35,202.36,70.64,40.93,1,-1,-1,-1
298,10,362.44,285.71,274.86,324.08,1,-1,-1,-1
298,11,1255.24,132.52,118.66,85.72,1,-1,-1,-1
298,14,1050.41,436.99,179.98,141.52,1,-1,-1,-1
298,16,1012.65,106.30,100.73,71.82,1,-1,-1,-1
298,17,1068.97,77.67,84.86,68.67,1,-1,-1,-1
299,1,392.36,202.36,70.63,40.93,1,-1,-1,-1
299,10,357.44,289.44,278.75,327.91,1,-1,-1,-1
299,11,1265.44,130.21,123.77,85.62,1,-1,-1,-1
299,14,1053.93,430.99,177.90,139.53,1,-1,-1,-1
299,16,997.52,109.22,101.19,71.36,1,-1,-1,-1
299,17,1071.73,78.05,83.10,69.25,1,-1,-1,-1
300,1,392.36,202.36,70.63,40.92,1,-1,-1,-1
300,10,352.30,293.32,283.26,331.58,1,-1,-1,-1
300,11,1275.67,127.93,129.41,85.51,1,-1,-1,-1
300,14,1058.00,425.07,176.17,137.57,1,-1,-1,-1
300,16,982.37,112.14,101.69,70.90,1,-1,-1,-1
300,17,1073.72,78.44,81.64,69.82,1,-1,-1,-1
301,1,392.37,202.36,70.62,40.92,1,-1,-1,-1
301,10,347.00,297.48,288.44,334.95,1,-1,-1,-1
301,11,1285.90,125.68,134.75,85.38,1,-1,-1,-1
301,14,1062.60,419.20,174.86,135.65,1,-1,-1,-1
301,16,967.24,114.95,102.23,70.54,1,-1,-1,-1
301,17,1074.81,78.83,80.65,70.40,1,-1,-1,-1
302,1,392.37,202.36,70.62,40.92,1,-1,-1,-1
302,10,341.51,301.99,294.34,337.95,1,-1,-1,-1
302,11,1296.05,123.45,138.76,85.25,1,-1,-1,-1
302,14,1067.69,413.37,173.96,133.81,1,-1,-1,-1
302,16,952.15,117.60,102.81,70.33,1,-1,-1,-1
302,17,1074.98,79.22,80.15,70.98,1,-1,-1,-1
303,1,392.38,202.36,70.61,40.92,1,-1,-1,-1
303,10,335.81,306.84,300.91,340.58,1,-1,-1,-1
303,11,1306.07,121.26,140.50,85.09,1,-1,-1,-1
303,14,1073.32,407.55,173.38,132.04,1,-1,-1,-1
303,16,937.14,120.03,103.44,70.30,1,-1,-1,-1
303,17,1074.35,79.60,80.09,71.56,1,-1,-1,-1
304,1,392.38,202.36,70.60,40.91,1,-1,-1,-1
304,10,329.90,311.96,308.05,342.92,1,-1,-1,-1
304,11,1315.92,119.10,139.45,84.92,1,-1,-1,-1
304,14,1079.49,401.70,173.03,130.31,1,-1,-1,-1
304,16,922.23,122.24,104.09,70.45,1,-1,-1,-1
304,17,1073.09,79.99,80.33,72.14,1,-1,-1,-1
305,1,392.39,202.37,70.60,40.91,1,-1,-1,-1
305,10,323.77,317.22,315.56,345.07,1,-1,-1,-1
305,11,1325.57,116.97,135.68,84.73,1,-1,-1,-1
305,14,1086.22,395.81,172.78,128.61,1,-1,-1,-1
305,16,907.45,124.20,104.78,70.80,1,-1,-1,-1
305,17,1071.36,80.38,80.77,72.71,1,-1,-1,-1
306,1,392.39,202.37,70.59,40.91,1,-1,-1,-1
306,10,317.43,322.47,323.20,347.21,1,-1,-1,-1
306,11,1334.97,114.86,129.69,84.52,1,-1,-1,-1
306,14,1093.50,389.85,172.51,126.91,1,-1,-1,-1
306,16,892.82,125.93,105.47,71.32,1,-1,-1,-1
306,17,1069.35,80.77,81.32,73.29,1,-1,-1,-1
307,1,392.40,202.37,70.59,40.91,1,-1,-1,-1
307,10,310.89,327.55,330.74,349.48,1,-1,-1,-1
307,11,1344.13,112.77,122.08,84.29,1,-1,-1,-1
307,14,1101.28,383.79,172.11,125.23,1,-1,-1,-1
307,16,878.36,127.43,106.19,72.01,1,-1,-1,-1
307,17,1067.22,81.15,81.89,73.87,1,-1,-1,-1
308,1,392.40,202.37,70.58,40.91,1,-1,-1,-1
308,10,304.15,332.29,337.93,352.04,1,-1,-1,-1
308,11,1353.03,110.71,113.33,84.04,1,-1,-1,-1
308,14,1109.47,377.61,171.46,123.62,1,-1,-1,-1
308,16,864.08,128.71,106.91,72.84,1,-1,-1,-1
308,17,1065.22,81.54,82.34,74.45,1,-1,-1,-1
309,1,392.41,202.37,70.58,40.90,1,-1,-1,-1
309,10,297.24,336.58,344.57,355.01,1,-1,-1,-1
309,11,1361.65,108.65,103.74,83.77,1,-1,-1,-1
309,14,1118.00,371.30,170.46,122.10,1,-1,-1,-1
309,16,850.00,129.81,107.64,73.78,1,-1,-1,-1
309,17,1063.66,81.93,82.43,75.03,1,-1,-1,-1
310,1,392.42,202.37,70.57,40.90,1,-1,-1,-1
310,10,290.16,340.33,350.54,358.46,1,-1,-1,-1
310,11,1369.99,106.62,93.48,83.49,1,-1,-1,-1
310,14,1126.80,364.85,168.99,120.69,1,-1,-1,-1
310,16,836.12,130.78,108.39,74.78,1,-1,-1,-1
310,17,1062.88,82.32,81.90,75.60,1,-1,-1,-1
