1,1,394.359,203.363,69.468,41.027,1,-1,-1,-1
1,4,22.562,861.564,475.971,215.588,1,-1,-1,-1
1,2,956.459,215.633,113.303,112.865,1,-1,-1,-1
1,3,324.492,558.497,228.976,174.851,1,-1,-1,-1
2,1,394.074,202.972,70.139,41.636,1,-1,-1,-1
2,2,958.219,210.983,119.886,109.072,1,-1,-1,-1
2,3,318.066,562.172,224.868,175.431,1,-1,-1,-1
2,4,22.907,861.469,475.964,216.354,1,-1,-1,-1
3,2,955.815,210.945,118.339,105.119,1,-1,-1,-1
3,1,393.435,203.217,70.621,41.096,1,-1,-1,-1
3,5,3.126,863.294,481.415,214.760,1,-1,-1,-1
3,3,311.741,566.975,230.156,179.286,1,-1,-1,-1
4,3,299.234,569.442,239.321,187.294,1,-1,-1,-1
4,2,959.132,208.293,114.686,104.695,1,-1,-1,-1
4,4,25.314,863.261,470.907,214.959,1,-1,-1,-1
4,1,393.248,203.348,70.670,41.129,1,-1,-1,-1
5,4,24.914,863.570,469.336,215.136,1,-1,-1,-1
5,3,291.958,576.043,245.181,184.600,1,-1,-1,-1
5,2,960.280,206.788,110.714,103.156,1,-1,-1,-1
5,1,393.704,203.373,70.026,41.180,1,-1,-1,-1
6,3,284.701,584.502,252.875,186.306,1,-1,-1,-1
6,2,962.084,204.494,112.414,103.059,1,-1,-1,-1
6,1,393.159,203.338,71.036,41.222,1,-1,-1,-1
6,4,25.015,863.805,472.632,215.463,1,-1,-1,-1
7,4,24.254,864.306,470.589,215.142,1,-1,-1,-1
7,2,963.136,202.672,116.384,100.283,1,-1,-1,-1
7,1,392.821,203.447,71.392,41.073,1,-1,-1,-1
7,3,279.590,586.759,255.366,188.415,1,-1,-1,-1
8,1,392.674,203.389,71.400,41.181,1,-1,-1,-1
8,6,0.000,861.989,461.464,217.272,1,-1,-1,-1
8,2,965.188,201.271,113.622,96.718,1,-1,-1,-1
8,3,276.698,591.221,258.171,191.191,1,-1,-1,-1
9,1,392.649,203.348,71.488,41.246,1,-1,-1,-1
9,2,964.701,199.391,112.799,96.678,1,-1,-1,-1
9,3,274.156,594.674,255.013,194.578,1,-1,-1,-1
9,4,24.584,862.584,465.646,217.123,1,-1,-1,-1
10,3,268.304,599.341,251.809,199.229,1,-1,-1,-1
10,2,963.657,198.506,113.290,95.634,1,-1,-1,-1
10,1,392.569,203.370,71.519,41.314,1,-1,-1,-1
10,6,0.000,860.584,461.289,219.252,1,-1,-1,-1
11,3,259.218,605.283,254.655,198.498,1,-1,-1,-1
11,2,962.040,193.845,110.100,101.116,1,-1,-1,-1
11,1,391.629,204.016,71.585,40.118,1,-1,-1,-1
12,3,246.714,613.743,259.218,196.633,1,-1,-1,-1
12,2,966.627,191.895,110.727,97.036,1,-1,-1,-1
12,1,391.532,204.046,71.656,40.025,1,-1,-1,-1
13,2,967.616,190.422,110.094,96.762,1,-1,-1,-1
13,1,391.471,204.005,71.693,40.156,1,-1,-1,-1
13,3,237.431,620.331,264.048,198.608,1,-1,-1,-1
14,1,391.308,203.973,71.919,40.180,1,-1,-1,-1
14,2,970.023,187.373,108.937,94.348,1,-1,-1,-1
14,3,226.761,618.934,278.690,210.431,1,-1,-1,-1
15,2,970.345,184.684,114.435,95.281,1,-1,-1,-1
15,1,391.189,204.117,71.840,40.008,1,-1,-1,-1
15,3,221.367,621.597,273.075,217.219,1,-1,-1,-1
16,3,213.270,629.391,274.777,215.657,1,-1,-1,-1
16,1,391.063,204.340,71.821,39.698,1,-1,-1,-1
16,2,971.539,182.591,114.173,95.739,1,-1,-1,-1
17,2,972.826,179.482,114.025,93.750,1,-1,-1,-1
17,3,206.132,635.829,274.963,213.899,1,-1,-1,-1
17,1,391.312,204.233,71.534,39.851,1,-1,-1,-1
18,2,977.321,176.584,108.323,94.879,1,-1,-1,-1
18,3,198.745,640.059,279.668,213.527,1,-1,-1,-1
18,1,391.488,204.162,71.451,40.003,1,-1,-1,-1
19,1,391.198,204.213,71.721,39.927,1,-1,-1,-1
19,2,980.005,176.203,108.381,93.111,1,-1,-1,-1
19,3,189.977,645.046,286.126,214.448,1,-1,-1,-1
20,1,391.523,204.117,71.519,39.929,1,-1,-1,-1
20,3,179.437,650.186,290.846,220.038,1,-1,-1,-1
20,2,983.364,174.334,104.340,91.946,1,-1,-1,-1
21,7,1815.149,546.537,98.565,170.867,1,-1,-1,-1
21,3,170.725,654.340,295.769,221.780,1,-1,-1,-1
21,2,983.656,169.391,109.426,100.999,1,-1,-1,-1
21,1,393.331,203.441,70.544,40.730,1,-1,-1,-1
22,1,393.336,203.381,70.642,40.922,1,-1,-1,-1
22,2,986.810,168.260,109.087,97.348,1,-1,-1,-1
22,3,171.429,660.277,293.902,227.012,1,-1,-1,-1
22,7,1815.231,546.736,98.537,170.522,1,-1,-1,-1
23,2,990.203,166.219,109.952,96.938,1,-1,-1,-1
23,7,1815.054,546.755,98.529,171.011,1,-1,-1,-1
23,3,151.984,662.166,305.862,226.656,1,-1,-1,-1
23,1,393.887,203.481,69.936,40.779,1,-1,-1,-1
24,3,135.615,667.541,320.993,230.560,1,-1,-1,-1
24,7,1815.406,547.091,98.384,169.916,1,-1,-1,-1
24,1,393.872,203.415,70.058,40.892,1,-1,-1,-1
24,2,995.506,165.794,107.352,92.246,1,-1,-1,-1
25,7,1815.472,546.464,98.025,170.660,1,-1,-1,-1
25,3,130.940,670.453,322.761,233.277,1,-1,-1,-1
25,1,393.969,203.649,69.782,40.475,1,-1,-1,-1
25,2,999.010,164.580,110.092,90.258,1,-1,-1,-1
26,7,1815.641,546.532,98.009,170.409,1,-1,-1,-1
26,3,127.177,674.719,321.321,236.427,1,-1,-1,-1
26,1,393.923,203.664,69.635,40.455,1,-1,-1,-1
26,2,1004.907,161.879,108.522,90.283,1,-1,-1,-1
27,3,124.961,678.671,314.583,236.419,1,-1,-1,-1
27,1,394.016,203.671,69.557,40.451,1,-1,-1,-1
27,2,1008.003,157.631,111.775,92.874,1,-1,-1,-1
27,7,1815.486,547.103,98.227,170.048,1,-1,-1,-1
28,2,1014.276,154.660,110.024,93.095,1,-1,-1,-1
28,1,394.088,203.670,69.471,40.449,1,-1,-1,-1
28,3,117.750,682.472,313.522,236.132,1,-1,-1,-1
28,7,1843.115,557.987,75.885,169.494,1,-1,-1,-1
29,3,104.878,686.660,324.014,234.231,1,-1,-1,-1
29,7,1815.550,546.505,97.929,170.860,1,-1,-1,-1
29,2,1016.721,156.406,113.285,93.295,1,-1,-1,-1
29,1,393.968,203.730,69.664,40.355,1,-1,-1,-1
30,2,1024.003,156.769,111.239,86.659,1,-1,-1,-1
30,3,91.626,686.759,333.417,245.085,1,-1,-1,-1
30,7,1815.480,546.426,97.982,170.969,1,-1,-1,-1
30,1,394.151,203.711,69.345,40.265,1,-1,-1,-1
31,7,1814.320,546.580,99.172,169.278,1,-1,-1,-1
31,3,87.059,692.628,336.558,243.857,1,-1,-1,-1
31,2,1027.852,154.225,114.472,86.368,1,-1,-1,-1
31,1,392.035,203.536,71.808,40.975,1,-1,-1,-1
32,2,1036.978,151.518,111.289,87.878,1,-1,-1,-1
32,7,1814.299,546.679,99.237,169.277,1,-1,-1,-1
32,1,391.966,203.580,71.877,40.831,1,-1,-1,-1
32,3,85.376,699.355,333.815,235.614,1,-1,-1,-1
33,3,72.391,702.599,336.059,245.900,1,-1,-1,-1
33,7,1814.256,546.671,99.408,169.519,1,-1,-1,-1
33,2,1041.429,149.585,115.262,88.215,1,-1,-1,-1
33,1,392.099,203.701,71.670,40.701,1,-1,-1,-1
34,7,1814.451,546.899,99.193,169.158,1,-1,-1,-1
34,3,65.595,704.601,340.516,245.073,1,-1,-1,-1
34,2,1049.431,146.744,112.509,88.536,1,-1,-1,-1
34,1,392.146,203.706,71.582,40.693,1,-1,-1,-1
35,7,1814.169,546.721,99.322,169.214,1,-1,-1,-1
35,3,64.172,708.282,344.314,247.520,1,-1,-1,-1
35,1,392.076,203.582,71.827,40.747,1,-1,-1,-1
35,2,1056.430,146.744,109.340,83.497,1,-1,-1,-1
36,7,1814.130,546.848,99.486,169.275,1,-1,-1,-1
36,1,392.136,203.592,71.656,40.712,1,-1,-1,-1
36,2,1062.214,144.268,111.614,85.046,1,-1,-1,-1
36,3,46.928,724.175,358.775,248.416,1,-1,-1,-1
37,3,29.684,740.069,373.237,249.313,1,-1,-1,-1
37,1,392.225,203.296,71.558,41.349,1,-1,-1,-1
37,7,1814.115,547.868,99.068,167.929,1,-1,-1,-1
37,2,1066.832,143.974,118.210,86.671,1,-1,-1,-1
38,1,392.236,203.491,71.272,41.085,1,-1,-1,-1
38,3,12.440,755.962,387.698,250.209,1,-1,-1,-1
38,7,1814.048,547.093,99.188,168.861,1,-1,-1,-1
38,2,1072.847,142.084,118.174,84.949,1,-1,-1,-1
39,7,1814.602,547.382,98.685,167.963,1,-1,-1,-1
39,3,19.544,720.703,362.305,242.229,1,-1,-1,-1
39,1,391.328,203.362,72.476,41.289,1,-1,-1,-1
39,2,1083.560,140.613,116.132,81.531,1,-1,-1,-1
40,1,391.564,203.402,72.220,41.235,1,-1,-1,-1
40,7,1814.618,547.229,98.474,168.032,1,-1,-1,-1
40,8,0.000,859.177,348.392,219.285,1,-1,-1,-1
40,3,6.415,721.577,362.838,240.794,1,-1,-1,-1
40,2,1089.390,137.958,115.201,83.241,1,-1,-1,-1
41,1,390.968,203.213,73.173,41.847,1,-1,-1,-1
41,3,8.975,727.779,357.140,229.602,1,-1,-1,-1
41,2,1099.283,135.308,115.695,83.769,1,-1,-1,-1
41,7,1814.351,546.603,98.801,169.417,1,-1,-1,-1
42,2,1105.545,133.805,117.042,83.017,1,-1,-1,-1
42,7,1814.714,546.024,98.255,170.003,1,-1,-1,-1
42,8,0.669,753.745,396.520,259.223,1,-1,-1,-1
42,1,391.058,202.992,73.208,41.980,1,-1,-1,-1
43,1,391.147,203.238,73.025,41.678,1,-1,-1,-1
43,2,1114.624,131.775,114.110,80.676,1,-1,-1,-1
43,7,1814.875,545.904,98.096,170.400,1,-1,-1,-1
43,8,1.632,758.057,397.416,260.279,1,-1,-1,-1
44,2,1123.505,129.047,111.266,82.828,1,-1,-1,-1
44,1,391.550,203.328,72.467,41.521,1,-1,-1,-1
44,7,1814.689,546.325,98.395,170.126,1,-1,-1,-1
44,8,3.971,757.293,390.954,256.578,1,-1,-1,-1
45,2,1130.104,129.416,112.588,79.973,1,-1,-1,-1
45,7,1815.128,545.799,98.144,170.479,1,-1,-1,-1
45,8,3.355,757.249,389.114,265.605,1,-1,-1,-1
45,1,392.062,203.170,72.075,41.742,1,-1,-1,-1
46,7,1815.370,545.002,97.645,172.238,1,-1,-1,-1
46,1,391.753,203.096,72.340,41.848,1,-1,-1,-1
46,2,1137.116,130.482,119.602,78.149,1,-1,-1,-1
46,3,0.000,735.613,354.076,225.874,1,-1,-1,-1
47,7,1823.941,544.579,91.838,175.371,1,-1,-1,-1
47,1,391.488,203.024,72.472,41.959,1,-1,-1,-1
47,2,1147.284,133.312,110.172,72.695,1,-1,-1,-1
47,3,0.000,739.365,356.954,217.169,1,-1,-1,-1
48,2,1155.371,131.079,112.928,74.803,1,-1,-1,-1
48,1,391.145,203.030,72.729,42.022,1,-1,-1,-1
48,7,1815.526,546.540,97.789,170.001,1,-1,-1,-1
48,3,1.229,741.758,349.373,210.502,1,-1,-1,-1
49,2,1162.941,129.159,110.575,74.785,1,-1,-1,-1
49,1,390.635,203.057,73.526,41.968,1,-1,-1,-1
49,8,0.773,756.431,434.663,312.031,1,-1,-1,-1
49,7,1815.749,545.714,97.464,170.860,1,-1,-1,-1
50,1,390.558,202.991,73.864,42.082,1,-1,-1,-1
50,2,1172.100,125.669,112.921,76.188,1,-1,-1,-1
50,7,1815.444,545.631,97.889,171.992,1,-1,-1,-1
50,8,0.000,756.000,447.004,314.682,1,-1,-1,-1
50,3,3.688,746.544,334.212,197.169,1,-1,-1,-1
51,2,1180.572,126.566,105.074,72.269,1,-1,-1,-1
51,1,392.173,203.811,70.470,40.331,1,-1,-1,-1
51,7,1815.188,548.197,99.638,168.406,1,-1,-1,-1
51,8,0.857,754.749,451.797,318.666,1,-1,-1,-1
51,3,4.917,748.938,326.631,190.503,1,-1,-1,-1
52,1,391.930,203.877,70.775,40.190,1,-1,-1,-1
52,2,1190.453,124.509,101.628,73.030,1,-1,-1,-1
52,8,5.322,757.157,427.432,302.071,1,-1,-1,-1
52,7,1814.225,548.956,100.417,167.802,1,-1,-1,-1
52,3,6.146,751.331,319.050,183.836,1,-1,-1,-1
53,8,5.579,758.923,429.271,303.045,1,-1,-1,-1
53,2,1198.340,123.775,105.956,71.593,1,-1,-1,-1
53,3,7.376,753.724,311.470,177.170,1,-1,-1,-1
53,7,1814.880,549.170,99.665,167.118,1,-1,-1,-1
53,1,391.855,203.499,70.914,40.500,1,-1,-1,-1
54,7,1815.453,548.959,98.802,167.079,1,-1,-1,-1
54,8,6.194,761.572,431.380,300.609,1,-1,-1,-1
54,1,392.078,203.494,70.519,40.662,1,-1,-1,-1
54,2,1203.665,122.186,111.393,71.431,1,-1,-1,-1
55,7,1815.361,547.934,99.021,167.432,1,-1,-1,-1
55,8,6.588,757.077,444.879,308.002,1,-1,-1,-1
55,1,392.470,203.651,70.187,40.466,1,-1,-1,-1
55,2,1211.396,121.523,116.317,69.989,1,-1,-1,-1
56,1,393.020,203.562,69.756,40.486,1,-1,-1,-1
56,7,1815.044,547.613,98.758,166.595,1,-1,-1,-1
56,2,1220.804,119.734,111.090,70.702,1,-1,-1,-1
56,8,0.000,758.353,515.507,318.161,1,-1,-1,-1
57,2,1227.200,118.769,107.961,69.706,1,-1,-1,-1
57,7,1815.225,546.872,98.783,166.889,1,-1,-1,-1
57,8,0.159,761.689,509.499,316.136,1,-1,-1,-1
57,1,392.230,203.537,70.524,40.329,1,-1,-1,-1
57,3,5.580,760.059,306.260,178.527,1,-1,-1,-1
58,2,1232.570,119.378,106.638,67.696,1,-1,-1,-1
58,8,5.963,765.722,509.499,313.278,1,-1,-1,-1
58,3,5.627,760.140,312.051,182.272,1,-1,-1,-1
58,7,1814.960,547.509,98.329,166.718,1,-1,-1,-1
58,1,391.881,203.428,70.785,40.622,1,-1,-1,-1
59,8,11.739,771.512,509.558,307.488,1,-1,-1,-1
59,9,1677.882,794.984,238.537,266.658,1,-1,-1,-1
59,7,1814.255,548.631,99.113,165.015,1,-1,-1,-1
59,2,1241.044,119.307,111.064,64.626,1,-1,-1,-1
59,1,392.397,203.614,70.273,40.428,1,-1,-1,-1
60,7,1812.944,548.542,98.461,164.658,1,-1,-1,-1
60,2,1251.332,116.930,110.633,66.580,1,-1,-1,-1
60,8,17.473,779.781,509.700,299.219,1,-1,-1,-1
60,1,391.368,203.432,71.743,40.834,1,-1,-1,-1
60,9,1663.609,783.702,252.767,271.476,1,-1,-1,-1
61,8,23.165,790.528,509.924,288.472,1,-1,-1,-1
61,9,1649.741,766.866,262.089,285.408,1,-1,-1,-1
61,2,1262.530,115.676,100.982,65.580,1,-1,-1,-1
61,1,390.187,202.723,73.711,41.727,1,-1,-1,-1
61,7,1813.167,547.837,98.533,165.038,1,-1,-1,-1
61,3,8.813,767.774,312.384,197.016,1,-1,-1,-1
62,2,1271.195,110.236,100.208,69.205,1,-1,-1,-1
62,1,390.881,203.081,72.172,41.227,1,-1,-1,-1
62,9,1637.402,759.873,279.206,283.729,1,-1,-1,-1
62,8,28.816,803.757,510.232,275.243,1,-1,-1,-1
62,7,1812.681,548.156,97.803,163.954,1,-1,-1,-1
63,9,1624.658,750.497,293.601,284.426,1,-1,-1,-1
63,2,1275.038,108.653,113.918,70.387,1,-1,-1,-1
63,1,390.277,203.239,73.098,40.966,1,-1,-1,-1
63,8,12.170,755.162,500.158,317.493,1,-1,-1,-1
63,3,6.987,768.374,311.788,207.604,1,-1,-1,-1
63,7,1813.083,547.477,97.347,161.355,1,-1,-1,-1
64,9,1598.042,742.826,290.261,276.468,1,-1,-1,-1
64,2,1281.440,105.816,105.760,70.281,1,-1,-1,-1
64,1,390.428,202.996,73.557,41.327,1,-1,-1,-1
64,3,11.432,752.253,499.860,319.714,1,-1,-1,-1
64,7,1812.503,547.468,98.165,157.618,1,-1,-1,-1
65,7,1812.579,547.155,99.223,156.705,1,-1,-1,-1
65,8,14.157,757.368,496.652,314.449,1,-1,-1,-1
65,9,1616.899,753.245,290.261,276.468,1,-1,-1,-1
65,2,1292.114,104.270,96.071,69.810,1,-1,-1,-1
65,1,391.810,203.208,71.534,41.056,1,-1,-1,-1
66,7,1813.216,546.106,99.024,159.484,1,-1,-1,-1
66,2,1303.516,104.862,84.448,65.600,1,-1,-1,-1
66,1,391.998,203.267,71.212,40.922,1,-1,-1,-1
66,8,7.069,773.874,306.403,201.538,1,-1,-1,-1
66,9,1635.756,763.665,283.244,276.468,1,-1,-1,-1
67,7,1814.095,545.345,99.855,162.044,1,-1,-1,-1
67,8,7.993,774.225,300.770,199.383,1,-1,-1,-1
67,9,1577.791,713.177,330.228,257.372,1,-1,-1,-1
67,1,391.606,203.181,71.811,41.068,1,-1,-1,-1
67,2,1308.310,102.646,87.681,66.522,1,-1,-1,-1
68,7,1813.741,545.896,99.767,160.823,1,-1,-1,-1
68,9,1558.771,699.683,347.065,258.245,1,-1,-1,-1
68,1,391.185,203.157,72.303,41.088,1,-1,-1,-1
68,10,14.707,762.654,492.961,308.905,1,-1,-1,-1
68,8,7.481,776.947,302.744,198.881,1,-1,-1,-1
68,2,1313.103,100.429,90.913,67.443,1,-1,-1,-1
69,10,14.149,761.619,495.419,310.914,1,-1,-1,-1
69,8,7.531,775.975,304.164,201.193,1,-1,-1,-1
69,9,1547.056,693.371,343.455,249.238,1,-1,-1,-1
69,1,391.876,203.240,71.227,40.806,1,-1,-1,-1
69,2,1317.897,98.213,94.146,68.365,1,-1,-1,-1
69,7,1813.874,546.035,99.767,160.823,1,-1,-1,-1
70,7,1814.007,546.174,99.767,160.823,1,-1,-1,-1
70,1,391.710,203.224,71.549,40.814,1,-1,-1,-1
70,2,1324.166,98.357,97.300,67.573,1,-1,-1,-1
70,9,1537.909,683.366,325.092,241.883,1,-1,-1,-1
70,10,12.564,761.441,493.404,311.163,1,-1,-1,-1
71,10,0.000,797.507,497.733,282.185,1,-1,-1,-1
71,8,6.170,776.560,302.066,202.059,1,-1,-1,-1
71,2,1327.918,99.449,98.512,64.850,1,-1,-1,-1
71,1,391.935,202.857,71.198,42.134,1,-1,-1,-1
71,7,1820.101,545.079,94.565,175.224,1,-1,-1,-1
71,9,1527.327,676.514,316.314,234.537,1,-1,-1,-1
72,7,1813.074,547.053,99.843,167.207,1,-1,-1,-1
72,8,6.892,776.593,300.737,202.792,1,-1,-1,-1
72,1,392.378,203.013,71.111,41.838,1,-1,-1,-1
72,2,1331.982,97.535,95.011,63.522,1,-1,-1,-1
72,9,1514.410,663.101,311.378,231.631,1,-1,-1,-1
73,1,392.263,203.290,71.011,41.492,1,-1,-1,-1
73,7,1813.159,546.480,100.224,165.292,1,-1,-1,-1
73,2,1335.253,97.812,94.915,59.928,1,-1,-1,-1
73,8,6.127,777.449,300.371,202.030,1,-1,-1,-1
73,9,1496.326,657.536,313.459,225.258,1,-1,-1,-1
74,7,1813.422,545.697,100.161,167.277,1,-1,-1,-1
74,2,1339.275,97.674,97.002,59.070,1,-1,-1,-1
74,9,1485.030,649.097,301.655,218.095,1,-1,-1,-1
74,1,391.330,203.023,71.984,41.977,1,-1,-1,-1
74,10,0.000,725.006,452.485,256.532,1,-1,-1,-1
75,1,390.887,202.973,72.492,42.035,1,-1,-1,-1
75,9,1466.294,638.457,307.586,217.087,1,-1,-1,-1
75,7,1813.408,546.088,100.140,166.980,1,-1,-1,-1
75,2,1344.007,95.173,96.549,61.704,1,-1,-1,-1
75,10,0.000,725.006,452.485,256.532,1,-1,-1,-1
76,1,391.980,203.177,70.821,41.785,1,-1,-1,-1
76,2,1345.239,93.837,103.946,62.598,1,-1,-1,-1
76,7,1813.367,546.122,100.140,166.980,1,-1,-1,-1
76,9,1469.242,632.686,279.284,214.356,1,-1,-1,-1
76,10,0.000,725.006,452.485,256.532,1,-1,-1,-1
77,1,391.730,203.131,71.410,41.867,1,-1,-1,-1
77,7,1813.325,546.156,100.140,166.980,1,-1,-1,-1
77,10,6.079,776.847,300.138,207.879,1,-1,-1,-1
77,9,1452.278,624.847,277.360,204.748,1,-1,-1,-1
77,2,1358.868,90.373,93.092,65.301,1,-1,-1,-1
78,1,391.243,203.184,72.226,41.585,1,-1,-1,-1
78,7,1813.283,546.191,100.140,166.980,1,-1,-1,-1
78,8,5.523,777.302,299.528,208.328,1,-1,-1,-1
78,2,1365.959,88.700,91.764,65.866,1,-1,-1,-1
78,9,1449.672,620.260,266.129,198.990,1,-1,-1,-1
79,2,1373.242,87.499,88.380,65.551,1,-1,-1,-1
79,7,1813.241,546.225,100.140,166.980,1,-1,-1,-1
79,1,390.561,203.114,72.945,41.728,1,-1,-1,-1
79,9,1435.621,609.970,268.043,206.045,1,-1,-1,-1
79,8,6.038,777.034,299.523,209.361,1,-1,-1,-1
80,2,1379.323,87.706,86.126,64.400,1,-1,-1,-1
80,7,1813.199,546.260,100.140,166.980,1,-1,-1,-1
80,1,392.055,203.297,71.321,41.595,1,-1,-1,-1
80,9,1422.817,602.784,267.265,198.122,1,-1,-1,-1
80,8,5.716,777.541,299.725,208.120,1,-1,-1,-1
81,8,5.167,778.534,304.868,205.299,1,-1,-1,-1
81,9,1410.988,597.053,254.868,188.471,1,-1,-1,-1
81,1,391.162,203.033,71.988,41.099,1,-1,-1,-1
81,2,1382.601,82.836,90.511,67.661,1,-1,-1,-1
81,7,1826.382,547.666,90.198,175.432,1,-1,-1,-1
82,8,4.775,778.131,304.928,206.412,1,-1,-1,-1
82,9,1399.946,589.220,253.632,187.506,1,-1,-1,-1
82,7,1827.365,547.599,88.896,175.128,1,-1,-1,-1
82,1,390.998,202.957,72.363,41.201,1,-1,-1,-1
82,2,1386.031,82.445,87.831,67.931,1,-1,-1,-1
83,7,1827.611,547.347,88.377,174.618,1,-1,-1,-1
83,8,5.254,778.194,304.524,206.051,1,-1,-1,-1
83,9,1395.308,580.310,243.512,187.444,1,-1,-1,-1
83,2,1384.613,79.799,92.341,69.130,1,-1,-1,-1
83,1,391.580,202.944,71.703,41.190,1,-1,-1,-1
84,1,391.576,202.735,71.886,41.589,1,-1,-1,-1
84,9,1390.935,569.632,235.114,187.348,1,-1,-1,-1
84,7,1827.372,547.883,89.068,172.981,1,-1,-1,-1
84,8,4.992,778.739,303.550,204.416,1,-1,-1,-1
84,2,1388.190,79.164,87.916,68.785,1,-1,-1,-1
85,1,391.529,202.783,71.934,41.546,1,-1,-1,-1
85,8,0.000,768.831,481.266,310.402,1,-1,-1,-1
85,9,1379.339,562.138,236.234,184.547,1,-1,-1,-1
85,2,1394.704,79.328,84.253,66.276,1,-1,-1,-1
85,7,1827.479,547.064,89.203,172.865,1,-1,-1,-1
86,2,1400.503,77.449,84.612,67.016,1,-1,-1,-1
86,7,1827.476,547.258,89.450,172.253,1,-1,-1,-1
86,1,391.374,202.811,72.042,41.478,1,-1,-1,-1
86,8,0.000,767.826,479.721,311.758,1,-1,-1,-1
86,9,1367.743,554.644,237.355,181.745,1,-1,-1,-1
87,2,1410.343,77.865,78.225,66.203,1,-1,-1,-1
87,7,1825.779,547.327,90.188,171.762,1,-1,-1,-1
87,1,391.841,203.092,71.760,41.295,1,-1,-1,-1
87,9,1351.025,552.692,232.143,172.987,1,-1,-1,-1
87,8,4.657,777.733,302.739,205.443,1,-1,-1,-1
88,2,1413.771,75.647,76.583,67.895,1,-1,-1,-1
88,7,1825.142,547.327,90.959,171.634,1,-1,-1,-1
88,1,392.357,202.880,70.556,41.392,1,-1,-1,-1
88,8,5.244,777.478,302.646,207.399,1,-1,-1,-1
88,9,1350.702,543.243,221.370,171.637,1,-1,-1,-1
89,1,391.307,202.853,72.122,41.749,1,-1,-1,-1
89,7,1824.547,546.850,91.327,171.818,1,-1,-1,-1
89,8,5.433,776.724,302.895,210.894,1,-1,-1,-1
89,2,1419.298,75.296,76.740,67.193,1,-1,-1,-1
89,9,1338.604,535.762,219.624,169.369,1,-1,-1,-1
90,7,1825.066,546.472,91.295,171.843,1,-1,-1,-1
90,9,1333.278,530.080,212.503,164.109,1,-1,-1,-1
90,1,389.609,202.867,73.840,41.812,1,-1,-1,-1
90,2,1424.251,74.419,76.740,67.193,1,-1,-1,-1
90,8,5.259,778.123,303.971,207.485,1,-1,-1,-1
91,7,1821.616,547.187,94.121,171.366,1,-1,-1,-1
91,9,1327.951,524.398,205.383,158.849,1,-1,-1,-1
91,1,393.637,203.585,70.027,40.724,1,-1,-1,-1
91,2,1407.415,76.732,81.220,62.754,1,-1,-1,-1
91,8,1.962,763.814,482.313,315.123,1,-1,-1,-1
92,1,393.464,203.265,70.333,41.298,1,-1,-1,-1
92,2,1399.613,78.782,69.518,57.623,1,-1,-1,-1
92,9,1322.060,520.034,193.049,153.433,1,-1,-1,-1
92,7,1822.312,546.620,93.905,171.648,1,-1,-1,-1
92,8,1.673,764.092,481.490,314.468,1,-1,-1,-1
93,2,1398.590,73.530,83.137,64.248,1,-1,-1,-1
93,1,394.175,203.274,69.517,41.330,1,-1,-1,-1
93,7,1821.798,548.663,94.311,169.790,1,-1,-1,-1
93,9,1316.976,514.466,190.844,152.826,1,-1,-1,-1
93,8,1.687,763.980,479.986,315.381,1,-1,-1,-1
94,8,1.542,763.737,478.949,315.445,1,-1,-1,-1
94,2,1393.549,73.004,68.649,50.828,1,-1,-1,-1
94,7,1822.135,550.086,93.780,167.174,1,-1,-1,-1
94,9,1308.228,507.347,193.286,151.273,1,-1,-1,-1
94,1,394.335,203.126,70.034,41.664,1,-1,-1,-1
95,9,1298.761,498.810,193.496,151.927,1,-1,-1,-1
95,1,393.249,203.085,71.501,41.459,1,-1,-1,-1
95,7,1813.195,551.058,98.887,161.517,1,-1,-1,-1
95,2,1390.589,76.859,72.164,59.024,1,-1,-1,-1
95,8,0.950,763.114,479.630,315.945,1,-1,-1,-1
96,8,2.158,763.049,475.489,316.194,1,-1,-1,-1
96,7,1813.268,549.015,99.754,160.447,1,-1,-1,-1
96,2,1381.193,72.051,87.510,65.216,1,-1,-1,-1
96,1,393.096,203.170,71.039,41.371,1,-1,-1,-1
96,9,1293.156,488.544,182.383,148.892,1,-1,-1,-1
97,8,10.827,768.311,475.678,310.689,1,-1,-1,-1
97,1,395.126,202.980,68.665,41.902,1,-1,-1,-1
97,7,1812.611,545.552,99.708,162.001,1,-1,-1,-1
97,2,1376.068,72.562,90.687,64.215,1,-1,-1,-1
97,9,1287.579,477.356,185.228,151.410,1,-1,-1,-1
98,7,1813.286,547.115,100.164,157.959,1,-1,-1,-1
98,1,393.079,203.150,70.089,41.813,1,-1,-1,-1
98,2,1360.552,75.152,90.223,62.137,1,-1,-1,-1
98,9,1281.381,468.396,179.656,152.288,1,-1,-1,-1
98,11,1541.668,717.935,375.760,358.730,1,-1,-1,-1
98,8,17.698,759.468,484.055,314.704,1,-1,-1,-1
99,9,1276.768,463.507,178.174,145.626,1,-1,-1,-1
99,1,394.029,203.086,69.340,41.746,1,-1,-1,-1
99,11,1530.678,713.725,388.245,362.096,1,-1,-1,-1
99,8,0.884,762.912,479.985,316.744,1,-1,-1,-1
99,7,1813.286,547.115,100.164,157.959,1,-1,-1,-1
99,2,1359.248,74.788,88.960,60.059,1,-1,-1,-1
100,8,16.299,759.330,489.576,314.963,1,-1,-1,-1
100,7,1813.286,547.115,100.164,157.959,1,-1,-1,-1
100,9,1272.155,458.618,176.692,138.964,1,-1,-1,-1
100,1,394.363,203.198,68.979,41.480,1,-1,-1,-1
100,11,1521.786,702.354,397.084,372.875,1,-1,-1,-1
100,2,1351.314,74.409,89.503,61.582,1,-1,-1,-1
101,2,1340.925,74.366,92.972,63.214,1,-1,-1,-1
101,9,1263.528,454.249,175.047,131.537,1,-1,-1,-1
101,1,390.331,203.127,73.229,41.675,1,-1,-1,-1
101,7,1812.525,545.370,100.209,158.169,1,-1,-1,-1
101,8,14.982,760.573,495.498,313.604,1,-1,-1,-1
101,11,1512.865,695.029,406.213,379.857,1,-1,-1,-1
102,11,1497.328,684.824,422.380,387.298,1,-1,-1,-1
102,9,1258.407,443.479,171.244,135.788,1,-1,-1,-1
102,2,1318.367,74.385,99.666,66.369,1,-1,-1,-1
102,1,390.274,203.138,73.214,41.787,1,-1,-1,-1
102,8,0.968,762.332,486.604,317.493,1,-1,-1,-1
102,7,1812.525,545.370,100.209,158.169,1,-1,-1,-1
103,11,1472.623,680.503,417.922,374.402,1,-1,-1,-1
103,9,1252.551,432.130,168.371,137.612,1,-1,-1,-1
103,1,390.887,203.019,72.449,41.735,1,-1,-1,-1
103,2,1308.791,73.526,97.231,65.309,1,-1,-1,-1
103,8,9.731,763.068,487.318,316.052,1,-1,-1,-1
103,7,1812.525,545.370,100.209,158.169,1,-1,-1,-1
104,7,1814.206,546.256,103.460,156.252,1,-1,-1,-1
104,8,11.606,763.901,487.318,316.052,1,-1,-1,-1
104,1,390.709,202.909,72.752,41.978,1,-1,-1,-1
104,9,1240.765,426.524,167.817,131.976,1,-1,-1,-1
104,11,1481.619,670.334,431.897,393.648,1,-1,-1,-1
104,2,1295.987,72.666,98.215,63.145,1,-1,-1,-1
105,8,0.983,763.776,482.722,316.135,1,-1,-1,-1
105,2,1289.949,70.573,100.235,65.176,1,-1,-1,-1
105,9,1238.337,421.671,163.181,129.372,1,-1,-1,-1
105,11,1466.541,661.103,437.454,394.486,1,-1,-1,-1
105,1,390.731,203.123,72.234,41.876,1,-1,-1,-1
105,7,1814.206,546.256,103.460,156.252,1,-1,-1,-1
106,7,1814.076,545.412,103.464,156.583,1,-1,-1,-1
106,1,390.704,203.050,72.778,41.838,1,-1,-1,-1
106,8,1.270,765.012,483.449,314.926,1,-1,-1,-1
106,11,1456.619,656.738,454.986,370.778,1,-1,-1,-1
106,2,1256.490,73.405,104.095,59.208,1,-1,-1,-1
106,9,1225.650,412.215,165.752,129.986,1,-1,-1,-1
107,1,391.063,203.005,72.410,41.886,1,-1,-1,-1
107,7,1814.300,545.009,103.464,156.583,1,-1,-1,-1
107,8,1.047,764.661,486.940,314.840,1,-1,-1,-1
107,11,1436.730,645.987,447.012,360.213,1,-1,-1,-1
107,2,1241.953,72.363,115.809,57.958,1,-1,-1,-1
107,9,1209.927,405.742,170.658,125.400,1,-1,-1,-1
108,11,1411.331,640.460,454.120,350.258,1,-1,-1,-1
108,7,1817.329,551.765,98.387,152.045,1,-1,-1,-1
108,2,1223.419,75.106,126.234,57.308,1,-1,-1,-1
108,9,1197.729,399.793,170.100,127.045,1,-1,-1,-1
108,8,1.047,764.238,487.549,315.049,1,-1,-1,-1
108,1,391.693,202.947,71.725,41.864,1,-1,-1,-1
109,11,1406.109,619.109,422.578,351.492,1,-1,-1,-1
109,2,1218.064,74.287,115.287,55.874,1,-1,-1,-1
109,9,1182.871,392.247,174.655,124.429,1,-1,-1,-1
109,7,1817.796,553.018,97.737,156.352,1,-1,-1,-1
109,1,391.371,202.825,71.122,42.025,1,-1,-1,-1
109,8,1.821,763.637,481.934,315.100,1,-1,-1,-1
110,7,1776.104,546.401,140.732,155.153,1,-1,-1,-1
110,1,390.400,202.834,72.339,42.021,1,-1,-1,-1
110,2,1208.871,73.224,114.644,54.842,1,-1,-1,-1
110,11,1397.922,612.781,409.284,344.383,1,-1,-1,-1
110,8,2.009,763.808,482.138,314.796,1,-1,-1,-1
110,9,1181.328,380.825,162.888,125.773,1,-1,-1,-1
111,2,1187.954,69.531,110.636,60.141,1,-1,-1,-1
111,1,390.260,202.933,74.007,42.128,1,-1,-1,-1
111,11,1389.736,606.453,395.990,337.273,1,-1,-1,-1
111,7,1819.805,553.654,95.067,154.836,1,-1,-1,-1
111,9,1168.877,371.849,164.093,124.985,1,-1,-1,-1
112,11,1367.830,610.759,389.899,312.976,1,-1,-1,-1
112,7,1828.778,550.576,87.213,165.834,1,-1,-1,-1
112,2,1166.419,72.629,123.042,56.661,1,-1,-1,-1
112,1,391.302,202.823,72.797,42.271,1,-1,-1,-1
112,9,1149.490,368.969,170.682,119.582,1,-1,-1,-1
113,11,1365.104,595.628,376.271,313.627,1,-1,-1,-1
113,9,1137.839,363.025,165.575,116.732,1,-1,-1,-1
113,2,1152.521,75.562,122.853,52.184,1,-1,-1,-1
113,7,1818.460,552.305,97.513,158.823,1,-1,-1,-1
113,1,390.682,202.817,73.337,42.343,1,-1,-1,-1
114,7,1818.993,551.724,98.724,160.429,1,-1,-1,-1
114,9,1133.699,358.751,155.255,110.234,1,-1,-1,-1
114,2,1132.177,74.971,120.564,49.665,1,-1,-1,-1
114,1,389.779,202.572,74.680,42.715,1,-1,-1,-1
114,11,1372.257,592.381,359.512,301.527,1,-1,-1,-1
115,9,1118.123,349.234,159.390,116.258,1,-1,-1,-1
115,7,1828.122,549.298,91.220,171.317,1,-1,-1,-1
115,1,389.663,202.782,74.874,42.614,1,-1,-1,-1
115,11,1361.654,584.312,350.731,296.833,1,-1,-1,-1
115,2,1111.802,81.463,93.652,40.342,1,-1,-1,-1
116,11,1351.052,576.244,341.949,292.139,1,-1,-1,-1
116,7,1828.081,548.533,90.396,173.281,1,-1,-1,-1
116,9,1117.830,340.076,151.236,117.092,1,-1,-1,-1
116,1,390.337,203.405,73.260,41.553,1,-1,-1,-1
116,2,1095.550,75.044,123.086,49.836,1,-1,-1,-1
117,11,1340.449,568.175,333.168,287.445,1,-1,-1,-1
117,7,1828.631,550.396,88.757,171.059,1,-1,-1,-1
117,9,1103.299,334.881,154.039,114.166,1,-1,-1,-1
117,1,389.435,202.832,74.711,42.230,1,-1,-1,-1
117,2,1077.599,74.911,122.514,49.863,1,-1,-1,-1
118,1,389.831,202.923,74.589,41.907,1,-1,-1,-1
118,2,1068.964,75.037,120.499,48.626,1,-1,-1,-1
118,7,1827.752,550.043,88.296,170.528,1,-1,-1,-1
118,11,1329.846,560.107,324.387,282.751,1,-1,-1,-1
118,9,1086.844,332.890,153.970,105.675,1,-1,-1,-1
119,9,1076.789,330.145,152.775,100.849,1,-1,-1,-1
119,7,1827.665,550.206,88.263,170.326,1,-1,-1,-1
119,2,1047.451,81.740,88.742,42.116,1,-1,-1,-1
119,1,390.088,202.924,73.626,41.803,1,-1,-1,-1
119,11,1323.426,545.972,315.959,276.668,1,-1,-1,-1
120,9,1075.585,320.507,140.773,106.828,1,-1,-1,-1
120,2,1032.802,76.526,117.853,49.350,1,-1,-1,-1
120,11,1323.583,540.194,303.307,268.273,1,-1,-1,-1
120,1,389.826,202.857,74.040,41.909,1,-1,-1,-1
121,2,1012.837,77.933,114.623,49.455,1,-1,-1,-1
121,9,1063.788,313.473,143.237,108.207,1,-1,-1,-1
121,11,1323.741,534.416,290.654,259.878,1,-1,-1,-1
121,1,390.844,202.577,74.496,41.992,1,-1,-1,-1
122,1,390.825,202.236,74.957,42.479,1,-1,-1,-1
122,2,1000.605,76.219,118.439,49.991,1,-1,-1,-1
122,11,1315.166,527.076,292.557,264.545,1,-1,-1,-1
122,9,1055.505,311.558,139.811,104.433,1,-1,-1,-1
123,9,1047.982,305.228,135.834,104.246,1,-1,-1,-1
123,11,1310.255,523.964,281.490,248.513,1,-1,-1,-1
123,1,390.935,202.424,74.844,42.427,1,-1,-1,-1
123,2,980.910,77.660,123.807,53.562,1,-1,-1,-1
124,1,390.401,202.784,74.786,41.783,1,-1,-1,-1
124,11,1311.033,519.266,257.591,201.863,1,-1,-1,-1
124,2,971.627,76.438,112.134,52.088,1,-1,-1,-1
124,9,1035.709,300.699,135.846,100.854,1,-1,-1,-1
125,2,993.968,80.073,71.169,47.381,1,-1,-1,-1
125,9,1028.472,297.175,136.238,99.228,1,-1,-1,-1
125,1,390.607,202.483,74.770,42.268,1,-1,-1,-1
125,11,1311.810,514.569,233.693,155.212,1,-1,-1,-1
126,2,976.314,81.548,69.885,46.183,1,-1,-1,-1
126,1,390.615,202.085,74.930,43.157,1,-1,-1,-1
126,11,1312.588,509.871,209.794,108.562,1,-1,-1,-1
126,9,1022.975,290.778,137.609,100.830,1,-1,-1,-1
127,1,390.756,202.089,74.839,42.797,1,-1,-1,-1
127,11,1284.057,489.477,262.798,237.740,1,-1,-1,-1
127,9,1019.582,286.958,124.992,101.417,1,-1,-1,-1
127,2,975.874,82.469,59.347,48.270,1,-1,-1,-1
128,9,1009.616,280.450,123.978,105.615,1,-1,-1,-1
128,11,1281.201,486.734,259.352,230.353,1,-1,-1,-1
128,1,390.692,202.364,74.139,42.612,1,-1,-1,-1
129,9,1008.991,274.513,116.713,100.109,1,-1,-1,-1
129,1,391.192,202.567,73.573,42.276,1,-1,-1,-1
129,11,1278.346,483.991,255.905,222.965,1,-1,-1,-1
130,1,392.078,202.606,73.145,41.932,1,-1,-1,-1
130,11,1286.871,479.390,231.772,166.964,1,-1,-1,-1
130,9,1001.818,269.919,120.525,96.739,1,-1,-1,-1
131,1,392.122,202.408,74.853,43.091,1,-1,-1,-1
131,11,1295.397,474.789,207.640,110.962,1,-1,-1,-1
131,9,996.269,266.848,125.876,96.570,1,-1,-1,-1
132,11,1288.057,466.584,208.892,123.686,1,-1,-1,-1
132,1,391.949,202.191,75.159,43.258,1,-1,-1,-1
132,9,992.296,266.332,124.416,91.427,1,-1,-1,-1
133,12,1.569,768.278,478.476,310.312,1,-1,-1,-1
133,11,1280.717,458.380,210.145,136.409,1,-1,-1,-1
133,1,391.993,201.959,75.449,43.748,1,-1,-1,-1
133,9,997.618,260.335,113.700,94.052,1,-1,-1,-1
134,12,1.491,770.652,482.027,307.902,1,-1,-1,-1
134,9,988.666,255.035,114.333,95.588,1,-1,-1,-1
134,11,1273.377,450.175,211.397,149.133,1,-1,-1,-1
134,1,392.720,201.753,74.695,43.731,1,-1,-1,-1
135,1,392.163,202.059,75.232,43.489,1,-1,-1,-1
135,9,989.423,250.449,111.937,97.584,1,-1,-1,-1
135,12,0.173,768.912,485.360,308.200,1,-1,-1,-1
135,11,1266.036,441.970,212.649,161.857,1,-1,-1,-1
136,9,989.815,245.823,111.076,96.026,1,-1,-1,-1
136,11,1258.696,433.765,213.901,174.581,1,-1,-1,-1
136,12,1.008,769.432,479.676,308.295,1,-1,-1,-1
136,1,392.220,201.991,75.535,43.399,1,-1,-1,-1
137,9,988.049,243.766,111.316,92.004,1,-1,-1,-1
137,11,1251.356,425.561,215.154,187.304,1,-1,-1,-1
137,13,485.389,229.841,140.976,142.862,1,-1,-1,-1
137,12,0.757,769.756,476.983,307.729,1,-1,-1,-1
137,1,392.159,201.841,75.413,43.475,1,-1,-1,-1
138,11,1244.016,417.356,216.406,200.028,1,-1,-1,-1
138,9,986.636,240.278,110.473,92.378,1,-1,-1,-1
138,13,485.131,229.414,141.753,143.375,1,-1,-1,-1
138,12,4.623,787.362,286.050,207.444,1,-1,-1,-1
138,1,392.475,201.729,75.237,43.610,1,-1,-1,-1
139,11,1239.920,412.818,213.715,198.846,1,-1,-1,-1
139,9,986.535,235.485,107.732,94.267,1,-1,-1,-1
139,1,393.699,201.522,74.382,43.780,1,-1,-1,-1
139,13,485.582,229.900,141.029,142.248,1,-1,-1,-1
139,12,0.870,770.681,476.820,306.943,1,-1,-1,-1
140,1,393.608,201.562,74.459,43.693,1,-1,-1,-1
140,13,485.233,230.278,141.709,141.525,1,-1,-1,-1
140,11,1242.760,405.481,202.641,190.048,1,-1,-1,-1
140,12,0.193,768.067,479.515,309.596,1,-1,-1,-1
140,9,987.624,231.629,108.924,92.931,1,-1,-1,-1
141,11,1235.368,397.400,205.411,194.530,1,-1,-1,-1
141,12,0.000,792.665,477.625,286.335,1,-1,-1,-1
141,9,986.350,229.977,107.773,89.453,1,-1,-1,-1
141,1,393.745,202.124,73.300,42.545,1,-1,-1,-1
142,1,394.160,201.752,73.308,42.960,1,-1,-1,-1
142,11,1244.114,386.479,189.759,192.109,1,-1,-1,-1
142,12,0.000,769.764,479.514,308.086,1,-1,-1,-1
142,9,986.566,227.103,105.679,87.332,1,-1,-1,-1
143,11,1237.194,382.638,189.520,185.501,1,-1,-1,-1
143,9,986.296,223.166,105.123,87.634,1,-1,-1,-1
143,12,0.000,768.263,485.936,310.477,1,-1,-1,-1
143,1,394.106,201.545,73.595,43.114,1,-1,-1,-1
144,1,394.926,201.719,72.524,43.197,1,-1,-1,-1
144,11,1227.551,376.809,189.698,184.553,1,-1,-1,-1
144,12,0.000,769.402,482.391,308.423,1,-1,-1,-1
144,9,989.142,219.435,104.007,88.174,1,-1,-1,-1
145,1,395.406,201.577,72.002,43.131,1,-1,-1,-1
145,11,1217.907,370.979,189.875,183.604,1,-1,-1,-1
145,9,990.198,215.772,102.765,86.357,1,-1,-1,-1
145,12,0.000,771.015,487.866,306.206,1,-1,-1,-1
146,12,0.000,770.688,486.858,306.449,1,-1,-1,-1
146,9,988.684,214.913,101.870,81.331,1,-1,-1,-1
146,11,1212.901,360.033,189.653,183.430,1,-1,-1,-1
146,1,394.903,201.428,72.822,43.244,1,-1,-1,-1
147,12,0.000,769.202,486.521,307.709,1,-1,-1,-1
147,9,985.055,211.420,104.607,83.294,1,-1,-1,-1
147,1,394.540,201.509,73.244,43.186,1,-1,-1,-1
147,11,1206.919,359.600,183.820,163.722,1,-1,-1,-1
148,9,985.230,208.868,102.534,83.033,1,-1,-1,-1
148,11,1204.655,354.404,180.025,159.683,1,-1,-1,-1
148,12,0.000,768.926,486.516,307.938,1,-1,-1,-1
148,1,395.545,201.486,72.571,43.352,1,-1,-1,-1
149,11,1202.390,349.207,176.230,155.643,1,-1,-1,-1
149,12,0.000,769.337,484.990,307.735,1,-1,-1,-1
149,1,395.928,201.524,71.441,43.117,1,-1,-1,-1
149,9,988.360,204.824,99.459,83.084,1,-1,-1,-1
150,11,1200.126,344.011,172.435,151.604,1,-1,-1,-1
150,9,989.634,202.006,97.655,81.544,1,-1,-1,-1
150,1,395.023,201.410,72.590,43.028,1,-1,-1,-1
150,12,0.000,770.641,484.729,306.513,1,-1,-1,-1
151,1,393.203,202.050,73.204,43.215,1,-1,-1,-1
151,9,991.200,200.503,97.812,78.093,1,-1,-1,-1
151,12,0.000,767.622,485.818,309.991,1,-1,-1,-1
151,11,1196.083,333.357,173.309,154.425,1,-1,-1,-1
152,12,0.216,768.164,484.481,309.665,1,-1,-1,-1
152,11,1193.041,329.380,170.684,150.287,1,-1,-1,-1
152,1,393.273,202.042,73.230,43.195,1,-1,-1,-1
152,9,992.604,197.396,98.430,78.863,1,-1,-1,-1
153,12,0.000,768.364,481.685,309.229,1,-1,-1,-1
153,11,1189.998,325.402,168.058,146.149,1,-1,-1,-1
153,1,392.435,201.687,74.655,43.612,1,-1,-1,-1
153,9,993.449,195.157,100.282,77.662,1,-1,-1,-1
154,11,1187.053,320.524,167.094,143.119,1,-1,-1,-1
154,1,392.464,201.713,74.691,43.699,1,-1,-1,-1
154,9,998.079,192.074,97.796,77.261,1,-1,-1,-1
154,12,0.000,767.769,483.350,309.721,1,-1,-1,-1
155,14,1358.219,27.989,119.983,100.401,1,-1,-1,-1
155,11,1184.108,315.646,166.129,140.089,1,-1,-1,-1
155,1,393.150,202.063,73.223,43.050,1,-1,-1,-1
155,9,1001.743,189.975,96.774,76.970,1,-1,-1,-1
155,12,0.000,769.979,482.993,307.322,1,-1,-1,-1
156,1,392.461,202.126,74.107,42.657,1,-1,-1,-1
156,14,1358.378,80.501,77.282,46.905,1,-1,-1,-1
156,9,1004.744,187.061,95.186,75.332,1,-1,-1,-1
156,12,4.206,788.797,282.514,206.013,1,-1,-1,-1
156,11,1179.568,307.493,164.474,142.073,1,-1,-1,-1
157,9,1007.452,184.582,97.214,76.565,1,-1,-1,-1
157,14,1341.958,28.914,130.525,99.560,1,-1,-1,-1
157,12,0.000,770.327,483.747,307.532,1,-1,-1,-1
157,1,392.228,202.565,73.610,41.870,1,-1,-1,-1
157,11,1173.796,299.149,156.377,145.867,1,-1,-1,-1
158,1,392.459,202.532,73.764,42.145,1,-1,-1,-1
158,14,1331.004,30.565,137.178,101.309,1,-1,-1,-1
158,11,1171.221,296.519,153.408,141.119,1,-1,-1,-1
158,9,1009.734,181.808,102.524,74.786,1,-1,-1,-1
158,12,0.000,770.513,483.416,307.102,1,-1,-1,-1
159,1,392.226,202.317,74.012,42.695,1,-1,-1,-1
159,14,1331.669,30.193,150.018,97.468,1,-1,-1,-1
159,9,1013.874,180.162,100.177,74.308,1,-1,-1,-1
159,12,0.000,771.100,482.335,305.953,1,-1,-1,-1
159,11,1165.292,288.030,159.293,132.165,1,-1,-1,-1
160,1,392.533,202.392,73.393,42.559,1,-1,-1,-1
160,9,1016.846,176.422,102.005,76.247,1,-1,-1,-1
160,12,0.000,770.451,484.129,306.731,1,-1,-1,-1
160,11,1165.584,285.569,153.750,128.762,1,-1,-1,-1
160,14,1322.941,28.827,149.494,102.052,1,-1,-1,-1
161,1,392.992,203.193,72.028,40.898,1,-1,-1,-1
161,9,1025.707,172.383,97.190,74.758,1,-1,-1,-1
161,12,0.000,773.138,490.294,303.715,1,-1,-1,-1
161,11,1161.619,280.689,155.668,132.059,1,-1,-1,-1
161,14,1313.435,29.450,153.052,100.520,1,-1,-1,-1
162,1,393.519,203.583,71.339,40.559,1,-1,-1,-1
162,12,0.000,770.933,483.801,306.040,1,-1,-1,-1
162,14,1304.667,30.663,142.770,103.031,1,-1,-1,-1
162,9,1032.169,170.717,96.163,73.388,1,-1,-1,-1
162,11,1164.953,274.344,147.957,131.447,1,-1,-1,-1
163,1,393.280,203.206,72.107,40.858,1,-1,-1,-1
163,14,1298.755,31.765,148.396,96.993,1,-1,-1,-1
163,12,0.000,771.735,481.944,304.981,1,-1,-1,-1
163,9,1034.343,171.387,99.299,72.537,1,-1,-1,-1
163,11,1154.359,269.639,153.997,133.336,1,-1,-1,-1
164,11,1151.226,268.018,154.221,129.928,1,-1,-1,-1
164,9,1039.981,167.112,99.493,74.049,1,-1,-1,-1
164,12,0.000,770.604,483.208,306.239,1,-1,-1,-1
164,14,1283.188,32.246,154.974,98.496,1,-1,-1,-1
164,1,393.427,202.834,71.389,41.345,1,-1,-1,-1
165,12,0.000,770.970,484.687,306.522,1,-1,-1,-1
165,11,1148.718,259.539,152.811,126.766,1,-1,-1,-1
165,9,1043.866,167.376,104.473,72.631,1,-1,-1,-1
165,14,1269.311,30.051,156.622,100.597,1,-1,-1,-1
165,1,393.457,202.995,71.671,41.260,1,-1,-1,-1
166,12,0.000,771.234,486.802,305.446,1,-1,-1,-1
166,11,1146.209,251.061,151.402,123.605,1,-1,-1,-1
166,1,393.906,203.042,71.258,41.233,1,-1,-1,-1
166,9,1050.479,165.892,107.418,72.699,1,-1,-1,-1
166,14,1259.187,31.146,163.331,99.664,1,-1,-1,-1
167,9,1062.096,163.688,99.298,70.707,1,-1,-1,-1
167,11,1145.990,248.286,147.681,121.360,1,-1,-1,-1
167,12,0.000,770.346,490.443,306.489,1,-1,-1,-1
167,14,1255.209,30.061,145.080,106.661,1,-1,-1,-1
167,1,393.472,202.874,71.579,41.477,1,-1,-1,-1
168,9,1065.402,160.656,100.988,70.109,1,-1,-1,-1
168,11,1139.290,242.441,151.641,128.366,1,-1,-1,-1
168,12,0.000,771.551,489.544,305.766,1,-1,-1,-1
168,1,393.320,202.441,71.762,41.478,1,-1,-1,-1
168,14,1259.770,34.008,136.536,102.305,1,-1,-1,-1
169,9,1072.832,156.371,100.953,71.934,1,-1,-1,-1
169,11,1138.907,238.896,142.600,117.663,1,-1,-1,-1
169,14,1256.247,65.523,94.533,72.802,1,-1,-1,-1
169,1,393.330,203.003,71.595,41.062,1,-1,-1,-1
169,12,16.837,765.362,492.104,307.266,1,-1,-1,-1
170,1,393.128,202.941,71.774,41.178,1,-1,-1,-1
170,12,16.655,765.357,489.617,307.367,1,-1,-1,-1
170,14,1248.378,70.923,94.098,68.860,1,-1,-1,-1
170,9,1080.562,153.822,104.515,72.332,1,-1,-1,-1
170,11,1135.914,236.956,144.267,113.346,1,-1,-1,-1
171,11,1137.863,231.257,138.051,113.656,1,-1,-1,-1
171,1,392.537,203.173,71.690,40.642,1,-1,-1,-1
171,12,0.000,769.946,494.741,307.058,1,-1,-1,-1
171,14,1237.843,74.156,96.777,66.029,1,-1,-1,-1
171,9,1091.500,152.930,98.790,70.182,1,-1,-1,-1
172,11,1134.664,226.540,136.771,112.366,1,-1,-1,-1
172,1,392.643,203.204,71.713,40.622,1,-1,-1,-1
172,9,1097.372,153.387,100.864,66.851,1,-1,-1,-1
172,14,1228.209,81.954,102.318,61.162,1,-1,-1,-1
172,12,0.000,771.216,492.082,305.059,1,-1,-1,-1
173,12,0.000,776.345,474.940,303.509,1,-1,-1,-1
173,1,391.981,203.349,71.814,40.694,1,-1,-1,-1
173,11,1132.788,222.736,137.566,113.401,1,-1,-1,-1
173,9,1101.903,150.812,106.072,68.157,1,-1,-1,-1
173,14,1224.900,79.544,103.962,65.182,1,-1,-1,-1
173,15,1823.540,546.762,93.352,176.092,1,-1,-1,-1
174,9,1111.236,149.735,102.994,66.344,1,-1,-1,-1
174,12,2.175,789.635,281.158,189.311,1,-1,-1,-1
174,1,391.525,203.167,72.752,40.962,1,-1,-1,-1
174,15,1823.247,547.032,93.222,175.244,1,-1,-1,-1
174,11,1130.912,218.931,138.362,114.437,1,-1,-1,-1
174,14,1215.938,67.229,108.094,80.393,1,-1,-1,-1
175,12,8.256,792.540,402.086,278.924,1,-1,-1,-1
175,15,1823.653,546.721,92.875,175.560,1,-1,-1,-1
175,14,1210.067,40.965,138.920,100.906,1,-1,-1,-1
175,1,391.461,203.078,73.034,41.180,1,-1,-1,-1
175,11,1129.036,215.127,139.157,115.472,1,-1,-1,-1
175,9,1123.587,148.155,95.262,63.198,1,-1,-1,-1
176,15,1824.026,546.141,92.622,176.323,1,-1,-1,-1
176,14,1204.824,39.217,141.004,108.795,1,-1,-1,-1
176,11,1129.121,209.775,135.110,104.158,1,-1,-1,-1
176,12,8.541,784.577,417.053,284.119,1,-1,-1,-1
176,9,1131.005,142.640,97.100,66.686,1,-1,-1,-1
176,1,392.112,203.058,72.386,41.291,1,-1,-1,-1
177,14,1200.569,40.266,147.431,107.908,1,-1,-1,-1
177,1,391.455,203.142,72.723,41.128,1,-1,-1,-1
177,9,1137.593,140.992,99.417,67.414,1,-1,-1,-1
177,11,1124.911,207.243,138.384,105.905,1,-1,-1,-1
177,12,10.650,787.849,427.309,278.125,1,-1,-1,-1
178,1,392.084,202.847,72.409,41.616,1,-1,-1,-1
178,14,1192.682,40.741,148.698,110.638,1,-1,-1,-1
178,11,1126.470,204.789,135.821,102.992,1,-1,-1,-1
178,12,10.081,790.272,418.032,276.287,1,-1,-1,-1
178,9,1143.835,140.566,104.965,64.400,1,-1,-1,-1
179,12,10.750,787.429,399.686,279.877,1,-1,-1,-1
179,1,392.043,202.854,72.521,41.653,1,-1,-1,-1
179,9,1151.535,138.119,102.739,62.621,1,-1,-1,-1
179,11,1126.049,200.906,132.627,106.124,1,-1,-1,-1
179,14,1183.044,40.265,151.711,112.540,1,-1,-1,-1
180,9,1165.861,140.929,92.619,58.387,1,-1,-1,-1
180,1,392.755,203.097,71.614,41.171,1,-1,-1,-1
180,12,0.000,785.793,282.237,203.287,1,-1,-1,-1
180,11,1125.671,196.965,127.114,105.706,1,-1,-1,-1
180,14,1186.988,43.178,144.273,108.237,1,-1,-1,-1
181,11,1118.670,195.882,127.836,81.381,1,-1,-1,-1
181,12,0.000,784.194,274.739,205.953,1,-1,-1,-1
181,14,1166.623,35.493,149.947,120.598,1,-1,-1,-1
181,1,393.671,203.609,70.259,40.689,1,-1,-1,-1
181,9,1173.975,137.708,95.332,57.534,1,-1,-1,-1
182,14,1157.321,38.149,142.786,117.968,1,-1,-1,-1
182,16,0.000,896.339,276.021,179.330,1,-1,-1,-1
182,11,1118.543,194.135,127.998,83.869,1,-1,-1,-1
182,12,0.000,784.563,272.585,219.631,1,-1,-1,-1
182,9,1179.452,134.325,97.692,58.950,1,-1,-1,-1
182,1,393.060,203.555,70.444,40.536,1,-1,-1,-1
183,14,1146.113,42.829,145.723,109.513,1,-1,-1,-1
183,9,1188.460,134.649,99.142,58.203,1,-1,-1,-1
183,11,1118.673,188.892,123.131,84.712,1,-1,-1,-1
183,1,392.550,203.687,71.336,40.585,1,-1,-1,-1
183,16,0.000,893.642,281.284,176.877,1,-1,-1,-1
184,14,1131.554,41.505,158.925,115.940,1,-1,-1,-1
184,1,393.031,203.688,70.950,40.742,1,-1,-1,-1
184,9,1195.887,132.127,95.271,59.562,1,-1,-1,-1
184,11,1117.247,184.616,127.855,73.735,1,-1,-1,-1
184,16,0.000,892.416,250.954,179.336,1,-1,-1,-1
185,14,1123.669,85.136,97.884,75.098,1,-1,-1,-1
185,9,1208.834,130.620,93.937,59.087,1,-1,-1,-1
185,16,0.000,897.968,232.055,177.005,1,-1,-1,-1
185,12,0.000,779.721,264.572,243.252,1,-1,-1,-1
185,11,1119.817,182.287,125.653,76.840,1,-1,-1,-1
185,1,392.723,203.771,71.034,40.391,1,-1,-1,-1
186,11,1119.608,178.571,126.649,85.170,1,-1,-1,-1
186,14,1121.052,42.454,169.315,120.020,1,-1,-1,-1
186,16,0.000,816.335,210.959,160.914,1,-1,-1,-1
186,9,1217.217,129.045,94.480,60.971,1,-1,-1,-1
186,18,1823.331,546.631,92.376,163.387,1,-1,-1,-1
186,1,393.816,203.316,70.092,40.937,1,-1,-1,-1
187,9,1223.558,129.010,96.682,60.063,1,-1,-1,-1
187,12,0.000,894.966,284.496,175.906,1,-1,-1,-1
187,11,1126.325,179.314,118.856,78.312,1,-1,-1,-1
187,14,1113.888,46.695,164.478,110.840,1,-1,-1,-1
187,18,1823.018,546.581,92.563,160.856,1,-1,-1,-1
187,1,392.265,203.430,71.860,40.980,1,-1,-1,-1
187,17,1102.288,99.642,115.170,64.995,1,-1,-1,-1
188,9,1230.667,127.099,102.170,61.659,1,-1,-1,-1
188,11,1128.301,175.368,118.811,90.473,1,-1,-1,-1
188,1,392.873,203.523,71.306,40.855,1,-1,-1,-1
188,16,0.187,779.286,259.049,260.409,1,-1,-1,-1
188,14,1105.113,50.378,159.371,109.074,1,-1,-1,-1
188,18,1822.550,546.535,93.231,158.874,1,-1,-1,-1
189,16,1.535,768.396,258.040,278.970,1,-1,-1,-1
189,18,1822.550,546.535,93.231,158.874,1,-1,-1,-1
189,11,1146.954,174.741,90.459,43.697,1,-1,-1,-1
189,9,1241.181,124.310,102.418,62.949,1,-1,-1,-1
189,14,1081.203,51.754,166.138,112.781,1,-1,-1,-1
189,1,393.259,203.478,70.875,40.690,1,-1,-1,-1
190,9,1246.033,122.672,103.843,62.299,1,-1,-1,-1
190,18,1812.390,548.271,103.892,153.014,1,-1,-1,-1
190,14,1068.273,54.327,172.969,114.179,1,-1,-1,-1
190,16,0.000,774.176,258.191,276.849,1,-1,-1,-1
190,1,393.298,203.451,70.686,40.790,1,-1,-1,-1
190,11,1134.815,171.945,110.690,72.844,1,-1,-1,-1
191,18,1810.169,551.895,105.734,144.972,1,-1,-1,-1
191,9,1258.346,125.242,101.360,56.881,1,-1,-1,-1
191,11,1137.716,166.894,112.382,84.732,1,-1,-1,-1
191,1,392.665,203.676,71.182,40.401,1,-1,-1,-1
191,19,1549.565,678.562,369.465,316.673,1,-1,-1,-1
191,14,1056.303,54.491,187.471,118.251,1,-1,-1,-1
191,16,0.000,779.345,255.445,281.517,1,-1,-1,-1
192,19,1542.630,680.340,364.997,299.151,1,-1,-1,-1
192,18,1812.359,550.146,102.996,145.317,1,-1,-1,-1
192,14,1045.316,54.489,201.806,121.107,1,-1,-1,-1
192,16,0.000,778.432,247.365,284.350,1,-1,-1,-1
192,11,1148.185,161.767,111.924,88.293,1,-1,-1,-1
192,1,392.618,203.623,71.170,40.494,1,-1,-1,-1
192,9,1266.638,127.657,77.990,53.798,1,-1,-1,-1
193,11,1149.224,158.885,120.041,95.899,1,-1,-1,-1
193,9,1275.512,118.693,112.073,59.309,1,-1,-1,-1
193,1,393.398,203.245,70.210,40.778,1,-1,-1,-1
193,18,1825.378,550.503,91.419,159.194,1,-1,-1,-1
193,16,0.000,779.136,249.262,283.325,1,-1,-1,-1
193,14,1031.823,53.630,215.861,121.647,1,-1,-1,-1
193,19,1530.275,671.805,365.841,288.717,1,-1,-1,-1
194,18,1825.389,550.113,90.184,161.379,1,-1,-1,-1
194,16,0.000,781.945,247.496,279.584,1,-1,-1,-1
194,1,393.430,203.452,70.114,40.656,1,-1,-1,-1
194,11,1157.107,156.308,116.045,95.556,1,-1,-1,-1
194,14,1018.482,53.032,206.805,124.869,1,-1,-1,-1
194,19,1520.304,658.792,367.103,286.377,1,-1,-1,-1
194,9,1283.438,116.755,103.672,59.035,1,-1,-1,-1
195,1,393.176,203.516,70.649,40.818,1,-1,-1,-1
195,16,0.000,778.994,244.310,287.748,1,-1,-1,-1
195,11,1159.450,153.559,119.865,102.744,1,-1,-1,-1
195,18,1825.699,549.913,90.304,162.513,1,-1,-1,-1
195,19,1509.302,651.335,352.254,285.422,1,-1,-1,-1
195,9,1290.587,115.530,92.179,58.186,1,-1,-1,-1
195,14,1004.489,55.155,204.574,125.934,1,-1,-1,-1
196,14,986.851,58.770,210.862,124.645,1,-1,-1,-1
196,11,1164.563,150.374,121.819,100.146,1,-1,-1,-1
196,1,393.100,203.178,70.504,41.256,1,-1,-1,-1
196,19,1490.378,644.829,361.970,273.716,1,-1,-1,-1
196,9,1297.035,114.685,89.558,57.306,1,-1,-1,-1
196,16,1.923,779.305,250.537,296.754,1,-1,-1,-1
196,18,1826.391,551.727,90.303,164.197,1,-1,-1,-1
197,1,394.079,203.179,69.277,41.110,1,-1,-1,-1
197,19,1480.598,632.598,356.398,280.117,1,-1,-1,-1
197,18,1826.595,551.667,89.439,166.230,1,-1,-1,-1
197,11,1172.588,153.662,125.234,97.367,1,-1,-1,-1
197,14,982.628,112.380,122.431,74.916,1,-1,-1,-1
197,9,1300.707,113.458,79.329,60.374,1,-1,-1,-1
197,16,4.210,781.274,244.218,297.413,1,-1,-1,-1
198,14,970.150,59.511,206.282,125.712,1,-1,-1,-1
198,11,1181.082,150.068,123.698,90.762,1,-1,-1,-1
198,1,394.446,203.062,69.243,41.331,1,-1,-1,-1
198,18,1826.741,551.155,89.136,162.844,1,-1,-1,-1
198,19,1479.664,622.238,344.214,279.205,1,-1,-1,-1
198,16,2.001,781.941,245.911,297.790,1,-1,-1,-1
198,9,1306.129,110.174,97.415,59.499,1,-1,-1,-1
199,9,1310.608,108.273,98.144,58.114,1,-1,-1,-1
199,19,1470.093,612.865,333.141,267.955,1,-1,-1,-1
199,18,1829.066,551.106,86.885,162.107,1,-1,-1,-1
199,14,957.056,63.022,204.599,126.301,1,-1,-1,-1
199,11,1186.554,147.035,124.699,90.227,1,-1,-1,-1
199,1,394.199,203.029,69.711,41.511,1,-1,-1,-1
200,18,1826.094,547.167,89.489,167.117,1,-1,-1,-1
200,9,1318.595,107.385,99.070,53.490,1,-1,-1,-1
200,19,1473.028,611.989,326.186,256.329,1,-1,-1,-1
200,11,1193.591,141.743,145.563,96.766,1,-1,-1,-1
200,1,393.743,203.037,69.902,41.379,1,-1,-1,-1
200,14,948.735,118.328,130.797,72.263,1,-1,-1,-1
201,19,1457.957,603.122,320.728,256.977,1,-1,-1,-1
201,9,1318.488,108.908,97.742,51.346,1,-1,-1,-1
201,1,393.262,203.580,70.381,40.751,1,-1,-1,-1
201,14,930.744,67.088,212.520,125.901,1,-1,-1,-1
201,11,1203.914,137.727,143.993,96.306,1,-1,-1,-1
201,18,1819.404,547.921,96.561,162.002,1,-1,-1,-1
202,1,393.793,203.531,69.808,40.670,1,-1,-1,-1
202,11,1214.863,138.300,120.671,95.066,1,-1,-1,-1
202,18,1818.957,549.169,96.330,160.121,1,-1,-1,-1
202,14,916.591,64.973,210.143,128.060,1,-1,-1,-1
202,9,1322.007,108.736,102.442,51.617,1,-1,-1,-1
202,19,1449.283,593.328,319.942,257.828,1,-1,-1,-1
203,19,1449.568,589.138,301.645,240.989,1,-1,-1,-1
203,11,1224.280,136.782,134.410,90.684,1,-1,-1,-1
203,1,393.185,203.495,70.528,40.737,1,-1,-1,-1
203,18,1818.456,549.429,95.914,160.488,1,-1,-1,-1
203,14,913.532,64.183,200.865,132.595,1,-1,-1,-1
203,9,1346.810,105.987,84.270,55.435,1,-1,-1,-1
204,19,1442.890,580.081,301.249,241.397,1,-1,-1,-1
204,1,393.136,203.586,70.311,40.451,1,-1,-1,-1
204,18,1828.421,549.213,89.799,167.008,1,-1,-1,-1
204,11,1234.347,130.626,128.911,94.829,1,-1,-1,-1
204,9,1353.455,104.525,80.760,55.972,1,-1,-1,-1
204,14,892.961,67.451,206.228,130.937,1,-1,-1,-1
205,11,1243.591,129.871,127.541,92.309,1,-1,-1,-1
205,1,392.436,203.560,71.055,40.726,1,-1,-1,-1
205,19,1437.520,573.088,292.266,242.984,1,-1,-1,-1
205,14,881.758,67.316,205.423,133.419,1,-1,-1,-1
205,18,1827.414,550.542,90.113,166.362,1,-1,-1,-1
205,9,1358.249,104.250,81.933,55.220,1,-1,-1,-1
206,19,1429.300,566.381,285.136,233.410,1,-1,-1,-1
206,1,392.415,203.573,71.096,40.709,1,-1,-1,-1
206,9,1359.494,102.231,90.323,53.285,1,-1,-1,-1
206,18,1819.213,550.843,96.706,160.431,1,-1,-1,-1
206,11,1256.572,126.729,127.006,93.558,1,-1,-1,-1
206,14,869.498,68.160,210.582,133.265,1,-1,-1,-1
207,19,1410.112,567.800,278.251,216.531,1,-1,-1,-1
207,9,1368.803,95.832,90.898,58.372,1,-1,-1,-1
207,18,1825.905,549.547,91.667,170.794,1,-1,-1,-1
207,11,1268.507,123.374,120.010,93.310,1,-1,-1,-1
207,1,392.333,203.547,71.389,40.715,1,-1,-1,-1
207,14,855.296,66.613,214.056,136.008,1,-1,-1,-1
208,9,1373.304,97.728,85.715,57.369,1,-1,-1,-1
208,18,1817.492,550.165,97.578,165.099,1,-1,-1,-1
208,1,392.434,203.549,71.270,40.719,1,-1,-1,-1
208,14,840.578,66.514,221.835,135.306,1,-1,-1,-1
208,19,1404.931,557.182,281.341,224.227,1,-1,-1,-1
208,11,1277.568,124.828,120.864,90.309,1,-1,-1,-1
209,19,1399.017,547.876,275.531,225.068,1,-1,-1,-1
209,14,828.990,70.376,212.138,136.295,1,-1,-1,-1
209,20,831.742,135.524,123.649,72.998,1,-1,-1,-1
209,18,1826.682,548.908,89.646,171.562,1,-1,-1,-1
209,9,1381.635,93.491,80.098,59.103,1,-1,-1,-1
209,1,392.377,203.541,71.069,40.917,1,-1,-1,-1
209,11,1281.399,119.709,128.864,86.639,1,-1,-1,-1
210,19,1394.944,540.517,266.458,211.096,1,-1,-1,-1
210,18,1828.482,548.321,88.052,171.036,1,-1,-1,-1
210,9,1389.721,94.583,76.604,55.355,1,-1,-1,-1
210,1,392.454,203.505,71.220,40.779,1,-1,-1,-1
210,11,1296.017,116.250,119.775,88.349,1,-1,-1,-1
210,14,818.449,69.004,209.212,139.807,1,-1,-1,-1
211,1,393.773,203.281,70.294,40.447,1,-1,-1,-1
211,19,1389.252,532.123,257.200,213.761,1,-1,-1,-1
211,9,1396.823,93.287,78.080,55.177,1,-1,-1,-1
211,18,1828.270,547.574,88.209,170.885,1,-1,-1,-1
211,14,808.061,70.342,211.422,140.312,1,-1,-1,-1
211,11,1306.593,112.490,120.322,91.390,1,-1,-1,-1
212,1,393.726,203.258,70.414,40.457,1,-1,-1,-1
212,14,802.148,71.647,208.800,143.597,1,-1,-1,-1
212,18,1828.345,547.215,87.727,171.047,1,-1,-1,-1
212,19,1378.118,525.457,261.708,213.992,1,-1,-1,-1
212,11,1314.113,115.312,121.959,86.511,1,-1,-1,-1
212,9,1404.424,95.916,76.305,52.683,1,-1,-1,-1
213,1,393.822,203.274,70.207,40.453,1,-1,-1,-1
213,11,1322.064,114.105,127.766,85.824,1,-1,-1,-1
213,19,1376.024,518.659,250.940,206.817,1,-1,-1,-1
213,18,1827.461,547.218,88.160,170.225,1,-1,-1,-1
213,14,782.935,72.341,211.976,145.766,1,-1,-1,-1
213,9,1416.103,97.908,65.361,49.415,1,-1,-1,-1
214,11,1334.188,113.792,121.367,83.099,1,-1,-1,-1
214,1,393.125,203.139,71.021,40.676,1,-1,-1,-1
214,18,1826.540,546.341,88.380,172.099,1,-1,-1,-1
214,19,1358.216,513.794,252.123,199.016,1,-1,-1,-1
214,14,770.554,73.717,210.110,146.313,1,-1,-1,-1
214,9,1423.362,101.363,62.757,45.438,1,-1,-1,-1
215,11,1343.304,110.385,121.927,84.319,1,-1,-1,-1
215,1,393.482,203.266,70.759,40.540,1,-1,-1,-1
215,14,765.328,151.141,131.073,72.252,1,-1,-1,-1
215,19,1356.736,506.926,238.884,197.848,1,-1,-1,-1
215,18,1826.497,547.178,87.886,170.967,1,-1,-1,-1
216,18,1825.606,546.957,88.367,171.418,1,-1,-1,-1
216,19,1350.684,501.410,232.477,194.861,1,-1,-1,-1
216,1,393.550,203.234,70.710,40.562,1,-1,-1,-1
216,14,758.265,147.152,144.774,78.620,1,-1,-1,-1
216,11,1361.980,111.695,113.480,77.611,1,-1,-1,-1
217,19,1344.109,496.701,234.307,189.418,1,-1,-1,-1
217,1,393.265,203.114,70.766,40.437,1,-1,-1,-1
217,14,744.265,154.257,131.811,72.280,1,-1,-1,-1
217,18,1824.536,545.528,90.186,173.149,1,-1,-1,-1
217,11,1368.990,107.882,113.357,79.891,1,-1,-1,-1
218,19,1334.579,491.510,233.854,186.602,1,-1,-1,-1
218,1,393.193,203.219,70.753,40.204,1,-1,-1,-1
218,14,739.618,154.814,129.457,73.712,1,-1,-1,-1
218,18,1823.899,544.759,91.193,174.143,1,-1,-1,-1
218,11,1379.653,103.822,121.122,80.997,1,-1,-1,-1
219,1,394.307,203.292,69.423,39.926,1,-1,-1,-1
219,18,1823.899,544.759,91.193,174.143,1,-1,-1,-1
219,19,1320.095,482.890,229.512,184.861,1,-1,-1,-1
219,14,729.735,87.270,199.550,143.989,1,-1,-1,-1
219,11,1390.111,99.008,112.761,86.906,1,-1,-1,-1
220,1,393.949,203.532,69.881,39.822,1,-1,-1,-1
220,14,720.591,88.002,198.137,146.433,1,-1,-1,-1
220,11,1400.670,99.085,113.319,84.285,1,-1,-1,-1
220,19,1321.431,477.265,217.629,181.025,1,-1,-1,-1
220,18,1815.474,547.665,97.712,169.074,1,-1,-1,-1
221,11,1408.653,97.802,100.238,83.646,1,-1,-1,-1
221,1,394.144,203.382,69.577,40.474,1,-1,-1,-1
221,14,709.212,86.192,202.315,150.290,1,-1,-1,-1
221,19,1314.903,470.194,206.667,182.168,1,-1,-1,-1
221,18,1822.995,548.369,91.983,172.525,1,-1,-1,-1
222,11,1418.374,100.381,89.019,77.417,1,-1,-1,-1
222,14,702.622,84.928,203.974,153.911,1,-1,-1,-1
222,1,393.998,203.424,69.621,40.621,1,-1,-1,-1
222,19,1307.551,465.473,209.945,177.364,1,-1,-1,-1
222,21,1403.824,85.971,44.045,43.580,1,-1,-1,-1
222,18,1823.243,548.956,91.157,171.853,1,-1,-1,-1
223,19,1305.567,454.093,205.537,169.886,1,-1,-1,-1
223,11,1428.425,103.100,81.438,70.100,1,-1,-1,-1
223,21,1387.321,79.369,60.566,54.557,1,-1,-1,-1
223,14,698.469,84.172,191.512,159.280,1,-1,-1,-1
223,1,394.857,203.045,69.102,41.123,1,-1,-1,-1
223,18,1823.493,547.154,91.365,173.282,1,-1,-1,-1
224,21,1384.676,81.909,63.883,53.218,1,-1,-1,-1
224,14,691.885,90.590,189.535,151.558,1,-1,-1,-1
224,1,394.409,203.008,69.360,41.092,1,-1,-1,-1
224,18,1823.737,547.552,92.117,172.104,1,-1,-1,-1
224,19,1299.507,447.613,200.048,169.557,1,-1,-1,-1
224,11,1437.048,97.336,82.309,73.309,1,-1,-1,-1
225,21,1375.922,82.544,72.674,53.443,1,-1,-1,-1
225,14,685.368,91.231,189.906,154.071,1,-1,-1,-1
225,1,393.254,202.881,70.690,41.228,1,-1,-1,-1
225,19,1293.446,441.133,194.558,169.229,1,-1,-1,-1
225,11,1444.730,94.195,82.309,73.309,1,-1,-1,-1
225,18,1814.854,547.767,97.585,168.219,1,-1,-1,-1
226,11,1446.337,106.895,75.442,63.911,1,-1,-1,-1
226,14,677.137,95.762,184.648,154.693,1,-1,-1,-1
226,19,1287.386,434.653,189.069,168.900,1,-1,-1,-1
226,21,1354.972,80.955,93.934,54.968,1,-1,-1,-1
226,1,393.622,203.216,70.256,40.885,1,-1,-1,-1
226,18,1814.962,547.426,97.130,168.991,1,-1,-1,-1
227,11,1454.639,114.563,70.107,52.129,1,-1,-1,-1
227,14,673.239,94.653,182.256,159.341,1,-1,-1,-1
227,21,1357.220,79.797,79.785,55.963,1,-1,-1,-1
227,18,1815.310,546.723,97.052,169.382,1,-1,-1,-1
227,1,393.655,203.230,69.936,40.795,1,-1,-1,-1
227,19,1286.982,427.694,190.273,169.402,1,-1,-1,-1
228,19,1273.978,420.904,178.571,159.617,1,-1,-1,-1
228,21,1328.089,82.980,94.106,56.105,1,-1,-1,-1
228,18,1815.452,546.231,97.047,169.808,1,-1,-1,-1
228,14,663.751,94.251,186.145,162.861,1,-1,-1,-1
228,1,393.212,203.324,70.529,40.606,1,-1,-1,-1
228,11,1465.944,120.408,53.622,40.676,1,-1,-1,-1
229,1,393.509,203.380,69.809,40.153,1,-1,-1,-1
229,14,650.796,95.060,188.473,164.863,1,-1,-1,-1
229,18,1823.046,545.224,91.736,174.614,1,-1,-1,-1
229,11,1468.865,115.713,52.202,44.094,1,-1,-1,-1
229,19,1263.246,417.137,185.645,154.853,1,-1,-1,-1
229,21,1314.401,83.307,98.667,54.422,1,-1,-1,-1
230,11,1469.824,91.171,50.893,69.147,1,-1,-1,-1
230,1,393.447,203.152,70.100,40.656,1,-1,-1,-1
230,19,1264.384,411.327,178.518,151.145,1,-1,-1,-1
230,18,1814.776,546.504,97.274,169.784,1,-1,-1,-1
230,14,647.884,96.577,188.725,167.099,1,-1,-1,-1
230,21,1326.926,83.375,74.447,32.756,1,-1,-1,-1
231,14,641.939,97.774,187.730,167.961,1,-1,-1,-1
231,19,1258.442,403.435,181.010,150.721,1,-1,-1,-1
231,21,1286.302,83.020,105.209,57.331,1,-1,-1,-1
231,1,393.808,202.592,70.447,41.191,1,-1,-1,-1
231,18,1824.132,544.546,91.161,177.751,1,-1,-1,-1
232,14,640.124,100.158,182.928,169.221,1,-1,-1,-1
232,19,1252.035,395.931,179.402,152.519,1,-1,-1,-1
232,22,487.301,233.044,147.158,135.451,1,-1,-1,-1
232,21,1254.818,83.325,119.142,51.726,1,-1,-1,-1
232,1,393.626,202.632,70.486,41.214,1,-1,-1,-1
232,18,1824.275,544.999,91.381,176.745,1,-1,-1,-1
233,14,637.025,100.240,183.137,172.356,1,-1,-1,-1
233,18,1824.233,547.088,91.348,176.054,1,-1,-1,-1
233,21,1237.735,82.478,125.400,49.184,1,-1,-1,-1
233,22,485.953,232.493,149.681,135.839,1,-1,-1,-1
233,23,628.974,184.759,153.865,85.683,1,-1,-1,-1
233,19,1248.715,390.155,179.038,147.204,1,-1,-1,-1
233,1,393.901,202.737,69.854,41.185,1,-1,-1,-1
234,1,393.952,202.669,69.857,41.416,1,-1,-1,-1
234,14,632.786,105.643,183.273,170.617,1,-1,-1,-1
234,21,1258.477,84.197,80.139,31.299,1,-1,-1,-1
234,22,484.501,230.487,154.384,136.546,1,-1,-1,-1
234,19,1242.813,385.246,170.024,142.680,1,-1,-1,-1
234,23,629.618,192.479,145.236,84.364,1,-1,-1,-1
234,18,1824.711,548.293,91.348,176.054,1,-1,-1,-1
235,19,1248.032,378.106,163.555,141.975,1,-1,-1,-1
235,18,1825.189,549.498,91.348,176.054,1,-1,-1,-1
235,22,483.650,230.253,152.203,136.488,1,-1,-1,-1
235,1,394.376,202.585,69.146,41.391,1,-1,-1,-1
235,21,1213.318,84.688,115.801,45.316,1,-1,-1,-1
235,14,627.793,110.448,178.561,169.884,1,-1,-1,-1
236,18,1824.214,544.967,91.604,176.029,1,-1,-1,-1
236,22,484.166,230.521,148.579,134.147,1,-1,-1,-1
236,19,1241.687,372.279,168.466,139.629,1,-1,-1,-1
236,21,1194.993,83.964,112.810,46.128,1,-1,-1,-1
236,1,393.697,202.730,70.219,41.241,1,-1,-1,-1
236,14,622.749,112.366,173.748,170.911,1,-1,-1,-1
237,18,1824.285,544.502,91.556,176.162,1,-1,-1,-1
237,1,393.411,202.792,70.531,40.994,1,-1,-1,-1
237,19,1236.036,360.192,161.984,144.602,1,-1,-1,-1
237,14,618.176,117.573,169.891,166.534,1,-1,-1,-1
237,21,1175.165,81.347,114.330,49.856,1,-1,-1,-1
237,22,484.500,229.574,146.482,136.411,1,-1,-1,-1
238,1,393.163,202.854,70.947,41.525,1,-1,-1,-1
238,19,1229.257,355.165,160.024,140.116,1,-1,-1,-1
238,21,1158.211,82.473,120.108,46.199,1,-1,-1,-1
238,22,483.199,227.695,144.227,140.344,1,-1,-1,-1
238,14,610.732,120.301,169.973,167.903,1,-1,-1,-1
238,18,1824.285,544.502,91.556,176.162,1,-1,-1,-1
239,14,609.446,120.896,171.917,172.023,1,-1,-1,-1
239,21,1137.208,85.355,108.358,38.246,1,-1,-1,-1
239,18,1824.285,544.502,91.556,176.162,1,-1,-1,-1
239,23,567.546,176.803,132.675,78.172,1,-1,-1,-1
239,19,1222.478,350.139,158.064,135.630,1,-1,-1,-1
239,1,393.756,202.905,69.942,40.929,1,-1,-1,-1
240,18,1824.285,544.502,91.556,176.162,1,-1,-1,-1
240,21,1116.279,82.547,127.428,40.515,1,-1,-1,-1
240,19,1216.592,346.567,162.525,133.527,1,-1,-1,-1
240,1,393.558,203.084,69.780,40.645,1,-1,-1,-1
240,24,752.528,947.260,632.332,124.929,1,-1,-1,-1
240,14,598.774,122.056,179.379,177.204,1,-1,-1,-1
241,18,1815.123,546.072,98.122,167.894,1,-1,-1,-1
241,1,394.698,203.183,69.700,41.045,1,-1,-1,-1
241,24,772.982,941.373,637.063,129.813,1,-1,-1,-1
241,14,591.970,121.083,181.625,179.290,1,-1,-1,-1
241,21,1092.718,86.586,125.826,35.862,1,-1,-1,-1
241,19,1215.286,339.868,161.861,133.292,1,-1,-1,-1
242,1,394.394,203.178,69.819,41.110,1,-1,-1,-1
242,19,1209.861,334.154,162.515,132.379,1,-1,-1,-1
242,21,1073.640,86.951,123.165,36.317,1,-1,-1,-1
242,14,586.433,126.921,181.258,177.731,1,-1,-1,-1
242,24,804.814,930.652,616.449,140.075,1,-1,-1,-1
242,18,1815.387,545.952,98.025,168.133,1,-1,-1,-1
243,19,1212.413,330.101,153.453,127.947,1,-1,-1,-1
243,18,1815.387,545.952,98.025,168.133,1,-1,-1,-1
243,1,393.966,202.849,70.337,41.350,1,-1,-1,-1
243,24,845.563,913.041,591.116,156.486,1,-1,-1,-1
243,21,1056.038,87.074,120.255,35.287,1,-1,-1,-1
243,14,594.097,126.003,168.738,182.938,1,-1,-1,-1
244,18,1816.203,545.783,97.819,168.718,1,-1,-1,-1
244,21,1036.170,87.683,118.615,37.152,1,-1,-1,-1
244,24,842.100,892.864,589.425,172.157,1,-1,-1,-1
244,1,393.799,203.035,70.728,41.007,1,-1,-1,-1
244,19,1208.796,324.107,149.870,126.577,1,-1,-1,-1
244,14,593.539,132.247,164.318,182.222,1,-1,-1,-1
245,1,394.206,203.167,69.651,40.859,1,-1,-1,-1
245,24,883.885,874.807,593.599,193.210,1,-1,-1,-1
245,14,590.271,135.257,163.485,182.746,1,-1,-1,-1
245,18,1816.145,545.790,97.780,168.605,1,-1,-1,-1
245,19,1205.179,318.112,146.287,125.207,1,-1,-1,-1
245,21,1022.060,86.461,116.347,38.527,1,-1,-1,-1
246,21,1000.584,88.956,121.639,37.385,1,-1,-1,-1
246,18,1815.797,545.560,97.948,169.253,1,-1,-1,-1
246,1,394.062,202.878,69.829,41.231,1,-1,-1,-1
246,24,892.989,861.328,567.581,210.357,1,-1,-1,-1
246,14,588.983,138.855,162.924,183.043,1,-1,-1,-1
246,19,1201.192,315.138,153.853,122.994,1,-1,-1,-1
247,21,985.212,90.719,111.962,36.506,1,-1,-1,-1
247,18,1815.332,545.567,97.934,169.009,1,-1,-1,-1
247,14,587.081,142.503,161.655,184.905,1,-1,-1,-1
247,19,1198.263,308.419,155.823,125.942,1,-1,-1,-1
247,24,919.453,846.004,524.001,221.139,1,-1,-1,-1
247,1,393.959,202.836,70.033,41.365,1,-1,-1,-1
248,18,1814.988,545.541,97.934,169.009,1,-1,-1,-1
248,14,589.671,144.164,158.893,183.957,1,-1,-1,-1
248,19,1196.859,304.944,147.204,123.452,1,-1,-1,-1
248,21,983.478,90.625,93.107,35.775,1,-1,-1,-1
248,24,967.575,836.952,473.818,235.847,1,-1,-1,-1
248,1,394.255,203.128,69.894,41.036,1,-1,-1,-1
249,19,1194.060,298.073,142.460,118.838,1,-1,-1,-1
249,21,987.868,91.743,66.762,36.327,1,-1,-1,-1
249,1,394.674,203.094,69.567,40.935,1,-1,-1,-1
249,14,586.891,148.535,160.174,185.953,1,-1,-1,-1
249,24,992.116,822.316,456.678,251.484,1,-1,-1,-1
249,18,1814.645,545.516,97.934,169.009,1,-1,-1,-1
250,24,1009.896,838.769,457.778,240.433,1,-1,-1,-1
250,14,585.493,145.642,162.374,193.581,1,-1,-1,-1
250,1,394.828,203.136,69.267,40.877,1,-1,-1,-1
250,21,976.598,93.321,62.086,33.128,1,-1,-1,-1
250,19,1192.002,294.327,141.089,114.836,1,-1,-1,-1
250,18,1815.535,546.187,97.855,169.253,1,-1,-1,-1
251,18,1814.940,546.333,97.868,169.152,1,-1,-1,-1
251,1,393.864,203.610,69.752,40.054,1,-1,-1,-1
251,19,1192.147,287.957,137.420,115.921,1,-1,-1,-1
251,14,581.073,150.433,162.731,191.441,1,-1,-1,-1
251,24,1027.581,842.573,457.778,236.427,1,-1,-1,-1
252,14,563.792,146.480,186.739,202.169,1,-1,-1,-1
252,18,1814.731,546.590,97.868,169.152,1,-1,-1,-1
252,1,393.667,203.560,69.908,39.878,1,-1,-1,-1
252,24,1044.257,789.509,395.178,287.818,1,-1,-1,-1
252,19,1189.282,282.618,146.588,120.663,1,-1,-1,-1
253,24,1061.841,792.865,390.835,282.988,1,-1,-1,-1
253,14,562.680,150.707,184.901,205.596,1,-1,-1,-1
253,18,1814.522,546.846,97.868,169.152,1,-1,-1,-1
253,1,393.596,203.939,70.060,39.357,1,-1,-1,-1
253,19,1181.454,273.947,138.790,115.915,1,-1,-1,-1
254,18,1814.313,547.102,97.868,169.152,1,-1,-1,-1
254,19,1179.686,270.363,137.006,113.220,1,-1,-1,-1
254,1,393.578,203.738,69.841,39.366,1,-1,-1,-1
254,24,1070.394,780.372,381.805,288.777,1,-1,-1,-1
254,14,566.287,158.845,173.668,199.559,1,-1,-1,-1
255,1,393.339,203.875,70.172,39.537,1,-1,-1,-1
255,14,561.501,159.307,174.122,203.515,1,-1,-1,-1
255,24,1069.259,759.566,377.227,300.009,1,-1,-1,-1
255,18,1814.104,547.359,97.868,169.152,1,-1,-1,-1
255,19,1177.919,266.780,135.222,110.525,1,-1,-1,-1
256,14,536.780,160.709,203.362,203.704,1,-1,-1,-1
256,1,393.440,203.863,70.140,39.625,1,-1,-1,-1
256,24,1079.938,748.406,366.131,290.966,1,-1,-1,-1
256,19,1176.151,263.196,133.438,107.830,1,-1,-1,-1
256,18,1823.725,544.155,91.429,175.934,1,-1,-1,-1
257,1,393.532,203.565,70.100,39.843,1,-1,-1,-1
257,24,1085.358,756.169,358.098,262.098,1,-1,-1,-1
257,18,1821.947,547.531,91.859,173.091,1,-1,-1,-1
257,19,1172.640,259.517,127.405,105.237,1,-1,-1,-1
257,14,549.570,160.665,193.384,199.229,1,-1,-1,-1
258,24,1086.563,741.365,356.606,259.747,1,-1,-1,-1
258,1,393.316,203.525,69.967,39.898,1,-1,-1,-1
258,18,1822.483,548.774,91.859,173.091,1,-1,-1,-1
258,14,536.951,161.814,198.299,206.870,1,-1,-1,-1
258,19,1168.725,261.879,129.383,101.549,1,-1,-1,-1
259,18,1823.019,550.017,91.859,173.091,1,-1,-1,-1
259,14,532.373,165.366,204.042,204.145,1,-1,-1,-1
259,1,393.559,203.760,69.714,39.837,1,-1,-1,-1
259,19,1168.597,255.501,125.789,103.169,1,-1,-1,-1
259,24,1093.951,723.638,346.236,267.878,1,-1,-1,-1
260,25,1424.737,72.291,64.755,50.192,1,-1,-1,-1
260,19,1164.085,250.601,128.116,104.070,1,-1,-1,-1
260,1,393.409,203.763,69.970,39.976,1,-1,-1,-1
260,14,532.645,170.719,201.874,202.391,1,-1,-1,-1
260,18,1824.277,545.532,90.535,174.567,1,-1,-1,-1
260,24,1101.157,712.280,331.062,262.827,1,-1,-1,-1
261,1,392.644,203.239,70.364,40.932,1,-1,-1,-1
261,24,1094.618,707.208,346.273,249.858,1,-1,-1,-1
261,14,537.940,168.275,199.489,209.828,1,-1,-1,-1
261,25,1416.997,71.101,69.397,50.712,1,-1,-1,-1
261,19,1161.285,245.605,126.354,105.243,1,-1,-1,-1
261,18,1825.074,546.847,90.037,173.792,1,-1,-1,-1
262,25,1400.156,70.340,70.880,52.482,1,-1,-1,-1
262,24,1097.464,697.642,335.471,243.751,1,-1,-1,-1
262,19,1157.007,239.543,126.786,103.428,1,-1,-1,-1
262,1,393.248,203.483,69.957,40.608,1,-1,-1,-1
262,14,532.249,172.197,207.050,209.752,1,-1,-1,-1
262,18,1825.115,546.858,90.101,173.686,1,-1,-1,-1
263,25,1392.962,67.617,80.155,59.419,1,-1,-1,-1
263,19,1155.966,235.201,124.511,103.923,1,-1,-1,-1
263,24,1086.849,685.257,328.896,245.089,1,-1,-1,-1
263,1,392.937,203.189,70.786,40.896,1,-1,-1,-1
263,18,1824.728,546.597,90.862,173.988,1,-1,-1,-1
263,14,529.405,176.124,207.954,216.606,1,-1,-1,-1
264,14,526.114,174.460,207.694,221.347,1,-1,-1,-1
264,19,1155.473,231.730,121.179,101.711,1,-1,-1,-1
264,18,1825.494,546.836,89.765,173.882,1,-1,-1,-1
264,25,1383.778,70.002,81.892,56.380,1,-1,-1,-1
264,1,393.031,203.450,70.222,40.428,1,-1,-1,-1
264,24,1087.543,680.116,318.849,240.270,1,-1,-1,-1
265,18,1824.995,547.489,90.458,173.914,1,-1,-1,-1
265,25,1372.606,69.418,84.679,59.091,1,-1,-1,-1
265,1,393.352,203.068,70.560,40.877,1,-1,-1,-1
265,14,526.561,170.363,208.936,232.037,1,-1,-1,-1
265,19,1149.954,232.191,121.551,95.796,1,-1,-1,-1
265,24,1093.044,669.506,306.133,230.046,1,-1,-1,-1
266,24,1087.027,653.412,308.418,236.410,1,-1,-1,-1
266,1,393.257,203.236,70.878,41.168,1,-1,-1,-1
266,19,1141.194,222.651,115.015,98.204,1,-1,-1,-1
266,18,1824.911,547.765,90.327,174.086,1,-1,-1,-1
266,14,517.303,174.823,220.311,228.882,1,-1,-1,-1
266,25,1369.342,70.555,76.129,57.060,1,-1,-1,-1
267,25,1364.098,72.126,73.952,56.371,1,-1,-1,-1
267,14,511.544,179.284,224.622,225.396,1,-1,-1,-1
267,24,1089.218,647.587,297.958,226.974,1,-1,-1,-1
267,18,1825.233,547.972,89.824,173.880,1,-1,-1,-1
267,19,1139.569,218.838,116.682,101.603,1,-1,-1,-1
267,1,393.159,203.322,70.867,40.997,1,-1,-1,-1
268,24,1086.664,641.510,292.499,222.432,1,-1,-1,-1
268,18,1824.945,547.901,90.624,173.640,1,-1,-1,-1
268,19,1135.997,213.314,119.371,102.062,1,-1,-1,-1
268,14,510.854,186.917,224.432,222.493,1,-1,-1,-1
268,25,1359.006,74.708,69.308,54.571,1,-1,-1,-1
268,1,393.034,202.917,71.445,41.536,1,-1,-1,-1
269,19,1136.534,211.593,114.987,98.132,1,-1,-1,-1
269,24,1083.876,633.119,291.190,218.250,1,-1,-1,-1
269,25,1346.160,73.638,75.824,53.459,1,-1,-1,-1
269,1,392.589,202.933,71.620,41.555,1,-1,-1,-1
269,14,509.954,193.483,234.114,225.966,1,-1,-1,-1
269,18,1824.997,547.831,90.674,173.796,1,-1,-1,-1
270,14,507.248,194.281,236.816,232.708,1,-1,-1,-1
270,19,1133.303,208.982,114.517,96.322,1,-1,-1,-1
270,25,1337.219,74.726,74.903,58.954,1,-1,-1,-1
270,18,1824.866,547.584,90.749,173.972,1,-1,-1,-1
270,1,392.673,202.795,71.961,41.839,1,-1,-1,-1
270,24,1080.521,622.456,288.162,218.684,1,-1,-1,-1
271,18,1825.078,547.675,90.737,173.907,1,-1,-1,-1
271,19,1134.603,205.228,109.375,97.031,1,-1,-1,-1
271,24,1078.038,612.879,278.000,218.094,1,-1,-1,-1
271,25,1337.180,78.591,65.741,45.615,1,-1,-1,-1
271,14,504.075,196.000,233.244,233.896,1,-1,-1,-1
271,1,392.313,202.943,73.479,42.333,1,-1,-1,-1
272,25,1323.201,71.332,73.641,69.262,1,-1,-1,-1
272,18,1823.365,544.521,91.886,176.867,1,-1,-1,-1
272,1,392.515,203.340,72.660,41.650,1,-1,-1,-1
272,24,1078.983,604.616,273.403,213.471,1,-1,-1,-1
272,14,498.495,199.731,236.533,234.959,1,-1,-1,-1
272,19,1130.535,201.192,113.065,100.807,1,-1,-1,-1
273,1,392.918,203.314,72.323,41.777,1,-1,-1,-1
273,18,1823.322,544.675,92.035,176.212,1,-1,-1,-1
273,25,1316.859,76.013,72.024,66.384,1,-1,-1,-1
273,19,1128.836,198.449,112.269,96.846,1,-1,-1,-1
273,14,497.522,200.433,240.921,239.024,1,-1,-1,-1
273,24,1071.767,597.607,270.902,205.864,1,-1,-1,-1
274,19,1131.707,196.859,106.658,94.322,1,-1,-1,-1
274,18,1823.448,544.720,91.950,176.208,1,-1,-1,-1
274,1,393.469,203.519,71.825,41.127,1,-1,-1,-1
274,14,495.295,204.008,242.248,236.871,1,-1,-1,-1
274,25,1307.869,75.113,68.898,67.367,1,-1,-1,-1
274,24,1073.518,595.528,253.212,201.496,1,-1,-1,-1
275,24,1064.791,588.781,254.628,196.347,1,-1,-1,-1
275,25,1299.862,77.317,70.058,61.784,1,-1,-1,-1
275,18,1823.429,544.047,91.963,176.834,1,-1,-1,-1
275,26,963.945,89.115,44.742,39.290,1,-1,-1,-1
275,14,490.203,206.060,244.128,243.961,1,-1,-1,-1
275,1,392.880,203.544,72.412,40.956,1,-1,-1,-1
275,19,1129.189,195.414,108.712,90.601,1,-1,-1,-1
276,26,975.440,86.666,49.673,43.568,1,-1,-1,-1
276,19,1128.767,188.722,110.088,96.570,1,-1,-1,-1
276,24,1061.520,580.297,254.820,191.160,1,-1,-1,-1
276,25,1289.754,80.466,83.668,61.238,1,-1,-1,-1
276,18,1823.363,544.153,91.950,176.572,1,-1,-1,-1
276,14,489.768,203.540,247.234,257.787,1,-1,-1,-1
276,1,393.239,203.800,71.995,40.475,1,-1,-1,-1
277,25,1285.484,79.796,64.983,57.183,1,-1,-1,-1
277,26,922.217,68.396,104.786,64.944,1,-1,-1,-1
277,18,1823.310,544.029,91.950,176.572,1,-1,-1,-1
277,14,472.003,211.547,234.516,252.882,1,-1,-1,-1
277,19,1130.054,185.267,108.807,95.332,1,-1,-1,-1
277,1,393.494,204.200,71.334,40.132,1,-1,-1,-1
277,24,1061.883,572.170,249.401,191.930,1,-1,-1,-1
278,1,393.157,204.105,72.299,40.458,1,-1,-1,-1
278,18,1823.310,544.029,91.950,176.572,1,-1,-1,-1
278,19,1130.547,182.805,109.136,94.075,1,-1,-1,-1
278,14,469.299,221.225,231.027,250.481,1,-1,-1,-1
278,24,1062.650,568.670,237.667,184.892,1,-1,-1,-1
278,25,1274.826,79.972,70.386,61.492,1,-1,-1,-1
278,26,941.135,66.102,94.308,66.602,1,-1,-1,-1
279,18,1823.310,544.029,91.950,176.572,1,-1,-1,-1
279,19,1132.868,179.765,107.861,91.305,1,-1,-1,-1
279,14,463.847,221.453,233.858,255.983,1,-1,-1,-1
279,25,1257.929,81.778,88.191,60.492,1,-1,-1,-1
279,24,1060.235,562.033,233.321,180.897,1,-1,-1,-1
279,26,953.173,68.057,94.824,60.766,1,-1,-1,-1
279,1,393.770,204.144,71.642,40.056,1,-1,-1,-1
280,26,961.479,65.349,97.826,63.145,1,-1,-1,-1
280,24,1054.233,551.416,236.358,180.915,1,-1,-1,-1
280,25,1247.988,83.870,92.150,58.426,1,-1,-1,-1
280,18,1823.310,544.029,91.950,176.572,1,-1,-1,-1
280,19,1135.679,179.218,107.246,87.752,1,-1,-1,-1
280,1,393.407,203.878,71.915,40.636,1,-1,-1,-1
280,14,458.079,226.969,240.223,251.751,1,-1,-1,-1
281,19,1138.514,177.827,106.851,87.840,1,-1,-1,-1
281,24,1058.297,545.657,222.771,177.161,1,-1,-1,-1
281,25,1233.030,85.857,94.593,58.723,1,-1,-1,-1
281,18,1825.383,546.513,90.609,172.855,1,-1,-1,-1
281,1,392.486,204.214,71.560,40.010,1,-1,-1,-1
281,26,968.080,64.808,99.164,63.507,1,-1,-1,-1
281,14,445.610,234.084,250.106,247.345,1,-1,-1,-1
282,18,1825.680,546.710,90.363,172.632,1,-1,-1,-1
282,26,974.727,65.398,102.410,65.274,1,-1,-1,-1
282,24,1055.766,538.503,218.449,177.160,1,-1,-1,-1
282,25,1225.648,86.793,93.809,58.766,1,-1,-1,-1
282,1,393.294,204.422,69.291,39.625,1,-1,-1,-1
282,14,441.065,236.056,252.622,249.340,1,-1,-1,-1
282,19,1143.796,173.421,103.623,87.458,1,-1,-1,-1
283,1,393.048,204.286,69.472,39.727,1,-1,-1,-1
283,18,1825.838,547.046,90.052,172.332,1,-1,-1,-1
283,25,1217.120,88.146,90.881,59.066,1,-1,-1,-1
283,19,1144.513,170.000,107.750,89.520,1,-1,-1,-1
283,24,1054.818,538.565,213.732,165.704,1,-1,-1,-1
283,26,977.588,65.778,106.238,64.672,1,-1,-1,-1
283,14,436.457,242.324,251.686,258.703,1,-1,-1,-1
284,24,1053.134,532.859,212.543,163.381,1,-1,-1,-1
284,19,1149.122,168.509,110.396,87.480,1,-1,-1,-1
284,18,1825.677,546.817,90.240,172.348,1,-1,-1,-1
284,25,1208.087,89.288,87.531,57.413,1,-1,-1,-1
284,1,393.017,204.006,69.983,40.365,1,-1,-1,-1
284,26,985.530,65.404,108.529,66.137,1,-1,-1,-1
284,14,431.612,245.888,254.540,260.328,1,-1,-1,-1
285,18,1826.491,546.869,89.842,172.706,1,-1,-1,-1
285,25,1193.602,89.418,90.255,61.209,1,-1,-1,-1
285,1,393.012,203.973,69.972,40.109,1,-1,-1,-1
285,24,1052.848,522.449,213.754,163.695,1,-1,-1,-1
285,14,431.381,244.480,254.039,270.431,1,-1,-1,-1
285,26,993.518,64.104,107.278,69.009,1,-1,-1,-1
285,19,1153.324,165.175,110.933,89.213,1,-1,-1,-1
286,1,393.255,203.888,69.690,39.901,1,-1,-1,-1
286,25,1184.954,88.927,88.272,63.782,1,-1,-1,-1
286,24,1055.772,518.248,201.284,157.498,1,-1,-1,-1
286,26,1006.472,65.939,100.375,68.334,1,-1,-1,-1
286,14,429.153,244.745,254.204,278.983,1,-1,-1,-1
286,19,1157.144,160.967,111.542,90.747,1,-1,-1,-1
286,18,1826.131,546.407,89.993,172.788,1,-1,-1,-1
287,24,1054.837,511.910,198.825,154.902,1,-1,-1,-1
287,26,1012.438,66.618,101.659,68.392,1,-1,-1,-1
287,19,1163.239,159.258,110.506,90.309,1,-1,-1,-1
287,18,1825.857,546.721,90.056,172.616,1,-1,-1,-1
287,14,414.731,238.959,260.504,293.140,1,-1,-1,-1
287,1,392.978,203.969,69.743,40.104,1,-1,-1,-1
287,25,1174.015,90.418,90.926,63.761,1,-1,-1,-1
288,18,1826.048,546.842,90.284,172.782,1,-1,-1,-1
288,14,423.342,267.553,253.560,266.790,1,-1,-1,-1
288,19,1167.411,162.766,111.785,83.014,1,-1,-1,-1
288,1,393.124,203.898,69.969,40.420,1,-1,-1,-1
288,24,1054.961,504.870,197.047,157.896,1,-1,-1,-1
288,25,1160.051,92.818,91.075,63.809,1,-1,-1,-1
288,26,1021.230,67.610,99.071,66.909,1,-1,-1,-1
289,25,1150.432,95.368,91.734,63.050,1,-1,-1,-1
289,14,407.791,249.387,258.166,295.712,1,-1,-1,-1
289,19,1174.070,162.312,108.906,78.912,1,-1,-1,-1
289,24,1043.927,499.360,204.598,154.315,1,-1,-1,-1
289,26,1030.442,69.229,95.285,64.367,1,-1,-1,-1
289,18,1826.037,546.779,89.701,173.136,1,-1,-1,-1
289,1,392.878,204.289,70.156,39.805,1,-1,-1,-1
290,26,1043.710,73.824,83.961,64.955,1,-1,-1,-1
290,25,1134.060,97.935,94.766,61.374,1,-1,-1,-1
290,18,1826.138,546.603,89.573,173.442,1,-1,-1,-1
290,1,392.873,204.172,69.582,39.965,1,-1,-1,-1
290,24,1053.637,490.866,196.304,157.636,1,-1,-1,-1
290,14,399.774,255.548,261.930,297.168,1,-1,-1,-1
290,19,1180.173,157.476,114.883,83.419,1,-1,-1,-1
291,25,1122.606,100.124,94.282,61.620,1,-1,-1,-1
291,18,1823.847,546.032,91.846,174.668,1,-1,-1,-1
291,14,397.295,258.079,256.998,304.130,1,-1,-1,-1
291,19,1189.488,156.137,113.946,81.856,1,-1,-1,-1
291,24,1043.088,483.382,201.198,155.973,1,-1,-1,-1
291,1,393.689,204.290,68.233,39.917,1,-1,-1,-1
291,26,1043.657,73.160,88.241,65.239,1,-1,-1,-1
292,19,1197.255,152.219,116.354,82.259,1,-1,-1,-1
292,26,1050.321,74.681,88.119,64.993,1,-1,-1,-1
292,18,1823.967,546.145,91.802,174.365,1,-1,-1,-1
292,14,395.250,259.768,262.927,305.421,1,-1,-1,-1
292,24,1042.021,473.908,205.307,156.616,1,-1,-1,-1
292,1,393.944,204.258,67.923,39.858,1,-1,-1,-1
292,25,1102.242,99.731,97.683,63.072,1,-1,-1,-1
293,19,1207.501,149.692,111.400,79.298,1,-1,-1,-1
293,25,1081.395,90.626,104.994,72.933,1,-1,-1,-1
293,14,386.799,269.270,264.575,302.777,1,-1,-1,-1
293,26,1053.923,75.393,86.828,65.319,1,-1,-1,-1
293,24,1043.286,465.817,191.613,154.046,1,-1,-1,-1
293,1,392.885,203.992,69.066,40.296,1,-1,-1,-1
294,1,392.758,203.859,69.439,40.520,1,-1,-1,-1
294,14,378.191,271.335,268.687,306.836,1,-1,-1,-1
294,25,1065.839,88.366,104.790,82.461,1,-1,-1,-1
294,24,1043.335,459.384,181.023,155.343,1,-1,-1,-1
294,19,1218.473,144.843,111.787,83.593,1,-1,-1,-1
295,1,392.600,203.975,69.579,40.341,1,-1,-1,-1
295,19,1227.815,143.161,110.652,84.707,1,-1,-1,-1
295,24,1044.570,455.154,182.323,147.981,1,-1,-1,-1
295,14,375.284,275.162,265.023,308.162,1,-1,-1,-1
295,26,1061.127,76.816,84.245,65.972,1,-1,-1,-1
296,24,1044.476,450.302,188.891,144.072,1,-1,-1,-1
296,1,392.537,203.943,69.776,40.523,1,-1,-1,-1
296,19,1236.953,142.052,114.397,80.666,1,-1,-1,-1
296,14,368.197,285.245,274.545,309.663,1,-1,-1,-1
296,26,1064.730,77.527,82.953,66.299,1,-1,-1,-1
297,1,392.615,203.628,69.537,40.925,1,-1,-1,-1
297,25,1029.987,101.345,103.128,73.111,1,-1,-1,-1
297,14,369.523,287.466,269.779,318.783,1,-1,-1,-1
297,19,1244.044,139.950,111.915,81.424,1,-1,-1,-1
297,24,1048.230,443.479,190.656,142.896,1,-1,-1,-1
298,24,1051.381,437.692,182.416,142.832,1,-1,-1,-1
298,26,1071.934,78.950,80.370,66.952,1,-1,-1,-1
298,19,1254.336,138.051,110.887,82.506,1,-1,-1,-1
298,1,392.857,203.531,69.697,41.087,1,-1,-1,-1
298,14,366.362,293.517,275.797,320.688,1,-1,-1,-1
298,25,1012.497,111.172,96.926,68.759,1,-1,-1,-1
299,1,392.227,203.964,69.750,40.808,1,-1,-1,-1
299,24,1058.327,434.992,170.656,138.806,1,-1,-1,-1
299,25,1003.848,114.332,97.347,66.910,1,-1,-1,-1
299,26,1075.536,79.662,79.079,67.278,1,-1,-1,-1
299,14,360.068,295.018,279.061,323.549,1,-1,-1,-1
299,19,1262.818,133.304,110.884,83.370,1,-1,-1,-1
300,19,1275.732,130.335,110.006,83.262,1,-1,-1,-1
300,1,392.520,203.803,69.262,40.919,1,-1,-1,-1
300,26,1075.548,79.952,79.134,67.018,1,-1,-1,-1
300,25,983.752,117.087,99.007,68.254,1,-1,-1,-1
300,24,1060.834,427.376,170.237,135.868,1,-1,-1,-1
300,14,354.579,284.350,278.546,344.934,1,-1,-1,-1
301,19,1288.540,118.035,130.280,94.270,1,-1,-1,-1
301,26,1077.368,80.393,79.264,66.220,1,-1,-1,-1
301,1,392.576,203.334,70.493,41.197,1,-1,-1,-1
301,14,353.527,289.885,279.737,347.904,1,-1,-1,-1
301,25,970.466,116.590,98.335,70.270,1,-1,-1,-1
301,24,1065.003,418.872,175.667,136.321,1,-1,-1,-1
302,26,1075.993,81.741,80.551,67.761,1,-1,-1,-1
302,1,391.701,203.716,71.268,40.814,1,-1,-1,-1
302,25,951.110,121.284,105.555,68.380,1,-1,-1,-1
302,19,1301.348,105.734,150.553,105.279,1,-1,-1,-1
302,24,1068.207,408.688,175.729,136.546,1,-1,-1,-1
302,14,343.241,304.053,295.687,340.023,1,-1,-1,-1
303,24,1076.121,409.866,170.195,131.512,1,-1,-1,-1
303,26,1075.710,81.963,81.061,68.868,1,-1,-1,-1
303,25,940.373,122.221,104.383,69.377,1,-1,-1,-1
303,14,332.705,301.929,301.671,347.454,1,-1,-1,-1
303,19,1314.156,93.434,170.827,116.287,1,-1,-1,-1
303,1,391.771,203.731,71.014,40.636,1,-1,-1,-1
304,25,923.091,123.568,103.234,70.886,1,-1,-1,-1
304,14,331.149,317.046,305.771,338.123,1,-1,-1,-1
304,1,391.934,203.642,70.589,40.879,1,-1,-1,-1
304,24,1078.994,404.710,174.780,126.968,1,-1,-1,-1
304,19,1320.801,93.182,166.235,112.795,1,-1,-1,-1
304,26,1072.609,83.034,83.524,68.934,1,-1,-1,-1
305,24,1083.475,399.839,176.346,126.646,1,-1,-1,-1
305,19,1320.247,70.866,163.996,125.144,1,-1,-1,-1
305,25,907.493,126.895,106.966,70.103,1,-1,-1,-1
305,14,325.656,316.416,315.711,351.272,1,-1,-1,-1
305,26,1072.031,83.630,83.119,67.919,1,-1,-1,-1
305,1,392.264,203.555,70.449,40.993,1,-1,-1,-1
306,1,391.905,203.341,71.104,41.312,1,-1,-1,-1
306,24,1090.666,392.055,174.325,127.800,1,-1,-1,-1
306,26,1071.105,85.394,80.918,72.135,1,-1,-1,-1
306,19,1337.671,126.912,105.406,72.066,1,-1,-1,-1
306,14,323.126,324.590,319.487,347.439,1,-1,-1,-1
306,25,889.867,130.343,111.148,68.347,1,-1,-1,-1
307,1,391.910,203.513,70.538,41.100,1,-1,-1,-1
307,19,1349.173,123.385,103.406,74.584,1,-1,-1,-1
307,26,1071.106,85.117,78.092,72.312,1,-1,-1,-1
307,14,306.414,328.685,336.889,345.699,1,-1,-1,-1
307,25,878.568,132.343,104.363,69.194,1,-1,-1,-1
307,24,1103.549,381.798,172.220,126.531,1,-1,-1,-1
308,1,391.638,203.600,70.775,41.049,1,-1,-1,-1
308,26,1067.306,85.156,79.947,73.909,1,-1,-1,-1
308,19,1347.987,120.237,117.891,76.087,1,-1,-1,-1
308,14,305.538,336.753,339.334,346.083,1,-1,-1,-1
308,25,865.611,131.092,107.181,76.652,1,-1,-1,-1
308,24,1115.602,377.864,165.902,122.444,1,-1,-1,-1
309,25,852.788,132.070,103.954,75.568,1,-1,-1,-1
309,19,1358.694,118.637,107.977,73.336,1,-1,-1,-1
309,24,1119.047,372.788,170.006,121.269,1,-1,-1,-1
309,14,301.216,339.983,340.171,350.622,1,-1,-1,-1
309,26,1062.568,85.299,83.443,74.531,1,-1,-1,-1
309,1,391.546,203.364,71.197,41.342,1,-1,-1,-1
310,24,1126.027,368.135,173.385,120.458,1,-1,-1,-1
310,14,287.900,343.773,356.021,353.707,1,-1,-1,-1
310,1,391.865,203.349,71.193,41.375,1,-1,-1,-1
310,26,1058.690,87.362,83.825,74.909,1,-1,-1,-1
310,25,835.235,132.712,109.796,75.756,1,-1,-1,-1
310,19,1369.057,115.865,104.200,76.522,1,-1,-1,-1
