1,1,6.53,872.92,478.60,200.63,1,-1,-1,-1
1,2,1854.04,584.15,62.85,106.24,1,-1,-1,-1
1,4,317.53,559.14,235.76,175.26,1,-1,-1,-1
1,7,955.97,214.78,112.66,102.31,1,-1,-1,-1
1,11,385.03,204.89,77.76,37.85,1,-1,-1,-1
2,1,6.48,872.31,478.71,201.14,1,-1,-1,-1
2,2,1854.00,584.21,62.87,106.22,1,-1,-1,-1
2,4,311.17,563.77,238.07,176.94,1,-1,-1,-1
2,7,956.27,212.62,111.86,101.59,1,-1,-1,-1
2,11,385.03,204.89,77.76,37.85,1,-1,-1,-1
3,1,6.43,871.69,478.81,201.65,1,-1,-1,-1
3,2,1853.96,584.27,62.90,106.20,1,-1,-1,-1
3,4,304.66,568.41,240.48,178.80,1,-1,-1,-1
3,7,956.68,210.46,111.08,100.88,1,-1,-1,-1
3,11,385.03,204.88,77.75,37.84,1,-1,-1,-1
4,1,6.38,871.08,478.92,202.16,1,-1,-1,-1
4,2,1853.92,584.32,62.93,106.18,1,-1,-1,-1
4,4,298.01,573.06,242.97,180.83,1,-1,-1,-1
4,7,957.21,208.28,110.33,100.18,1,-1,-1,-1
4,11,385.03,204.88,77.75,37.84,1,-1,-1,-1
5,1,6.33,870.46,479.02,202.67,1,-1,-1,-1
5,2,1853.88,584.38,62.96,106.17,1,-1,-1,-1
5,4,291.24,577.73,245.54,183.02,1,-1,-1,-1
5,7,957.88,206.09,109.60,99.50,1,-1,-1,-1
5,11,385.03,204.88,77.74,37.84,1,-1,-1,-1
6,1,6.28,869.85,479.13,203.18,1,-1,-1,-1
6,2,1853.84,584.44,62.98,106.15,1,-1,-1,-1
6,4,284.34,582.41,248.17,185.34,1,-1,-1,-1
6,7,958.68,203.90,108.90,98.82,1,-1,-1,-1
6,11,385.03,204.88,77.73,37.83,1,-1,-1,-1
7,1,6.23,869.23,479.23,203.69,1,-1,-1,-1
7,2,1853.80,584.50,63.01,106.13,1,-1,-1,-1
7,4,277.33,587.10,250.87,187.78,1,-1,-1,-1
7,7,959.62,201.70,108.23,98.15,1,-1,-1,-1
7,11,385.03,204.88,77.73,37.83,1,-1,-1,-1
8,1,6.18,868.62,479.34,204.20,1,-1,-1,-1
8,2,1853.76,584.56,63.04,106.11,1,-1,-1,-1
8,4,270.20,591.78,253.63,190.31,1,-1,-1,-1
8,7,960.68,199.50,107.59,97.48,1,-1,-1,-1
8,11,385.03,204.88,77.72,37.83,1,-1,-1,-1
9,1,6.13,868.00,479.44,204.71,1,-1,-1,-1
9,2,1853.72,584.62,63.07,106.09,1,-1,-1,-1
9,3,1809.78,559.83,105.04,82.83,1,-1,-1,-1
9,4,262.97,596.47,256.44,192.91,1,-1,-1,-1
9,7,961.87,197.29,107.01,96.83,1,-1,-1,-1
9,11,385.03,204.87,77.72,37.83,1,-1,-1,-1
10,1,6.08,867.38,479.54,205.23,1,-1,-1,-1
10,2,1853.68,584.68,63.09,106.08,1,-1,-1,-1
10,3,1808.96,558.92,105.87,84.20,1,-1,-1,-1
10,4,255.63,601.15,259.32,195.56,1,-1,-1,-1
10,7,963.18,195.10,106.49,96.18,1,-1,-1,-1
10,11,385.03,204.87,77.71,37.82,1,-1,-1,-1
11,1,6.03,866.77,479.65,205.74,1,-1,-1,-1
11,2,1853.63,584.74,63.12,106.06,1,-1,-1,-1
11,3,1809.17,558.66,105.67,84.91,1,-1,-1,-1
11,4,248.20,605.82,262.25,198.24,1,-1,-1,-1
11,7,964.59,192.91,106.05,95.53,1,-1,-1,-1
11,11,385.03,204.87,77.70,37.82,1,-1,-1,-1
12,1,5.98,866.15,479.75,206.25,1,-1,-1,-1
12,2,1853.59,584.80,63.15,106.04,1,-1,-1,-1
12,3,1811.33,560.14,103.51,83.87,1,-1,-1,-1
12,4,240.65,610.48,265.25,200.91,1,-1,-1,-1
12,7,966.12,190.72,105.70,94.89,1,-1,-1,-1
12,11,385.03,204.87,77.70,37.82,1,-1,-1,-1
13,1,5.93,865.54,479.86,206.76,1,-1,-1,-1
13,2,1853.55,584.85,63.18,106.02,1,-1,-1,-1
13,3,1815.35,563.40,99.51,81.01,1,-1,-1,-1
13,4,233.01,615.13,268.31,203.57,1,-1,-1,-1
13,7,967.75,188.55,105.45,94.25,1,-1,-1,-1
13,11,385.03,204.87,77.69,37.81,1,-1,-1,-1
14,2,1853.51,584.91,63.20,106.00,1,-1,-1,-1
14,3,1819.83,567.13,95.04,77.63,1,-1,-1,-1
14,4,225.27,619.77,271.43,206.18,1,-1,-1,-1
14,7,969.50,186.39,105.30,93.62,1,-1,-1,-1
14,11,385.03,204.86,77.69,37.81,1,-1,-1,-1
15,2,1853.47,584.97,63.23,105.99,1,-1,-1,-1
15,3,1823.05,569.88,91.83,75.18,1,-1,-1,-1
15,4,217.43,624.39,274.61,208.73,1,-1,-1,-1
15,7,971.38,184.25,105.26,92.99,1,-1,-1,-1
15,11,385.03,204.86,77.68,37.81,1,-1,-1,-1
16,2,1853.43,585.03,63.26,105.97,1,-1,-1,-1
16,3,1824.00,570.86,90.89,74.41,1,-1,-1,-1
16,4,209.51,628.98,277.85,211.20,1,-1,-1,-1
16,7,973.41,182.13,105.30,92.35,1,-1,-1,-1
16,11,385.03,204.86,77.67,37.80,1,-1,-1,-1
17,2,1853.39,585.09,63.29,105.95,1,-1,-1,-1
17,3,1822.55,570.00,92.36,75.44,1,-1,-1,-1
17,4,201.52,633.55,281.14,213.60,1,-1,-1,-1
17,7,975.60,180.02,105.43,91.72,1,-1,-1,-1
17,11,385.03,204.86,77.67,37.80,1,-1,-1,-1
18,2,1853.35,585.15,63.31,105.93,1,-1,-1,-1
18,3,1819.34,567.65,95.58,77.93,1,-1,-1,-1
18,4,193.45,638.10,284.47,215.93,1,-1,-1,-1
18,7,977.96,177.94,105.64,91.09,1,-1,-1,-1
18,11,385.03,204.86,77.66,37.80,1,-1,-1,-1
19,2,1853.31,585.21,63.34,105.91,1,-1,-1,-1
19,3,1815.44,564.41,99.49,81.33,1,-1,-1,-1
19,4,185.32,642.61,287.85,218.17,1,-1,-1,-1
19,7,980.53,175.88,105.90,90.46,1,-1,-1,-1
19,11,385.03,204.86,77.66,37.80,1,-1,-1,-1
20,2,1853.27,585.27,63.37,105.90,1,-1,-1,-1
20,3,1811.90,560.95,103.04,84.98,1,-1,-1,-1
20,4,177.13,647.08,291.26,220.35,1,-1,-1,-1
20,7,983.31,173.85,106.22,89.83,1,-1,-1,-1
20,11,385.03,204.85,77.65,37.79,1,-1,-1,-1
21,2,1853.23,585.32,63.40,105.88,1,-1,-1,-1
21,3,1809.77,558.32,105.18,87.87,1,-1,-1,-1
21,4,168.89,651.52,294.72,222.47,1,-1,-1,-1
21,7,986.33,171.85,106.59,89.19,1,-1,-1,-1
21,11,385.03,204.85,77.64,37.79,1,-1,-1,-1
22,2,1853.19,585.38,63.42,105.86,1,-1,-1,-1
22,3,1810.04,557.77,104.93,88.76,1,-1,-1,-1
22,4,160.59,655.91,298.20,224.55,1,-1,-1,-1
22,7,989.58,169.87,106.98,88.56,1,-1,-1,-1
22,11,385.03,204.85,77.64,37.79,1,-1,-1,-1
23,2,1853.15,585.44,63.45,105.84,1,-1,-1,-1
23,3,1812.92,559.73,102.06,87.22,1,-1,-1,-1
23,4,152.25,660.25,301.73,226.60,1,-1,-1,-1
23,7,993.09,167.93,107.40,87.92,1,-1,-1,-1
23,11,385.03,204.85,77.63,37.78,1,-1,-1,-1
24,2,1853.11,585.50,63.48,105.82,1,-1,-1,-1
24,3,1817.76,563.56,97.24,83.83,1,-1,-1,-1
24,4,143.87,664.53,305.28,228.62,1,-1,-1,-1
24,7,996.87,166.01,107.83,87.29,1,-1,-1,-1
24,11,385.03,204.85,77.63,37.78,1,-1,-1,-1
25,2,1853.07,585.56,63.51,105.80,1,-1,-1,-1
25,3,1823.50,568.30,91.50,79.53,1,-1,-1,-1
25,4,135.44,668.75,308.87,230.61,1,-1,-1,-1
25,7,1000.91,164.12,108.26,86.65,1,-1,-1,-1
25,11,385.03,204.84,77.62,37.78,1,-1,-1,-1
26,2,1853.03,585.62,63.53,105.79,1,-1,-1,-1
26,3,1829.08,573.00,85.93,75.20,1,-1,-1,-1
26,4,126.97,672.90,312.49,232.55,1,-1,-1,-1
26,7,1005.23,162.26,108.68,86.02,1,-1,-1,-1
26,11,385.03,204.84,77.61,37.78,1,-1,-1,-1
27,2,1852.99,585.68,63.56,105.77,1,-1,-1,-1
27,3,1833.39,576.62,81.64,71.85,1,-1,-1,-1
27,4,118.47,676.97,316.15,234.40,1,-1,-1,-1
27,7,1009.84,160.44,109.07,85.38,1,-1,-1,-1
27,11,385.03,204.84,77.61,37.77,1,-1,-1,-1
28,2,1852.95,585.74,63.59,105.75,1,-1,-1,-1
28,3,1835.38,578.04,79.66,70.55,1,-1,-1,-1
28,4,109.95,680.97,319.83,236.11,1,-1,-1,-1
28,7,1014.73,158.64,109.44,84.74,1,-1,-1,-1
28,11,385.03,204.84,77.60,37.77,1,-1,-1,-1
29,2,1852.91,585.79,63.62,105.73,1,-1,-1,-1
29,3,1834.43,576.52,80.62,72.02,1,-1,-1,-1
29,4,101.41,684.88,323.54,237.61,1,-1,-1,-1
29,7,1019.90,156.87,109.76,84.11,1,-1,-1,-1
29,11,385.03,204.84,77.60,37.77,1,-1,-1,-1
30,2,1852.87,585.85,63.64,105.71,1,-1,-1,-1
30,3,1830.81,572.21,84.26,76.12,1,-1,-1,-1
30,4,92.87,688.69,327.26,238.82,1,-1,-1,-1
30,7,1025.36,155.13,110.03,83.47,1,-1,-1,-1
30,11,385.03,204.84,77.59,37.76,1,-1,-1,-1
31,2,1852.83,585.91,63.67,105.70,1,-1,-1,-1
31,3,1825.71,566.36,89.37,81.60,1,-1,-1,-1
31,4,84.38,692.42,330.96,239.65,1,-1,-1,-1
31,7,1031.10,153.42,110.24,82.84,1,-1,-1,-1
31,11,385.03,204.83,77.59,37.76,1,-1,-1,-1
32,2,1852.78,585.97,63.70,105.68,1,-1,-1,-1
32,3,1820.90,561.02,94.19,86.47,1,-1,-1,-1
32,4,75.97,696.04,334.60,240.04,1,-1,-1,-1
32,7,1037.12,151.74,110.38,82.22,1,-1,-1,-1
32,11,385.03,204.83,77.58,37.76,1,-1,-1,-1
33,2,1852.74,586.03,63.73,105.66,1,-1,-1,-1
33,3,1817.47,557.34,97.63,89.61,1,-1,-1,-1
33,4,67.69,699.56,338.15,239.93,1,-1,-1,-1
33,7,1043.39,150.08,110.45,81.59,1,-1,-1,-1
33,11,385.03,204.83,77.57,37.76,1,-1,-1,-1
34,2,1852.70,586.09,63.75,105.64,1,-1,-1,-1
34,3,1815.49,555.26,99.62,91.11,1,-1,-1,-1
34,4,59.61,702.98,341.53,239.27,1,-1,-1,-1
34,7,1049.93,148.45,110.45,80.97,1,-1,-1,-1
34,11,385.03,204.83,77.57,37.75,1,-1,-1,-1
35,2,1852.66,586.15,63.78,105.62,1,-1,-1,-1
35,3,1814.48,554.15,100.65,91.64,1,-1,-1,-1
35,4,51.81,706.28,344.68,238.06,1,-1,-1,-1
35,7,1056.70,146.85,110.38,80.36,1,-1,-1,-1
35,11,385.03,204.83,77.56,37.75,1,-1,-1,-1
36,2,1852.62,586.21,63.81,105.61,1,-1,-1,-1
36,3,1813.90,553.43,101.24,91.82,1,-1,-1,-1
36,4,44.38,709.48,347.53,236.32,1,-1,-1,-1
36,7,1063.70,145.27,110.25,79.75,1,-1,-1,-1
36,11,385.03,204.82,77.56,37.75,1,-1,-1,-1
37,2,1852.58,586.26,63.84,105.59,1,-1,-1,-1
37,3,1813.47,552.88,101.68,91.88,1,-1,-1,-1
37,4,37.39,712.57,349.99,234.10,1,-1,-1,-1
37,7,1070.90,143.71,110.04,79.15,1,-1,-1,-1
37,11,385.03,204.82,77.55,37.74,1,-1,-1,-1
38,2,1852.54,586.32,63.86,105.57,1,-1,-1,-1
38,3,1813.17,552.63,101.99,91.73,1,-1,-1,-1
38,4,30.94,715.55,351.98,231.47,1,-1,-1,-1
38,7,1078.29,142.17,109.78,78.55,1,-1,-1,-1
38,11,385.03,204.82,77.54,37.74,1,-1,-1,-1
39,2,1852.50,586.38,63.89,105.55,1,-1,-1,-1
39,3,1812.98,552.86,102.19,91.19,1,-1,-1,-1
39,4,25.10,718.43,353.44,228.49,1,-1,-1,-1
39,7,1085.84,140.65,109.46,77.96,1,-1,-1,-1
39,11,385.03,204.82,77.54,37.74,1,-1,-1,-1
40,2,1852.46,586.44,63.92,105.53,1,-1,-1,-1
40,3,1812.83,553.62,102.35,90.25,1,-1,-1,-1
40,4,19.92,721.20,354.33,225.27,1,-1,-1,-1
40,7,1093.53,139.16,109.11,77.38,1,-1,-1,-1
40,11,385.03,204.82,77.53,37.74,1,-1,-1,-1
41,2,1852.42,586.50,63.95,105.52,1,-1,-1,-1
41,3,1812.61,554.76,102.59,89.06,1,-1,-1,-1
41,4,15.43,723.86,354.61,221.87,1,-1,-1,-1
41,7,1101.32,137.68,108.72,76.81,1,-1,-1,-1
41,11,385.03,204.82,77.53,37.73,1,-1,-1,-1
42,2,1852.38,586.56,63.98,105.50,1,-1,-1,-1
42,3,1812.34,555.96,102.87,87.97,1,-1,-1,-1
42,4,11.65,726.42,354.28,218.36,1,-1,-1,-1
42,7,1109.20,136.22,108.32,76.25,1,-1,-1,-1
42,11,385.03,204.81,77.52,37.73,1,-1,-1,-1
43,2,1852.34,586.62,64.00,105.48,1,-1,-1,-1
43,3,1812.29,557.04,102.93,87.17,1,-1,-1,-1
43,4,8.55,728.89,353.37,214.81,1,-1,-1,-1
43,7,1117.14,134.77,107.90,75.69,1,-1,-1,-1
43,11,385.04,204.81,77.51,37.73,1,-1,-1,-1
44,2,1852.30,586.68,64.03,105.46,1,-1,-1,-1
44,3,1812.86,558.32,102.38,86.36,1,-1,-1,-1
44,4,6.09,731.25,351.92,211.25,1,-1,-1,-1
44,7,1125.12,133.34,107.49,75.14,1,-1,-1,-1
44,11,385.04,204.81,77.51,37.72,1,-1,-1,-1
45,2,1852.26,586.73,64.06,105.44,1,-1,-1,-1
45,3,1814.44,560.37,100.81,85.00,1,-1,-1,-1
45,4,4.22,733.52,349.99,207.68,1,-1,-1,-1
45,7,1133.13,131.93,107.09,74.61,1,-1,-1,-1
45,11,385.04,204.81,77.50,37.72,1,-1,-1,-1
46,2,1852.22,586.79,64.09,105.43,1,-1,-1,-1
46,3,1817.36,563.44,97.90,82.85,1,-1,-1,-1
46,4,2.86,735.69,347.66,204.12,1,-1,-1,-1
46,5,2.90,878.03,480.29,197.11,1,-1,-1,-1
46,7,1141.14,130.52,106.71,74.08,1,-1,-1,-1
46,11,385.04,204.81,77.50,37.72,1,-1,-1,-1
47,2,1852.18,586.85,64.11,105.41,1,-1,-1,-1
47,3,1821.36,567.14,93.91,80.31,1,-1,-1,-1
47,4,1.93,737.78,345.01,200.59,1,-1,-1,-1
47,5,2.91,875.58,450.24,199.54,1,-1,-1,-1
47,7,1149.15,129.13,106.34,73.57,1,-1,-1,-1
47,11,385.04,204.80,77.49,37.72,1,-1,-1,-1
48,2,1852.14,586.91,64.14,105.39,1,-1,-1,-1
48,3,1825.24,570.21,90.05,78.63,1,-1,-1,-1
48,4,1.36,739.77,342.11,197.10,1,-1,-1,-1
48,5,2.92,876.13,453.63,198.96,1,-1,-1,-1
48,7,1157.14,127.76,106.01,73.06,1,-1,-1,-1
48,11,385.04,204.80,77.48,37.71,1,-1,-1,-1
49,2,1852.10,586.97,64.17,105.37,1,-1,-1,-1
49,3,1827.52,571.25,87.77,79.22,1,-1,-1,-1
49,4,1.06,741.67,339.05,193.68,1,-1,-1,-1
49,5,2.93,875.41,471.59,199.67,1,-1,-1,-1
49,7,1165.11,126.39,105.70,72.57,1,-1,-1,-1
49,11,385.04,204.80,77.48,37.71,1,-1,-1,-1
50,2,1852.06,587.03,64.20,105.35,1,-1,-1,-1
50,3,1828.20,570.59,87.10,81.74,1,-1,-1,-1
50,4,0.97,743.49,335.91,190.37,1,-1,-1,-1
50,5,2.94,876.14,491.89,198.92,1,-1,-1,-1
50,7,1173.05,125.03,105.41,72.08,1,-1,-1,-1
50,11,385.04,204.80,77.47,37.71,1,-1,-1,-1
51,2,1852.02,587.09,64.22,105.34,1,-1,-1,-1
51,3,1828.47,569.82,86.84,84.59,1,-1,-1,-1
51,4,1.03,745.22,332.73,187.20,1,-1,-1,-1
51,5,2.95,872.28,489.51,202.76,1,-1,-1,-1
51,7,1180.95,123.68,105.15,71.61,1,-1,-1,-1
51,11,385.04,204.80,77.47,37.70,1,-1,-1,-1
52,2,1851.98,587.15,64.25,105.32,1,-1,-1,-1
52,3,1829.03,569.67,86.30,87.00,1,-1,-1,-1
52,4,1.17,746.86,329.59,184.19,1,-1,-1,-1
52,5,2.96,867.71,485.78,207.30,1,-1,-1,-1
52,7,1188.82,122.34,104.91,71.15,1,-1,-1,-1
52,11,385.04,204.80,77.46,37.70,1,-1,-1,-1
53,2,1851.93,587.20,64.28,105.30,1,-1,-1,-1
53,3,1829.97,570.06,85.37,89.02,1,-1,-1,-1
53,4,1.36,748.42,326.51,181.37,1,-1,-1,-1
53,5,2.97,865.28,484.66,209.71,1,-1,-1,-1
53,7,1196.66,121.00,104.68,70.70,1,-1,-1,-1
53,11,385.04,204.79,77.45,37.70,1,-1,-1,-1
54,2,1851.89,587.26,64.31,105.28,1,-1,-1,-1
54,3,1831.20,570.76,84.15,90.86,1,-1,-1,-1
54,4,1.56,749.90,323.54,178.74,1,-1,-1,-1
54,5,2.98,864.59,484.25,210.38,1,-1,-1,-1
54,7,1204.46,119.67,104.47,70.26,1,-1,-1,-1
54,11,385.04,204.79,77.45,37.70,1,-1,-1,-1
55,2,1851.85,587.32,64.33,105.26,1,-1,-1,-1
55,3,1832.64,571.61,82.72,92.64,1,-1,-1,-1
55,4,1.75,751.29,320.69,176.30,1,-1,-1,-1
55,5,2.99,865.53,484.45,209.42,1,-1,-1,-1
55,7,1212.22,118.34,104.26,69.84,1,-1,-1,-1
55,11,385.04,204.79,77.44,37.69,1,-1,-1,-1
56,2,1851.81,587.38,64.36,105.24,1,-1,-1,-1
56,3,1834.26,572.53,81.12,94.40,1,-1,-1,-1
56,4,1.92,752.61,318.00,174.06,1,-1,-1,-1
56,5,3.00,868.91,486.75,206.02,1,-1,-1,-1
56,7,1219.95,117.02,104.05,69.43,1,-1,-1,-1
56,11,385.04,204.79,77.44,37.69,1,-1,-1,-1
57,2,1851.77,587.44,64.39,105.23,1,-1,-1,-1
57,3,1836.04,573.49,79.35,96.11,1,-1,-1,-1
57,4,2.04,753.85,315.46,172.01,1,-1,-1,-1
57,5,3.01,874.71,485.75,200.20,1,-1,-1,-1
57,7,1227.63,115.71,103.83,69.03,1,-1,-1,-1
57,11,385.04,204.79,77.43,37.69,1,-1,-1,-1
58,2,1851.73,587.50,64.42,105.21,1,-1,-1,-1
58,3,1838.02,574.54,77.38,97.71,1,-1,-1,-1
58,4,2.11,755.02,313.08,170.14,1,-1,-1,-1
58,5,3.02,879.29,469.79,195.60,1,-1,-1,-1
58,6,1691.01,796.17,220.51,286.62,1,-1,-1,-1
58,7,1235.26,114.39,103.60,68.64,1,-1,-1,-1
58,11,385.04,204.78,77.42,37.68,1,-1,-1,-1
59,3,1840.21,575.71,75.21,99.12,1,-1,-1,-1
59,4,2.14,756.12,310.86,168.44,1,-1,-1,-1
59,5,3.03,879.73,492.45,195.14,1,-1,-1,-1
59,6,1679.38,786.71,235.77,282.14,1,-1,-1,-1
59,7,1242.84,113.09,103.37,68.26,1,-1,-1,-1
59,11,385.04,204.78,77.42,37.68,1,-1,-1,-1
60,3,1842.57,577.03,72.86,100.26,1,-1,-1,-1
60,4,2.13,757.14,308.80,166.90,1,-1,-1,-1
60,5,3.04,879.51,491.26,195.34,1,-1,-1,-1
60,6,1667.50,777.28,250.27,277.69,1,-1,-1,-1
60,7,1250.34,111.78,103.12,67.90,1,-1,-1,-1
60,11,385.04,204.78,77.41,37.68,1,-1,-1,-1
61,3,1844.98,578.50,70.46,101.11,1,-1,-1,-1
61,4,2.08,758.10,306.88,165.52,1,-1,-1,-1
61,5,3.04,879.79,463.54,195.04,1,-1,-1,-1
61,6,1655.36,767.89,263.86,273.26,1,-1,-1,-1
61,7,1257.74,110.49,102.88,67.54,1,-1,-1,-1
61,11,385.04,204.78,77.41,37.68,1,-1,-1,-1
62,3,1847.21,580.03,68.25,101.72,1,-1,-1,-1
62,4,2.01,758.99,305.11,164.27,1,-1,-1,-1
62,5,3.05,880.00,456.92,194.81,1,-1,-1,-1
62,6,1643.00,758.55,276.35,268.86,1,-1,-1,-1
62,7,1265.04,109.19,102.63,67.20,1,-1,-1,-1
62,11,385.04,204.78,77.40,37.67,1,-1,-1,-1
63,3,1848.92,581.46,66.55,102.22,1,-1,-1,-1
63,4,1.92,759.82,303.45,163.14,1,-1,-1,-1
63,5,3.06,878.42,461.05,196.37,1,-1,-1,-1
63,6,1630.41,749.26,287.53,264.47,1,-1,-1,-1
63,7,1272.21,107.90,102.40,66.87,1,-1,-1,-1
63,11,385.04,204.78,77.39,37.67,1,-1,-1,-1
64,3,1849.87,582.60,65.61,102.79,1,-1,-1,-1
64,4,1.83,760.58,301.91,162.13,1,-1,-1,-1
64,5,3.07,880.67,484.84,194.10,1,-1,-1,-1
64,6,1617.63,740.03,297.19,260.10,1,-1,-1,-1
64,7,1279.22,106.63,102.19,66.55,1,-1,-1,-1
64,11,385.04,204.77,77.39,37.67,1,-1,-1,-1
65,3,1850.17,583.42,65.32,103.48,1,-1,-1,-1
65,4,1.74,761.29,300.46,161.21,1,-1,-1,-1
65,5,3.08,879.09,457.83,195.66,1,-1,-1,-1
65,6,1604.68,730.87,305.15,255.76,1,-1,-1,-1
65,7,1286.07,105.35,102.00,66.24,1,-1,-1,-1
65,11,385.04,204.77,77.38,37.66,1,-1,-1,-1
66,3,1850.14,583.94,65.36,104.24,1,-1,-1,-1
66,4,1.69,761.94,299.09,160.38,1,-1,-1,-1
66,5,3.09,879.44,452.04,195.28,1,-1,-1,-1
66,6,1591.59,721.78,311.25,251.43,1,-1,-1,-1
66,7,1292.75,104.09,101.82,65.93,1,-1,-1,-1
66,11,385.04,204.77,77.38,37.66,1,-1,-1,-1
67,3,1850.15,584.19,65.36,105.08,1,-1,-1,-1
67,4,1.66,762.54,297.78,159.62,1,-1,-1,-1
67,5,3.10,878.06,486.53,196.65,1,-1,-1,-1
67,6,1578.39,712.77,315.42,247.12,1,-1,-1,-1
67,7,1299.26,102.84,101.65,65.63,1,-1,-1,-1
67,11,385.04,204.77,77.37,37.66,1,-1,-1,-1
68,3,1850.53,584.21,65.00,105.98,1,-1,-1,-1
68,4,1.68,763.09,296.52,158.93,1,-1,-1,-1
68,5,3.11,870.87,485.78,203.81,1,-1,-1,-1
68,6,1565.13,703.84,317.66,242.83,1,-1,-1,-1
68,7,1305.63,101.61,101.46,65.34,1,-1,-1,-1
68,11,385.04,204.77,77.36,37.66,1,-1,-1,-1
69,3,1851.31,584.14,64.22,106.83,1,-1,-1,-1
69,4,1.75,763.59,295.29,158.30,1,-1,-1,-1
69,5,3.12,864.56,481.35,210.11,1,-1,-1,-1
69,6,1551.84,695.01,318.09,238.57,1,-1,-1,-1
69,7,1311.88,100.38,101.20,65.06,1,-1,-1,-1
69,11,385.04,204.76,77.36,37.65,1,-1,-1,-1
70,3,1852.24,584.14,63.30,107.46,1,-1,-1,-1
70,4,1.88,764.05,294.10,157.71,1,-1,-1,-1
70,5,3.13,864.38,481.12,210.26,1,-1,-1,-1
70,6,1538.59,686.26,316.90,234.33,1,-1,-1,-1
70,7,1318.05,99.18,100.82,64.78,1,-1,-1,-1
70,11,385.04,204.76,77.35,37.65,1,-1,-1,-1
71,3,1853.06,584.30,62.50,107.81,1,-1,-1,-1
71,4,2.06,764.46,292.92,157.15,1,-1,-1,-1
71,5,3.14,869.81,481.12,204.81,1,-1,-1,-1
71,6,1525.41,677.61,314.32,230.12,1,-1,-1,-1
71,7,1324.21,97.99,100.24,64.50,1,-1,-1,-1
71,8,1799.21,547.49,119.74,93.31,1,-1,-1,-1
71,11,385.04,204.76,77.35,37.65,1,-1,-1,-1
72,3,1853.64,584.53,61.93,107.99,1,-1,-1,-1
72,4,2.31,764.82,291.76,156.58,1,-1,-1,-1
72,5,3.15,863.15,466.74,211.45,1,-1,-1,-1
72,6,1512.36,669.07,310.64,225.94,1,-1,-1,-1
72,7,1330.40,96.82,99.39,64.23,1,-1,-1,-1
72,8,1800.06,548.20,118.69,92.82,1,-1,-1,-1
72,11,385.04,204.76,77.34,37.64,1,-1,-1,-1
73,3,1853.96,584.73,61.62,108.11,1,-1,-1,-1
73,4,2.61,765.16,290.62,155.98,1,-1,-1,-1
73,5,3.16,872.09,475.76,202.49,1,-1,-1,-1
73,6,1499.49,660.62,306.12,221.80,1,-1,-1,-1
73,7,1336.69,95.67,98.20,63.96,1,-1,-1,-1
73,8,1800.92,548.92,117.63,92.32,1,-1,-1,-1
73,11,385.04,204.76,77.33,37.64,1,-1,-1,-1
74,3,1854.06,584.83,61.53,108.26,1,-1,-1,-1
74,4,2.96,765.45,289.50,155.30,1,-1,-1,-1
74,5,3.17,869.50,478.49,205.06,1,-1,-1,-1
74,6,1486.86,652.28,301.00,217.70,1,-1,-1,-1
74,7,1343.08,94.54,96.63,63.69,1,-1,-1,-1
74,8,1801.77,549.63,116.57,91.83,1,-1,-1,-1
74,11,385.04,204.76,77.33,37.64,1,-1,-1,-1
75,3,1854.00,584.82,61.60,108.45,1,-1,-1,-1
75,4,3.34,765.72,288.41,154.52,1,-1,-1,-1
75,5,3.18,849.50,482.32,225.04,1,-1,-1,-1
75,6,1474.50,644.03,295.48,213.65,1,-1,-1,-1
75,7,1349.56,93.43,94.69,63.43,1,-1,-1,-1
75,8,1802.63,550.35,115.52,91.34,1,-1,-1,-1
75,11,385.04,204.75,77.32,37.64,1,-1,-1,-1
76,3,1853.87,584.73,61.75,108.68,1,-1,-1,-1
76,4,3.73,765.95,287.36,153.61,1,-1,-1,-1
76,5,3.18,816.33,479.20,258.19,1,-1,-1,-1
76,6,1462.46,635.90,289.73,209.64,1,-1,-1,-1
76,7,1356.10,92.34,92.40,63.17,1,-1,-1,-1
76,8,1803.48,551.06,114.46,90.85,1,-1,-1,-1
76,11,385.04,204.75,77.32,37.63,1,-1,-1,-1
77,3,1853.75,584.64,61.89,108.86,1,-1,-1,-1
77,4,4.12,766.16,286.38,152.58,1,-1,-1,-1
77,5,3.19,851.16,480.13,223.33,1,-1,-1,-1
77,6,1450.75,627.86,283.87,205.69,1,-1,-1,-1
77,7,1362.61,91.28,89.81,62.92,1,-1,-1,-1
77,8,1804.34,551.77,113.40,90.36,1,-1,-1,-1
77,11,385.04,204.75,77.31,37.63,1,-1,-1,-1
78,3,1853.69,584.59,61.96,108.99,1,-1,-1,-1
78,4,4.48,766.34,285.47,151.44,1,-1,-1,-1
78,5,3.20,860.67,478.59,213.81,1,-1,-1,-1
78,6,1439.39,619.91,277.99,201.80,1,-1,-1,-1
78,7,1369.01,90.24,87.00,62.67,1,-1,-1,-1
78,8,1805.19,552.49,112.34,89.86,1,-1,-1,-1
78,11,385.04,204.75,77.30,37.63,1,-1,-1,-1
79,3,1853.66,584.52,61.99,109.12,1,-1,-1,-1
79,4,4.80,766.51,284.66,150.20,1,-1,-1,-1
79,5,3.21,849.24,480.26,225.21,1,-1,-1,-1
79,6,1428.40,612.07,272.16,197.97,1,-1,-1,-1
79,7,1375.23,89.22,84.05,62.42,1,-1,-1,-1
79,8,1806.05,553.20,111.29,89.37,1,-1,-1,-1
79,11,385.04,204.75,77.30,37.62,1,-1,-1,-1
80,3,1853.65,584.41,62.02,109.28,1,-1,-1,-1
80,4,5.06,766.65,283.95,148.92,1,-1,-1,-1
80,5,3.22,853.56,479.96,220.88,1,-1,-1,-1
80,6,1417.76,604.31,266.42,194.21,1,-1,-1,-1
80,7,1381.15,88.23,81.05,62.18,1,-1,-1,-1
80,8,1806.90,553.92,110.23,88.88,1,-1,-1,-1
80,11,385.04,204.75,77.29,37.62,1,-1,-1,-1
81,3,1853.67,584.34,62.01,109.38,1,-1,-1,-1
81,4,5.25,766.79,283.34,147.65,1,-1,-1,-1
81,5,3.23,863.81,476.21,210.60,1,-1,-1,-1
81,6,1407.48,596.63,260.80,190.52,1,-1,-1,-1
81,7,1386.69,87.26,78.09,61.95,1,-1,-1,-1
81,8,1807.76,554.63,109.17,88.39,1,-1,-1,-1
81,11,385.04,204.74,77.29,37.62,1,-1,-1,-1
82,3,1853.74,584.41,61.95,109.34,1,-1,-1,-1
82,4,5.37,766.92,282.85,146.46,1,-1,-1,-1
82,5,3.24,861.62,465.04,212.77,1,-1,-1,-1
82,6,1397.54,589.04,255.33,186.90,1,-1,-1,-1
82,7,1391.75,86.32,75.26,61.72,1,-1,-1,-1
82,8,1808.61,555.34,108.12,87.90,1,-1,-1,-1
82,11,385.04,204.74,77.28,37.62,1,-1,-1,-1
83,3,1853.84,584.58,61.87,109.17,1,-1,-1,-1
83,4,5.41,767.04,282.46,145.42,1,-1,-1,-1
83,5,3.25,863.97,477.71,210.41,1,-1,-1,-1
83,6,1387.95,581.51,250.00,183.37,1,-1,-1,-1
83,7,1396.25,85.40,72.64,61.50,1,-1,-1,-1
83,8,1809.47,556.06,107.06,87.40,1,-1,-1,-1
83,11,385.04,204.74,77.27,37.61,1,-1,-1,-1
84,3,1853.91,584.76,61.81,108.95,1,-1,-1,-1
84,4,5.38,767.16,282.17,144.58,1,-1,-1,-1
84,5,3.26,860.36,476.91,213.99,1,-1,-1,-1
84,6,1378.68,574.05,244.83,179.92,1,-1,-1,-1
84,7,1400.10,84.51,70.33,61.27,1,-1,-1,-1
84,8,1810.32,556.77,106.00,86.91,1,-1,-1,-1
84,11,385.04,204.74,77.27,37.61,1,-1,-1,-1
85,3,1853.95,584.91,61.78,108.73,1,-1,-1,-1
85,4,5.27,767.28,281.98,143.99,1,-1,-1,-1
85,5,3.27,860.92,459.91,213.41,1,-1,-1,-1
85,6,1369.73,566.64,239.80,176.56,1,-1,-1,-1
85,7,1403.21,83.65,68.40,61.05,1,-1,-1,-1
85,8,1811.18,557.49,104.95,86.42,1,-1,-1,-1
85,11,385.04,204.74,77.26,37.61,1,-1,-1,-1
86,3,1853.99,585.06,61.75,108.43,1,-1,-1,-1
86,4,5.08,767.41,281.89,143.68,1,-1,-1,-1
86,5,3.28,860.79,461.38,213.52,1,-1,-1,-1
86,6,1361.10,559.28,234.89,173.29,1,-1,-1,-1
86,7,1405.52,82.82,66.93,60.83,1,-1,-1,-1
86,8,1812.03,558.20,103.89,85.93,1,-1,-1,-1
86,11,385.04,204.73,77.26,37.60,1,-1,-1,-1
87,3,1854.01,585.23,61.74,108.02,1,-1,-1,-1
87,4,4.80,767.54,281.89,143.65,1,-1,-1,-1
87,5,3.29,870.36,472.91,203.93,1,-1,-1,-1
87,6,1352.76,551.96,230.08,170.11,1,-1,-1,-1
87,7,1406.93,82.02,65.98,60.61,1,-1,-1,-1
87,8,1812.89,558.91,102.83,85.43,1,-1,-1,-1
87,11,385.04,204.73,77.25,37.60,1,-1,-1,-1
88,3,1853.96,585.36,61.81,107.55,1,-1,-1,-1
88,4,4.43,767.69,281.99,143.91,1,-1,-1,-1
88,5,3.30,860.38,456.64,213.89,1,-1,-1,-1
88,6,1344.71,544.68,225.38,167.03,1,-1,-1,-1
88,7,1407.40,81.25,65.59,60.39,1,-1,-1,-1
88,8,1813.74,559.63,101.78,84.94,1,-1,-1,-1
88,11,385.04,204.73,77.24,37.60,1,-1,-1,-1
89,3,1853.79,585.41,61.98,107.04,1,-1,-1,-1
89,4,3.96,767.86,282.19,144.44,1,-1,-1,-1
89,5,3.31,869.12,469.05,205.13,1,-1,-1,-1
89,6,1336.94,537.41,220.77,164.05,1,-1,-1,-1
89,7,1406.86,80.53,65.80,60.16,1,-1,-1,-1
89,8,1814.60,560.34,100.72,84.45,1,-1,-1,-1
89,11,385.04,204.73,77.24,37.60,1,-1,-1,-1
90,3,1853.54,585.35,62.25,106.53,1,-1,-1,-1
90,4,3.37,768.04,282.50,145.23,1,-1,-1,-1
90,5,3.32,872.61,471.59,201.62,1,-1,-1,-1
90,6,1329.43,530.16,216.27,161.17,1,-1,-1,-1
90,7,1405.28,79.84,66.62,59.92,1,-1,-1,-1
90,8,1815.45,561.06,99.66,83.96,1,-1,-1,-1
90,11,385.04,204.73,77.23,37.59,1,-1,-1,-1
91,3,1853.22,585.17,62.58,106.00,1,-1,-1,-1
91,4,2.67,768.25,282.92,146.26,1,-1,-1,-1
91,5,3.33,862.34,471.96,211.87,1,-1,-1,-1
91,6,1322.16,522.92,211.90,158.40,1,-1,-1,-1
91,7,1402.64,79.19,68.04,59.67,1,-1,-1,-1
91,8,1816.31,561.77,98.61,83.47,1,-1,-1,-1
91,11,385.04,204.73,77.23,37.59,1,-1,-1,-1
92,3,1852.88,584.92,62.93,105.41,1,-1,-1,-1
92,4,1.83,768.48,283.45,147.49,1,-1,-1,-1
92,5,3.33,857.98,477.73,216.21,1,-1,-1,-1
92,6,1315.10,515.68,207.69,155.72,1,-1,-1,-1
92,7,1398.93,78.58,70.01,59.41,1,-1,-1,-1
92,8,1817.16,562.48,97.55,82.97,1,-1,-1,-1
92,11,385.04,204.72,77.22,37.59,1,-1,-1,-1
93,3,1852.58,584.70,63.24,104.67,1,-1,-1,-1
93,4,0.85,768.74,284.10,148.91,1,-1,-1,-1
93,5,3.34,844.90,473.08,229.27,1,-1,-1,-1
93,6,1308.23,508.44,203.69,153.15,1,-1,-1,-1
93,7,1394.19,78.02,72.49,59.14,1,-1,-1,-1
93,8,1818.02,563.20,96.49,82.48,1,-1,-1,-1
93,11,385.04,204.72,77.22,37.58,1,-1,-1,-1
94,3,1852.36,584.57,63.48,103.74,1,-1,-1,-1
94,5,3.35,801.56,448.40,272.59,1,-1,-1,-1
94,6,1301.51,501.19,199.93,150.68,1,-1,-1,-1
94,7,1388.43,77.50,75.39,58.85,1,-1,-1,-1
94,8,1818.87,563.91,95.43,81.99,1,-1,-1,-1
94,11,385.04,204.72,77.21,37.58,1,-1,-1,-1
95,3,1852.17,584.56,63.68,102.60,1,-1,-1,-1
95,5,3.36,803.86,457.64,270.27,1,-1,-1,-1
95,6,1294.90,493.93,196.45,148.31,1,-1,-1,-1
95,7,1381.72,77.03,78.62,58.54,1,-1,-1,-1
95,8,1819.73,564.63,94.38,81.50,1,-1,-1,-1
95,11,385.04,204.72,77.20,37.58,1,-1,-1,-1
96,3,1851.93,584.65,63.93,101.30,1,-1,-1,-1
96,5,3.37,825.83,465.17,248.27,1,-1,-1,-1
96,6,1288.36,486.66,193.29,146.04,1,-1,-1,-1
96,7,1374.10,76.61,82.09,58.20,1,-1,-1,-1
96,8,1820.58,565.34,93.32,81.01,1,-1,-1,-1
96,11,385.04,204.72,77.20,37.58,1,-1,-1,-1
97,3,1851.47,584.79,64.40,99.92,1,-1,-1,-1
97,5,3.38,841.39,466.63,232.69,1,-1,-1,-1
97,6,1281.82,479.37,190.46,143.85,1,-1,-1,-1
97,7,1365.66,76.23,85.71,57.85,1,-1,-1,-1
97,8,1821.44,566.05,92.26,80.51,1,-1,-1,-1
97,11,385.04,204.71,77.19,37.57,1,-1,-1,-1
98,3,1850.59,584.90,65.29,98.57,1,-1,-1,-1
98,5,3.39,853.44,468.19,220.63,1,-1,-1,-1
98,6,1275.23,472.08,187.97,141.76,1,-1,-1,-1
98,7,1356.45,75.91,89.37,57.47,1,-1,-1,-1
98,8,1822.29,566.77,91.21,80.02,1,-1,-1,-1
98,11,385.04,204.71,77.19,37.57,1,-1,-1,-1
99,3,1849.14,584.88,66.75,97.38,1,-1,-1,-1
99,5,3.40,863.09,476.65,210.95,1,-1,-1,-1
99,6,1268.51,464.77,185.81,139.75,1,-1,-1,-1
99,7,1346.52,75.64,93.00,57.06,1,-1,-1,-1
99,8,1823.15,567.48,90.15,79.53,1,-1,-1,-1
99,11,385.04,204.71,77.18,37.57,1,-1,-1,-1
100,3,1847.29,584.77,68.62,96.37,1,-1,-1,-1
100,5,3.41,844.14,492.23,229.88,1,-1,-1,-1
100,6,1261.60,457.46,183.96,137.82,1,-1,-1,-1
100,7,1335.91,75.42,96.57,56.63,1,-1,-1,-1
100,8,1824.00,568.20,89.09,79.04,1,-1,-1,-1
100,11,385.04,204.71,77.17,37.56,1,-1,-1,-1
101,3,1845.73,584.78,70.19,95.38,1,-1,-1,-1
101,5,3.42,785.36,483.22,288.64,1,-1,-1,-1
101,6,1254.43,450.15,182.36,135.96,1,-1,-1,-1
101,7,1324.63,75.25,100.03,56.17,1,-1,-1,-1
101,8,1824.86,568.91,88.04,78.55,1,-1,-1,-1
101,11,385.04,204.71,77.17,37.56,1,-1,-1,-1
102,3,1845.10,585.13,70.83,94.22,1,-1,-1,-1
102,5,3.43,776.62,478.97,297.36,1,-1,-1,-1
102,6,1246.94,442.85,180.97,134.17,1,-1,-1,-1
102,7,1312.71,75.12,103.37,55.68,1,-1,-1,-1
102,8,1825.71,569.62,86.98,78.05,1,-1,-1,-1
102,11,385.04,204.71,77.16,37.56,1,-1,-1,-1
103,3,1845.25,585.72,70.69,93.06,1,-1,-1,-1
103,5,3.44,777.35,477.66,296.60,1,-1,-1,-1
103,6,1239.06,435.57,179.74,132.45,1,-1,-1,-1
103,7,1300.14,75.05,106.58,55.16,1,-1,-1,-1
103,8,1826.57,570.34,85.92,77.56,1,-1,-1,-1
103,11,385.04,204.70,77.16,37.56,1,-1,-1,-1
104,3,1845.79,586.30,70.17,92.15,1,-1,-1,-1
104,5,3.45,779.19,478.95,294.75,1,-1,-1,-1
104,6,1230.76,428.31,178.59,130.78,1,-1,-1,-1
104,7,1286.96,75.02,109.65,54.62,1,-1,-1,-1
104,8,1827.42,571.05,84.87,77.07,1,-1,-1,-1
104,11,385.04,204.70,77.15,37.55,1,-1,-1,-1
105,3,1846.56,586.72,69.41,91.64,1,-1,-1,-1
105,5,3.46,781.12,479.31,292.80,1,-1,-1,-1
105,6,1222.01,421.08,177.46,129.15,1,-1,-1,-1
105,7,1273.16,75.03,112.58,54.05,1,-1,-1,-1
105,8,1828.28,571.77,83.81,76.58,1,-1,-1,-1
105,11,385.04,204.70,77.14,37.55,1,-1,-1,-1
105,15,1448.21,654.77,469.82,382.03,1,-1,-1,-1
106,3,1847.58,586.99,68.40,91.54,1,-1,-1,-1
106,5,3.47,780.47,475.81,293.43,1,-1,-1,-1
106,6,1212.80,413.89,176.30,127.58,1,-1,-1,-1
106,7,1258.75,75.09,115.40,53.46,1,-1,-1,-1
106,8,1829.13,572.48,82.75,76.09,1,-1,-1,-1
106,11,385.04,204.70,77.14,37.55,1,-1,-1,-1
106,15,1435.26,646.74,460.61,373.33,1,-1,-1,-1
107,3,1848.80,587.12,67.19,91.79,1,-1,-1,-1
107,5,3.47,780.32,474.41,293.56,1,-1,-1,-1
107,6,1203.15,406.75,175.05,126.04,1,-1,-1,-1
107,7,1243.75,75.18,118.10,52.85,1,-1,-1,-1
107,8,1829.99,573.19,81.69,75.59,1,-1,-1,-1
107,11,385.04,204.70,77.13,37.54,1,-1,-1,-1
107,15,1422.60,638.62,451.24,364.92,1,-1,-1,-1
108,3,1850.12,587.18,65.89,92.29,1,-1,-1,-1
108,5,3.48,780.06,473.95,293.79,1,-1,-1,-1
108,6,1193.07,399.67,173.67,124.53,1,-1,-1,-1
108,7,1228.19,75.31,120.70,52.21,1,-1,-1,-1
108,8,1830.84,573.91,80.64,75.10,1,-1,-1,-1
108,11,385.04,204.69,77.13,37.54,1,-1,-1,-1
108,15,1410.27,630.43,441.74,356.79,1,-1,-1,-1
109,3,1851.42,587.22,64.60,92.96,1,-1,-1,-1
109,5,3.49,780.02,475.70,293.81,1,-1,-1,-1
109,6,1182.63,392.66,172.15,123.05,1,-1,-1,-1
109,7,1212.10,75.48,123.18,51.56,1,-1,-1,-1
109,8,1831.70,574.62,79.58,74.61,1,-1,-1,-1
109,11,385.04,204.69,77.12,37.54,1,-1,-1,-1
109,15,1398.31,622.18,432.15,348.94,1,-1,-1,-1
110,3,1852.63,587.29,63.40,93.72,1,-1,-1,-1
110,5,3.50,781.02,475.56,292.79,1,-1,-1,-1
110,6,1171.87,385.73,170.46,121.60,1,-1,-1,-1
110,7,1195.53,75.68,125.55,50.89,1,-1,-1,-1
110,8,1832.55,575.34,78.52,74.12,1,-1,-1,-1
110,11,385.04,204.69,77.11,37.54,1,-1,-1,-1
110,15,1386.77,613.91,422.51,341.35,1,-1,-1,-1
111,3,1853.70,587.39,62.34,94.55,1,-1,-1,-1
111,5,3.51,773.18,477.40,300.62,1,-1,-1,-1
111,6,1160.88,378.90,168.63,120.17,1,-1,-1,-1
111,7,1178.54,75.90,127.77,50.20,1,-1,-1,-1
111,8,1833.41,576.05,77.47,73.63,1,-1,-1,-1
111,11,385.04,204.69,77.11,37.53,1,-1,-1,-1
111,15,1375.68,605.65,412.87,334.02,1,-1,-1,-1
112,3,1854.63,587.53,61.42,95.42,1,-1,-1,-1
112,5,3.52,770.01,477.67,303.76,1,-1,-1,-1
112,6,1149.72,372.15,166.66,118.76,1,-1,-1,-1
112,7,1161.22,76.15,129.81,49.50,1,-1,-1,-1
112,8,1834.26,576.76,76.41,73.13,1,-1,-1,-1
112,11,385.04,204.69,77.10,37.53,1,-1,-1,-1
112,15,1365.09,597.41,403.27,326.93,1,-1,-1,-1
113,3,1855.43,587.68,60.64,96.31,1,-1,-1,-1
113,5,3.53,768.71,477.38,305.05,1,-1,-1,-1
113,6,1138.49,365.52,164.58,117.36,1,-1,-1,-1
113,7,1143.67,76.42,131.60,48.80,1,-1,-1,-1
113,8,1835.12,577.48,75.35,72.64,1,-1,-1,-1
113,11,385.04,204.69,77.10,37.53,1,-1,-1,-1
113,15,1355.03,589.23,393.77,320.07,1,-1,-1,-1
114,3,1856.10,587.84,59.98,97.22,1,-1,-1,-1
114,5,3.54,781.35,477.26,292.38,1,-1,-1,-1
114,6,1127.27,359.00,162.43,115.97,1,-1,-1,-1
114,7,1126.01,76.70,133.07,48.08,1,-1,-1,-1
114,8,1835.97,578.19,74.30,72.15,1,-1,-1,-1
114,11,385.04,204.68,77.09,37.52,1,-1,-1,-1
114,15,1345.50,581.14,384.40,313.42,1,-1,-1,-1
115,3,1856.66,588.00,59.43,98.15,1,-1,-1,-1
115,5,3.55,849.28,479.76,224.43,1,-1,-1,-1
115,6,1116.13,352.59,160.23,114.59,1,-1,-1,-1
115,7,1108.39,77.00,134.12,47.37,1,-1,-1,-1
115,8,1836.83,578.91,73.24,71.66,1,-1,-1,-1
115,9,4.23,767.34,294.20,150.03,1,-1,-1,-1
115,11,385.04,204.68,77.08,37.52,1,-1,-1,-1
115,15,1336.54,573.16,375.19,306.96,1,-1,-1,-1
116,3,1857.12,588.14,58.98,99.09,1,-1,-1,-1
116,5,3.56,866.50,470.03,207.18,1,-1,-1,-1
116,6,1105.15,346.31,158.01,113.22,1,-1,-1,-1
116,7,1090.96,77.31,134.62,46.65,1,-1,-1,-1
116,8,1837.68,579.62,72.18,71.17,1,-1,-1,-1
116,9,4.21,767.74,293.14,150.19,1,-1,-1,-1
116,11,385.04,204.68,77.08,37.52,1,-1,-1,-1
116,15,1328.12,565.31,366.18,300.68,1,-1,-1,-1
117,3,1857.49,588.23,58.62,100.06,1,-1,-1,-1
117,5,3.57,861.52,457.26,212.15,1,-1,-1,-1
117,6,1094.41,340.15,155.77,111.87,1,-1,-1,-1
117,7,1073.90,77.62,134.44,45.93,1,-1,-1,-1
117,8,1838.54,580.34,71.13,70.67,1,-1,-1,-1
117,9,4.19,768.14,292.06,149.95,1,-1,-1,-1
117,11,385.04,204.68,77.07,37.52,1,-1,-1,-1
117,15,1320.25,557.59,357.39,294.57,1,-1,-1,-1
118,3,1857.76,588.26,58.37,101.06,1,-1,-1,-1
118,5,3.58,862.92,476.10,210.73,1,-1,-1,-1
118,6,1083.97,334.13,153.52,110.52,1,-1,-1,-1
118,7,1057.42,77.94,133.42,45.21,1,-1,-1,-1
118,8,1839.39,581.05,70.07,70.18,1,-1,-1,-1
118,9,4.17,768.55,290.96,149.29,1,-1,-1,-1
118,11,385.04,204.68,77.07,37.51,1,-1,-1,-1
118,15,1312.91,550.02,348.84,288.63,1,-1,-1,-1
119,3,1857.91,588.20,58.23,102.12,1,-1,-1,-1
119,5,3.59,853.29,466.82,220.33,1,-1,-1,-1
119,6,1073.88,328.23,151.24,109.18,1,-1,-1,-1
119,7,1041.69,78.26,131.41,44.49,1,-1,-1,-1
119,8,1840.25,581.76,69.01,69.69,1,-1,-1,-1
119,9,4.15,768.97,289.83,148.22,1,-1,-1,-1
119,11,385.04,204.67,77.06,37.51,1,-1,-1,-1
119,15,1306.08,542.60,340.54,282.84,1,-1,-1,-1
120,3,1857.93,588.00,58.22,103.26,1,-1,-1,-1
120,5,3.60,842.37,459.03,231.23,1,-1,-1,-1
120,6,1064.21,322.47,148.92,107.85,1,-1,-1,-1
120,7,1026.93,78.57,128.24,43.78,1,-1,-1,-1
120,8,1841.10,582.48,67.95,69.20,1,-1,-1,-1
120,9,4.14,769.38,288.65,146.75,1,-1,-1,-1
120,11,385.04,204.67,77.05,37.51,1,-1,-1,-1
120,15,1299.74,535.34,332.49,277.20,1,-1,-1,-1
121,3,1857.79,587.65,58.37,104.50,1,-1,-1,-1
121,5,3.61,836.86,457.09,236.73,1,-1,-1,-1
121,6,1054.99,316.85,146.55,106.53,1,-1,-1,-1
121,7,1013.29,78.88,123.76,43.08,1,-1,-1,-1
121,9,4.12,769.80,287.43,144.94,1,-1,-1,-1
121,11,385.04,204.67,77.05,37.50,1,-1,-1,-1
121,15,1293.85,528.22,324.71,271.69,1,-1,-1,-1
122,3,1857.46,587.10,58.71,105.86,1,-1,-1,-1
122,5,3.62,835.46,456.46,238.10,1,-1,-1,-1
122,6,1046.29,311.36,144.09,105.23,1,-1,-1,-1
122,7,1000.94,79.18,117.87,42.39,1,-1,-1,-1
122,9,4.10,770.22,286.15,142.86,1,-1,-1,-1
122,11,385.05,204.67,77.04,37.50,1,-1,-1,-1
122,15,1288.38,521.25,317.18,266.33,1,-1,-1,-1
123,3,1856.93,586.39,59.25,107.34,1,-1,-1,-1
123,5,3.62,837.40,455.98,236.15,1,-1,-1,-1
123,6,1038.13,306.00,141.54,103.94,1,-1,-1,-1
123,7,989.96,79.47,110.49,41.71,1,-1,-1,-1
123,9,4.08,770.63,284.81,140.60,1,-1,-1,-1
123,11,385.05,204.67,77.04,37.50,1,-1,-1,-1
123,15,1283.31,514.42,309.92,261.09,1,-1,-1,-1
124,3,1856.22,585.56,59.98,108.85,1,-1,-1,-1
124,5,3.63,843.18,455.25,230.35,1,-1,-1,-1
124,6,1030.57,300.78,138.89,102.67,1,-1,-1,-1
124,7,980.38,79.75,101.61,41.03,1,-1,-1,-1
124,9,4.07,771.04,283.42,138.24,1,-1,-1,-1
124,11,385.05,204.67,77.03,37.50,1,-1,-1,-1
124,15,1278.59,507.70,302.92,255.99,1,-1,-1,-1
125,3,1855.38,584.77,60.83,110.26,1,-1,-1,-1
125,5,3.64,849.34,453.43,224.16,1,-1,-1,-1
125,6,1023.64,295.68,136.14,101.42,1,-1,-1,-1
125,7,972.19,80.02,91.27,40.37,1,-1,-1,-1
125,9,4.05,771.44,281.97,135.87,1,-1,-1,-1
125,11,385.05,204.66,77.02,37.49,1,-1,-1,-1
125,15,1274.19,501.10,296.20,251.01,1,-1,-1,-1
126,3,1854.57,584.19,61.65,111.40,1,-1,-1,-1
126,5,3.65,840.37,450.37,233.11,1,-1,-1,-1
126,6,1017.35,290.72,133.32,100.18,1,-1,-1,-1
126,7,965.31,80.26,79.58,39.72,1,-1,-1,-1
126,9,4.03,771.83,280.46,133.56,1,-1,-1,-1
126,11,385.05,204.66,77.02,37.49,1,-1,-1,-1
126,15,1270.08,494.60,289.76,246.15,1,-1,-1,-1
127,3,1854.01,583.91,62.22,112.18,1,-1,-1,-1
127,5,3.66,804.94,451.99,268.52,1,-1,-1,-1
127,6,1011.74,285.88,130.45,98.96,1,-1,-1,-1
127,7,959.64,80.49,66.64,39.09,1,-1,-1,-1
127,9,4.01,772.21,278.91,131.39,1,-1,-1,-1
127,11,385.05,204.66,77.01,37.49,1,-1,-1,-1
127,15,1266.21,488.17,283.60,241.40,1,-1,-1,-1
128,3,1853.87,584.01,62.37,112.56,1,-1,-1,-1
128,5,3.67,790.53,460.31,282.91,1,-1,-1,-1
128,6,1006.79,281.16,127.59,97.77,1,-1,-1,-1
128,9,3.99,772.57,277.31,129.39,1,-1,-1,-1
128,11,385.05,204.66,77.01,37.48,1,-1,-1,-1
128,15,1262.54,481.81,277.75,236.78,1,-1,-1,-1
129,3,1854.26,584.51,62.00,112.51,1,-1,-1,-1
129,5,3.68,848.48,456.48,224.94,1,-1,-1,-1
129,6,1002.51,276.57,124.78,96.60,1,-1,-1,-1
129,9,3.98,772.92,275.69,127.61,1,-1,-1,-1
129,11,385.05,204.66,77.00,37.48,1,-1,-1,-1
129,15,1259.04,475.50,272.18,232.28,1,-1,-1,-1
130,3,1855.19,585.44,61.08,112.02,1,-1,-1,-1
130,5,3.69,862.38,453.63,211.02,1,-1,-1,-1
130,6,998.86,272.09,122.07,95.46,1,-1,-1,-1
130,9,3.96,773.25,274.04,126.06,1,-1,-1,-1
130,11,385.05,204.65,76.99,37.48,1,-1,-1,-1
130,15,1255.66,469.20,266.92,227.91,1,-1,-1,-1
131,5,3.70,846.84,452.83,226.54,1,-1,-1,-1
131,6,995.82,267.73,119.52,94.34,1,-1,-1,-1
131,9,3.94,773.56,272.40,124.75,1,-1,-1,-1
131,11,385.05,204.65,76.99,37.47,1,-1,-1,-1
131,15,1252.37,462.92,261.94,223.66,1,-1,-1,-1
132,5,3.71,835.40,452.37,237.96,1,-1,-1,-1
132,6,993.33,263.49,117.17,93.25,1,-1,-1,-1
132,9,3.92,773.86,270.77,123.68,1,-1,-1,-1
132,11,385.05,204.65,76.98,37.47,1,-1,-1,-1
132,15,1249.14,456.61,257.23,219.55,1,-1,-1,-1
133,5,3.72,830.20,451.96,243.14,1,-1,-1,-1
133,6,991.34,259.35,115.04,92.18,1,-1,-1,-1
133,9,3.90,774.13,269.16,122.83,1,-1,-1,-1
133,11,385.05,204.65,76.98,37.47,1,-1,-1,-1
133,15,1245.93,450.28,252.78,215.58,1,-1,-1,-1
134,5,3.73,827.94,451.55,245.37,1,-1,-1,-1
134,6,989.79,255.31,113.16,91.14,1,-1,-1,-1
134,9,3.89,774.38,267.61,122.17,1,-1,-1,-1
134,11,385.05,204.65,76.97,37.47,1,-1,-1,-1
134,15,1242.73,443.90,248.55,211.74,1,-1,-1,-1
135,5,3.74,826.39,451.15,246.91,1,-1,-1,-1
135,6,988.62,251.38,111.51,90.13,1,-1,-1,-1
135,9,3.87,774.62,266.10,121.69,1,-1,-1,-1
135,11,385.05,204.65,76.96,37.46,1,-1,-1,-1
135,15,1239.51,437.47,244.53,208.04,1,-1,-1,-1
136,5,3.75,823.81,450.78,249.46,1,-1,-1,-1
136,6,987.75,247.54,110.08,89.15,1,-1,-1,-1
136,9,3.85,774.83,264.67,121.33,1,-1,-1,-1
136,11,385.05,204.64,76.96,37.46,1,-1,-1,-1
136,15,1236.25,430.97,240.67,204.47,1,-1,-1,-1
137,5,3.76,817.50,450.62,255.76,1,-1,-1,-1
137,6,987.13,243.81,108.85,88.19,1,-1,-1,-1
137,9,3.83,775.03,263.33,121.08,1,-1,-1,-1
137,11,385.05,204.64,76.95,37.46,1,-1,-1,-1
137,15,1232.96,424.41,236.94,201.03,1,-1,-1,-1
138,5,3.76,802.81,451.55,270.43,1,-1,-1,-1
138,6,986.70,240.16,107.77,87.26,1,-1,-1,-1
138,9,3.81,775.21,262.08,120.89,1,-1,-1,-1
138,11,385.05,204.64,76.95,37.45,1,-1,-1,-1
138,15,1229.62,417.78,233.30,197.72,1,-1,-1,-1
139,5,3.77,779.81,454.30,293.41,1,-1,-1,-1
139,6,986.42,236.61,106.81,86.35,1,-1,-1,-1
139,9,3.80,775.38,260.93,120.75,1,-1,-1,-1
139,11,385.05,204.64,76.94,37.45,1,-1,-1,-1
139,15,1226.22,411.09,229.74,194.53,1,-1,-1,-1
140,5,3.78,785.47,450.15,287.72,1,-1,-1,-1
140,6,986.25,233.14,105.92,85.47,1,-1,-1,-1
140,9,3.78,775.53,259.89,120.62,1,-1,-1,-1
140,11,385.05,204.64,76.93,37.45,1,-1,-1,-1
140,15,1222.77,404.34,226.24,191.45,1,-1,-1,-1
141,5,3.79,837.61,434.45,235.56,1,-1,-1,-1
141,6,986.15,229.75,105.06,84.61,1,-1,-1,-1
141,9,3.76,775.66,258.98,120.48,1,-1,-1,-1
141,11,385.05,204.63,76.93,37.45,1,-1,-1,-1
141,15,1219.27,397.54,222.78,188.48,1,-1,-1,-1
142,5,3.80,818.33,445.77,254.82,1,-1,-1,-1
142,6,986.13,226.45,104.20,83.77,1,-1,-1,-1
142,9,3.74,775.78,258.18,120.33,1,-1,-1,-1
142,11,385.05,204.63,76.92,37.44,1,-1,-1,-1
142,15,1215.72,390.69,219.36,185.62,1,-1,-1,-1
143,5,3.81,824.87,426.68,248.26,1,-1,-1,-1
143,6,986.17,223.22,103.33,82.95,1,-1,-1,-1
143,9,3.72,775.88,257.51,120.15,1,-1,-1,-1
143,11,385.05,204.63,76.92,37.44,1,-1,-1,-1
143,15,1212.13,383.82,216.00,182.85,1,-1,-1,-1
144,5,3.82,829.50,438.85,243.61,1,-1,-1,-1
144,6,986.28,220.07,102.43,82.15,1,-1,-1,-1
144,9,3.71,775.97,256.96,119.96,1,-1,-1,-1
144,11,385.05,204.63,76.91,37.44,1,-1,-1,-1
144,15,1208.49,376.93,212.71,180.16,1,-1,-1,-1
145,5,3.83,819.08,449.66,254.01,1,-1,-1,-1
145,6,986.48,216.98,101.53,81.37,1,-1,-1,-1
145,9,3.69,776.04,256.52,119.75,1,-1,-1,-1
145,11,385.05,204.63,76.90,37.43,1,-1,-1,-1
145,15,1204.83,370.04,209.49,177.54,1,-1,-1,-1
146,5,3.84,814.15,446.15,258.91,1,-1,-1,-1
146,6,986.80,213.97,100.64,80.60,1,-1,-1,-1
146,9,3.67,776.11,256.20,119.55,1,-1,-1,-1
146,11,385.05,204.63,76.90,37.43,1,-1,-1,-1
146,15,1201.14,363.17,206.35,175.00,1,-1,-1,-1
147,5,3.85,828.77,441.99,244.28,1,-1,-1,-1
147,6,987.25,211.02,99.79,79.85,1,-1,-1,-1
147,9,3.65,776.16,255.98,119.36,1,-1,-1,-1
147,11,385.05,204.62,76.89,37.43,1,-1,-1,-1
147,15,1197.46,356.34,203.30,172.52,1,-1,-1,-1
148,5,3.86,826.54,459.54,246.48,1,-1,-1,-1
148,6,987.87,208.13,99.03,79.11,1,-1,-1,-1
148,9,3.63,776.21,255.85,119.19,1,-1,-1,-1
148,11,385.05,204.62,76.89,37.43,1,-1,-1,-1
148,15,1193.77,349.54,200.36,170.11,1,-1,-1,-1
149,5,3.87,860.26,437.62,212.74,1,-1,-1,-1
149,6,988.69,205.30,98.37,78.39,1,-1,-1,-1
149,9,3.62,776.25,255.79,119.05,1,-1,-1,-1
149,11,385.05,204.62,76.88,37.42,1,-1,-1,-1
149,15,1190.11,342.81,197.51,167.75,1,-1,-1,-1
150,5,3.88,849.80,453.47,223.18,1,-1,-1,-1
150,6,989.75,202.53,97.85,77.68,1,-1,-1,-1
150,9,3.60,776.29,255.80,118.96,1,-1,-1,-1
150,11,385.05,204.62,76.87,37.42,1,-1,-1,-1
150,15,1186.47,336.13,194.76,165.46,1,-1,-1,-1
151,5,3.89,816.15,447.24,256.81,1,-1,-1,-1
151,6,991.08,199.81,97.47,76.98,1,-1,-1,-1
151,9,3.58,776.32,255.86,118.91,1,-1,-1,-1
151,10,1381.31,29.33,102.71,88.83,1,-1,-1,-1
151,11,385.05,204.62,76.87,37.42,1,-1,-1,-1
151,15,1182.87,329.54,192.09,163.23,1,-1,-1,-1
152,5,3.90,810.98,442.40,261.97,1,-1,-1,-1
152,6,992.70,197.15,97.22,76.29,1,-1,-1,-1
152,9,3.56,776.35,255.96,118.90,1,-1,-1,-1
152,10,1373.34,29.78,109.70,89.44,1,-1,-1,-1
152,11,385.05,204.61,76.86,37.41,1,-1,-1,-1
152,15,1179.31,323.02,189.49,161.07,1,-1,-1,-1
153,5,3.90,807.62,440.54,265.30,1,-1,-1,-1
153,6,994.63,194.54,97.09,75.61,1,-1,-1,-1
153,9,3.54,776.38,256.08,118.93,1,-1,-1,-1
153,10,1365.37,30.20,116.42,90.07,1,-1,-1,-1
153,11,385.05,204.61,76.86,37.41,1,-1,-1,-1
153,15,1175.80,316.59,186.94,158.97,1,-1,-1,-1
154,5,3.91,806.74,439.37,266.16,1,-1,-1,-1
154,6,996.90,191.97,97.06,74.94,1,-1,-1,-1
154,9,3.53,776.41,256.22,119.00,1,-1,-1,-1
154,10,1357.42,30.61,122.78,90.71,1,-1,-1,-1
154,11,385.05,204.61,76.85,37.41,1,-1,-1,-1
154,15,1172.35,310.27,184.43,156.94,1,-1,-1,-1
155,5,3.92,827.58,441.72,245.30,1,-1,-1,-1
155,6,999.52,189.45,97.11,74.27,1,-1,-1,-1
155,9,3.51,776.44,256.36,119.08,1,-1,-1,-1
155,10,1349.48,31.00,128.72,91.37,1,-1,-1,-1
155,11,385.05,204.61,76.85,37.41,1,-1,-1,-1
155,12,1855.20,585.85,61.84,108.51,1,-1,-1,-1
155,13,1807.26,553.32,107.86,90.66,1,-1,-1,-1
155,15,1168.96,304.06,181.95,154.95,1,-1,-1,-1
156,5,3.93,831.25,440.25,241.61,1,-1,-1,-1
156,6,1002.50,186.98,97.22,73.62,1,-1,-1,-1
156,9,3.49,776.47,256.51,119.16,1,-1,-1,-1
156,10,1341.58,31.37,134.15,92.04,1,-1,-1,-1
156,11,385.05,204.61,76.84,37.40,1,-1,-1,-1
156,12,1855.16,585.89,61.87,108.43,1,-1,-1,-1
156,13,1807.90,553.94,107.22,90.59,1,-1,-1,-1
156,15,1165.64,297.97,179.49,153.02,1,-1,-1,-1
157,5,3.94,808.81,437.69,264.03,1,-1,-1,-1
157,6,1005.84,184.55,97.38,72.97,1,-1,-1,-1
157,9,3.47,776.50,256.65,119.22,1,-1,-1,-1
157,10,1333.73,31.73,139.00,92.71,1,-1,-1,-1
157,11,385.05,204.61,76.83,37.40,1,-1,-1,-1
157,12,1855.13,585.94,61.90,108.34,1,-1,-1,-1
157,13,1808.47,554.50,106.66,90.52,1,-1,-1,-1
157,15,1162.40,292.02,177.04,151.12,1,-1,-1,-1
158,5,3.95,806.12,440.63,266.70,1,-1,-1,-1
158,6,1009.55,182.16,97.57,72.33,1,-1,-1,-1
158,9,3.46,776.54,256.80,119.23,1,-1,-1,-1
158,10,1325.94,32.08,143.22,93.40,1,-1,-1,-1
158,11,385.05,204.60,76.83,37.40,1,-1,-1,-1
158,12,1855.09,585.99,61.92,108.26,1,-1,-1,-1
158,13,1808.95,554.98,106.18,90.46,1,-1,-1,-1
158,15,1159.24,286.22,174.61,149.25,1,-1,-1,-1
159,5,3.96,811.66,441.60,261.14,1,-1,-1,-1
159,6,1013.64,179.81,97.78,71.69,1,-1,-1,-1
159,9,3.44,776.57,256.94,119.17,1,-1,-1,-1
159,10,1318.24,32.43,146.75,94.10,1,-1,-1,-1
159,11,385.05,204.60,76.82,37.39,1,-1,-1,-1
159,12,1855.06,586.04,61.95,108.17,1,-1,-1,-1
159,13,1809.38,555.41,105.76,90.41,1,-1,-1,-1
159,15,1156.16,280.57,172.20,147.39,1,-1,-1,-1
160,5,3.97,816.11,440.73,256.67,1,-1,-1,-1
160,6,1018.09,177.49,98.03,71.06,1,-1,-1,-1
160,9,3.42,776.61,257.09,119.06,1,-1,-1,-1
160,10,1310.63,32.77,149.60,94.81,1,-1,-1,-1
160,11,385.05,204.60,76.82,37.39,1,-1,-1,-1
160,12,1855.02,586.08,61.98,108.09,1,-1,-1,-1
160,13,1809.77,555.79,105.37,90.33,1,-1,-1,-1
160,15,1153.17,275.09,169.81,145.55,1,-1,-1,-1
161,5,3.98,834.08,426.60,238.68,1,-1,-1,-1
161,6,1022.90,175.22,98.29,70.45,1,-1,-1,-1
161,9,3.40,776.64,257.23,118.89,1,-1,-1,-1
161,10,1303.13,33.11,151.75,95.52,1,-1,-1,-1
161,11,385.05,204.60,76.81,37.39,1,-1,-1,-1
161,12,1854.99,586.13,62.01,108.00,1,-1,-1,-1
161,13,1810.16,556.18,104.99,90.19,1,-1,-1,-1
161,15,1150.27,269.77,167.44,143.71,1,-1,-1,-1
162,5,3.99,826.73,425.15,246.01,1,-1,-1,-1
162,6,1028.08,172.98,98.57,69.84,1,-1,-1,-1
162,9,3.38,776.68,257.39,118.68,1,-1,-1,-1
162,10,1295.77,33.45,153.26,96.25,1,-1,-1,-1
162,11,385.05,204.60,76.80,37.39,1,-1,-1,-1
162,12,1854.96,586.18,62.04,107.92,1,-1,-1,-1
162,13,1810.56,556.61,104.59,89.95,1,-1,-1,-1
162,15,1147.47,264.61,165.09,141.88,1,-1,-1,-1
163,5,4.00,821.27,426.57,251.45,1,-1,-1,-1
163,6,1033.60,170.78,98.86,69.24,1,-1,-1,-1
163,9,3.37,776.71,257.56,118.49,1,-1,-1,-1
163,10,1288.55,33.79,154.16,96.98,1,-1,-1,-1
163,11,385.05,204.59,76.80,37.38,1,-1,-1,-1
163,12,1854.92,586.23,62.06,107.83,1,-1,-1,-1
163,13,1811.01,557.07,104.15,89.61,1,-1,-1,-1
163,15,1144.76,259.60,162.75,140.05,1,-1,-1,-1
164,5,4.01,831.24,429.16,241.45,1,-1,-1,-1
164,6,1039.46,168.61,99.15,68.65,1,-1,-1,-1
164,9,3.35,776.74,257.74,118.33,1,-1,-1,-1
164,10,1281.48,34.14,154.53,97.71,1,-1,-1,-1
164,11,385.05,204.59,76.79,37.38,1,-1,-1,-1
164,12,1854.89,586.27,62.09,107.75,1,-1,-1,-1
164,13,1811.48,557.56,103.68,89.18,1,-1,-1,-1
164,15,1142.16,254.74,160.43,138.24,1,-1,-1,-1
165,5,4.02,830.41,429.16,242.26,1,-1,-1,-1
165,6,1045.64,166.46,99.41,68.07,1,-1,-1,-1
165,9,3.33,776.76,257.94,118.26,1,-1,-1,-1
165,10,1274.57,34.49,154.43,98.46,1,-1,-1,-1
165,11,385.05,204.59,76.79,37.38,1,-1,-1,-1
165,12,1854.85,586.32,62.12,107.66,1,-1,-1,-1
165,13,1811.94,558.03,103.22,88.71,1,-1,-1,-1
165,15,1139.66,250.02,158.12,136.45,1,-1,-1,-1
166,5,4.03,823.74,430.50,248.91,1,-1,-1,-1
166,6,1052.13,164.35,99.63,67.51,1,-1,-1,-1
166,9,3.31,776.78,258.16,118.33,1,-1,-1,-1
166,10,1267.81,34.86,153.97,99.21,1,-1,-1,-1
166,11,385.05,204.59,76.78,37.37,1,-1,-1,-1
166,12,1854.82,586.37,62.15,107.58,1,-1,-1,-1
166,13,1812.35,558.41,102.82,88.26,1,-1,-1,-1
166,15,1137.25,245.42,155.83,134.68,1,-1,-1,-1
167,5,4.04,823.63,427.33,249.01,1,-1,-1,-1
167,6,1058.91,162.27,99.80,66.96,1,-1,-1,-1
167,9,3.29,776.80,258.40,118.58,1,-1,-1,-1
167,10,1261.19,35.23,153.23,99.98,1,-1,-1,-1
167,11,385.05,204.59,76.77,37.37,1,-1,-1,-1
167,12,1854.78,586.42,62.17,107.49,1,-1,-1,-1
167,13,1812.60,558.59,102.57,87.95,1,-1,-1,-1
167,15,1134.94,240.95,153.55,132.94,1,-1,-1,-1
168,5,4.05,826.15,425.19,246.46,1,-1,-1,-1
168,6,1065.96,160.22,99.89,66.43,1,-1,-1,-1
168,9,3.28,776.81,258.65,119.08,1,-1,-1,-1
168,10,1254.69,35.61,152.31,100.75,1,-1,-1,-1
168,11,385.05,204.59,76.77,37.37,1,-1,-1,-1
168,12,1854.75,586.46,62.20,107.41,1,-1,-1,-1
168,13,1812.63,558.48,102.55,87.88,1,-1,-1,-1
168,15,1132.72,236.59,151.30,131.22,1,-1,-1,-1
169,5,4.05,831.67,422.78,240.93,1,-1,-1,-1
169,6,1073.25,158.20,99.90,65.91,1,-1,-1,-1
169,9,3.26,776.82,258.92,119.90,1,-1,-1,-1
169,10,1248.28,36.01,151.29,101.53,1,-1,-1,-1
169,11,385.05,204.58,76.76,37.37,1,-1,-1,-1
169,12,1854.71,586.51,62.23,107.32,1,-1,-1,-1
169,13,1812.41,558.06,102.77,88.07,1,-1,-1,-1
169,15,1130.58,232.34,149.07,129.53,1,-1,-1,-1
170,5,4.06,801.04,437.23,271.53,1,-1,-1,-1
170,6,1080.78,156.21,99.81,65.41,1,-1,-1,-1
170,9,3.24,776.83,259.19,121.12,1,-1,-1,-1
170,10,1241.91,36.42,150.28,102.33,1,-1,-1,-1
170,11,385.05,204.58,76.76,37.36,1,-1,-1,-1
170,12,1854.68,586.56,62.26,107.24,1,-1,-1,-1
170,13,1812.00,557.46,103.19,88.41,1,-1,-1,-1
170,15,1128.53,228.20,146.89,127.86,1,-1,-1,-1
171,5,4.07,776.07,448.66,296.49,1,-1,-1,-1
171,6,1088.50,154.24,99.62,64.92,1,-1,-1,-1
171,9,3.22,776.84,259.46,122.84,1,-1,-1,-1
171,10,1235.55,36.84,149.33,103.14,1,-1,-1,-1
171,11,385.05,204.58,76.75,37.36,1,-1,-1,-1
171,12,1854.64,586.61,62.29,107.15,1,-1,-1,-1
171,13,1811.49,556.82,103.70,88.77,1,-1,-1,-1
171,15,1126.57,224.17,144.74,126.21,1,-1,-1,-1
172,5,4.08,794.84,443.61,277.69,1,-1,-1,-1
172,6,1096.39,152.31,99.32,64.46,1,-1,-1,-1
172,9,3.20,776.85,259.73,125.20,1,-1,-1,-1
172,10,1229.16,37.27,148.53,103.96,1,-1,-1,-1
172,11,385.05,204.58,76.74,37.36,1,-1,-1,-1
172,12,1854.61,586.65,62.31,107.07,1,-1,-1,-1
172,13,1810.98,556.26,104.21,89.06,1,-1,-1,-1
172,15,1124.71,220.24,142.63,124.57,1,-1,-1,-1
173,5,4.09,820.63,428.59,251.87,1,-1,-1,-1
173,6,1104.44,150.40,98.92,64.01,1,-1,-1,-1
173,9,3.19,776.87,259.97,128.32,1,-1,-1,-1
173,10,1222.68,37.72,147.92,104.80,1,-1,-1,-1
173,11,385.05,204.58,76.74,37.35,1,-1,-1,-1
173,12,1854.57,586.70,62.34,106.99,1,-1,-1,-1
173,13,1810.53,555.81,104.67,89.26,1,-1,-1,-1
173,15,1122.98,216.42,140.56,122.95,1,-1,-1,-1
174,5,4.10,821.33,440.42,251.16,1,-1,-1,-1
174,6,1112.61,148.52,98.43,63.57,1,-1,-1,-1
174,9,3.17,776.90,260.20,132.33,1,-1,-1,-1
174,10,1216.07,38.19,147.57,105.66,1,-1,-1,-1
174,11,385.05,204.58,76.73,37.35,1,-1,-1,-1
174,12,1854.54,586.75,62.37,106.90,1,-1,-1,-1
174,13,1810.19,555.48,105.01,89.37,1,-1,-1,-1
174,15,1121.39,212.71,138.50,121.33,1,-1,-1,-1
175,5,4.11,869.89,436.90,202.57,1,-1,-1,-1
175,6,1120.88,146.67,97.89,63.16,1,-1,-1,-1
175,9,3.15,776.93,260.39,137.31,1,-1,-1,-1
175,10,1209.28,38.67,147.49,106.53,1,-1,-1,-1
175,11,385.05,204.57,76.73,37.35,1,-1,-1,-1
175,12,1854.50,586.79,62.40,106.82,1,-1,-1,-1
175,13,1809.99,555.24,105.22,89.45,1,-1,-1,-1
175,14,1653.00,827.29,259.75,251.53,1,-1,-1,-1
175,15,1119.97,209.10,136.47,119.73,1,-1,-1,-1
176,5,4.12,878.77,421.41,193.68,1,-1,-1,-1
176,6,1129.23,144.85,97.31,62.76,1,-1,-1,-1
176,9,3.13,776.99,260.54,143.37,1,-1,-1,-1
176,10,1202.26,39.18,147.72,107.42,1,-1,-1,-1
176,11,385.05,204.57,76.72,37.35,1,-1,-1,-1
176,12,1854.47,586.84,62.42,106.73,1,-1,-1,-1
176,13,1809.92,555.05,105.29,89.54,1,-1,-1,-1
176,14,1646.99,817.53,267.53,260.40,1,-1,-1,-1
176,15,1118.75,205.59,134.46,118.13,1,-1,-1,-1
177,6,1137.65,143.06,96.75,62.38,1,-1,-1,-1
177,9,3.11,777.06,260.64,150.53,1,-1,-1,-1
177,10,1194.97,39.70,148.26,108.32,1,-1,-1,-1
177,11,385.05,204.57,76.71,37.34,1,-1,-1,-1
177,12,1854.44,586.89,62.45,106.65,1,-1,-1,-1
177,13,1810.00,554.89,105.22,89.67,1,-1,-1,-1
177,14,1640.92,807.81,275.39,268.93,1,-1,-1,-1
177,15,1117.75,202.18,132.46,116.54,1,-1,-1,-1
178,6,1146.10,141.30,96.23,62.01,1,-1,-1,-1
178,9,3.10,777.16,260.68,158.77,1,-1,-1,-1
178,10,1187.37,40.25,149.14,109.24,1,-1,-1,-1
178,11,385.05,204.57,76.71,37.34,1,-1,-1,-1
178,12,1854.40,586.94,62.48,106.56,1,-1,-1,-1
178,13,1810.22,554.75,105.00,89.87,1,-1,-1,-1
178,14,1634.79,798.13,283.30,277.02,1,-1,-1,-1
178,15,1117.00,198.87,130.50,114.96,1,-1,-1,-1
179,6,1154.57,139.56,95.79,61.66,1,-1,-1,-1
179,9,3.08,777.28,260.64,168.00,1,-1,-1,-1
179,10,1179.45,40.83,150.34,110.17,1,-1,-1,-1
179,11,385.05,204.57,76.70,37.34,1,-1,-1,-1
179,12,1854.37,586.98,62.51,106.48,1,-1,-1,-1
179,13,1810.59,554.63,104.63,90.12,1,-1,-1,-1
179,14,1628.60,788.49,291.25,284.59,1,-1,-1,-1
179,15,1116.53,195.65,128.58,113.40,1,-1,-1,-1
180,6,1163.05,137.86,95.46,61.32,1,-1,-1,-1
180,9,3.06,777.44,260.51,178.04,1,-1,-1,-1
180,10,1171.16,41.42,151.85,111.11,1,-1,-1,-1
180,11,385.05,204.56,76.70,37.33,1,-1,-1,-1
180,12,1854.33,587.03,62.54,106.39,1,-1,-1,-1
180,13,1811.11,554.59,104.12,90.37,1,-1,-1,-1
180,14,1622.35,778.91,299.19,291.53,1,-1,-1,-1
180,15,1116.36,192.51,126.73,111.87,1,-1,-1,-1
181,6,1171.52,136.19,95.27,60.99,1,-1,-1,-1
181,9,3.04,777.64,260.27,188.66,1,-1,-1,-1
181,10,1162.49,42.05,153.65,112.07,1,-1,-1,-1
181,11,385.05,204.56,76.69,37.33,1,-1,-1,-1
181,12,1854.30,587.08,62.56,106.31,1,-1,-1,-1
181,13,1811.77,554.70,103.46,90.54,1,-1,-1,-1
181,14,1616.05,769.39,307.06,297.76,1,-1,-1,-1
181,15,1116.52,189.45,124.98,110.36,1,-1,-1,-1
182,6,1179.97,134.56,95.22,60.67,1,-1,-1,-1
182,9,3.02,777.89,259.93,199.58,1,-1,-1,-1
182,10,1153.44,42.70,155.74,113.03,1,-1,-1,-1
182,11,385.05,204.56,76.68,37.33,1,-1,-1,-1
182,12,1854.26,587.13,62.59,106.22,1,-1,-1,-1
182,13,1812.55,555.02,102.69,90.58,1,-1,-1,-1
182,14,1609.66,759.93,314.78,303.19,1,-1,-1,-1
182,15,1117.02,186.48,123.36,108.89,1,-1,-1,-1
183,6,1188.39,132.95,95.32,60.36,1,-1,-1,-1
183,9,3.01,778.18,259.47,210.53,1,-1,-1,-1
183,10,1144.00,43.38,158.08,114.00,1,-1,-1,-1
183,11,385.05,204.56,76.68,37.33,1,-1,-1,-1
183,12,1854.23,587.17,62.62,106.14,1,-1,-1,-1
183,13,1813.40,555.59,101.84,90.41,1,-1,-1,-1
183,14,1603.19,750.55,322.27,307.75,1,-1,-1,-1
183,15,1117.89,183.57,121.90,107.45,1,-1,-1,-1
184,6,1196.78,131.37,95.54,60.06,1,-1,-1,-1
184,9,2.99,778.52,258.87,221.24,1,-1,-1,-1
184,10,1134.16,44.09,160.66,114.97,1,-1,-1,-1
184,11,385.05,204.56,76.67,37.32,1,-1,-1,-1
184,12,1854.19,587.22,62.65,106.05,1,-1,-1,-1
184,13,1814.28,556.40,100.96,90.05,1,-1,-1,-1
184,14,1596.62,741.26,329.41,311.38,1,-1,-1,-1
184,15,1119.14,180.74,120.62,106.06,1,-1,-1,-1
185,6,1205.13,129.82,95.86,59.76,1,-1,-1,-1
185,9,2.97,778.91,258.14,231.45,1,-1,-1,-1
185,10,1123.93,44.83,163.45,115.94,1,-1,-1,-1
185,11,385.05,204.56,76.67,37.32,1,-1,-1,-1
185,12,1854.16,587.27,62.67,105.97,1,-1,-1,-1
185,13,1815.13,557.40,100.12,89.51,1,-1,-1,-1
185,14,1589.91,732.05,336.09,314.03,1,-1,-1,-1
185,15,1120.80,177.97,119.54,104.71,1,-1,-1,-1
186,6,1213.43,128.30,96.23,59.46,1,-1,-1,-1
186,9,2.95,779.35,257.26,240.97,1,-1,-1,-1
186,10,1113.33,45.59,166.42,116.91,1,-1,-1,-1
186,11,385.05,204.55,76.66,37.32,1,-1,-1,-1
186,12,1854.12,587.32,62.70,105.88,1,-1,-1,-1
186,13,1815.89,558.49,99.37,88.90,1,-1,-1,-1
186,14,1583.05,722.93,342.19,315.68,1,-1,-1,-1
186,15,1122.88,175.27,118.67,103.42,1,-1,-1,-1
187,6,1221.70,126.81,96.59,59.17,1,-1,-1,-1
187,9,2.93,779.84,256.23,249.66,1,-1,-1,-1
187,10,1102.37,46.39,169.55,117.87,1,-1,-1,-1
187,11,385.05,204.55,76.65,37.31,1,-1,-1,-1
187,12,1854.09,587.36,62.73,105.80,1,-1,-1,-1
187,13,1816.48,559.52,98.78,88.33,1,-1,-1,-1
187,14,1576.02,713.92,347.57,316.30,1,-1,-1,-1
187,15,1125.41,172.62,118.01,102.19,1,-1,-1,-1
188,6,1229.93,125.35,96.88,58.88,1,-1,-1,-1
188,9,2.92,780.38,255.05,257.38,1,-1,-1,-1
188,10,1091.06,47.22,172.81,118.83,1,-1,-1,-1
188,11,385.05,204.55,76.65,37.31,1,-1,-1,-1
188,12,1854.05,587.41,62.76,105.71,1,-1,-1,-1
188,13,1816.90,560.38,98.37,87.89,1,-1,-1,-1
188,14,1568.80,705.01,352.11,315.91,1,-1,-1,-1
188,15,1128.40,170.03,117.56,101.01,1,-1,-1,-1
189,6,1238.12,123.91,97.03,58.58,1,-1,-1,-1
189,9,2.90,780.97,253.70,264.07,1,-1,-1,-1
189,10,1079.42,48.08,176.17,119.78,1,-1,-1,-1
189,11,385.05,204.55,76.64,37.31,1,-1,-1,-1
189,12,1854.02,587.46,62.79,105.63,1,-1,-1,-1
189,13,1817.19,561.08,98.07,87.56,1,-1,-1,-1
189,14,1561.39,696.22,355.70,314.53,1,-1,-1,-1
189,15,1131.86,167.49,117.30,99.90,1,-1,-1,-1
190,6,1246.28,122.50,96.99,58.28,1,-1,-1,-1
190,9,2.88,781.60,252.19,269.67,1,-1,-1,-1
190,10,1067.48,48.97,179.60,120.71,1,-1,-1,-1
190,11,385.05,204.55,76.64,37.31,1,-1,-1,-1
190,12,1853.98,587.51,62.81,105.54,1,-1,-1,-1
190,13,1817.45,561.67,97.83,87.24,1,-1,-1,-1
190,14,1553.78,687.53,358.22,312.24,1,-1,-1,-1
190,15,1135.80,164.99,117.19,98.85,1,-1,-1,-1
191,6,1254.39,121.12,96.69,57.98,1,-1,-1,-1
191,9,2.86,782.28,250.50,274.13,1,-1,-1,-1
191,10,1055.26,49.89,183.06,121.63,1,-1,-1,-1
191,11,385.05,204.54,76.63,37.30,1,-1,-1,-1
191,12,1853.95,587.55,62.84,105.46,1,-1,-1,-1
191,13,1817.68,562.18,97.59,86.92,1,-1,-1,-1
191,14,1545.96,678.97,359.58,309.10,1,-1,-1,-1
191,15,1140.23,162.53,117.22,97.86,1,-1,-1,-1
192,6,1262.47,119.76,96.13,57.67,1,-1,-1,-1
192,9,2.85,783.00,248.63,277.47,1,-1,-1,-1
192,10,1042.79,50.84,186.51,122.53,1,-1,-1,-1
192,11,385.05,204.54,76.62,37.30,1,-1,-1,-1
192,12,1853.91,587.60,62.87,105.37,1,-1,-1,-1
192,13,1817.88,562.54,97.40,86.62,1,-1,-1,-1
192,14,1537.96,670.53,359.73,305.21,1,-1,-1,-1
192,15,1145.14,160.09,117.35,96.93,1,-1,-1,-1
193,6,1270.52,118.42,95.33,57.36,1,-1,-1,-1
193,9,2.83,783.77,246.57,279.70,1,-1,-1,-1
193,10,1030.09,51.82,189.93,123.41,1,-1,-1,-1
193,11,385.05,204.54,76.62,37.30,1,-1,-1,-1
193,12,1853.88,587.65,62.90,105.29,1,-1,-1,-1
193,13,1817.99,562.68,97.30,86.42,1,-1,-1,-1
193,14,1529.79,662.21,358.66,300.68,1,-1,-1,-1
193,15,1150.55,157.68,117.54,96.06,1,-1,-1,-1
194,6,1278.52,117.10,94.34,57.04,1,-1,-1,-1
194,9,2.81,784.57,244.32,280.93,1,-1,-1,-1
194,10,1017.20,52.83,193.26,124.27,1,-1,-1,-1
194,11,385.05,204.54,76.61,37.29,1,-1,-1,-1
194,12,1853.85,587.70,62.92,105.21,1,-1,-1,-1
194,13,1817.96,562.58,97.33,86.33,1,-1,-1,-1
194,14,1521.48,654.01,356.43,295.64,1,-1,-1,-1
194,15,1156.44,155.26,117.76,95.27,1,-1,-1,-1
195,6,1286.49,115.80,93.24,56.71,1,-1,-1,-1
195,9,2.79,785.41,241.88,281.29,1,-1,-1,-1
195,10,1004.14,53.86,196.47,125.12,1,-1,-1,-1
195,11,385.05,204.54,76.61,37.29,1,-1,-1,-1
195,12,1853.81,587.74,62.95,105.12,1,-1,-1,-1
195,13,1817.80,562.24,97.50,86.37,1,-1,-1,-1
195,14,1513.05,645.94,353.12,290.21,1,-1,-1,-1
195,15,1162.81,152.84,117.98,94.56,1,-1,-1,-1
196,6,1294.43,114.52,92.05,56.38,1,-1,-1,-1
196,9,2.77,786.27,239.26,280.96,1,-1,-1,-1
196,10,990.95,54.93,199.53,125.94,1,-1,-1,-1
196,11,385.05,204.54,76.60,37.29,1,-1,-1,-1
196,12,1853.78,587.79,62.98,105.04,1,-1,-1,-1
196,13,1817.49,561.69,97.81,86.52,1,-1,-1,-1
196,14,1504.54,637.99,348.87,284.49,1,-1,-1,-1
196,15,1169.63,150.38,118.18,93.93,1,-1,-1,-1
197,6,1302.31,113.25,90.83,56.05,1,-1,-1,-1
197,9,2.76,787.17,236.46,280.14,1,-1,-1,-1
197,10,977.67,56.01,202.39,126.75,1,-1,-1,-1
197,11,385.05,204.53,76.59,37.29,1,-1,-1,-1
197,12,1853.74,587.84,63.01,104.95,1,-1,-1,-1
197,13,1817.06,560.96,98.24,86.79,1,-1,-1,-1
197,14,1495.98,630.17,343.85,278.61,1,-1,-1,-1
197,15,1176.90,147.88,118.36,93.39,1,-1,-1,-1
198,6,1310.15,112.00,89.60,55.71,1,-1,-1,-1
198,9,2.74,788.08,233.48,279.02,1,-1,-1,-1
198,10,964.33,57.12,205.02,127.54,1,-1,-1,-1
198,11,385.05,204.53,76.59,37.28,1,-1,-1,-1
198,12,1853.71,587.89,63.03,104.87,1,-1,-1,-1
198,13,1816.54,560.07,98.77,87.15,1,-1,-1,-1
198,14,1487.39,622.47,338.22,272.64,1,-1,-1,-1
198,15,1184.60,145.31,118.51,92.97,1,-1,-1,-1
199,6,1317.91,110.76,88.40,55.36,1,-1,-1,-1
199,9,2.72,789.00,230.34,277.80,1,-1,-1,-1
199,10,950.97,58.25,207.41,128.31,1,-1,-1,-1
199,11,385.05,204.53,76.58,37.28,1,-1,-1,-1
199,12,1853.67,587.93,63.06,104.78,1,-1,-1,-1
199,13,1815.94,559.08,99.38,87.61,1,-1,-1,-1
199,14,1478.82,614.90,332.16,266.67,1,-1,-1,-1
199,15,1192.70,142.66,118.64,92.66,1,-1,-1,-1
200,6,1325.59,109.52,87.26,55.02,1,-1,-1,-1
200,9,2.70,789.92,227.06,276.62,1,-1,-1,-1
200,10,937.63,59.40,209.51,129.08,1,-1,-1,-1
200,11,385.05,204.53,76.58,37.28,1,-1,-1,-1
200,12,1853.64,587.98,63.09,104.70,1,-1,-1,-1
200,13,1815.31,558.02,100.01,88.14,1,-1,-1,-1
200,14,1470.27,607.44,325.83,260.78,1,-1,-1,-1
200,15,1201.18,139.91,118.77,92.48,1,-1,-1,-1
201,6,1333.15,108.30,86.19,54.67,1,-1,-1,-1
201,9,2.68,790.84,223.66,275.59,1,-1,-1,-1
201,10,924.36,60.56,211.32,129.83,1,-1,-1,-1
201,11,385.06,204.53,76.57,37.27,1,-1,-1,-1
201,12,1853.60,588.03,63.12,104.61,1,-1,-1,-1
201,13,1814.70,556.94,100.62,88.73,1,-1,-1,-1
201,14,1461.76,600.09,319.39,255.02,1,-1,-1,-1
201,15,1210.00,137.04,118.90,92.42,1,-1,-1,-1
202,6,1340.55,107.07,85.20,54.32,1,-1,-1,-1
202,9,2.67,791.74,220.15,274.77,1,-1,-1,-1
202,10,911.19,61.74,212.81,130.58,1,-1,-1,-1
202,11,385.06,204.52,76.56,37.27,1,-1,-1,-1
202,12,1853.57,588.08,63.15,104.53,1,-1,-1,-1
202,13,1814.19,555.91,101.14,89.33,1,-1,-1,-1
202,14,1453.30,592.86,312.95,249.43,1,-1,-1,-1
202,15,1219.14,134.06,119.06,92.50,1,-1,-1,-1
203,6,1347.78,105.85,84.30,53.98,1,-1,-1,-1
203,9,2.65,792.61,216.57,274.22,1,-1,-1,-1
203,10,898.16,62.93,213.98,131.33,1,-1,-1,-1
203,11,385.06,204.52,76.56,37.27,1,-1,-1,-1
203,12,1853.53,588.12,63.17,104.44,1,-1,-1,-1
203,13,1813.84,554.98,101.49,89.92,1,-1,-1,-1
203,14,1444.88,585.73,306.65,244.03,1,-1,-1,-1
203,15,1228.57,130.97,119.26,92.70,1,-1,-1,-1
204,6,1354.78,104.63,83.48,53.63,1,-1,-1,-1
204,9,2.63,793.45,212.96,273.92,1,-1,-1,-1
204,10,885.30,64.13,214.82,132.08,1,-1,-1,-1
204,11,385.06,204.52,76.55,37.27,1,-1,-1,-1
204,12,1853.50,588.17,63.20,104.36,1,-1,-1,-1
204,13,1813.72,554.21,101.61,90.46,1,-1,-1,-1
204,14,1436.52,578.69,300.55,238.85,1,-1,-1,-1
204,15,1238.25,127.77,119.53,93.01,1,-1,-1,-1
205,6,1361.55,103.40,82.70,53.29,1,-1,-1,-1
205,9,2.61,794.24,209.35,273.86,1,-1,-1,-1
205,10,872.64,65.34,215.33,132.83,1,-1,-1,-1
205,11,385.06,204.52,76.55,37.26,1,-1,-1,-1
205,12,1853.46,588.22,63.23,104.27,1,-1,-1,-1
205,13,1813.89,553.66,101.44,90.90,1,-1,-1,-1
205,14,1428.20,571.75,294.70,233.87,1,-1,-1,-1
205,15,1248.15,124.50,119.88,93.41,1,-1,-1,-1
206,6,1368.06,102.17,81.92,52.96,1,-1,-1,-1
206,9,2.59,794.98,205.76,274.01,1,-1,-1,-1
206,10,860.23,66.56,215.52,133.59,1,-1,-1,-1
206,11,385.06,204.52,76.54,37.26,1,-1,-1,-1
206,12,1853.43,588.27,63.26,104.19,1,-1,-1,-1
206,13,1814.39,553.43,100.95,91.16,1,-1,-1,-1
206,14,1419.94,564.89,289.14,229.10,1,-1,-1,-1
206,15,1258.22,121.19,120.32,93.85,1,-1,-1,-1
207,6,1374.30,100.93,81.11,52.62,1,-1,-1,-1
207,9,2.58,795.66,202.23,274.33,1,-1,-1,-1
207,10,848.07,67.79,215.38,134.36,1,-1,-1,-1
207,11,385.06,204.52,76.53,37.26,1,-1,-1,-1
207,12,1853.39,588.31,63.28,104.10,1,-1,-1,-1
207,13,1815.22,553.64,100.13,91.11,1,-1,-1,-1
207,14,1411.73,558.11,283.84,224.53,1,-1,-1,-1
207,15,1268.44,117.86,120.85,94.32,1,-1,-1,-1
208,6,1380.28,99.68,80.20,52.30,1,-1,-1,-1
208,9,2.56,796.29,198.79,274.76,1,-1,-1,-1
208,10,836.20,69.03,214.95,135.14,1,-1,-1,-1
208,11,385.06,204.51,76.53,37.25,1,-1,-1,-1
208,12,1853.36,588.36,63.31,104.02,1,-1,-1,-1
208,13,1816.41,554.42,98.94,90.62,1,-1,-1,-1
208,14,1403.57,551.39,278.79,220.13,1,-1,-1,-1
208,15,1278.77,114.57,121.46,94.76,1,-1,-1,-1
209,6,1385.99,98.41,79.16,51.98,1,-1,-1,-1
209,10,824.62,70.28,214.22,135.94,1,-1,-1,-1
209,11,385.06,204.51,76.52,37.25,1,-1,-1,-1
209,12,1853.33,588.41,63.34,103.93,1,-1,-1,-1
209,13,1817.96,555.86,97.40,89.61,1,-1,-1,-1
209,14,1395.48,544.73,273.94,215.90,1,-1,-1,-1
209,15,1289.16,111.37,122.13,95.12,1,-1,-1,-1
210,6,1391.44,97.13,77.98,51.67,1,-1,-1,-1
210,10,813.36,71.53,213.24,136.77,1,-1,-1,-1
210,11,385.06,204.51,76.52,37.25,1,-1,-1,-1
210,12,1853.29,588.46,63.37,103.85,1,-1,-1,-1
210,13,1819.85,557.96,95.51,88.04,1,-1,-1,-1
210,14,1387.45,538.12,269.26,211.84,1,-1,-1,-1
210,15,1299.58,108.32,122.80,95.37,1,-1,-1,-1
211,6,1396.63,95.83,76.63,51.37,1,-1,-1,-1
211,10,802.42,72.79,212.02,137.61,1,-1,-1,-1
211,11,385.06,204.51,76.51,37.25,1,-1,-1,-1
211,13,1822.04,560.65,93.32,85.97,1,-1,-1,-1
211,14,1379.50,531.55,264.70,207.93,1,-1,-1,-1
211,15,1310.00,105.46,123.41,95.44,1,-1,-1,-1
212,6,1401.57,94.51,75.13,51.08,1,-1,-1,-1
212,10,791.81,74.06,210.60,138.48,1,-1,-1,-1
212,11,385.06,204.51,76.50,37.24,1,-1,-1,-1
212,13,1824.44,563.78,90.92,83.52,1,-1,-1,-1
212,14,1371.62,525.01,260.23,204.17,1,-1,-1,-1
212,15,1320.39,102.87,123.85,95.30,1,-1,-1,-1
213,6,1406.24,93.16,73.49,50.80,1,-1,-1,-1
213,10,781.54,75.34,209.01,139.38,1,-1,-1,-1
213,11,385.06,204.50,76.50,37.24,1,-1,-1,-1
213,13,1826.96,567.18,88.41,80.85,1,-1,-1,-1
213,14,1363.84,518.50,255.81,200.55,1,-1,-1,-1
213,15,1330.70,100.58,124.02,94.88,1,-1,-1,-1
214,6,1410.66,91.79,71.72,50.53,1,-1,-1,-1
214,10,771.60,76.63,207.27,140.32,1,-1,-1,-1
214,11,385.06,204.50,76.49,37.24,1,-1,-1,-1
214,13,1829.48,570.63,85.90,78.13,1,-1,-1,-1
214,14,1356.16,512.01,251.42,197.08,1,-1,-1,-1
214,15,1340.93,98.66,123.78,94.14,1,-1,-1,-1
215,10,762.00,77.93,205.42,141.28,1,-1,-1,-1
215,11,385.06,204.50,76.49,37.23,1,-1,-1,-1
215,13,1831.90,573.96,83.48,75.52,1,-1,-1,-1
215,14,1348.58,505.53,247.06,193.74,1,-1,-1,-1
215,15,1351.02,97.14,123.01,93.06,1,-1,-1,-1
216,10,752.72,79.25,203.49,142.27,1,-1,-1,-1
216,11,385.06,204.50,76.48,37.23,1,-1,-1,-1
216,13,1834.10,576.98,81.28,73.19,1,-1,-1,-1
216,14,1341.13,499.05,242.73,190.53,1,-1,-1,-1
216,15,1360.96,96.03,121.62,91.61,1,-1,-1,-1
217,10,743.76,80.58,201.52,143.30,1,-1,-1,-1
217,11,385.06,204.50,76.48,37.23,1,-1,-1,-1
217,13,1835.98,579.53,79.41,71.30,1,-1,-1,-1
217,14,1333.79,492.57,238.43,187.43,1,-1,-1,-1
217,15,1370.72,95.34,119.53,89.81,1,-1,-1,-1
218,10,735.10,81.93,199.55,144.37,1,-1,-1,-1
218,11,385.06,204.50,76.47,37.23,1,-1,-1,-1
218,13,1837.45,581.47,77.94,69.96,1,-1,-1,-1
218,14,1326.60,486.09,234.19,184.44,1,-1,-1,-1
218,15,1380.27,95.05,116.71,87.66,1,-1,-1,-1
219,10,726.73,83.30,197.61,145.47,1,-1,-1,-1
219,11,385.06,204.49,76.46,37.22,1,-1,-1,-1
219,13,1838.46,582.74,76.94,69.23,1,-1,-1,-1
219,14,1319.54,479.59,230.00,181.54,1,-1,-1,-1
219,15,1389.60,95.10,113.16,85.22,1,-1,-1,-1
219,16,1451.54,80.82,3.81,48.65,1,-1,-1,-1
220,10,718.63,84.70,195.72,146.60,1,-1,-1,-1
220,11,385.06,204.49,76.46,37.22,1,-1,-1,-1
220,13,1838.99,583.38,76.41,69.09,1,-1,-1,-1
220,14,1312.65,473.09,225.91,178.71,1,-1,-1,-1
220,15,1398.70,95.45,108.91,82.53,1,-1,-1,-1
220,16,1435.62,81.02,19.08,48.24,1,-1,-1,-1
221,10,710.79,86.13,193.92,147.76,1,-1,-1,-1
221,11,385.06,204.49,76.45,37.22,1,-1,-1,-1
221,13,1839.10,583.46,76.30,69.46,1,-1,-1,-1
221,14,1305.91,466.57,221.91,175.94,1,-1,-1,-1
221,15,1407.55,96.05,104.01,79.65,1,-1,-1,-1
221,16,1419.70,81.22,34.42,47.84,1,-1,-1,-1
222,10,703.19,87.58,192.23,148.96,1,-1,-1,-1
222,11,385.06,204.49,76.45,37.21,1,-1,-1,-1
222,13,1838.87,583.11,76.54,70.21,1,-1,-1,-1
222,14,1299.35,460.04,218.02,173.24,1,-1,-1,-1
222,15,1416.14,96.82,98.56,76.63,1,-1,-1,-1
222,16,1403.77,81.42,49.50,47.43,1,-1,-1,-1
223,10,695.84,89.07,190.64,150.18,1,-1,-1,-1
223,11,385.06,204.49,76.44,37.21,1,-1,-1,-1
223,13,1838.40,582.49,77.01,71.18,1,-1,-1,-1
223,14,1292.97,453.50,214.26,170.58,1,-1,-1,-1
223,15,1424.47,97.71,92.63,73.53,1,-1,-1,-1
223,16,1387.85,81.62,63.95,47.02,1,-1,-1,-1
224,10,688.73,90.60,189.18,151.43,1,-1,-1,-1
224,11,385.06,204.48,76.43,37.21,1,-1,-1,-1
224,13,1837.78,581.73,77.64,72.24,1,-1,-1,-1
224,14,1286.78,446.95,210.64,167.98,1,-1,-1,-1
224,15,1432.53,98.66,86.33,70.41,1,-1,-1,-1
224,16,1371.92,81.82,77.38,46.62,1,-1,-1,-1
225,10,681.84,92.16,187.83,152.71,1,-1,-1,-1
225,11,385.06,204.48,76.43,37.21,1,-1,-1,-1
225,13,1837.10,580.95,78.32,73.29,1,-1,-1,-1
225,14,1280.79,440.39,207.15,165.43,1,-1,-1,-1
225,15,1440.32,99.62,79.73,67.30,1,-1,-1,-1
225,16,1356.00,82.02,89.41,46.21,1,-1,-1,-1
226,10,675.19,93.77,186.58,154.00,1,-1,-1,-1
226,11,385.06,204.48,76.42,37.20,1,-1,-1,-1
226,13,1836.43,580.22,79.00,74.23,1,-1,-1,-1
226,14,1274.99,433.84,203.82,162.94,1,-1,-1,-1
226,15,1447.84,100.52,72.91,64.26,1,-1,-1,-1
226,16,1340.07,82.22,99.78,45.81,1,-1,-1,-1
227,10,668.76,95.43,185.44,155.32,1,-1,-1,-1
227,11,385.06,204.48,76.42,37.20,1,-1,-1,-1
227,13,1835.81,579.60,79.62,75.04,1,-1,-1,-1
227,14,1269.40,427.28,200.62,160.48,1,-1,-1,-1
227,15,1455.08,101.34,65.92,61.32,1,-1,-1,-1
227,16,1324.15,82.42,108.34,45.40,1,-1,-1,-1
228,10,662.55,97.14,184.39,156.64,1,-1,-1,-1
228,11,385.06,204.48,76.41,37.20,1,-1,-1,-1
228,13,1835.29,579.12,80.15,75.70,1,-1,-1,-1
228,14,1264.01,420.73,197.56,158.08,1,-1,-1,-1
228,15,1462.04,102.04,58.82,58.51,1,-1,-1,-1
228,16,1308.23,82.62,115.11,44.99,1,-1,-1,-1
229,10,656.58,98.89,183.40,157.98,1,-1,-1,-1
229,11,385.06,204.48,76.40,37.19,1,-1,-1,-1
229,13,1834.86,578.77,80.58,76.25,1,-1,-1,-1
229,14,1258.82,414.20,194.62,155.73,1,-1,-1,-1
229,15,1468.73,102.58,51.62,55.84,1,-1,-1,-1
229,16,1292.30,82.83,120.19,44.59,1,-1,-1,-1
230,10,650.83,100.70,182.46,159.33,1,-1,-1,-1
230,11,385.06,204.47,76.40,37.19,1,-1,-1,-1
230,13,1834.52,578.55,80.92,76.71,1,-1,-1,-1
230,14,1253.83,407.69,191.79,153.42,1,-1,-1,-1
230,15,1475.13,102.96,44.35,53.34,1,-1,-1,-1
230,16,1276.38,83.03,123.78,44.18,1,-1,-1,-1
231,10,645.32,102.56,181.55,160.69,1,-1,-1,-1
231,11,385.06,204.47,76.39,37.19,1,-1,-1,-1
231,13,1834.28,578.42,81.17,77.15,1,-1,-1,-1
231,14,1249.04,401.20,189.06,151.16,1,-1,-1,-1
231,15,1481.27,103.15,37.02,51.00,1,-1,-1,-1
231,16,1260.45,83.23,126.06,43.78,1,-1,-1,-1
232,10,640.05,104.48,180.63,162.05,1,-1,-1,-1
232,11,385.06,204.47,76.39,37.19,1,-1,-1,-1
232,13,1834.14,578.39,81.32,77.62,1,-1,-1,-1
232,14,1244.44,394.75,186.43,148.94,1,-1,-1,-1
232,15,1487.13,103.16,29.64,48.83,1,-1,-1,-1
232,16,1244.53,83.43,127.27,43.37,1,-1,-1,-1
233,10,635.04,106.45,179.70,163.42,1,-1,-1,-1
233,11,385.06,204.47,76.38,37.18,1,-1,-1,-1
233,13,1834.10,578.42,81.36,78.17,1,-1,-1,-1
233,14,1240.02,388.34,183.88,146.76,1,-1,-1,-1
233,16,1228.61,83.63,127.61,42.96,1,-1,-1,-1
234,10,630.27,108.47,178.72,164.78,1,-1,-1,-1
234,11,385.06,204.47,76.37,37.18,1,-1,-1,-1
234,13,1834.20,578.51,81.26,78.83,1,-1,-1,-1
234,14,1235.78,381.97,181.40,144.61,1,-1,-1,-1
234,16,1212.68,83.83,127.27,42.56,1,-1,-1,-1
235,10,625.76,110.54,177.68,166.15,1,-1,-1,-1
235,11,385.06,204.46,76.37,37.18,1,-1,-1,-1
235,13,1834.46,578.67,81.01,79.62,1,-1,-1,-1
235,14,1231.71,375.66,179.00,142.51,1,-1,-1,-1
235,16,1196.76,84.03,126.39,42.15,1,-1,-1,-1
236,10,621.49,112.66,176.59,167.52,1,-1,-1,-1
236,11,385.06,204.46,76.36,37.17,1,-1,-1,-1
236,13,1834.90,578.89,80.57,80.57,1,-1,-1,-1
236,14,1227.80,369.41,176.66,140.46,1,-1,-1,-1
236,16,1180.83,84.23,125.04,41.75,1,-1,-1,-1
237,10,617.47,114.82,175.45,168.89,1,-1,-1,-1
237,11,385.06,204.46,76.36,37.17,1,-1,-1,-1
237,13,1835.55,579.20,79.93,81.67,1,-1,-1,-1
237,14,1224.03,363.23,174.39,138.45,1,-1,-1,-1
237,16,1164.91,84.43,123.26,41.34,1,-1,-1,-1
238,10,613.67,117.02,174.28,170.26,1,-1,-1,-1
238,11,385.06,204.46,76.35,37.17,1,-1,-1,-1
238,13,1836.40,579.61,79.08,82.91,1,-1,-1,-1
238,14,1220.41,357.11,172.16,136.51,1,-1,-1,-1
238,16,1148.99,84.63,121.07,40.93,1,-1,-1,-1
238,17,748.41,992.59,512.86,85.92,1,-1,-1,-1
239,10,610.09,119.26,173.08,171.64,1,-1,-1,-1
239,11,385.06,204.46,76.34,37.16,1,-1,-1,-1
239,13,1837.43,580.11,78.05,84.27,1,-1,-1,-1
239,14,1216.91,351.07,169.98,134.62,1,-1,-1,-1
239,16,1133.06,84.83,118.43,40.53,1,-1,-1,-1
239,17,773.34,975.91,527.18,99.58,1,-1,-1,-1
240,10,606.69,121.53,171.90,173.02,1,-1,-1,-1
240,11,385.06,204.46,76.34,37.16,1,-1,-1,-1
240,13,1838.62,580.71,76.87,85.72,1,-1,-1,-1
240,14,1213.52,345.11,167.85,132.79,1,-1,-1,-1
240,16,1117.14,85.03,115.32,40.12,1,-1,-1,-1
240,17,798.05,959.39,537.98,113.90,1,-1,-1,-1
241,10,603.47,123.83,170.77,174.42,1,-1,-1,-1
241,11,385.06,204.45,76.33,37.16,1,-1,-1,-1
241,13,1839.92,581.40,75.57,87.25,1,-1,-1,-1
241,14,1210.23,339.24,165.74,131.02,1,-1,-1,-1
241,16,1101.21,85.24,111.78,39.72,1,-1,-1,-1
241,17,822.45,943.10,544.45,128.78,1,-1,-1,-1
242,10,600.39,126.14,169.72,175.83,1,-1,-1,-1
242,11,385.06,204.45,76.33,37.16,1,-1,-1,-1
242,13,1841.30,582.15,74.19,88.83,1,-1,-1,-1
242,14,1207.02,333.46,163.67,129.33,1,-1,-1,-1
242,16,1085.29,85.44,107.83,39.31,1,-1,-1,-1
242,17,846.40,927.10,546.09,144.12,1,-1,-1,-1
243,10,597.42,128.47,168.79,177.25,1,-1,-1,-1
243,11,385.06,204.45,76.32,37.15,1,-1,-1,-1
243,13,1842.73,582.96,72.77,90.44,1,-1,-1,-1
243,14,1203.88,327.77,161.63,127.70,1,-1,-1,-1
243,16,1069.36,85.64,103.57,38.90,1,-1,-1,-1
243,17,869.80,911.45,542.85,159.77,1,-1,-1,-1
244,10,594.52,130.81,168.03,178.70,1,-1,-1,-1
244,11,385.06,204.45,76.31,37.15,1,-1,-1,-1
244,13,1844.18,583.79,71.33,92.05,1,-1,-1,-1
244,14,1200.78,322.17,159.61,126.13,1,-1,-1,-1
244,16,1053.44,85.84,99.10,38.50,1,-1,-1,-1
244,17,892.54,896.22,535.14,175.56,1,-1,-1,-1
244,18,578.88,181.05,18.55,26.85,1,-1,-1,-1
245,10,591.67,133.16,167.47,180.18,1,-1,-1,-1
245,11,385.06,204.45,76.31,37.15,1,-1,-1,-1
245,13,1845.60,584.62,69.91,93.65,1,-1,-1,-1
245,14,1197.72,316.67,157.63,124.63,1,-1,-1,-1
245,16,1037.52,86.04,94.55,38.09,1,-1,-1,-1
245,17,914.49,881.45,523.75,191.30,1,-1,-1,-1
245,18,575.77,183.85,18.85,27.14,1,-1,-1,-1
246,10,588.83,135.50,167.15,181.69,1,-1,-1,-1
246,11,385.06,204.44,76.30,37.14,1,-1,-1,-1
246,13,1846.98,585.42,68.53,95.23,1,-1,-1,-1
246,14,1194.67,311.26,155.70,123.20,1,-1,-1,-1
246,16,1021.59,86.24,90.06,37.68,1,-1,-1,-1
246,17,935.53,867.18,509.69,206.75,1,-1,-1,-1
246,18,572.66,186.64,19.14,27.43,1,-1,-1,-1
247,10,585.98,137.83,167.10,183.23,1,-1,-1,-1
247,11,385.06,204.44,76.30,37.14,1,-1,-1,-1
247,13,1848.27,586.14,67.25,96.78,1,-1,-1,-1
247,14,1191.64,305.96,153.81,121.82,1,-1,-1,-1
247,16,1005.67,86.44,85.75,37.28,1,-1,-1,-1
247,17,955.51,853.42,494.00,221.66,1,-1,-1,-1
247,18,569.55,189.43,19.43,27.72,1,-1,-1,-1
248,10,583.07,140.16,167.35,184.82,1,-1,-1,-1
248,11,385.06,204.44,76.29,37.14,1,-1,-1,-1
248,13,1849.44,586.73,66.08,98.31,1,-1,-1,-1
248,14,1188.61,300.75,151.98,120.49,1,-1,-1,-1
248,16,989.74,86.64,81.74,36.87,1,-1,-1,-1
248,17,974.31,840.19,477.67,235.70,1,-1,-1,-1
248,18,566.44,192.23,19.73,28.01,1,-1,-1,-1
248,19,1808.35,549.32,108.24,90.05,1,-1,-1,-1
249,10,580.11,142.48,167.90,186.45,1,-1,-1,-1
249,11,385.06,204.44,76.28,37.14,1,-1,-1,-1
249,13,1850.46,587.18,65.07,99.82,1,-1,-1,-1
249,14,1185.57,295.64,150.21,119.21,1,-1,-1,-1
249,16,973.82,86.84,78.09,36.47,1,-1,-1,-1
249,17,991.79,827.48,461.59,248.56,1,-1,-1,-1
249,18,563.33,195.02,20.02,28.30,1,-1,-1,-1
249,19,1808.25,549.65,108.44,89.96,1,-1,-1,-1
250,10,577.07,144.79,168.77,188.12,1,-1,-1,-1
250,11,385.06,204.44,76.28,37.13,1,-1,-1,-1
250,13,1851.31,587.45,64.22,101.30,1,-1,-1,-1
250,14,1182.54,290.64,148.51,117.96,1,-1,-1,-1
250,16,957.90,87.04,74.88,36.06,1,-1,-1,-1
250,17,1007.85,815.27,446.38,259.87,1,-1,-1,-1
250,18,560.22,197.82,20.32,28.59,1,-1,-1,-1
250,19,1808.15,549.98,108.64,89.87,1,-1,-1,-1
251,10,573.94,147.08,169.95,189.85,1,-1,-1,-1
251,11,385.06,204.44,76.27,37.13,1,-1,-1,-1
251,13,1851.99,587.58,63.54,102.73,1,-1,-1,-1
251,14,1179.50,285.73,146.89,116.75,1,-1,-1,-1
251,16,941.97,87.24,72.18,35.65,1,-1,-1,-1
251,17,1022.42,803.53,432.43,269.31,1,-1,-1,-1
251,18,557.11,200.61,20.61,28.88,1,-1,-1,-1
251,19,1808.05,550.32,108.84,89.78,1,-1,-1,-1
252,10,570.72,149.37,171.43,191.63,1,-1,-1,-1
252,11,385.06,204.43,76.27,37.13,1,-1,-1,-1
252,13,1852.52,587.58,63.02,104.05,1,-1,-1,-1
252,14,1176.46,280.93,145.33,115.55,1,-1,-1,-1
252,17,1035.42,792.22,419.91,276.58,1,-1,-1,-1
252,18,554.00,203.40,20.90,29.16,1,-1,-1,-1
252,19,1807.94,550.65,109.04,89.69,1,-1,-1,-1
253,10,567.41,151.64,173.20,193.46,1,-1,-1,-1
253,11,385.06,204.43,76.26,37.12,1,-1,-1,-1
253,13,1852.91,587.50,62.63,105.24,1,-1,-1,-1
253,14,1173.42,276.22,143.83,114.38,1,-1,-1,-1
253,17,1046.83,781.32,408.85,281.48,1,-1,-1,-1
253,18,550.89,206.20,21.20,29.45,1,-1,-1,-1
253,19,1807.84,550.98,109.24,89.60,1,-1,-1,-1
254,10,564.02,153.90,175.23,195.35,1,-1,-1,-1
254,11,385.06,204.43,76.25,37.12,1,-1,-1,-1
254,13,1853.18,587.38,62.37,106.26,1,-1,-1,-1
254,14,1170.40,271.61,142.37,113.21,1,-1,-1,-1
254,17,1056.65,770.78,399.15,283.95,1,-1,-1,-1
254,18,547.78,208.99,21.49,29.74,1,-1,-1,-1
254,19,1807.74,551.31,109.45,89.50,1,-1,-1,-1
255,10,560.54,156.16,177.49,197.30,1,-1,-1,-1
255,11,385.06,204.43,76.25,37.12,1,-1,-1,-1
255,13,1853.36,587.25,62.20,107.08,1,-1,-1,-1
255,14,1167.40,267.11,140.96,112.05,1,-1,-1,-1
255,17,1064.91,760.56,390.59,284.10,1,-1,-1,-1
255,18,544.68,211.78,21.78,30.03,1,-1,-1,-1
255,19,1807.64,551.64,109.65,89.41,1,-1,-1,-1
256,10,556.98,158.42,179.96,199.31,1,-1,-1,-1
256,11,385.06,204.43,76.24,37.12,1,-1,-1,-1
256,13,1853.46,587.14,62.10,107.71,1,-1,-1,-1
256,14,1164.42,262.70,139.59,110.89,1,-1,-1,-1
256,17,1071.68,750.62,382.92,282.18,1,-1,-1,-1
256,19,1807.54,551.97,109.85,89.32,1,-1,-1,-1
257,10,553.35,160.68,182.59,201.37,1,-1,-1,-1
257,11,385.06,204.43,76.24,37.11,1,-1,-1,-1
257,13,1853.51,587.05,62.05,108.15,1,-1,-1,-1
257,14,1161.47,258.39,138.23,109.74,1,-1,-1,-1
257,17,1077.07,740.93,375.82,278.60,1,-1,-1,-1
257,19,1807.43,552.30,110.05,89.23,1,-1,-1,-1
258,10,549.65,162.96,185.37,203.49,1,-1,-1,-1
258,11,385.06,204.42,76.23,37.11,1,-1,-1,-1
258,13,1853.52,586.99,62.04,108.41,1,-1,-1,-1
258,14,1158.57,254.18,136.90,108.60,1,-1,-1,-1
258,17,1081.21,731.44,369.04,273.81,1,-1,-1,-1
258,19,1807.33,552.63,110.25,89.14,1,-1,-1,-1
259,10,545.89,165.24,188.26,205.66,1,-1,-1,-1
259,11,385.06,204.42,76.22,37.11,1,-1,-1,-1
259,13,1853.52,586.96,62.05,108.52,1,-1,-1,-1
259,14,1155.72,250.06,135.58,107.46,1,-1,-1,-1
259,17,1084.24,722.13,362.38,268.27,1,-1,-1,-1
259,19,1807.23,552.96,110.45,89.05,1,-1,-1,-1
260,10,542.06,167.55,191.22,207.89,1,-1,-1,-1
260,11,385.06,204.42,76.22,37.10,1,-1,-1,-1
260,13,1853.50,586.95,62.08,108.51,1,-1,-1,-1
260,14,1152.93,246.03,134.26,106.32,1,-1,-1,-1
260,17,1086.32,712.97,355.75,262.40,1,-1,-1,-1
260,19,1807.13,553.30,110.65,88.96,1,-1,-1,-1
261,10,538.17,169.88,194.23,210.18,1,-1,-1,-1
261,11,385.06,204.42,76.21,37.10,1,-1,-1,-1
261,13,1853.47,586.96,62.11,108.40,1,-1,-1,-1
261,14,1150.21,242.10,132.93,105.20,1,-1,-1,-1
261,17,1087.56,703.95,349.13,256.49,1,-1,-1,-1
261,19,1807.03,553.63,110.86,88.86,1,-1,-1,-1
262,10,534.23,172.25,197.26,212.51,1,-1,-1,-1
262,11,385.06,204.42,76.21,37.10,1,-1,-1,-1
262,13,1853.45,586.99,62.13,108.21,1,-1,-1,-1
262,14,1147.57,238.25,131.58,104.09,1,-1,-1,-1
262,17,1088.10,695.06,342.52,250.72,1,-1,-1,-1
263,10,530.25,174.66,200.28,214.89,1,-1,-1,-1
263,11,385.06,204.41,76.20,37.10,1,-1,-1,-1
263,13,1853.43,587.02,62.15,107.97,1,-1,-1,-1
263,14,1145.03,234.49,130.20,102.99,1,-1,-1,-1
263,17,1088.02,686.28,335.92,245.21,1,-1,-1,-1
263,20,1394.77,64.79,74.63,50.72,1,-1,-1,-1
264,10,526.23,177.12,203.25,217.31,1,-1,-1,-1
264,11,385.06,204.41,76.19,37.09,1,-1,-1,-1
264,13,1853.44,587.07,62.15,107.69,1,-1,-1,-1
264,14,1142.58,230.82,128.77,101.91,1,-1,-1,-1
264,17,1087.42,677.61,329.28,239.99,1,-1,-1,-1
264,20,1385.83,66.15,75.11,51.12,1,-1,-1,-1
265,10,522.19,179.63,206.15,219.78,1,-1,-1,-1
265,11,385.06,204.41,76.19,37.09,1,-1,-1,-1
265,13,1853.45,587.12,62.14,107.38,1,-1,-1,-1
265,14,1140.26,227.23,127.29,100.85,1,-1,-1,-1
265,17,1086.36,669.05,322.60,235.10,1,-1,-1,-1
265,20,1377.11,67.47,75.54,51.52,1,-1,-1,-1
266,10,518.12,182.20,208.96,222.28,1,-1,-1,-1
266,11,385.06,204.41,76.18,37.09,1,-1,-1,-1
266,13,1853.49,587.20,62.11,107.05,1,-1,-1,-1
266,14,1138.06,223.72,125.73,99.81,1,-1,-1,-1
266,17,1084.90,660.59,315.93,230.53,1,-1,-1,-1
266,20,1368.62,68.73,75.90,51.92,1,-1,-1,-1
267,10,514.02,184.84,211.68,224.82,1,-1,-1,-1
267,11,385.06,204.41,76.18,37.08,1,-1,-1,-1
267,13,1853.54,587.29,62.07,106.69,1,-1,-1,-1
267,14,1136.02,220.28,124.10,98.79,1,-1,-1,-1
267,17,1083.09,652.24,309.38,226.27,1,-1,-1,-1
267,20,1360.32,69.94,76.19,52.32,1,-1,-1,-1
268,10,509.88,187.55,214.30,227.40,1,-1,-1,-1
268,11,385.06,204.41,76.17,37.08,1,-1,-1,-1
268,13,1853.60,587.42,62.00,106.31,1,-1,-1,-1
268,14,1134.16,216.92,122.42,97.79,1,-1,-1,-1
268,17,1080.97,644.01,303.06,222.30,1,-1,-1,-1
268,20,1352.19,71.10,76.43,52.74,1,-1,-1,-1
269,10,505.70,190.34,216.84,230.00,1,-1,-1,-1
269,11,385.06,204.40,76.16,37.08,1,-1,-1,-1
269,13,1853.70,587.60,61.92,105.89,1,-1,-1,-1
269,14,1132.48,213.63,120.69,96.81,1,-1,-1,-1
269,17,1078.61,635.89,297.07,218.55,1,-1,-1,-1
269,20,1344.20,72.22,76.62,53.16,1,-1,-1,-1
270,10,501.45,193.21,219.32,232.62,1,-1,-1,-1
270,11,385.06,204.40,76.16,37.08,1,-1,-1,-1
270,13,1853.83,587.84,61.79,105.43,1,-1,-1,-1
270,14,1131.03,210.41,118.96,95.85,1,-1,-1,-1
270,17,1076.06,627.90,291.44,214.94,1,-1,-1,-1
270,20,1336.30,73.30,76.77,53.60,1,-1,-1,-1
271,10,497.12,196.16,221.74,235.27,1,-1,-1,-1
271,11,385.06,204.40,76.15,37.07,1,-1,-1,-1
271,13,1854.00,588.14,61.62,104.94,1,-1,-1,-1
271,14,1129.81,207.26,117.25,94.89,1,-1,-1,-1
271,17,1073.38,620.04,286.12,211.39,1,-1,-1,-1
271,20,1328.44,74.35,76.91,54.04,1,-1,-1,-1
272,10,492.67,199.21,224.15,237.95,1,-1,-1,-1
272,11,385.06,204.40,76.15,37.07,1,-1,-1,-1
272,13,1854.25,588.51,61.38,104.42,1,-1,-1,-1
272,14,1128.87,204.17,115.59,93.94,1,-1,-1,-1
272,17,1070.64,612.32,281.02,207.83,1,-1,-1,-1
272,20,1320.59,75.37,77.06,54.49,1,-1,-1,-1
273,10,488.11,202.35,226.54,240.64,1,-1,-1,-1
273,11,385.06,204.40,76.14,37.07,1,-1,-1,-1
273,13,1854.57,588.95,61.06,103.87,1,-1,-1,-1
273,14,1128.21,201.15,114.04,92.99,1,-1,-1,-1
273,17,1067.89,604.74,276.02,204.20,1,-1,-1,-1
273,20,1312.67,76.38,77.24,54.94,1,-1,-1,-1
274,10,483.41,205.58,228.95,243.35,1,-1,-1,-1
274,11,385.06,204.39,76.13,37.06,1,-1,-1,-1
274,14,1127.88,198.18,112.61,92.05,1,-1,-1,-1
274,17,1065.19,597.30,271.04,200.48,1,-1,-1,-1
274,20,1304.64,77.38,77.49,55.39,1,-1,-1,-1
275,10,478.56,208.91,231.39,246.08,1,-1,-1,-1
275,11,385.06,204.39,76.13,37.06,1,-1,-1,-1
275,14,1127.90,195.27,111.33,91.10,1,-1,-1,-1
275,17,1062.57,590.00,266.02,196.67,1,-1,-1,-1
275,20,1296.42,78.38,77.83,55.84,1,-1,-1,-1
276,10,473.57,212.33,233.85,248.82,1,-1,-1,-1
276,11,385.06,204.39,76.12,37.06,1,-1,-1,-1
276,14,1128.29,192.42,110.24,90.16,1,-1,-1,-1
276,17,1060.06,582.85,260.97,192.79,1,-1,-1,-1
276,20,1287.97,79.40,78.30,56.28,1,-1,-1,-1
277,10,468.44,215.85,236.35,251.59,1,-1,-1,-1
277,11,385.06,204.39,76.12,37.06,1,-1,-1,-1
277,14,1129.07,189.61,109.34,89.23,1,-1,-1,-1
277,17,1057.66,575.83,255.96,188.88,1,-1,-1,-1
277,20,1279.24,80.43,78.90,56.72,1,-1,-1,-1
278,10,463.20,219.45,238.87,254.37,1,-1,-1,-1
278,11,385.06,204.39,76.11,37.05,1,-1,-1,-1
278,14,1130.28,186.86,108.64,88.30,1,-1,-1,-1
278,17,1055.38,568.94,251.03,184.98,1,-1,-1,-1
278,20,1270.16,81.49,79.67,57.14,1,-1,-1,-1
278,21,963.18,65.01,78.29,58.28,1,-1,-1,-1
279,10,457.86,223.15,241.42,257.17,1,-1,-1,-1
279,11,385.06,204.39,76.11,37.05,1,-1,-1,-1
279,14,1131.93,184.15,108.13,87.40,1,-1,-1,-1
279,17,1053.23,562.17,246.26,181.14,1,-1,-1,-1
279,20,1260.71,82.59,80.61,57.55,1,-1,-1,-1
279,21,964.12,65.64,86.03,58.72,1,-1,-1,-1
280,10,452.45,226.94,243.97,259.99,1,-1,-1,-1
280,11,385.07,204.38,76.10,37.05,1,-1,-1,-1
280,14,1134.04,181.48,107.81,86.53,1,-1,-1,-1
280,17,1051.18,555.51,241.65,177.39,1,-1,-1,-1
280,20,1250.84,83.73,81.72,57.95,1,-1,-1,-1
280,21,965.70,66.26,93.32,59.15,1,-1,-1,-1
281,10,447.01,230.80,246.53,262.84,1,-1,-1,-1
281,11,385.07,204.38,76.09,37.04,1,-1,-1,-1
281,14,1136.63,178.84,107.66,85.69,1,-1,-1,-1
281,17,1049.25,548.95,237.21,173.79,1,-1,-1,-1
281,20,1240.53,84.92,82.98,58.34,1,-1,-1,-1
281,21,968.18,66.89,99.75,59.59,1,-1,-1,-1
281,22,1322.35,112.76,64.44,33.82,1,-1,-1,-1
282,10,441.58,234.75,249.07,265.70,1,-1,-1,-1
282,11,385.07,204.38,76.09,37.04,1,-1,-1,-1
282,14,1139.72,176.24,107.68,84.89,1,-1,-1,-1
282,17,1047.42,542.48,232.91,170.36,1,-1,-1,-1
282,20,1229.77,86.15,84.39,58.73,1,-1,-1,-1
282,21,971.81,67.52,104.91,60.03,1,-1,-1,-1
282,22,1322.42,112.86,64.54,33.84,1,-1,-1,-1
283,10,436.19,238.77,251.58,268.59,1,-1,-1,-1
283,11,385.07,204.38,76.08,37.04,1,-1,-1,-1
283,14,1143.30,173.67,107.85,84.15,1,-1,-1,-1
283,17,1045.69,536.07,228.75,167.14,1,-1,-1,-1
283,20,1218.55,87.44,85.90,59.11,1,-1,-1,-1
283,21,976.76,68.15,108.50,60.47,1,-1,-1,-1
283,22,1322.50,112.96,64.64,33.85,1,-1,-1,-1
284,10,430.86,242.86,254.07,271.51,1,-1,-1,-1
284,11,385.07,204.38,76.08,37.04,1,-1,-1,-1
284,14,1147.40,171.13,108.14,83.46,1,-1,-1,-1
284,17,1044.05,529.70,224.77,164.18,1,-1,-1,-1
284,20,1206.88,88.77,87.48,59.51,1,-1,-1,-1
284,21,983.07,68.78,110.36,60.91,1,-1,-1,-1
284,22,1322.58,113.05,64.75,33.87,1,-1,-1,-1
285,10,425.62,247.01,256.52,274.45,1,-1,-1,-1
285,11,385.07,204.37,76.07,37.03,1,-1,-1,-1
285,14,1152.00,168.61,108.53,82.84,1,-1,-1,-1
285,17,1042.49,523.36,221.07,161.51,1,-1,-1,-1
285,20,1194.75,90.14,89.09,59.91,1,-1,-1,-1
285,21,990.56,69.41,110.53,61.35,1,-1,-1,-1
285,22,1322.66,113.15,64.85,33.89,1,-1,-1,-1
285,23,1803.30,550.27,114.02,86.54,1,-1,-1,-1
286,10,420.47,251.23,258.94,277.42,1,-1,-1,-1
286,11,385.07,204.37,76.06,37.03,1,-1,-1,-1
286,14,1157.12,166.10,109.00,82.27,1,-1,-1,-1
286,17,1041.02,517.04,217.67,159.14,1,-1,-1,-1
286,20,1182.20,91.55,90.70,60.33,1,-1,-1,-1
286,21,998.91,70.03,109.24,61.79,1,-1,-1,-1
286,22,1322.74,113.25,64.95,33.91,1,-1,-1,-1
286,23,1805.66,552.00,111.68,87.58,1,-1,-1,-1
287,10,415.43,255.50,261.35,280.41,1,-1,-1,-1
287,11,385.07,204.37,76.06,37.03,1,-1,-1,-1
287,14,1162.74,163.61,109.50,81.77,1,-1,-1,-1
287,17,1039.63,510.71,214.55,157.04,1,-1,-1,-1
287,20,1169.24,93.00,92.27,60.77,1,-1,-1,-1
287,21,1007.75,70.66,106.83,62.23,1,-1,-1,-1
287,22,1322.82,113.35,65.05,33.93,1,-1,-1,-1
287,23,1808.03,553.72,109.34,88.62,1,-1,-1,-1
288,10,410.48,259.81,263.76,283.44,1,-1,-1,-1
288,11,385.07,204.37,76.05,37.02,1,-1,-1,-1
288,14,1168.87,161.13,110.02,81.32,1,-1,-1,-1
288,17,1038.37,504.37,211.64,155.17,1,-1,-1,-1
288,20,1155.92,94.48,93.78,61.23,1,-1,-1,-1
288,21,1016.71,71.29,103.65,62.67,1,-1,-1,-1
288,22,1322.90,113.44,65.16,33.95,1,-1,-1,-1
288,23,1810.39,555.45,106.99,89.65,1,-1,-1,-1
289,10,405.63,264.17,266.19,286.49,1,-1,-1,-1
289,11,385.07,204.37,76.05,37.02,1,-1,-1,-1
289,14,1175.47,158.67,110.51,80.94,1,-1,-1,-1
289,17,1037.27,498.01,208.87,153.45,1,-1,-1,-1
289,20,1142.25,96.00,95.20,61.70,1,-1,-1,-1
289,21,1025.48,71.92,100.01,63.11,1,-1,-1,-1
289,22,1322.98,113.54,65.26,33.96,1,-1,-1,-1
289,23,1812.76,557.17,104.65,90.69,1,-1,-1,-1
290,10,400.85,268.57,268.67,289.57,1,-1,-1,-1
290,11,385.07,204.37,76.04,37.02,1,-1,-1,-1
290,14,1182.55,156.21,110.96,80.61,1,-1,-1,-1
290,17,1036.42,491.63,206.20,151.79,1,-1,-1,-1
290,20,1128.29,97.54,96.53,62.19,1,-1,-1,-1
290,21,1033.80,72.55,96.22,63.55,1,-1,-1,-1
290,22,1323.05,113.64,65.36,33.98,1,-1,-1,-1
290,23,1815.13,558.90,102.31,91.73,1,-1,-1,-1
291,10,396.13,273.01,271.21,292.68,1,-1,-1,-1
291,11,385.07,204.36,76.03,37.02,1,-1,-1,-1
291,14,1190.07,153.75,111.34,80.34,1,-1,-1,-1
291,17,1035.89,485.22,203.59,150.11,1,-1,-1,-1
291,20,1114.08,99.12,97.74,62.68,1,-1,-1,-1
291,21,1041.52,73.18,92.50,63.99,1,-1,-1,-1
291,23,1817.49,560.62,99.96,92.77,1,-1,-1,-1
292,10,391.43,277.47,273.84,295.81,1,-1,-1,-1
292,11,385.07,204.36,76.03,37.01,1,-1,-1,-1
292,14,1198.01,151.31,111.64,80.12,1,-1,-1,-1
292,17,1035.79,478.80,201.01,148.38,1,-1,-1,-1
292,20,1099.63,100.73,98.84,63.18,1,-1,-1,-1
292,21,1048.49,73.80,89.05,64.42,1,-1,-1,-1
292,23,1819.86,562.35,97.62,93.80,1,-1,-1,-1
293,10,386.73,281.95,276.59,298.98,1,-1,-1,-1
293,11,385.07,204.36,76.02,37.01,1,-1,-1,-1
293,14,1206.34,148.87,111.87,79.96,1,-1,-1,-1
293,17,1036.18,472.37,198.45,146.59,1,-1,-1,-1
293,20,1085.01,102.37,99.82,63.68,1,-1,-1,-1
293,21,1054.65,74.43,85.98,64.86,1,-1,-1,-1
293,23,1822.22,564.07,95.28,94.84,1,-1,-1,-1
294,10,381.99,286.45,279.49,302.17,1,-1,-1,-1
294,11,385.07,204.36,76.02,37.01,1,-1,-1,-1
294,14,1215.02,146.44,112.01,79.85,1,-1,-1,-1
294,17,1037.16,465.94,195.90,144.76,1,-1,-1,-1
294,20,1070.23,104.04,100.70,64.19,1,-1,-1,-1
294,21,1059.99,75.06,83.38,65.30,1,-1,-1,-1
294,23,1824.59,565.79,92.93,95.88,1,-1,-1,-1
295,10,377.17,290.96,282.55,305.40,1,-1,-1,-1
295,11,385.07,204.36,76.01,37.00,1,-1,-1,-1
295,14,1224.01,144.01,112.08,79.79,1,-1,-1,-1
295,17,1038.75,459.52,193.41,142.93,1,-1,-1,-1
295,20,1055.33,105.73,101.46,64.68,1,-1,-1,-1
295,21,1064.50,75.69,81.25,65.74,1,-1,-1,-1
295,23,1826.96,567.52,90.59,96.91,1,-1,-1,-1
296,10,372.25,295.48,285.80,308.65,1,-1,-1,-1
296,11,385.07,204.35,76.00,37.00,1,-1,-1,-1
296,14,1233.29,141.60,112.08,79.78,1,-1,-1,-1
296,17,1041.01,453.13,191.05,141.13,1,-1,-1,-1
296,20,1040.34,107.44,102.12,65.18,1,-1,-1,-1
296,21,1068.22,76.32,79.56,66.18,1,-1,-1,-1
296,23,1829.32,569.24,88.25,97.95,1,-1,-1,-1
297,10,367.18,299.99,289.26,311.94,1,-1,-1,-1
297,11,385.07,204.35,76.00,37.00,1,-1,-1,-1
297,14,1242.80,139.21,112.00,79.79,1,-1,-1,-1
297,17,1043.92,446.78,188.85,139.37,1,-1,-1,-1
297,20,1025.29,109.16,102.69,65.68,1,-1,-1,-1
297,21,1071.18,76.95,78.25,66.62,1,-1,-1,-1
297,23,1831.69,570.97,85.90,98.99,1,-1,-1,-1
298,10,361.94,304.51,292.95,315.26,1,-1,-1,-1
298,11,385.07,204.35,75.99,37.00,1,-1,-1,-1
298,14,1252.51,136.83,111.85,79.83,1,-1,-1,-1
298,17,1047.49,440.45,186.83,137.64,1,-1,-1,-1
298,20,1010.20,110.88,103.15,66.19,1,-1,-1,-1
298,21,1073.40,77.57,77.29,67.06,1,-1,-1,-1
298,23,1834.06,572.69,83.56,100.03,1,-1,-1,-1
299,10,356.49,309.01,296.89,318.61,1,-1,-1,-1
299,11,385.07,204.35,75.99,36.99,1,-1,-1,-1
299,14,1262.37,134.48,111.63,79.88,1,-1,-1,-1
299,17,1051.67,434.17,184.98,135.94,1,-1,-1,-1
299,20,995.10,112.59,103.53,66.71,1,-1,-1,-1
299,21,1074.91,78.20,76.64,67.50,1,-1,-1,-1
299,23,1836.42,574.42,81.22,101.06,1,-1,-1,-1
300,10,350.81,313.49,301.09,321.99,1,-1,-1,-1
300,11,385.07,204.35,75.98,36.99,1,-1,-1,-1
300,14,1272.35,132.14,111.31,79.92,1,-1,-1,-1
300,17,1056.43,427.93,183.24,134.27,1,-1,-1,-1
300,20,980.03,114.29,103.81,67.24,1,-1,-1,-1
300,21,1075.73,78.83,76.29,67.94,1,-1,-1,-1
300,23,1838.79,576.14,78.87,102.10,1,-1,-1,-1
301,10,344.88,317.96,305.58,325.41,1,-1,-1,-1
301,11,385.07,204.35,75.97,36.99,1,-1,-1,-1
301,14,1282.41,129.84,110.91,79.94,1,-1,-1,-1
301,17,1061.73,421.72,181.57,132.64,1,-1,-1,-1
301,20,965.01,115.96,104.02,67.80,1,-1,-1,-1
301,21,1075.87,79.46,76.23,68.38,1,-1,-1,-1
301,23,1841.15,577.87,76.53,103.14,1,-1,-1,-1
302,10,338.68,322.39,310.34,328.86,1,-1,-1,-1
302,11,385.07,204.34,75.97,36.98,1,-1,-1,-1
302,14,1292.52,127.56,110.41,79.93,1,-1,-1,-1
302,17,1067.53,415.54,179.90,131.07,1,-1,-1,-1
302,20,950.07,117.59,104.16,68.37,1,-1,-1,-1
302,21,1075.33,80.09,76.50,68.82,1,-1,-1,-1
302,23,1843.52,579.59,74.19,104.18,1,-1,-1,-1
303,10,332.21,326.80,315.40,332.35,1,-1,-1,-1
303,11,385.07,204.34,75.96,36.98,1,-1,-1,-1
303,14,1302.63,125.31,109.82,79.88,1,-1,-1,-1
303,17,1073.78,409.37,178.19,129.58,1,-1,-1,-1
303,20,935.24,119.19,104.24,68.96,1,-1,-1,-1
303,21,1074.11,80.72,77.11,69.26,1,-1,-1,-1
303,23,1845.89,581.31,71.84,105.21,1,-1,-1,-1
304,10,325.47,331.18,320.72,335.87,1,-1,-1,-1
304,11,385.07,204.34,75.96,36.98,1,-1,-1,-1
304,14,1312.73,123.09,109.12,79.78,1,-1,-1,-1
304,17,1080.46,403.21,176.44,128.19,1,-1,-1,-1
304,20,920.53,120.74,104.27,69.57,1,-1,-1,-1
304,21,1072.30,81.34,78.05,69.69,1,-1,-1,-1
304,23,1848.25,583.04,69.50,106.25,1,-1,-1,-1
305,10,318.48,335.52,326.30,339.43,1,-1,-1,-1
305,11,385.07,204.34,75.95,36.98,1,-1,-1,-1
305,14,1322.79,120.90,108.30,79.61,1,-1,-1,-1
305,17,1087.52,397.04,174.69,126.92,1,-1,-1,-1
305,20,905.98,122.24,104.26,70.19,1,-1,-1,-1
305,21,1070.00,81.97,79.26,70.13,1,-1,-1,-1
305,23,1850.62,584.76,67.16,107.29,1,-1,-1,-1
306,10,311.24,339.82,332.11,343.02,1,-1,-1,-1
306,11,385.07,204.34,75.94,36.97,1,-1,-1,-1
306,14,1332.78,118.72,107.35,79.37,1,-1,-1,-1
306,17,1094.95,390.83,173.01,125.76,1,-1,-1,-1
306,20,891.60,123.70,104.23,70.83,1,-1,-1,-1
306,21,1067.40,82.60,80.65,70.57,1,-1,-1,-1
306,23,1852.98,586.49,64.81,108.32,1,-1,-1,-1
307,10,303.78,344.07,338.11,346.65,1,-1,-1,-1
307,11,385.07,204.33,75.94,36.97,1,-1,-1,-1
307,14,1342.70,116.57,106.25,79.05,1,-1,-1,-1
307,17,1102.72,384.58,171.47,124.74,1,-1,-1,-1
307,20,877.39,125.11,104.18,71.45,1,-1,-1,-1
307,21,1064.72,83.23,82.08,71.01,1,-1,-1,-1
307,23,1855.35,588.21,62.47,109.36,1,-1,-1,-1
308,10,296.11,348.29,344.27,350.31,1,-1,-1,-1
308,11,385.07,204.33,75.93,36.97,1,-1,-1,-1
308,14,1352.51,114.44,104.98,78.63,1,-1,-1,-1
308,17,1110.82,378.27,170.09,123.85,1,-1,-1,-1
308,20,863.38,126.48,104.13,72.07,1,-1,-1,-1
308,21,1062.19,83.86,83.41,71.45,1,-1,-1,-1
308,23,1857.72,589.94,60.13,110.40,1,-1,-1,-1
309,10,288.26,352.46,350.56,354.00,1,-1,-1,-1
309,11,385.07,204.33,75.93,36.96,1,-1,-1,-1
309,14,1362.22,112.31,103.51,78.10,1,-1,-1,-1
309,17,1119.21,371.88,168.90,123.09,1,-1,-1,-1
309,20,849.56,127.82,104.08,72.68,1,-1,-1,-1
309,21,1060.04,84.49,84.53,71.89,1,-1,-1,-1
309,23,1860.08,591.66,57.78,111.44,1,-1,-1,-1
310,10,280.25,356.59,356.94,357.73,1,-1,-1,-1
310,11,385.07,204.33,75.92,36.96,1,-1,-1,-1
310,14,1371.80,110.19,101.85,77.46,1,-1,-1,-1
310,17,1127.89,365.39,167.93,122.43,1,-1,-1,-1
310,20,835.93,129.13,104.05,73.27,1,-1,-1,-1
310,21,1058.43,85.11,85.34,72.33,1,-1,-1,-1
310,23,1862.45,593.38,55.44,112.47,1,-1,-1,-1
