1,1,307.56,559.73,244.99,177.31,1,-1,-1,-1
1,2,946.67,210.73,122.77,102.92,1,-1,-1,-1
2,1,304.18,564.31,244.25,179.26,1,-1,-1,-1
2,2,948.65,209.17,121.71,102.10,1,-1,-1,-1
3,1,301.39,569.05,242.94,181.16,1,-1,-1,-1
3,2,950.52,207.56,120.61,101.29,1,-1,-1,-1
4,1,297.24,573.93,242.91,183.00,1,-1,-1,-1
4,2,952.31,205.91,119.49,100.48,1,-1,-1,-1
5,1,291.22,578.94,244.66,184.75,1,-1,-1,-1
5,2,954.02,204.21,118.34,99.67,1,-1,-1,-1
6,1,283.97,584.06,247.59,186.40,1,-1,-1,-1
6,2,955.67,202.47,117.19,98.87,1,-1,-1,-1
7,1,276.53,589.27,250.69,187.95,1,-1,-1,-1
7,2,957.28,200.69,116.03,98.08,1,-1,-1,-1
8,1,269.62,594.56,253.27,189.40,1,-1,-1,-1
8,2,958.88,198.88,114.88,97.30,1,-1,-1,-1
9,1,263.29,599.89,255.24,190.78,1,-1,-1,-1
9,2,960.49,197.03,113.74,96.53,1,-1,-1,-1
10,1,257.10,605.23,257.07,192.13,1,-1,-1,-1
10,2,962.12,195.16,112.62,95.78,1,-1,-1,-1
11,1,250.57,610.54,259.26,193.52,1,-1,-1,-1
11,2,963.80,193.27,111.53,95.04,1,-1,-1,-1
12,1,243.56,615.78,261.97,195.01,1,-1,-1,-1
12,2,965.56,191.37,110.46,94.32,1,-1,-1,-1
13,1,236.37,620.90,265.02,196.66,1,-1,-1,-1
13,2,967.40,189.46,109.42,93.63,1,-1,-1,-1
14,1,229.28,625.86,268.19,198.56,1,-1,-1,-1
14,2,969.36,187.55,108.42,92.95,1,-1,-1,-1
15,1,222.06,630.62,271.73,200.75,1,-1,-1,-1
15,2,971.44,185.63,107.47,92.30,1,-1,-1,-1
16,1,214.24,635.17,276.03,203.24,1,-1,-1,-1
16,2,973.66,183.71,106.60,91.68,1,-1,-1,-1
17,1,205.65,639.54,281.09,206.03,1,-1,-1,-1
17,2,976.04,181.79,105.80,91.09,1,-1,-1,-1
18,1,196.50,643.75,286.57,209.07,1,-1,-1,-1
18,2,978.59,179.87,105.11,90.51,1,-1,-1,-1
19,1,187.06,647.84,292.06,212.28,1,-1,-1,-1
19,2,981.33,177.97,104.55,89.96,1,-1,-1,-1
20,1,177.68,651.87,297.19,215.55,1,-1,-1,-1
20,2,984.26,176.07,104.13,89.43,1,-1,-1,-1
21,1,168.83,655.89,301.47,218.77,1,-1,-1,-1
21,2,987.39,174.18,103.85,88.92,1,-1,-1,-1
22,1,161.02,659.92,304.40,221.82,1,-1,-1,-1
22,2,990.75,172.30,103.74,88.42,1,-1,-1,-1
23,1,154.19,664.00,306.03,224.59,1,-1,-1,-1
23,2,994.34,170.43,103.78,87.94,1,-1,-1,-1
24,1,147.53,668.12,307.19,227.00,1,-1,-1,-1
24,2,998.18,168.58,103.96,87.46,1,-1,-1,-1
25,1,139.89,672.29,309.06,229.03,1,-1,-1,-1
25,2,1002.27,166.73,104.26,87.00,1,-1,-1,-1
26,1,130.92,676.47,312.14,230.64,1,-1,-1,-1
26,2,1006.63,164.89,104.65,86.54,1,-1,-1,-1
27,1,121.55,680.65,315.70,231.85,1,-1,-1,-1
27,2,1011.26,163.06,105.09,86.10,1,-1,-1,-1
28,1,112.79,684.81,318.92,232.71,1,-1,-1,-1
28,2,1016.17,161.24,105.55,85.67,1,-1,-1,-1
29,1,104.95,688.91,321.61,233.25,1,-1,-1,-1
29,2,1021.37,159.42,106.00,85.25,1,-1,-1,-1
30,1,97.78,692.96,324.04,233.54,1,-1,-1,-1
30,2,1026.84,157.62,106.41,84.84,1,-1,-1,-1
31,1,90.87,696.94,326.58,233.63,1,-1,-1,-1
31,2,1032.59,155.83,106.77,84.43,1,-1,-1,-1
32,1,83.76,700.86,329.62,233.57,1,-1,-1,-1
32,2,1038.60,154.07,107.04,84.02,1,-1,-1,-1
33,1,75.92,704.71,333.62,233.42,1,-1,-1,-1
33,2,1044.87,152.33,107.23,83.60,1,-1,-1,-1
34,1,66.75,708.48,339.09,233.21,1,-1,-1,-1
34,2,1051.38,150.63,107.32,83.17,1,-1,-1,-1
35,1,56.03,712.16,346.21,232.98,1,-1,-1,-1
35,2,1058.12,148.97,107.33,82.70,1,-1,-1,-1
36,1,44.50,715.73,354.21,232.76,1,-1,-1,-1
36,2,1065.07,147.36,107.26,82.20,1,-1,-1,-1
37,1,33.92,719.15,361.30,232.57,1,-1,-1,-1
37,2,1072.22,145.80,107.13,81.65,1,-1,-1,-1
38,1,25.62,722.42,366.02,232.43,1,-1,-1,-1
38,2,1079.55,144.31,106.97,81.05,1,-1,-1,-1
39,1,19.61,725.53,368.28,232.35,1,-1,-1,-1
39,2,1087.03,142.88,106.79,80.38,1,-1,-1,-1
40,1,15.09,728.53,368.81,232.31,1,-1,-1,-1
40,2,1094.64,141.52,106.62,79.66,1,-1,-1,-1
41,1,11.32,731.48,368.42,232.28,1,-1,-1,-1
41,2,1102.36,140.22,106.49,78.86,1,-1,-1,-1
42,1,7.79,734.46,367.68,232.25,1,-1,-1,-1
42,2,1110.18,138.98,106.41,78.01,1,-1,-1,-1
43,1,4.06,737.56,367.08,232.18,1,-1,-1,-1
43,2,1118.05,137.80,106.40,77.10,1,-1,-1,-1
44,1,-0.45,740.83,367.21,232.08,1,-1,-1,-1
44,2,1125.98,136.68,106.46,76.14,1,-1,-1,-1
45,1,-6.30,744.32,368.63,231.96,1,-1,-1,-1
45,2,1133.92,135.59,106.60,75.14,1,-1,-1,-1
46,2,1141.87,134.54,106.79,74.12,1,-1,-1,-1
47,2,1149.80,133.51,107.04,73.08,1,-1,-1,-1
48,2,1157.70,132.49,107.30,72.06,1,-1,-1,-1
49,2,1165.55,131.48,107.57,71.05,1,-1,-1,-1
50,2,1173.36,130.45,107.80,70.07,1,-1,-1,-1
51,2,1181.12,129.41,107.98,69.14,1,-1,-1,-1
52,2,1188.82,128.34,108.08,68.27,1,-1,-1,-1
53,2,1196.47,127.24,108.09,67.47,1,-1,-1,-1
54,2,1204.08,126.09,107.99,66.74,1,-1,-1,-1
55,2,1211.65,124.91,107.76,66.09,1,-1,-1,-1
56,2,1219.20,123.68,107.38,65.53,1,-1,-1,-1
57,2,1226.73,122.40,106.85,65.04,1,-1,-1,-1
58,2,1234.25,121.07,106.14,64.64,1,-1,-1,-1
59,2,1241.76,119.70,105.23,64.31,1,-1,-1,-1
60,2,1249.27,118.29,104.11,64.05,1,-1,-1,-1
61,2,1256.76,116.85,102.77,63.85,1,-1,-1,-1
62,2,1264.25,115.39,101.22,63.70,1,-1,-1,-1
63,2,1271.70,113.91,99.49,63.58,1,-1,-1,-1
64,2,1279.12,112.42,97.59,63.49,1,-1,-1,-1
65,2,1286.47,110.94,95.58,63.40,1,-1,-1,-1
66,2,1293.74,109.47,93.52,63.31,1,-1,-1,-1
67,2,1300.91,108.01,91.46,63.21,1,-1,-1,-1
67,8,1573.09,697.84,344.86,258.21,1,-1,-1,-1
68,2,1307.95,106.57,89.47,63.09,1,-1,-1,-1
68,8,1558.71,690.22,341.17,253.49,1,-1,-1,-1
69,2,1314.85,105.16,87.60,62.95,1,-1,-1,-1
69,8,1544.44,682.59,337.35,248.85,1,-1,-1,-1
70,2,1321.59,103.76,85.91,62.77,1,-1,-1,-1
70,8,1530.36,674.95,333.37,244.29,1,-1,-1,-1
71,2,1328.15,102.38,84.41,62.57,1,-1,-1,-1
71,8,1516.53,667.31,329.19,239.82,1,-1,-1,-1
72,2,1334.54,101.03,83.12,62.33,1,-1,-1,-1
72,8,1503.01,659.67,324.79,235.44,1,-1,-1,-1
73,2,1340.74,99.68,82.06,62.06,1,-1,-1,-1
73,8,1489.85,652.04,320.14,231.15,1,-1,-1,-1
74,2,1346.75,98.35,81.24,61.75,1,-1,-1,-1
74,8,1477.08,644.42,315.24,226.97,1,-1,-1,-1
75,2,1352.58,97.03,80.63,61.42,1,-1,-1,-1
75,8,1464.74,636.81,310.11,222.88,1,-1,-1,-1
76,2,1358.23,95.70,80.22,61.06,1,-1,-1,-1
76,8,1452.84,629.21,304.74,218.89,1,-1,-1,-1
77,2,1363.71,94.37,80.01,60.68,1,-1,-1,-1
77,8,1441.39,621.63,299.15,215.00,1,-1,-1,-1
78,2,1369.03,93.02,79.95,60.27,1,-1,-1,-1
78,8,1430.40,614.07,293.37,211.22,1,-1,-1,-1
79,2,1374.21,91.66,80.02,59.85,1,-1,-1,-1
79,8,1419.85,606.53,287.43,207.54,1,-1,-1,-1
80,2,1379.26,90.27,80.21,59.42,1,-1,-1,-1
80,8,1409.73,599.02,281.37,203.95,1,-1,-1,-1
81,2,1384.19,88.85,80.48,58.98,1,-1,-1,-1
81,8,1400.03,591.54,275.23,200.46,1,-1,-1,-1
82,8,1390.70,584.08,269.06,197.06,1,-1,-1,-1
83,8,1381.71,576.66,262.94,193.75,1,-1,-1,-1
84,8,1373.03,569.27,256.90,190.52,1,-1,-1,-1
85,8,1364.63,561.91,250.99,187.38,1,-1,-1,-1
86,8,1356.49,554.58,245.26,184.31,1,-1,-1,-1
87,8,1348.60,547.29,239.71,181.32,1,-1,-1,-1
88,8,1340.96,540.02,234.36,178.39,1,-1,-1,-1
89,8,1333.59,532.78,229.21,175.52,1,-1,-1,-1
90,8,1326.50,525.57,224.23,172.71,1,-1,-1,-1
91,8,1319.71,518.39,219.41,169.95,1,-1,-1,-1
92,8,1313.23,511.23,214.71,167.24,1,-1,-1,-1
93,8,1307.07,504.08,210.11,164.57,1,-1,-1,-1
94,8,1301.20,496.96,205.59,161.95,1,-1,-1,-1
95,8,1295.58,489.85,201.15,159.36,1,-1,-1,-1
96,8,1290.14,482.76,196.81,156.82,1,-1,-1,-1
97,8,1284.80,475.68,192.61,154.31,1,-1,-1,-1
98,8,1279.42,468.61,188.59,151.84,1,-1,-1,-1
99,8,1273.91,461.55,184.81,149.41,1,-1,-1,-1
100,8,1268.13,454.50,181.31,147.03,1,-1,-1,-1
101,8,1261.97,447.47,178.14,144.68,1,-1,-1,-1
102,3,1495.87,673.88,422.72,405.10,1,-1,-1,-1
102,8,1255.33,440.45,175.31,142.38,1,-1,-1,-1
103,3,1484.04,666.37,432.50,396.80,1,-1,-1,-1
103,8,1248.12,433.45,172.85,140.13,1,-1,-1,-1
104,3,1472.25,658.86,439.93,388.48,1,-1,-1,-1
104,8,1240.30,426.47,170.75,137.93,1,-1,-1,-1
105,3,1460.54,651.36,444.63,380.15,1,-1,-1,-1
105,8,1231.82,419.52,168.97,135.78,1,-1,-1,-1
106,3,1448.93,643.87,446.26,371.84,1,-1,-1,-1
106,8,1222.71,412.60,167.48,133.69,1,-1,-1,-1
107,3,1437.46,636.40,444.65,363.55,1,-1,-1,-1
107,8,1213.00,405.72,166.22,131.64,1,-1,-1,-1
108,3,1426.16,628.94,439.80,355.31,1,-1,-1,-1
108,8,1202.76,398.89,165.11,129.65,1,-1,-1,-1
109,3,1415.08,621.51,431.98,347.15,1,-1,-1,-1
109,8,1192.06,392.10,164.09,127.72,1,-1,-1,-1
110,3,1404.26,614.09,421.66,339.09,1,-1,-1,-1
110,8,1181.00,385.38,163.09,125.85,1,-1,-1,-1
111,3,1393.75,606.71,409.51,331.17,1,-1,-1,-1
111,8,1169.67,378.72,162.05,124.03,1,-1,-1,-1
112,3,1383.57,599.34,396.30,323.42,1,-1,-1,-1
112,8,1158.18,372.13,160.94,122.27,1,-1,-1,-1
113,3,1373.76,592.01,382.80,315.87,1,-1,-1,-1
113,4,1135.86,80.37,84.34,43.23,1,-1,-1,-1
113,8,1146.61,365.62,159.72,120.57,1,-1,-1,-1
114,3,1364.34,584.70,369.69,308.53,1,-1,-1,-1
114,4,1122.44,81.34,83.39,42.50,1,-1,-1,-1
114,8,1135.06,359.20,158.38,118.92,1,-1,-1,-1
115,3,1355.31,577.42,357.54,301.44,1,-1,-1,-1
115,4,1109.02,82.30,82.44,41.77,1,-1,-1,-1
115,8,1123.61,352.86,156.91,117.33,1,-1,-1,-1
116,3,1346.69,570.17,346.70,294.60,1,-1,-1,-1
116,4,1095.60,83.27,81.48,41.05,1,-1,-1,-1
116,8,1112.31,346.63,155.32,115.79,1,-1,-1,-1
117,3,1338.47,562.95,337.28,288.04,1,-1,-1,-1
117,4,1082.19,84.23,80.53,40.32,1,-1,-1,-1
117,8,1101.23,340.50,153.62,114.30,1,-1,-1,-1
118,3,1330.66,555.77,329.24,281.75,1,-1,-1,-1
118,4,1068.77,85.20,79.57,39.59,1,-1,-1,-1
118,8,1090.42,334.47,151.83,112.86,1,-1,-1,-1
119,3,1323.25,548.61,322.33,275.74,1,-1,-1,-1
119,4,1055.35,86.16,78.62,38.86,1,-1,-1,-1
119,8,1079.92,328.56,149.98,111.47,1,-1,-1,-1
120,3,1316.24,541.48,316.18,270.02,1,-1,-1,-1
120,4,1041.93,87.13,77.67,38.14,1,-1,-1,-1
120,8,1069.78,322.76,148.09,110.13,1,-1,-1,-1
121,3,1309.62,534.39,310.40,264.57,1,-1,-1,-1
121,4,1028.52,88.09,76.71,37.41,1,-1,-1,-1
121,8,1060.03,317.08,146.18,108.83,1,-1,-1,-1
122,3,1303.38,527.32,304.66,259.38,1,-1,-1,-1
122,4,1015.10,89.05,75.76,36.68,1,-1,-1,-1
122,8,1050.74,311.52,144.24,107.56,1,-1,-1,-1
123,3,1297.53,520.28,298.74,254.46,1,-1,-1,-1
123,4,1001.68,90.02,74.80,35.95,1,-1,-1,-1
123,8,1041.96,306.08,142.28,106.34,1,-1,-1,-1
124,3,1292.03,513.27,292.57,249.79,1,-1,-1,-1
124,4,988.26,90.98,73.85,35.23,1,-1,-1,-1
124,8,1033.74,300.77,140.28,105.14,1,-1,-1,-1
125,3,1286.88,506.28,286.22,245.35,1,-1,-1,-1
125,4,974.85,91.95,72.90,34.50,1,-1,-1,-1
125,8,1026.15,295.59,138.22,103.98,1,-1,-1,-1
126,3,1282.06,499.32,279.79,241.13,1,-1,-1,-1
126,4,961.43,92.91,71.94,33.77,1,-1,-1,-1
126,8,1019.24,290.53,136.08,102.84,1,-1,-1,-1
127,3,1277.53,492.38,273.40,237.12,1,-1,-1,-1
127,8,1013.05,285.60,133.84,101.73,1,-1,-1,-1
128,3,1273.26,485.46,267.15,233.30,1,-1,-1,-1
128,8,1007.60,280.80,131.49,100.63,1,-1,-1,-1
129,3,1269.22,478.55,261.18,229.67,1,-1,-1,-1
129,8,1002.91,276.13,129.04,99.56,1,-1,-1,-1
130,3,1265.36,471.66,255.61,226.20,1,-1,-1,-1
130,8,998.98,271.59,126.48,98.50,1,-1,-1,-1
131,3,1261.65,464.79,250.53,222.88,1,-1,-1,-1
131,8,995.78,267.18,123.82,97.44,1,-1,-1,-1
132,3,1258.06,457.92,245.94,219.69,1,-1,-1,-1
132,8,993.27,262.89,121.11,96.40,1,-1,-1,-1
133,3,1254.55,451.07,241.78,216.61,1,-1,-1,-1
133,8,991.39,258.72,118.36,95.37,1,-1,-1,-1
134,3,1251.11,444.24,237.92,213.61,1,-1,-1,-1
134,8,990.07,254.68,115.63,94.35,1,-1,-1,-1
135,3,1247.70,437.41,234.20,210.68,1,-1,-1,-1
135,8,989.22,250.75,112.97,93.33,1,-1,-1,-1
136,3,1244.30,430.61,230.46,207.80,1,-1,-1,-1
136,8,988.73,246.94,110.43,92.33,1,-1,-1,-1
137,3,1240.90,423.82,226.58,204.95,1,-1,-1,-1
137,8,988.53,243.24,108.06,91.33,1,-1,-1,-1
138,3,1237.48,417.05,222.49,202.11,1,-1,-1,-1
138,8,988.51,239.64,105.93,90.35,1,-1,-1,-1
139,3,1234.03,410.31,218.24,199.27,1,-1,-1,-1
139,8,988.59,236.15,104.06,89.38,1,-1,-1,-1
140,3,1230.52,403.59,213.93,196.42,1,-1,-1,-1
140,8,988.72,232.75,102.49,88.43,1,-1,-1,-1
141,3,1226.96,396.91,209.75,193.55,1,-1,-1,-1
141,8,988.84,229.44,101.21,87.51,1,-1,-1,-1
142,3,1223.34,390.27,205.86,190.64,1,-1,-1,-1
142,8,988.91,226.22,100.24,86.61,1,-1,-1,-1
143,3,1219.65,383.67,202.40,187.70,1,-1,-1,-1
143,8,988.95,223.08,99.56,85.74,1,-1,-1,-1
144,3,1215.92,377.12,199.41,184.72,1,-1,-1,-1
144,8,988.94,220.01,99.14,84.91,1,-1,-1,-1
145,3,1212.15,370.62,196.89,181.70,1,-1,-1,-1
145,8,988.92,217.01,98.95,84.11,1,-1,-1,-1
146,3,1208.35,364.18,194.73,178.63,1,-1,-1,-1
146,8,988.93,214.07,98.95,83.35,1,-1,-1,-1
147,3,1204.54,357.80,192.81,175.53,1,-1,-1,-1
147,8,989.02,211.19,99.09,82.64,1,-1,-1,-1
148,3,1200.73,351.49,191.01,172.40,1,-1,-1,-1
148,8,989.24,208.37,99.34,81.96,1,-1,-1,-1
149,3,1196.93,345.25,189.24,169.25,1,-1,-1,-1
149,8,989.65,205.60,99.65,81.33,1,-1,-1,-1
150,3,1193.15,339.09,187.40,166.09,1,-1,-1,-1
150,8,990.31,202.87,99.98,80.74,1,-1,-1,-1
151,3,1189.40,333.01,185.45,162.94,1,-1,-1,-1
151,8,991.26,200.20,100.30,80.18,1,-1,-1,-1
152,3,1185.69,327.01,183.39,159.82,1,-1,-1,-1
152,8,992.55,197.56,100.58,79.66,1,-1,-1,-1
153,3,1182.03,321.10,181.19,156.73,1,-1,-1,-1
153,8,994.22,194.97,100.79,79.17,1,-1,-1,-1
154,3,1178.41,315.28,178.86,153.69,1,-1,-1,-1
154,8,996.30,192.42,100.92,78.70,1,-1,-1,-1
155,3,1174.86,309.55,176.42,150.73,1,-1,-1,-1
155,8,998.79,189.92,100.96,78.24,1,-1,-1,-1
156,3,1171.37,303.91,173.94,147.83,1,-1,-1,-1
156,5,1342.09,28.63,153.38,95.65,1,-1,-1,-1
156,8,1001.72,187.45,100.90,77.80,1,-1,-1,-1
157,3,1167.95,298.37,171.52,145.02,1,-1,-1,-1
157,5,1335.25,28.76,153.08,97.03,1,-1,-1,-1
157,8,1005.09,185.03,100.77,77.36,1,-1,-1,-1
158,3,1164.62,292.93,169.30,142.29,1,-1,-1,-1
158,5,1328.41,28.90,152.78,98.41,1,-1,-1,-1
158,8,1008.89,182.64,100.57,76.91,1,-1,-1,-1
159,3,1161.37,287.58,167.35,139.66,1,-1,-1,-1
159,5,1321.58,29.03,152.48,99.79,1,-1,-1,-1
159,8,1013.10,180.30,100.33,76.46,1,-1,-1,-1
160,3,1158.22,282.33,165.68,137.12,1,-1,-1,-1
160,5,1314.74,29.16,152.18,101.17,1,-1,-1,-1
160,8,1017.72,178.01,100.08,75.99,1,-1,-1,-1
161,3,1155.18,277.19,164.21,134.68,1,-1,-1,-1
161,5,1307.90,29.29,151.88,102.55,1,-1,-1,-1
161,8,1022.72,175.75,99.85,75.49,1,-1,-1,-1
162,3,1152.25,272.14,162.79,132.33,1,-1,-1,-1
162,5,1301.07,29.43,151.58,103.93,1,-1,-1,-1
162,8,1028.08,173.54,99.66,74.98,1,-1,-1,-1
163,3,1149.45,267.20,161.24,130.07,1,-1,-1,-1
163,5,1294.23,29.56,151.28,105.31,1,-1,-1,-1
163,8,1033.77,171.38,99.53,74.43,1,-1,-1,-1
164,3,1146.77,262.36,159.39,127.91,1,-1,-1,-1
164,5,1287.39,29.69,150.98,106.69,1,-1,-1,-1
164,8,1039.76,169.26,99.47,73.85,1,-1,-1,-1
165,3,1144.22,257.62,157.14,125.85,1,-1,-1,-1
165,5,1280.56,29.82,150.67,108.07,1,-1,-1,-1
165,8,1046.03,167.19,99.49,73.23,1,-1,-1,-1
166,3,1141.81,252.99,154.52,123.87,1,-1,-1,-1
166,5,1273.72,29.96,150.38,109.45,1,-1,-1,-1
166,8,1052.52,165.16,99.61,72.57,1,-1,-1,-1
167,3,1139.52,248.45,151.67,121.99,1,-1,-1,-1
167,5,1266.88,30.09,150.07,110.83,1,-1,-1,-1
167,8,1059.22,163.18,99.81,71.88,1,-1,-1,-1
168,3,1137.36,244.02,148.80,120.21,1,-1,-1,-1
168,5,1260.05,30.22,149.77,112.21,1,-1,-1,-1
168,8,1066.08,161.25,100.10,71.15,1,-1,-1,-1
169,3,1135.32,239.68,146.10,118.53,1,-1,-1,-1
169,5,1253.21,30.35,149.47,113.59,1,-1,-1,-1
169,8,1073.07,159.36,100.47,70.38,1,-1,-1,-1
170,3,1133.39,235.44,143.73,116.94,1,-1,-1,-1
170,5,1246.37,30.49,149.17,114.97,1,-1,-1,-1
170,8,1080.19,157.52,100.90,69.58,1,-1,-1,-1
171,3,1131.57,231.30,141.75,115.45,1,-1,-1,-1
171,5,1239.54,30.62,148.87,116.35,1,-1,-1,-1
171,8,1087.40,155.72,101.37,68.75,1,-1,-1,-1
172,3,1129.85,227.25,140.21,114.06,1,-1,-1,-1
172,6,1230.12,91.27,91.97,53.62,1,-1,-1,-1
172,8,1094.71,153.97,101.87,67.89,1,-1,-1,-1
173,3,1128.22,223.30,139.08,112.77,1,-1,-1,-1
173,6,1224.22,82.39,104.22,64.62,1,-1,-1,-1
173,8,1102.11,152.26,102.37,67.00,1,-1,-1,-1
174,3,1126.70,219.44,138.28,111.58,1,-1,-1,-1
174,6,1218.08,72.43,116.23,76.66,1,-1,-1,-1
174,8,1109.61,150.59,102.84,66.10,1,-1,-1,-1
175,3,1125.29,215.67,137.72,110.48,1,-1,-1,-1
175,6,1211.68,62.31,127.55,88.79,1,-1,-1,-1
175,8,1117.21,148.95,103.25,65.19,1,-1,-1,-1
176,3,1124.00,212.00,137.23,109.47,1,-1,-1,-1
176,6,1205.00,53.14,137.65,99.93,1,-1,-1,-1
176,8,1124.93,147.36,103.58,64.28,1,-1,-1,-1
177,3,1122.87,208.41,136.67,108.54,1,-1,-1,-1
177,6,1197.99,45.87,146.02,109.13,1,-1,-1,-1
177,8,1132.77,145.80,103.78,63.37,1,-1,-1,-1
178,3,1121.91,204.91,135.91,107.67,1,-1,-1,-1
178,6,1190.62,41.04,152.30,115.84,1,-1,-1,-1
178,8,1140.74,144.28,103.86,62.47,1,-1,-1,-1
179,3,1121.16,201.49,134.85,106.87,1,-1,-1,-1
179,6,1182.86,38.66,156.32,120.08,1,-1,-1,-1
179,8,1148.83,142.79,103.78,61.58,1,-1,-1,-1
180,3,1120.66,198.16,133.42,106.11,1,-1,-1,-1
180,6,1174.67,38.26,158.19,122.29,1,-1,-1,-1
180,8,1157.03,141.32,103.55,60.71,1,-1,-1,-1
180,9,5.30,765.92,271.71,216.89,1,-1,-1,-1
181,3,1120.43,194.92,131.64,105.39,1,-1,-1,-1
181,6,1166.04,39.20,158.26,123.13,1,-1,-1,-1
181,8,1165.34,139.89,103.18,59.86,1,-1,-1,-1
181,9,5.29,767.47,268.68,223.03,1,-1,-1,-1
182,3,1120.51,191.76,129.56,104.70,1,-1,-1,-1
182,6,1156.96,40.85,157.07,123.22,1,-1,-1,-1
182,8,1173.73,138.49,102.67,59.03,1,-1,-1,-1
182,9,5.37,769.02,265.80,229.82,1,-1,-1,-1
183,3,1120.95,188.68,127.31,104.03,1,-1,-1,-1
183,6,1147.41,42.76,155.25,123.04,1,-1,-1,-1
183,8,1182.19,137.11,102.03,58.24,1,-1,-1,-1
183,9,5.54,770.57,263.06,237.09,1,-1,-1,-1
184,3,1121.77,185.68,125.05,103.38,1,-1,-1,-1
184,6,1137.41,44.63,153.49,122.87,1,-1,-1,-1
184,8,1190.71,135.76,101.26,57.47,1,-1,-1,-1
184,9,5.80,772.12,260.47,244.65,1,-1,-1,-1
185,3,1123.02,182.77,122.90,102.73,1,-1,-1,-1
185,6,1126.98,46.32,152.48,122.85,1,-1,-1,-1
185,8,1199.29,134.43,100.36,56.74,1,-1,-1,-1
185,9,6.14,773.67,258.05,252.22,1,-1,-1,-1
186,3,1124.73,179.93,120.95,102.07,1,-1,-1,-1
186,6,1116.12,47.78,152.81,123.04,1,-1,-1,-1
186,8,1207.93,133.11,99.32,56.05,1,-1,-1,-1
186,9,6.52,775.22,255.81,259.52,1,-1,-1,-1
187,3,1126.92,177.16,119.25,101.41,1,-1,-1,-1
187,6,1104.88,48.95,154.91,123.52,1,-1,-1,-1
187,8,1216.66,131.82,98.12,55.38,1,-1,-1,-1
187,9,6.92,776.77,253.75,266.27,1,-1,-1,-1
188,3,1129.62,174.47,117.84,100.72,1,-1,-1,-1
188,6,1093.26,49.73,159.01,124.36,1,-1,-1,-1
188,8,1225.50,130.54,96.75,54.76,1,-1,-1,-1
188,9,7.28,778.32,251.88,272.20,1,-1,-1,-1
189,3,1132.85,171.85,116.75,100.00,1,-1,-1,-1
189,6,1081.31,50.12,165.02,125.57,1,-1,-1,-1
189,8,1234.47,129.26,95.19,54.17,1,-1,-1,-1
189,9,7.60,779.87,250.19,277.09,1,-1,-1,-1
190,3,1136.62,169.30,116.01,99.24,1,-1,-1,-1
190,6,1069.05,50.23,172.56,127.05,1,-1,-1,-1
190,8,1243.60,128.00,93.44,53.62,1,-1,-1,-1
190,9,7.83,781.42,248.66,280.84,1,-1,-1,-1
191,3,1140.93,166.81,115.62,98.43,1,-1,-1,-1
191,6,1056.53,50.20,181.07,128.66,1,-1,-1,-1
191,7,1548.90,679.81,376.07,306.95,1,-1,-1,-1
191,8,1252.90,126.74,91.51,53.11,1,-1,-1,-1
191,9,7.99,782.98,247.25,283.45,1,-1,-1,-1
192,3,1145.77,164.39,115.55,97.58,1,-1,-1,-1
192,6,1043.78,50.18,189.94,130.23,1,-1,-1,-1
192,7,1538.09,671.23,373.42,302.77,1,-1,-1,-1
192,8,1262.36,125.48,89.40,52.63,1,-1,-1,-1
192,9,8.07,784.53,245.90,285.01,1,-1,-1,-1
193,3,1151.15,162.02,115.73,96.67,1,-1,-1,-1
193,6,1030.83,50.30,198.56,131.65,1,-1,-1,-1
193,7,1527.42,662.71,370.46,298.63,1,-1,-1,-1
193,8,1271.96,124.23,87.16,52.18,1,-1,-1,-1
193,9,8.08,786.08,244.57,285.71,1,-1,-1,-1
194,3,1157.04,159.70,116.07,95.72,1,-1,-1,-1
194,6,1017.74,50.66,206.34,132.83,1,-1,-1,-1
194,7,1516.90,654.24,367.19,294.50,1,-1,-1,-1
194,8,1281.65,122.96,84.83,51.77,1,-1,-1,-1
194,9,8.04,787.63,243.19,285.75,1,-1,-1,-1
195,3,1163.42,157.43,116.42,94.71,1,-1,-1,-1
195,6,1004.54,51.31,212.79,133.69,1,-1,-1,-1
195,7,1506.56,645.83,363.60,290.38,1,-1,-1,-1
195,8,1291.37,121.69,82.45,51.39,1,-1,-1,-1
195,9,7.95,789.18,241.72,285.34,1,-1,-1,-1
196,3,1170.28,155.21,116.68,93.67,1,-1,-1,-1
196,6,991.28,52.23,217.58,134.28,1,-1,-1,-1
196,7,1496.41,637.51,359.67,286.27,1,-1,-1,-1
196,8,1301.04,120.42,80.11,51.04,1,-1,-1,-1
196,9,7.83,790.73,240.11,284.64,1,-1,-1,-1
197,3,1177.60,153.02,116.75,92.59,1,-1,-1,-1
197,6,978.01,53.30,220.60,134.71,1,-1,-1,-1
197,7,1486.48,629.28,355.43,282.15,1,-1,-1,-1
197,8,1310.54,119.12,77.90,50.71,1,-1,-1,-1
197,9,7.68,792.28,238.32,283.77,1,-1,-1,-1
198,3,1185.34,150.87,116.58,91.49,1,-1,-1,-1
198,6,964.75,54.37,221.96,135.14,1,-1,-1,-1
198,7,1476.78,621.15,350.89,278.03,1,-1,-1,-1
198,8,1319.74,117.81,75.93,50.41,1,-1,-1,-1
198,9,7.52,793.83,236.32,282.78,1,-1,-1,-1
199,3,1193.48,148.75,116.24,90.37,1,-1,-1,-1
199,6,951.54,55.30,221.93,135.70,1,-1,-1,-1
199,7,1467.30,613.13,346.07,273.89,1,-1,-1,-1
199,8,1328.51,116.49,74.33,50.12,1,-1,-1,-1
199,9,7.35,795.38,234.07,281.69,1,-1,-1,-1
200,3,1201.98,146.66,115.84,89.24,1,-1,-1,-1
200,6,938.41,56.03,220.88,136.48,1,-1,-1,-1
200,7,1458.05,605.22,341.01,269.73,1,-1,-1,-1
200,8,1336.73,115.14,73.18,49.86,1,-1,-1,-1
200,9,7.17,796.93,231.53,280.51,1,-1,-1,-1
201,3,1210.82,144.60,115.52,88.13,1,-1,-1,-1
201,6,925.36,56.61,219.17,137.41,1,-1,-1,-1
201,7,1449.01,597.44,335.74,265.56,1,-1,-1,-1
201,8,1344.32,113.77,72.56,49.61,1,-1,-1,-1
201,9,6.99,798.48,228.66,279.22,1,-1,-1,-1
202,3,1219.95,142.55,115.45,87.02,1,-1,-1,-1
202,6,912.42,57.20,217.14,138.34,1,-1,-1,-1
202,7,1440.18,589.79,330.31,261.36,1,-1,-1,-1
202,8,1351.21,112.38,72.47,49.38,1,-1,-1,-1
202,9,6.83,800.03,225.40,277.82,1,-1,-1,-1
203,3,1229.34,140.53,115.70,85.95,1,-1,-1,-1
203,6,899.60,58.00,215.11,139.09,1,-1,-1,-1
203,7,1431.55,582.26,324.77,257.14,1,-1,-1,-1
203,8,1357.42,110.96,72.89,49.16,1,-1,-1,-1
203,9,6.67,801.59,221.68,276.32,1,-1,-1,-1
204,3,1238.94,138.52,116.26,84.91,1,-1,-1,-1
204,6,886.91,59.11,213.38,139.55,1,-1,-1,-1
204,7,1423.11,574.86,319.14,252.91,1,-1,-1,-1
204,8,1362.96,109.51,73.76,48.94,1,-1,-1,-1
204,9,6.53,803.14,217.47,274.71,1,-1,-1,-1
205,3,1248.73,136.52,117.01,83.92,1,-1,-1,-1
205,6,874.37,60.48,212.11,139.77,1,-1,-1,-1
205,7,1414.84,567.60,313.47,248.66,1,-1,-1,-1
205,8,1367.87,108.03,74.98,48.74,1,-1,-1,-1
205,9,6.40,804.69,212.70,273.01,1,-1,-1,-1
206,3,1258.66,134.53,117.79,82.98,1,-1,-1,-1
206,6,861.99,61.91,211.38,139.95,1,-1,-1,-1
206,7,1406.74,560.45,307.77,244.41,1,-1,-1,-1
206,8,1372.21,106.52,76.48,48.54,1,-1,-1,-1
206,9,6.29,806.24,207.37,271.22,1,-1,-1,-1
207,3,1268.71,132.55,118.43,82.11,1,-1,-1,-1
207,6,849.80,63.23,211.13,140.30,1,-1,-1,-1
207,7,1398.81,553.43,302.05,240.15,1,-1,-1,-1
207,8,1376.04,104.98,78.17,48.35,1,-1,-1,-1
207,9,6.19,807.79,201.47,269.39,1,-1,-1,-1
208,3,1278.82,130.58,118.81,81.31,1,-1,-1,-1
208,6,837.82,64.34,211.26,140.88,1,-1,-1,-1
208,7,1391.04,546.52,296.33,235.90,1,-1,-1,-1
208,8,1379.39,103.41,79.98,48.16,1,-1,-1,-1
208,9,6.11,809.34,195.06,267.56,1,-1,-1,-1
209,3,1288.98,128.61,118.87,80.58,1,-1,-1,-1
209,6,826.09,65.31,211.60,141.66,1,-1,-1,-1
209,7,1383.44,539.72,290.62,231.66,1,-1,-1,-1
209,8,1382.30,101.80,81.86,47.98,1,-1,-1,-1
209,9,6.07,810.89,188.20,265.80,1,-1,-1,-1
210,3,1299.16,126.64,118.66,79.93,1,-1,-1,-1
210,6,814.61,66.31,212.01,142.47,1,-1,-1,-1
210,7,1376.00,533.01,284.91,227.44,1,-1,-1,-1
210,8,1384.81,100.16,83.78,47.79,1,-1,-1,-1
210,9,6.08,812.44,181.02,264.21,1,-1,-1,-1
211,3,1309.31,124.67,118.21,79.35,1,-1,-1,-1
211,6,803.42,67.48,212.37,143.16,1,-1,-1,-1
211,7,1368.74,526.39,279.21,223.25,1,-1,-1,-1
211,8,1386.93,98.48,85.72,47.61,1,-1,-1,-1
211,9,6.14,813.99,173.70,262.87,1,-1,-1,-1
212,3,1319.43,122.70,117.58,78.84,1,-1,-1,-1
212,6,792.52,68.95,212.62,143.63,1,-1,-1,-1
212,7,1361.63,519.85,273.52,219.11,1,-1,-1,-1
212,8,1388.67,96.77,87.66,47.42,1,-1,-1,-1
212,9,6.24,815.54,166.46,261.89,1,-1,-1,-1
213,3,1329.47,120.72,116.83,78.40,1,-1,-1,-1
213,6,781.94,70.75,212.72,143.84,1,-1,-1,-1
213,7,1354.68,513.37,267.85,215.01,1,-1,-1,-1
213,9,6.36,817.09,159.51,261.32,1,-1,-1,-1
214,3,1339.42,118.74,116.03,78.02,1,-1,-1,-1
214,6,771.69,72.81,212.70,143.87,1,-1,-1,-1
214,7,1347.88,506.95,262.20,210.98,1,-1,-1,-1
215,3,1349.26,116.74,115.17,77.70,1,-1,-1,-1
215,6,761.78,74.96,212.59,143.89,1,-1,-1,-1
215,7,1341.22,500.57,256.59,207.02,1,-1,-1,-1
216,3,1358.97,114.74,114.22,77.41,1,-1,-1,-1
216,6,752.21,76.97,212.38,144.16,1,-1,-1,-1
216,7,1334.69,494.22,251.03,203.14,1,-1,-1,-1
217,3,1368.53,112.72,113.11,77.16,1,-1,-1,-1
217,6,743.01,78.54,212.04,144.95,1,-1,-1,-1
217,7,1328.28,487.88,245.56,199.34,1,-1,-1,-1
218,3,1377.93,110.68,111.75,76.94,1,-1,-1,-1
218,6,734.16,79.40,211.48,146.54,1,-1,-1,-1
218,7,1321.99,481.56,240.18,195.65,1,-1,-1,-1
219,3,1387.17,108.63,110.05,76.72,1,-1,-1,-1
219,6,725.68,79.33,210.64,149.17,1,-1,-1,-1
219,7,1315.82,475.23,234.93,192.06,1,-1,-1,-1
220,6,717.55,78.24,209.42,152.93,1,-1,-1,-1
220,7,1309.76,468.90,229.84,188.58,1,-1,-1,-1
221,6,709.78,76.20,207.78,157.71,1,-1,-1,-1
221,7,1303.83,462.56,224.91,185.22,1,-1,-1,-1
222,6,702.36,73.47,205.69,163.30,1,-1,-1,-1
222,7,1298.02,456.20,220.18,181.97,1,-1,-1,-1
223,6,695.29,70.35,203.20,169.38,1,-1,-1,-1
223,7,1292.35,449.82,215.64,178.83,1,-1,-1,-1
224,6,688.57,67.09,200.43,175.69,1,-1,-1,-1
224,7,1286.82,443.43,211.31,175.81,1,-1,-1,-1
225,6,682.17,63.87,197.50,182.05,1,-1,-1,-1
225,7,1281.44,437.03,207.18,172.91,1,-1,-1,-1
225,10,1402.29,90.15,65.70,44.34,1,-1,-1,-1
226,6,676.11,60.79,194.55,188.37,1,-1,-1,-1
226,7,1276.22,430.61,203.23,170.11,1,-1,-1,-1
226,10,1384.31,90.29,66.74,43.74,1,-1,-1,-1
227,6,670.36,58.05,191.72,194.45,1,-1,-1,-1
227,7,1271.17,424.19,199.47,167.42,1,-1,-1,-1
227,10,1366.33,90.43,67.77,43.15,1,-1,-1,-1
228,6,664.92,56.00,189.11,199.93,1,-1,-1,-1
228,7,1266.28,417.77,195.88,164.84,1,-1,-1,-1
228,10,1348.35,90.57,68.80,42.55,1,-1,-1,-1
229,6,659.78,55.24,186.75,204.23,1,-1,-1,-1
229,7,1261.55,411.36,192.46,162.35,1,-1,-1,-1
229,10,1330.37,90.71,69.83,41.96,1,-1,-1,-1
230,6,654.91,56.43,184.59,206.67,1,-1,-1,-1
230,7,1256.99,404.95,189.21,159.96,1,-1,-1,-1
230,10,1312.39,90.86,70.86,41.36,1,-1,-1,-1
231,6,650.31,60.06,182.58,206.76,1,-1,-1,-1
231,7,1252.58,398.57,186.12,157.66,1,-1,-1,-1
231,10,1294.41,91.00,71.90,40.76,1,-1,-1,-1
232,6,645.93,66.09,180.68,204.54,1,-1,-1,-1
232,7,1248.31,392.21,183.18,155.45,1,-1,-1,-1
232,10,1276.43,91.14,72.93,40.17,1,-1,-1,-1
232,11,385.39,210.83,85.26,38.83,1,-1,-1,-1
233,6,641.75,73.85,178.86,200.67,1,-1,-1,-1
233,7,1244.18,385.88,180.40,153.31,1,-1,-1,-1
233,10,1258.44,91.28,73.96,39.57,1,-1,-1,-1
233,11,385.33,210.84,85.32,38.82,1,-1,-1,-1
234,6,637.72,82.25,177.09,196.25,1,-1,-1,-1
234,7,1240.18,379.59,177.76,151.25,1,-1,-1,-1
234,10,1240.46,91.42,74.99,38.98,1,-1,-1,-1
234,11,385.26,210.85,85.37,38.80,1,-1,-1,-1
235,6,633.81,90.25,175.27,192.29,1,-1,-1,-1
235,7,1236.29,373.36,175.24,149.26,1,-1,-1,-1
235,10,1222.48,91.56,76.03,38.38,1,-1,-1,-1
235,11,385.20,210.86,85.43,38.79,1,-1,-1,-1
236,6,629.99,97.16,173.36,189.48,1,-1,-1,-1
236,7,1232.51,367.17,172.85,147.33,1,-1,-1,-1
236,10,1204.50,91.70,77.06,37.78,1,-1,-1,-1
236,11,385.14,210.88,85.49,38.77,1,-1,-1,-1
237,6,626.20,102.71,171.34,188.07,1,-1,-1,-1
237,7,1228.84,361.05,170.56,145.46,1,-1,-1,-1
237,10,1186.52,91.85,78.09,37.19,1,-1,-1,-1
237,11,385.08,210.89,85.54,38.75,1,-1,-1,-1
238,6,622.44,106.94,169.29,188.02,1,-1,-1,-1
238,7,1225.26,355.00,168.37,143.63,1,-1,-1,-1
238,10,1168.54,91.99,79.12,36.59,1,-1,-1,-1
238,11,385.02,210.90,85.60,38.74,1,-1,-1,-1
239,6,618.67,110.07,167.33,189.09,1,-1,-1,-1
239,7,1221.77,349.04,166.27,141.85,1,-1,-1,-1
239,10,1150.56,92.13,80.15,36.00,1,-1,-1,-1
239,11,384.95,210.92,85.66,38.72,1,-1,-1,-1
240,6,614.90,112.37,165.64,191.00,1,-1,-1,-1
240,7,1218.37,343.15,164.25,140.10,1,-1,-1,-1
240,10,1132.58,92.27,81.19,35.40,1,-1,-1,-1
240,11,384.89,210.93,85.71,38.70,1,-1,-1,-1
241,6,611.11,114.11,164.37,193.45,1,-1,-1,-1
241,7,1215.04,337.36,162.32,138.38,1,-1,-1,-1
241,10,1114.60,92.41,82.22,34.80,1,-1,-1,-1
241,11,384.83,210.94,85.77,38.69,1,-1,-1,-1
242,6,607.33,115.58,163.64,196.14,1,-1,-1,-1
242,7,1211.77,331.67,160.47,136.68,1,-1,-1,-1
242,10,1096.62,92.55,83.25,34.21,1,-1,-1,-1
242,11,384.77,210.95,85.83,38.67,1,-1,-1,-1
243,6,603.57,117.06,163.47,198.79,1,-1,-1,-1
243,7,1208.57,326.08,158.71,135.01,1,-1,-1,-1
243,10,1078.64,92.70,84.28,33.61,1,-1,-1,-1
243,11,384.71,210.97,85.88,38.66,1,-1,-1,-1
244,6,599.87,118.81,163.77,201.12,1,-1,-1,-1
244,7,1205.42,320.59,157.03,133.36,1,-1,-1,-1
244,10,1060.65,92.84,85.32,33.02,1,-1,-1,-1
244,11,384.64,210.98,85.94,38.64,1,-1,-1,-1
245,6,596.23,121.05,164.40,202.91,1,-1,-1,-1
245,7,1202.31,315.21,155.44,131.72,1,-1,-1,-1
245,10,1042.67,92.98,86.35,32.42,1,-1,-1,-1
245,11,384.58,210.99,86.00,38.62,1,-1,-1,-1
246,6,592.70,123.94,165.18,203.99,1,-1,-1,-1
246,7,1199.24,309.94,153.93,130.09,1,-1,-1,-1
246,10,1024.69,93.12,87.38,31.82,1,-1,-1,-1
246,11,384.52,211.00,86.05,38.61,1,-1,-1,-1
247,6,589.30,127.56,165.95,204.28,1,-1,-1,-1
247,7,1196.20,304.77,152.50,128.48,1,-1,-1,-1
247,10,1006.71,93.26,88.41,31.23,1,-1,-1,-1
247,11,384.46,211.02,86.11,38.59,1,-1,-1,-1
248,6,586.02,131.86,166.60,203.83,1,-1,-1,-1
248,7,1193.18,299.71,151.12,126.87,1,-1,-1,-1
248,10,988.73,93.40,89.44,30.63,1,-1,-1,-1
248,11,384.40,211.03,86.17,38.58,1,-1,-1,-1
249,6,582.88,136.64,167.12,202.85,1,-1,-1,-1
249,7,1190.18,294.76,149.80,125.29,1,-1,-1,-1
249,10,970.75,93.55,90.48,30.04,1,-1,-1,-1
249,11,384.33,211.04,86.22,38.56,1,-1,-1,-1
250,6,579.85,141.51,167.62,201.75,1,-1,-1,-1
250,7,1187.20,289.91,148.51,123.72,1,-1,-1,-1
250,10,952.77,93.69,91.51,29.44,1,-1,-1,-1
250,11,384.27,211.06,86.28,38.54,1,-1,-1,-1
251,6,576.93,146.01,168.28,200.99,1,-1,-1,-1
251,7,1184.21,285.16,147.24,122.16,1,-1,-1,-1
251,11,384.21,211.07,86.34,38.53,1,-1,-1,-1
252,6,574.08,149.79,169.28,200.92,1,-1,-1,-1
252,7,1181.24,280.51,145.97,120.63,1,-1,-1,-1
252,11,384.15,211.08,86.39,38.51,1,-1,-1,-1
253,6,571.27,152.74,170.76,201.68,1,-1,-1,-1
253,7,1178.26,275.96,144.68,119.12,1,-1,-1,-1
253,11,384.09,211.09,86.45,38.49,1,-1,-1,-1
254,6,568.46,154.95,172.78,203.21,1,-1,-1,-1
254,7,1175.28,271.50,143.37,117.64,1,-1,-1,-1
254,11,384.02,211.11,86.51,38.48,1,-1,-1,-1
254,12,1052.48,760.28,412.04,309.57,1,-1,-1,-1
255,6,565.63,156.64,175.31,205.28,1,-1,-1,-1
255,7,1172.30,267.12,142.02,116.19,1,-1,-1,-1
255,11,383.96,211.12,86.56,38.46,1,-1,-1,-1
255,12,1059.05,752.28,403.20,302.82,1,-1,-1,-1
256,6,562.73,158.12,178.27,207.63,1,-1,-1,-1
256,7,1169.32,262.84,140.63,114.77,1,-1,-1,-1
256,11,383.90,211.13,86.62,38.45,1,-1,-1,-1
256,12,1065.15,744.16,394.36,296.17,1,-1,-1,-1
257,6,559.75,159.68,181.54,209.95,1,-1,-1,-1
257,7,1166.35,258.63,139.19,113.38,1,-1,-1,-1
257,11,383.84,211.14,86.68,38.43,1,-1,-1,-1
257,12,1070.50,735.92,385.78,289.64,1,-1,-1,-1
258,6,556.67,161.56,184.97,212.06,1,-1,-1,-1
258,7,1163.38,254.51,137.72,112.04,1,-1,-1,-1
258,11,383.78,211.16,86.73,38.41,1,-1,-1,-1
258,12,1074.84,727.57,377.65,283.26,1,-1,-1,-1
259,6,553.47,163.80,188.46,213.90,1,-1,-1,-1
259,7,1160.43,250.47,136.21,110.73,1,-1,-1,-1
259,11,383.71,211.17,86.79,38.40,1,-1,-1,-1
259,12,1078.03,719.13,370.08,277.05,1,-1,-1,-1
260,6,550.15,166.30,191.90,215.59,1,-1,-1,-1
260,7,1157.50,246.50,134.68,109.46,1,-1,-1,-1
260,11,383.65,211.18,86.85,38.38,1,-1,-1,-1
260,12,1080.06,710.62,363.06,271.00,1,-1,-1,-1
261,6,546.69,168.90,195.28,217.31,1,-1,-1,-1
261,7,1154.61,242.61,133.13,108.23,1,-1,-1,-1
261,11,383.59,211.20,86.90,38.37,1,-1,-1,-1
261,12,1081.03,702.06,356.49,265.14,1,-1,-1,-1
262,6,543.09,171.42,198.63,219.24,1,-1,-1,-1
262,7,1151.76,238.79,131.57,107.05,1,-1,-1,-1
262,11,383.53,211.21,86.96,38.35,1,-1,-1,-1
262,12,1081.11,693.50,350.23,259.44,1,-1,-1,-1
263,6,539.35,173.80,202.00,221.44,1,-1,-1,-1
263,7,1148.98,235.04,130.01,105.90,1,-1,-1,-1
263,11,383.47,211.22,87.02,38.33,1,-1,-1,-1
263,12,1080.53,684.95,344.13,253.92,1,-1,-1,-1
263,13,1397.71,73.92,66.28,46.61,1,-1,-1,-1
264,6,535.46,176.09,205.47,223.87,1,-1,-1,-1
264,7,1146.29,231.36,128.44,104.79,1,-1,-1,-1
264,11,383.40,211.23,87.07,38.32,1,-1,-1,-1
264,12,1079.50,676.44,338.06,248.57,1,-1,-1,-1
264,13,1389.17,74.95,66.13,47.45,1,-1,-1,-1
265,6,531.41,178.39,209.10,226.42,1,-1,-1,-1
265,7,1143.70,227.76,126.87,103.72,1,-1,-1,-1
265,11,383.34,211.25,87.13,38.30,1,-1,-1,-1
265,12,1078.20,667.99,331.95,243.37,1,-1,-1,-1
265,13,1380.79,75.91,65.96,48.31,1,-1,-1,-1
266,6,527.20,180.82,212.93,228.99,1,-1,-1,-1
266,7,1141.23,224.23,125.30,102.69,1,-1,-1,-1
266,11,383.28,211.26,87.19,38.28,1,-1,-1,-1
266,12,1076.73,659.64,325.77,238.34,1,-1,-1,-1
266,13,1372.53,76.86,65.78,49.10,1,-1,-1,-1
267,6,522.84,183.43,216.94,231.50,1,-1,-1,-1
267,7,1138.92,220.77,123.73,101.69,1,-1,-1,-1
267,11,383.22,211.27,87.24,38.27,1,-1,-1,-1
267,12,1075.14,651.39,319.55,233.45,1,-1,-1,-1
267,13,1364.34,77.87,65.61,49.75,1,-1,-1,-1
268,6,518.32,186.16,221.05,234.01,1,-1,-1,-1
268,7,1136.77,217.38,122.15,100.72,1,-1,-1,-1
268,11,383.16,211.28,87.30,38.25,1,-1,-1,-1
268,12,1073.42,643.26,313.35,228.70,1,-1,-1,-1
268,13,1356.18,78.98,65.49,50.21,1,-1,-1,-1
269,6,513.66,188.93,225.13,236.62,1,-1,-1,-1
269,7,1134.83,214.06,120.58,99.78,1,-1,-1,-1
269,11,383.09,211.30,87.36,38.24,1,-1,-1,-1
269,12,1071.51,635.27,307.27,224.10,1,-1,-1,-1
269,13,1347.98,80.20,65.47,50.49,1,-1,-1,-1
270,6,508.86,191.64,229.04,239.41,1,-1,-1,-1
270,7,1133.11,210.82,119.01,98.86,1,-1,-1,-1
270,11,383.03,211.31,87.41,38.22,1,-1,-1,-1
270,12,1069.32,627.42,301.41,219.62,1,-1,-1,-1
270,13,1339.70,81.50,65.59,50.62,1,-1,-1,-1
271,6,503.93,194.30,232.61,242.38,1,-1,-1,-1
271,7,1131.65,207.66,117.45,97.96,1,-1,-1,-1
271,11,382.97,211.32,87.47,38.20,1,-1,-1,-1
271,12,1066.81,619.72,295.83,215.27,1,-1,-1,-1
271,13,1331.30,82.83,65.91,50.64,1,-1,-1,-1
272,6,498.86,197.01,235.72,245.41,1,-1,-1,-1
272,7,1130.47,204.57,115.92,97.09,1,-1,-1,-1
272,11,382.91,211.33,87.53,38.19,1,-1,-1,-1
272,12,1063.97,612.17,290.56,211.05,1,-1,-1,-1
272,13,1322.74,84.14,66.46,50.63,1,-1,-1,-1
273,6,493.67,199.96,238.23,248.32,1,-1,-1,-1
273,7,1129.61,201.55,114.44,96.23,1,-1,-1,-1
273,11,382.85,211.35,87.58,38.17,1,-1,-1,-1
273,12,1060.87,604.77,285.52,206.95,1,-1,-1,-1
273,13,1314.00,85.39,67.29,50.64,1,-1,-1,-1
274,6,488.34,203.36,240.13,250.90,1,-1,-1,-1
274,7,1129.10,198.60,113.02,95.38,1,-1,-1,-1
274,11,382.79,211.36,87.64,38.16,1,-1,-1,-1
274,12,1057.66,597.51,280.60,202.98,1,-1,-1,-1
274,13,1305.07,86.52,68.42,50.74,1,-1,-1,-1
275,6,482.89,207.31,241.47,253.03,1,-1,-1,-1
275,7,1128.96,195.72,111.68,94.55,1,-1,-1,-1
275,11,382.72,211.37,87.70,38.14,1,-1,-1,-1
275,12,1054.53,590.38,275.64,199.15,1,-1,-1,-1
275,13,1295.94,87.48,69.84,51.02,1,-1,-1,-1
276,6,477.32,211.74,242.45,254.79,1,-1,-1,-1
276,7,1129.22,192.91,110.46,93.73,1,-1,-1,-1
276,11,382.66,211.39,87.75,38.12,1,-1,-1,-1
276,12,1051.66,583.39,270.50,195.45,1,-1,-1,-1
276,13,1286.59,88.22,71.55,51.53,1,-1,-1,-1
276,14,949.22,78.65,81.59,53.80,1,-1,-1,-1
277,6,471.63,216.40,243.36,256.44,1,-1,-1,-1
277,7,1129.91,190.17,109.38,92.92,1,-1,-1,-1
277,11,382.60,211.40,87.81,38.11,1,-1,-1,-1
277,12,1049.20,576.51,265.11,191.88,1,-1,-1,-1
277,13,1277.04,88.73,73.51,52.29,1,-1,-1,-1
277,14,955.25,77.89,82.74,55.12,1,-1,-1,-1
278,6,465.83,220.87,244.54,258.38,1,-1,-1,-1
278,7,1131.05,187.49,108.46,92.13,1,-1,-1,-1
278,11,382.54,211.41,87.87,38.09,1,-1,-1,-1
278,12,1047.22,569.75,259.44,188.46,1,-1,-1,-1
278,13,1267.26,89.08,75.67,53.26,1,-1,-1,-1
278,14,961.28,77.13,83.90,56.44,1,-1,-1,-1
279,6,459.94,224.76,246.22,260.99,1,-1,-1,-1
279,7,1132.67,184.86,107.71,91.34,1,-1,-1,-1
279,11,382.48,211.42,87.92,38.08,1,-1,-1,-1
279,12,1045.71,563.08,253.58,185.17,1,-1,-1,-1
279,13,1257.26,89.36,77.94,54.36,1,-1,-1,-1
279,14,967.31,76.38,85.05,57.76,1,-1,-1,-1
280,6,454.00,227.87,248.53,264.49,1,-1,-1,-1
280,7,1134.77,182.29,107.16,90.57,1,-1,-1,-1
280,12,1044.58,556.50,247.69,182.02,1,-1,-1,-1
280,13,1247.01,89.67,80.27,55.50,1,-1,-1,-1
280,14,973.34,75.62,86.21,59.08,1,-1,-1,-1
281,6,448.03,230.23,251.41,268.82,1,-1,-1,-1
281,7,1137.39,179.77,106.81,89.81,1,-1,-1,-1
281,12,1043.66,550.01,241.95,179.01,1,-1,-1,-1
281,13,1236.50,90.05,82.57,56.65,1,-1,-1,-1
281,14,979.37,74.86,87.36,60.40,1,-1,-1,-1
282,6,442.09,232.17,254.64,273.66,1,-1,-1,-1
282,7,1140.52,177.30,106.65,89.07,1,-1,-1,-1
282,12,1042.79,543.58,236.56,176.11,1,-1,-1,-1
282,13,1225.69,90.53,84.83,57.77,1,-1,-1,-1
282,14,985.41,74.10,88.51,61.72,1,-1,-1,-1
283,6,436.21,234.19,257.96,278.50,1,-1,-1,-1
283,7,1144.18,174.86,106.68,88.34,1,-1,-1,-1
283,12,1041.84,537.21,231.66,173.32,1,-1,-1,-1
283,13,1214.53,91.10,87.04,58.89,1,-1,-1,-1
283,14,991.44,73.35,89.67,63.03,1,-1,-1,-1
284,6,430.45,236.83,261.12,282.78,1,-1,-1,-1
284,7,1148.38,172.45,106.87,87.64,1,-1,-1,-1
284,12,1040.72,530.91,227.34,170.61,1,-1,-1,-1
284,13,1202.99,91.70,89.22,60.06,1,-1,-1,-1
284,14,997.47,72.59,90.82,64.35,1,-1,-1,-1
285,6,424.82,240.52,263.95,286.09,1,-1,-1,-1
285,7,1153.11,170.07,107.20,86.96,1,-1,-1,-1
285,12,1039.43,524.65,223.62,167.98,1,-1,-1,-1
285,13,1191.03,92.24,91.39,61.37,1,-1,-1,-1
285,14,1003.50,71.83,91.98,65.67,1,-1,-1,-1
286,6,419.35,245.34,266.39,288.34,1,-1,-1,-1
286,7,1158.37,167.71,107.64,86.30,1,-1,-1,-1
286,12,1038.00,518.43,220.43,165.39,1,-1,-1,-1
286,13,1178.61,92.64,93.57,62.89,1,-1,-1,-1
286,14,1009.53,71.07,93.13,66.99,1,-1,-1,-1
287,6,414.05,250.97,268.49,289.83,1,-1,-1,-1
287,7,1164.14,165.36,108.16,85.68,1,-1,-1,-1
287,12,1036.56,512.26,217.68,162.82,1,-1,-1,-1
287,13,1165.73,92.84,95.77,64.69,1,-1,-1,-1
287,14,1015.57,70.32,94.29,68.31,1,-1,-1,-1
288,6,408.89,256.84,270.39,291.14,1,-1,-1,-1
288,7,1170.41,163.01,108.72,85.08,1,-1,-1,-1
288,12,1035.22,506.13,215.22,160.28,1,-1,-1,-1
288,13,1152.41,92.86,97.98,66.74,1,-1,-1,-1
288,14,1021.60,69.56,95.44,69.63,1,-1,-1,-1
289,6,403.84,262.37,272.27,292.83,1,-1,-1,-1
289,7,1177.15,160.67,109.28,84.52,1,-1,-1,-1
289,12,1034.11,500.02,212.90,157.76,1,-1,-1,-1
289,13,1138.66,92.74,100.15,68.99,1,-1,-1,-1
289,14,1027.63,68.80,96.60,70.95,1,-1,-1,-1
290,6,398.87,267.21,274.26,295.28,1,-1,-1,-1
290,7,1184.35,158.33,109.82,83.99,1,-1,-1,-1
290,12,1033.35,493.94,210.61,155.26,1,-1,-1,-1
290,13,1124.56,92.61,102.22,71.31,1,-1,-1,-1
290,14,1033.66,68.04,97.75,72.26,1,-1,-1,-1
291,6,393.94,271.20,276.44,298.60,1,-1,-1,-1
291,7,1191.95,155.98,110.31,83.50,1,-1,-1,-1
291,12,1033.05,487.87,208.25,152.78,1,-1,-1,-1
291,13,1110.18,92.58,104.09,73.57,1,-1,-1,-1
291,14,1039.69,67.29,98.90,73.58,1,-1,-1,-1
292,6,389.00,274.45,278.86,302.71,1,-1,-1,-1
292,7,1199.94,153.63,110.72,83.04,1,-1,-1,-1
292,12,1033.26,481.80,205.75,150.37,1,-1,-1,-1
292,13,1095.58,92.83,105.70,75.61,1,-1,-1,-1
292,14,1045.73,66.53,100.06,74.90,1,-1,-1,-1
293,6,384.01,277.19,281.50,307.36,1,-1,-1,-1
293,7,1208.27,151.27,111.05,82.61,1,-1,-1,-1
293,12,1034.08,475.72,203.10,148.01,1,-1,-1,-1
293,13,1080.87,93.52,106.99,77.25,1,-1,-1,-1
294,6,378.93,279.75,284.35,312.22,1,-1,-1,-1
294,7,1216.91,148.91,111.29,82.22,1,-1,-1,-1
294,12,1035.54,469.62,200.26,145.74,1,-1,-1,-1
294,13,1066.10,94.86,107.93,78.28,1,-1,-1,-1
295,6,373.74,282.48,287.38,316.93,1,-1,-1,-1
295,7,1225.82,146.54,111.45,81.85,1,-1,-1,-1
295,12,1037.71,463.50,197.25,143.56,1,-1,-1,-1
295,13,1051.34,96.96,108.52,78.57,1,-1,-1,-1
296,6,368.44,285.70,290.53,321.17,1,-1,-1,-1
296,7,1234.96,144.17,111.55,81.50,1,-1,-1,-1
296,12,1040.61,457.36,194.10,141.48,1,-1,-1,-1
296,13,1036.61,99.79,108.81,78.16,1,-1,-1,-1
297,6,363.01,289.66,293.71,324.67,1,-1,-1,-1
297,7,1244.29,141.80,111.58,81.17,1,-1,-1,-1
297,12,1044.21,451.22,190.89,139.47,1,-1,-1,-1
297,13,1021.93,103.12,108.84,77.24,1,-1,-1,-1
298,6,357.46,294.50,296.82,327.32,1,-1,-1,-1
298,7,1253.77,139.42,111.58,80.87,1,-1,-1,-1
298,12,1048.42,445.07,187.78,137.55,1,-1,-1,-1
298,13,1007.31,106.71,108.67,76.06,1,-1,-1,-1
298,15,1080.79,76.87,76.48,68.42,1,-1,-1,-1
299,6,351.81,300.18,299.81,329.11,1,-1,-1,-1
299,7,1263.37,137.04,111.54,80.57,1,-1,-1,-1
299,12,1053.12,438.92,184.90,135.70,1,-1,-1,-1
299,13,992.77,110.31,108.38,74.84,1,-1,-1,-1
299,15,1079.01,78.01,77.01,69.07,1,-1,-1,-1
300,6,346.06,306.49,302.73,330.28,1,-1,-1,-1
300,7,1273.06,134.67,111.48,80.30,1,-1,-1,-1
300,12,1058.19,432.77,182.39,133.89,1,-1,-1,-1
300,13,978.29,113.77,108.02,73.73,1,-1,-1,-1
300,15,1077.22,79.14,77.53,69.71,1,-1,-1,-1
301,6,340.24,313.04,305.74,331.20,1,-1,-1,-1
301,7,1282.79,132.29,111.39,80.03,1,-1,-1,-1
301,12,1063.55,426.64,180.31,132.13,1,-1,-1,-1
301,13,963.90,116.99,107.64,72.82,1,-1,-1,-1
301,15,1075.43,80.28,78.05,70.36,1,-1,-1,-1
302,6,334.35,319.48,309.06,332.22,1,-1,-1,-1
302,7,1292.54,129.91,111.28,79.78,1,-1,-1,-1
302,12,1069.12,420.51,178.71,130.41,1,-1,-1,-1
302,13,949.60,119.91,107.27,72.17,1,-1,-1,-1
302,15,1073.65,81.42,78.57,71.01,1,-1,-1,-1
303,6,328.41,325.57,312.88,333.57,1,-1,-1,-1
303,7,1302.29,127.53,111.14,79.54,1,-1,-1,-1
303,12,1074.85,414.39,177.55,128.71,1,-1,-1,-1
303,13,935.38,122.50,106.94,71.82,1,-1,-1,-1
303,15,1071.86,82.55,79.09,71.66,1,-1,-1,-1
304,6,322.44,331.10,317.35,335.48,1,-1,-1,-1
304,7,1312.00,125.15,110.95,79.31,1,-1,-1,-1
304,12,1080.75,408.25,176.78,127.04,1,-1,-1,-1
304,13,921.25,124.76,106.66,71.76,1,-1,-1,-1
304,15,1070.08,83.69,79.62,72.31,1,-1,-1,-1
305,6,316.45,335.85,322.50,338.14,1,-1,-1,-1
305,7,1321.66,122.76,110.70,79.10,1,-1,-1,-1
305,12,1086.79,402.09,176.30,125.39,1,-1,-1,-1
305,13,907.22,126.70,106.45,71.98,1,-1,-1,-1
305,15,1068.29,84.83,80.14,72.96,1,-1,-1,-1
306,6,310.44,339.64,328.26,341.73,1,-1,-1,-1
306,7,1331.24,120.36,110.37,78.90,1,-1,-1,-1
306,12,1092.97,395.90,176.03,123.76,1,-1,-1,-1
306,13,893.31,128.35,106.29,72.47,1,-1,-1,-1
306,15,1066.51,85.97,80.66,73.60,1,-1,-1,-1
307,6,304.42,342.32,334.44,346.39,1,-1,-1,-1
307,7,1340.74,117.95,109.96,78.71,1,-1,-1,-1
307,12,1099.22,389.66,175.92,122.14,1,-1,-1,-1
307,13,879.53,129.71,106.19,73.19,1,-1,-1,-1
307,15,1064.72,87.10,81.18,74.25,1,-1,-1,-1
308,6,298.38,343.85,340.83,352.17,1,-1,-1,-1
308,7,1350.14,115.52,109.46,78.55,1,-1,-1,-1
308,12,1105.43,383.36,175.97,120.54,1,-1,-1,-1
308,13,865.90,130.83,106.15,74.11,1,-1,-1,-1
308,15,1062.93,88.24,81.70,74.90,1,-1,-1,-1
309,6,292.33,344.27,347.18,359.02,1,-1,-1,-1
309,7,1359.43,113.07,108.87,78.40,1,-1,-1,-1
309,12,1111.46,377.01,176.22,118.94,1,-1,-1,-1
309,13,852.45,131.75,106.18,75.19,1,-1,-1,-1
309,15,1061.15,89.38,82.23,75.55,1,-1,-1,-1
310,6,286.26,343.77,353.32,366.73,1,-1,-1,-1
310,7,1368.59,110.59,108.19,78.29,1,-1,-1,-1
310,12,1117.18,370.59,176.71,117.33,1,-1,-1,-1
310,13,839.17,132.51,106.28,76.38,1,-1,-1,-1
310,15,1059.36,90.52,82.75,76.20,1,-1,-1,-1
