1,-1,1888.264,413.370,198.752,71.567,0.311,-1,-1,-1
2,-1,1888.075,413.178,199.104,71.620,0.309,-1,-1,-1
3,-1,1888.075,413.240,199.067,71.556,0.309,-1,-1,-1
4,-1,1887.951,413.145,199.083,71.723,0.309,-1,-1,-1
5,-1,1887.932,413.148,199.120,71.733,0.309,-1,-1,-1
6,-1,1887.935,413.197,199.152,71.726,0.308,-1,-1,-1
7,-1,1887.933,413.201,199.161,71.725,0.308,-1,-1,-1
8,-1,1887.933,413.214,199.157,71.720,0.308,-1,-1,-1
9,-1,1887.938,413.212,199.145,71.720,0.308,-1,-1,-1
10,-1,1887.939,413.211,199.129,71.722,0.308,-1,-1,-1
11,-1,1887.935,413.206,199.129,71.725,0.308,-1,-1,-1
12,-1,1887.934,413.207,199.131,71.725,0.308,-1,-1,-1
13,-1,1888.004,413.170,199.105,71.729,0.308,-1,-1,-1
14,-1,1888.009,413.178,199.143,71.721,0.308,-1,-1,-1
15,-1,1888.009,413.178,199.142,71.721,0.308,-1,-1,-1
16,-1,1888.009,413.179,199.141,71.721,0.308,-1,-1,-1
17,-1,1888.017,413.208,199.195,71.701,0.308,-1,-1,-1
18,-1,1888.015,413.209,199.201,71.700,0.308,-1,-1,-1
19,-1,1888.004,413.241,199.214,71.667,0.308,-1,-1,-1
20,-1,1888.002,413.243,199.220,71.664,0.308,-1,-1,-1
21,-1,1888.013,413.253,199.214,71.652,0.308,-1,-1,-1
22,-1,1888.156,413.272,199.064,71.622,0.310,-1,-1,-1
23,-1,1888.170,413.219,199.236,71.627,0.310,-1,-1,-1
24,-1,1888.121,413.177,199.254,71.658,0.309,-1,-1,-1
25,-1,1888.075,413.223,199.258,71.562,0.309,-1,-1,-1
26,-1,1888.119,413.229,199.192,71.557,0.309,-1,-1,-1
27,-1,1888.125,413.245,199.212,71.542,0.309,-1,-1,-1
28,-1,1888.153,413.272,198.995,71.502,0.312,-1,-1,-1
29,-1,1888.120,413.280,198.971,71.500,0.313,-1,-1,-1
30,-1,1888.197,413.372,198.896,71.416,0.316,-1,-1,-1
31,-1,1888.222,413.371,198.853,71.415,0.317,-1,-1,-1
32,-1,1888.222,413.371,198.853,71.415,0.317,-1,-1,-1
33,-1,1888.202,413.421,198.793,71.365,0.318,-1,-1,-1
34,-1,1888.193,413.380,198.740,71.400,0.319,-1,-1,-1
35,-1,1888.266,413.391,198.378,71.389,0.320,-1,-1,-1
36,-1,1888.252,413.399,198.248,71.390,0.319,-1,-1,-1
37,-1,1888.259,413.426,198.255,71.365,0.319,-1,-1,-1
38,-1,1888.286,413.419,198.240,71.366,0.319,-1,-1,-1
39,-1,1888.275,413.430,198.318,71.354,0.319,-1,-1,-1
40,-1,1888.248,413.427,198.246,71.362,0.319,-1,-1,-1
40,-1,2456.075,463.734,99.921,80.178,0.200,-1,-1,-1
41,-1,1888.306,413.479,198.148,71.327,0.321,-1,-1,-1
42,-1,1888.337,413.506,198.213,71.317,0.321,-1,-1,-1
43,-1,1888.302,413.448,198.206,71.360,0.320,-1,-1,-1
44,-1,1888.330,413.453,198.146,71.348,0.321,-1,-1,-1
45,-1,2332.503,451.406,226.777,81.107,0.383,-1,-1,-1
45,-1,2312.637,467.325,62.542,56.378,0.359,-1,-1,-1
45,-1,1888.330,413.452,198.147,71.349,0.321,-1,-1,-1
45,-1,2337.762,460.535,95.214,64.295,0.204,-1,-1,-1
46,-1,2321.637,448.432,228.811,81.819,0.471,-1,-1,-1
46,-1,1888.330,413.452,198.147,71.349,0.321,-1,-1,-1
46,-1,2287.089,448.263,97.198,76.531,0.273,-1,-1,-1
47,-1,2270.931,443.633,246.140,78.296,0.467,-1,-1,-1
47,-1,1889.612,414.117,199.009,70.270,0.352,-1,-1,-1
47,-1,2340.113,465.260,195.114,66.380,0.206,-1,-1,-1
48,-1,1889.718,414.172,198.859,70.243,0.352,-1,-1,-1
48,-1,2239.557,439.967,242.770,85.327,0.346,-1,-1,-1
49,-1,1889.716,414.199,199.010,70.212,0.361,-1,-1,-1
49,-1,2220.032,434.765,196.710,83.097,0.323,-1,-1,-1
49,-1,2217.776,435.543,100.180,70.652,0.203,-1,-1,-1
50,-1,2184.480,437.997,243.492,81.992,0.429,-1,-1,-1
50,-1,1889.705,414.131,198.723,70.265,0.362,-1,-1,-1
51,-1,2162.255,431.261,238.261,90.785,0.543,-1,-1,-1
51,-1,1889.857,414.108,198.150,70.157,0.357,-1,-1,-1
52,-1,2140.119,438.488,258.949,84.268,0.480,-1,-1,-1
52,-1,1889.915,414.068,196.703,70.218,0.355,-1,-1,-1
52,-1,2131.422,433.813,102.876,71.850,0.264,-1,-1,-1
53,-1,2105.230,429.914,276.965,93.499,0.459,-1,-1,-1
53,-1,1890.310,413.933,197.602,70.422,0.344,-1,-1,-1
53,-1,2124.892,430.898,105.872,74.006,0.216,-1,-1,-1
54,-1,2080.517,424.273,298.992,96.753,0.465,-1,-1,-1
54,-1,1896.727,411.732,186.789,74.389,0.355,-1,-1,-1
54,-1,2092.394,430.943,105.600,73.082,0.205,-1,-1,-1
55,-1,2069.801,424.060,276.616,97.047,0.622,-1,-1,-1
55,-1,1889.454,413.589,185.008,69.862,0.347,-1,-1,-1
56,-1,2025.172,420.444,301.529,97.376,0.534,-1,-1,-1
56,-1,1891.068,418.186,182.770,64.141,0.249,-1,-1,-1
57,-1,2021.597,412.549,271.392,100.077,0.588,-1,-1,-1
57,-1,1892.543,417.845,170.431,62.770,0.281,-1,-1,-1
58,-1,1992.613,413.625,263.302,103.073,0.725,-1,-1,-1
58,-1,1914.343,421.339,120.119,54.851,0.242,-1,-1,-1
59,-1,1966.635,410.421,272.371,102.666,0.663,-1,-1,-1
59,-1,1894.293,422.271,100.891,54.887,0.324,-1,-1,-1
60,-1,1932.683,408.755,294.142,101.548,0.705,-1,-1,-1
60,-1,1895.549,419.187,94.135,53.274,0.244,-1,-1,-1
60,-1,1929.162,416.472,106.469,59.384,0.228,-1,-1,-1
61,-1,1915.920,408.963,286.648,98.035,0.829,-1,-1,-1
61,-1,1932.431,413.963,102.916,59.752,0.202,-1,-1,-1
62,-1,1899.861,407.810,272.496,100.438,0.819,-1,-1,-1
62,-1,2088.050,429.412,103.095,68.965,0.241,-1,-1,-1
63,-1,1891.531,409.663,263.870,97.926,0.875,-1,-1,-1
63,-1,1897.537,410.231,91.516,64.972,0.234,-1,-1,-1
64,-1,1880.006,403.950,252.575,101.934,0.735,-1,-1,-1
65,-1,1840.069,395.133,281.074,102.455,0.767,-1,-1,-1
65,-1,1827.595,391.297,282.538,109.645,0.210,-1,-1,-1
66,-1,1801.630,402.764,298.906,94.956,0.685,-1,-1,-1
66,-1,1833.900,415.960,60.872,54.755,0.246,-1,-1,-1
67,-1,1799.834,407.713,101.777,71.739,0.501,-1,-1,-1
67,-1,1842.384,395.238,234.222,97.688,0.484,-1,-1,-1
68,-1,1794.310,400.090,288.038,91.685,0.334,-1,-1,-1
68,-1,1798.670,400.102,106.503,76.025,0.290,-1,-1,-1
69,-1,1784.513,397.251,266.794,92.889,0.389,-1,-1,-1
70,-1,1772.423,401.366,294.947,89.890,0.503,-1,-1,-1
71,-1,1761.955,396.814,303.531,93.382,0.513,-1,-1,-1
71,-1,1755.178,399.799,63.177,64.900,0.233,-1,-1,-1
72,-1,1758.481,392.429,218.815,91.740,0.398,-1,-1,-1
72,-1,1722.464,388.197,108.915,78.006,0.372,-1,-1,-1
72,-1,1712.207,385.884,75.456,55.535,0.244,-1,-1,-1
72,-1,1777.830,399.798,86.135,65.841,0.206,-1,-1,-1
72,-1,1602.138,387.772,108.336,44.086,0.204,-1,-1,-1
73,-1,1702.861,390.407,80.910,73.048,0.411,-1,-1,-1
73,-1,1763.195,392.675,202.211,88.566,0.381,-1,-1,-1
73,-1,1729.541,391.442,104.300,78.209,0.310,-1,-1,-1
73,-1,1960.957,415.734,120.819,62.144,0.254,-1,-1,-1
73,-1,1876.621,412.378,108.141,65.064,0.252,-1,-1,-1
73,-1,1603.902,387.128,98.274,44.928,0.212,-1,-1,-1
74,-1,1688.555,390.049,95.475,71.345,0.567,-1,-1,-1
74,-1,1756.412,403.659,129.788,73.543,0.295,-1,-1,-1
74,-1,1935.009,421.991,152.096,61.702,0.229,-1,-1,-1
75,-1,1669.971,387.325,122.849,74.992,0.419,-1,-1,-1
75,-1,1689.677,387.073,201.397,84.042,0.325,-1,-1,-1
75,-1,1750.647,400.326,210.290,82.122,0.234,-1,-1,-1
75,-1,1843.894,408.772,114.233,66.336,0.221,-1,-1,-1
75,-1,1930.948,420.596,154.868,62.724,0.204,-1,-1,-1
76,-1,1674.830,387.036,212.593,82.131,0.392,-1,-1,-1
76,-1,1836.259,408.633,123.980,63.717,0.345,-1,-1,-1
76,-1,1663.195,392.711,101.769,67.372,0.279,-1,-1,-1
76,-1,1927.144,421.369,158.120,62.225,0.209,-1,-1,-1
77,-1,1655.589,383.250,240.619,88.419,0.501,-1,-1,-1
77,-1,1901.073,411.704,180.291,71.671,0.291,-1,-1,-1
77,-1,1807.716,401.609,112.624,74.284,0.269,-1,-1,-1
77,-1,1653.486,390.984,102.718,70.351,0.239,-1,-1,-1
78,-1,1797.615,407.393,115.601,69.961,0.511,-1,-1,-1
78,-1,1640.117,383.498,229.528,84.410,0.491,-1,-1,-1
78,-1,1890.322,412.907,192.690,70.813,0.361,-1,-1,-1
78,-1,1640.565,390.656,119.740,70.550,0.265,-1,-1,-1
79,-1,1623.194,382.847,260.432,87.625,0.518,-1,-1,-1
79,-1,1894.873,413.029,190.459,70.634,0.414,-1,-1,-1
79,-1,1799.989,405.041,92.957,66.726,0.334,-1,-1,-1
80,-1,1614.702,380.940,260.962,92.903,0.520,-1,-1,-1
80,-1,1892.627,411.996,193.347,71.576,0.398,-1,-1,-1
80,-1,1807.076,410.070,79.449,58.595,0.248,-1,-1,-1
80,-1,1612.455,380.897,101.244,64.488,0.224,-1,-1,-1
81,-1,1891.237,412.400,195.001,71.143,0.396,-1,-1,-1
81,-1,1608.371,380.437,266.894,93.428,0.371,-1,-1,-1
81,-1,1780.837,409.270,93.966,61.505,0.268,-1,-1,-1
81,-1,1609.100,376.155,101.335,72.400,0.223,-1,-1,-1
82,-1,1596.233,375.189,237.374,89.066,0.446,-1,-1,-1
82,-1,1888.154,411.908,198.181,71.537,0.390,-1,-1,-1
83,-1,1586.489,371.666,227.225,95.147,0.488,-1,-1,-1
83,-1,1889.077,413.256,198.153,70.347,0.381,-1,-1,-1
83,-1,1780.991,412.078,74.745,52.346,0.324,-1,-1,-1
84,-1,1573.226,379.087,260.090,86.817,0.388,-1,-1,-1
84,-1,1889.707,413.050,197.701,70.532,0.383,-1,-1,-1
84,-1,1773.336,407.167,87.809,59.292,0.318,-1,-1,-1
85,-1,1775.120,401.369,73.936,65.954,0.458,-1,-1,-1
85,-1,1577.162,376.540,241.199,92.092,0.450,-1,-1,-1
85,-1,1890.117,413.226,196.909,70.412,0.377,-1,-1,-1
86,-1,1571.080,378.348,225.995,85.805,0.384,-1,-1,-1
86,-1,1889.702,413.058,197.167,70.612,0.373,-1,-1,-1
87,-1,1558.847,379.039,236.832,84.923,0.414,-1,-1,-1
87,-1,1889.653,413.617,197.529,70.417,0.375,-1,-1,-1
87,-1,1758.289,400.025,66.423,69.718,0.240,-1,-1,-1
88,-1,1550.863,379.880,226.388,83.056,0.497,-1,-1,-1
88,-1,1739.715,396.246,97.707,79.387,0.473,-1,-1,-1
88,-1,1890.192,413.591,196.806,70.488,0.373,-1,-1,-1
88,-1,1779.624,409.261,57.858,56.138,0.302,-1,-1,-1
88,-1,1839.832,413.424,52.803,45.298,0.216,-1,-1,-1
89,-1,1538.399,375.519,234.339,89.536,0.566,-1,-1,-1
89,-1,1890.226,413.683,196.883,70.442,0.372,-1,-1,-1
89,-1,1763.783,400.189,62.280,67.087,0.263,-1,-1,-1
90,-1,1527.524,374.671,254.873,91.798,0.454,-1,-1,-1
90,-1,1890.375,413.703,196.803,70.455,0.369,-1,-1,-1
91,-1,1517.673,376.155,256.056,90.101,0.420,-1,-1,-1
91,-1,1890.345,413.727,196.878,70.451,0.369,-1,-1,-1
92,-1,1890.428,413.778,196.908,70.344,0.365,-1,-1,-1
92,-1,1514.688,372.746,274.834,90.282,0.288,-1,-1,-1
93,-1,1498.105,375.198,286.193,88.717,0.381,-1,-1,-1
93,-1,1890.193,413.486,197.238,70.519,0.360,-1,-1,-1
94,-1,1500.034,375.420,274.660,87.608,0.414,-1,-1,-1
94,-1,1890.221,413.403,197.239,70.576,0.360,-1,-1,-1
95,-1,1890.152,413.465,197.261,70.589,0.361,-1,-1,-1
95,-1,1480.780,377.506,285.764,87.640,0.353,-1,-1,-1
95,-1,1673.423,400.318,77.955,64.645,0.232,-1,-1,-1
96,-1,1482.075,369.887,257.001,93.212,0.426,-1,-1,-1
96,-1,1890.138,413.475,197.307,70.584,0.360,-1,-1,-1
96,-1,1669.685,400.290,75.317,63.828,0.219,-1,-1,-1
97,-1,1477.242,372.717,262.581,91.596,0.454,-1,-1,-1
97,-1,1890.086,413.662,197.141,70.414,0.362,-1,-1,-1
98,-1,1465.659,375.846,276.775,88.351,0.448,-1,-1,-1
98,-1,1889.966,413.587,197.534,70.458,0.359,-1,-1,-1
99,-1,1473.427,374.540,268.238,90.860,0.401,-1,-1,-1
99,-1,1889.951,413.530,197.645,70.507,0.358,-1,-1,-1
100,-1,1459.607,370.867,278.133,95.341,0.431,-1,-1,-1
100,-1,1889.944,413.673,197.650,70.391,0.358,-1,-1,-1
101,-1,1438.946,368.937,249.147,94.244,0.465,-1,-1,-1
101,-1,1889.890,413.711,197.689,70.373,0.359,-1,-1,-1
102,-1,1423.636,370.956,276.331,95.336,0.485,-1,-1,-1
102,-1,1889.760,413.620,197.891,70.420,0.353,-1,-1,-1
102,-1,1705.768,390.203,64.117,38.747,0.236,-1,-1,-1
103,-1,1420.697,370.150,277.295,99.093,0.539,-1,-1,-1
103,-1,1889.760,413.621,197.888,70.419,0.353,-1,-1,-1
103,-1,1702.633,392.727,61.786,34.574,0.213,-1,-1,-1
104,-1,1420.017,371.287,267.245,100.494,0.571,-1,-1,-1
104,-1,1889.760,413.621,197.889,70.419,0.353,-1,-1,-1
104,-1,1414.733,392.465,101.217,78.823,0.225,-1,-1,-1
105,-1,1417.786,377.048,245.614,97.845,0.576,-1,-1,-1
105,-1,1889.754,413.627,197.906,70.414,0.352,-1,-1,-1
105,-1,1407.530,391.722,111.461,80.631,0.311,-1,-1,-1
105,-1,1680.668,394.171,54.116,31.073,0.209,-1,-1,-1
106,-1,1404.734,372.255,256.970,99.260,0.521,-1,-1,-1
106,-1,1889.707,413.638,198.116,70.394,0.352,-1,-1,-1
106,-1,1405.714,392.076,113.002,79.551,0.210,-1,-1,-1
106,-1,1682.409,394.732,56.287,31.447,0.208,-1,-1,-1
107,-1,1397.839,378.994,257.551,94.191,0.478,-1,-1,-1
107,-1,1889.706,413.869,198.352,70.603,0.368,-1,-1,-1
108,-1,1400.779,379.152,233.209,96.597,0.659,-1,-1,-1
108,-1,1889.671,413.922,198.722,70.539,0.365,-1,-1,-1
109,-1,1396.557,377.832,230.512,99.832,0.656,-1,-1,-1
109,-1,1889.357,413.600,198.917,70.789,0.374,-1,-1,-1
109,-1,1383.980,398.773,95.784,74.651,0.248,-1,-1,-1
109,-1,1603.503,392.442,37.178,32.627,0.229,-1,-1,-1
110,-1,1387.267,375.470,239.991,103.504,0.676,-1,-1,-1
110,-1,1889.372,413.590,198.917,70.797,0.373,-1,-1,-1
110,-1,1379.279,396.135,102.244,77.401,0.294,-1,-1,-1
111,-1,1377.249,372.622,231.115,109.705,0.659,-1,-1,-1
111,-1,1889.277,413.623,199.024,70.793,0.374,-1,-1,-1
111,-1,1376.085,396.040,106.152,79.470,0.279,-1,-1,-1
112,-1,1373.657,377.843,228.000,100.131,0.693,-1,-1,-1
112,-1,1889.287,413.622,199.002,70.787,0.374,-1,-1,-1
113,-1,1368.941,376.439,223.653,105.818,0.714,-1,-1,-1
113,-1,1889.282,413.624,199.075,70.741,0.373,-1,-1,-1
113,-1,1369.502,397.615,113.897,79.441,0.236,-1,-1,-1
114,-1,1366.438,373.662,211.687,109.512,0.733,-1,-1,-1
114,-1,1889.287,413.631,199.071,70.734,0.373,-1,-1,-1
114,-1,1367.145,394.294,119.818,87.383,0.231,-1,-1,-1
115,-1,1367.070,377.737,200.407,107.227,0.824,-1,-1,-1
115,-1,1889.287,413.631,199.071,70.734,0.373,-1,-1,-1
116,-1,1355.895,380.838,208.723,107.351,0.849,-1,-1,-1
116,-1,1889.287,413.634,199.054,70.732,0.373,-1,-1,-1
116,-1,1445.504,396.017,120.081,84.317,0.212,-1,-1,-1
117,-1,1357.889,381.580,192.214,108.912,0.842,-1,-1,-1
117,-1,1889.260,413.652,199.172,70.717,0.373,-1,-1,-1
118,-1,1356.296,384.104,182.943,109.066,0.845,-1,-1,-1
118,-1,1889.265,413.644,199.175,70.722,0.373,-1,-1,-1
118,-1,1452.518,397.226,94.323,82.296,0.254,-1,-1,-1
119,-1,1362.811,379.727,164.254,116.023,0.765,-1,-1,-1
119,-1,1889.264,413.644,199.177,70.722,0.373,-1,-1,-1
120,-1,1360.302,385.148,166.527,111.679,0.807,-1,-1,-1
120,-1,1889.264,413.640,199.174,70.730,0.373,-1,-1,-1
121,-1,1359.287,383.295,159.718,116.118,0.801,-1,-1,-1
121,-1,1889.355,413.537,199.417,70.875,0.373,-1,-1,-1
122,-1,1357.925,384.259,156.604,119.574,0.766,-1,-1,-1
122,-1,1889.348,413.518,199.437,70.886,0.373,-1,-1,-1
123,-1,1360.096,385.295,147.429,119.781,0.714,-1,-1,-1
123,-1,1889.347,413.519,199.438,70.886,0.373,-1,-1,-1
123,-1,1365.744,383.905,141.550,117.731,0.215,-1,-1,-1
124,-1,1361.598,384.410,144.275,124.996,0.683,-1,-1,-1
124,-1,1889.349,413.520,199.437,70.885,0.373,-1,-1,-1
125,-1,1357.751,384.369,152.082,128.194,0.772,-1,-1,-1
125,-1,1889.348,413.519,199.437,70.885,0.373,-1,-1,-1
126,-1,1365.394,388.546,137.570,129.366,0.809,-1,-1,-1
126,-1,1889.319,413.503,199.465,70.899,0.373,-1,-1,-1
127,-1,1364.719,389.859,141.157,130.745,0.821,-1,-1,-1
127,-1,1889.319,413.503,199.465,70.899,0.373,-1,-1,-1
128,-1,1371.522,395.467,132.779,128.090,0.879,-1,-1,-1
128,-1,1889.347,413.549,199.586,70.863,0.372,-1,-1,-1
129,-1,1372.836,396.692,133.741,130.923,0.806,-1,-1,-1
129,-1,1889.347,413.549,199.586,70.863,0.372,-1,-1,-1
130,-1,1377.863,400.153,129.607,130.080,0.824,-1,-1,-1
130,-1,6.183,1166.776,363.033,544.900,0.729,-1,-1,-1
130,-1,1889.359,413.568,199.702,70.837,0.371,-1,-1,-1
131,-1,0.000,1041.660,822.196,826.458,0.992,-1,-1,-1
131,-1,1374.223,401.015,132.609,132.485,0.773,-1,-1,-1
131,-1,1890.404,413.749,198.560,70.165,0.388,-1,-1,-1
132,-1,0.000,1092.003,1264.947,801.407,0.967,-1,-1,-1
132,-1,1376.737,401.493,136.334,139.524,0.739,-1,-1,-1
132,-1,1890.291,413.763,198.539,70.185,0.388,-1,-1,-1
133,-1,0.000,1130.194,1800.997,786.268,0.987,-1,-1,-1
133,-1,1378.448,403.728,140.197,141.110,0.773,-1,-1,-1
133,-1,1890.229,413.426,198.566,70.445,0.390,-1,-1,-1
134,-1,1376.647,407.351,147.222,142.047,0.842,-1,-1,-1
134,-1,1890.228,413.428,198.559,70.431,0.391,-1,-1,-1
135,-1,1375.300,406.600,150.557,144.161,0.846,-1,-1,-1
135,-1,1890.258,413.400,198.654,70.449,0.389,-1,-1,-1
136,-1,1188.250,1198.401,203.923,717.063,0.997,-1,-1,-1
136,-1,1380.387,409.290,148.698,145.279,0.857,-1,-1,-1
136,-1,1890.231,413.463,198.522,70.494,0.388,-1,-1,-1
137,-1,1611.837,1259.004,937.873,637.476,0.990,-1,-1,-1
137,-1,1379.750,407.921,152.362,151.322,0.745,-1,-1,-1
137,-1,1890.246,413.386,198.206,70.552,0.389,-1,-1,-1
138,-1,1384.220,409.564,154.649,155.598,0.764,-1,-1,-1
138,-1,1890.192,413.474,198.519,70.413,0.388,-1,-1,-1
139,-1,1384.491,408.210,156.652,160.163,0.746,-1,-1,-1
139,-1,1890.191,413.464,198.585,70.420,0.389,-1,-1,-1
139,-1,2373.156,1398.436,186.824,424.391,0.228,-1,-1,-1
140,-1,1383.046,410.611,165.608,163.227,0.817,-1,-1,-1
140,-1,1890.182,413.476,198.586,70.405,0.389,-1,-1,-1
141,-1,1381.988,406.005,170.065,177.505,0.639,-1,-1,-1
141,-1,1891.177,413.264,196.865,70.541,0.339,-1,-1,-1
142,-1,1382.046,408.765,170.969,182.440,0.766,-1,-1,-1
142,-1,1891.066,413.526,197.023,70.319,0.339,-1,-1,-1
143,-1,1385.193,411.260,167.938,185.403,0.634,-1,-1,-1
143,-1,1890.992,413.533,197.214,70.317,0.339,-1,-1,-1
144,-1,1385.975,423.258,171.709,165.725,0.801,-1,-1,-1
144,-1,1890.986,413.554,197.217,70.295,0.338,-1,-1,-1
145,-1,1388.901,425.984,169.880,166.982,0.893,-1,-1,-1
145,-1,1890.742,413.656,197.628,70.279,0.343,-1,-1,-1
146,-1,1385.302,430.606,180.173,168.427,0.856,-1,-1,-1
146,-1,1890.761,413.544,197.696,70.397,0.347,-1,-1,-1
147,-1,1388.288,436.378,178.710,169.500,0.824,-1,-1,-1
147,-1,1890.693,413.475,197.736,70.548,0.347,-1,-1,-1
148,-1,1391.971,440.301,180.077,173.331,0.858,-1,-1,-1
148,-1,1890.697,413.471,197.730,70.552,0.346,-1,-1,-1
149,-1,1395.398,443.778,179.090,173.382,0.800,-1,-1,-1
149,-1,1890.632,413.507,198.117,70.560,0.341,-1,-1,-1
149,-1,1392.713,444.229,178.361,171.905,0.208,-1,-1,-1
150,-1,1390.399,449.177,187.169,172.212,0.874,-1,-1,-1
150,-1,1890.611,413.466,198.349,70.601,0.340,-1,-1,-1
151,-1,1389.289,454.178,192.485,171.663,0.915,-1,-1,-1
151,-1,1890.194,412.301,198.961,71.417,0.321,-1,-1,-1
152,-1,1387.451,458.296,197.190,170.741,0.894,-1,-1,-1
152,-1,1890.102,412.479,198.831,71.100,0.316,-1,-1,-1
153,-1,1394.826,452.121,191.225,187.619,0.916,-1,-1,-1
153,-1,1890.150,412.498,198.831,71.081,0.316,-1,-1,-1
154,-1,1398.449,460.345,194.743,183.858,0.886,-1,-1,-1
154,-1,1890.128,412.501,198.909,71.069,0.315,-1,-1,-1
155,-1,1399.384,462.881,198.357,185.674,0.964,-1,-1,-1
155,-1,1890.054,412.496,198.932,71.090,0.316,-1,-1,-1
156,-1,1397.668,466.620,208.985,189.059,0.915,-1,-1,-1
156,-1,1890.034,412.477,198.930,71.112,0.316,-1,-1,-1
157,-1,1399.093,472.050,214.047,188.041,0.915,-1,-1,-1
157,-1,1889.810,412.766,198.776,71.023,0.309,-1,-1,-1
158,-1,1400.375,472.143,214.022,194.903,0.834,-1,-1,-1
158,-1,1889.855,412.750,198.719,71.000,0.310,-1,-1,-1
159,-1,1402.006,473.929,218.049,199.616,0.871,-1,-1,-1
159,-1,2189.509,1030.777,368.957,462.402,0.769,-1,-1,-1
159,-1,1889.848,412.739,198.725,71.000,0.310,-1,-1,-1
159,-1,2190.723,1029.769,366.849,481.533,0.256,-1,-1,-1
160,-1,1410.630,476.551,211.119,198.889,0.904,-1,-1,-1
160,-1,1889.298,920.191,668.286,591.852,0.869,-1,-1,-1
160,-1,1889.854,412.733,198.766,71.005,0.311,-1,-1,-1
161,-1,1402.938,473.144,224.723,212.973,0.875,-1,-1,-1
161,-1,1546.685,898.823,1010.369,574.406,0.848,-1,-1,-1
161,-1,1890.909,413.826,197.943,70.429,0.348,-1,-1,-1
161,-1,1547.873,888.654,981.807,545.894,0.429,-1,-1,-1
162,-1,1405.582,475.779,228.994,214.020,0.928,-1,-1,-1
162,-1,1199.269,835.352,1349.922,624.159,0.576,-1,-1,-1
162,-1,1890.905,413.675,197.656,70.588,0.349,-1,-1,-1
162,-1,1220.659,867.674,1317.753,619.143,0.528,-1,-1,-1
163,-1,1412.956,475.917,225.842,222.566,0.777,-1,-1,-1
163,-1,1890.791,413.702,197.845,70.564,0.350,-1,-1,-1
163,-1,880.071,837.981,851.144,636.255,0.204,-1,-1,-1
163,-1,864.775,845.211,1589.161,630.398,0.773,-1,-1,-1
163,-1,1413.057,486.317,237.708,219.567,0.295,-1,-1,-1
164,-1,1413.143,476.630,229.793,229.136,0.857,-1,-1,-1
164,-1,1890.799,413.689,198.055,70.551,0.348,-1,-1,-1
164,-1,482.412,778.326,1881.085,669.142,0.325,-1,-1,-1
164,-1,455.529,773.284,1801.954,690.152,0.855,-1,-1,-1
164,-1,1413.929,482.458,238.733,227.039,0.203,-1,-1,-1
165,-1,1411.370,485.508,242.276,230.822,0.879,-1,-1,-1
165,-1,1890.762,413.613,197.966,70.663,0.348,-1,-1,-1
165,-1,2.474,757.646,1932.318,676.054,0.917,-1,-1,-1
166,-1,1415.240,490.874,245.088,227.167,0.903,-1,-1,-1
166,-1,1890.848,413.537,197.849,70.798,0.351,-1,-1,-1
166,-1,0.000,710.665,1103.576,596.155,0.211,-1,-1,-1
166,-1,0.000,709.830,1543.757,679.996,0.867,-1,-1,-1
167,-1,1417.105,496.926,253.718,225.494,0.920,-1,-1,-1
167,-1,1890.811,413.487,197.837,70.828,0.350,-1,-1,-1
167,-1,8.639,705.301,1123.711,660.085,0.985,-1,-1,-1
168,-1,1417.766,500.157,258.788,231.230,0.895,-1,-1,-1
168,-1,1890.766,413.553,197.865,70.815,0.350,-1,-1,-1
168,-1,0.000,726.384,847.983,607.449,0.982,-1,-1,-1
169,-1,1416.241,501.753,270.461,234.587,0.832,-1,-1,-1
169,-1,1890.717,412.966,197.879,71.545,0.356,-1,-1,-1
169,-1,14.402,748.616,447.691,478.435,0.839,-1,-1,-1
169,-1,1420.527,506.518,261.807,226.681,0.216,-1,-1,-1
170,-1,1423.561,507.937,266.077,238.578,0.853,-1,-1,-1
170,-1,1890.406,412.938,197.907,71.475,0.350,-1,-1,-1
171,-1,1425.196,511.512,268.404,244.452,0.869,-1,-1,-1
171,-1,1890.461,413.145,200.841,70.845,0.343,-1,-1,-1
172,-1,1432.970,517.363,266.148,241.891,0.827,-1,-1,-1
172,-1,1890.588,413.215,200.732,70.778,0.349,-1,-1,-1
172,-1,1429.604,508.980,272.415,249.412,0.209,-1,-1,-1
173,-1,1432.743,514.051,274.027,253.724,0.890,-1,-1,-1
173,-1,1890.445,413.300,200.670,70.656,0.355,-1,-1,-1
174,-1,1432.074,515.046,280.449,257.597,0.898,-1,-1,-1
174,-1,1890.154,413.315,200.921,70.636,0.355,-1,-1,-1
175,-1,1430.115,518.827,290.905,259.429,0.911,-1,-1,-1
175,-1,1890.149,413.323,201.045,70.646,0.355,-1,-1,-1
176,-1,1435.129,520.693,297.760,266.625,0.887,-1,-1,-1
176,-1,1890.439,413.291,200.852,70.551,0.352,-1,-1,-1
177,-1,1434.534,526.888,302.100,268.382,0.882,-1,-1,-1
177,-1,1890.340,413.208,201.004,70.614,0.353,-1,-1,-1
178,-1,1438.172,525.441,303.165,276.796,0.902,-1,-1,-1
178,-1,1890.333,413.239,201.000,70.582,0.353,-1,-1,-1
179,-1,1440.759,536.665,307.332,270.112,0.932,-1,-1,-1
179,-1,1890.334,413.282,201.099,70.525,0.352,-1,-1,-1
180,-1,1451.483,544.361,297.338,268.943,0.897,-1,-1,-1
180,-1,1890.300,413.279,201.048,70.536,0.351,-1,-1,-1
181,-1,1451.442,545.717,302.028,273.453,0.876,-1,-1,-1
181,-1,1889.371,413.702,199.167,70.684,0.325,-1,-1,-1
182,-1,1451.996,545.653,309.330,275.380,0.961,-1,-1,-1
182,-1,1889.430,413.583,199.020,70.854,0.326,-1,-1,-1
183,-1,1934.544,1470.324,612.501,449.397,0.980,-1,-1,-1
183,-1,1454.496,546.685,311.447,279.207,0.951,-1,-1,-1
183,-1,1889.358,413.647,199.118,70.799,0.327,-1,-1,-1
184,-1,1453.208,550.297,329.289,287.745,0.954,-1,-1,-1
184,-1,2403.968,1690.865,146.926,138.199,0.410,-1,-1,-1
184,-1,1889.280,413.764,199.651,70.673,0.326,-1,-1,-1
185,-1,1455.776,550.865,331.605,298.479,0.862,-1,-1,-1
185,-1,1889.117,413.899,200.018,70.572,0.325,-1,-1,-1
185,-1,2060.731,1566.825,497.305,333.906,0.299,-1,-1,-1
185,-1,1461.349,551.054,330.646,298.407,0.200,-1,-1,-1
186,-1,1497.750,1311.244,1043.617,590.133,0.999,-1,-1,-1
186,-1,1459.206,550.701,334.081,303.417,0.907,-1,-1,-1
186,-1,1889.201,414.078,200.029,70.659,0.321,-1,-1,-1
187,-1,1464.391,550.380,336.174,309.512,0.835,-1,-1,-1
187,-1,1889.214,413.898,199.646,70.719,0.322,-1,-1,-1
187,-1,1465.524,555.574,337.147,305.145,0.269,-1,-1,-1
188,-1,1471.221,554.942,334.040,309.003,0.931,-1,-1,-1
188,-1,1889.173,413.954,200.081,70.652,0.318,-1,-1,-1
189,-1,1046.896,1169.436,476.499,745.838,0.988,-1,-1,-1
189,-1,1473.684,562.123,336.619,313.237,0.921,-1,-1,-1
189,-1,1889.270,414.448,200.156,70.429,0.326,-1,-1,-1
190,-1,860.741,1119.037,862.632,786.334,0.988,-1,-1,-1
190,-1,1482.116,572.143,343.822,314.019,0.961,-1,-1,-1
190,-1,1889.347,414.063,199.322,70.622,0.334,-1,-1,-1
191,-1,1484.859,573.703,348.079,317.492,0.952,-1,-1,-1
191,-1,1890.076,413.023,198.045,71.358,0.328,-1,-1,-1
192,-1,601.209,1082.392,1514.517,775.888,0.992,-1,-1,-1
192,-1,1472.821,567.161,370.193,323.040,0.905,-1,-1,-1
192,-1,1889.851,413.137,198.354,71.227,0.334,-1,-1,-1
193,-1,468.889,1042.967,1437.848,764.095,0.994,-1,-1,-1
193,-1,1473.463,569.899,377.992,323.998,0.947,-1,-1,-1
193,-1,1890.016,412.686,197.280,71.678,0.333,-1,-1,-1
194,-1,307.424,1002.002,1430.581,682.112,0.997,-1,-1,-1
194,-1,1472.498,570.826,385.401,334.493,0.951,-1,-1,-1
194,-1,1890.034,412.842,197.690,71.672,0.333,-1,-1,-1
195,-1,109.461,952.525,1442.743,729.175,0.997,-1,-1,-1
195,-1,1473.306,577.273,395.250,339.698,0.951,-1,-1,-1
195,-1,1890.040,412.820,197.673,71.687,0.333,-1,-1,-1
196,-1,0.000,932.783,1392.139,680.036,0.998,-1,-1,-1
196,-1,1471.426,577.216,402.956,345.447,0.937,-1,-1,-1
196,-1,1890.107,412.769,197.541,71.731,0.332,-1,-1,-1
197,-1,24.683,919.886,1172.006,631.192,0.999,-1,-1,-1
197,-1,1477.717,582.215,399.961,347.845,0.917,-1,-1,-1
197,-1,1890.008,412.715,197.473,71.686,0.328,-1,-1,-1
198,-1,0.000,910.163,1037.310,578.913,0.999,-1,-1,-1
198,-1,1478.580,584.159,402.982,352.246,0.906,-1,-1,-1
198,-1,1889.889,412.703,197.693,71.636,0.326,-1,-1,-1
198,-1,1483.292,586.073,395.579,342.385,0.221,-1,-1,-1
199,-1,0.000,876.907,863.454,570.291,0.999,-1,-1,-1
199,-1,1482.316,585.153,406.534,354.695,0.882,-1,-1,-1
199,-1,1889.917,412.686,197.628,71.642,0.326,-1,-1,-1
199,-1,1489.715,584.937,394.239,347.975,0.255,-1,-1,-1
200,-1,10.234,861.636,690.248,546.831,0.998,-1,-1,-1
200,-1,1486.355,585.750,405.883,360.760,0.795,-1,-1,-1
200,-1,1889.956,412.612,197.095,71.771,0.328,-1,-1,-1
200,-1,1492.443,586.191,401.831,351.053,0.366,-1,-1,-1
201,-1,0.000,830.722,543.763,528.167,0.990,-1,-1,-1
201,-1,1496.318,582.574,398.711,363.584,0.811,-1,-1,-1
201,-1,1888.883,413.214,199.272,70.767,0.326,-1,-1,-1
201,-1,1501.417,585.099,393.914,354.059,0.325,-1,-1,-1
202,-1,0.000,799.086,394.460,479.246,0.922,-1,-1,-1
202,-1,1494.575,586.536,414.313,358.563,0.758,-1,-1,-1
202,-1,1888.882,413.109,199.412,70.859,0.330,-1,-1,-1
202,-1,1500.812,587.784,408.595,355.058,0.376,-1,-1,-1
203,-1,1497.974,590.494,412.438,355.037,0.777,-1,-1,-1
203,-1,0.000,861.342,232.841,380.442,0.722,-1,-1,-1
203,-1,1888.754,413.417,199.506,70.532,0.330,-1,-1,-1
203,-1,1503.674,590.663,408.075,354.929,0.330,-1,-1,-1
204,-1,1492.745,589.333,426.051,361.854,0.673,-1,-1,-1
204,-1,1888.748,413.420,199.405,70.543,0.330,-1,-1,-1
204,-1,1498.037,589.965,425.693,361.616,0.484,-1,-1,-1
205,-1,1500.538,588.158,415.358,358.385,0.797,-1,-1,-1
205,-1,1888.293,413.650,200.163,70.341,0.329,-1,-1,-1
205,-1,1506.023,589.508,413.806,359.810,0.347,-1,-1,-1
206,-1,1502.898,586.878,420.379,361.130,0.828,-1,-1,-1
206,-1,1888.352,413.586,200.496,70.368,0.329,-1,-1,-1
206,-1,1508.300,588.841,413.179,362.253,0.289,-1,-1,-1
207,-1,1498.510,591.550,420.545,359.363,0.844,-1,-1,-1
207,-1,1888.295,413.320,200.531,70.599,0.329,-1,-1,-1
207,-1,1503.405,590.028,420.612,363.710,0.294,-1,-1,-1
208,-1,1488.676,600.554,431.863,351.050,0.701,-1,-1,-1
208,-1,1888.175,413.431,200.029,70.492,0.330,-1,-1,-1
208,-1,1504.041,590.150,420.561,364.605,0.450,-1,-1,-1
209,-1,1502.558,592.905,417.972,359.435,0.734,-1,-1,-1
209,-1,1888.122,412.896,199.861,70.918,0.321,-1,-1,-1
209,-1,1506.074,590.394,418.503,365.068,0.395,-1,-1,-1
210,-1,1490.776,600.343,431.308,353.197,0.730,-1,-1,-1
210,-1,1888.622,413.315,199.714,70.462,0.326,-1,-1,-1
210,-1,1506.183,589.876,420.310,365.463,0.438,-1,-1,-1
211,-1,1489.880,602.224,431.192,350.788,0.613,-1,-1,-1
211,-1,1895.646,412.607,191.540,74.373,0.344,-1,-1,-1
211,-1,1504.522,589.809,422.007,363.807,0.578,-1,-1,-1
212,-1,1488.508,602.251,432.164,350.350,0.649,-1,-1,-1
212,-1,1895.788,412.670,191.190,74.247,0.344,-1,-1,-1
212,-1,1503.698,589.721,422.214,363.758,0.535,-1,-1,-1
213,-1,1489.057,600.274,431.702,351.143,0.656,-1,-1,-1
213,-1,1895.672,412.611,191.297,74.288,0.346,-1,-1,-1
213,-1,1503.417,589.682,421.286,363.060,0.518,-1,-1,-1
214,-1,1489.102,600.404,432.458,351.085,0.638,-1,-1,-1
214,-1,1895.648,412.583,191.390,74.306,0.346,-1,-1,-1
214,-1,1503.252,589.470,422.341,363.610,0.548,-1,-1,-1
215,-1,1488.187,600.443,433.380,351.295,0.648,-1,-1,-1
215,-1,1895.711,412.573,191.326,74.280,0.345,-1,-1,-1
215,-1,1502.701,589.498,422.812,363.906,0.549,-1,-1,-1
216,-1,1488.505,601.201,432.790,350.276,0.659,-1,-1,-1
216,-1,1895.722,412.585,191.312,74.277,0.345,-1,-1,-1
216,-1,1503.396,589.877,421.782,363.189,0.526,-1,-1,-1
217,-1,1489.192,601.559,431.677,350.437,0.659,-1,-1,-1
217,-1,1895.624,412.614,191.327,74.250,0.346,-1,-1,-1
217,-1,1503.753,589.827,421.016,364.359,0.524,-1,-1,-1
218,-1,1489.195,601.419,431.259,351.069,0.659,-1,-1,-1
218,-1,1895.593,412.600,191.373,74.211,0.347,-1,-1,-1
218,-1,1504.007,589.550,420.950,364.601,0.519,-1,-1,-1
219,-1,1489.377,601.193,430.869,351.291,0.660,-1,-1,-1
219,-1,1895.665,412.598,191.297,74.128,0.346,-1,-1,-1
219,-1,1503.915,589.443,420.872,365.092,0.514,-1,-1,-1
220,-1,1489.251,601.230,431.342,350.863,0.660,-1,-1,-1
220,-1,1895.635,412.600,191.295,74.102,0.346,-1,-1,-1
220,-1,1503.989,589.559,421.085,364.979,0.515,-1,-1,-1
221,-1,1489.321,600.048,432.510,350.362,0.686,-1,-1,-1
221,-1,1895.635,412.252,190.417,73.421,0.320,-1,-1,-1
221,-1,1503.902,589.391,422.057,365.392,0.527,-1,-1,-1
222,-1,1489.434,600.089,432.592,350.443,0.695,-1,-1,-1
222,-1,1890.820,413.256,197.218,70.410,0.325,-1,-1,-1
222,-1,1503.947,589.360,422.179,365.728,0.513,-1,-1,-1
223,-1,1489.406,600.020,432.552,350.808,0.692,-1,-1,-1
223,-1,1890.806,413.237,197.227,70.428,0.326,-1,-1,-1
223,-1,1503.915,589.318,422.180,365.708,0.522,-1,-1,-1
224,-1,1489.378,599.841,432.400,350.985,0.690,-1,-1,-1
224,-1,1890.816,413.270,197.245,70.443,0.326,-1,-1,-1
224,-1,1503.844,589.133,422.163,365.787,0.525,-1,-1,-1
225,-1,1489.528,599.818,432.250,350.958,0.692,-1,-1,-1
225,-1,1890.759,413.294,197.423,70.406,0.326,-1,-1,-1
225,-1,1504.004,589.228,421.978,365.740,0.524,-1,-1,-1
226,-1,1489.477,599.571,432.168,351.072,0.688,-1,-1,-1
226,-1,1890.742,413.282,197.381,70.419,0.327,-1,-1,-1
226,-1,1503.954,589.266,421.779,365.758,0.529,-1,-1,-1
227,-1,1489.530,600.009,431.780,350.642,0.688,-1,-1,-1
227,-1,1890.794,413.383,197.243,70.340,0.331,-1,-1,-1
227,-1,1503.939,589.537,421.866,365.451,0.530,-1,-1,-1
228,-1,1489.565,599.480,431.562,351.197,0.681,-1,-1,-1
228,-1,1890.749,413.337,197.400,70.363,0.330,-1,-1,-1
228,-1,1504.060,589.461,421.866,365.468,0.536,-1,-1,-1
229,-1,1488.912,599.276,432.186,351.659,0.673,-1,-1,-1
229,-1,1890.258,413.335,198.143,70.273,0.332,-1,-1,-1
229,-1,1504.011,589.441,421.710,365.361,0.538,-1,-1,-1
230,-1,1488.953,599.196,432.067,351.834,0.676,-1,-1,-1
230,-1,1890.267,413.341,198.273,70.271,0.332,-1,-1,-1
230,-1,1504.141,589.451,421.459,365.397,0.536,-1,-1,-1
231,-1,1485.456,600.535,435.933,349.752,0.629,-1,-1,-1
231,-1,1890.208,413.188,195.887,70.481,0.356,-1,-1,-1
231,-1,1501.145,590.241,424.428,363.541,0.588,-1,-1,-1
232,-1,1485.518,600.516,435.732,349.887,0.632,-1,-1,-1
232,-1,1890.257,413.058,195.886,70.621,0.359,-1,-1,-1
232,-1,1501.484,590.278,424.038,363.827,0.585,-1,-1,-1
233,-1,1485.502,600.655,435.580,349.526,0.632,-1,-1,-1
233,-1,1890.240,413.060,195.802,70.606,0.358,-1,-1,-1
233,-1,1501.525,590.234,423.867,363.622,0.585,-1,-1,-1
234,-1,1485.318,600.687,435.739,349.501,0.632,-1,-1,-1
234,-1,1890.196,412.977,195.817,70.692,0.357,-1,-1,-1
234,-1,1501.283,590.148,424.277,363.758,0.583,-1,-1,-1
235,-1,1485.509,600.691,435.668,349.704,0.629,-1,-1,-1
235,-1,1890.155,412.967,195.922,70.702,0.357,-1,-1,-1
235,-1,1502.022,590.060,423.749,363.815,0.581,-1,-1,-1
236,-1,1485.651,600.955,435.972,349.568,0.634,-1,-1,-1
236,-1,1890.108,412.968,195.958,70.672,0.357,-1,-1,-1
236,-1,1502.199,589.953,423.848,363.983,0.574,-1,-1,-1
237,-1,1485.886,601.070,435.784,349.618,0.633,-1,-1,-1
237,-1,1890.133,412.979,195.969,70.651,0.357,-1,-1,-1
237,-1,1502.398,589.919,423.718,364.081,0.576,-1,-1,-1
238,-1,1486.121,601.252,435.332,349.242,0.631,-1,-1,-1
238,-1,1890.234,412.992,195.859,70.636,0.358,-1,-1,-1
238,-1,1502.625,590.059,423.439,363.844,0.573,-1,-1,-1
239,-1,1486.151,601.396,435.045,349.223,0.628,-1,-1,-1
239,-1,1890.256,412.960,195.822,70.666,0.358,-1,-1,-1
239,-1,1502.176,590.125,423.509,363.837,0.581,-1,-1,-1
240,-1,1486.349,601.471,434.755,349.284,0.628,-1,-1,-1
240,-1,1890.254,412.964,195.847,70.662,0.358,-1,-1,-1
240,-1,1502.709,590.035,422.902,363.855,0.580,-1,-1,-1
241,-1,1498.035,591.961,424.146,358.191,0.707,-1,-1,-1
241,-1,1892.353,414.690,195.630,69.380,0.381,-1,-1,-1
241,-1,1505.148,589.543,421.113,363.568,0.469,-1,-1,-1
242,-1,1487.012,601.510,435.159,349.617,0.703,-1,-1,-1
242,-1,1892.309,414.638,195.739,69.434,0.384,-1,-1,-1
242,-1,1505.247,589.549,420.915,363.466,0.477,-1,-1,-1
243,-1,1498.170,591.879,424.063,357.990,0.709,-1,-1,-1
243,-1,1892.316,414.582,195.960,69.497,0.386,-1,-1,-1
243,-1,1505.318,589.707,421.118,363.146,0.473,-1,-1,-1
244,-1,1498.271,591.866,423.953,357.990,0.708,-1,-1,-1
244,-1,1892.370,414.641,195.872,69.452,0.388,-1,-1,-1
244,-1,1505.417,589.746,420.835,363.053,0.472,-1,-1,-1
245,-1,1497.978,591.823,424.178,358.070,0.702,-1,-1,-1
245,-1,1892.380,414.634,195.853,69.446,0.388,-1,-1,-1
245,-1,1505.198,589.735,421.203,362.927,0.478,-1,-1,-1
246,-1,1486.960,601.990,435.521,349.063,0.697,-1,-1,-1
246,-1,1892.442,414.784,195.803,69.329,0.391,-1,-1,-1
246,-1,1505.331,589.914,421.255,362.998,0.480,-1,-1,-1
247,-1,1498.038,592.292,423.863,358.134,0.699,-1,-1,-1
247,-1,1892.476,414.752,195.826,69.357,0.391,-1,-1,-1
247,-1,1505.315,589.958,421.139,363.024,0.478,-1,-1,-1
248,-1,1498.126,592.124,424.000,358.270,0.698,-1,-1,-1
248,-1,1892.456,414.725,195.868,69.403,0.391,-1,-1,-1
248,-1,1505.364,589.863,420.989,363.058,0.478,-1,-1,-1
249,-1,1487.360,601.962,434.957,349.382,0.699,-1,-1,-1
249,-1,1892.441,414.865,195.836,69.258,0.390,-1,-1,-1
249,-1,1505.559,589.718,420.825,363.158,0.478,-1,-1,-1
250,-1,1487.232,601.990,435.166,349.220,0.700,-1,-1,-1
250,-1,1892.447,414.868,195.843,69.260,0.390,-1,-1,-1
250,-1,1505.428,589.864,421.074,363.085,0.479,-1,-1,-1
251,-1,1498.168,592.151,424.105,358.139,0.700,-1,-1,-1
251,-1,1892.448,414.871,195.737,69.276,0.390,-1,-1,-1
251,-1,1505.561,589.893,421.029,362.970,0.479,-1,-1,-1
252,-1,1498.461,592.767,423.665,357.780,0.699,-1,-1,-1
252,-1,1892.451,414.872,195.732,69.276,0.390,-1,-1,-1
252,-1,1505.784,590.044,421.168,362.906,0.477,-1,-1,-1
253,-1,1498.976,593.007,422.508,357.698,0.690,-1,-1,-1
253,-1,1892.370,414.825,195.850,69.400,0.391,-1,-1,-1
253,-1,1506.502,590.119,420.390,362.790,0.486,-1,-1,-1
254,-1,1498.994,593.057,422.222,357.600,0.692,-1,-1,-1
254,-1,1892.370,414.821,195.833,69.411,0.391,-1,-1,-1
254,-1,1506.570,590.098,419.975,362.816,0.483,-1,-1,-1
255,-1,1499.104,593.020,422.020,357.528,0.692,-1,-1,-1
255,-1,1892.370,414.822,195.843,69.404,0.391,-1,-1,-1
255,-1,1506.702,590.064,419.804,362.686,0.482,-1,-1,-1
256,-1,1499.265,593.062,421.647,357.510,0.689,-1,-1,-1
256,-1,1892.371,414.837,195.867,69.385,0.391,-1,-1,-1
256,-1,1506.657,590.213,419.704,362.653,0.486,-1,-1,-1
257,-1,1499.422,593.153,421.526,357.345,0.694,-1,-1,-1
257,-1,1892.372,414.832,195.854,69.385,0.391,-1,-1,-1
257,-1,1506.709,590.184,419.562,362.630,0.480,-1,-1,-1
258,-1,1499.477,593.072,421.690,357.265,0.695,-1,-1,-1
258,-1,1892.371,414.840,195.857,69.376,0.390,-1,-1,-1
258,-1,1506.744,590.268,419.581,362.440,0.479,-1,-1,-1
259,-1,1499.528,592.910,421.921,357.262,0.703,-1,-1,-1
259,-1,1892.393,414.832,195.833,69.381,0.391,-1,-1,-1
259,-1,1506.738,590.115,419.678,362.514,0.469,-1,-1,-1
260,-1,1499.684,592.774,422.006,357.305,0.702,-1,-1,-1
260,-1,1892.389,414.823,195.793,69.407,0.389,-1,-1,-1
260,-1,1506.897,590.052,419.756,362.444,0.470,-1,-1,-1
261,-1,1499.826,592.558,421.833,357.750,0.697,-1,-1,-1
261,-1,1892.378,414.816,195.797,69.411,0.389,-1,-1,-1
261,-1,1506.742,589.722,419.902,362.916,0.470,-1,-1,-1
262,-1,2239.696,1034.162,317.473,394.477,0.958,-1,-1,-1
262,-1,1488.942,602.757,430.104,349.563,0.666,-1,-1,-1
262,-1,1892.377,414.816,195.798,69.411,0.389,-1,-1,-1
262,-1,1506.632,590.339,421.739,362.597,0.514,-1,-1,-1
263,-1,1974.507,947.040,576.337,472.433,0.997,-1,-1,-1
263,-1,1491.102,601.756,424.492,345.928,0.759,-1,-1,-1
263,-1,1890.273,413.703,195.320,70.408,0.392,-1,-1,-1
263,-1,1502.389,591.517,424.558,362.654,0.436,-1,-1,-1
264,-1,1702.719,933.885,844.393,452.052,0.997,-1,-1,-1
264,-1,1492.019,600.374,422.484,348.963,0.761,-1,-1,-1
264,-1,1890.368,413.778,195.229,70.346,0.394,-1,-1,-1
264,-1,1504.235,590.616,429.351,365.108,0.543,-1,-1,-1
265,-1,1492.169,601.267,428.503,344.307,0.726,-1,-1,-1
265,-1,1889.917,413.964,195.645,70.183,0.393,-1,-1,-1
265,-1,1492.802,585.735,422.569,364.148,0.521,-1,-1,-1
266,-1,1095.023,875.680,1306.593,539.411,0.990,-1,-1,-1
266,-1,1502.059,592.059,409.756,282.199,0.905,-1,-1,-1
266,-1,1889.907,413.924,195.596,70.225,0.393,-1,-1,-1
267,-1,772.410,827.281,1319.014,569.569,0.948,-1,-1,-1
267,-1,1505.159,593.241,428.863,279.028,0.758,-1,-1,-1
267,-1,1889.917,413.921,195.597,70.227,0.393,-1,-1,-1
268,-1,443.527,808.217,1334.781,558.307,0.981,-1,-1,-1
268,-1,1482.536,597.269,436.005,354.897,0.582,-1,-1,-1
268,-1,1889.896,413.857,195.732,70.303,0.392,-1,-1,-1
268,-1,1474.944,587.466,439.558,361.146,0.615,-1,-1,-1
269,-1,106.184,792.334,1325.353,539.544,0.986,-1,-1,-1
269,-1,1492.140,599.747,434.178,348.846,0.728,-1,-1,-1
269,-1,1889.912,413.857,195.710,70.296,0.392,-1,-1,-1
269,-1,1496.997,596.721,437.817,358.552,0.453,-1,-1,-1
270,-1,21.487,779.465,1130.527,535.733,0.975,-1,-1,-1
270,-1,1487.545,601.065,434.618,351.792,0.719,-1,-1,-1
270,-1,1889.830,413.887,195.652,70.283,0.393,-1,-1,-1
270,-1,1498.116,592.084,430.861,362.373,0.464,-1,-1,-1
271,-1,0.000,733.514,830.143,544.963,0.960,-1,-1,-1
271,-1,1486.867,601.953,436.340,349.987,0.684,-1,-1,-1
271,-1,1889.743,413.903,195.669,70.292,0.391,-1,-1,-1
271,-1,1502.486,590.030,425.351,364.273,0.522,-1,-1,-1
272,-1,1.735,713.164,545.767,528.610,0.992,-1,-1,-1
272,-1,1487.001,601.988,436.349,349.686,0.683,-1,-1,-1
272,-1,1889.745,413.892,195.575,70.305,0.391,-1,-1,-1
272,-1,1503.038,589.407,424.679,365.380,0.535,-1,-1,-1
273,-1,1488.007,601.393,433.901,349.209,0.728,-1,-1,-1
273,-1,4.268,689.537,249.608,446.661,0.511,-1,-1,-1
273,-1,1895.566,413.356,187.792,73.673,0.359,-1,-1,-1
273,-1,1503.213,590.663,422.430,364.469,0.447,-1,-1,-1
274,-1,1488.387,601.419,433.406,349.214,0.720,-1,-1,-1
274,-1,1895.695,413.295,187.644,73.689,0.361,-1,-1,-1
274,-1,1503.627,590.687,421.861,364.484,0.457,-1,-1,-1
275,-1,1488.102,601.581,433.596,349.226,0.721,-1,-1,-1
275,-1,1895.711,413.282,187.609,73.650,0.361,-1,-1,-1
275,-1,1503.631,590.624,421.917,364.582,0.461,-1,-1,-1
276,-1,1488.086,601.636,433.728,349.300,0.721,-1,-1,-1
276,-1,1895.736,413.290,187.538,73.654,0.362,-1,-1,-1
276,-1,1503.807,590.611,421.535,364.656,0.460,-1,-1,-1
277,-1,1488.940,602.232,433.266,348.632,0.698,-1,-1,-1
277,-1,1895.193,413.454,187.658,73.718,0.361,-1,-1,-1
277,-1,1504.577,591.244,421.492,363.682,0.487,-1,-1,-1
278,-1,1488.929,602.104,433.153,349.045,0.692,-1,-1,-1
278,-1,1895.198,413.454,187.641,73.715,0.361,-1,-1,-1
278,-1,1504.534,591.202,421.491,363.844,0.498,-1,-1,-1
279,-1,1488.941,602.112,433.077,349.022,0.690,-1,-1,-1
279,-1,1895.216,413.451,187.615,73.716,0.361,-1,-1,-1
279,-1,1504.422,591.189,421.588,363.860,0.498,-1,-1,-1
280,-1,1488.795,602.085,433.301,349.066,0.695,-1,-1,-1
280,-1,1895.222,413.443,187.611,73.723,0.361,-1,-1,-1
280,-1,1504.269,591.251,421.651,363.721,0.492,-1,-1,-1
281,-1,1488.930,602.122,433.019,348.988,0.690,-1,-1,-1
281,-1,1895.208,413.417,187.587,73.756,0.361,-1,-1,-1
281,-1,1504.432,591.139,421.587,363.842,0.495,-1,-1,-1
282,-1,1488.982,602.037,432.990,349.056,0.692,-1,-1,-1
282,-1,1895.230,413.453,187.581,73.751,0.361,-1,-1,-1
282,-1,1504.414,591.144,421.583,363.955,0.499,-1,-1,-1
283,-1,1500.377,592.537,421.854,357.849,0.734,-1,-1,-1
283,-1,1890.745,413.533,191.574,70.545,0.385,-1,-1,-1
283,-1,1507.563,590.447,419.678,363.871,0.426,-1,-1,-1
284,-1,1500.502,592.339,421.878,358.120,0.738,-1,-1,-1
284,-1,1890.659,413.617,191.539,70.464,0.385,-1,-1,-1
284,-1,1507.470,590.407,419.794,364.112,0.423,-1,-1,-1
285,-1,1489.344,600.381,432.789,351.153,0.726,-1,-1,-1
285,-1,1890.681,413.611,191.521,70.456,0.385,-1,-1,-1
285,-1,1507.416,590.221,419.730,364.049,0.435,-1,-1,-1
286,-1,1489.384,600.589,432.701,351.034,0.726,-1,-1,-1
286,-1,1890.736,413.661,191.457,70.430,0.387,-1,-1,-1
286,-1,1507.532,590.336,419.474,363.921,0.437,-1,-1,-1
287,-1,1500.806,592.030,421.285,358.164,0.728,-1,-1,-1
287,-1,1890.754,413.650,191.380,70.419,0.387,-1,-1,-1
287,-1,1507.594,590.175,419.430,363.930,0.430,-1,-1,-1
288,-1,1489.771,600.523,432.336,350.912,0.723,-1,-1,-1
288,-1,1890.899,413.574,191.580,70.520,0.386,-1,-1,-1
288,-1,1507.713,590.368,419.377,363.757,0.437,-1,-1,-1
289,-1,1489.496,599.764,433.214,351.709,0.713,-1,-1,-1
289,-1,1890.732,413.475,191.476,70.688,0.391,-1,-1,-1
289,-1,1507.654,590.102,420.231,364.381,0.447,-1,-1,-1
290,-1,1489.278,599.688,433.617,351.853,0.718,-1,-1,-1
290,-1,1890.734,413.474,191.482,70.688,0.391,-1,-1,-1
290,-1,1507.497,590.029,420.560,364.453,0.437,-1,-1,-1
291,-1,1489.231,599.610,433.613,351.941,0.719,-1,-1,-1
291,-1,1890.733,413.479,191.476,70.684,0.391,-1,-1,-1
291,-1,1507.490,589.986,420.459,364.559,0.437,-1,-1,-1
292,-1,1489.227,599.610,433.422,352.206,0.714,-1,-1,-1
292,-1,1890.725,413.491,191.480,70.684,0.391,-1,-1,-1
292,-1,1507.592,589.882,420.214,364.636,0.446,-1,-1,-1
293,-1,1489.103,599.659,433.506,352.400,0.706,-1,-1,-1
293,-1,1890.725,413.491,191.476,70.686,0.391,-1,-1,-1
293,-1,1507.391,589.815,420.487,364.816,0.463,-1,-1,-1
294,-1,1489.231,599.604,433.497,352.469,0.704,-1,-1,-1
294,-1,1890.600,413.509,191.550,70.674,0.391,-1,-1,-1
294,-1,1507.411,589.861,420.446,364.766,0.465,-1,-1,-1
295,-1,1489.154,599.584,433.475,352.423,0.706,-1,-1,-1
295,-1,1890.601,413.504,191.514,70.680,0.391,-1,-1,-1
295,-1,1507.376,589.927,420.400,364.719,0.465,-1,-1,-1
296,-1,1489.163,599.685,433.642,352.445,0.708,-1,-1,-1
296,-1,1890.596,413.505,191.546,70.680,0.391,-1,-1,-1
296,-1,1507.477,589.927,420.231,364.756,0.461,-1,-1,-1
297,-1,1489.180,599.796,433.577,352.393,0.709,-1,-1,-1
297,-1,1890.596,413.505,191.538,70.679,0.391,-1,-1,-1
297,-1,1507.538,590.046,419.947,364.552,0.461,-1,-1,-1
298,-1,1489.047,599.722,433.855,352.544,0.708,-1,-1,-1
298,-1,1890.594,413.502,191.553,70.675,0.390,-1,-1,-1
298,-1,1507.381,590.045,420.214,364.592,0.461,-1,-1,-1
299,-1,1489.018,599.744,433.770,352.532,0.708,-1,-1,-1
299,-1,1890.595,413.502,191.547,70.674,0.390,-1,-1,-1
299,-1,1507.310,590.073,420.221,364.667,0.462,-1,-1,-1
300,-1,1488.889,599.778,433.976,352.505,0.706,-1,-1,-1
300,-1,1890.596,413.501,191.561,70.658,0.390,-1,-1,-1
300,-1,1507.245,590.072,420.549,364.637,0.463,-1,-1,-1
301,-1,1489.042,600.087,434.088,352.030,0.705,-1,-1,-1
301,-1,1890.666,413.524,191.518,70.615,0.393,-1,-1,-1
301,-1,1507.294,590.270,420.692,364.465,0.464,-1,-1,-1
302,-1,1488.912,600.414,434.129,351.820,0.706,-1,-1,-1
302,-1,1890.689,413.615,191.437,70.513,0.394,-1,-1,-1
302,-1,1507.429,590.468,420.446,364.510,0.462,-1,-1,-1
303,-1,1488.982,600.600,434.080,351.600,0.710,-1,-1,-1
303,-1,1890.678,413.619,191.452,70.513,0.394,-1,-1,-1
303,-1,1507.443,590.499,420.545,364.490,0.457,-1,-1,-1
304,-1,1488.903,600.594,434.080,351.547,0.711,-1,-1,-1
304,-1,1890.679,413.618,191.459,70.513,0.394,-1,-1,-1
304,-1,1507.343,590.599,420.546,364.346,0.457,-1,-1,-1
305,-1,1488.949,600.500,433.902,351.531,0.710,-1,-1,-1
305,-1,1890.678,413.619,191.451,70.513,0.394,-1,-1,-1
305,-1,1507.335,590.606,420.427,364.314,0.460,-1,-1,-1
306,-1,1488.976,600.615,433.864,351.436,0.715,-1,-1,-1
306,-1,1890.694,413.616,191.435,70.517,0.394,-1,-1,-1
306,-1,1507.399,590.519,420.343,364.479,0.452,-1,-1,-1
307,-1,1488.956,600.864,433.799,351.237,0.712,-1,-1,-1
307,-1,1890.694,413.616,191.427,70.517,0.394,-1,-1,-1
307,-1,1507.402,590.599,420.594,364.405,0.459,-1,-1,-1
308,-1,1489.099,600.917,433.642,351.230,0.711,-1,-1,-1
308,-1,1890.694,413.616,191.435,70.517,0.394,-1,-1,-1
308,-1,1507.516,590.561,420.336,364.419,0.460,-1,-1,-1
309,-1,1489.017,600.818,433.878,351.408,0.711,-1,-1,-1
309,-1,1890.694,413.616,191.427,70.517,0.394,-1,-1,-1
309,-1,1507.391,590.360,420.601,364.645,0.460,-1,-1,-1
310,-1,1489.265,601.088,433.647,351.387,0.713,-1,-1,-1
310,-1,1890.694,413.616,191.435,70.517,0.394,-1,-1,-1
310,-1,1507.687,590.402,420.190,364.623,0.456,-1,-1,-1
311,-1,1501.557,592.387,421.608,358.479,0.722,-1,-1,-1
311,-1,1890.696,413.614,191.421,70.521,0.394,-1,-1,-1
311,-1,1507.584,590.303,420.455,364.854,0.448,-1,-1,-1
312,-1,1501.746,592.388,421.582,358.442,0.720,-1,-1,-1
312,-1,1890.711,413.626,191.440,70.508,0.394,-1,-1,-1
312,-1,1507.734,590.310,420.325,364.805,0.449,-1,-1,-1
313,-1,1501.728,592.499,421.631,358.291,0.724,-1,-1,-1
313,-1,1890.719,413.629,191.463,70.505,0.394,-1,-1,-1
313,-1,1507.794,590.524,420.201,364.527,0.443,-1,-1,-1
314,-1,1501.351,592.274,421.729,358.502,0.722,-1,-1,-1
314,-1,1890.734,413.612,191.465,70.515,0.394,-1,-1,-1
314,-1,1507.480,590.302,420.493,364.727,0.446,-1,-1,-1
315,-1,1501.146,592.145,421.992,358.996,0.724,-1,-1,-1
315,-1,1890.741,413.616,191.442,70.511,0.394,-1,-1,-1
315,-1,1507.396,590.154,420.943,365.024,0.442,-1,-1,-1
316,-1,1501.091,592.170,422.112,358.729,0.730,-1,-1,-1
316,-1,0.566,1166.970,294.967,645.464,0.494,-1,-1,-1
316,-1,1890.743,413.616,191.452,70.508,0.394,-1,-1,-1
316,-1,1507.848,590.206,420.380,364.760,0.431,-1,-1,-1
317,-1,0.000,1045.591,722.779,857.034,0.993,-1,-1,-1
317,-1,1499.582,591.649,422.746,356.793,0.721,-1,-1,-1
317,-1,1890.791,414.618,193.182,69.609,0.395,-1,-1,-1
317,-1,1504.799,588.961,420.512,365.197,0.439,-1,-1,-1
318,-1,1500.005,592.412,422.291,356.330,0.729,-1,-1,-1
318,-1,1890.682,414.574,193.017,69.662,0.396,-1,-1,-1
318,-1,1505.366,589.072,419.953,365.098,0.422,-1,-1,-1
319,-1,0.000,1062.038,1598.014,831.094,0.987,-1,-1,-1
319,-1,1499.358,592.623,422.864,356.004,0.744,-1,-1,-1
319,-1,1890.562,414.358,192.946,69.806,0.394,-1,-1,-1
319,-1,1504.855,589.533,419.606,365.157,0.416,-1,-1,-1
320,-1,23.543,1094.066,1919.346,824.911,0.971,-1,-1,-1
320,-1,1499.397,591.459,422.834,358.193,0.751,-1,-1,-1
320,-1,1890.515,414.358,193.026,69.793,0.394,-1,-1,-1
320,-1,1504.499,590.108,421.631,364.981,0.396,-1,-1,-1
321,-1,477.524,1119.048,1678.346,794.546,0.972,-1,-1,-1
321,-1,1500.144,592.182,421.692,359.899,0.720,-1,-1,-1
321,-1,1890.502,414.439,193.072,69.697,0.393,-1,-1,-1
321,-1,1505.053,589.260,423.133,366.570,0.468,-1,-1,-1
322,-1,952.891,1178.254,676.098,741.430,0.996,-1,-1,-1
322,-1,1489.076,604.123,433.754,349.676,0.705,-1,-1,-1
322,-1,1890.234,414.427,192.941,69.587,0.388,-1,-1,-1
322,-1,1507.055,592.829,425.543,359.796,0.471,-1,-1,-1
323,-1,1488.826,600.571,433.784,350.966,0.721,-1,-1,-1
323,-1,1889.902,414.098,192.936,69.895,0.392,-1,-1,-1
323,-1,1506.324,590.504,421.766,364.523,0.434,-1,-1,-1
324,-1,1489.944,599.477,432.651,351.090,0.698,-1,-1,-1
324,-1,1891.028,414.232,192.430,69.878,0.404,-1,-1,-1
324,-1,1504.919,589.673,420.396,366.307,0.473,-1,-1,-1
325,-1,2189.289,1308.744,357.729,597.231,0.895,-1,-1,-1
325,-1,1488.517,600.735,433.469,349.618,0.677,-1,-1,-1
325,-1,1891.266,414.311,193.817,69.842,0.399,-1,-1,-1
325,-1,1503.581,589.956,423.786,364.947,0.507,-1,-1,-1
326,-1,1489.709,600.713,431.677,349.537,0.681,-1,-1,-1
326,-1,1890.644,414.592,194.285,69.541,0.386,-1,-1,-1
326,-1,1505.539,590.325,420.854,364.304,0.491,-1,-1,-1
327,-1,1487.549,600.326,435.031,352.555,0.710,-1,-1,-1
327,-1,1894.681,413.873,185.357,72.609,0.393,-1,-1,-1
327,-1,1504.346,588.343,419.152,365.138,0.450,-1,-1,-1
328,-1,1488.001,600.704,434.134,352.900,0.714,-1,-1,-1
328,-1,1894.693,413.799,185.317,72.716,0.394,-1,-1,-1
328,-1,1505.025,588.321,418.066,365.191,0.443,-1,-1,-1
329,-1,1486.956,601.875,434.076,351.281,0.686,-1,-1,-1
329,-1,1894.369,413.533,185.561,72.802,0.386,-1,-1,-1
329,-1,1501.818,589.614,421.734,364.052,0.484,-1,-1,-1
330,-1,1486.808,601.832,434.067,350.890,0.694,-1,-1,-1
330,-1,1894.334,413.520,185.573,72.758,0.386,-1,-1,-1
330,-1,1501.264,589.574,421.996,364.269,0.481,-1,-1,-1
331,-1,1487.740,601.419,433.099,351.256,0.702,-1,-1,-1
331,-1,1890.781,414.722,189.996,69.108,0.390,-1,-1,-1
331,-1,1502.007,589.418,420.945,364.590,0.463,-1,-1,-1
332,-1,1487.370,602.368,433.488,350.106,0.700,-1,-1,-1
332,-1,1894.456,413.691,185.485,72.865,0.396,-1,-1,-1
332,-1,1502.791,589.702,420.124,363.348,0.455,-1,-1,-1
333,-1,1487.169,602.223,434.617,349.627,0.740,-1,-1,-1
333,-1,1894.453,413.913,185.238,72.718,0.397,-1,-1,-1
333,-1,1501.996,590.432,420.551,364.027,0.413,-1,-1,-1
334,-1,1496.254,593.820,425.204,356.343,0.759,-1,-1,-1
334,-1,1894.303,413.912,185.460,72.832,0.399,-1,-1,-1
334,-1,1501.675,591.221,422.044,362.936,0.396,-1,-1,-1
335,-1,1496.198,593.297,426.817,357.137,0.778,-1,-1,-1
335,-1,1894.448,413.778,185.131,73.056,0.422,-1,-1,-1
335,-1,1502.161,591.122,422.624,363.362,0.386,-1,-1,-1
336,-1,1496.052,592.538,424.961,357.138,0.802,-1,-1,-1
336,-1,1894.572,413.515,186.733,72.813,0.392,-1,-1,-1
336,-1,1500.882,588.949,421.850,364.560,0.391,-1,-1,-1
337,-1,1498.920,592.275,421.839,356.998,0.757,-1,-1,-1
337,-1,1891.186,413.761,192.339,70.665,0.414,-1,-1,-1
337,-1,1502.912,591.028,422.163,364.532,0.417,-1,-1,-1
338,-1,1499.396,592.378,421.245,356.656,0.779,-1,-1,-1
338,-1,1891.053,413.675,192.431,70.677,0.413,-1,-1,-1
338,-1,1503.189,591.152,421.463,364.178,0.399,-1,-1,-1
339,-1,1499.004,592.624,421.829,356.397,0.788,-1,-1,-1
339,-1,1890.963,413.596,192.384,70.764,0.416,-1,-1,-1
339,-1,1503.218,591.471,421.756,363.990,0.386,-1,-1,-1
340,-1,1499.323,592.602,421.513,356.611,0.789,-1,-1,-1
340,-1,1890.971,413.581,192.290,70.822,0.416,-1,-1,-1
340,-1,1503.369,591.441,421.573,364.054,0.385,-1,-1,-1
341,-1,1499.523,592.732,421.332,356.325,0.788,-1,-1,-1
341,-1,1890.942,413.621,192.326,70.782,0.416,-1,-1,-1
341,-1,1503.664,591.463,421.193,363.882,0.386,-1,-1,-1
342,-1,1499.672,592.761,421.229,356.500,0.786,-1,-1,-1
342,-1,1890.949,413.631,192.307,70.768,0.416,-1,-1,-1
342,-1,1503.806,591.470,421.092,363.950,0.387,-1,-1,-1
343,-1,1499.758,592.772,421.316,356.563,0.781,-1,-1,-1
343,-1,1890.743,413.665,192.279,70.755,0.413,-1,-1,-1
343,-1,1504.012,591.495,420.974,364.003,0.391,-1,-1,-1
344,-1,1499.717,592.577,421.362,356.678,0.783,-1,-1,-1
344,-1,1890.463,413.564,192.489,70.810,0.414,-1,-1,-1
344,-1,1503.980,591.174,421.076,364.249,0.389,-1,-1,-1
345,-1,1500.290,592.336,421.067,356.993,0.784,-1,-1,-1
345,-1,1890.479,413.460,192.470,70.836,0.416,-1,-1,-1
345,-1,1504.426,591.172,420.651,364.251,0.386,-1,-1,-1
346,-1,1500.250,592.151,420.961,357.250,0.784,-1,-1,-1
346,-1,1890.449,413.466,192.478,70.830,0.416,-1,-1,-1
346,-1,1504.156,590.848,421.094,364.610,0.381,-1,-1,-1
347,-1,1498.535,591.126,421.805,358.285,0.782,-1,-1,-1
347,-1,1890.429,414.190,192.709,70.539,0.435,-1,-1,-1
347,-1,1501.852,589.956,422.884,364.664,0.385,-1,-1,-1
348,-1,1498.739,591.296,421.573,357.778,0.785,-1,-1,-1
348,-1,1890.333,414.132,192.880,70.523,0.432,-1,-1,-1
348,-1,1502.105,590.006,422.464,364.620,0.383,-1,-1,-1
349,-1,1498.036,590.867,422.554,357.974,0.777,-1,-1,-1
349,-1,1890.209,414.045,193.267,70.523,0.434,-1,-1,-1
349,-1,1501.645,589.952,423.246,364.860,0.394,-1,-1,-1
350,-1,1498.062,590.807,422.624,357.908,0.778,-1,-1,-1
350,-1,1890.194,414.041,193.295,70.530,0.434,-1,-1,-1
350,-1,1501.834,589.949,423.245,364.881,0.392,-1,-1,-1
351,-1,1498.055,590.812,422.622,357.979,0.774,-1,-1,-1
351,-1,1890.193,414.080,193.303,70.484,0.433,-1,-1,-1
351,-1,1501.746,589.988,423.155,364.952,0.397,-1,-1,-1
352,-1,1498.157,590.372,422.718,358.670,0.768,-1,-1,-1
352,-1,1890.193,414.080,193.303,70.483,0.433,-1,-1,-1
352,-1,1501.902,589.581,423.355,365.449,0.397,-1,-1,-1
353,-1,2213.633,1083.213,341.764,298.635,0.947,-1,-1,-1
353,-1,1486.449,601.463,433.893,350.435,0.754,-1,-1,-1
353,-1,1890.112,414.058,193.292,70.523,0.434,-1,-1,-1
353,-1,1502.333,590.317,425.713,364.864,0.421,-1,-1,-1
354,-1,1971.639,1008.807,582.704,401.177,0.993,-1,-1,-1
354,-1,1499.796,591.361,417.797,354.535,0.852,-1,-1,-1
354,-1,1890.140,414.049,193.262,70.538,0.435,-1,-1,-1
354,-1,1501.980,592.942,421.867,363.049,0.295,-1,-1,-1
355,-1,1703.367,995.515,831.328,411.253,0.995,-1,-1,-1
355,-1,1499.916,590.527,418.460,357.608,0.841,-1,-1,-1
355,-1,1890.149,414.041,193.286,70.521,0.435,-1,-1,-1
355,-1,1503.745,591.334,426.099,364.566,0.350,-1,-1,-1
356,-1,1487.561,598.128,428.090,351.652,0.793,-1,-1,-1
356,-1,1890.140,414.013,193.156,70.509,0.435,-1,-1,-1
356,-1,1498.710,589.341,428.239,366.104,0.437,-1,-1,-1
357,-1,1146.856,947.441,1313.463,437.767,0.951,-1,-1,-1
357,-1,1492.371,595.574,430.498,348.941,0.679,-1,-1,-1
357,-1,1890.694,414.049,192.818,70.167,0.394,-1,-1,-1
357,-1,1494.180,582.721,439.442,373.123,0.457,-1,-1,-1
358,-1,844.736,938.659,1326.312,437.258,0.928,-1,-1,-1
358,-1,1493.139,584.471,423.097,367.805,0.665,-1,-1,-1
358,-1,1890.613,414.083,192.783,70.068,0.393,-1,-1,-1
358,-1,1480.385,582.267,454.550,369.380,0.349,-1,-1,-1
359,-1,504.220,899.587,1390.941,451.205,0.968,-1,-1,-1
359,-1,1488.096,596.133,433.116,364.828,0.560,-1,-1,-1
359,-1,1890.551,414.115,192.830,70.046,0.393,-1,-1,-1
359,-1,1483.379,588.297,437.905,372.216,0.626,-1,-1,-1
360,-1,179.214,865.495,1425.771,464.634,0.989,-1,-1,-1
360,-1,1487.999,596.907,436.939,359.227,0.713,-1,-1,-1
360,-1,1890.561,414.122,192.781,70.041,0.393,-1,-1,-1
360,-1,1494.105,592.998,432.274,364.642,0.504,-1,-1,-1
361,-1,15.412,826.352,1283.491,470.211,0.969,-1,-1,-1
361,-1,1486.791,599.176,433.842,358.895,0.756,-1,-1,-1
361,-1,1890.631,414.086,191.964,70.078,0.387,-1,-1,-1
361,-1,1499.915,592.423,426.164,364.680,0.411,-1,-1,-1
362,-1,7.858,797.972,993.890,469.517,0.997,-1,-1,-1
362,-1,1486.309,599.451,436.297,353.476,0.710,-1,-1,-1
362,-1,1890.632,414.087,191.966,70.076,0.387,-1,-1,-1
362,-1,1501.257,589.694,422.112,367.500,0.516,-1,-1,-1
363,-1,6.941,776.203,703.397,470.191,0.980,-1,-1,-1
363,-1,1485.667,599.222,437.153,353.896,0.695,-1,-1,-1
363,-1,1890.619,414.128,192.019,70.066,0.386,-1,-1,-1
363,-1,1501.780,588.766,422.178,368.732,0.519,-1,-1,-1
364,-1,0.000,740.560,435.561,431.611,0.930,-1,-1,-1
364,-1,1485.355,599.088,437.555,353.984,0.697,-1,-1,-1
364,-1,1890.596,414.115,192.013,70.081,0.386,-1,-1,-1
364,-1,1501.459,588.678,422.446,368.539,0.519,-1,-1,-1
365,-1,1485.384,598.900,437.537,354.076,0.694,-1,-1,-1
365,-1,12.635,850.006,133.759,264.608,0.524,-1,-1,-1
365,-1,1895.236,412.806,186.184,73.731,0.386,-1,-1,-1
365,-1,1501.394,588.763,422.372,368.309,0.520,-1,-1,-1
366,-1,1485.447,599.232,437.473,353.866,0.698,-1,-1,-1
366,-1,1895.236,412.807,186.184,73.730,0.386,-1,-1,-1
366,-1,1501.551,588.904,422.232,368.194,0.513,-1,-1,-1
367,-1,1488.755,600.179,431.630,350.361,0.641,-1,-1,-1
367,-1,1890.550,414.608,193.042,69.276,0.385,-1,-1,-1
367,-1,1505.587,589.696,418.712,365.356,0.557,-1,-1,-1
368,-1,1489.055,600.159,431.564,350.554,0.641,-1,-1,-1
368,-1,1890.674,414.905,192.749,68.951,0.387,-1,-1,-1
368,-1,1505.291,589.676,418.764,365.733,0.548,-1,-1,-1
369,-1,1488.970,600.131,431.562,350.755,0.645,-1,-1,-1
369,-1,1890.499,414.876,193.069,68.999,0.385,-1,-1,-1
369,-1,1505.378,589.632,418.721,365.805,0.550,-1,-1,-1
370,-1,1488.967,600.291,431.470,350.678,0.642,-1,-1,-1
370,-1,1890.480,414.873,193.115,68.993,0.385,-1,-1,-1
370,-1,1505.413,589.617,418.711,365.848,0.556,-1,-1,-1
371,-1,1488.832,600.086,431.745,351.098,0.641,-1,-1,-1
371,-1,1890.506,414.862,193.087,69.003,0.386,-1,-1,-1
371,-1,1505.426,589.580,418.583,365.868,0.562,-1,-1,-1
372,-1,1488.629,600.096,432.098,351.165,0.643,-1,-1,-1
372,-1,1890.516,414.831,193.029,69.021,0.385,-1,-1,-1
372,-1,1505.299,589.573,418.735,365.925,0.562,-1,-1,-1
373,-1,1488.567,600.608,431.563,350.221,0.641,-1,-1,-1
373,-1,1890.422,414.832,193.762,69.113,0.389,-1,-1,-1
373,-1,1505.662,589.628,418.396,364.932,0.567,-1,-1,-1
374,-1,1488.685,600.600,431.393,350.053,0.633,-1,-1,-1
374,-1,1890.426,414.842,193.675,69.103,0.389,-1,-1,-1
374,-1,1505.743,589.762,418.280,364.621,0.574,-1,-1,-1
375,-1,1488.744,600.569,431.381,350.118,0.636,-1,-1,-1
375,-1,1890.419,414.870,193.752,69.083,0.389,-1,-1,-1
375,-1,1505.612,589.684,418.263,364.810,0.574,-1,-1,-1
376,-1,1488.456,600.179,431.697,350.270,0.634,-1,-1,-1
376,-1,1890.393,414.951,193.860,69.021,0.389,-1,-1,-1
376,-1,1505.419,589.682,418.324,364.641,0.576,-1,-1,-1
377,-1,1488.423,600.058,431.833,350.011,0.682,-1,-1,-1
377,-1,1889.619,413.536,192.828,70.525,0.359,-1,-1,-1
377,-1,1503.285,590.114,421.886,364.067,0.527,-1,-1,-1
378,-1,1488.239,599.762,432.044,350.751,0.677,-1,-1,-1
378,-1,1889.602,413.657,193.069,70.458,0.362,-1,-1,-1
378,-1,1503.010,590.014,421.894,364.566,0.531,-1,-1,-1
379,-1,1488.218,599.514,432.378,350.584,0.675,-1,-1,-1
379,-1,1889.613,413.653,193.114,70.468,0.362,-1,-1,-1
379,-1,1502.956,590.044,421.972,364.552,0.536,-1,-1,-1
380,-1,1488.676,599.224,431.809,351.190,0.669,-1,-1,-1
380,-1,1889.528,413.622,193.129,70.491,0.361,-1,-1,-1
380,-1,2453.044,1109.522,102.232,267.619,0.223,-1,-1,-1
380,-1,1503.267,589.688,421.891,364.868,0.531,-1,-1,-1
381,-1,2158.198,1071.937,398.886,390.201,0.994,-1,-1,-1
381,-1,1487.303,600.012,431.441,351.449,0.661,-1,-1,-1
381,-1,1889.536,413.627,193.127,70.488,0.361,-1,-1,-1
381,-1,1504.296,591.397,423.496,363.086,0.547,-1,-1,-1
382,-1,1821.897,1011.953,707.002,432.509,0.998,-1,-1,-1
382,-1,1497.625,592.213,420.817,355.211,0.705,-1,-1,-1
382,-1,1889.746,413.669,193.082,70.466,0.366,-1,-1,-1
382,-1,1502.511,590.375,421.750,363.803,0.463,-1,-1,-1
383,-1,1493.007,599.605,424.574,352.098,0.593,-1,-1,-1
383,-1,1889.713,413.652,193.050,70.481,0.367,-1,-1,-1
383,-1,1499.859,585.294,413.814,366.354,0.635,-1,-1,-1
384,-1,1147.869,967.735,1301.460,452.798,0.987,-1,-1,-1
384,-1,1492.065,592.982,429.335,354.593,0.533,-1,-1,-1
384,-1,1889.749,413.552,192.981,70.589,0.368,-1,-1,-1
384,-1,1496.035,585.741,434.695,368.074,0.576,-1,-1,-1
385,-1,784.810,916.450,1317.152,477.871,0.992,-1,-1,-1
385,-1,1489.082,591.741,442.696,362.996,0.460,-1,-1,-1
385,-1,1889.571,413.031,193.286,71.046,0.360,-1,-1,-1
385,-1,1484.802,580.558,444.307,371.877,0.593,-1,-1,-1
386,-1,423.498,887.645,1285.563,485.849,0.993,-1,-1,-1
386,-1,1500.206,599.792,426.156,357.847,0.610,-1,-1,-1
386,-1,1889.499,413.000,192.785,71.087,0.362,-1,-1,-1
386,-1,1489.701,595.860,448.953,363.866,0.599,-1,-1,-1
387,-1,47.178,861.182,1302.164,476.447,0.995,-1,-1,-1
387,-1,1493.241,587.043,443.442,368.305,0.776,-1,-1,-1
387,-1,1890.214,414.526,189.973,69.491,0.377,-1,-1,-1
387,-1,1501.427,593.513,437.574,363.378,0.331,-1,-1,-1
388,-1,15.614,823.035,989.832,450.540,1.000,-1,-1,-1
388,-1,1497.826,585.066,443.538,369.465,0.688,-1,-1,-1
388,-1,1893.681,412.940,185.926,73.469,0.378,-1,-1,-1
388,-1,1510.932,592.081,436.324,365.771,0.392,-1,-1,-1
389,-1,0.000,796.703,666.423,456.465,0.998,-1,-1,-1
389,-1,1491.657,594.153,452.417,368.516,0.594,-1,-1,-1
389,-1,1893.643,413.215,185.697,73.283,0.382,-1,-1,-1
389,-1,1499.106,586.257,448.295,371.220,0.498,-1,-1,-1
390,-1,0.000,769.729,308.399,419.468,0.983,-1,-1,-1
390,-1,1493.716,595.542,461.198,375.376,0.616,-1,-1,-1
390,-1,1893.709,413.212,185.670,73.251,0.380,-1,-1,-1
390,-1,1497.170,587.241,460.924,378.830,0.515,-1,-1,-1
391,-1,1494.774,597.194,471.641,375.657,0.663,-1,-1,-1
391,-1,1893.837,413.097,185.622,73.396,0.381,-1,-1,-1
391,-1,1494.641,585.711,471.957,386.448,0.498,-1,-1,-1
392,-1,1503.080,604.385,486.828,373.406,0.716,-1,-1,-1
392,-1,1893.805,413.098,185.651,73.396,0.381,-1,-1,-1
392,-1,1495.911,588.769,490.095,389.941,0.404,-1,-1,-1
393,-1,1500.683,605.687,505.673,384.406,0.469,-1,-1,-1
393,-1,1893.542,413.195,185.792,73.331,0.378,-1,-1,-1
393,-1,1492.427,596.397,514.463,390.633,0.747,-1,-1,-1
394,-1,1499.097,612.427,518.915,382.630,0.628,-1,-1,-1
394,-1,1893.548,413.201,185.777,73.347,0.379,-1,-1,-1
394,-1,1495.186,604.401,528.224,392.890,0.653,-1,-1,-1
395,-1,1511.132,615.521,536.304,391.690,0.550,-1,-1,-1
395,-1,1893.545,413.200,185.778,73.346,0.379,-1,-1,-1
395,-1,1500.791,604.828,553.760,408.544,0.717,-1,-1,-1
396,-1,1517.989,619.908,558.882,394.942,0.731,-1,-1,-1
396,-1,1893.537,413.192,185.756,73.352,0.379,-1,-1,-1
396,-1,1508.778,604.353,582.757,418.085,0.463,-1,-1,-1
397,-1,1521.845,636.581,571.088,393.755,0.776,-1,-1,-1
397,-1,1890.906,414.476,189.962,69.439,0.400,-1,-1,-1
397,-1,1528.091,614.389,571.982,415.989,0.508,-1,-1,-1
398,-1,1513.446,651.990,627.713,392.204,0.902,-1,-1,-1
398,-1,1890.876,414.539,190.019,69.412,0.400,-1,-1,-1
398,-1,1522.720,639.142,625.494,401.296,0.244,-1,-1,-1
399,-1,1546.640,659.343,636.008,403.568,0.927,-1,-1,-1
399,-1,1890.842,414.563,190.065,69.392,0.399,-1,-1,-1
400,-1,1546.595,658.693,691.704,429.182,0.943,-1,-1,-1
400,-1,1890.904,414.619,189.800,69.375,0.401,-1,-1,-1
401,-1,1564.323,647.614,725.131,454.904,0.930,-1,-1,-1
401,-1,1891.054,414.682,189.640,69.315,0.400,-1,-1,-1
402,-1,1587.434,680.033,760.335,423.656,0.868,-1,-1,-1
402,-1,1890.968,414.646,189.625,69.530,0.397,-1,-1,-1
402,-1,1582.664,669.602,772.243,438.684,0.222,-1,-1,-1
403,-1,1586.626,678.466,838.614,429.882,0.916,-1,-1,-1
403,-1,1890.860,414.612,189.630,69.571,0.396,-1,-1,-1
403,-1,1618.625,688.804,813.790,433.537,0.252,-1,-1,-1
404,-1,1609.428,673.276,888.868,461.008,0.621,-1,-1,-1
404,-1,1890.709,414.587,189.393,69.498,0.387,-1,-1,-1
404,-1,1640.654,687.855,862.124,465.946,0.593,-1,-1,-1
405,-1,1638.055,696.443,919.358,460.370,0.922,-1,-1,-1
405,-1,1890.594,414.390,189.613,69.773,0.390,-1,-1,-1
405,-1,1674.844,700.581,878.216,472.232,0.324,-1,-1,-1
406,-1,1688.380,722.370,864.007,467.473,0.945,-1,-1,-1
406,-1,1890.370,414.214,189.309,69.921,0.392,-1,-1,-1
406,-1,1696.027,723.934,840.930,476.683,0.214,-1,-1,-1
407,-1,1738.132,741.495,798.184,490.416,0.955,-1,-1,-1
407,-1,1890.466,413.479,191.368,70.927,0.386,-1,-1,-1
408,-1,1783.709,749.046,766.187,508.572,0.963,-1,-1,-1
408,-1,1890.316,413.289,191.457,71.120,0.387,-1,-1,-1
409,-1,1889.678,413.293,192.333,71.223,0.378,-1,-1,-1
410,-1,1891.996,773.717,663.747,460.412,0.444,-1,-1,-1
410,-1,1889.677,413.264,192.445,71.301,0.380,-1,-1,-1
410,-1,1897.888,754.205,635.551,464.477,0.634,-1,-1,-1
411,-1,1889.240,412.829,191.503,71.661,0.378,-1,-1,-1
411,-1,1938.166,782.430,609.571,413.463,0.252,-1,-1,-1
411,-1,1959.849,773.461,594.329,420.119,0.792,-1,-1,-1
412,-1,1888.774,413.666,194.336,70.568,0.364,-1,-1,-1
412,-1,2029.563,805.349,525.572,364.630,0.790,-1,-1,-1
413,-1,1889.312,413.754,193.698,70.695,0.376,-1,-1,-1
413,-1,2137.658,798.594,411.372,389.583,0.349,-1,-1,-1
413,-1,2140.343,799.150,413.873,394.346,0.682,-1,-1,-1
414,-1,1889.142,413.767,193.478,70.674,0.378,-1,-1,-1
414,-1,2214.239,836.289,337.923,373.895,0.713,-1,-1,-1
415,-1,2287.139,873.218,267.860,360.358,0.529,-1,-1,-1
415,-1,1889.199,413.748,194.071,70.738,0.377,-1,-1,-1
416,-1,1889.281,413.868,194.330,70.580,0.377,-1,-1,-1
416,-1,2432.592,831.834,125.119,342.819,0.241,-1,-1,-1
417,-1,1890.987,411.059,195.305,72.080,0.378,-1,-1,-1
418,-1,1890.676,411.032,195.517,72.023,0.372,-1,-1,-1
419,-1,1890.673,411.160,195.542,71.912,0.372,-1,-1,-1
420,-1,1890.763,411.172,195.912,71.963,0.372,-1,-1,-1
421,-1,1890.582,411.095,196.319,71.947,0.376,-1,-1,-1
422,-1,1890.944,410.886,195.585,72.093,0.385,-1,-1,-1
423,-1,1890.437,410.680,195.629,72.144,0.382,-1,-1,-1
424,-1,1890.541,411.123,195.653,71.637,0.373,-1,-1,-1
425,-1,1889.811,410.974,196.764,71.978,0.372,-1,-1,-1
426,-1,1890.692,411.124,196.912,72.431,0.398,-1,-1,-1
427,-1,1891.418,413.374,191.672,70.438,0.392,-1,-1,-1
428,-1,1891.142,413.192,192.377,70.551,0.390,-1,-1,-1
429,-1,1891.067,413.207,192.388,70.571,0.390,-1,-1,-1
430,-1,1891.118,413.245,192.422,70.526,0.390,-1,-1,-1
431,-1,1891.065,413.258,192.448,70.512,0.390,-1,-1,-1
432,-1,1891.100,413.269,192.547,70.512,0.390,-1,-1,-1
433,-1,1890.993,413.152,192.157,70.776,0.387,-1,-1,-1
434,-1,1890.993,413.155,192.143,70.772,0.387,-1,-1,-1
435,-1,1890.987,413.109,192.344,70.835,0.388,-1,-1,-1
436,-1,1890.899,413.181,192.371,70.818,0.389,-1,-1,-1
437,-1,1889.228,413.283,193.323,70.784,0.401,-1,-1,-1
438,-1,1889.057,413.306,193.533,70.740,0.403,-1,-1,-1
439,-1,1889.091,413.319,193.724,70.784,0.401,-1,-1,-1
440,-1,1889.105,413.349,193.698,70.741,0.401,-1,-1,-1
441,-1,1889.104,413.340,193.719,70.750,0.401,-1,-1,-1
442,-1,1889.182,413.413,193.639,70.635,0.400,-1,-1,-1
443,-1,1889.177,413.399,193.637,70.651,0.400,-1,-1,-1
444,-1,1889.184,413.357,193.641,70.692,0.401,-1,-1,-1
445,-1,1888.735,413.316,194.460,70.799,0.406,-1,-1,-1
446,-1,1888.757,413.277,194.444,70.820,0.406,-1,-1,-1
447,-1,1888.768,413.270,194.440,70.831,0.407,-1,-1,-1
448,-1,1888.769,413.270,194.438,70.833,0.407,-1,-1,-1
449,-1,1888.769,413.270,194.438,70.833,0.407,-1,-1,-1
450,-1,1888.747,413.244,194.495,70.872,0.406,-1,-1,-1
451,-1,1888.744,413.240,194.460,70.873,0.406,-1,-1,-1
452,-1,1888.744,413.240,194.460,70.873,0.406,-1,-1,-1
453,-1,1888.716,413.244,194.526,70.862,0.406,-1,-1,-1
454,-1,1888.783,413.239,194.582,70.873,0.405,-1,-1,-1
455,-1,1888.843,413.285,194.556,70.843,0.407,-1,-1,-1
456,-1,1888.852,413.311,194.587,70.833,0.406,-1,-1,-1
457,-1,1888.935,413.287,194.511,70.786,0.403,-1,-1,-1
458,-1,1888.918,413.282,194.514,70.786,0.403,-1,-1,-1
459,-1,1888.880,413.211,194.721,70.907,0.399,-1,-1,-1
460,-1,1888.882,413.200,194.761,70.929,0.399,-1,-1,-1
