1,272,394,505,330,252,1,-1,-1,-1
1,275,1015,405,194,161,1,-1,-1,-1
1,285,1156,258,139,122,1,-1,-1,-1
2,272,407,516,336,253,1,-1,-1,-1
2,275,1015,411,195,169,1,-1,-1,-1
2,285,1155,259,139,122,1,-1,-1,-1
3,272,392,521,343,253,1,-1,-1,-1
3,275,1014,411,194,170,1,-1,-1,-1
3,285,1155,260,139,122,1,-1,-1,-1
4,272,370,524,355,261,1,-1,-1,-1
4,275,1004,412,197,171,1,-1,-1,-1
4,285,1154,261,139,122,1,-1,-1,-1
5,272,351,524,365,272,1,-1,-1,-1
5,275,1002,412,199,172,1,-1,-1,-1
5,285,1154,262,139,122,1,-1,-1,-1
6,272,319,532,367,272,1,-1,-1,-1
6,275,998,412,201,171,1,-1,-1,-1
6,285,1153,264,139,122,1,-1,-1,-1
7,272,298,534,374,278,1,-1,-1,-1
7,275,993,413,204,170,1,-1,-1,-1
7,285,1153,265,139,122,1,-1,-1,-1
8,272,268,554,394,277,1,-1,-1,-1
8,275,989,414,206,168,1,-1,-1,-1
8,285,1153,266,139,122,1,-1,-1,-1
9,272,235,558,390,281,1,-1,-1,-1
9,275,986,425,207,163,1,-1,-1,-1
9,285,1152,267,139,122,1,-1,-1,-1
10,272,212,563,401,290,1,-1,-1,-1
10,275,981,426,209,164,1,-1,-1,-1
10,285,1152,268,139,122,1,-1,-1,-1
11,272,186,572,412,293,1,-1,-1,-1
11,275,977,423,208,169,1,-1,-1,-1
11,285,1151,270,139,122,1,-1,-1,-1
12,272,139,550,439,350,1,-1,-1,-1
12,275,973,421,207,174,1,-1,-1,-1
12,285,1151,271,139,122,1,-1,-1,-1
13,272,108,563,442,354,1,-1,-1,-1
13,275,972,419,205,178,1,-1,-1,-1
13,285,1150,272,139,122,1,-1,-1,-1
14,272,77,595,466,363,1,-1,-1,-1
14,275,962,420,207,179,1,-1,-1,-1
14,285,1150,273,139,122,1,-1,-1,-1
15,272,36,618,442,316,1,-1,-1,-1
15,275,958,420,210,180,1,-1,-1,-1
15,285,1150,274,140,122,1,-1,-1,-1
16,272,9,617,457,361,1,-1,-1,-1
16,275,955,422,210,179,1,-1,-1,-1
16,285,1149,276,140,122,1,-1,-1,-1
17,275,950,424,212,177,1,-1,-1,-1
17,285,1149,277,140,122,1,-1,-1,-1
18,275,947,426,212,175,1,-1,-1,-1
18,285,1148,278,140,122,1,-1,-1,-1
19,275,943,427,212,176,1,-1,-1,-1
19,285,1148,279,140,122,1,-1,-1,-1
20,275,939,426,213,180,1,-1,-1,-1
20,285,1147,280,140,122,1,-1,-1,-1
21,275,934,423,216,186,1,-1,-1,-1
21,285,1147,282,140,123,1,-1,-1,-1
22,275,930,421,218,192,1,-1,-1,-1
22,285,1147,283,140,123,1,-1,-1,-1
23,275,929,422,217,194,1,-1,-1,-1
23,285,1146,284,140,123,1,-1,-1,-1
24,275,913,425,230,194,1,-1,-1,-1
24,285,1146,285,140,123,1,-1,-1,-1
25,275,912,429,227,189,1,-1,-1,-1
25,285,1145,286,140,123,1,-1,-1,-1
26,275,907,432,226,185,1,-1,-1,-1
26,285,1145,288,140,123,1,-1,-1,-1
27,275,902,434,227,184,1,-1,-1,-1
27,285,1144,289,140,123,1,-1,-1,-1
28,275,893,433,236,187,1,-1,-1,-1
28,285,1144,290,141,123,1,-1,-1,-1
29,275,885,431,245,191,1,-1,-1,-1
29,285,1144,291,141,123,1,-1,-1,-1
30,275,880,429,247,194,1,-1,-1,-1
30,285,1143,292,141,123,1,-1,-1,-1
31,275,869,430,244,195,1,-1,-1,-1
31,285,1143,294,141,123,1,-1,-1,-1
32,275,854,434,255,188,1,-1,-1,-1
32,285,1142,295,141,123,1,-1,-1,-1
33,275,855,430,246,201,1,-1,-1,-1
33,285,1142,296,141,123,1,-1,-1,-1
34,275,851,428,244,209,1,-1,-1,-1
34,285,1141,297,141,123,1,-1,-1,-1
35,275,847,426,246,213,1,-1,-1,-1
35,285,1141,298,141,123,1,-1,-1,-1
36,275,843,426,248,212,1,-1,-1,-1
36,285,1141,300,141,123,1,-1,-1,-1
37,275,811,432,272,197,1,-1,-1,-1
37,285,1140,301,141,123,1,-1,-1,-1
38,275,813,430,264,202,1,-1,-1,-1
38,285,1140,302,141,123,1,-1,-1,-1
39,275,814,429,258,208,1,-1,-1,-1
39,285,1139,303,141,123,1,-1,-1,-1
40,275,812,427,257,214,1,-1,-1,-1
40,285,1139,304,141,123,1,-1,-1,-1
41,275,808,426,257,217,1,-1,-1,-1
41,285,1139,306,142,124,1,-1,-1,-1
42,275,801,426,257,217,1,-1,-1,-1
42,285,1137,306,142,124,1,-1,-1,-1
43,275,795,427,256,215,1,-1,-1,-1
43,285,1135,307,142,124,1,-1,-1,-1
44,275,787,428,256,214,1,-1,-1,-1
44,285,1134,307,143,124,1,-1,-1,-1
45,275,779,439,250,212,1,-1,-1,-1
45,285,1132,308,143,124,1,-1,-1,-1
46,275,775,439,247,215,1,-1,-1,-1
46,285,1131,309,143,124,1,-1,-1,-1
47,275,761,437,233,225,1,-1,-1,-1
47,285,1129,309,144,124,1,-1,-1,-1
48,275,754,438,235,227,1,-1,-1,-1
48,285,1127,310,144,124,1,-1,-1,-1
49,275,742,440,240,226,1,-1,-1,-1
49,285,1126,310,144,124,1,-1,-1,-1
50,270,816,484,511,594,1,-1,-1,-1
50,285,1124,311,145,124,1,-1,-1,-1
51,270,826,469,508,609,1,-1,-1,-1
51,285,1123,312,145,124,1,-1,-1,-1
52,270,836,465,508,613,1,-1,-1,-1
52,285,1121,312,145,124,1,-1,-1,-1
53,270,842,442,512,612,1,-1,-1,-1
53,285,1119,313,146,124,1,-1,-1,-1
54,270,860,443,500,590,1,-1,-1,-1
54,285,1118,313,146,124,1,-1,-1,-1
55,270,882,440,480,566,1,-1,-1,-1
55,275,675,444,264,230,1,-1,-1,-1
55,285,1116,314,146,125,1,-1,-1,-1
56,270,902,435,461,548,1,-1,-1,-1
56,275,669,445,269,233,1,-1,-1,-1
56,285,1115,315,147,125,1,-1,-1,-1
57,270,917,428,445,537,1,-1,-1,-1
57,275,660,447,275,238,1,-1,-1,-1
57,285,1113,315,147,125,1,-1,-1,-1
58,270,930,421,433,527,1,-1,-1,-1
58,275,650,451,283,238,1,-1,-1,-1
58,285,1112,316,147,125,1,-1,-1,-1
59,270,931,375,432,576,1,-1,-1,-1
59,275,637,452,291,240,1,-1,-1,-1
60,270,943,377,426,552,1,-1,-1,-1
60,275,626,453,296,241,1,-1,-1,-1
61,270,955,377,418,527,1,-1,-1,-1
61,275,614,455,298,242,1,-1,-1,-1
62,270,980,389,419,483,1,-1,-1,-1
62,275,601,457,305,240,1,-1,-1,-1
63,270,988,386,406,479,1,-1,-1,-1
63,275,574,455,316,247,1,-1,-1,-1
64,270,984,343,416,517,1,-1,-1,-1
64,275,564,453,322,250,1,-1,-1,-1
65,270,996,341,405,511,1,-1,-1,-1
65,275,552,448,325,258,1,-1,-1,-1
66,270,1008,342,396,494,1,-1,-1,-1
66,275,538,448,330,261,1,-1,-1,-1
67,270,1021,342,388,478,1,-1,-1,-1
67,275,526,448,327,269,1,-1,-1,-1
68,270,1031,346,383,459,1,-1,-1,-1
68,275,516,449,326,272,1,-1,-1,-1
69,270,1042,343,374,453,1,-1,-1,-1
69,275,508,452,328,274,1,-1,-1,-1
70,270,1052,342,368,444,1,-1,-1,-1
70,275,481,462,349,265,1,-1,-1,-1
71,270,1062,340,360,435,1,-1,-1,-1
71,275,470,461,352,273,1,-1,-1,-1
72,270,1069,343,357,423,1,-1,-1,-1
72,275,455,459,353,283,1,-1,-1,-1
73,270,1075,305,348,447,1,-1,-1,-1
73,275,436,458,357,290,1,-1,-1,-1
74,270,1080,348,363,396,1,-1,-1,-1
74,275,425,459,356,292,1,-1,-1,-1
75,270,1092,321,343,418,1,-1,-1,-1
75,275,399,455,361,301,1,-1,-1,-1
76,270,1102,324,338,408,1,-1,-1,-1
76,275,390,448,359,319,1,-1,-1,-1
77,270,1108,327,338,399,1,-1,-1,-1
77,275,377,459,358,321,1,-1,-1,-1
78,270,1117,330,336,389,1,-1,-1,-1
78,275,357,464,367,319,1,-1,-1,-1
79,270,1123,332,334,381,1,-1,-1,-1
79,275,340,468,379,318,1,-1,-1,-1
80,270,1132,332,328,373,1,-1,-1,-1
80,275,315,477,370,314,1,-1,-1,-1
81,270,1137,332,327,368,1,-1,-1,-1
81,275,301,483,368,315,1,-1,-1,-1
82,270,1143,330,323,365,1,-1,-1,-1
82,275,280,489,375,317,1,-1,-1,-1
83,270,1148,333,315,361,1,-1,-1,-1
83,275,264,493,382,318,1,-1,-1,-1
84,270,1156,331,310,359,1,-1,-1,-1
84,275,236,500,380,326,1,-1,-1,-1
85,270,1162,330,307,355,1,-1,-1,-1
85,275,218,507,384,326,1,-1,-1,-1
86,270,1165,328,307,352,1,-1,-1,-1
86,275,171,485,442,360,1,-1,-1,-1
87,260,1048,381,159,134,1,-1,-1,-1
87,270,1169,326,304,349,1,-1,-1,-1
87,275,147,493,450,362,1,-1,-1,-1
88,260,1052,380,163,135,1,-1,-1,-1
88,270,1192,322,284,352,1,-1,-1,-1
88,275,126,502,452,366,1,-1,-1,-1
89,260,1054,380,166,134,1,-1,-1,-1
89,270,1199,320,274,351,1,-1,-1,-1
89,275,104,512,452,372,1,-1,-1,-1
90,260,1068,388,164,127,1,-1,-1,-1
90,270,1206,320,268,346,1,-1,-1,-1
90,275,90,520,446,381,1,-1,-1,-1
91,260,1073,391,162,125,1,-1,-1,-1
91,270,1212,321,265,342,1,-1,-1,-1
91,275,61,540,438,377,1,-1,-1,-1
92,260,1078,394,161,124,1,-1,-1,-1
92,270,1218,319,264,340,1,-1,-1,-1
92,275,42,549,440,380,1,-1,-1,-1
93,260,1082,395,162,122,1,-1,-1,-1
93,270,1224,318,264,340,1,-1,-1,-1
93,275,10,552,452,388,1,-1,-1,-1
94,260,1086,397,163,121,1,-1,-1,-1
94,270,1228,317,265,341,1,-1,-1,-1
94,275,0,581,468,383,1,-1,-1,-1
95,260,1090,395,165,122,1,-1,-1,-1
95,270,1232,316,266,339,1,-1,-1,-1
96,260,1094,390,164,125,1,-1,-1,-1
96,270,1236,316,267,337,1,-1,-1,-1
97,260,1096,387,163,129,1,-1,-1,-1
97,270,1241,316,263,333,1,-1,-1,-1
98,260,1101,383,166,134,1,-1,-1,-1
98,270,1245,318,261,330,1,-1,-1,-1
99,260,1102,382,165,135,1,-1,-1,-1
99,270,1251,318,256,327,1,-1,-1,-1
100,260,1104,383,165,137,1,-1,-1,-1
100,270,1256,319,252,324,1,-1,-1,-1
101,260,1105,382,166,139,1,-1,-1,-1
101,270,1259,321,256,315,1,-1,-1,-1
102,260,1110,382,163,141,1,-1,-1,-1
102,270,1263,324,253,310,1,-1,-1,-1
103,260,1113,381,160,142,1,-1,-1,-1
103,270,1266,328,249,303,1,-1,-1,-1
104,260,1117,381,157,144,1,-1,-1,-1
104,270,1270,332,245,297,1,-1,-1,-1
104,285,995,345,183,125,1,-1,-1,-1
105,260,1118,382,156,144,1,-1,-1,-1
105,270,1272,335,242,292,1,-1,-1,-1
105,285,991,346,184,125,1,-1,-1,-1
106,260,1120,383,156,142,1,-1,-1,-1
106,270,1275,336,238,289,1,-1,-1,-1
106,285,988,347,185,125,1,-1,-1,-1
107,260,1119,383,157,142,1,-1,-1,-1
107,270,1279,337,233,285,1,-1,-1,-1
107,285,984,347,186,125,1,-1,-1,-1
108,260,1118,383,158,144,1,-1,-1,-1
108,270,1285,335,224,285,1,-1,-1,-1
108,285,981,348,188,125,1,-1,-1,-1
109,260,1118,381,158,147,1,-1,-1,-1
109,270,1289,335,216,283,1,-1,-1,-1
109,285,977,349,189,125,1,-1,-1,-1
110,260,1118,380,157,150,1,-1,-1,-1
110,270,1294,335,207,280,1,-1,-1,-1
110,285,974,349,190,125,1,-1,-1,-1
111,260,1117,380,156,151,1,-1,-1,-1
111,270,1300,333,212,286,1,-1,-1,-1
111,285,970,350,191,125,1,-1,-1,-1
112,260,1115,381,158,150,1,-1,-1,-1
112,270,1301,335,212,281,1,-1,-1,-1
112,285,967,351,193,125,1,-1,-1,-1
113,260,1114,382,160,149,1,-1,-1,-1
113,270,1301,336,211,277,1,-1,-1,-1
113,285,966,350,192,126,1,-1,-1,-1
114,260,1113,383,164,148,1,-1,-1,-1
114,270,1301,339,212,272,1,-1,-1,-1
114,285,965,349,192,127,1,-1,-1,-1
115,260,1113,384,166,147,1,-1,-1,-1
115,270,1302,340,210,269,1,-1,-1,-1
115,285,964,348,192,128,1,-1,-1,-1
116,260,1112,385,166,146,1,-1,-1,-1
116,270,1304,341,209,265,1,-1,-1,-1
116,285,964,348,192,130,1,-1,-1,-1
117,260,1111,385,166,147,1,-1,-1,-1
117,270,1304,341,209,264,1,-1,-1,-1
117,285,963,347,192,131,1,-1,-1,-1
118,260,1110,385,164,147,1,-1,-1,-1
118,270,1305,343,210,260,1,-1,-1,-1
118,285,962,346,191,132,1,-1,-1,-1
119,260,1109,386,163,146,1,-1,-1,-1
119,270,1305,344,210,258,1,-1,-1,-1
119,285,962,346,191,134,1,-1,-1,-1
120,260,1109,387,163,143,1,-1,-1,-1
120,270,1305,333,211,252,1,-1,-1,-1
120,285,961,345,191,135,1,-1,-1,-1
121,260,1108,387,165,142,1,-1,-1,-1
121,270,1305,335,212,249,1,-1,-1,-1
121,285,960,344,191,136,1,-1,-1,-1
122,260,1106,386,168,141,1,-1,-1,-1
122,270,1307,336,211,247,1,-1,-1,-1
122,274,895,703,456,375,1,-1,-1,-1
122,285,960,344,191,138,1,-1,-1,-1
123,260,1103,385,171,142,1,-1,-1,-1
123,270,1312,335,206,248,1,-1,-1,-1
123,274,904,690,450,388,1,-1,-1,-1
123,285,960,344,191,138,1,-1,-1,-1
124,260,1067,385,205,146,1,-1,-1,-1
124,270,1321,333,201,249,1,-1,-1,-1
124,274,916,675,436,403,1,-1,-1,-1
125,260,1069,385,204,148,1,-1,-1,-1
125,270,1328,333,196,247,1,-1,-1,-1
125,274,930,653,420,415,1,-1,-1,-1
126,260,1073,383,200,153,1,-1,-1,-1
126,270,1332,334,195,245,1,-1,-1,-1
126,274,942,629,412,416,1,-1,-1,-1
127,260,1075,379,196,161,1,-1,-1,-1
127,270,1336,332,193,245,1,-1,-1,-1
127,274,948,611,412,411,1,-1,-1,-1
128,260,1079,377,186,164,1,-1,-1,-1
128,270,1339,331,191,246,1,-1,-1,-1
128,274,953,598,413,400,1,-1,-1,-1
129,260,1079,377,181,163,1,-1,-1,-1
129,270,1341,330,189,246,1,-1,-1,-1
129,274,959,592,410,388,1,-1,-1,-1
130,260,1082,390,177,163,1,-1,-1,-1
130,270,1342,330,189,244,1,-1,-1,-1
130,274,969,600,400,355,1,-1,-1,-1
130,285,960,344,191,138,1,-1,-1,-1
131,260,1079,390,180,165,1,-1,-1,-1
131,270,1344,332,187,242,1,-1,-1,-1
131,274,954,553,424,376,1,-1,-1,-1
132,260,1073,393,185,163,1,-1,-1,-1
132,270,1346,332,186,241,1,-1,-1,-1
132,274,997,552,386,369,1,-1,-1,-1
133,260,1069,394,187,162,1,-1,-1,-1
133,270,1348,331,184,240,1,-1,-1,-1
133,274,999,558,382,346,1,-1,-1,-1
134,260,1066,395,188,161,1,-1,-1,-1
134,270,1349,330,182,241,1,-1,-1,-1
134,274,1003,542,381,353,1,-1,-1,-1
135,260,1063,394,187,166,1,-1,-1,-1
135,270,1350,330,181,240,1,-1,-1,-1
135,274,1013,530,375,352,1,-1,-1,-1
136,260,1060,394,189,168,1,-1,-1,-1
136,270,1350,333,181,237,1,-1,-1,-1
136,274,1024,526,367,344,1,-1,-1,-1
137,260,1056,393,191,171,1,-1,-1,-1
137,270,1348,334,182,234,1,-1,-1,-1
137,274,1033,517,363,326,1,-1,-1,-1
138,260,1054,392,193,170,1,-1,-1,-1
138,270,1348,335,181,233,1,-1,-1,-1
138,274,1044,514,352,325,1,-1,-1,-1
139,260,1052,392,196,170,1,-1,-1,-1
139,270,1350,337,179,231,1,-1,-1,-1
139,274,1056,511,344,322,1,-1,-1,-1
140,260,1034,397,202,165,1,-1,-1,-1
140,270,1353,338,175,229,1,-1,-1,-1
140,274,1065,504,340,319,1,-1,-1,-1
141,270,1354,338,175,228,1,-1,-1,-1
141,274,1071,496,340,316,1,-1,-1,-1
142,270,1354,335,176,230,1,-1,-1,-1
142,274,1072,491,345,308,1,-1,-1,-1
143,270,1353,331,177,232,1,-1,-1,-1
143,274,1074,485,348,304,1,-1,-1,-1
144,270,1353,326,178,236,1,-1,-1,-1
144,274,1077,481,346,295,1,-1,-1,-1
145,270,1352,326,177,234,1,-1,-1,-1
145,274,1094,472,336,303,1,-1,-1,-1
146,270,1351,326,177,233,1,-1,-1,-1
146,274,1100,474,332,294,1,-1,-1,-1
147,270,1351,327,177,232,1,-1,-1,-1
147,274,1109,475,327,289,1,-1,-1,-1
148,270,1350,327,176,231,1,-1,-1,-1
148,274,1109,466,336,283,1,-1,-1,-1
149,274,1121,465,331,276,1,-1,-1,-1
150,260,981,400,219,175,1,-1,-1,-1
150,274,1132,463,326,268,1,-1,-1,-1
151,260,978,401,218,176,1,-1,-1,-1
151,274,1143,460,317,262,1,-1,-1,-1
152,260,975,402,217,176,1,-1,-1,-1
152,274,1152,455,309,261,1,-1,-1,-1
153,260,972,402,216,176,1,-1,-1,-1
153,274,1159,452,307,259,1,-1,-1,-1
154,260,972,402,211,179,1,-1,-1,-1
154,274,1168,450,300,256,1,-1,-1,-1
155,260,947,405,230,179,1,-1,-1,-1
155,274,1176,450,293,250,1,-1,-1,-1
156,260,945,405,227,180,1,-1,-1,-1
156,274,1185,449,282,247,1,-1,-1,-1
157,260,939,405,231,179,1,-1,-1,-1
157,274,1195,444,280,252,1,-1,-1,-1
158,260,930,411,240,192,1,-1,-1,-1
158,274,1199,443,277,249,1,-1,-1,-1
159,260,924,412,243,192,1,-1,-1,-1
159,274,1207,442,271,247,1,-1,-1,-1
160,260,918,411,246,195,1,-1,-1,-1
160,274,1214,441,266,244,1,-1,-1,-1
161,260,918,411,240,198,1,-1,-1,-1
161,274,1220,439,266,243,1,-1,-1,-1
162,260,907,411,241,197,1,-1,-1,-1
162,274,1223,442,268,237,1,-1,-1,-1
163,260,906,408,239,204,1,-1,-1,-1
163,274,1226,443,271,233,1,-1,-1,-1
164,260,904,408,238,204,1,-1,-1,-1
164,274,1230,445,268,227,1,-1,-1,-1
165,260,900,408,238,205,1,-1,-1,-1
165,274,1236,442,265,228,1,-1,-1,-1
165,278,1089,409,168,130,1,-1,-1,-1
166,260,892,407,238,207,1,-1,-1,-1
166,274,1242,439,260,228,1,-1,-1,-1
166,278,1091,408,166,132,1,-1,-1,-1
167,260,869,407,250,209,1,-1,-1,-1
167,274,1247,435,258,229,1,-1,-1,-1
167,278,1092,407,165,133,1,-1,-1,-1
168,260,863,408,249,211,1,-1,-1,-1
168,274,1252,435,255,226,1,-1,-1,-1
168,278,1097,406,161,135,1,-1,-1,-1
169,260,851,411,255,210,1,-1,-1,-1
169,274,1257,436,253,223,1,-1,-1,-1
169,278,1100,405,157,138,1,-1,-1,-1
170,260,845,412,257,214,1,-1,-1,-1
170,274,1261,437,251,219,1,-1,-1,-1
170,278,1102,405,154,139,1,-1,-1,-1
171,260,836,413,266,213,1,-1,-1,-1
171,274,1266,437,248,217,1,-1,-1,-1
171,278,1103,405,152,141,1,-1,-1,-1
172,260,830,410,273,215,1,-1,-1,-1
172,274,1272,437,243,216,1,-1,-1,-1
172,278,1103,406,153,141,1,-1,-1,-1
173,260,803,414,291,212,1,-1,-1,-1
173,274,1276,436,239,216,1,-1,-1,-1
173,278,1102,406,154,141,1,-1,-1,-1
174,260,805,411,281,220,1,-1,-1,-1
174,274,1278,437,238,213,1,-1,-1,-1
174,278,1100,408,156,140,1,-1,-1,-1
175,260,805,411,270,224,1,-1,-1,-1
175,274,1278,437,239,212,1,-1,-1,-1
175,278,1098,410,159,138,1,-1,-1,-1
176,260,801,411,263,226,1,-1,-1,-1
176,274,1279,439,238,209,1,-1,-1,-1
176,278,1095,411,163,138,1,-1,-1,-1
177,260,793,413,262,226,1,-1,-1,-1
177,274,1276,422,242,216,1,-1,-1,-1
177,278,1093,412,165,138,1,-1,-1,-1
178,260,783,414,263,227,1,-1,-1,-1
178,274,1297,419,221,220,1,-1,-1,-1
178,278,1090,412,167,139,1,-1,-1,-1
179,260,772,415,267,230,1,-1,-1,-1
179,274,1298,419,220,219,1,-1,-1,-1
179,278,1088,412,168,140,1,-1,-1,-1
180,260,760,414,277,230,1,-1,-1,-1
180,274,1301,417,217,219,1,-1,-1,-1
180,278,1084,412,171,141,1,-1,-1,-1
181,260,734,413,283,236,1,-1,-1,-1
181,274,1302,415,217,220,1,-1,-1,-1
181,278,1082,413,172,140,1,-1,-1,-1
182,260,723,412,285,240,1,-1,-1,-1
182,274,1303,412,217,222,1,-1,-1,-1
182,278,1080,415,173,139,1,-1,-1,-1
183,260,710,411,287,244,1,-1,-1,-1
183,274,1303,410,220,222,1,-1,-1,-1
183,278,1078,415,175,140,1,-1,-1,-1
184,260,693,410,294,246,1,-1,-1,-1
184,274,1299,424,242,202,1,-1,-1,-1
184,278,1075,416,177,141,1,-1,-1,-1
184,285,928,363,165,139,1,-1,-1,-1
185,260,680,411,298,246,1,-1,-1,-1
185,274,1302,423,239,201,1,-1,-1,-1
185,278,1073,417,178,143,1,-1,-1,-1
185,285,928,363,164,139,1,-1,-1,-1
186,260,673,415,298,261,1,-1,-1,-1
186,274,1307,422,231,202,1,-1,-1,-1
186,278,1071,419,178,142,1,-1,-1,-1
186,285,928,364,164,139,1,-1,-1,-1
187,260,645,415,311,263,1,-1,-1,-1
187,274,1312,422,223,199,1,-1,-1,-1
187,278,1068,419,179,143,1,-1,-1,-1
187,285,929,365,164,140,1,-1,-1,-1
188,260,637,413,305,270,1,-1,-1,-1
188,274,1318,422,216,199,1,-1,-1,-1
188,278,1065,420,180,143,1,-1,-1,-1
188,285,929,365,163,140,1,-1,-1,-1
189,260,621,410,307,278,1,-1,-1,-1
189,274,1320,420,216,201,1,-1,-1,-1
189,278,1063,419,181,146,1,-1,-1,-1
189,285,929,366,163,140,1,-1,-1,-1
190,260,606,410,309,282,1,-1,-1,-1
190,274,1325,417,213,204,1,-1,-1,-1
190,278,1061,419,183,146,1,-1,-1,-1
190,285,930,367,163,141,1,-1,-1,-1
191,260,591,412,315,283,1,-1,-1,-1
191,274,1327,415,212,205,1,-1,-1,-1
191,278,1054,422,173,151,1,-1,-1,-1
191,285,935,367,163,140,1,-1,-1,-1
192,260,559,413,325,283,1,-1,-1,-1
192,274,1333,415,204,201,1,-1,-1,-1
192,278,1055,438,169,139,1,-1,-1,-1
192,285,940,368,163,139,1,-1,-1,-1
193,260,543,413,328,291,1,-1,-1,-1
193,274,1335,415,202,199,1,-1,-1,-1
193,278,1050,438,172,139,1,-1,-1,-1
193,285,945,368,163,139,1,-1,-1,-1
194,260,527,415,329,295,1,-1,-1,-1
194,274,1336,415,201,196,1,-1,-1,-1
194,278,1045,436,174,142,1,-1,-1,-1
194,285,950,369,163,138,1,-1,-1,-1
195,260,510,419,337,298,1,-1,-1,-1
195,274,1335,415,202,195,1,-1,-1,-1
195,278,1041,437,174,142,1,-1,-1,-1
195,285,955,370,163,138,1,-1,-1,-1
196,260,476,431,352,290,1,-1,-1,-1
196,274,1335,417,203,191,1,-1,-1,-1
196,278,1040,437,174,142,1,-1,-1,-1
197,260,463,432,354,295,1,-1,-1,-1
197,274,1344,416,199,190,1,-1,-1,-1
197,278,1038,438,173,141,1,-1,-1,-1
198,260,442,434,360,301,1,-1,-1,-1
198,274,1345,418,197,186,1,-1,-1,-1
198,278,1033,438,174,142,1,-1,-1,-1
199,260,426,432,367,310,1,-1,-1,-1
199,274,1346,419,196,183,1,-1,-1,-1
199,278,1028,437,175,145,1,-1,-1,-1
200,260,389,436,373,312,1,-1,-1,-1
200,274,1348,420,195,180,1,-1,-1,-1
200,278,1025,436,174,148,1,-1,-1,-1
201,260,379,438,366,318,1,-1,-1,-1
201,274,1348,421,194,176,1,-1,-1,-1
201,278,1022,438,176,148,1,-1,-1,-1
202,260,359,441,368,321,1,-1,-1,-1
202,274,1349,421,194,173,1,-1,-1,-1
202,278,1012,439,185,150,1,-1,-1,-1
203,260,312,418,414,358,1,-1,-1,-1
203,274,1350,421,193,173,1,-1,-1,-1
203,278,1008,440,188,150,1,-1,-1,-1
204,260,288,442,401,353,1,-1,-1,-1
204,274,1351,420,191,174,1,-1,-1,-1
204,278,1004,441,189,150,1,-1,-1,-1
205,260,262,443,419,359,1,-1,-1,-1
205,274,1354,419,188,175,1,-1,-1,-1
205,278,999,440,191,152,1,-1,-1,-1
206,260,233,445,446,369,1,-1,-1,-1
206,274,1357,410,193,173,1,-1,-1,-1
206,278,994,441,191,154,1,-1,-1,-1
207,260,215,462,401,353,1,-1,-1,-1
207,274,1359,408,191,176,1,-1,-1,-1
207,278,991,442,189,156,1,-1,-1,-1
208,260,180,456,430,377,1,-1,-1,-1
208,274,1362,407,188,176,1,-1,-1,-1
208,278,986,444,188,157,1,-1,-1,-1
209,260,145,465,444,376,1,-1,-1,-1
209,270,1263,325,169,180,1,-1,-1,-1
209,274,1364,405,185,178,1,-1,-1,-1
209,278,983,442,186,161,1,-1,-1,-1
210,260,118,471,447,383,1,-1,-1,-1
210,270,1253,324,176,181,1,-1,-1,-1
210,274,1366,404,183,178,1,-1,-1,-1
210,278,981,440,186,166,1,-1,-1,-1
211,260,92,476,454,394,1,-1,-1,-1
211,270,1233,324,177,180,1,-1,-1,-1
211,274,1367,404,182,178,1,-1,-1,-1
211,278,972,443,188,168,1,-1,-1,-1
212,260,71,482,471,406,1,-1,-1,-1
212,270,1226,323,180,177,1,-1,-1,-1
212,274,1368,404,181,177,1,-1,-1,-1
212,276,869,754,485,324,1,-1,-1,-1
212,278,965,443,193,170,1,-1,-1,-1
213,260,37,500,450,417,1,-1,-1,-1
213,270,1217,323,181,175,1,-1,-1,-1
213,274,1369,404,180,175,1,-1,-1,-1
213,276,892,745,466,333,1,-1,-1,-1
213,278,958,445,197,170,1,-1,-1,-1
214,260,12,511,448,423,1,-1,-1,-1
214,270,1213,322,179,177,1,-1,-1,-1
214,274,1370,405,177,174,1,-1,-1,-1
214,276,927,706,429,370,1,-1,-1,-1
214,278,950,446,200,171,1,-1,-1,-1
214,281,1094,414,161,130,1,-1,-1,-1
215,270,1191,323,186,176,1,-1,-1,-1
215,274,1370,406,176,171,1,-1,-1,-1
215,276,944,690,412,373,1,-1,-1,-1
215,278,944,445,200,175,1,-1,-1,-1
215,281,1094,414,163,132,1,-1,-1,-1
216,274,1372,408,172,165,1,-1,-1,-1
216,276,948,693,406,330,1,-1,-1,-1
216,278,940,444,198,178,1,-1,-1,-1
216,281,1093,414,166,133,1,-1,-1,-1
217,274,1373,410,171,161,1,-1,-1,-1
217,276,960,633,404,387,1,-1,-1,-1
217,278,923,447,211,175,1,-1,-1,-1
217,281,1092,413,167,134,1,-1,-1,-1
218,274,1374,412,171,158,1,-1,-1,-1
218,276,975,649,397,328,1,-1,-1,-1
218,278,920,447,210,175,1,-1,-1,-1
218,281,1093,412,166,134,1,-1,-1,-1
219,274,1375,411,172,157,1,-1,-1,-1
219,276,985,636,411,326,1,-1,-1,-1
219,278,915,455,213,175,1,-1,-1,-1
219,281,1094,410,165,135,1,-1,-1,-1
220,274,1377,410,170,156,1,-1,-1,-1
220,276,996,623,399,321,1,-1,-1,-1
220,278,908,455,213,177,1,-1,-1,-1
220,281,1094,407,165,137,1,-1,-1,-1
221,274,1378,408,169,156,1,-1,-1,-1
221,276,1010,619,389,308,1,-1,-1,-1
221,278,901,454,213,180,1,-1,-1,-1
221,281,1093,405,165,139,1,-1,-1,-1
222,274,1379,406,168,156,1,-1,-1,-1
222,276,1026,595,383,304,1,-1,-1,-1
222,278,896,454,213,183,1,-1,-1,-1
222,281,1093,403,164,141,1,-1,-1,-1
223,274,1379,406,169,154,1,-1,-1,-1
223,276,1038,588,377,296,1,-1,-1,-1
223,278,883,460,214,175,1,-1,-1,-1
223,281,1094,401,163,145,1,-1,-1,-1
224,274,1380,406,168,153,1,-1,-1,-1
224,276,1048,577,373,291,1,-1,-1,-1
224,278,875,460,219,176,1,-1,-1,-1
224,281,1093,401,166,146,1,-1,-1,-1
225,274,1381,405,168,152,1,-1,-1,-1
225,276,1054,567,374,287,1,-1,-1,-1
225,278,866,460,222,177,1,-1,-1,-1
225,281,1094,401,165,147,1,-1,-1,-1
226,274,1382,404,168,153,1,-1,-1,-1
226,276,1059,564,376,278,1,-1,-1,-1
226,278,856,460,227,180,1,-1,-1,-1
226,281,1095,401,165,148,1,-1,-1,-1
227,274,1381,404,168,152,1,-1,-1,-1
227,276,1079,555,374,283,1,-1,-1,-1
227,278,850,458,229,185,1,-1,-1,-1
227,281,1096,400,165,152,1,-1,-1,-1
228,270,903,333,251,160,1,-1,-1,-1
228,274,1381,405,169,150,1,-1,-1,-1
228,276,1091,557,359,273,1,-1,-1,-1
228,278,836,462,230,184,1,-1,-1,-1
228,281,1095,399,167,155,1,-1,-1,-1
229,270,881,334,257,159,1,-1,-1,-1
229,274,1382,406,167,147,1,-1,-1,-1
229,276,1099,536,357,277,1,-1,-1,-1
229,278,826,464,235,184,1,-1,-1,-1
229,281,1093,402,171,155,1,-1,-1,-1
230,270,854,335,257,161,1,-1,-1,-1
230,274,1384,407,163,145,1,-1,-1,-1
230,276,1113,536,348,263,1,-1,-1,-1
230,278,818,465,236,186,1,-1,-1,-1
230,281,1090,407,174,153,1,-1,-1,-1
231,270,827,336,257,163,1,-1,-1,-1
231,274,1386,407,161,144,1,-1,-1,-1
231,276,1124,531,342,256,1,-1,-1,-1
231,278,798,460,260,198,1,-1,-1,-1
231,281,1088,412,177,149,1,-1,-1,-1
232,270,800,337,257,166,1,-1,-1,-1
232,274,1384,408,162,142,1,-1,-1,-1
232,276,1133,523,336,254,1,-1,-1,-1
232,278,793,464,239,195,1,-1,-1,-1
232,281,1086,414,178,148,1,-1,-1,-1
233,270,773,338,257,168,1,-1,-1,-1
233,274,1382,407,164,141,1,-1,-1,-1
233,276,1141,517,332,252,1,-1,-1,-1
233,278,782,464,246,196,1,-1,-1,-1
233,281,1084,415,181,148,1,-1,-1,-1
234,270,746,339,257,171,1,-1,-1,-1
234,274,1382,407,164,141,1,-1,-1,-1
234,276,1147,515,332,244,1,-1,-1,-1
234,278,776,457,243,209,1,-1,-1,-1
234,281,1081,416,183,150,1,-1,-1,-1
235,270,719,340,257,173,1,-1,-1,-1
235,274,1382,406,162,141,1,-1,-1,-1
235,276,1153,512,332,238,1,-1,-1,-1
235,278,770,457,244,212,1,-1,-1,-1
235,281,1080,417,185,153,1,-1,-1,-1
236,270,692,342,258,176,1,-1,-1,-1
236,274,1382,406,161,140,1,-1,-1,-1
236,276,1158,510,331,232,1,-1,-1,-1
236,278,750,462,255,209,1,-1,-1,-1
236,281,1078,417,185,153,1,-1,-1,-1
237,274,1380,407,163,138,1,-1,-1,-1
237,276,1181,503,311,239,1,-1,-1,-1
237,278,738,463,262,210,1,-1,-1,-1
237,281,1077,417,185,155,1,-1,-1,-1
238,274,1379,406,163,137,1,-1,-1,-1
238,276,1188,499,305,239,1,-1,-1,-1
238,278,726,465,264,211,1,-1,-1,-1
238,281,1074,418,189,155,1,-1,-1,-1
239,274,1380,407,163,134,1,-1,-1,-1
239,276,1193,486,304,243,1,-1,-1,-1
239,278,714,468,264,212,1,-1,-1,-1
239,281,1073,418,188,156,1,-1,-1,-1
240,274,1380,406,163,134,1,-1,-1,-1
240,276,1199,486,303,237,1,-1,-1,-1
240,278,698,473,269,211,1,-1,-1,-1
240,281,1071,419,190,156,1,-1,-1,-1
241,276,1206,485,300,231,1,-1,-1,-1
241,278,685,476,274,208,1,-1,-1,-1
241,281,1066,434,186,147,1,-1,-1,-1
242,276,1212,484,297,225,1,-1,-1,-1
242,278,662,488,276,205,1,-1,-1,-1
242,281,1062,433,190,149,1,-1,-1,-1
243,276,1220,483,293,222,1,-1,-1,-1
243,278,651,487,273,212,1,-1,-1,-1
243,281,1060,432,190,151,1,-1,-1,-1
244,276,1230,481,289,218,1,-1,-1,-1
244,278,636,487,272,217,1,-1,-1,-1
244,281,1057,430,191,155,1,-1,-1,-1
245,276,1239,482,286,213,1,-1,-1,-1
245,278,620,489,275,220,1,-1,-1,-1
245,281,1056,428,191,159,1,-1,-1,-1
246,276,1245,480,285,210,1,-1,-1,-1
246,278,610,493,275,216,1,-1,-1,-1
246,281,1054,426,192,162,1,-1,-1,-1
247,276,1249,481,283,206,1,-1,-1,-1
247,278,575,495,295,218,1,-1,-1,-1
247,281,1052,426,193,162,1,-1,-1,-1
248,276,1255,479,278,205,1,-1,-1,-1
248,278,560,493,295,225,1,-1,-1,-1
248,281,1040,432,199,157,1,-1,-1,-1
249,276,1259,479,275,200,1,-1,-1,-1
249,278,539,490,302,236,1,-1,-1,-1
249,281,1038,434,200,154,1,-1,-1,-1
250,276,1273,473,269,204,1,-1,-1,-1
250,278,520,502,317,232,1,-1,-1,-1
250,281,1034,435,200,153,1,-1,-1,-1
251,276,1274,472,269,200,1,-1,-1,-1
251,278,486,502,335,237,1,-1,-1,-1
251,281,1027,436,203,152,1,-1,-1,-1
252,276,1278,468,265,201,1,-1,-1,-1
252,278,473,505,331,239,1,-1,-1,-1
252,281,1022,436,204,154,1,-1,-1,-1
253,276,1278,467,267,199,1,-1,-1,-1
253,278,455,508,327,243,1,-1,-1,-1
253,281,1017,436,203,156,1,-1,-1,-1
254,276,1280,465,268,198,1,-1,-1,-1
254,278,441,514,323,244,1,-1,-1,-1
254,281,1014,434,200,160,1,-1,-1,-1
255,276,1284,465,267,196,1,-1,-1,-1
255,278,410,519,328,249,1,-1,-1,-1
255,281,1013,434,198,163,1,-1,-1,-1
256,276,1293,473,258,180,1,-1,-1,-1
256,278,390,522,334,254,1,-1,-1,-1
256,281,1001,435,202,165,1,-1,-1,-1
257,276,1300,472,251,181,1,-1,-1,-1
257,278,370,524,338,261,1,-1,-1,-1
257,281,997,435,203,167,1,-1,-1,-1
258,276,1306,470,246,181,1,-1,-1,-1
258,278,327,537,349,259,1,-1,-1,-1
258,281,992,435,204,170,1,-1,-1,-1
259,276,1311,468,242,181,1,-1,-1,-1
259,278,304,537,357,269,1,-1,-1,-1
259,281,986,435,205,173,1,-1,-1,-1
260,276,1309,459,259,191,1,-1,-1,-1
260,278,266,543,378,286,1,-1,-1,-1
260,281,968,431,225,180,1,-1,-1,-1
