1,-1,324.492,558.497,228.976,174.851,0.953,-1,-1,-1
1,-1,394.359,203.363,69.468,41.027,0.542,-1,-1,-1
1,-1,3.210,865.377,479.098,212.650,0.468,-1,-1,-1
1,-1,956.459,215.633,113.303,112.865,0.375,-1,-1,-1
1,-1,22.562,861.564,475.971,215.588,0.260,-1,-1,-1
2,-1,318.066,562.172,224.868,175.431,0.972,-1,-1,-1
2,-1,394.074,202.972,70.139,41.636,0.530,-1,-1,-1
2,-1,2.529,863.745,481.246,214.287,0.492,-1,-1,-1
2,-1,958.219,210.983,119.886,109.072,0.323,-1,-1,-1
2,-1,22.907,861.469,475.964,216.354,0.267,-1,-1,-1
3,-1,311.741,566.975,230.156,179.286,0.964,-1,-1,-1
3,-1,393.435,203.217,70.621,41.096,0.520,-1,-1,-1
3,-1,955.815,210.945,118.339,105.119,0.508,-1,-1,-1
3,-1,3.126,863.294,481.415,214.760,0.478,-1,-1,-1
3,-1,23.701,861.460,473.307,216.315,0.271,-1,-1,-1
4,-1,299.234,569.442,239.321,187.294,0.980,-1,-1,-1
4,-1,959.132,208.293,114.686,104.695,0.644,-1,-1,-1
4,-1,393.248,203.348,70.670,41.129,0.539,-1,-1,-1
4,-1,4.164,864.822,480.174,214.195,0.465,-1,-1,-1
4,-1,25.314,863.261,470.907,214.959,0.258,-1,-1,-1
5,-1,291.958,576.043,245.181,184.600,0.974,-1,-1,-1
5,-1,960.280,206.788,110.714,103.156,0.640,-1,-1,-1
5,-1,393.704,203.373,70.026,41.180,0.540,-1,-1,-1
5,-1,3.747,865.617,477.811,213.813,0.433,-1,-1,-1
5,-1,24.914,863.570,469.336,215.136,0.258,-1,-1,-1
6,-1,284.701,584.502,252.875,186.306,0.968,-1,-1,-1
6,-1,962.084,204.494,112.414,103.059,0.703,-1,-1,-1
6,-1,393.159,203.338,71.036,41.222,0.533,-1,-1,-1
6,-1,2.101,865.703,481.459,213.773,0.454,-1,-1,-1
6,-1,25.015,863.805,472.632,215.463,0.258,-1,-1,-1
7,-1,279.590,586.759,255.366,188.415,0.987,-1,-1,-1
7,-1,963.136,202.672,116.384,100.283,0.811,-1,-1,-1
7,-1,392.821,203.447,71.392,41.073,0.531,-1,-1,-1
7,-1,24.254,864.306,470.589,215.142,0.259,-1,-1,-1
8,-1,276.698,591.221,258.171,191.191,0.989,-1,-1,-1
8,-1,965.188,201.271,113.622,96.718,0.705,-1,-1,-1
8,-1,392.674,203.389,71.400,41.181,0.534,-1,-1,-1
8,-1,0.000,861.989,461.464,217.272,0.432,-1,-1,-1
8,-1,24.738,863.256,466.794,216.469,0.262,-1,-1,-1
9,-1,274.156,594.674,255.013,194.578,0.985,-1,-1,-1
9,-1,964.701,199.391,112.799,96.678,0.609,-1,-1,-1
9,-1,392.649,203.348,71.488,41.246,0.531,-1,-1,-1
9,-1,0.000,860.717,461.554,218.579,0.432,-1,-1,-1
9,-1,24.584,862.584,465.646,217.123,0.273,-1,-1,-1
10,-1,268.304,599.341,251.809,199.229,0.979,-1,-1,-1
10,-1,392.569,203.370,71.519,41.314,0.532,-1,-1,-1
10,-1,963.657,198.506,113.290,95.634,0.510,-1,-1,-1
10,-1,0.000,860.584,461.289,219.252,0.449,-1,-1,-1
10,-1,25.009,862.602,465.594,217.253,0.262,-1,-1,-1
11,-1,259.218,605.283,254.655,198.498,0.974,-1,-1,-1
11,-1,391.629,204.016,71.585,40.118,0.564,-1,-1,-1
11,-1,962.040,193.845,110.100,101.116,0.503,-1,-1,-1
12,-1,246.714,613.743,259.218,196.633,0.951,-1,-1,-1
12,-1,391.532,204.046,71.656,40.025,0.565,-1,-1,-1
12,-1,966.627,191.895,110.727,97.036,0.512,-1,-1,-1
13,-1,237.431,620.331,264.048,198.608,0.906,-1,-1,-1
13,-1,967.616,190.422,110.094,96.762,0.571,-1,-1,-1
13,-1,391.471,204.005,71.693,40.156,0.545,-1,-1,-1
13,-1,29.160,862.122,469.814,217.767,0.218,-1,-1,-1
14,-1,226.761,618.934,278.690,210.431,0.969,-1,-1,-1
14,-1,970.023,187.373,108.937,94.348,0.625,-1,-1,-1
14,-1,391.308,203.973,71.919,40.180,0.548,-1,-1,-1
15,-1,221.367,621.597,273.075,217.219,0.949,-1,-1,-1
15,-1,970.345,184.684,114.435,95.281,0.649,-1,-1,-1
15,-1,391.189,204.117,71.840,40.008,0.551,-1,-1,-1
16,-1,213.270,629.391,274.777,215.657,0.982,-1,-1,-1
16,-1,971.539,182.591,114.173,95.739,0.663,-1,-1,-1
16,-1,391.063,204.340,71.821,39.698,0.560,-1,-1,-1
17,-1,206.132,635.829,274.963,213.899,0.962,-1,-1,-1
17,-1,972.826,179.482,114.025,93.750,0.732,-1,-1,-1
17,-1,391.312,204.233,71.534,39.851,0.551,-1,-1,-1
18,-1,198.745,640.059,279.668,213.527,0.967,-1,-1,-1
18,-1,977.321,176.584,108.323,94.879,0.753,-1,-1,-1
18,-1,391.488,204.162,71.451,40.003,0.552,-1,-1,-1
19,-1,189.977,645.046,286.126,214.448,0.968,-1,-1,-1
19,-1,980.005,176.203,108.381,93.111,0.788,-1,-1,-1
19,-1,391.198,204.213,71.721,39.927,0.553,-1,-1,-1
20,-1,179.437,650.186,290.846,220.038,0.958,-1,-1,-1
20,-1,983.364,174.334,104.340,91.946,0.776,-1,-1,-1
20,-1,391.523,204.117,71.519,39.929,0.546,-1,-1,-1
21,-1,170.725,654.340,295.769,221.780,0.946,-1,-1,-1
21,-1,983.656,169.391,109.426,100.999,0.733,-1,-1,-1
21,-1,393.331,203.441,70.544,40.730,0.553,-1,-1,-1
21,-1,1815.149,546.537,98.565,170.867,0.209,-1,-1,-1
22,-1,171.429,660.277,293.902,227.012,0.974,-1,-1,-1
22,-1,986.810,168.260,109.087,97.348,0.784,-1,-1,-1
22,-1,393.336,203.381,70.642,40.922,0.560,-1,-1,-1
22,-1,1815.231,546.736,98.537,170.522,0.207,-1,-1,-1
23,-1,151.984,662.166,305.862,226.656,0.980,-1,-1,-1
23,-1,990.203,166.219,109.952,96.938,0.744,-1,-1,-1
23,-1,393.887,203.481,69.936,40.779,0.565,-1,-1,-1
23,-1,1815.054,546.755,98.529,171.011,0.210,-1,-1,-1
24,-1,135.615,667.541,320.993,230.560,0.964,-1,-1,-1
24,-1,995.506,165.794,107.352,92.246,0.703,-1,-1,-1
24,-1,393.872,203.415,70.058,40.892,0.562,-1,-1,-1
24,-1,1815.406,547.091,98.384,169.916,0.219,-1,-1,-1
25,-1,130.940,670.453,322.761,233.277,0.986,-1,-1,-1
25,-1,999.010,164.580,110.092,90.258,0.764,-1,-1,-1
25,-1,393.969,203.649,69.782,40.475,0.561,-1,-1,-1
25,-1,1815.472,546.464,98.025,170.660,0.207,-1,-1,-1
26,-1,127.177,674.719,321.321,236.427,0.985,-1,-1,-1
26,-1,1004.907,161.879,108.522,90.283,0.820,-1,-1,-1
26,-1,393.923,203.664,69.635,40.455,0.562,-1,-1,-1
26,-1,1815.641,546.532,98.009,170.409,0.211,-1,-1,-1
27,-1,124.961,678.671,314.583,236.419,0.979,-1,-1,-1
27,-1,1008.003,157.631,111.775,92.874,0.841,-1,-1,-1
27,-1,394.016,203.671,69.557,40.451,0.557,-1,-1,-1
27,-1,1815.486,547.103,98.227,170.048,0.210,-1,-1,-1
28,-1,117.750,682.472,313.522,236.132,0.987,-1,-1,-1
28,-1,1014.276,154.660,110.024,93.095,0.809,-1,-1,-1
28,-1,394.088,203.670,69.471,40.449,0.556,-1,-1,-1
29,-1,104.878,686.660,324.014,234.231,0.993,-1,-1,-1
29,-1,1016.721,156.406,113.285,93.295,0.767,-1,-1,-1
29,-1,393.968,203.730,69.664,40.355,0.560,-1,-1,-1
29,-1,1815.550,546.505,97.929,170.860,0.210,-1,-1,-1
30,-1,91.626,686.759,333.417,245.085,0.985,-1,-1,-1
30,-1,1024.003,156.769,111.239,86.659,0.802,-1,-1,-1
30,-1,394.151,203.711,69.345,40.265,0.560,-1,-1,-1
30,-1,1815.480,546.426,97.982,170.969,0.203,-1,-1,-1
31,-1,87.059,692.628,336.558,243.857,0.985,-1,-1,-1
31,-1,1027.852,154.225,114.472,86.368,0.852,-1,-1,-1
31,-1,392.035,203.536,71.808,40.975,0.554,-1,-1,-1
31,-1,1814.320,546.580,99.172,169.278,0.226,-1,-1,-1
32,-1,85.376,699.355,333.815,235.614,0.978,-1,-1,-1
32,-1,1036.978,151.518,111.289,87.878,0.907,-1,-1,-1
32,-1,391.966,203.580,71.877,40.831,0.555,-1,-1,-1
32,-1,1814.299,546.679,99.237,169.277,0.225,-1,-1,-1
33,-1,72.391,702.599,336.059,245.900,0.959,-1,-1,-1
33,-1,1041.429,149.585,115.262,88.215,0.916,-1,-1,-1
33,-1,392.099,203.701,71.670,40.701,0.559,-1,-1,-1
33,-1,29.281,852.299,346.974,178.294,0.224,-1,-1,-1
33,-1,1814.256,546.671,99.408,169.519,0.222,-1,-1,-1
34,-1,65.595,704.601,340.516,245.073,0.956,-1,-1,-1
34,-1,1049.431,146.744,112.509,88.536,0.880,-1,-1,-1
34,-1,392.146,203.706,71.582,40.693,0.557,-1,-1,-1
34,-1,1814.451,546.899,99.193,169.158,0.227,-1,-1,-1
34,-1,28.713,845.902,337.604,184.871,0.224,-1,-1,-1
35,-1,64.172,708.282,344.314,247.520,0.947,-1,-1,-1
35,-1,1056.430,146.744,109.340,83.497,0.829,-1,-1,-1
35,-1,392.076,203.582,71.827,40.747,0.550,-1,-1,-1
35,-1,1814.169,546.721,99.322,169.214,0.232,-1,-1,-1
36,-1,56.097,713.657,348.275,243.424,0.928,-1,-1,-1
36,-1,1062.214,144.268,111.614,85.046,0.863,-1,-1,-1
36,-1,392.136,203.592,71.656,40.712,0.548,-1,-1,-1
36,-1,1814.130,546.848,99.486,169.275,0.239,-1,-1,-1
36,-1,22.361,757.702,383.021,242.115,0.228,-1,-1,-1
37,-1,45.843,718.993,353.996,239.664,0.965,-1,-1,-1
37,-1,1066.832,143.974,118.210,86.671,0.891,-1,-1,-1
37,-1,392.225,203.296,71.558,41.349,0.548,-1,-1,-1
37,-1,1814.115,547.868,99.068,167.929,0.255,-1,-1,-1
38,-1,26.726,718.924,361.027,245.050,0.911,-1,-1,-1
38,-1,1072.847,142.084,118.174,84.949,0.891,-1,-1,-1
38,-1,392.236,203.491,71.272,41.085,0.548,-1,-1,-1
38,-1,1814.048,547.093,99.188,168.861,0.239,-1,-1,-1
38,-1,12.440,755.962,387.698,250.209,0.306,-1,-1,-1
39,-1,19.544,720.703,362.305,242.229,0.943,-1,-1,-1
39,-1,1083.560,140.613,116.132,81.531,0.855,-1,-1,-1
39,-1,391.328,203.362,72.476,41.289,0.556,-1,-1,-1
39,-1,1814.602,547.382,98.685,167.963,0.250,-1,-1,-1
40,-1,1089.390,137.958,115.201,83.241,0.905,-1,-1,-1
40,-1,6.415,721.577,362.838,240.794,0.860,-1,-1,-1
40,-1,391.564,203.402,72.220,41.235,0.559,-1,-1,-1
40,-1,0.000,859.177,348.392,219.285,0.249,-1,-1,-1
40,-1,1814.618,547.229,98.474,168.032,0.242,-1,-1,-1
41,-1,1099.283,135.308,115.695,83.769,0.929,-1,-1,-1
41,-1,8.975,727.779,357.140,229.602,0.849,-1,-1,-1
41,-1,390.968,203.213,73.173,41.847,0.573,-1,-1,-1
41,-1,1814.351,546.603,98.801,169.417,0.265,-1,-1,-1
41,-1,0.766,752.206,403.374,264.477,0.228,-1,-1,-1
42,-1,1105.545,133.805,117.042,83.017,0.901,-1,-1,-1
42,-1,1.990,718.480,372.564,233.263,0.855,-1,-1,-1
42,-1,391.058,202.992,73.208,41.980,0.559,-1,-1,-1
42,-1,1814.714,546.024,98.255,170.003,0.257,-1,-1,-1
42,-1,0.669,753.745,396.520,259.223,0.240,-1,-1,-1
43,-1,1114.624,131.775,114.110,80.676,0.837,-1,-1,-1
43,-1,0.602,731.525,353.058,232.091,0.826,-1,-1,-1
43,-1,391.147,203.238,73.025,41.678,0.565,-1,-1,-1
43,-1,1814.875,545.904,98.096,170.400,0.259,-1,-1,-1
43,-1,1.632,758.057,397.416,260.279,0.375,-1,-1,-1
44,-1,0.000,733.456,351.497,226.078,0.851,-1,-1,-1
44,-1,1123.505,129.047,111.266,82.828,0.839,-1,-1,-1
44,-1,391.550,203.328,72.467,41.521,0.570,-1,-1,-1
44,-1,1814.689,546.325,98.395,170.126,0.244,-1,-1,-1
44,-1,1130.814,114.402,229.320,86.265,0.208,-1,-1,-1
44,-1,3.971,757.293,390.954,256.578,0.305,-1,-1,-1
45,-1,1130.104,129.416,112.588,79.973,0.857,-1,-1,-1
45,-1,0.000,735.188,353.250,233.440,0.819,-1,-1,-1
45,-1,392.062,203.170,72.075,41.742,0.563,-1,-1,-1
45,-1,1815.128,545.799,98.144,170.479,0.245,-1,-1,-1
45,-1,3.355,757.249,389.114,265.605,0.250,-1,-1,-1
46,-1,0.000,735.613,354.076,225.874,0.828,-1,-1,-1
46,-1,1137.116,130.482,119.602,78.149,0.799,-1,-1,-1
46,-1,391.753,203.096,72.340,41.848,0.563,-1,-1,-1
46,-1,1815.370,545.002,97.645,172.238,0.243,-1,-1,-1
46,-1,3.549,755.748,386.481,266.991,0.284,-1,-1,-1
47,-1,0.000,739.365,356.954,217.169,0.852,-1,-1,-1
47,-1,1147.284,133.312,110.172,72.695,0.748,-1,-1,-1
47,-1,391.488,203.024,72.472,41.959,0.564,-1,-1,-1
47,-1,1823.941,544.579,91.838,175.371,0.244,-1,-1,-1
47,-1,5.952,762.926,379.814,254.522,0.297,-1,-1,-1
48,-1,1155.371,131.079,112.928,74.803,0.866,-1,-1,-1
48,-1,11.597,745.369,319.402,207.874,0.819,-1,-1,-1
48,-1,391.145,203.030,72.729,42.022,0.567,-1,-1,-1
48,-1,1.192,786.141,398.724,274.444,0.383,-1,-1,-1
48,-1,1805.586,919.944,108.182,158.766,0.278,-1,-1,-1
48,-1,1815.526,546.540,97.789,170.001,0.234,-1,-1,-1
48,-1,1156.257,110.354,233.209,90.477,0.210,-1,-1,-1
48,-1,0.000,753.572,496.270,320.424,0.296,-1,-1,-1
49,-1,1162.941,129.159,110.575,74.785,0.909,-1,-1,-1
49,-1,13.355,747.438,312.827,205.910,0.699,-1,-1,-1
49,-1,390.635,203.057,73.526,41.968,0.567,-1,-1,-1
49,-1,0.773,756.431,434.663,312.031,0.393,-1,-1,-1
49,-1,1815.749,545.714,97.464,170.860,0.238,-1,-1,-1
49,-1,0.000,749.838,491.602,327.023,0.423,-1,-1,-1
50,-1,1172.100,125.669,112.921,76.188,0.887,-1,-1,-1
50,-1,13.535,751.098,309.079,199.724,0.665,-1,-1,-1
50,-1,390.558,202.991,73.864,42.082,0.569,-1,-1,-1
50,-1,0.000,756.000,447.004,314.682,0.387,-1,-1,-1
50,-1,1175.263,111.377,218.026,87.091,0.251,-1,-1,-1
50,-1,1815.444,545.631,97.889,171.992,0.246,-1,-1,-1
50,-1,0.000,747.677,495.060,328.744,0.468,-1,-1,-1
51,-1,1180.572,126.566,105.074,72.269,0.875,-1,-1,-1
51,-1,11.533,750.716,314.197,192.419,0.600,-1,-1,-1
51,-1,392.173,203.811,70.470,40.331,0.546,-1,-1,-1
51,-1,0.857,754.749,451.797,318.666,0.365,-1,-1,-1
51,-1,1767.113,878.743,138.044,199.919,0.337,-1,-1,-1
51,-1,1815.188,548.197,99.638,168.406,0.214,-1,-1,-1
51,-1,0.000,749.434,496.144,326.864,0.512,-1,-1,-1
52,-1,1190.453,124.509,101.628,73.030,0.901,-1,-1,-1
52,-1,11.249,753.264,311.490,184.414,0.589,-1,-1,-1
52,-1,391.930,203.877,70.775,40.190,0.541,-1,-1,-1
52,-1,5.322,757.157,427.432,302.071,0.467,-1,-1,-1
52,-1,1197.360,117.220,198.129,75.058,0.276,-1,-1,-1
52,-1,1814.225,548.956,100.417,167.802,0.217,-1,-1,-1
52,-1,0.000,751.273,498.504,324.184,0.521,-1,-1,-1
53,-1,1198.340,123.775,105.956,71.593,0.872,-1,-1,-1
53,-1,8.748,753.518,308.185,173.752,0.601,-1,-1,-1
53,-1,391.855,203.499,70.914,40.500,0.517,-1,-1,-1
53,-1,5.579,758.923,429.271,303.045,0.415,-1,-1,-1
53,-1,1192.325,117.433,213.680,72.045,0.216,-1,-1,-1
53,-1,1814.880,549.170,99.665,167.118,0.209,-1,-1,-1
53,-1,0.000,751.947,505.259,323.680,0.469,-1,-1,-1
54,-1,1203.665,122.186,111.393,71.431,0.867,-1,-1,-1
54,-1,8.605,756.117,303.889,170.503,0.585,-1,-1,-1
54,-1,392.078,203.494,70.519,40.662,0.531,-1,-1,-1
54,-1,6.194,761.572,431.380,300.609,0.355,-1,-1,-1
54,-1,1720.026,831.275,195.361,248.688,0.307,-1,-1,-1
54,-1,1815.453,548.959,98.802,167.079,0.208,-1,-1,-1
54,-1,0.000,756.640,507.708,319.932,0.487,-1,-1,-1
55,-1,1211.396,121.523,116.317,69.989,0.866,-1,-1,-1
55,-1,392.470,203.651,70.187,40.466,0.534,-1,-1,-1
55,-1,9.216,756.598,301.721,171.716,0.512,-1,-1,-1
55,-1,6.588,757.077,444.879,308.002,0.381,-1,-1,-1
55,-1,1815.361,547.934,99.021,167.432,0.220,-1,-1,-1
55,-1,0.000,752.580,505.066,324.285,0.474,-1,-1,-1
56,-1,1220.804,119.734,111.090,70.702,0.888,-1,-1,-1
56,-1,9.910,757.991,298.232,167.973,0.528,-1,-1,-1
56,-1,393.020,203.562,69.756,40.486,0.518,-1,-1,-1
56,-1,4.971,813.310,493.113,265.805,0.329,-1,-1,-1
56,-1,1815.044,547.613,98.758,166.595,0.213,-1,-1,-1
56,-1,0.000,758.353,515.507,318.161,0.456,-1,-1,-1
57,-1,1227.200,118.769,107.961,69.706,0.879,-1,-1,-1
57,-1,5.580,760.059,306.260,178.527,0.589,-1,-1,-1
57,-1,1709.609,802.439,208.765,272.931,0.551,-1,-1,-1
57,-1,392.230,203.537,70.524,40.329,0.514,-1,-1,-1
57,-1,0.000,756.311,521.703,319.945,0.384,-1,-1,-1
58,-1,1232.570,119.378,106.638,67.696,0.809,-1,-1,-1
58,-1,391.881,203.428,70.785,40.622,0.514,-1,-1,-1
58,-1,5.627,760.140,312.051,182.272,0.503,-1,-1,-1
58,-1,1814.960,547.509,98.329,166.718,0.201,-1,-1,-1
58,-1,0.000,753.782,516.912,322.696,0.458,-1,-1,-1
59,-1,1241.044,119.307,111.064,64.626,0.768,-1,-1,-1
59,-1,1677.882,794.984,238.537,266.658,0.659,-1,-1,-1
59,-1,392.397,203.614,70.273,40.428,0.528,-1,-1,-1
59,-1,4.689,764.005,305.320,181.734,0.487,-1,-1,-1
59,-1,1814.255,548.631,99.113,165.015,0.204,-1,-1,-1
59,-1,0.000,754.510,516.474,323.184,0.441,-1,-1,-1
60,-1,1251.332,116.930,110.633,66.580,0.854,-1,-1,-1
60,-1,1663.609,783.702,252.767,271.476,0.737,-1,-1,-1
60,-1,391.368,203.432,71.743,40.834,0.517,-1,-1,-1
60,-1,7.101,765.326,309.941,194.525,0.410,-1,-1,-1
60,-1,1812.944,548.542,98.461,164.658,0.202,-1,-1,-1
60,-1,0.000,757.486,501.813,319.422,0.529,-1,-1,-1
61,-1,1649.741,766.866,262.089,285.408,0.833,-1,-1,-1
61,-1,1262.530,115.676,100.982,65.580,0.774,-1,-1,-1
61,-1,390.187,202.723,73.711,41.727,0.531,-1,-1,-1
61,-1,8.813,767.774,312.384,197.016,0.280,-1,-1,-1
61,-1,0.000,763.064,495.119,313.858,0.547,-1,-1,-1
62,-1,1637.402,759.873,279.206,283.729,0.897,-1,-1,-1
62,-1,1271.195,110.236,100.208,69.205,0.707,-1,-1,-1
62,-1,390.881,203.081,72.172,41.227,0.537,-1,-1,-1
62,-1,1812.681,548.156,97.803,163.954,0.226,-1,-1,-1
62,-1,8.828,769.249,307.555,207.451,0.215,-1,-1,-1
62,-1,0.000,759.613,489.320,318.267,0.598,-1,-1,-1
63,-1,1624.658,750.497,293.601,284.426,0.907,-1,-1,-1
63,-1,1275.038,108.653,113.918,70.387,0.839,-1,-1,-1
63,-1,390.277,203.239,73.098,40.966,0.535,-1,-1,-1
63,-1,1813.083,547.477,97.347,161.355,0.246,-1,-1,-1
63,-1,6.987,768.374,311.788,207.604,0.212,-1,-1,-1
63,-1,12.170,755.162,500.158,317.493,0.608,-1,-1,-1
64,-1,1281.440,105.816,105.760,70.281,0.868,-1,-1,-1
64,-1,390.428,202.996,73.557,41.327,0.536,-1,-1,-1
64,-1,1812.503,547.468,98.165,157.618,0.278,-1,-1,-1
64,-1,11.432,752.253,499.860,319.714,0.688,-1,-1,-1
65,-1,1292.114,104.270,96.071,69.810,0.780,-1,-1,-1
65,-1,391.810,203.208,71.534,41.056,0.533,-1,-1,-1
65,-1,1812.579,547.155,99.223,156.705,0.261,-1,-1,-1
65,-1,6.460,775.119,308.513,201.362,0.231,-1,-1,-1
65,-1,14.157,757.368,496.652,314.449,0.586,-1,-1,-1
66,-1,391.998,203.267,71.212,40.922,0.535,-1,-1,-1
66,-1,1303.516,104.862,84.448,65.600,0.480,-1,-1,-1
66,-1,1813.216,546.106,99.024,159.484,0.254,-1,-1,-1
66,-1,7.069,773.874,306.403,201.538,0.224,-1,-1,-1
66,-1,0.000,766.066,495.138,311.812,0.590,-1,-1,-1
67,-1,1577.791,713.177,330.228,257.372,0.972,-1,-1,-1
67,-1,391.606,203.181,71.811,41.068,0.526,-1,-1,-1
67,-1,1305.201,102.143,94.324,65.043,0.411,-1,-1,-1
67,-1,1814.095,545.345,99.855,162.044,0.250,-1,-1,-1
67,-1,7.993,774.225,300.770,199.383,0.221,-1,-1,-1
67,-1,0.000,767.693,492.664,309.937,0.595,-1,-1,-1
67,-1,1306.348,103.082,95.167,67.159,0.272,-1,-1,-1
68,-1,1558.771,699.683,347.065,258.245,0.978,-1,-1,-1
68,-1,1312.593,101.812,92.909,64.929,0.644,-1,-1,-1
68,-1,391.185,203.157,72.303,41.088,0.527,-1,-1,-1
68,-1,7.481,776.947,302.744,198.881,0.288,-1,-1,-1
68,-1,14.707,762.654,492.961,308.905,0.510,-1,-1,-1
69,-1,1547.056,693.371,343.455,249.238,0.964,-1,-1,-1
69,-1,1317.897,98.213,94.146,68.365,0.690,-1,-1,-1
69,-1,391.876,203.240,71.227,40.806,0.520,-1,-1,-1
69,-1,7.531,775.975,304.164,201.193,0.237,-1,-1,-1
69,-1,14.149,761.619,495.419,310.914,0.569,-1,-1,-1
70,-1,1537.909,683.366,325.092,241.883,0.975,-1,-1,-1
70,-1,1324.166,98.357,97.300,67.573,0.682,-1,-1,-1
70,-1,391.710,203.224,71.549,40.814,0.522,-1,-1,-1
70,-1,6.730,775.798,300.940,202.492,0.200,-1,-1,-1
70,-1,12.564,761.441,493.404,311.163,0.598,-1,-1,-1
71,-1,1527.327,676.514,316.314,234.537,0.971,-1,-1,-1
71,-1,1327.918,99.449,98.512,64.850,0.820,-1,-1,-1
71,-1,391.935,202.857,71.198,42.134,0.550,-1,-1,-1
71,-1,0.000,797.507,497.733,282.185,0.342,-1,-1,-1
71,-1,1820.101,545.079,94.565,175.224,0.341,-1,-1,-1
71,-1,6.170,776.560,302.066,202.059,0.218,-1,-1,-1
71,-1,0.739,767.411,491.214,309.348,0.617,-1,-1,-1
72,-1,1514.410,663.101,311.378,231.631,0.979,-1,-1,-1
72,-1,1331.982,97.535,95.011,63.522,0.847,-1,-1,-1
72,-1,392.378,203.013,71.111,41.838,0.551,-1,-1,-1
72,-1,1813.074,547.053,99.843,167.207,0.316,-1,-1,-1
72,-1,6.892,776.593,300.737,202.792,0.253,-1,-1,-1
72,-1,0.803,767.638,492.388,309.191,0.585,-1,-1,-1
73,-1,1496.326,657.536,313.459,225.258,0.935,-1,-1,-1
73,-1,1335.253,97.812,94.915,59.928,0.743,-1,-1,-1
73,-1,392.263,203.290,71.011,41.492,0.553,-1,-1,-1
73,-1,1813.159,546.480,100.224,165.292,0.313,-1,-1,-1
73,-1,6.127,777.449,300.371,202.030,0.248,-1,-1,-1
73,-1,0.000,766.705,492.759,311.250,0.607,-1,-1,-1
74,-1,1485.030,649.097,301.655,218.095,0.968,-1,-1,-1
74,-1,1339.275,97.674,97.002,59.070,0.805,-1,-1,-1
74,-1,391.330,203.023,71.984,41.977,0.546,-1,-1,-1
74,-1,1813.422,545.697,100.161,167.277,0.288,-1,-1,-1
74,-1,5.974,777.314,301.391,202.838,0.251,-1,-1,-1
74,-1,0.000,766.238,491.925,311.197,0.587,-1,-1,-1
75,-1,1466.294,638.457,307.586,217.087,0.973,-1,-1,-1
75,-1,1344.007,95.173,96.549,61.704,0.806,-1,-1,-1
75,-1,390.887,202.973,72.492,42.035,0.552,-1,-1,-1
75,-1,6.115,776.940,302.694,204.589,0.235,-1,-1,-1
75,-1,0.055,765.932,489.202,311.547,0.576,-1,-1,-1
76,-1,1469.242,632.686,279.284,214.356,0.962,-1,-1,-1
76,-1,1345.239,93.837,103.946,62.598,0.848,-1,-1,-1
76,-1,391.980,203.177,70.821,41.785,0.552,-1,-1,-1
76,-1,6.830,776.886,299.359,206.750,0.209,-1,-1,-1
76,-1,0.014,765.360,487.273,312.439,0.608,-1,-1,-1
77,-1,1452.278,624.847,277.360,204.748,0.948,-1,-1,-1
77,-1,1358.868,90.373,93.092,65.301,0.808,-1,-1,-1
77,-1,391.730,203.131,71.410,41.867,0.559,-1,-1,-1
77,-1,6.079,776.847,300.138,207.879,0.200,-1,-1,-1
77,-1,0.000,765.991,487.748,311.826,0.630,-1,-1,-1
78,-1,1449.672,620.260,266.129,198.990,0.974,-1,-1,-1
78,-1,1365.959,88.700,91.764,65.866,0.723,-1,-1,-1
78,-1,391.243,203.184,72.226,41.585,0.555,-1,-1,-1
78,-1,5.523,777.302,299.528,208.328,0.216,-1,-1,-1
78,-1,0.175,767.116,486.496,310.900,0.598,-1,-1,-1
79,-1,1435.621,609.970,268.043,206.045,0.967,-1,-1,-1
79,-1,1373.242,87.499,88.380,65.551,0.718,-1,-1,-1
79,-1,390.561,203.114,72.945,41.728,0.554,-1,-1,-1
79,-1,6.038,777.034,299.523,209.361,0.201,-1,-1,-1
79,-1,0.053,767.067,484.999,310.554,0.618,-1,-1,-1
80,-1,1422.817,602.784,267.265,198.122,0.946,-1,-1,-1
80,-1,1379.323,87.706,86.126,64.400,0.706,-1,-1,-1
80,-1,392.055,203.297,71.321,41.595,0.566,-1,-1,-1
80,-1,5.716,777.541,299.725,208.120,0.213,-1,-1,-1
80,-1,0.092,767.224,485.598,310.190,0.579,-1,-1,-1
81,-1,1410.988,597.053,254.868,188.471,0.906,-1,-1,-1
81,-1,1382.601,82.836,90.511,67.661,0.558,-1,-1,-1
81,-1,391.162,203.033,71.988,41.099,0.554,-1,-1,-1
81,-1,1826.382,547.666,90.198,175.432,0.259,-1,-1,-1
81,-1,5.167,778.534,304.868,205.299,0.212,-1,-1,-1
81,-1,0.426,768.731,482.620,310.295,0.574,-1,-1,-1
82,-1,1399.946,589.220,253.632,187.506,0.906,-1,-1,-1
82,-1,390.998,202.957,72.363,41.201,0.552,-1,-1,-1
82,-1,1386.031,82.445,87.831,67.931,0.548,-1,-1,-1
82,-1,1827.365,547.599,88.896,175.128,0.264,-1,-1,-1
82,-1,4.775,778.131,304.928,206.412,0.200,-1,-1,-1
82,-1,0.000,768.155,482.434,310.622,0.614,-1,-1,-1
83,-1,1395.308,580.310,243.512,187.444,0.925,-1,-1,-1
83,-1,391.580,202.944,71.703,41.190,0.550,-1,-1,-1
83,-1,1384.613,79.799,92.341,69.130,0.532,-1,-1,-1
83,-1,1827.611,547.347,88.377,174.618,0.282,-1,-1,-1
83,-1,5.254,778.194,304.524,206.051,0.201,-1,-1,-1
83,-1,0.000,768.008,481.747,311.167,0.609,-1,-1,-1
84,-1,1390.935,569.632,235.114,187.348,0.851,-1,-1,-1
84,-1,391.576,202.735,71.886,41.589,0.547,-1,-1,-1
84,-1,1388.190,79.164,87.916,68.785,0.439,-1,-1,-1
84,-1,1827.372,547.883,89.068,172.981,0.272,-1,-1,-1
84,-1,4.992,778.739,303.550,204.416,0.212,-1,-1,-1
84,-1,0.319,767.675,481.584,311.431,0.609,-1,-1,-1
84,-1,1387.236,570.047,236.503,184.482,0.204,-1,-1,-1
85,-1,1372.880,565.065,239.325,181.453,0.774,-1,-1,-1
85,-1,391.529,202.783,71.934,41.546,0.541,-1,-1,-1
85,-1,1394.704,79.328,84.253,66.276,0.425,-1,-1,-1
85,-1,1827.479,547.064,89.203,172.865,0.259,-1,-1,-1
85,-1,0.000,768.831,481.266,310.402,0.630,-1,-1,-1
85,-1,1372.924,567.114,234.191,180.355,0.272,-1,-1,-1
86,-1,1364.080,557.329,232.433,177.683,0.799,-1,-1,-1
86,-1,391.374,202.811,72.042,41.478,0.539,-1,-1,-1
86,-1,1827.476,547.258,89.450,172.253,0.268,-1,-1,-1
86,-1,0.000,767.826,479.721,311.758,0.621,-1,-1,-1
86,-1,1367.743,554.644,237.355,181.745,0.249,-1,-1,-1
87,-1,1351.025,552.692,232.143,172.987,0.928,-1,-1,-1
87,-1,391.841,203.092,71.760,41.295,0.554,-1,-1,-1
87,-1,1825.779,547.327,90.188,171.762,0.272,-1,-1,-1
87,-1,1410.343,77.865,78.225,66.203,0.229,-1,-1,-1
87,-1,4.657,777.733,302.739,205.443,0.209,-1,-1,-1
87,-1,0.000,767.165,484.127,312.255,0.597,-1,-1,-1
88,-1,1350.702,543.243,221.370,171.637,0.856,-1,-1,-1
88,-1,392.357,202.880,70.556,41.392,0.545,-1,-1,-1
88,-1,1825.142,547.327,90.959,171.634,0.293,-1,-1,-1
88,-1,1413.771,75.647,76.583,67.895,0.214,-1,-1,-1
88,-1,5.244,777.478,302.646,207.399,0.206,-1,-1,-1
88,-1,0.000,767.103,483.369,312.766,0.601,-1,-1,-1
88,-1,1352.727,542.734,217.347,168.802,0.201,-1,-1,-1
89,-1,1338.604,535.762,219.624,169.369,0.764,-1,-1,-1
89,-1,391.307,202.853,72.122,41.749,0.559,-1,-1,-1
89,-1,1824.547,546.850,91.327,171.818,0.267,-1,-1,-1
89,-1,5.433,776.724,302.895,210.894,0.204,-1,-1,-1
89,-1,1341.602,535.401,214.875,167.952,0.280,-1,-1,-1
90,-1,1326.559,531.506,211.365,167.441,0.786,-1,-1,-1
90,-1,389.609,202.867,73.840,41.812,0.573,-1,-1,-1
90,-1,5.259,778.123,303.971,207.485,0.209,-1,-1,-1
90,-1,1.557,767.290,477.712,311.533,0.650,-1,-1,-1
90,-1,1331.196,531.577,217.981,167.129,0.243,-1,-1,-1
91,-1,1327.951,524.398,205.383,158.849,0.813,-1,-1,-1
91,-1,1611.532,801.688,307.147,275.021,0.781,-1,-1,-1
91,-1,393.637,203.585,70.027,40.724,0.577,-1,-1,-1
91,-1,1407.415,76.732,81.220,62.754,0.297,-1,-1,-1
91,-1,1821.616,547.187,94.121,171.366,0.235,-1,-1,-1
91,-1,1.962,763.814,482.313,315.123,0.592,-1,-1,-1
92,-1,1322.060,520.034,193.049,153.433,0.757,-1,-1,-1
92,-1,1603.384,784.599,315.737,284.348,0.659,-1,-1,-1
92,-1,393.464,203.265,70.333,41.298,0.568,-1,-1,-1
92,-1,1399.613,78.782,69.518,57.623,0.333,-1,-1,-1
92,-1,1.673,764.092,481.490,314.468,0.611,-1,-1,-1
92,-1,1316.023,518.445,204.771,157.715,0.308,-1,-1,-1
93,-1,1316.976,514.466,190.844,152.826,0.778,-1,-1,-1
93,-1,394.175,203.274,69.517,41.330,0.559,-1,-1,-1
93,-1,1398.590,73.530,83.137,64.248,0.345,-1,-1,-1
93,-1,1821.798,548.663,94.311,169.790,0.216,-1,-1,-1
93,-1,1.687,763.980,479.986,315.381,0.614,-1,-1,-1
93,-1,1314.585,508.868,197.712,162.206,0.300,-1,-1,-1
94,-1,1306.254,504.605,194.146,151.349,0.722,-1,-1,-1
94,-1,394.335,203.126,70.034,41.664,0.567,-1,-1,-1
94,-1,1393.549,73.004,68.649,50.828,0.253,-1,-1,-1
94,-1,1822.135,550.086,93.780,167.174,0.226,-1,-1,-1
94,-1,1.542,763.737,478.949,315.445,0.593,-1,-1,-1
94,-1,1308.228,507.347,193.286,151.273,0.343,-1,-1,-1
95,-1,1572.136,759.137,343.156,318.628,0.872,-1,-1,-1
95,-1,1300.231,493.787,186.414,154.468,0.621,-1,-1,-1
95,-1,393.249,203.085,71.501,41.459,0.567,-1,-1,-1
95,-1,1390.589,76.859,72.164,59.024,0.416,-1,-1,-1
95,-1,1813.195,551.058,98.887,161.517,0.238,-1,-1,-1
95,-1,0.950,763.114,479.630,315.945,0.592,-1,-1,-1
95,-1,1579.443,755.593,339.604,316.075,0.441,-1,-1,-1
95,-1,1298.761,498.810,193.496,151.927,0.428,-1,-1,-1
96,-1,1566.046,747.362,349.308,329.178,0.809,-1,-1,-1
96,-1,1293.156,488.544,182.383,148.892,0.740,-1,-1,-1
96,-1,393.096,203.170,71.039,41.371,0.554,-1,-1,-1
96,-1,1381.193,72.051,87.510,65.216,0.514,-1,-1,-1
96,-1,1813.268,549.015,99.754,160.447,0.251,-1,-1,-1
96,-1,2.158,763.049,475.489,316.194,0.587,-1,-1,-1
96,-1,1578.926,745.123,339.651,326.541,0.522,-1,-1,-1
96,-1,1291.700,488.390,179.954,146.193,0.276,-1,-1,-1
97,-1,1287.579,477.356,185.228,151.410,0.635,-1,-1,-1
97,-1,1376.068,72.562,90.687,64.215,0.578,-1,-1,-1
97,-1,395.126,202.980,68.665,41.902,0.561,-1,-1,-1
97,-1,1288.080,476.357,178.828,151.328,0.377,-1,-1,-1
98,-1,1541.668,717.935,375.760,358.730,0.837,-1,-1,-1
98,-1,1280.131,467.750,178.423,149.887,0.685,-1,-1,-1
98,-1,1360.552,75.152,90.223,62.137,0.685,-1,-1,-1
98,-1,393.079,203.150,70.089,41.813,0.571,-1,-1,-1
98,-1,1813.286,547.115,100.164,157.959,0.216,-1,-1,-1
98,-1,1549.455,719.139,368.369,353.964,0.584,-1,-1,-1
98,-1,17.698,759.468,484.055,314.704,0.555,-1,-1,-1
98,-1,1281.381,468.396,179.656,152.288,0.378,-1,-1,-1
99,-1,1530.678,713.725,388.245,362.096,0.793,-1,-1,-1
99,-1,1273.150,461.620,181.380,146.929,0.753,-1,-1,-1
99,-1,1359.248,74.788,88.960,60.059,0.690,-1,-1,-1
99,-1,394.029,203.086,69.340,41.746,0.554,-1,-1,-1
99,-1,0.884,762.912,479.985,316.744,0.581,-1,-1,-1
99,-1,1271.144,463.707,182.968,145.568,0.320,-1,-1,-1
100,-1,1521.786,702.354,397.084,372.875,0.786,-1,-1,-1
100,-1,1272.155,458.618,176.692,138.964,0.757,-1,-1,-1
100,-1,1351.314,74.409,89.503,61.582,0.723,-1,-1,-1
100,-1,394.363,203.198,68.979,41.480,0.552,-1,-1,-1
100,-1,16.299,759.330,489.576,314.963,0.556,-1,-1,-1
100,-1,1269.803,458.035,181.495,141.537,0.320,-1,-1,-1
101,-1,1263.528,454.249,175.047,131.537,0.841,-1,-1,-1
101,-1,1512.865,695.029,406.213,379.857,0.667,-1,-1,-1
101,-1,390.331,203.127,73.229,41.675,0.604,-1,-1,-1
101,-1,1340.925,74.366,92.972,63.214,0.563,-1,-1,-1
101,-1,1516.237,692.741,398.044,378.207,0.686,-1,-1,-1
101,-1,14.982,760.573,495.498,313.604,0.561,-1,-1,-1
102,-1,1261.019,441.034,166.877,135.829,0.827,-1,-1,-1
102,-1,1318.367,74.385,99.666,66.369,0.779,-1,-1,-1
102,-1,1497.328,684.824,422.380,387.298,0.688,-1,-1,-1
102,-1,390.274,203.138,73.214,41.787,0.602,-1,-1,-1
102,-1,1358.939,75.080,64.692,51.818,0.268,-1,-1,-1
102,-1,1496.955,685.023,418.199,392.607,0.668,-1,-1,-1
102,-1,0.968,762.332,486.604,317.493,0.617,-1,-1,-1
102,-1,1258.407,443.479,171.244,135.788,0.236,-1,-1,-1
103,-1,1252.551,432.130,168.371,137.612,0.848,-1,-1,-1
103,-1,1308.791,73.526,97.231,65.309,0.742,-1,-1,-1
103,-1,390.887,203.019,72.449,41.735,0.607,-1,-1,-1
104,-1,1240.765,426.524,167.817,131.976,0.869,-1,-1,-1
104,-1,1295.987,72.666,98.215,63.145,0.616,-1,-1,-1
104,-1,390.709,202.909,72.752,41.978,0.615,-1,-1,-1
104,-1,1481.619,670.334,431.897,393.648,0.501,-1,-1,-1
104,-1,1814.206,546.256,103.460,156.252,0.214,-1,-1,-1
104,-1,1288.540,80.858,58.500,49.227,0.212,-1,-1,-1
105,-1,1238.337,421.671,163.181,129.372,0.895,-1,-1,-1
105,-1,390.731,203.123,72.234,41.876,0.628,-1,-1,-1
105,-1,1289.949,70.573,100.235,65.176,0.550,-1,-1,-1
105,-1,1466.541,661.103,437.454,394.486,0.348,-1,-1,-1
105,-1,1273.966,77.526,66.370,53.658,0.294,-1,-1,-1
105,-1,0.983,763.776,482.722,316.135,0.633,-1,-1,-1
106,-1,1225.650,412.215,165.752,129.986,0.889,-1,-1,-1
106,-1,390.704,203.050,72.778,41.838,0.622,-1,-1,-1
106,-1,1444.371,653.686,453.423,372.870,0.616,-1,-1,-1
106,-1,1256.490,73.405,104.095,59.208,0.599,-1,-1,-1
106,-1,1302.408,73.159,74.135,46.248,0.352,-1,-1,-1
106,-1,1456.619,656.738,454.986,370.778,0.773,-1,-1,-1
106,-1,1.270,765.012,483.449,314.926,0.574,-1,-1,-1
107,-1,1209.927,405.742,170.658,125.400,0.927,-1,-1,-1
107,-1,1241.953,72.363,115.809,57.958,0.685,-1,-1,-1
107,-1,391.063,203.005,72.410,41.886,0.614,-1,-1,-1
107,-1,1432.527,648.899,451.042,355.190,0.598,-1,-1,-1
107,-1,1294.901,74.015,65.770,45.790,0.237,-1,-1,-1
107,-1,1436.730,645.987,447.012,360.213,0.818,-1,-1,-1
107,-1,1.047,764.661,486.940,314.840,0.637,-1,-1,-1
108,-1,1197.729,399.793,170.100,127.045,0.931,-1,-1,-1
108,-1,1223.419,75.106,126.234,57.308,0.628,-1,-1,-1
108,-1,391.693,202.947,71.725,41.864,0.600,-1,-1,-1
108,-1,1412.320,638.348,451.520,340.979,0.507,-1,-1,-1
108,-1,1817.329,551.765,98.387,152.045,0.233,-1,-1,-1
108,-1,1411.331,640.460,454.120,350.258,0.831,-1,-1,-1
108,-1,1.047,764.238,487.549,315.049,0.613,-1,-1,-1
109,-1,1182.871,392.247,174.655,124.429,0.955,-1,-1,-1
109,-1,1218.064,74.287,115.287,55.874,0.663,-1,-1,-1
109,-1,391.371,202.825,71.122,42.025,0.591,-1,-1,-1
109,-1,1406.109,619.109,422.578,351.492,0.386,-1,-1,-1
109,-1,1817.796,553.018,97.737,156.352,0.284,-1,-1,-1
109,-1,1407.718,625.376,421.592,342.897,0.913,-1,-1,-1
109,-1,1.821,763.637,481.934,315.100,0.633,-1,-1,-1
110,-1,1181.328,380.825,162.888,125.773,0.918,-1,-1,-1
110,-1,1384.597,618.955,422.346,339.930,0.676,-1,-1,-1
110,-1,390.400,202.834,72.339,42.021,0.592,-1,-1,-1
110,-1,1208.871,73.224,114.644,54.842,0.484,-1,-1,-1
110,-1,1776.104,546.401,140.732,155.153,0.276,-1,-1,-1
110,-1,1388.182,614.273,421.661,343.998,0.804,-1,-1,-1
110,-1,2.009,763.808,482.138,314.796,0.649,-1,-1,-1
111,-1,1168.877,371.849,164.093,124.985,0.949,-1,-1,-1
111,-1,1385.503,616.025,397.162,324.143,0.757,-1,-1,-1
111,-1,1187.954,69.531,110.636,60.141,0.734,-1,-1,-1
111,-1,390.260,202.933,74.007,42.128,0.585,-1,-1,-1
111,-1,1819.805,553.654,95.067,154.836,0.274,-1,-1,-1
111,-1,1241.415,76.043,66.256,50.070,0.261,-1,-1,-1
111,-1,1389.736,606.453,395.990,337.273,0.695,-1,-1,-1
112,-1,1149.490,368.969,170.682,119.582,0.977,-1,-1,-1
112,-1,1166.419,72.629,123.042,56.661,0.729,-1,-1,-1
112,-1,1354.438,605.990,410.807,323.171,0.688,-1,-1,-1
112,-1,391.302,202.823,72.797,42.271,0.575,-1,-1,-1
112,-1,1828.778,550.576,87.213,165.834,0.259,-1,-1,-1
112,-1,1367.830,610.759,389.899,312.976,0.604,-1,-1,-1
113,-1,1137.839,363.025,165.575,116.732,0.977,-1,-1,-1
113,-1,1152.521,75.562,122.853,52.184,0.617,-1,-1,-1
113,-1,1365.104,595.628,376.271,313.627,0.587,-1,-1,-1
113,-1,390.682,202.817,73.337,42.343,0.585,-1,-1,-1
113,-1,1818.460,552.305,97.513,158.823,0.248,-1,-1,-1
113,-1,1372.289,594.664,374.580,312.148,0.670,-1,-1,-1
114,-1,1133.699,358.751,155.255,110.234,0.979,-1,-1,-1
114,-1,1365.770,589.975,368.302,309.786,0.595,-1,-1,-1
114,-1,389.779,202.572,74.680,42.715,0.583,-1,-1,-1
114,-1,1132.177,74.971,120.564,49.665,0.365,-1,-1,-1
114,-1,1818.993,551.724,98.724,160.429,0.236,-1,-1,-1
114,-1,1372.257,592.381,359.512,301.527,0.671,-1,-1,-1
115,-1,1118.123,349.234,159.390,116.258,0.953,-1,-1,-1
115,-1,389.663,202.782,74.874,42.614,0.584,-1,-1,-1
115,-1,1347.705,578.925,341.949,301.673,0.489,-1,-1,-1
115,-1,1111.802,81.463,93.652,40.342,0.436,-1,-1,-1
115,-1,1828.122,549.298,91.220,171.317,0.235,-1,-1,-1
115,-1,1361.626,573.404,344.485,307.180,0.748,-1,-1,-1
116,-1,1117.830,340.076,151.236,117.092,0.955,-1,-1,-1
116,-1,390.337,203.405,73.260,41.553,0.598,-1,-1,-1
116,-1,1339.934,579.368,345.591,298.193,0.552,-1,-1,-1
116,-1,1095.550,75.044,123.086,49.836,0.378,-1,-1,-1
116,-1,1828.081,548.533,90.396,173.281,0.264,-1,-1,-1
116,-1,1350.126,560.613,335.095,304.613,0.792,-1,-1,-1
117,-1,1103.299,334.881,154.039,114.166,0.952,-1,-1,-1
117,-1,389.435,202.832,74.711,42.230,0.580,-1,-1,-1
117,-1,1339.289,570.063,329.415,284.199,0.510,-1,-1,-1
117,-1,1077.599,74.911,122.514,49.863,0.455,-1,-1,-1
117,-1,1828.631,550.396,88.757,171.059,0.248,-1,-1,-1
117,-1,1146.732,78.950,67.554,41.743,0.205,-1,-1,-1
117,-1,1353.825,552.827,315.321,288.100,0.747,-1,-1,-1
118,-1,1086.844,332.890,153.970,105.675,0.978,-1,-1,-1
118,-1,389.831,202.923,74.589,41.907,0.586,-1,-1,-1
118,-1,1329.846,560.107,324.387,282.751,0.468,-1,-1,-1
118,-1,1068.964,75.037,120.499,48.626,0.447,-1,-1,-1
118,-1,1827.752,550.043,88.296,170.528,0.290,-1,-1,-1
118,-1,1332.363,552.318,325.085,284.960,0.730,-1,-1,-1
119,-1,1076.789,330.145,152.775,100.849,0.975,-1,-1,-1
119,-1,390.088,202.924,73.626,41.803,0.593,-1,-1,-1
119,-1,1047.451,81.740,88.742,42.116,0.416,-1,-1,-1
119,-1,1324.968,552.952,314.962,255.453,0.370,-1,-1,-1
119,-1,1114.494,78.173,66.088,43.050,0.328,-1,-1,-1
119,-1,1827.665,550.206,88.263,170.326,0.302,-1,-1,-1
119,-1,1323.426,545.972,315.959,276.668,0.792,-1,-1,-1
120,-1,1075.585,320.507,140.773,106.828,0.935,-1,-1,-1
120,-1,389.826,202.857,74.040,41.909,0.595,-1,-1,-1
120,-1,1032.802,76.526,117.853,49.350,0.497,-1,-1,-1
120,-1,1318.272,543.139,306.825,261.666,0.473,-1,-1,-1
120,-1,4.868,777.209,440.858,293.323,0.322,-1,-1,-1
120,-1,1094.563,78.916,62.131,41.463,0.282,-1,-1,-1
120,-1,1326.859,538.423,300.902,267.623,0.795,-1,-1,-1
121,-1,1063.788,313.473,143.237,108.207,0.893,-1,-1,-1
121,-1,1314.735,537.826,300.152,256.317,0.613,-1,-1,-1
121,-1,390.844,202.577,74.496,41.992,0.594,-1,-1,-1
121,-1,1012.837,77.933,114.623,49.455,0.528,-1,-1,-1
121,-1,4.687,780.393,306.073,186.671,0.239,-1,-1,-1
121,-1,1323.741,534.416,290.654,259.878,0.738,-1,-1,-1
121,-1,18.334,758.102,500.568,313.480,0.556,-1,-1,-1
122,-1,1055.505,311.558,139.811,104.433,0.953,-1,-1,-1
122,-1,390.825,202.236,74.957,42.479,0.590,-1,-1,-1
122,-1,1000.605,76.219,118.439,49.991,0.527,-1,-1,-1
122,-1,1315.166,527.076,292.557,264.545,0.418,-1,-1,-1
122,-1,1056.455,78.035,63.859,42.559,0.221,-1,-1,-1
122,-1,1320.141,523.593,283.626,261.839,0.714,-1,-1,-1
123,-1,1047.982,305.228,135.834,104.246,0.947,-1,-1,-1
123,-1,980.910,77.660,123.807,53.562,0.628,-1,-1,-1
123,-1,390.935,202.424,74.844,42.427,0.612,-1,-1,-1
123,-1,1306.895,518.717,289.514,256.679,0.374,-1,-1,-1
123,-1,4.370,782.447,307.529,196.758,0.202,-1,-1,-1
123,-1,1310.255,523.964,281.490,248.513,0.627,-1,-1,-1
124,-1,1035.709,300.699,135.846,100.854,0.924,-1,-1,-1
124,-1,390.401,202.784,74.786,41.783,0.607,-1,-1,-1
124,-1,971.627,76.438,112.134,52.088,0.578,-1,-1,-1
124,-1,1293.636,507.386,282.739,260.183,0.383,-1,-1,-1
124,-1,1025.033,82.298,61.630,43.296,0.205,-1,-1,-1
124,-1,1306.603,517.444,277.669,251.565,0.818,-1,-1,-1
125,-1,1028.472,297.175,136.238,99.228,0.929,-1,-1,-1
125,-1,390.607,202.483,74.770,42.268,0.604,-1,-1,-1
125,-1,993.968,80.073,71.169,47.381,0.418,-1,-1,-1
125,-1,1286.612,503.520,276.340,252.528,0.400,-1,-1,-1
125,-1,1296.465,516.292,261.677,237.165,0.819,-1,-1,-1
126,-1,1022.975,290.778,137.609,100.830,0.830,-1,-1,-1
126,-1,390.615,202.085,74.930,43.157,0.605,-1,-1,-1
126,-1,976.314,81.548,69.885,46.183,0.490,-1,-1,-1
126,-1,1291.553,497.530,261.775,241.752,0.476,-1,-1,-1
126,-1,5.607,785.024,306.098,193.949,0.206,-1,-1,-1
126,-1,1312.588,509.871,209.794,108.562,0.200,-1,-1,-1
126,-1,1296.981,498.522,255.419,237.574,0.779,-1,-1,-1
127,-1,390.756,202.089,74.839,42.797,0.598,-1,-1,-1
127,-1,1019.582,286.958,124.992,101.417,0.544,-1,-1,-1
127,-1,975.874,82.469,59.347,48.270,0.508,-1,-1,-1
127,-1,1277.624,491.189,270.693,235.723,0.293,-1,-1,-1
127,-1,1284.057,489.477,262.798,237.740,0.880,-1,-1,-1
128,-1,1009.616,280.450,123.978,105.615,0.630,-1,-1,-1
128,-1,390.692,202.364,74.139,42.612,0.595,-1,-1,-1
128,-1,1280.055,488.932,257.783,220.112,0.419,-1,-1,-1
128,-1,1282.704,489.870,256.447,225.823,0.850,-1,-1,-1
129,-1,1008.991,274.513,116.713,100.109,0.717,-1,-1,-1
129,-1,391.192,202.567,73.573,42.276,0.596,-1,-1,-1
129,-1,1275.851,481.222,258.682,225.724,0.519,-1,-1,-1
129,-1,1278.346,483.991,255.905,222.965,0.792,-1,-1,-1
130,-1,1001.818,269.919,120.525,96.739,0.762,-1,-1,-1
130,-1,392.078,202.606,73.145,41.932,0.611,-1,-1,-1
130,-1,1278.739,476.010,243.928,220.402,0.453,-1,-1,-1
130,-1,1279.059,473.292,244.495,224.267,0.800,-1,-1,-1
131,-1,996.269,266.848,125.876,96.570,0.820,-1,-1,-1
131,-1,392.122,202.408,74.853,43.091,0.628,-1,-1,-1
131,-1,1275.730,467.122,242.222,221.373,0.506,-1,-1,-1
131,-1,1295.397,474.789,207.640,110.962,0.201,-1,-1,-1
131,-1,1275.125,466.501,241.117,217.872,0.767,-1,-1,-1
131,-1,18.438,763.657,485.455,310.771,0.508,-1,-1,-1
132,-1,992.296,266.332,124.416,91.427,0.788,-1,-1,-1
132,-1,391.949,202.191,75.159,43.258,0.622,-1,-1,-1
132,-1,1265.893,457.235,240.278,223.691,0.406,-1,-1,-1
132,-1,1272.508,463.412,238.255,214.898,0.752,-1,-1,-1
133,-1,997.618,260.335,113.700,94.052,0.674,-1,-1,-1
133,-1,391.993,201.959,75.449,43.748,0.615,-1,-1,-1
133,-1,1256.221,455.032,238.626,211.565,0.398,-1,-1,-1
133,-1,1264.902,457.792,235.513,212.196,0.739,-1,-1,-1
133,-1,1.569,768.278,478.476,310.312,0.521,-1,-1,-1
134,-1,988.666,255.035,114.333,95.588,0.686,-1,-1,-1
134,-1,392.720,201.753,74.695,43.731,0.610,-1,-1,-1
134,-1,1254.993,447.769,232.018,209.785,0.559,-1,-1,-1
134,-1,483.451,229.985,142.041,142.100,0.201,-1,-1,-1
134,-1,1259.838,443.750,228.481,213.355,0.660,-1,-1,-1
134,-1,1.491,770.652,482.027,307.902,0.480,-1,-1,-1
135,-1,989.423,250.449,111.937,97.584,0.692,-1,-1,-1
135,-1,392.163,202.059,75.232,43.489,0.616,-1,-1,-1
135,-1,1255.589,440.855,226.668,208.207,0.546,-1,-1,-1
135,-1,483.300,229.518,141.620,141.930,0.214,-1,-1,-1
135,-1,1256.820,435.738,225.765,212.397,0.715,-1,-1,-1
135,-1,0.173,768.912,485.360,308.200,0.482,-1,-1,-1
136,-1,989.815,245.823,111.076,96.026,0.638,-1,-1,-1
136,-1,392.220,201.991,75.535,43.399,0.616,-1,-1,-1
136,-1,1263.925,430.795,211.186,211.548,0.569,-1,-1,-1
136,-1,1252.883,429.620,221.699,211.463,0.667,-1,-1,-1
136,-1,1.008,769.432,479.676,308.295,0.529,-1,-1,-1
137,-1,988.049,243.766,111.316,92.004,0.727,-1,-1,-1
137,-1,392.159,201.841,75.413,43.475,0.616,-1,-1,-1
137,-1,1255.117,427.075,207.995,208.194,0.324,-1,-1,-1
137,-1,485.389,229.841,140.976,142.862,0.232,-1,-1,-1
137,-1,1245.959,425.400,224.854,210.177,0.824,-1,-1,-1
137,-1,0.757,769.756,476.983,307.729,0.488,-1,-1,-1
138,-1,392.475,201.729,75.237,43.610,0.609,-1,-1,-1
138,-1,986.636,240.278,110.473,92.378,0.505,-1,-1,-1
138,-1,1241.166,420.817,219.004,195.461,0.399,-1,-1,-1
138,-1,485.131,229.414,141.753,143.375,0.246,-1,-1,-1
138,-1,4.623,787.362,286.050,207.444,0.201,-1,-1,-1
138,-1,1244.016,417.356,216.406,200.028,0.731,-1,-1,-1
138,-1,0.220,770.761,480.165,305.940,0.447,-1,-1,-1
139,-1,986.535,235.485,107.732,94.267,0.685,-1,-1,-1
139,-1,393.699,201.522,74.382,43.780,0.599,-1,-1,-1
139,-1,1239.920,412.818,213.715,198.846,0.380,-1,-1,-1
139,-1,485.582,229.900,141.029,142.248,0.221,-1,-1,-1
139,-1,1242.193,408.629,209.225,201.703,0.765,-1,-1,-1
139,-1,0.870,770.681,476.820,306.943,0.466,-1,-1,-1
140,-1,987.624,231.629,108.924,92.931,0.692,-1,-1,-1
140,-1,393.608,201.562,74.459,43.693,0.593,-1,-1,-1
140,-1,1242.760,405.481,202.641,190.048,0.486,-1,-1,-1
140,-1,485.233,230.278,141.709,141.525,0.259,-1,-1,-1
140,-1,1241.134,403.170,206.093,198.044,0.593,-1,-1,-1
140,-1,0.193,768.067,479.515,309.596,0.542,-1,-1,-1
141,-1,986.350,229.977,107.773,89.453,0.703,-1,-1,-1
141,-1,393.745,202.124,73.300,42.545,0.584,-1,-1,-1
141,-1,1238.056,394.679,201.091,196.408,0.457,-1,-1,-1
141,-1,1235.368,397.400,205.411,194.530,0.528,-1,-1,-1
142,-1,986.566,227.103,105.679,87.332,0.677,-1,-1,-1
142,-1,394.160,201.752,73.308,42.960,0.584,-1,-1,-1
142,-1,1241.501,393.894,189.186,161.159,0.425,-1,-1,-1
142,-1,1244.114,386.479,189.759,192.109,0.609,-1,-1,-1
142,-1,0.000,769.764,479.514,308.086,0.524,-1,-1,-1
143,-1,986.296,223.166,105.123,87.634,0.738,-1,-1,-1
143,-1,394.106,201.545,73.595,43.114,0.579,-1,-1,-1
143,-1,1231.970,387.161,188.803,172.691,0.431,-1,-1,-1
143,-1,0.000,768.263,485.936,310.477,0.583,-1,-1,-1
143,-1,1237.194,382.638,189.520,185.501,0.548,-1,-1,-1
144,-1,989.142,219.435,104.007,88.174,0.692,-1,-1,-1
144,-1,394.926,201.719,72.524,43.197,0.575,-1,-1,-1
144,-1,1215.443,377.166,200.770,187.171,0.400,-1,-1,-1
144,-1,1822.542,544.661,93.417,177.574,0.237,-1,-1,-1
144,-1,0.000,769.402,482.391,308.423,0.529,-1,-1,-1
144,-1,1222.641,375.600,198.212,188.665,0.467,-1,-1,-1
145,-1,990.198,215.772,102.765,86.357,0.710,-1,-1,-1
145,-1,395.406,201.577,72.002,43.131,0.572,-1,-1,-1
145,-1,1216.992,374.060,190.570,177.860,0.539,-1,-1,-1
145,-1,1822.251,544.157,93.626,177.799,0.225,-1,-1,-1
145,-1,0.000,771.015,487.866,306.206,0.526,-1,-1,-1
145,-1,1217.907,370.979,189.875,183.604,0.464,-1,-1,-1
146,-1,988.684,214.913,101.870,81.331,0.745,-1,-1,-1
146,-1,1209.145,363.155,184.438,154.819,0.598,-1,-1,-1
146,-1,394.903,201.428,72.822,43.244,0.559,-1,-1,-1
146,-1,0.000,770.688,486.858,306.449,0.594,-1,-1,-1
146,-1,1212.901,360.033,189.653,183.430,0.451,-1,-1,-1
147,-1,985.055,211.420,104.607,83.294,0.710,-1,-1,-1
147,-1,394.540,201.509,73.244,43.186,0.566,-1,-1,-1
147,-1,1206.919,359.600,183.820,163.722,0.524,-1,-1,-1
147,-1,0.000,769.202,486.521,307.709,0.621,-1,-1,-1
147,-1,1206.413,355.761,188.633,178.098,0.546,-1,-1,-1
148,-1,985.230,208.868,102.534,83.033,0.772,-1,-1,-1
148,-1,395.545,201.486,72.571,43.352,0.573,-1,-1,-1
148,-1,1204.662,355.298,183.592,163.797,0.526,-1,-1,-1
148,-1,0.000,768.926,486.516,307.938,0.617,-1,-1,-1
148,-1,1206.925,354.209,184.359,168.225,0.453,-1,-1,-1
149,-1,988.360,204.824,99.459,83.084,0.734,-1,-1,-1
149,-1,395.928,201.524,71.441,43.117,0.567,-1,-1,-1
149,-1,1201.779,352.909,176.361,156.684,0.518,-1,-1,-1
149,-1,0.000,769.337,484.990,307.735,0.603,-1,-1,-1
149,-1,1201.779,352.909,176.361,156.684,0.472,-1,-1,-1
150,-1,989.634,202.006,97.655,81.544,0.795,-1,-1,-1
150,-1,395.023,201.410,72.590,43.028,0.559,-1,-1,-1
150,-1,1199.524,337.008,175.825,149.267,0.480,-1,-1,-1
150,-1,0.000,770.641,484.729,306.513,0.585,-1,-1,-1
150,-1,1200.126,344.011,172.435,151.604,0.568,-1,-1,-1
151,-1,991.200,200.503,97.812,78.093,0.755,-1,-1,-1
151,-1,393.203,202.050,73.204,43.215,0.588,-1,-1,-1
151,-1,1198.039,331.492,171.110,150.107,0.479,-1,-1,-1
151,-1,1196.083,333.357,173.309,154.425,0.541,-1,-1,-1
151,-1,0.000,767.622,485.818,309.991,0.474,-1,-1,-1
152,-1,992.604,197.396,98.430,78.863,0.774,-1,-1,-1
152,-1,393.273,202.042,73.230,43.195,0.588,-1,-1,-1
152,-1,1194.607,329.022,169.746,149.999,0.479,-1,-1,-1
152,-1,1394.467,94.430,51.807,26.382,0.220,-1,-1,-1
152,-1,1193.542,328.262,169.270,153.540,0.528,-1,-1,-1
152,-1,0.216,768.164,484.481,309.665,0.432,-1,-1,-1
153,-1,993.449,195.157,100.282,77.662,0.765,-1,-1,-1
153,-1,392.435,201.687,74.655,43.612,0.572,-1,-1,-1
153,-1,1191.440,326.231,167.774,142.252,0.513,-1,-1,-1
153,-1,1189.998,325.402,168.058,146.149,0.510,-1,-1,-1
153,-1,0.000,768.364,481.685,309.229,0.460,-1,-1,-1
153,-1,1372.927,47.131,99.798,73.526,0.213,-1,-1,-1
154,-1,998.079,192.074,97.796,77.261,0.807,-1,-1,-1
154,-1,392.464,201.713,74.691,43.699,0.575,-1,-1,-1
154,-1,1187.920,319.074,167.361,138.850,0.497,-1,-1,-1
154,-1,1186.109,319.069,167.645,140.513,0.502,-1,-1,-1
154,-1,0.000,767.769,483.350,309.721,0.464,-1,-1,-1
155,-1,1001.743,189.975,96.774,76.970,0.819,-1,-1,-1
155,-1,393.150,202.063,73.223,43.050,0.589,-1,-1,-1
155,-1,1187.541,315.156,164.575,137.995,0.405,-1,-1,-1
155,-1,1358.219,27.989,119.983,100.401,0.318,-1,-1,-1
155,-1,1184.108,315.646,166.129,140.089,0.535,-1,-1,-1
155,-1,0.000,769.979,482.993,307.322,0.482,-1,-1,-1
156,-1,1004.744,187.061,95.186,75.332,0.772,-1,-1,-1
156,-1,1171.847,301.232,158.858,129.553,0.611,-1,-1,-1
156,-1,392.461,202.126,74.107,42.657,0.579,-1,-1,-1
156,-1,4.206,788.797,282.514,206.013,0.203,-1,-1,-1
156,-1,1358.378,80.501,77.282,46.905,0.203,-1,-1,-1
156,-1,1351.933,28.514,120.573,101.714,0.225,-1,-1,-1
156,-1,0.000,770.139,485.059,307.255,0.499,-1,-1,-1
156,-1,1179.568,307.493,164.474,142.073,0.308,-1,-1,-1
157,-1,1007.452,184.582,97.214,76.565,0.768,-1,-1,-1
157,-1,392.228,202.565,73.610,41.870,0.592,-1,-1,-1
157,-1,1171.890,297.099,155.140,136.853,0.544,-1,-1,-1
157,-1,1341.958,28.914,130.525,99.560,0.516,-1,-1,-1
157,-1,0.000,770.327,483.747,307.532,0.481,-1,-1,-1
157,-1,1173.796,299.149,156.377,145.867,0.424,-1,-1,-1
158,-1,1009.734,181.808,102.524,74.786,0.833,-1,-1,-1
158,-1,392.459,202.532,73.764,42.145,0.587,-1,-1,-1
158,-1,1168.086,292.826,154.748,133.189,0.574,-1,-1,-1
158,-1,1331.004,30.565,137.178,101.309,0.668,-1,-1,-1
158,-1,0.000,770.513,483.416,307.102,0.515,-1,-1,-1
158,-1,1171.221,296.519,153.408,141.119,0.401,-1,-1,-1
159,-1,1013.874,180.162,100.177,74.308,0.862,-1,-1,-1
159,-1,1165.292,288.030,159.293,132.165,0.653,-1,-1,-1
159,-1,392.226,202.317,74.012,42.695,0.580,-1,-1,-1
159,-1,1331.669,30.193,150.018,97.468,0.710,-1,-1,-1
159,-1,0.000,771.100,482.335,305.953,0.509,-1,-1,-1
159,-1,1165.292,288.030,159.293,132.165,0.332,-1,-1,-1
160,-1,1016.846,176.422,102.005,76.247,0.857,-1,-1,-1
160,-1,1165.584,285.569,153.750,128.762,0.635,-1,-1,-1
160,-1,392.533,202.392,73.393,42.559,0.579,-1,-1,-1
160,-1,1322.941,28.827,149.494,102.052,0.857,-1,-1,-1
160,-1,0.000,770.451,484.129,306.731,0.552,-1,-1,-1
160,-1,1165.584,285.569,153.750,128.762,0.351,-1,-1,-1
161,-1,1025.707,172.383,97.190,74.758,0.857,-1,-1,-1
161,-1,1161.957,277.573,151.543,126.257,0.823,-1,-1,-1
161,-1,392.992,203.193,72.028,40.898,0.588,-1,-1,-1
161,-1,1313.435,29.450,153.052,100.520,0.687,-1,-1,-1
161,-1,0.000,773.138,490.294,303.715,0.503,-1,-1,-1
161,-1,1161.619,280.689,155.668,132.059,0.241,-1,-1,-1
162,-1,1032.169,170.717,96.163,73.388,0.818,-1,-1,-1
162,-1,393.519,203.583,71.339,40.559,0.598,-1,-1,-1
162,-1,1164.953,274.344,147.957,131.447,0.584,-1,-1,-1
162,-1,1304.667,30.663,142.770,103.031,0.758,-1,-1,-1
162,-1,1164.395,273.068,151.639,134.441,0.562,-1,-1,-1
162,-1,0.000,770.933,483.801,306.040,0.503,-1,-1,-1
163,-1,1034.343,171.387,99.299,72.537,0.826,-1,-1,-1
163,-1,393.280,203.206,72.107,40.858,0.584,-1,-1,-1
163,-1,1152.377,269.138,154.871,131.358,0.431,-1,-1,-1
163,-1,1298.755,31.765,148.396,96.993,0.831,-1,-1,-1
163,-1,1154.359,269.639,153.997,133.336,0.679,-1,-1,-1
163,-1,0.000,771.735,481.944,304.981,0.498,-1,-1,-1
164,-1,1039.981,167.112,99.493,74.049,0.807,-1,-1,-1
164,-1,393.427,202.834,71.389,41.345,0.579,-1,-1,-1
164,-1,1151.304,263.295,152.710,124.299,0.559,-1,-1,-1
164,-1,1283.188,32.246,154.974,98.496,0.312,-1,-1,-1
164,-1,0.000,770.604,483.208,306.239,0.501,-1,-1,-1
164,-1,1151.226,268.018,154.221,129.928,0.496,-1,-1,-1
165,-1,1043.866,167.376,104.473,72.631,0.851,-1,-1,-1
165,-1,393.457,202.995,71.671,41.260,0.587,-1,-1,-1
165,-1,1146.439,258.704,157.473,117.428,0.550,-1,-1,-1
165,-1,1269.311,30.051,156.622,100.597,0.678,-1,-1,-1
165,-1,0.000,770.970,484.687,306.522,0.513,-1,-1,-1
165,-1,1147.093,258.297,153.384,118.858,0.433,-1,-1,-1
166,-1,1050.479,165.892,107.418,72.699,0.880,-1,-1,-1
166,-1,1149.838,250.542,146.558,119.121,0.692,-1,-1,-1
166,-1,393.906,203.042,71.258,41.233,0.583,-1,-1,-1
166,-1,1259.187,31.146,163.331,99.664,0.667,-1,-1,-1
166,-1,0.000,771.234,486.802,305.446,0.460,-1,-1,-1
166,-1,1146.209,251.061,151.402,123.605,0.363,-1,-1,-1
167,-1,1062.096,163.688,99.298,70.707,0.863,-1,-1,-1
167,-1,1145.990,248.286,147.681,121.360,0.663,-1,-1,-1
167,-1,393.472,202.874,71.579,41.477,0.588,-1,-1,-1
167,-1,1272.474,83.594,77.861,53.275,0.242,-1,-1,-1
167,-1,1255.209,30.061,145.080,106.661,0.303,-1,-1,-1
167,-1,0.000,770.346,490.443,306.489,0.523,-1,-1,-1
167,-1,1144.965,246.412,148.928,124.866,0.407,-1,-1,-1
168,-1,1065.402,160.656,100.988,70.109,0.909,-1,-1,-1
168,-1,1141.588,241.150,148.124,122.803,0.620,-1,-1,-1
168,-1,393.320,202.441,71.762,41.478,0.565,-1,-1,-1
168,-1,1260.578,82.380,77.433,56.042,0.242,-1,-1,-1
168,-1,1259.770,34.008,136.536,102.305,0.271,-1,-1,-1
168,-1,0.000,771.551,489.544,305.766,0.538,-1,-1,-1
168,-1,1139.290,242.441,151.641,128.366,0.460,-1,-1,-1
169,-1,1072.832,156.371,100.953,71.934,0.918,-1,-1,-1
169,-1,393.330,203.003,71.595,41.062,0.576,-1,-1,-1
169,-1,1138.727,237.657,140.398,114.671,0.486,-1,-1,-1
169,-1,1256.247,65.523,94.533,72.802,0.275,-1,-1,-1
169,-1,1230.886,35.991,150.263,104.821,0.285,-1,-1,-1
169,-1,16.837,765.362,492.104,307.266,0.504,-1,-1,-1
169,-1,1138.907,238.896,142.600,117.663,0.413,-1,-1,-1
170,-1,1080.562,153.822,104.515,72.332,0.904,-1,-1,-1
170,-1,393.128,202.941,71.774,41.178,0.573,-1,-1,-1
170,-1,1137.644,235.702,140.196,112.291,0.523,-1,-1,-1
170,-1,1248.378,70.923,94.098,68.860,0.470,-1,-1,-1
170,-1,16.655,765.357,489.617,307.367,0.478,-1,-1,-1
170,-1,1135.914,236.956,144.267,113.346,0.351,-1,-1,-1
171,-1,1091.500,152.930,98.790,70.182,0.822,-1,-1,-1
171,-1,1137.863,231.257,138.051,113.656,0.571,-1,-1,-1
171,-1,392.537,203.173,71.690,40.642,0.565,-1,-1,-1
171,-1,1237.843,74.156,96.777,66.029,0.512,-1,-1,-1
171,-1,1218.493,37.769,140.805,102.444,0.295,-1,-1,-1
171,-1,0.000,769.946,494.741,307.058,0.516,-1,-1,-1
171,-1,1137.863,231.257,138.051,113.656,0.273,-1,-1,-1
172,-1,1097.372,153.387,100.864,66.851,0.835,-1,-1,-1
172,-1,1228.209,81.954,102.318,61.162,0.567,-1,-1,-1
172,-1,392.643,203.204,71.713,40.622,0.566,-1,-1,-1
172,-1,1134.664,226.540,136.771,112.366,0.496,-1,-1,-1
172,-1,0.000,771.216,492.082,305.059,0.523,-1,-1,-1
173,-1,1101.903,150.812,106.072,68.157,0.898,-1,-1,-1
173,-1,1224.900,79.544,103.962,65.182,0.708,-1,-1,-1
173,-1,391.981,203.349,71.814,40.694,0.578,-1,-1,-1
173,-1,1131.152,220.767,135.189,114.370,0.471,-1,-1,-1
173,-1,1823.540,546.762,93.352,176.092,0.221,-1,-1,-1
173,-1,0.000,776.345,474.940,303.509,0.404,-1,-1,-1
173,-1,1130.016,222.658,140.551,111.793,0.213,-1,-1,-1
174,-1,1111.236,149.735,102.994,66.344,0.888,-1,-1,-1
174,-1,391.525,203.167,72.752,40.962,0.573,-1,-1,-1
174,-1,1130.193,221.373,134.550,113.099,0.463,-1,-1,-1
174,-1,1215.938,67.229,108.094,80.393,0.336,-1,-1,-1
174,-1,1823.247,547.032,93.222,175.244,0.229,-1,-1,-1
174,-1,2.175,789.635,281.158,189.311,0.216,-1,-1,-1
174,-1,1212.812,41.773,132.579,104.382,0.659,-1,-1,-1
174,-1,0.000,776.281,477.672,302.878,0.410,-1,-1,-1
175,-1,1123.587,148.155,95.262,63.198,0.813,-1,-1,-1
175,-1,391.461,203.078,73.034,41.180,0.578,-1,-1,-1
175,-1,1129.036,215.127,139.157,115.472,0.487,-1,-1,-1
175,-1,8.256,792.540,402.086,278.924,0.482,-1,-1,-1
175,-1,1823.653,546.721,92.875,175.560,0.243,-1,-1,-1
175,-1,1210.067,40.965,138.920,100.906,0.924,-1,-1,-1
176,-1,1131.005,142.640,97.100,66.686,0.860,-1,-1,-1
176,-1,392.112,203.058,72.386,41.291,0.577,-1,-1,-1
176,-1,1129.121,209.775,135.110,104.158,0.532,-1,-1,-1
176,-1,8.541,784.577,417.053,284.119,0.445,-1,-1,-1
176,-1,1824.026,546.141,92.622,176.323,0.233,-1,-1,-1
176,-1,1204.824,39.217,141.004,108.795,0.962,-1,-1,-1
176,-1,0.000,774.188,462.329,305.313,0.441,-1,-1,-1
177,-1,1124.911,207.243,138.384,105.905,0.850,-1,-1,-1
177,-1,1137.593,140.992,99.417,67.414,0.837,-1,-1,-1
177,-1,391.455,203.142,72.723,41.128,0.569,-1,-1,-1
177,-1,10.650,787.849,427.309,278.125,0.409,-1,-1,-1
177,-1,1.081,790.397,282.257,192.263,0.222,-1,-1,-1
177,-1,1200.569,40.266,147.431,107.908,0.950,-1,-1,-1
177,-1,0.000,773.964,474.210,303.983,0.441,-1,-1,-1
178,-1,1126.470,204.789,135.821,102.992,0.768,-1,-1,-1
178,-1,1143.835,140.566,104.965,64.400,0.742,-1,-1,-1
178,-1,392.084,202.847,72.409,41.616,0.575,-1,-1,-1
178,-1,10.081,790.272,418.032,276.287,0.411,-1,-1,-1
178,-1,1192.682,40.741,148.698,110.638,0.946,-1,-1,-1
178,-1,0.000,775.822,459.908,300.650,0.482,-1,-1,-1
179,-1,1126.049,200.906,132.627,106.124,0.765,-1,-1,-1
179,-1,1611.065,793.591,308.142,281.059,0.738,-1,-1,-1
179,-1,1151.535,138.119,102.739,62.621,0.661,-1,-1,-1
179,-1,392.043,202.854,72.521,41.653,0.576,-1,-1,-1
179,-1,10.750,787.429,399.686,279.877,0.355,-1,-1,-1
179,-1,1183.044,40.265,151.711,112.540,0.947,-1,-1,-1
179,-1,3.045,776.678,436.976,303.016,0.474,-1,-1,-1
180,-1,1165.861,140.929,92.619,58.387,0.679,-1,-1,-1
180,-1,1125.671,196.965,127.114,105.706,0.643,-1,-1,-1
180,-1,0.000,785.793,282.237,203.287,0.579,-1,-1,-1
180,-1,392.755,203.097,71.614,41.171,0.572,-1,-1,-1
180,-1,1186.988,43.178,144.273,108.237,0.904,-1,-1,-1
180,-1,0.000,782.491,392.433,288.704,0.240,-1,-1,-1
181,-1,1609.443,765.836,308.863,305.941,0.894,-1,-1,-1
181,-1,1173.975,137.708,95.332,57.534,0.781,-1,-1,-1
181,-1,1118.670,195.882,127.836,81.381,0.708,-1,-1,-1
181,-1,0.000,784.194,274.739,205.953,0.660,-1,-1,-1
181,-1,393.671,203.609,70.259,40.689,0.578,-1,-1,-1
181,-1,1166.623,35.493,149.947,120.598,0.925,-1,-1,-1
182,-1,1179.452,134.325,97.692,58.950,0.775,-1,-1,-1
182,-1,0.000,784.563,272.585,219.631,0.753,-1,-1,-1
182,-1,393.060,203.555,70.444,40.536,0.572,-1,-1,-1
182,-1,1118.543,194.135,127.998,83.869,0.552,-1,-1,-1
182,-1,0.000,896.339,276.021,179.330,0.451,-1,-1,-1
182,-1,1157.321,38.149,142.786,117.968,0.946,-1,-1,-1
183,-1,1188.460,134.649,99.142,58.203,0.835,-1,-1,-1
183,-1,0.000,778.953,266.764,237.654,0.820,-1,-1,-1
183,-1,1118.673,188.892,123.131,84.712,0.683,-1,-1,-1
183,-1,392.550,203.687,71.336,40.585,0.577,-1,-1,-1
183,-1,0.000,893.642,281.284,176.877,0.440,-1,-1,-1
183,-1,1145.788,118.388,72.316,41.477,0.242,-1,-1,-1
183,-1,1146.113,42.829,145.723,109.513,0.909,-1,-1,-1
184,-1,1596.151,746.512,320.875,329.517,0.981,-1,-1,-1
184,-1,1195.887,132.127,95.271,59.562,0.820,-1,-1,-1
184,-1,0.000,780.225,267.233,245.253,0.812,-1,-1,-1
184,-1,1117.247,184.616,127.855,73.735,0.667,-1,-1,-1
184,-1,393.031,203.688,70.950,40.742,0.583,-1,-1,-1
184,-1,0.000,892.416,250.954,179.336,0.368,-1,-1,-1
184,-1,1142.869,119.035,75.025,42.750,0.204,-1,-1,-1
184,-1,1131.554,41.505,158.925,115.940,0.906,-1,-1,-1
185,-1,0.000,779.721,264.572,243.252,0.871,-1,-1,-1
185,-1,1208.834,130.620,93.937,59.087,0.740,-1,-1,-1
185,-1,1119.817,182.287,125.653,76.840,0.604,-1,-1,-1
185,-1,392.723,203.771,71.034,40.391,0.582,-1,-1,-1
185,-1,0.000,897.968,232.055,177.005,0.377,-1,-1,-1
185,-1,1123.669,85.136,97.884,75.098,0.222,-1,-1,-1
185,-1,1123.402,44.902,163.477,116.214,0.972,-1,-1,-1
186,-1,0.000,777.638,261.733,255.030,0.883,-1,-1,-1
186,-1,1217.217,129.045,94.480,60.971,0.854,-1,-1,-1
186,-1,1119.608,178.571,126.649,85.170,0.618,-1,-1,-1
186,-1,393.816,203.316,70.092,40.937,0.561,-1,-1,-1
186,-1,1823.331,546.631,92.376,163.387,0.349,-1,-1,-1
186,-1,1114.833,117.150,97.148,47.082,0.277,-1,-1,-1
186,-1,1121.052,42.454,169.315,120.020,0.843,-1,-1,-1
187,-1,0.000,777.775,259.734,255.617,0.879,-1,-1,-1
187,-1,1223.558,129.010,96.682,60.063,0.858,-1,-1,-1
187,-1,1126.325,179.314,118.856,78.312,0.736,-1,-1,-1
187,-1,392.265,203.430,71.860,40.980,0.575,-1,-1,-1
187,-1,1823.018,546.581,92.563,160.856,0.345,-1,-1,-1
187,-1,1102.288,99.642,115.170,64.995,0.287,-1,-1,-1
187,-1,0.000,894.966,284.496,175.906,0.261,-1,-1,-1
187,-1,1136.311,177.200,104.204,42.874,0.216,-1,-1,-1
187,-1,1113.888,46.695,164.478,110.840,0.967,-1,-1,-1
188,-1,0.187,779.286,259.049,260.409,0.932,-1,-1,-1
188,-1,1230.667,127.099,102.170,61.659,0.830,-1,-1,-1
188,-1,1128.301,175.368,118.811,90.473,0.675,-1,-1,-1
188,-1,392.873,203.523,71.306,40.855,0.575,-1,-1,-1
188,-1,1822.550,546.535,93.231,158.874,0.370,-1,-1,-1
188,-1,1142.650,174.949,97.156,45.586,0.273,-1,-1,-1
188,-1,1095.075,100.624,117.765,66.481,0.208,-1,-1,-1
188,-1,1105.113,50.378,159.371,109.074,0.977,-1,-1,-1
189,-1,1562.645,696.163,357.284,327.423,0.989,-1,-1,-1
189,-1,1.535,768.396,258.040,278.970,0.939,-1,-1,-1
189,-1,1241.181,124.310,102.418,62.949,0.736,-1,-1,-1
189,-1,393.259,203.478,70.875,40.690,0.572,-1,-1,-1
189,-1,1128.382,172.296,123.005,96.630,0.549,-1,-1,-1
189,-1,1146.954,174.741,90.459,43.697,0.201,-1,-1,-1
189,-1,1081.203,51.754,166.138,112.781,0.996,-1,-1,-1
190,-1,0.000,774.176,258.191,276.849,0.951,-1,-1,-1
190,-1,1246.033,122.672,103.843,62.299,0.662,-1,-1,-1
190,-1,1134.815,171.945,110.690,72.844,0.644,-1,-1,-1
190,-1,393.298,203.451,70.686,40.790,0.573,-1,-1,-1
190,-1,1812.390,548.271,103.892,153.014,0.278,-1,-1,-1
190,-1,1068.273,54.327,172.969,114.179,0.997,-1,-1,-1
191,-1,1549.565,678.562,369.465,316.673,0.994,-1,-1,-1
191,-1,0.000,779.345,255.445,281.517,0.935,-1,-1,-1
191,-1,392.665,203.676,71.182,40.401,0.555,-1,-1,-1
191,-1,1258.346,125.242,101.360,56.881,0.512,-1,-1,-1
191,-1,1137.716,166.894,112.382,84.732,0.511,-1,-1,-1
191,-1,1810.169,551.895,105.734,144.972,0.389,-1,-1,-1
191,-1,1155.305,157.647,105.093,60.255,0.201,-1,-1,-1
191,-1,1056.303,54.491,187.471,118.251,0.992,-1,-1,-1
192,-1,1542.630,680.340,364.997,299.151,0.990,-1,-1,-1
192,-1,0.000,778.432,247.365,284.350,0.853,-1,-1,-1
192,-1,1148.185,161.767,111.924,88.293,0.699,-1,-1,-1
192,-1,392.618,203.623,71.170,40.494,0.556,-1,-1,-1
192,-1,1266.638,127.657,77.990,53.798,0.448,-1,-1,-1
192,-1,1812.359,550.146,102.996,145.317,0.252,-1,-1,-1
192,-1,1045.316,54.489,201.806,121.107,0.996,-1,-1,-1
193,-1,1530.275,671.805,365.841,288.717,0.994,-1,-1,-1
193,-1,0.000,779.136,249.262,283.325,0.868,-1,-1,-1
193,-1,1149.224,158.885,120.041,95.899,0.782,-1,-1,-1
193,-1,393.398,203.245,70.210,40.778,0.542,-1,-1,-1
193,-1,1275.512,118.693,112.073,59.309,0.529,-1,-1,-1
193,-1,1825.378,550.503,91.419,159.194,0.275,-1,-1,-1
193,-1,1031.823,53.630,215.861,121.647,0.997,-1,-1,-1
194,-1,1520.304,658.792,367.103,286.377,0.991,-1,-1,-1
194,-1,0.000,781.945,247.496,279.584,0.822,-1,-1,-1
194,-1,1157.107,156.308,116.045,95.556,0.729,-1,-1,-1
194,-1,393.430,203.452,70.114,40.656,0.545,-1,-1,-1
194,-1,1283.438,116.755,103.672,59.035,0.442,-1,-1,-1
194,-1,1825.389,550.113,90.184,161.379,0.319,-1,-1,-1
194,-1,1018.482,53.032,206.805,124.869,0.998,-1,-1,-1
194,-1,1283.438,116.755,103.672,59.035,0.232,-1,-1,-1
195,-1,1509.302,651.335,352.254,285.422,0.981,-1,-1,-1
195,-1,0.000,778.994,244.310,287.748,0.783,-1,-1,-1
195,-1,1159.450,153.559,119.865,102.744,0.671,-1,-1,-1
195,-1,393.176,203.516,70.649,40.818,0.556,-1,-1,-1
195,-1,1290.587,115.530,92.179,58.186,0.532,-1,-1,-1
195,-1,1825.699,549.913,90.304,162.513,0.336,-1,-1,-1
195,-1,1004.489,55.155,204.574,125.934,0.998,-1,-1,-1
196,-1,1490.378,644.829,361.970,273.716,0.989,-1,-1,-1
196,-1,1.923,779.305,250.537,296.754,0.787,-1,-1,-1
196,-1,1164.563,150.374,121.819,100.146,0.605,-1,-1,-1
196,-1,393.100,203.178,70.504,41.256,0.541,-1,-1,-1
196,-1,1297.035,114.685,89.558,57.306,0.492,-1,-1,-1
196,-1,1826.391,551.727,90.303,164.197,0.393,-1,-1,-1
196,-1,986.851,58.770,210.862,124.645,0.997,-1,-1,-1
197,-1,1480.598,632.598,356.398,280.117,0.983,-1,-1,-1
197,-1,4.210,781.274,244.218,297.413,0.773,-1,-1,-1
197,-1,394.079,203.179,69.277,41.110,0.544,-1,-1,-1
197,-1,1172.588,153.662,125.234,97.367,0.531,-1,-1,-1
197,-1,1826.595,551.667,89.439,166.230,0.412,-1,-1,-1
197,-1,1300.707,113.458,79.329,60.374,0.411,-1,-1,-1
197,-1,982.628,112.380,122.431,74.916,0.210,-1,-1,-1
197,-1,972.170,60.682,214.880,127.181,0.992,-1,-1,-1
198,-1,1479.664,622.238,344.214,279.205,0.968,-1,-1,-1
198,-1,2.001,781.941,245.911,297.790,0.810,-1,-1,-1
198,-1,1181.082,150.068,123.698,90.762,0.587,-1,-1,-1
198,-1,394.446,203.062,69.243,41.331,0.547,-1,-1,-1
198,-1,1826.741,551.155,89.136,162.844,0.389,-1,-1,-1
198,-1,970.150,59.511,206.282,125.712,0.994,-1,-1,-1
198,-1,1306.129,110.174,97.415,59.499,0.203,-1,-1,-1
199,-1,1470.093,612.865,333.141,267.955,0.970,-1,-1,-1
199,-1,1186.554,147.035,124.699,90.227,0.747,-1,-1,-1
199,-1,394.199,203.029,69.711,41.511,0.556,-1,-1,-1
199,-1,1829.066,551.106,86.885,162.107,0.365,-1,-1,-1
199,-1,1310.608,108.273,98.144,58.114,0.233,-1,-1,-1
199,-1,957.056,63.022,204.599,126.301,0.996,-1,-1,-1
200,-1,1473.028,611.989,326.186,256.329,0.963,-1,-1,-1
200,-1,1193.591,141.743,145.563,96.766,0.589,-1,-1,-1
200,-1,393.743,203.037,69.902,41.379,0.549,-1,-1,-1
200,-1,1318.595,107.385,99.070,53.490,0.362,-1,-1,-1
200,-1,1826.094,547.167,89.489,167.117,0.341,-1,-1,-1
200,-1,948.735,118.328,130.797,72.263,0.235,-1,-1,-1
200,-1,942.976,65.900,207.748,124.821,0.996,-1,-1,-1
201,-1,1457.957,603.122,320.728,256.977,0.980,-1,-1,-1
201,-1,1203.914,137.727,143.993,96.306,0.698,-1,-1,-1
201,-1,393.262,203.580,70.381,40.751,0.581,-1,-1,-1
201,-1,1318.488,108.908,97.742,51.346,0.350,-1,-1,-1
201,-1,1819.404,547.921,96.561,162.002,0.319,-1,-1,-1
201,-1,930.744,67.088,212.520,125.901,0.994,-1,-1,-1
202,-1,1449.283,593.328,319.942,257.828,0.979,-1,-1,-1
202,-1,1214.863,138.300,120.671,95.066,0.652,-1,-1,-1
202,-1,393.793,203.531,69.808,40.670,0.574,-1,-1,-1
202,-1,1322.007,108.736,102.442,51.617,0.479,-1,-1,-1
202,-1,1818.957,549.169,96.330,160.121,0.356,-1,-1,-1
202,-1,915.995,120.482,125.254,72.504,0.266,-1,-1,-1
202,-1,916.591,64.973,210.143,128.060,0.980,-1,-1,-1
203,-1,1449.568,589.138,301.645,240.989,0.984,-1,-1,-1
203,-1,1224.280,136.782,134.410,90.684,0.608,-1,-1,-1
203,-1,1346.810,105.987,84.270,55.435,0.593,-1,-1,-1
203,-1,393.185,203.495,70.528,40.737,0.575,-1,-1,-1
203,-1,1818.456,549.429,95.914,160.488,0.305,-1,-1,-1
203,-1,913.532,64.183,200.865,132.595,0.993,-1,-1,-1
204,-1,1442.890,580.081,301.249,241.397,0.976,-1,-1,-1
204,-1,1353.455,104.525,80.760,55.972,0.678,-1,-1,-1
204,-1,393.136,203.586,70.311,40.451,0.568,-1,-1,-1
204,-1,1234.347,130.626,128.911,94.829,0.562,-1,-1,-1
204,-1,1828.421,549.213,89.799,167.008,0.273,-1,-1,-1
204,-1,889.390,122.444,125.267,73.846,0.256,-1,-1,-1
204,-1,892.961,67.451,206.228,130.937,0.996,-1,-1,-1
205,-1,1437.520,573.088,292.266,242.984,0.984,-1,-1,-1
205,-1,1243.591,129.871,127.541,92.309,0.666,-1,-1,-1
205,-1,1358.249,104.250,81.933,55.220,0.606,-1,-1,-1
205,-1,392.436,203.560,71.055,40.726,0.580,-1,-1,-1
205,-1,1827.414,550.542,90.113,166.362,0.257,-1,-1,-1
205,-1,881.758,67.316,205.423,133.419,0.996,-1,-1,-1
206,-1,1429.300,566.381,285.136,233.410,0.978,-1,-1,-1
206,-1,1359.494,102.231,90.323,53.285,0.646,-1,-1,-1
206,-1,392.415,203.573,71.096,40.709,0.580,-1,-1,-1
206,-1,1256.572,126.729,127.006,93.558,0.475,-1,-1,-1
206,-1,1819.213,550.843,96.706,160.431,0.252,-1,-1,-1
206,-1,869.498,68.160,210.582,133.265,0.993,-1,-1,-1
207,-1,1410.112,567.800,278.251,216.531,0.971,-1,-1,-1
207,-1,1268.507,123.374,120.010,93.310,0.685,-1,-1,-1
207,-1,1368.803,95.832,90.898,58.372,0.657,-1,-1,-1
207,-1,392.333,203.547,71.389,40.715,0.582,-1,-1,-1
207,-1,857.811,135.133,123.955,68.192,0.294,-1,-1,-1
207,-1,1825.905,549.547,91.667,170.794,0.270,-1,-1,-1
207,-1,855.296,66.613,214.056,136.008,0.934,-1,-1,-1
208,-1,1404.931,557.182,281.341,224.227,0.976,-1,-1,-1
208,-1,1373.304,97.728,85.715,57.369,0.681,-1,-1,-1
208,-1,392.434,203.549,71.270,40.719,0.582,-1,-1,-1
208,-1,1277.568,124.828,120.864,90.309,0.453,-1,-1,-1
208,-1,1817.492,550.165,97.578,165.099,0.273,-1,-1,-1
208,-1,840.578,66.514,221.835,135.306,0.966,-1,-1,-1
208,-1,1278.321,124.313,123.916,89.444,0.201,-1,-1,-1
209,-1,1399.017,547.876,275.531,225.068,0.976,-1,-1,-1
209,-1,1381.635,93.491,80.098,59.103,0.722,-1,-1,-1
209,-1,392.377,203.541,71.069,40.917,0.581,-1,-1,-1
209,-1,831.742,135.524,123.649,72.998,0.485,-1,-1,-1
209,-1,1281.399,119.709,128.864,86.639,0.371,-1,-1,-1
209,-1,1826.682,548.908,89.646,171.562,0.249,-1,-1,-1
209,-1,0.000,806.580,192.969,271.213,0.234,-1,-1,-1
209,-1,828.990,70.376,212.138,136.295,0.982,-1,-1,-1
210,-1,1394.944,540.517,266.458,211.096,0.979,-1,-1,-1
210,-1,1389.721,94.583,76.604,55.355,0.713,-1,-1,-1
210,-1,392.454,203.505,71.220,40.779,0.575,-1,-1,-1
210,-1,820.093,137.834,127.761,72.241,0.541,-1,-1,-1
210,-1,1296.017,116.250,119.775,88.349,0.348,-1,-1,-1
210,-1,1828.482,548.321,88.052,171.036,0.281,-1,-1,-1
210,-1,11.121,810.630,164.987,263.917,0.220,-1,-1,-1
210,-1,818.449,69.004,209.212,139.807,0.973,-1,-1,-1
211,-1,1389.252,532.123,257.200,213.761,0.966,-1,-1,-1
211,-1,393.773,203.281,70.294,40.447,0.531,-1,-1,-1
211,-1,1396.823,93.287,78.080,55.177,0.463,-1,-1,-1
211,-1,806.823,132.587,119.708,79.754,0.326,-1,-1,-1
211,-1,1828.270,547.574,88.209,170.885,0.302,-1,-1,-1
211,-1,1306.593,112.490,120.322,91.390,0.217,-1,-1,-1
211,-1,808.061,70.342,211.422,140.312,0.973,-1,-1,-1
211,-1,1306.593,112.490,120.322,91.390,0.205,-1,-1,-1
212,-1,1378.118,525.457,261.708,213.992,0.973,-1,-1,-1
212,-1,393.726,203.258,70.414,40.457,0.533,-1,-1,-1
212,-1,1314.113,115.312,121.959,86.511,0.377,-1,-1,-1
212,-1,1404.424,95.916,76.305,52.683,0.367,-1,-1,-1
212,-1,1828.345,547.215,87.727,171.047,0.322,-1,-1,-1
212,-1,797.708,141.679,131.312,73.395,0.240,-1,-1,-1
212,-1,802.148,71.647,208.800,143.597,0.951,-1,-1,-1
213,-1,1376.024,518.659,250.940,206.817,0.924,-1,-1,-1
213,-1,393.822,203.274,70.207,40.453,0.534,-1,-1,-1
213,-1,1322.064,114.105,127.766,85.824,0.495,-1,-1,-1
213,-1,1416.103,97.908,65.361,49.415,0.323,-1,-1,-1
213,-1,1827.461,547.218,88.160,170.225,0.308,-1,-1,-1
213,-1,784.517,153.951,117.787,64.502,0.232,-1,-1,-1
213,-1,782.935,72.341,211.976,145.766,0.979,-1,-1,-1
213,-1,1322.447,111.603,133.275,87.660,0.243,-1,-1,-1
214,-1,1358.216,513.794,252.123,199.016,0.929,-1,-1,-1
214,-1,393.125,203.139,71.021,40.676,0.535,-1,-1,-1
214,-1,1334.188,113.792,121.367,83.099,0.360,-1,-1,-1
214,-1,769.607,140.570,128.235,78.463,0.324,-1,-1,-1
214,-1,1826.540,546.341,88.380,172.099,0.314,-1,-1,-1
214,-1,1423.362,101.363,62.757,45.438,0.214,-1,-1,-1
214,-1,770.554,73.717,210.110,146.313,0.992,-1,-1,-1
215,-1,1356.736,506.926,238.884,197.848,0.955,-1,-1,-1
215,-1,393.482,203.266,70.759,40.540,0.538,-1,-1,-1
215,-1,1358.994,110.750,115.991,78.618,0.530,-1,-1,-1
215,-1,765.328,151.141,131.073,72.252,0.446,-1,-1,-1
215,-1,1826.497,547.178,87.886,170.967,0.315,-1,-1,-1
215,-1,1370.210,113.251,66.934,34.693,0.214,-1,-1,-1
215,-1,758.472,72.405,214.437,151.297,0.982,-1,-1,-1
215,-1,1341.553,109.816,146.488,82.339,0.316,-1,-1,-1
216,-1,1350.684,501.410,232.477,194.861,0.963,-1,-1,-1
216,-1,1361.980,111.695,113.480,77.611,0.775,-1,-1,-1
216,-1,393.550,203.234,70.710,40.562,0.536,-1,-1,-1
216,-1,1825.606,546.957,88.367,171.418,0.326,-1,-1,-1
216,-1,1380.473,110.822,79.104,39.259,0.240,-1,-1,-1
216,-1,758.265,147.152,144.774,78.620,0.235,-1,-1,-1
216,-1,482.955,229.870,146.283,142.859,0.212,-1,-1,-1
216,-1,751.826,78.773,213.025,145.771,0.988,-1,-1,-1
217,-1,1344.109,496.701,234.307,189.418,0.920,-1,-1,-1
217,-1,1368.990,107.882,113.357,79.891,0.682,-1,-1,-1
217,-1,393.265,203.114,70.766,40.437,0.536,-1,-1,-1
217,-1,744.265,154.257,131.811,72.280,0.345,-1,-1,-1
217,-1,1824.536,545.528,90.186,173.149,0.289,-1,-1,-1
217,-1,482.628,230.277,146.670,141.953,0.221,-1,-1,-1
217,-1,738.219,83.882,220.734,144.682,0.976,-1,-1,-1
218,-1,1334.579,491.510,233.854,186.602,0.852,-1,-1,-1
218,-1,393.193,203.219,70.753,40.204,0.539,-1,-1,-1
218,-1,739.618,154.814,129.457,73.712,0.535,-1,-1,-1
218,-1,1383.890,103.314,112.793,80.353,0.435,-1,-1,-1
218,-1,1823.899,544.759,91.193,174.143,0.293,-1,-1,-1
218,-1,732.939,86.925,214.837,142.824,0.957,-1,-1,-1
218,-1,1379.653,103.822,121.122,80.997,0.218,-1,-1,-1
219,-1,1320.095,482.890,229.512,184.861,0.892,-1,-1,-1
219,-1,394.307,203.292,69.423,39.926,0.530,-1,-1,-1
219,-1,1390.111,99.008,112.761,86.906,0.422,-1,-1,-1
219,-1,729.735,87.270,199.550,143.989,0.972,-1,-1,-1
219,-1,1390.111,99.008,112.761,86.906,0.214,-1,-1,-1
220,-1,1321.431,477.265,217.629,181.025,0.846,-1,-1,-1
220,-1,393.949,203.532,69.881,39.822,0.542,-1,-1,-1
220,-1,1815.474,547.665,97.712,169.074,0.249,-1,-1,-1
220,-1,720.591,88.002,198.137,146.433,0.991,-1,-1,-1
221,-1,1314.903,470.194,206.667,182.168,0.889,-1,-1,-1
221,-1,394.144,203.382,69.577,40.474,0.581,-1,-1,-1
221,-1,1408.653,97.802,100.238,83.646,0.289,-1,-1,-1
221,-1,1822.995,548.369,91.983,172.525,0.281,-1,-1,-1
221,-1,709.212,86.192,202.315,150.290,0.980,-1,-1,-1
221,-1,1408.653,97.802,100.238,83.646,0.234,-1,-1,-1
222,-1,1307.551,465.473,209.945,177.364,0.813,-1,-1,-1
222,-1,393.998,203.424,69.621,40.621,0.582,-1,-1,-1
222,-1,705.012,160.782,136.657,79.009,0.306,-1,-1,-1
222,-1,1823.243,548.956,91.157,171.853,0.282,-1,-1,-1
222,-1,1403.824,85.971,44.045,43.580,0.246,-1,-1,-1
222,-1,1418.374,100.381,89.019,77.417,0.235,-1,-1,-1
222,-1,702.622,84.928,203.974,153.911,0.979,-1,-1,-1
222,-1,1316.142,461.046,206.668,179.871,0.266,-1,-1,-1
223,-1,1305.567,454.093,205.537,169.886,0.813,-1,-1,-1
223,-1,394.857,203.045,69.102,41.123,0.579,-1,-1,-1
223,-1,1387.321,79.369,60.566,54.557,0.546,-1,-1,-1
223,-1,701.029,162.116,139.243,82.043,0.293,-1,-1,-1
223,-1,1823.493,547.154,91.365,173.282,0.268,-1,-1,-1
223,-1,1428.425,103.100,81.438,70.100,0.229,-1,-1,-1
223,-1,698.469,84.172,191.512,159.280,0.967,-1,-1,-1
224,-1,1298.742,446.157,199.542,169.051,0.686,-1,-1,-1
224,-1,1384.676,81.909,63.883,53.218,0.604,-1,-1,-1
224,-1,394.409,203.008,69.360,41.092,0.585,-1,-1,-1
224,-1,1823.737,547.552,92.117,172.104,0.274,-1,-1,-1
224,-1,691.885,90.590,189.535,151.558,0.855,-1,-1,-1
224,-1,1296.944,448.121,201.585,171.315,0.318,-1,-1,-1
225,-1,1291.418,441.109,192.647,168.982,0.720,-1,-1,-1
225,-1,1375.922,82.544,72.674,53.443,0.676,-1,-1,-1
225,-1,393.254,202.881,70.690,41.228,0.584,-1,-1,-1
225,-1,1814.854,547.767,97.585,168.219,0.263,-1,-1,-1
225,-1,685.368,91.231,189.906,154.071,0.735,-1,-1,-1
225,-1,1290.355,440.498,194.880,171.362,0.285,-1,-1,-1
226,-1,1287.386,434.653,189.069,168.900,0.820,-1,-1,-1
226,-1,1354.972,80.955,93.934,54.968,0.679,-1,-1,-1
226,-1,393.622,203.216,70.256,40.885,0.606,-1,-1,-1
226,-1,677.038,163.939,133.296,87.687,0.307,-1,-1,-1
226,-1,1446.337,106.895,75.442,63.911,0.241,-1,-1,-1
226,-1,1814.962,547.426,97.130,168.991,0.236,-1,-1,-1
226,-1,677.137,95.762,184.648,154.693,0.893,-1,-1,-1
227,-1,1357.220,79.797,79.785,55.963,0.795,-1,-1,-1
227,-1,1280.757,427.929,191.880,165.348,0.771,-1,-1,-1
227,-1,393.655,203.230,69.936,40.795,0.598,-1,-1,-1
227,-1,1454.639,114.563,70.107,52.129,0.279,-1,-1,-1
227,-1,1815.310,546.723,97.052,169.382,0.229,-1,-1,-1
227,-1,673.239,94.653,182.256,159.341,0.926,-1,-1,-1
227,-1,1286.982,427.694,190.273,169.402,0.221,-1,-1,-1
228,-1,1273.978,420.904,178.571,159.617,0.844,-1,-1,-1
228,-1,1328.089,82.980,94.106,56.105,0.705,-1,-1,-1
228,-1,393.212,203.324,70.529,40.606,0.603,-1,-1,-1
228,-1,668.192,173.317,139.186,84.462,0.370,-1,-1,-1
228,-1,1465.944,120.408,53.622,40.676,0.317,-1,-1,-1
228,-1,1815.452,546.231,97.047,169.808,0.231,-1,-1,-1
228,-1,548.594,194.881,125.001,38.345,0.214,-1,-1,-1
228,-1,663.751,94.251,186.145,162.861,0.924,-1,-1,-1
229,-1,1263.246,417.137,185.645,154.853,0.875,-1,-1,-1
229,-1,1314.401,83.307,98.667,54.422,0.692,-1,-1,-1
229,-1,393.509,203.380,69.809,40.153,0.588,-1,-1,-1
229,-1,1468.865,115.713,52.202,44.094,0.413,-1,-1,-1
229,-1,1823.046,545.224,91.736,174.614,0.242,-1,-1,-1
229,-1,547.744,196.265,121.262,38.108,0.202,-1,-1,-1
229,-1,650.796,95.060,188.473,164.863,0.917,-1,-1,-1
230,-1,1264.384,411.327,178.518,151.145,0.867,-1,-1,-1
230,-1,393.447,203.152,70.100,40.656,0.590,-1,-1,-1
230,-1,1302.972,79.914,100.626,61.564,0.583,-1,-1,-1
230,-1,1469.824,91.171,50.893,69.147,0.272,-1,-1,-1
230,-1,1814.776,546.504,97.274,169.784,0.234,-1,-1,-1
230,-1,1326.926,83.375,74.447,32.756,0.211,-1,-1,-1
230,-1,647.884,96.577,188.725,167.099,0.949,-1,-1,-1
231,-1,1257.706,403.286,181.136,149.122,0.756,-1,-1,-1
231,-1,393.808,202.592,70.447,41.191,0.520,-1,-1,-1
231,-1,1286.302,83.020,105.209,57.331,0.518,-1,-1,-1
231,-1,645.888,185.358,139.186,81.170,0.411,-1,-1,-1
231,-1,1824.132,544.546,91.161,177.751,0.204,-1,-1,-1
231,-1,641.939,97.774,187.730,167.961,0.946,-1,-1,-1
231,-1,1258.442,403.435,181.010,150.721,0.266,-1,-1,-1
232,-1,1252.925,395.759,177.041,149.994,0.779,-1,-1,-1
232,-1,1254.818,83.325,119.142,51.726,0.543,-1,-1,-1
232,-1,393.626,202.632,70.486,41.214,0.534,-1,-1,-1
232,-1,641.851,183.023,139.958,88.023,0.520,-1,-1,-1
232,-1,1290.123,82.823,82.243,31.498,0.289,-1,-1,-1
232,-1,487.301,233.044,147.158,135.451,0.212,-1,-1,-1
232,-1,1824.275,544.999,91.381,176.745,0.202,-1,-1,-1
232,-1,640.124,100.158,182.928,169.221,0.940,-1,-1,-1
232,-1,1252.035,395.931,179.402,152.519,0.230,-1,-1,-1
233,-1,1248.412,390.798,173.359,143.792,0.818,-1,-1,-1
233,-1,393.901,202.737,69.854,41.185,0.544,-1,-1,-1
233,-1,1237.735,82.478,125.400,49.184,0.532,-1,-1,-1
233,-1,628.974,184.759,153.865,85.683,0.282,-1,-1,-1
233,-1,485.953,232.493,149.681,135.839,0.204,-1,-1,-1
233,-1,637.025,100.240,183.137,172.356,0.918,-1,-1,-1
233,-1,1248.715,390.155,179.038,147.204,0.208,-1,-1,-1
234,-1,1237.541,381.031,177.411,147.693,0.752,-1,-1,-1
234,-1,393.952,202.669,69.857,41.416,0.546,-1,-1,-1
234,-1,1220.694,83.962,119.152,48.905,0.544,-1,-1,-1
234,-1,629.618,192.479,145.236,84.364,0.300,-1,-1,-1
234,-1,484.501,230.487,154.384,136.546,0.280,-1,-1,-1
234,-1,1258.477,84.197,80.139,31.299,0.203,-1,-1,-1
234,-1,632.786,105.643,183.273,170.617,0.888,-1,-1,-1
234,-1,1242.813,385.246,170.024,142.680,0.248,-1,-1,-1
235,-1,1248.032,378.106,163.555,141.975,0.694,-1,-1,-1
235,-1,1213.318,84.688,115.801,45.316,0.673,-1,-1,-1
235,-1,394.376,202.585,69.146,41.391,0.539,-1,-1,-1
235,-1,624.301,194.483,145.943,85.989,0.300,-1,-1,-1
235,-1,483.650,230.253,152.203,136.488,0.272,-1,-1,-1
235,-1,627.793,110.448,178.561,169.884,0.902,-1,-1,-1
235,-1,1246.059,378.154,167.621,140.613,0.299,-1,-1,-1
236,-1,1233.079,367.129,164.754,137.932,0.700,-1,-1,-1
236,-1,393.697,202.730,70.219,41.241,0.527,-1,-1,-1
236,-1,1194.993,83.964,112.810,46.128,0.485,-1,-1,-1
236,-1,484.166,230.521,148.579,134.147,0.271,-1,-1,-1
236,-1,1824.214,544.967,91.604,176.029,0.216,-1,-1,-1
236,-1,622.749,112.366,173.748,170.911,0.942,-1,-1,-1
236,-1,1241.687,372.279,168.466,139.629,0.264,-1,-1,-1
237,-1,1175.165,81.347,114.330,49.856,0.673,-1,-1,-1
237,-1,1227.031,358.499,166.102,141.680,0.653,-1,-1,-1
237,-1,393.411,202.792,70.531,40.994,0.528,-1,-1,-1
237,-1,484.500,229.574,146.482,136.411,0.279,-1,-1,-1
237,-1,1824.285,544.502,91.556,176.162,0.213,-1,-1,-1
237,-1,618.176,117.573,169.891,166.534,0.925,-1,-1,-1
237,-1,1236.036,360.192,161.984,144.602,0.362,-1,-1,-1
238,-1,1158.211,82.473,120.108,46.199,0.730,-1,-1,-1
238,-1,1224.411,356.043,164.502,137.612,0.668,-1,-1,-1
238,-1,393.163,202.854,70.947,41.525,0.531,-1,-1,-1
238,-1,483.199,227.695,144.227,140.344,0.269,-1,-1,-1
238,-1,610.732,120.301,169.973,167.903,0.913,-1,-1,-1
238,-1,1224.628,355.383,163.724,138.178,0.339,-1,-1,-1
239,-1,1222.478,350.139,158.064,135.630,0.759,-1,-1,-1
239,-1,393.756,202.905,69.942,40.929,0.520,-1,-1,-1
239,-1,1137.208,85.355,108.358,38.246,0.367,-1,-1,-1
239,-1,611.231,218.095,146.416,79.077,0.223,-1,-1,-1
239,-1,609.446,120.896,171.917,172.023,0.956,-1,-1,-1
239,-1,1220.446,349.830,162.240,136.697,0.260,-1,-1,-1
240,-1,1218.909,345.832,157.644,133.460,0.767,-1,-1,-1
240,-1,393.558,203.084,69.780,40.645,0.525,-1,-1,-1
240,-1,1116.279,82.547,127.428,40.515,0.448,-1,-1,-1
240,-1,752.528,947.260,632.332,124.929,0.253,-1,-1,-1
240,-1,598.774,122.056,179.379,177.204,0.941,-1,-1,-1
240,-1,1216.592,346.567,162.525,133.527,0.251,-1,-1,-1
241,-1,1219.934,337.015,157.896,134.543,0.762,-1,-1,-1
241,-1,394.698,203.183,69.700,41.045,0.542,-1,-1,-1
241,-1,1092.718,86.586,125.826,35.862,0.505,-1,-1,-1
241,-1,772.982,941.373,637.063,129.813,0.386,-1,-1,-1
241,-1,1815.123,546.072,98.122,167.894,0.255,-1,-1,-1
241,-1,591.970,121.083,181.625,179.290,0.929,-1,-1,-1
241,-1,1215.286,339.868,161.861,133.292,0.291,-1,-1,-1
242,-1,804.814,930.652,616.449,140.075,0.655,-1,-1,-1
242,-1,1214.331,332.304,156.907,132.326,0.619,-1,-1,-1
242,-1,394.394,203.178,69.819,41.110,0.541,-1,-1,-1
242,-1,1073.640,86.951,123.165,36.317,0.408,-1,-1,-1
242,-1,1815.387,545.952,98.025,168.133,0.246,-1,-1,-1
242,-1,589.450,124.147,177.117,182.719,0.925,-1,-1,-1
242,-1,1209.861,334.154,162.515,132.379,0.426,-1,-1,-1
243,-1,845.563,913.041,591.116,156.486,0.888,-1,-1,-1
243,-1,1210.166,329.346,156.037,123.701,0.576,-1,-1,-1
243,-1,393.966,202.849,70.337,41.350,0.538,-1,-1,-1
243,-1,1056.038,87.074,120.255,35.287,0.429,-1,-1,-1
243,-1,594.097,126.003,168.738,182.938,0.958,-1,-1,-1
243,-1,1212.413,330.101,153.453,127.947,0.436,-1,-1,-1
244,-1,842.100,892.864,589.425,172.157,0.971,-1,-1,-1
244,-1,1207.436,325.841,153.969,121.633,0.677,-1,-1,-1
244,-1,1036.170,87.683,118.615,37.152,0.552,-1,-1,-1
244,-1,393.799,203.035,70.728,41.007,0.540,-1,-1,-1
244,-1,1816.203,545.783,97.819,168.718,0.225,-1,-1,-1
244,-1,593.539,132.247,164.318,182.222,0.951,-1,-1,-1
244,-1,1208.033,325.125,151.466,123.600,0.322,-1,-1,-1
245,-1,883.885,874.807,593.599,193.210,0.988,-1,-1,-1
245,-1,1206.315,315.677,146.805,126.077,0.741,-1,-1,-1
245,-1,394.206,203.167,69.651,40.859,0.535,-1,-1,-1
245,-1,1022.060,86.461,116.347,38.527,0.451,-1,-1,-1
245,-1,1816.145,545.790,97.780,168.605,0.226,-1,-1,-1
245,-1,590.271,135.257,163.485,182.746,0.886,-1,-1,-1
245,-1,1205.179,318.112,146.287,125.207,0.318,-1,-1,-1
246,-1,892.989,861.328,567.581,210.357,0.988,-1,-1,-1
246,-1,1204.356,310.487,147.900,125.629,0.780,-1,-1,-1
246,-1,1000.584,88.956,121.639,37.385,0.539,-1,-1,-1
246,-1,394.062,202.878,69.829,41.231,0.531,-1,-1,-1
246,-1,1815.797,545.560,97.948,169.253,0.222,-1,-1,-1
246,-1,588.983,138.855,162.924,183.043,0.874,-1,-1,-1
246,-1,1201.192,315.138,153.853,122.994,0.282,-1,-1,-1
247,-1,919.453,846.004,524.001,221.139,0.987,-1,-1,-1
247,-1,1203.431,305.029,145.997,124.084,0.715,-1,-1,-1
247,-1,393.959,202.836,70.033,41.365,0.532,-1,-1,-1
247,-1,985.212,90.719,111.962,36.506,0.483,-1,-1,-1
247,-1,583.776,244.748,166.798,85.138,0.212,-1,-1,-1
247,-1,587.081,142.503,161.655,184.905,0.828,-1,-1,-1
247,-1,1198.263,308.419,155.823,125.942,0.351,-1,-1,-1
248,-1,967.575,836.952,473.818,235.847,0.993,-1,-1,-1
248,-1,1198.840,301.006,140.885,120.264,0.801,-1,-1,-1
248,-1,983.478,90.625,93.107,35.775,0.550,-1,-1,-1
248,-1,394.255,203.128,69.894,41.036,0.545,-1,-1,-1
248,-1,589.671,144.164,158.893,183.957,0.764,-1,-1,-1
248,-1,1196.859,304.944,147.204,123.452,0.235,-1,-1,-1
249,-1,992.116,822.316,456.678,251.484,0.996,-1,-1,-1
249,-1,1194.199,297.385,139.381,116.979,0.776,-1,-1,-1
249,-1,394.674,203.094,69.567,40.935,0.541,-1,-1,-1
249,-1,987.868,91.743,66.762,36.327,0.300,-1,-1,-1
249,-1,543.073,202.308,33.870,26.864,0.222,-1,-1,-1
249,-1,586.891,148.535,160.174,185.953,0.703,-1,-1,-1
249,-1,1194.060,298.073,142.460,118.838,0.253,-1,-1,-1
250,-1,1192.061,293.683,136.465,113.592,0.729,-1,-1,-1
250,-1,394.828,203.136,69.267,40.877,0.544,-1,-1,-1
250,-1,976.598,93.321,62.086,33.128,0.541,-1,-1,-1
250,-1,1815.535,546.187,97.855,169.253,0.247,-1,-1,-1
250,-1,585.493,145.642,162.374,193.581,0.700,-1,-1,-1
250,-1,1192.002,294.327,141.089,114.836,0.284,-1,-1,-1
251,-1,1192.147,287.957,137.420,115.921,0.753,-1,-1,-1
251,-1,393.864,203.610,69.752,40.054,0.550,-1,-1,-1
251,-1,581.073,150.433,162.731,191.441,0.692,-1,-1,-1
251,-1,1192.147,287.957,137.420,115.921,0.208,-1,-1,-1
252,-1,1044.257,789.509,395.178,287.818,0.996,-1,-1,-1
252,-1,1179.756,277.666,142.978,119.599,0.695,-1,-1,-1
252,-1,393.667,203.560,69.908,39.878,0.531,-1,-1,-1
252,-1,563.792,146.480,186.739,202.169,0.765,-1,-1,-1
252,-1,1189.282,282.618,146.588,120.663,0.241,-1,-1,-1
253,-1,1061.841,792.865,390.835,282.988,0.996,-1,-1,-1
253,-1,1181.454,273.947,138.790,115.915,0.752,-1,-1,-1
253,-1,393.596,203.939,70.060,39.357,0.552,-1,-1,-1
253,-1,562.680,150.707,184.901,205.596,0.762,-1,-1,-1
254,-1,1070.394,780.372,381.805,288.777,0.994,-1,-1,-1
254,-1,1180.582,271.757,136.360,113.686,0.774,-1,-1,-1
254,-1,393.578,203.738,69.841,39.366,0.544,-1,-1,-1
254,-1,566.287,158.845,173.668,199.559,0.760,-1,-1,-1
254,-1,1179.170,273.990,135.590,114.264,0.209,-1,-1,-1
255,-1,1069.259,759.566,377.227,300.009,0.996,-1,-1,-1
255,-1,1179.163,267.056,132.799,109.705,0.860,-1,-1,-1
255,-1,393.339,203.875,70.172,39.537,0.546,-1,-1,-1
255,-1,561.501,159.307,174.122,203.515,0.799,-1,-1,-1
256,-1,1079.938,748.406,366.131,290.966,0.993,-1,-1,-1
256,-1,1179.027,263.114,129.970,107.141,0.804,-1,-1,-1
256,-1,393.440,203.863,70.140,39.625,0.546,-1,-1,-1
256,-1,1823.725,544.155,91.429,175.934,0.225,-1,-1,-1
256,-1,536.780,160.709,203.362,203.704,0.859,-1,-1,-1
256,-1,1176.151,263.196,133.438,107.830,0.201,-1,-1,-1
257,-1,1085.358,756.169,358.098,262.098,0.988,-1,-1,-1
257,-1,1172.640,259.517,127.405,105.237,0.810,-1,-1,-1
257,-1,393.532,203.565,70.100,39.843,0.536,-1,-1,-1
257,-1,549.570,160.665,193.384,199.229,0.787,-1,-1,-1
258,-1,1086.563,741.365,356.606,259.747,0.992,-1,-1,-1
258,-1,1168.725,261.879,129.383,101.549,0.914,-1,-1,-1
258,-1,393.316,203.525,69.967,39.898,0.527,-1,-1,-1
258,-1,536.951,161.814,198.299,206.870,0.832,-1,-1,-1
259,-1,1093.951,723.638,346.236,267.878,0.989,-1,-1,-1
259,-1,1168.597,255.501,125.789,103.169,0.867,-1,-1,-1
259,-1,393.559,203.760,69.714,39.837,0.529,-1,-1,-1
259,-1,532.373,165.366,204.042,204.145,0.821,-1,-1,-1
260,-1,1101.157,712.280,331.062,262.827,0.984,-1,-1,-1
260,-1,1164.085,250.601,128.116,104.070,0.774,-1,-1,-1
260,-1,393.409,203.763,69.970,39.976,0.520,-1,-1,-1
260,-1,1424.737,72.291,64.755,50.192,0.313,-1,-1,-1
260,-1,1824.277,545.532,90.535,174.567,0.225,-1,-1,-1
260,-1,532.645,170.719,201.874,202.391,0.806,-1,-1,-1
260,-1,1165.406,248.482,127.151,105.585,0.290,-1,-1,-1
261,-1,1094.618,707.208,346.273,249.858,0.979,-1,-1,-1
261,-1,1159.950,243.011,126.792,102.635,0.787,-1,-1,-1
261,-1,392.644,203.239,70.364,40.932,0.492,-1,-1,-1
261,-1,1416.997,71.101,69.397,50.712,0.434,-1,-1,-1
261,-1,1825.074,546.847,90.037,173.792,0.237,-1,-1,-1
261,-1,537.940,168.275,199.489,209.828,0.854,-1,-1,-1
261,-1,1161.285,245.605,126.354,105.243,0.208,-1,-1,-1
262,-1,1097.464,697.642,335.471,243.751,0.979,-1,-1,-1
262,-1,1156.212,238.893,125.064,100.856,0.717,-1,-1,-1
262,-1,393.248,203.483,69.957,40.608,0.491,-1,-1,-1
262,-1,1400.156,70.340,70.880,52.482,0.404,-1,-1,-1
262,-1,1825.115,546.858,90.101,173.686,0.236,-1,-1,-1
262,-1,532.249,172.197,207.050,209.752,0.940,-1,-1,-1
262,-1,1157.007,239.543,126.786,103.428,0.254,-1,-1,-1
263,-1,1086.849,685.257,328.896,245.089,0.988,-1,-1,-1
263,-1,1155.573,235.739,122.290,100.737,0.750,-1,-1,-1
263,-1,1392.962,67.617,80.155,59.419,0.551,-1,-1,-1
263,-1,392.937,203.189,70.786,40.896,0.486,-1,-1,-1
263,-1,1824.728,546.597,90.862,173.988,0.227,-1,-1,-1
263,-1,529.405,176.124,207.954,216.606,0.935,-1,-1,-1
263,-1,1155.966,235.201,124.511,103.923,0.216,-1,-1,-1
264,-1,1087.543,680.116,318.849,240.270,0.991,-1,-1,-1
264,-1,1383.778,70.002,81.892,56.380,0.659,-1,-1,-1
264,-1,1154.201,233.377,119.391,98.284,0.629,-1,-1,-1
264,-1,393.031,203.450,70.222,40.428,0.488,-1,-1,-1
264,-1,1825.494,546.836,89.765,173.882,0.218,-1,-1,-1
264,-1,526.114,174.460,207.694,221.347,0.953,-1,-1,-1
264,-1,1155.473,231.730,121.179,101.711,0.230,-1,-1,-1
265,-1,1093.044,669.506,306.133,230.046,0.996,-1,-1,-1
265,-1,1149.954,232.191,121.551,95.796,0.615,-1,-1,-1
265,-1,1372.606,69.418,84.679,59.091,0.602,-1,-1,-1
265,-1,393.352,203.068,70.560,40.877,0.483,-1,-1,-1
265,-1,1824.995,547.489,90.458,173.914,0.237,-1,-1,-1
265,-1,526.561,170.363,208.936,232.037,0.951,-1,-1,-1
266,-1,1087.027,653.412,308.418,236.410,0.991,-1,-1,-1
266,-1,1369.342,70.555,76.129,57.060,0.561,-1,-1,-1
266,-1,393.257,203.236,70.878,41.168,0.507,-1,-1,-1
266,-1,1141.194,222.651,115.015,98.204,0.469,-1,-1,-1
266,-1,1824.911,547.765,90.327,174.086,0.233,-1,-1,-1
266,-1,517.303,174.823,220.311,228.882,0.939,-1,-1,-1
267,-1,1089.218,647.587,297.958,226.974,0.995,-1,-1,-1
267,-1,1364.098,72.126,73.952,56.371,0.724,-1,-1,-1
267,-1,393.159,203.322,70.867,40.997,0.501,-1,-1,-1
267,-1,1139.569,218.838,116.682,101.603,0.371,-1,-1,-1
267,-1,1825.233,547.972,89.824,173.880,0.245,-1,-1,-1
267,-1,511.544,179.284,224.622,225.396,0.955,-1,-1,-1
268,-1,1086.664,641.510,292.499,222.432,0.996,-1,-1,-1
268,-1,1359.006,74.708,69.308,54.571,0.746,-1,-1,-1
268,-1,1135.997,213.314,119.371,102.062,0.538,-1,-1,-1
268,-1,393.034,202.917,71.445,41.536,0.492,-1,-1,-1
268,-1,1824.945,547.901,90.624,173.640,0.228,-1,-1,-1
268,-1,510.854,186.917,224.432,222.493,0.918,-1,-1,-1
269,-1,1083.876,633.119,291.190,218.250,0.997,-1,-1,-1
269,-1,1136.534,211.593,114.987,98.132,0.625,-1,-1,-1
269,-1,1346.160,73.638,75.824,53.459,0.616,-1,-1,-1
269,-1,392.589,202.933,71.620,41.555,0.489,-1,-1,-1
269,-1,1824.997,547.831,90.674,173.796,0.230,-1,-1,-1
269,-1,509.954,193.483,234.114,225.966,0.945,-1,-1,-1
270,-1,1080.521,622.456,288.162,218.684,0.996,-1,-1,-1
270,-1,1133.303,208.982,114.517,96.322,0.631,-1,-1,-1
270,-1,1337.219,74.726,74.903,58.954,0.507,-1,-1,-1
270,-1,392.673,202.795,71.961,41.839,0.490,-1,-1,-1
270,-1,849.432,72.964,82.506,45.295,0.312,-1,-1,-1
270,-1,1824.866,547.584,90.749,173.972,0.243,-1,-1,-1
270,-1,507.248,194.281,236.816,232.708,0.918,-1,-1,-1
271,-1,1078.038,612.879,278.000,218.094,0.987,-1,-1,-1
271,-1,1337.180,78.591,65.741,45.615,0.676,-1,-1,-1
271,-1,1134.603,205.228,109.375,97.031,0.640,-1,-1,-1
271,-1,392.313,202.943,73.479,42.333,0.544,-1,-1,-1
271,-1,504.075,196.000,233.244,233.896,0.920,-1,-1,-1
272,-1,1078.983,604.616,273.403,213.471,0.995,-1,-1,-1
272,-1,1130.535,201.192,113.065,100.807,0.578,-1,-1,-1
272,-1,1323.201,71.332,73.641,69.262,0.550,-1,-1,-1
272,-1,392.515,203.340,72.660,41.650,0.549,-1,-1,-1
272,-1,876.154,71.551,69.845,44.287,0.289,-1,-1,-1
272,-1,1823.365,544.521,91.886,176.867,0.208,-1,-1,-1
272,-1,498.495,199.731,236.533,234.959,0.960,-1,-1,-1
273,-1,1071.767,597.607,270.902,205.864,0.992,-1,-1,-1
273,-1,1128.836,198.449,112.269,96.846,0.685,-1,-1,-1
273,-1,392.918,203.314,72.323,41.777,0.552,-1,-1,-1
273,-1,1316.859,76.013,72.024,66.384,0.469,-1,-1,-1
273,-1,1823.322,544.675,92.035,176.212,0.212,-1,-1,-1
273,-1,881.071,70.163,67.482,45.348,0.201,-1,-1,-1
273,-1,497.522,200.433,240.921,239.024,0.958,-1,-1,-1
274,-1,1073.518,595.528,253.212,201.496,0.987,-1,-1,-1
274,-1,1131.707,196.859,106.658,94.322,0.697,-1,-1,-1
274,-1,393.469,203.519,71.825,41.127,0.559,-1,-1,-1
274,-1,1307.869,75.113,68.898,67.367,0.491,-1,-1,-1
274,-1,1823.448,544.720,91.950,176.208,0.221,-1,-1,-1
274,-1,495.295,204.008,242.248,236.871,0.948,-1,-1,-1
275,-1,1064.791,588.781,254.628,196.347,0.982,-1,-1,-1
275,-1,1129.189,195.414,108.712,90.601,0.638,-1,-1,-1
275,-1,1299.862,77.317,70.058,61.784,0.624,-1,-1,-1
275,-1,392.880,203.544,72.412,40.956,0.559,-1,-1,-1
275,-1,963.945,89.115,44.742,39.290,0.270,-1,-1,-1
275,-1,1823.429,544.047,91.963,176.834,0.204,-1,-1,-1
275,-1,490.203,206.060,244.128,243.961,0.903,-1,-1,-1
276,-1,1061.520,580.297,254.820,191.160,0.992,-1,-1,-1
276,-1,1289.754,80.466,83.668,61.238,0.657,-1,-1,-1
276,-1,1128.767,188.722,110.088,96.570,0.645,-1,-1,-1
276,-1,393.239,203.800,71.995,40.475,0.554,-1,-1,-1
276,-1,975.440,86.666,49.673,43.568,0.378,-1,-1,-1
276,-1,489.768,203.540,247.234,257.787,0.767,-1,-1,-1
277,-1,1061.883,572.170,249.401,191.930,0.992,-1,-1,-1
277,-1,1130.054,185.267,108.807,95.332,0.702,-1,-1,-1
277,-1,1285.484,79.796,64.983,57.183,0.597,-1,-1,-1
277,-1,393.494,204.200,71.334,40.132,0.553,-1,-1,-1
277,-1,977.354,85.119,53.398,48.009,0.507,-1,-1,-1
277,-1,922.217,68.396,104.786,64.944,0.287,-1,-1,-1
277,-1,472.003,211.547,234.516,252.882,0.897,-1,-1,-1
278,-1,1062.650,568.670,237.667,184.892,0.993,-1,-1,-1
278,-1,1274.826,79.972,70.386,61.492,0.677,-1,-1,-1
278,-1,1130.547,182.805,109.136,94.075,0.612,-1,-1,-1
278,-1,393.157,204.105,72.299,40.458,0.539,-1,-1,-1
278,-1,974.630,80.336,65.787,51.603,0.404,-1,-1,-1
278,-1,469.299,221.225,231.027,250.481,0.960,-1,-1,-1
278,-1,941.135,66.102,94.308,66.602,0.202,-1,-1,-1
279,-1,1060.235,562.033,233.321,180.897,0.993,-1,-1,-1
279,-1,1257.929,81.778,88.191,60.492,0.741,-1,-1,-1
279,-1,1132.868,179.765,107.861,91.305,0.715,-1,-1,-1
279,-1,953.173,68.057,94.824,60.766,0.596,-1,-1,-1
279,-1,393.770,204.144,71.642,40.056,0.534,-1,-1,-1
279,-1,463.847,221.453,233.858,255.983,0.973,-1,-1,-1
280,-1,1054.233,551.416,236.358,180.915,0.988,-1,-1,-1
280,-1,1247.988,83.870,92.150,58.426,0.783,-1,-1,-1
280,-1,961.479,65.349,97.826,63.145,0.719,-1,-1,-1
280,-1,1135.679,179.218,107.246,87.752,0.677,-1,-1,-1
280,-1,393.407,203.878,71.915,40.636,0.537,-1,-1,-1
280,-1,458.079,226.969,240.223,251.751,0.977,-1,-1,-1
281,-1,1058.297,545.657,222.771,177.161,0.978,-1,-1,-1
281,-1,1233.030,85.857,94.593,58.723,0.858,-1,-1,-1
281,-1,968.080,64.808,99.164,63.507,0.713,-1,-1,-1
281,-1,1138.514,177.827,106.851,87.840,0.663,-1,-1,-1
281,-1,392.486,204.214,71.560,40.010,0.528,-1,-1,-1
281,-1,1825.383,546.513,90.609,172.855,0.259,-1,-1,-1
281,-1,445.610,234.084,250.106,247.345,0.964,-1,-1,-1
282,-1,1055.766,538.503,218.449,177.160,0.986,-1,-1,-1
282,-1,1225.648,86.793,93.809,58.766,0.842,-1,-1,-1
282,-1,974.727,65.398,102.410,65.274,0.792,-1,-1,-1
282,-1,1143.796,173.421,103.623,87.458,0.704,-1,-1,-1
282,-1,393.294,204.422,69.291,39.625,0.521,-1,-1,-1
282,-1,1825.680,546.710,90.363,172.632,0.255,-1,-1,-1
282,-1,441.065,236.056,252.622,249.340,0.981,-1,-1,-1
283,-1,1054.818,538.565,213.732,165.704,0.981,-1,-1,-1
283,-1,977.588,65.778,106.238,64.672,0.797,-1,-1,-1
283,-1,1217.120,88.146,90.881,59.066,0.723,-1,-1,-1
283,-1,1144.513,170.000,107.750,89.520,0.594,-1,-1,-1
283,-1,393.048,204.286,69.472,39.727,0.520,-1,-1,-1
283,-1,1825.838,547.046,90.052,172.332,0.251,-1,-1,-1
283,-1,436.457,242.324,251.686,258.703,0.970,-1,-1,-1
284,-1,1053.134,532.859,212.543,163.381,0.983,-1,-1,-1
284,-1,985.530,65.404,108.529,66.137,0.764,-1,-1,-1
284,-1,1149.122,168.509,110.396,87.480,0.681,-1,-1,-1
284,-1,1208.087,89.288,87.531,57.413,0.632,-1,-1,-1
284,-1,393.017,204.006,69.983,40.365,0.510,-1,-1,-1
284,-1,1825.677,546.817,90.240,172.348,0.263,-1,-1,-1
284,-1,431.612,245.888,254.540,260.328,0.963,-1,-1,-1
285,-1,1052.848,522.449,213.754,163.695,0.968,-1,-1,-1
285,-1,993.518,64.104,107.278,69.009,0.747,-1,-1,-1
285,-1,1193.602,89.418,90.255,61.209,0.731,-1,-1,-1
285,-1,1153.324,165.175,110.933,89.213,0.719,-1,-1,-1
285,-1,393.012,203.973,69.972,40.109,0.509,-1,-1,-1
285,-1,1826.491,546.869,89.842,172.706,0.242,-1,-1,-1
285,-1,431.381,244.480,254.039,270.431,0.947,-1,-1,-1
286,-1,1055.772,518.248,201.284,157.498,0.971,-1,-1,-1
286,-1,1157.144,160.967,111.542,90.747,0.764,-1,-1,-1
286,-1,1006.472,65.939,100.375,68.334,0.717,-1,-1,-1
286,-1,1184.954,88.927,88.272,63.782,0.710,-1,-1,-1
286,-1,393.255,203.888,69.690,39.901,0.506,-1,-1,-1
286,-1,1826.131,546.407,89.993,172.788,0.240,-1,-1,-1
286,-1,429.153,244.745,254.204,278.983,0.884,-1,-1,-1
287,-1,1054.837,511.910,198.825,154.902,0.966,-1,-1,-1
287,-1,1174.015,90.418,90.926,63.761,0.848,-1,-1,-1
287,-1,1163.239,159.258,110.506,90.309,0.773,-1,-1,-1
287,-1,1012.438,66.618,101.659,68.392,0.718,-1,-1,-1
287,-1,392.978,203.969,69.743,40.104,0.492,-1,-1,-1
287,-1,1825.857,546.721,90.056,172.616,0.238,-1,-1,-1
287,-1,414.731,238.959,260.504,293.140,0.865,-1,-1,-1
288,-1,1054.961,504.870,197.047,157.896,0.959,-1,-1,-1
288,-1,1160.051,92.818,91.075,63.809,0.906,-1,-1,-1
288,-1,1167.411,162.766,111.785,83.014,0.793,-1,-1,-1
288,-1,1021.230,67.610,99.071,66.909,0.784,-1,-1,-1
288,-1,393.124,203.898,69.969,40.420,0.501,-1,-1,-1
288,-1,1826.048,546.842,90.284,172.782,0.233,-1,-1,-1
288,-1,423.342,267.553,253.560,266.790,0.835,-1,-1,-1
289,-1,1043.927,499.360,204.598,154.315,0.942,-1,-1,-1
289,-1,1150.432,95.368,91.734,63.050,0.864,-1,-1,-1
289,-1,1174.070,162.312,108.906,78.912,0.746,-1,-1,-1
289,-1,1030.442,69.229,95.285,64.367,0.682,-1,-1,-1
289,-1,392.878,204.289,70.156,39.805,0.507,-1,-1,-1
289,-1,1826.037,546.779,89.701,173.136,0.260,-1,-1,-1
289,-1,407.791,249.387,258.166,295.712,0.863,-1,-1,-1
290,-1,1053.637,490.866,196.304,157.636,0.950,-1,-1,-1
290,-1,1134.060,97.935,94.766,61.374,0.916,-1,-1,-1
290,-1,1180.173,157.476,114.883,83.419,0.776,-1,-1,-1
290,-1,1043.710,73.824,83.961,64.955,0.644,-1,-1,-1
290,-1,392.873,204.172,69.582,39.965,0.503,-1,-1,-1
290,-1,1826.138,546.603,89.573,173.442,0.260,-1,-1,-1
290,-1,399.774,255.548,261.930,297.168,0.846,-1,-1,-1
291,-1,1043.088,483.382,201.198,155.973,0.978,-1,-1,-1
291,-1,1189.488,156.137,113.946,81.856,0.881,-1,-1,-1
291,-1,1122.606,100.124,94.282,61.620,0.845,-1,-1,-1
291,-1,1043.657,73.160,88.241,65.239,0.646,-1,-1,-1
291,-1,393.689,204.290,68.233,39.917,0.514,-1,-1,-1
291,-1,1823.847,546.032,91.846,174.668,0.256,-1,-1,-1
291,-1,397.295,258.079,256.998,304.130,0.824,-1,-1,-1
292,-1,1042.021,473.908,205.307,156.616,0.973,-1,-1,-1
292,-1,1102.242,99.731,97.683,63.072,0.881,-1,-1,-1
292,-1,1197.255,152.219,116.354,82.259,0.811,-1,-1,-1
292,-1,1050.321,74.681,88.119,64.993,0.542,-1,-1,-1
292,-1,393.944,204.258,67.923,39.858,0.518,-1,-1,-1
292,-1,1823.967,546.145,91.802,174.365,0.260,-1,-1,-1
292,-1,395.250,259.768,262.927,305.421,0.913,-1,-1,-1
293,-1,1043.286,465.817,191.613,154.046,0.962,-1,-1,-1
293,-1,1081.395,90.626,104.994,72.933,0.864,-1,-1,-1
293,-1,1207.501,149.692,111.400,79.298,0.771,-1,-1,-1
293,-1,1056.186,75.232,95.570,66.950,0.527,-1,-1,-1
293,-1,392.885,203.992,69.066,40.296,0.513,-1,-1,-1
293,-1,386.799,269.270,264.575,302.777,0.934,-1,-1,-1
294,-1,1043.335,459.384,181.023,155.343,0.973,-1,-1,-1
294,-1,1065.839,88.366,104.790,82.461,0.918,-1,-1,-1
294,-1,1218.473,144.843,111.787,83.593,0.695,-1,-1,-1
294,-1,392.758,203.859,69.439,40.520,0.520,-1,-1,-1
294,-1,1066.311,75.975,72.575,42.248,0.259,-1,-1,-1
294,-1,378.191,271.335,268.687,306.836,0.935,-1,-1,-1
294,-1,1214.593,138.754,154.594,87.996,0.289,-1,-1,-1
295,-1,1044.570,455.154,182.323,147.981,0.986,-1,-1,-1
295,-1,1061.077,87.106,97.416,83.232,0.784,-1,-1,-1
295,-1,1227.815,143.161,110.652,84.707,0.576,-1,-1,-1
295,-1,392.600,203.975,69.579,40.341,0.540,-1,-1,-1
295,-1,375.284,275.162,265.023,308.162,0.894,-1,-1,-1
295,-1,1226.077,139.551,147.231,84.735,0.233,-1,-1,-1
296,-1,1044.476,450.302,188.891,144.072,0.982,-1,-1,-1
296,-1,1040.942,93.717,102.326,80.455,0.847,-1,-1,-1
296,-1,1236.953,142.052,114.397,80.666,0.661,-1,-1,-1
296,-1,392.537,203.943,69.776,40.523,0.544,-1,-1,-1
296,-1,368.197,285.245,274.545,309.663,0.928,-1,-1,-1
297,-1,1048.230,443.479,190.656,142.896,0.978,-1,-1,-1
297,-1,1029.987,101.345,103.128,73.111,0.806,-1,-1,-1
297,-1,1244.044,139.950,111.915,81.424,0.753,-1,-1,-1
297,-1,1057.036,78.415,99.067,81.277,0.545,-1,-1,-1
297,-1,392.615,203.628,69.537,40.925,0.521,-1,-1,-1
297,-1,369.523,287.466,269.779,318.783,0.920,-1,-1,-1
298,-1,1051.381,437.692,182.416,142.832,0.960,-1,-1,-1
298,-1,1012.497,111.172,96.926,68.759,0.908,-1,-1,-1
298,-1,1254.336,138.051,110.887,82.506,0.654,-1,-1,-1
298,-1,392.857,203.531,69.697,41.087,0.522,-1,-1,-1
298,-1,1075.930,79.004,79.976,69.697,0.444,-1,-1,-1
298,-1,366.362,293.517,275.797,320.688,0.881,-1,-1,-1
299,-1,1058.327,434.992,170.656,138.806,0.971,-1,-1,-1
299,-1,1003.848,114.332,97.347,66.910,0.822,-1,-1,-1
299,-1,1262.818,133.304,110.884,83.370,0.778,-1,-1,-1
299,-1,392.227,203.964,69.750,40.808,0.538,-1,-1,-1
299,-1,1075.536,79.662,79.079,67.278,0.486,-1,-1,-1
299,-1,360.068,295.018,279.061,323.549,0.948,-1,-1,-1
300,-1,1060.834,427.376,170.237,135.868,0.987,-1,-1,-1
300,-1,983.752,117.087,99.007,68.254,0.929,-1,-1,-1
300,-1,1275.732,130.335,110.006,83.262,0.687,-1,-1,-1
300,-1,392.520,203.803,69.262,40.919,0.529,-1,-1,-1
300,-1,1075.548,79.952,79.134,67.018,0.517,-1,-1,-1
300,-1,354.579,284.350,278.546,344.934,0.926,-1,-1,-1
301,-1,1065.003,418.872,175.667,136.321,0.984,-1,-1,-1
301,-1,970.466,116.590,98.335,70.270,0.803,-1,-1,-1
301,-1,1282.649,125.301,110.152,87.476,0.674,-1,-1,-1
301,-1,1077.368,80.393,79.264,66.220,0.541,-1,-1,-1
301,-1,392.576,203.334,70.493,41.197,0.527,-1,-1,-1
301,-1,353.527,289.885,279.737,347.904,0.883,-1,-1,-1
301,-1,1283.997,126.792,111.680,87.497,0.222,-1,-1,-1
302,-1,1068.207,408.688,175.729,136.546,0.986,-1,-1,-1
302,-1,951.110,121.284,105.555,68.380,0.932,-1,-1,-1
302,-1,1075.993,81.741,80.551,67.761,0.561,-1,-1,-1
302,-1,391.701,203.716,71.268,40.814,0.540,-1,-1,-1
302,-1,1296.382,125.887,93.408,83.788,0.297,-1,-1,-1
302,-1,343.241,304.053,295.687,340.023,0.942,-1,-1,-1
302,-1,1307.562,97.444,177.079,115.403,0.349,-1,-1,-1
302,-1,1298.155,126.189,91.310,80.423,0.241,-1,-1,-1
303,-1,1076.121,409.866,170.195,131.512,0.985,-1,-1,-1
303,-1,940.373,122.221,104.383,69.377,0.902,-1,-1,-1
303,-1,391.771,203.731,71.014,40.636,0.538,-1,-1,-1
303,-1,1075.710,81.963,81.061,68.868,0.459,-1,-1,-1
303,-1,1302.875,118.042,115.036,88.453,0.333,-1,-1,-1
303,-1,332.705,301.929,301.671,347.454,0.890,-1,-1,-1
303,-1,1314.156,93.434,170.827,116.287,0.380,-1,-1,-1
303,-1,1302.875,118.042,115.036,88.453,0.231,-1,-1,-1
304,-1,1078.994,404.710,174.780,126.968,0.990,-1,-1,-1
304,-1,923.091,123.568,103.234,70.886,0.948,-1,-1,-1
304,-1,1072.609,83.034,83.524,68.934,0.580,-1,-1,-1
304,-1,391.934,203.642,70.589,40.879,0.541,-1,-1,-1
304,-1,1315.357,122.257,114.247,81.557,0.298,-1,-1,-1
304,-1,331.149,317.046,305.771,338.123,0.938,-1,-1,-1
304,-1,1320.801,93.182,166.235,112.795,0.541,-1,-1,-1
305,-1,1083.475,399.839,176.346,126.646,0.990,-1,-1,-1
305,-1,907.493,126.895,106.966,70.103,0.921,-1,-1,-1
305,-1,392.264,203.555,70.449,40.993,0.537,-1,-1,-1
305,-1,1072.031,83.630,83.119,67.919,0.526,-1,-1,-1
305,-1,1328.233,126.182,108.974,74.006,0.260,-1,-1,-1
305,-1,325.656,316.416,315.711,351.272,0.939,-1,-1,-1
305,-1,1326.625,121.573,114.216,80.118,0.400,-1,-1,-1
305,-1,1320.247,70.866,163.996,125.144,0.225,-1,-1,-1
306,-1,1090.666,392.055,174.325,127.800,0.992,-1,-1,-1
306,-1,889.867,130.343,111.148,68.347,0.949,-1,-1,-1
306,-1,1337.671,126.912,105.406,72.066,0.642,-1,-1,-1
306,-1,1071.105,85.394,80.918,72.135,0.605,-1,-1,-1
306,-1,391.905,203.341,71.104,41.312,0.545,-1,-1,-1
306,-1,323.126,324.590,319.487,347.439,0.964,-1,-1,-1
306,-1,1326.256,106.801,145.880,93.997,0.322,-1,-1,-1
307,-1,1103.549,381.798,172.220,126.531,0.991,-1,-1,-1
307,-1,878.568,132.343,104.363,69.194,0.875,-1,-1,-1
307,-1,1349.173,123.385,103.406,74.584,0.656,-1,-1,-1
307,-1,1071.106,85.117,78.092,72.312,0.641,-1,-1,-1
307,-1,391.910,203.513,70.538,41.100,0.538,-1,-1,-1
307,-1,306.414,328.685,336.889,345.699,0.980,-1,-1,-1
307,-1,1342.029,121.618,113.577,78.214,0.240,-1,-1,-1
308,-1,1115.602,377.864,165.902,122.444,0.955,-1,-1,-1
308,-1,865.611,131.092,107.181,76.652,0.922,-1,-1,-1
308,-1,1347.987,120.237,117.891,76.087,0.735,-1,-1,-1
308,-1,1067.306,85.156,79.947,73.909,0.708,-1,-1,-1
308,-1,391.638,203.600,70.775,41.049,0.541,-1,-1,-1
308,-1,305.538,336.753,339.334,346.083,0.988,-1,-1,-1
308,-1,1346.380,109.534,136.563,88.215,0.352,-1,-1,-1
309,-1,1119.047,372.788,170.006,121.269,0.986,-1,-1,-1
309,-1,852.788,132.070,103.954,75.568,0.877,-1,-1,-1
309,-1,1062.568,85.299,83.443,74.531,0.760,-1,-1,-1
309,-1,1358.694,118.637,107.977,73.336,0.605,-1,-1,-1
309,-1,391.546,203.364,71.197,41.342,0.537,-1,-1,-1
309,-1,301.216,339.983,340.171,350.622,0.993,-1,-1,-1
309,-1,1357.376,106.685,130.207,90.104,0.257,-1,-1,-1
310,-1,1126.027,368.135,173.385,120.458,0.987,-1,-1,-1
310,-1,835.235,132.712,109.796,75.756,0.901,-1,-1,-1
310,-1,1369.057,115.865,104.200,76.522,0.784,-1,-1,-1
310,-1,1058.690,87.362,83.825,74.909,0.758,-1,-1,-1
310,-1,391.865,203.349,71.193,41.375,0.540,-1,-1,-1
310,-1,287.900,343.773,356.021,353.707,0.996,-1,-1,-1
