1,-1,284.623,548.010,256.202,182.784,0.444,-1,-1,-1
1,-1,943.597,209.835,128.635,104.100,0.441,-1,-1,-1
1,-1,1823.824,553.562,88.438,150.267,0.212,-1,-1,-1
2,-1,312.076,567.289,241.968,174.533,0.999,-1,-1,-1
2,-1,954.434,216.963,118.215,101.840,0.991,-1,-1,-1
2,-1,384.911,209.174,91.647,40.937,0.226,-1,-1,-1
3,-1,308.390,570.815,241.254,180.804,0.999,-1,-1,-1
3,-1,954.819,213.799,118.496,100.100,0.990,-1,-1,-1
4,-1,303.603,575.802,240.473,184.175,0.999,-1,-1,-1
4,-1,955.037,210.772,119.994,99.576,0.990,-1,-1,-1
5,-1,293.943,581.383,242.491,186.398,0.999,-1,-1,-1
5,-1,956.043,207.523,118.960,100.178,0.990,-1,-1,-1
6,-1,283.712,584.365,246.815,189.063,0.999,-1,-1,-1
6,-1,957.402,204.619,116.361,101.027,0.991,-1,-1,-1
7,-1,275.655,586.085,250.630,191.582,0.999,-1,-1,-1
7,-1,958.436,201.524,114.524,101.338,0.984,-1,-1,-1
8,-1,268.419,597.444,257.349,191.695,0.998,-1,-1,-1
8,-1,959.623,200.114,112.445,101.162,0.983,-1,-1,-1
9,-1,265.693,600.042,253.832,191.698,0.999,-1,-1,-1
9,-1,960.921,198.914,110.804,101.132,0.973,-1,-1,-1
10,-1,259.533,605.007,255.623,192.484,0.999,-1,-1,-1
10,-1,961.067,193.299,113.146,92.795,0.975,-1,-1,-1
11,-1,255.035,609.951,255.928,195.427,0.999,-1,-1,-1
11,-1,963.040,192.011,112.743,92.804,0.981,-1,-1,-1
12,-1,247.242,617.151,262.695,196.511,0.998,-1,-1,-1
12,-1,965.317,191.665,113.645,91.681,0.989,-1,-1,-1
13,-1,234.082,625.237,262.275,192.954,0.996,-1,-1,-1
13,-1,967.601,190.633,112.501,89.268,0.982,-1,-1,-1
14,-1,230.561,631.591,263.592,192.672,0.998,-1,-1,-1
14,-1,970.566,189.581,110.458,88.731,0.983,-1,-1,-1
15,-1,226.554,635.353,265.282,196.284,0.999,-1,-1,-1
15,-1,972.508,187.161,108.461,88.152,0.981,-1,-1,-1
16,-1,217.851,639.677,274.647,198.924,0.999,-1,-1,-1
16,-1,974.430,185.013,107.951,88.383,0.983,-1,-1,-1
17,-1,207.815,643.615,283.869,201.540,0.999,-1,-1,-1
17,-1,975.860,181.733,107.982,88.661,0.981,-1,-1,-1
18,-1,197.792,647.254,291.577,202.887,0.999,-1,-1,-1
18,-1,977.150,179.540,108.300,88.345,0.977,-1,-1,-1
19,-1,188.568,648.991,295.635,206.417,0.998,-1,-1,-1
19,-1,984.602,178.104,104.236,88.606,0.968,-1,-1,-1
20,-1,180.943,649.189,298.827,211.501,0.997,-1,-1,-1
20,-1,986.997,176.858,100.910,88.283,0.970,-1,-1,-1
21,-1,166.447,656.000,307.029,226.497,0.998,-1,-1,-1
21,-1,989.701,174.114,98.150,90.785,0.975,-1,-1,-1
22,-1,159.305,658.953,309.739,228.598,0.998,-1,-1,-1
22,-1,992.631,172.117,97.299,91.143,0.985,-1,-1,-1
22,-1,384.626,210.072,88.976,39.888,0.206,-1,-1,-1
23,-1,152.569,664.115,312.769,227.722,0.998,-1,-1,-1
23,-1,995.586,169.305,97.804,93.344,0.985,-1,-1,-1
24,-1,151.141,669.086,309.691,228.258,0.996,-1,-1,-1
24,-1,998.503,168.435,100.510,92.798,0.986,-1,-1,-1
25,-1,152.031,671.122,304.428,231.889,0.989,-1,-1,-1
25,-1,1002.686,167.498,102.919,92.522,0.985,-1,-1,-1
25,-1,0.000,865.266,382.965,214.474,0.924,-1,-1,-1
26,-1,128.886,680.018,310.394,233.548,0.991,-1,-1,-1
26,-1,1007.226,167.928,105.862,89.463,0.984,-1,-1,-1
26,-1,0.000,864.849,380.374,215.108,0.934,-1,-1,-1
27,-1,119.050,683.119,314.793,234.918,0.993,-1,-1,-1
27,-1,1010.143,162.296,109.634,84.331,0.960,-1,-1,-1
28,-1,111.161,687.698,316.093,232.142,0.995,-1,-1,-1
28,-1,1010.952,162.016,114.195,83.933,0.956,-1,-1,-1
29,-1,105.641,691.553,315.308,230.978,0.996,-1,-1,-1
29,-1,1023.365,163.199,104.896,80.738,0.985,-1,-1,-1
30,-1,98.390,695.219,319.322,232.319,0.995,-1,-1,-1
30,-1,1028.395,162.583,104.581,78.473,0.990,-1,-1,-1
31,-1,91.689,698.830,322.856,231.977,0.994,-1,-1,-1
31,-1,1033.585,159.855,107.063,78.857,0.993,-1,-1,-1
31,-1,383.808,209.787,92.033,39.946,0.214,-1,-1,-1
32,-1,83.694,701.676,328.304,231.217,0.994,-1,-1,-1
32,-1,1040.823,155.471,108.516,80.719,0.994,-1,-1,-1
32,-1,383.167,209.420,94.613,40.573,0.229,-1,-1,-1
33,-1,78.069,705.578,330.436,230.261,0.994,-1,-1,-1
33,-1,1045.761,150.722,110.614,84.172,0.992,-1,-1,-1
33,-1,383.261,209.425,94.299,40.832,0.215,-1,-1,-1
34,-1,71.122,706.962,335.228,234.471,0.995,-1,-1,-1
34,-1,1049.369,146.709,111.670,85.987,0.978,-1,-1,-1
34,-1,383.240,209.386,94.170,41.007,0.209,-1,-1,-1
35,-1,63.997,708.335,340.254,237.653,0.993,-1,-1,-1
35,-1,1060.379,147.587,107.869,81.897,0.989,-1,-1,-1
35,-1,383.018,209.263,93.888,40.965,0.219,-1,-1,-1
36,-1,1067.369,146.406,106.082,81.542,0.993,-1,-1,-1
36,-1,41.070,713.928,347.846,225.139,0.989,-1,-1,-1
36,-1,383.113,209.314,93.379,40.951,0.205,-1,-1,-1
37,-1,1074.251,144.252,107.478,83.955,0.993,-1,-1,-1
37,-1,24.376,731.968,376.231,229.727,0.992,-1,-1,-1
38,-1,1080.056,143.239,108.455,84.843,0.993,-1,-1,-1
38,-1,22.177,730.912,374.307,231.105,0.992,-1,-1,-1
39,-1,18.517,731.195,373.776,231.608,0.992,-1,-1,-1
39,-1,1084.053,140.204,110.857,86.797,0.989,-1,-1,-1
40,-1,15.935,731.298,370.536,232.311,0.993,-1,-1,-1
40,-1,1096.570,140.444,105.634,82.934,0.926,-1,-1,-1
41,-1,11.442,731.814,369.651,234.205,0.994,-1,-1,-1
41,-1,1103.457,138.409,102.919,85.032,0.982,-1,-1,-1
42,-1,8.028,732.523,368.367,234.996,0.992,-1,-1,-1
42,-1,1111.724,135.845,102.371,87.283,0.964,-1,-1,-1
43,-1,4.916,733.044,366.448,236.280,0.991,-1,-1,-1
43,-1,1119.479,134.100,103.728,86.489,0.950,-1,-1,-1
44,-1,2.937,736.023,366.070,233.889,0.989,-1,-1,-1
44,-1,1123.906,133.725,106.468,83.719,0.902,-1,-1,-1
45,-1,1.425,737.799,365.625,233.190,0.991,-1,-1,-1
45,-1,1136.380,136.525,103.990,73.559,0.929,-1,-1,-1
46,-1,0.000,738.699,366.166,232.244,0.992,-1,-1,-1
46,-1,1142.956,135.390,103.489,75.634,0.973,-1,-1,-1
47,-1,0.000,739.301,362.176,232.772,0.992,-1,-1,-1
47,-1,1153.977,134.761,102.297,68.356,0.961,-1,-1,-1
48,-1,0.000,740.106,356.936,232.203,0.991,-1,-1,-1
48,-1,1160.090,134.103,103.857,69.263,0.932,-1,-1,-1
49,-1,0.000,741.857,352.785,232.257,0.986,-1,-1,-1
49,-1,1169.165,132.310,116.902,68.056,0.861,-1,-1,-1
50,-1,0.000,742.318,351.324,234.148,0.976,-1,-1,-1
50,-1,1175.210,132.672,111.710,66.846,0.971,-1,-1,-1
51,-1,0.000,743.725,349.323,233.925,0.968,-1,-1,-1
51,-1,1184.368,132.461,108.845,65.337,0.972,-1,-1,-1
52,-1,1191.601,130.856,109.248,65.984,0.961,-1,-1,-1
52,-1,0.000,746.671,346.831,233.436,0.938,-1,-1,-1
53,-1,0.000,747.898,345.463,232.847,0.919,-1,-1,-1
53,-1,1197.903,130.501,106.510,65.222,0.949,-1,-1,-1
54,-1,0.000,750.530,346.368,229.177,0.911,-1,-1,-1
54,-1,1208.116,125.327,106.901,67.342,0.878,-1,-1,-1
55,-1,1213.399,125.801,104.837,65.333,0.955,-1,-1,-1
55,-1,0.000,750.524,347.436,227.057,0.895,-1,-1,-1
56,-1,0.000,753.078,346.206,221.830,0.876,-1,-1,-1
56,-1,1217.762,127.733,102.478,61.233,0.865,-1,-1,-1
57,-1,0.000,754.147,344.907,222.094,0.850,-1,-1,-1
57,-1,1224.091,128.413,100.275,58.541,0.838,-1,-1,-1
58,-1,0.000,756.575,342.937,219.067,0.845,-1,-1,-1
58,-1,1231.504,129.037,93.031,54.176,0.734,-1,-1,-1
59,-1,1243.296,119.059,124.602,63.190,0.747,-1,-1,-1
60,-1,1667.712,771.378,250.737,308.028,0.955,-1,-1,-1
60,-1,0.000,796.748,469.007,282.693,0.210,-1,-1,-1
60,-1,1250.527,117.953,122.271,64.283,0.662,-1,-1,-1
61,-1,1655.266,748.103,264.192,302.813,0.970,-1,-1,-1
61,-1,0.000,791.238,466.059,287.792,0.276,-1,-1,-1
61,-1,1256.555,122.821,94.184,58.039,0.775,-1,-1,-1
62,-1,0.000,789.663,464.249,287.174,0.242,-1,-1,-1
62,-1,1261.333,120.316,94.966,59.944,0.765,-1,-1,-1
63,-1,0.000,789.005,466.118,287.184,0.240,-1,-1,-1
63,-1,1267.070,113.350,115.262,67.812,0.759,-1,-1,-1
64,-1,0.000,791.702,468.885,284.114,0.219,-1,-1,-1
64,-1,1276.589,109.802,114.668,67.978,0.624,-1,-1,-1
65,-1,0.000,797.518,473.487,278.497,0.213,-1,-1,-1
65,-1,1282.827,107.971,112.046,68.375,0.459,-1,-1,-1
66,-1,0.000,801.290,476.231,275.132,0.235,-1,-1,-1
66,-1,1301.753,109.456,81.500,63.364,0.505,-1,-1,-1
67,-1,1575.373,695.571,342.448,265.648,0.997,-1,-1,-1
67,-1,0.000,805.015,479.539,271.268,0.211,-1,-1,-1
67,-1,1306.454,105.833,78.636,67.354,0.552,-1,-1,-1
68,-1,1565.960,693.110,338.475,257.470,0.998,-1,-1,-1
68,-1,0.000,805.038,480.047,270.045,0.832,-1,-1,-1
68,-1,1312.694,105.092,69.304,68.063,0.285,-1,-1,-1
69,-1,1555.402,686.153,332.709,252.220,0.999,-1,-1,-1
69,-1,0.000,802.327,477.778,272.590,0.229,-1,-1,-1
70,-1,1518.256,681.274,342.432,237.944,0.989,-1,-1,-1
70,-1,0.000,800.596,472.226,274.222,0.283,-1,-1,-1
71,-1,1512.058,671.528,335.556,236.783,0.998,-1,-1,-1
71,-1,0.000,800.361,465.810,275.065,0.327,-1,-1,-1
72,-1,1503.847,661.967,323.907,235.006,0.998,-1,-1,-1
72,-1,0.000,799.510,460.097,275.735,0.329,-1,-1,-1
73,-1,1493.253,654.500,318.174,233.428,0.995,-1,-1,-1
73,-1,0.000,797.037,456.103,278.610,0.326,-1,-1,-1
73,-1,1346.654,98.545,77.416,61.339,0.372,-1,-1,-1
74,-1,1480.492,639.915,316.304,228.776,0.997,-1,-1,-1
74,-1,0.000,794.785,454.566,281.408,0.297,-1,-1,-1
74,-1,1348.812,96.748,79.725,63.455,0.492,-1,-1,-1
75,-1,1462.500,641.489,305.210,210.442,0.992,-1,-1,-1
75,-1,0.000,795.367,453.709,282.069,0.257,-1,-1,-1
75,-1,1353.375,96.836,79.630,62.057,0.425,-1,-1,-1
76,-1,1454.165,631.375,303.691,212.195,0.999,-1,-1,-1
76,-1,0.000,795.669,454.788,282.141,0.226,-1,-1,-1
76,-1,1357.711,96.826,76.632,60.874,0.305,-1,-1,-1
77,-1,1443.049,619.759,300.204,214.170,0.999,-1,-1,-1
77,-1,0.000,796.782,456.055,281.639,0.219,-1,-1,-1
77,-1,1370.095,94.548,78.292,63.171,0.529,-1,-1,-1
78,-1,1431.688,612.094,294.927,212.740,0.999,-1,-1,-1
78,-1,0.000,797.223,458.289,281.158,0.222,-1,-1,-1
78,-1,1370.401,94.713,81.267,62.429,0.655,-1,-1,-1
79,-1,1422.017,606.015,289.738,210.201,0.998,-1,-1,-1
79,-1,0.000,797.036,460.576,281.410,0.243,-1,-1,-1
79,-1,1371.502,95.010,87.943,60.634,0.775,-1,-1,-1
80,-1,1401.627,601.335,287.208,198.876,0.996,-1,-1,-1
80,-1,0.000,799.853,463.931,278.531,0.252,-1,-1,-1
80,-1,1377.730,96.115,84.679,57.622,0.609,-1,-1,-1
81,-1,1399.430,594.950,278.883,200.675,0.997,-1,-1,-1
81,-1,0.000,802.710,467.706,275.771,0.253,-1,-1,-1
81,-1,1383.133,97.588,80.301,54.853,0.521,-1,-1,-1
82,-1,1394.320,578.731,266.025,200.977,0.997,-1,-1,-1
82,-1,0.000,806.488,470.157,272.205,0.256,-1,-1,-1
83,-1,1386.256,574.222,257.236,196.847,0.998,-1,-1,-1
83,-1,0.000,806.404,469.810,272.796,0.262,-1,-1,-1
83,-1,1394.458,95.248,69.717,53.745,0.489,-1,-1,-1
84,-1,1374.829,568.409,255.579,191.430,0.997,-1,-1,-1
84,-1,0.000,805.342,468.559,274.053,0.275,-1,-1,-1
85,-1,1367.619,561.782,250.943,187.795,0.997,-1,-1,-1
85,-1,0.000,804.884,467.777,274.796,0.276,-1,-1,-1
86,-1,1362.463,554.401,247.492,186.920,0.995,-1,-1,-1
86,-1,0.000,804.601,470.338,274.476,0.253,-1,-1,-1
87,-1,1348.868,546.550,237.927,177.318,0.997,-1,-1,-1
87,-1,0.000,804.840,470.593,273.920,0.245,-1,-1,-1
88,-1,1343.364,540.178,233.465,173.604,0.998,-1,-1,-1
88,-1,0.000,804.053,472.078,273.814,0.234,-1,-1,-1
89,-1,1338.741,536.680,225.103,168.835,0.993,-1,-1,-1
89,-1,0.000,802.827,468.118,273.939,0.237,-1,-1,-1
90,-1,1328.654,520.367,217.531,174.833,0.995,-1,-1,-1
90,-1,0.000,802.074,467.889,273.199,0.205,-1,-1,-1
91,-1,1320.008,515.775,217.225,173.011,0.996,-1,-1,-1
91,-1,0.000,801.700,466.175,272.637,0.871,-1,-1,-1
92,-1,1311.823,509.205,216.985,173.413,0.996,-1,-1,-1
92,-1,0.000,802.145,468.187,271.866,0.872,-1,-1,-1
93,-1,1305.669,502.146,214.962,173.879,0.994,-1,-1,-1
93,-1,0.000,802.120,468.154,271.488,0.870,-1,-1,-1
94,-1,1290.936,496.662,213.290,171.274,0.980,-1,-1,-1
94,-1,0.000,801.921,469.437,271.407,0.870,-1,-1,-1
95,-1,1290.977,489.359,206.242,168.802,0.987,-1,-1,-1
95,-1,0.000,802.140,469.825,271.270,0.876,-1,-1,-1
96,-1,1288.474,482.534,201.268,165.521,0.985,-1,-1,-1
96,-1,0.000,801.845,470.723,271.873,0.879,-1,-1,-1
97,-1,1287.942,483.641,189.481,146.161,0.990,-1,-1,-1
97,-1,0.000,803.214,470.862,270.017,0.860,-1,-1,-1
98,-1,1285.142,473.945,184.345,149.879,0.987,-1,-1,-1
98,-1,0.000,804.418,474.674,268.613,0.865,-1,-1,-1
99,-1,1272.698,474.725,180.170,137.896,0.921,-1,-1,-1
99,-1,0.000,805.360,476.161,267.388,0.876,-1,-1,-1
100,-1,1266.196,460.725,183.671,140.907,0.992,-1,-1,-1
100,-1,0.000,806.330,473.585,268.952,0.903,-1,-1,-1
101,-1,1264.082,453.666,177.006,139.987,0.995,-1,-1,-1
101,-1,0.000,806.190,469.245,270.222,0.907,-1,-1,-1
102,-1,1260.707,445.715,170.412,139.107,0.995,-1,-1,-1
102,-1,1491.072,686.540,423.083,379.651,0.934,-1,-1,-1
102,-1,0.000,806.674,464.559,271.566,0.903,-1,-1,-1
103,-1,1482.608,674.605,430.846,386.142,0.923,-1,-1,-1
103,-1,1254.523,441.000,170.485,136.397,0.957,-1,-1,-1
103,-1,0.000,805.503,462.890,272.635,0.899,-1,-1,-1
104,-1,1476.741,662.548,435.267,390.904,0.854,-1,-1,-1
104,-1,1248.254,424.371,171.868,143.234,0.979,-1,-1,-1
104,-1,0.000,805.240,461.439,272.839,0.892,-1,-1,-1
105,-1,1233.424,419.394,166.666,136.832,0.995,-1,-1,-1
105,-1,1467.847,646.507,442.255,393.581,0.843,-1,-1,-1
105,-1,0.000,805.505,466.198,272.302,0.890,-1,-1,-1
105,-1,1286.347,87.048,55.246,42.080,0.222,-1,-1,-1
106,-1,1226.424,412.484,165.367,134.873,0.996,-1,-1,-1
106,-1,1457.314,635.900,443.727,390.806,0.870,-1,-1,-1
106,-1,0.000,805.470,471.673,271.693,0.893,-1,-1,-1
106,-1,1284.115,86.952,53.436,41.579,0.240,-1,-1,-1
107,-1,1445.656,627.903,438.661,379.964,0.904,-1,-1,-1
107,-1,1220.138,407.905,164.536,131.119,0.988,-1,-1,-1
107,-1,0.000,805.462,474.081,271.788,0.892,-1,-1,-1
108,-1,1428.377,625.053,443.813,367.143,0.920,-1,-1,-1
108,-1,1196.736,408.685,175.492,120.672,0.938,-1,-1,-1
108,-1,0.000,805.246,471.489,271.680,0.884,-1,-1,-1
109,-1,1190.579,389.778,169.975,129.671,0.997,-1,-1,-1
109,-1,1417.180,622.725,442.802,348.803,0.918,-1,-1,-1
109,-1,0.000,805.615,470.215,271.079,0.877,-1,-1,-1
109,-1,1207.554,92.621,71.481,40.224,0.454,-1,-1,-1
110,-1,1186.885,382.065,162.521,128.777,0.992,-1,-1,-1
110,-1,1392.694,620.127,428.416,332.657,0.962,-1,-1,-1
110,-1,0.000,805.297,470.414,272.056,0.871,-1,-1,-1
110,-1,1196.698,90.140,84.091,42.308,0.548,-1,-1,-1
111,-1,1163.459,377.592,166.132,120.105,0.991,-1,-1,-1
111,-1,1388.713,618.233,415.247,318.401,0.938,-1,-1,-1
111,-1,0.000,804.578,470.166,273.316,0.864,-1,-1,-1
111,-1,1195.149,88.292,84.604,43.668,0.444,-1,-1,-1
112,-1,1156.915,375.848,164.003,116.796,0.991,-1,-1,-1
112,-1,1384.160,588.812,393.992,327.198,0.760,-1,-1,-1
112,-1,0.000,803.047,468.982,275.214,0.858,-1,-1,-1
112,-1,1199.218,86.996,78.832,43.905,0.347,-1,-1,-1
113,-1,1153.746,360.830,152.708,126.101,0.989,-1,-1,-1
113,-1,1375.052,584.484,387.524,325.438,0.690,-1,-1,-1
113,-1,0.000,802.472,466.995,275.025,0.856,-1,-1,-1
113,-1,1205.170,89.109,66.755,40.649,0.294,-1,-1,-1
113,-1,1140.272,84.770,61.124,41.320,0.260,-1,-1,-1
114,-1,1128.296,356.485,160.805,120.871,0.981,-1,-1,-1
114,-1,1357.174,592.333,363.960,289.261,0.442,-1,-1,-1
114,-1,0.000,801.941,466.322,274.909,0.863,-1,-1,-1
114,-1,1126.975,83.035,81.218,43.615,0.558,-1,-1,-1
114,-1,1209.668,89.929,54.034,37.304,0.218,-1,-1,-1
115,-1,1121.931,349.626,158.277,119.432,0.994,-1,-1,-1
115,-1,1353.479,586.676,358.727,286.552,0.609,-1,-1,-1
115,-1,0.000,802.394,466.362,274.392,0.858,-1,-1,-1
115,-1,1117.304,83.697,90.333,42.073,0.655,-1,-1,-1
116,-1,1347.885,574.427,347.072,291.329,0.730,-1,-1,-1
116,-1,1116.589,344.621,153.235,116.706,0.992,-1,-1,-1
116,-1,0.000,801.275,466.177,276.005,0.856,-1,-1,-1
116,-1,1093.202,84.223,80.206,41.452,0.583,-1,-1,-1
116,-1,1169.457,84.900,59.632,40.367,0.201,-1,-1,-1
117,-1,1343.143,563.165,329.533,292.878,0.671,-1,-1,-1
117,-1,1095.035,341.197,157.991,112.610,0.972,-1,-1,-1
117,-1,0.000,799.295,465.468,278.645,0.860,-1,-1,-1
117,-1,1080.601,83.763,89.921,41.812,0.773,-1,-1,-1
118,-1,1090.585,331.179,150.834,115.637,0.981,-1,-1,-1
118,-1,1338.580,555.494,316.485,289.778,0.667,-1,-1,-1
118,-1,0.830,794.706,459.061,283.997,0.876,-1,-1,-1
118,-1,1084.820,83.033,78.055,41.400,0.519,-1,-1,-1
119,-1,1083.715,327.758,147.569,114.026,0.992,-1,-1,-1
119,-1,1326.031,544.532,320.401,271.035,0.333,-1,-1,-1
119,-1,1.491,792.228,456.351,287.549,0.896,-1,-1,-1
119,-1,1041.852,85.298,97.368,39.768,0.718,-1,-1,-1
120,-1,1329.875,543.395,307.185,264.686,0.478,-1,-1,-1
120,-1,1081.032,322.542,142.583,111.353,0.960,-1,-1,-1
120,-1,0.180,791.022,457.656,288.321,0.253,-1,-1,-1
120,-1,1039.995,84.694,91.346,38.322,0.611,-1,-1,-1
121,-1,1058.315,317.505,146.376,105.464,0.995,-1,-1,-1
121,-1,1304.167,535.056,322.903,261.847,0.503,-1,-1,-1
121,-1,0.000,793.812,461.890,283.982,0.295,-1,-1,-1
121,-1,1018.583,88.705,78.282,34.980,0.512,-1,-1,-1
122,-1,1053.028,313.946,141.772,104.196,0.996,-1,-1,-1
122,-1,1302.571,527.551,312.856,261.635,0.603,-1,-1,-1
122,-1,0.000,793.788,462.205,282.011,0.337,-1,-1,-1
122,-1,1018.001,88.292,69.563,33.639,0.466,-1,-1,-1
123,-1,1294.899,517.320,306.012,262.167,0.626,-1,-1,-1
123,-1,1048.342,309.638,136.463,105.933,0.990,-1,-1,-1
123,-1,0.000,792.584,460.085,282.895,0.307,-1,-1,-1
123,-1,983.304,96.239,77.485,34.748,0.596,-1,-1,-1
124,-1,1287.037,507.166,297.114,260.808,0.606,-1,-1,-1
124,-1,1031.601,306.207,141.912,105.237,0.958,-1,-1,-1
124,-1,0.000,790.254,459.221,285.916,0.293,-1,-1,-1
124,-1,982.606,93.959,74.198,35.243,0.710,-1,-1,-1
125,-1,1026.080,296.907,139.034,101.697,0.994,-1,-1,-1
125,-1,1282.897,499.207,286.382,258.379,0.548,-1,-1,-1
125,-1,0.000,791.759,461.282,284.270,0.335,-1,-1,-1
125,-1,984.353,92.844,65.404,35.783,0.595,-1,-1,-1
126,-1,1018.414,291.682,139.301,100.401,0.996,-1,-1,-1
126,-1,1282.473,497.963,276.368,249.642,0.503,-1,-1,-1
126,-1,0.000,797.275,466.167,278.431,0.379,-1,-1,-1
126,-1,983.123,94.118,61.962,35.091,0.459,-1,-1,-1
127,-1,1012.360,285.810,137.411,99.975,0.995,-1,-1,-1
127,-1,1276.549,488.467,279.336,239.017,0.224,-1,-1,-1
127,-1,0.000,802.159,469.912,273.655,0.390,-1,-1,-1
128,-1,1010.869,281.285,132.051,100.085,0.992,-1,-1,-1
128,-1,1278.673,486.339,268.747,233.226,0.852,-1,-1,-1
128,-1,0.000,805.858,472.467,272.484,0.366,-1,-1,-1
129,-1,1000.840,275.526,127.968,102.732,0.992,-1,-1,-1
129,-1,1264.638,484.501,263.232,216.605,0.910,-1,-1,-1
130,-1,998.905,272.531,125.130,102.542,0.990,-1,-1,-1
130,-1,1268.810,477.739,249.380,214.640,0.923,-1,-1,-1
131,-1,994.284,266.732,123.291,95.958,0.987,-1,-1,-1
131,-1,1267.830,470.981,242.627,214.957,0.250,-1,-1,-1
132,-1,992.110,263.364,122.467,97.523,0.992,-1,-1,-1
132,-1,1265.746,466.140,237.633,214.304,0.256,-1,-1,-1
132,-1,0.000,811.019,480.057,268.696,0.593,-1,-1,-1
133,-1,990.563,258.865,121.207,96.973,0.994,-1,-1,-1
133,-1,1256.841,458.753,239.677,213.225,0.228,-1,-1,-1
133,-1,0.000,812.036,480.764,266.470,0.577,-1,-1,-1
134,-1,989.217,254.081,119.082,95.896,0.993,-1,-1,-1
134,-1,1251.034,451.429,238.475,210.428,0.874,-1,-1,-1
134,-1,0.000,813.883,484.531,262.534,0.540,-1,-1,-1
135,-1,989.338,248.887,114.690,95.914,0.990,-1,-1,-1
135,-1,1246.695,444.577,236.209,209.931,0.234,-1,-1,-1
135,-1,0.000,817.624,489.726,258.980,0.521,-1,-1,-1
136,-1,991.026,243.087,108.953,98.755,0.988,-1,-1,-1
136,-1,1240.467,429.439,237.519,207.397,0.913,-1,-1,-1
136,-1,0.000,819.495,489.669,258.826,0.500,-1,-1,-1
137,-1,992.516,238.657,103.854,100.314,0.984,-1,-1,-1
137,-1,1238.364,425.538,233.042,205.459,0.300,-1,-1,-1
137,-1,0.000,817.584,486.741,262.262,0.501,-1,-1,-1
138,-1,1237.438,419.544,227.750,201.716,0.301,-1,-1,-1
138,-1,992.225,236.387,101.910,99.618,0.980,-1,-1,-1
139,-1,1236.624,411.390,217.724,199.952,0.281,-1,-1,-1
139,-1,990.885,236.839,101.760,96.326,0.974,-1,-1,-1
140,-1,1235.990,403.544,209.740,198.258,0.929,-1,-1,-1
140,-1,989.803,234.186,103.195,86.408,0.981,-1,-1,-1
141,-1,1236.654,397.292,198.921,197.821,0.208,-1,-1,-1
141,-1,991.283,232.682,101.153,84.863,0.984,-1,-1,-1
142,-1,1222.100,392.259,203.635,185.632,0.931,-1,-1,-1
142,-1,992.694,230.538,99.891,82.244,0.984,-1,-1,-1
143,-1,1222.946,386.634,196.538,183.494,0.917,-1,-1,-1
143,-1,991.657,227.493,100.745,80.463,0.976,-1,-1,-1
144,-1,1220.292,384.843,195.227,176.179,0.210,-1,-1,-1
144,-1,991.190,222.903,100.645,81.774,0.973,-1,-1,-1
145,-1,1211.253,367.987,199.498,184.715,0.938,-1,-1,-1
145,-1,991.307,217.463,99.464,84.914,0.968,-1,-1,-1
146,-1,1205.604,362.190,199.857,184.844,0.203,-1,-1,-1
146,-1,989.149,215.529,100.749,79.781,0.965,-1,-1,-1
147,-1,1201.781,354.228,197.301,186.557,0.235,-1,-1,-1
147,-1,988.870,212.232,100.279,80.052,0.964,-1,-1,-1
148,-1,1198.574,345.542,194.492,185.670,0.324,-1,-1,-1
148,-1,988.990,211.024,98.965,77.417,0.950,-1,-1,-1
149,-1,1196.427,339.408,191.550,182.173,0.323,-1,-1,-1
149,-1,989.150,210.645,98.730,75.735,0.928,-1,-1,-1
150,-1,1192.778,334.299,192.968,177.365,0.407,-1,-1,-1
150,-1,991.295,205.221,98.407,73.559,0.908,-1,-1,-1
151,-1,1192.945,335.150,178.025,151.449,0.209,-1,-1,-1
151,-1,992.083,204.888,99.127,73.095,0.951,-1,-1,-1
152,-1,1188.916,329.941,179.317,149.921,0.247,-1,-1,-1
152,-1,992.675,203.691,100.388,72.501,0.983,-1,-1,-1
153,-1,1184.258,325.095,180.323,151.241,0.251,-1,-1,-1
153,-1,993.691,202.504,100.704,70.644,0.984,-1,-1,-1
154,-1,997.169,194.720,101.091,77.396,0.975,-1,-1,-1
154,-1,1179.374,320.897,181.921,152.155,0.302,-1,-1,-1
155,-1,1173.739,310.679,182.241,142.205,0.824,-1,-1,-1
155,-1,998.876,190.210,103.569,80.055,0.972,-1,-1,-1
156,-1,1171.657,301.965,180.357,150.618,0.227,-1,-1,-1
156,-1,1001.597,185.928,106.091,81.937,0.967,-1,-1,-1
156,-1,1343.756,34.598,143.333,87.768,0.221,-1,-1,-1
157,-1,1168.288,298.781,165.559,143.975,0.726,-1,-1,-1
157,-1,1005.739,182.316,105.170,83.571,0.967,-1,-1,-1
157,-1,1338.369,31.048,152.554,91.508,0.234,-1,-1,-1
158,-1,1168.164,295.146,163.684,142.868,0.748,-1,-1,-1
158,-1,1010.423,180.672,103.482,83.265,0.955,-1,-1,-1
158,-1,1328.570,30.726,132.481,96.464,0.318,-1,-1,-1
159,-1,1164.708,290.803,164.581,142.387,0.779,-1,-1,-1
159,-1,1015.094,179.771,96.087,79.781,0.959,-1,-1,-1
159,-1,1324.284,28.269,139.927,102.160,0.401,-1,-1,-1
160,-1,1163.466,282.772,156.543,126.204,0.922,-1,-1,-1
160,-1,1019.337,178.424,94.600,78.266,0.952,-1,-1,-1
160,-1,1317.064,27.807,153.269,105.270,0.523,-1,-1,-1
161,-1,1156.363,276.285,162.407,137.040,0.804,-1,-1,-1
161,-1,1026.632,174.345,96.566,82.223,0.899,-1,-1,-1
161,-1,1307.161,27.971,164.059,105.288,0.652,-1,-1,-1
162,-1,1151.442,272.321,165.461,135.466,0.761,-1,-1,-1
162,-1,1026.007,176.264,100.930,73.217,0.982,-1,-1,-1
162,-1,1299.729,30.305,168.440,104.177,0.709,-1,-1,-1
163,-1,1147.783,267.436,165.495,135.499,0.220,-1,-1,-1
163,-1,1032.181,174.778,98.434,72.463,0.979,-1,-1,-1
163,-1,1292.852,30.444,171.195,105.220,0.743,-1,-1,-1
164,-1,1144.762,262.851,167.070,134.579,0.239,-1,-1,-1
164,-1,1040.294,169.201,97.344,72.444,0.979,-1,-1,-1
164,-1,1287.539,29.847,177.787,107.883,0.520,-1,-1,-1
165,-1,1047.771,168.973,96.444,71.256,0.975,-1,-1,-1
165,-1,1142.096,257.111,168.136,137.807,0.246,-1,-1,-1
165,-1,1279.099,28.601,152.718,115.913,0.577,-1,-1,-1
166,-1,1052.287,165.934,102.015,73.667,0.961,-1,-1,-1
166,-1,1143.700,254.586,158.766,111.810,0.847,-1,-1,-1
166,-1,1273.621,28.280,151.443,116.826,0.445,-1,-1,-1
167,-1,1139.001,248.894,145.362,115.773,0.889,-1,-1,-1
167,-1,1063.747,164.766,98.853,70.568,0.932,-1,-1,-1
167,-1,1268.825,28.937,147.388,118.548,0.415,-1,-1,-1
168,-1,1137.279,242.368,145.798,124.651,0.884,-1,-1,-1
168,-1,1068.009,161.592,101.292,73.207,0.989,-1,-1,-1
168,-1,1266.278,29.928,144.049,116.631,0.383,-1,-1,-1
168,-1,385.924,212.169,86.010,38.309,0.204,-1,-1,-1
169,-1,1135.408,238.394,146.370,126.152,0.872,-1,-1,-1
169,-1,1073.938,155.827,104.469,78.753,0.984,-1,-1,-1
169,-1,1252.193,34.581,135.327,108.874,0.517,-1,-1,-1
169,-1,385.480,212.001,87.614,38.722,0.202,-1,-1,-1
170,-1,1133.098,234.189,146.069,124.032,0.849,-1,-1,-1
170,-1,1080.399,151.148,106.162,83.251,0.974,-1,-1,-1
170,-1,1245.949,33.670,141.502,107.551,0.508,-1,-1,-1
171,-1,1132.018,232.779,143.266,118.927,0.820,-1,-1,-1
171,-1,1088.218,153.248,97.209,77.435,0.922,-1,-1,-1
171,-1,1242.672,34.247,144.389,104.770,0.307,-1,-1,-1
172,-1,1133.149,235.842,136.907,108.630,0.820,-1,-1,-1
172,-1,1101.046,151.858,99.700,77.182,0.873,-1,-1,-1
172,-1,1230.241,95.376,94.183,49.613,0.428,-1,-1,-1
173,-1,1134.672,226.249,131.508,96.029,0.943,-1,-1,-1
173,-1,1105.049,154.177,100.116,69.473,0.946,-1,-1,-1
173,-1,1226.810,97.370,94.491,49.957,0.414,-1,-1,-1
174,-1,1131.625,222.965,132.830,101.182,0.941,-1,-1,-1
174,-1,1111.062,157.030,100.313,57.403,0.954,-1,-1,-1
174,-1,1214.649,74.664,118.741,80.424,0.207,-1,-1,-1
175,-1,1128.676,218.474,135.262,107.819,0.923,-1,-1,-1
175,-1,1115.260,153.909,105.871,57.788,0.956,-1,-1,-1
175,-1,1209.880,61.557,127.958,93.491,0.487,-1,-1,-1
176,-1,1125.175,214.098,138.171,109.404,0.905,-1,-1,-1
176,-1,1120.667,150.176,106.714,59.838,0.911,-1,-1,-1
176,-1,1202.052,50.145,141.493,107.906,0.742,-1,-1,-1
177,-1,1123.738,209.839,138.106,110.286,0.864,-1,-1,-1
177,-1,1197.186,32.577,154.765,119.655,0.806,-1,-1,-1
177,-1,1139.408,150.041,99.730,57.268,0.687,-1,-1,-1
178,-1,1122.544,206.364,135.967,110.062,0.871,-1,-1,-1
178,-1,1139.157,149.174,109.769,55.937,0.891,-1,-1,-1
178,-1,1189.132,33.473,163.969,118.232,0.817,-1,-1,-1
179,-1,1121.768,201.788,133.993,109.866,0.874,-1,-1,-1
179,-1,1146.472,146.465,109.621,57.316,0.857,-1,-1,-1
179,-1,1187.669,43.366,153.276,116.985,0.794,-1,-1,-1
179,-1,0.066,803.113,351.533,274.330,0.523,-1,-1,-1
180,-1,1121.176,199.882,135.192,107.957,0.833,-1,-1,-1
180,-1,1.995,779.126,272.544,202.748,0.756,-1,-1,-1
180,-1,1153.477,147.940,109.218,55.822,0.739,-1,-1,-1
180,-1,1190.881,42.321,148.219,119.525,0.614,-1,-1,-1
181,-1,1.077,777.884,274.716,209.835,0.954,-1,-1,-1
181,-1,1121.919,195.671,135.930,111.423,0.754,-1,-1,-1
181,-1,1165.822,134.456,91.658,56.562,0.570,-1,-1,-1
181,-1,1166.369,44.227,154.945,122.638,0.530,-1,-1,-1
182,-1,1.339,777.520,271.835,221.588,0.976,-1,-1,-1
182,-1,1122.639,194.543,134.662,110.282,0.688,-1,-1,-1
182,-1,1180.716,135.354,99.011,61.207,0.760,-1,-1,-1
182,-1,1158.400,46.044,157.849,119.820,0.553,-1,-1,-1
183,-1,1.792,776.680,267.456,231.136,0.979,-1,-1,-1
183,-1,1185.566,135.367,100.531,61.799,0.862,-1,-1,-1
183,-1,1120.064,191.216,118.150,91.415,0.845,-1,-1,-1
183,-1,1153.061,43.966,159.160,125.249,0.587,-1,-1,-1
184,-1,2.580,774.081,263.613,243.301,0.981,-1,-1,-1
184,-1,1124.414,188.172,122.071,96.532,0.939,-1,-1,-1
184,-1,1193.222,134.778,99.878,61.201,0.874,-1,-1,-1
184,-1,1136.088,48.248,144.809,118.708,0.680,-1,-1,-1
184,-1,1137.257,122.996,67.853,41.677,0.303,-1,-1,-1
185,-1,5.497,770.902,258.176,255.623,0.983,-1,-1,-1
185,-1,1124.679,183.603,121.538,99.605,0.958,-1,-1,-1
185,-1,1200.528,133.445,96.287,59.986,0.826,-1,-1,-1
185,-1,1129.065,44.432,151.396,121.981,0.789,-1,-1,-1
185,-1,1128.724,122.995,76.607,41.977,0.419,-1,-1,-1
186,-1,7.606,769.090,255.364,266.759,0.985,-1,-1,-1
186,-1,1124.727,178.143,122.805,104.273,0.920,-1,-1,-1
186,-1,1116.872,41.859,168.111,125.724,0.809,-1,-1,-1
186,-1,1213.400,132.130,102.905,59.788,0.792,-1,-1,-1
186,-1,1121.155,124.546,83.139,41.748,0.372,-1,-1,-1
187,-1,8.773,766.414,254.640,276.454,0.983,-1,-1,-1
187,-1,1125.939,173.275,122.492,106.465,0.926,-1,-1,-1
187,-1,1219.972,131.955,101.149,58.609,0.928,-1,-1,-1
187,-1,1103.216,55.670,135.458,111.643,0.662,-1,-1,-1
188,-1,12.926,779.300,245.249,277.004,0.980,-1,-1,-1
188,-1,1126.816,170.653,122.560,104.917,0.920,-1,-1,-1
188,-1,1227.688,131.653,98.899,55.092,0.920,-1,-1,-1
188,-1,1091.893,53.732,151.662,118.003,0.846,-1,-1,-1
188,-1,0.000,937.824,104.480,142.065,0.215,-1,-1,-1
189,-1,14.007,775.894,244.939,286.304,0.989,-1,-1,-1
189,-1,1129.789,168.165,120.175,104.641,0.807,-1,-1,-1
189,-1,1081.241,49.847,167.201,125.786,0.943,-1,-1,-1
189,-1,1232.431,131.742,100.078,49.987,0.870,-1,-1,-1
190,-1,13.058,776.348,244.517,289.518,0.990,-1,-1,-1
190,-1,1068.750,50.580,179.217,129.538,0.970,-1,-1,-1
190,-1,1134.974,166.579,117.357,103.517,0.811,-1,-1,-1
190,-1,1238.899,130.719,92.774,47.464,0.769,-1,-1,-1
191,-1,1554.402,686.717,364.561,312.287,0.997,-1,-1,-1
191,-1,13.418,779.596,242.747,289.194,0.991,-1,-1,-1
191,-1,1060.750,50.223,185.194,133.855,0.964,-1,-1,-1
191,-1,1140.713,165.655,115.782,102.619,0.810,-1,-1,-1
191,-1,1257.485,128.077,87.583,50.119,0.683,-1,-1,-1
192,-1,1542.323,679.649,370.736,290.349,0.999,-1,-1,-1
192,-1,13.282,783.525,242.197,286.805,0.994,-1,-1,-1
192,-1,1147.817,164.079,114.294,101.756,0.971,-1,-1,-1
192,-1,1049.563,50.959,177.569,136.181,0.974,-1,-1,-1
192,-1,1262.374,126.876,84.401,50.402,0.878,-1,-1,-1
193,-1,1535.826,670.700,365.660,289.447,0.999,-1,-1,-1
193,-1,13.219,785.733,240.992,286.266,0.997,-1,-1,-1
193,-1,1153.546,163.260,113.413,100.161,0.972,-1,-1,-1
193,-1,1034.238,52.304,193.785,134.108,0.980,-1,-1,-1
193,-1,1270.506,126.159,82.812,50.700,0.855,-1,-1,-1
194,-1,1529.132,659.878,361.758,287.256,0.998,-1,-1,-1
194,-1,12.187,785.357,240.869,287.882,0.997,-1,-1,-1
194,-1,1020.434,54.416,202.887,131.738,0.978,-1,-1,-1
194,-1,1158.846,162.758,111.079,98.173,0.964,-1,-1,-1
194,-1,1279.015,126.229,77.560,50.541,0.848,-1,-1,-1
195,-1,1494.594,641.564,379.273,296.116,0.998,-1,-1,-1
195,-1,11.329,786.606,239.807,287.553,0.997,-1,-1,-1
195,-1,1006.534,42.341,233.406,142.098,0.963,-1,-1,-1
195,-1,1166.420,157.177,117.183,92.213,0.962,-1,-1,-1
195,-1,1288.908,119.312,102.882,53.814,0.713,-1,-1,-1
196,-1,1487.655,632.049,368.945,293.638,0.999,-1,-1,-1
196,-1,10.705,789.344,239.080,285.323,0.997,-1,-1,-1
196,-1,1170.243,156.765,119.595,93.156,0.980,-1,-1,-1
196,-1,989.808,60.227,210.390,130.387,0.962,-1,-1,-1
196,-1,1293.230,118.739,99.070,54.131,0.806,-1,-1,-1
197,-1,1479.590,625.143,359.458,290.639,0.999,-1,-1,-1
197,-1,10.844,793.322,235.958,282.541,0.997,-1,-1,-1
197,-1,1179.047,155.915,118.606,92.190,0.983,-1,-1,-1
197,-1,971.811,52.039,234.995,133.250,0.947,-1,-1,-1
197,-1,1300.606,119.590,89.833,52.812,0.780,-1,-1,-1
198,-1,9.519,794.689,234.982,282.670,0.997,-1,-1,-1
198,-1,1472.549,621.578,353.648,290.133,0.996,-1,-1,-1
198,-1,1186.657,154.714,119.193,89.021,0.989,-1,-1,-1
198,-1,959.487,52.886,233.754,135.472,0.952,-1,-1,-1
198,-1,1309.451,119.968,72.676,52.293,0.623,-1,-1,-1
199,-1,1459.834,612.588,360.537,276.444,0.999,-1,-1,-1
199,-1,9.646,794.670,232.200,285.244,0.996,-1,-1,-1
199,-1,948.541,62.321,215.343,133.348,0.952,-1,-1,-1
199,-1,1192.690,152.538,118.671,86.202,0.976,-1,-1,-1
199,-1,1355.052,118.794,50.799,49.537,0.378,-1,-1,-1
200,-1,1459.929,603.386,347.672,275.154,0.999,-1,-1,-1
200,-1,1202.056,151.587,119.178,83.412,0.980,-1,-1,-1
200,-1,938.154,62.302,216.923,133.240,0.947,-1,-1,-1
200,-1,1354.435,117.729,56.171,49.850,0.561,-1,-1,-1
200,-1,1318.363,121.026,54.808,49.205,0.232,-1,-1,-1
201,-1,1448.770,596.985,333.160,261.019,0.998,-1,-1,-1
201,-1,1209.841,149.704,115.368,83.396,0.935,-1,-1,-1
201,-1,927.029,52.035,228.496,139.658,0.898,-1,-1,-1
201,-1,1354.744,117.739,60.758,48.046,0.695,-1,-1,-1
202,-1,1446.792,588.756,319.726,255.702,0.999,-1,-1,-1
202,-1,910.708,65.402,219.828,130.694,0.957,-1,-1,-1
202,-1,1221.250,145.831,110.464,85.979,0.918,-1,-1,-1
202,-1,1355.568,117.103,65.779,46.779,0.763,-1,-1,-1
203,-1,1437.743,579.309,312.783,253.934,0.999,-1,-1,-1
203,-1,910.032,50.387,201.321,142.411,0.944,-1,-1,-1
203,-1,1229.598,142.181,107.706,86.784,0.880,-1,-1,-1
203,-1,1356.398,114.719,72.384,48.208,0.768,-1,-1,-1
204,-1,1430.130,571.705,307.004,254.695,0.999,-1,-1,-1
204,-1,894.965,52.705,202.838,143.598,0.957,-1,-1,-1
204,-1,1241.391,136.984,118.820,87.875,0.769,-1,-1,-1
204,-1,1357.510,112.480,76.761,49.525,0.727,-1,-1,-1
205,-1,1418.873,566.317,309.554,254.706,0.997,-1,-1,-1
205,-1,1.928,806.916,224.261,272.211,0.988,-1,-1,-1
205,-1,875.300,65.502,211.161,142.130,0.980,-1,-1,-1
205,-1,1252.873,137.544,113.052,83.980,0.845,-1,-1,-1
205,-1,1368.990,104.117,82.893,51.648,0.528,-1,-1,-1
206,-1,1408.731,558.227,310.671,246.349,0.999,-1,-1,-1
206,-1,10.870,809.875,201.020,269.143,0.985,-1,-1,-1
206,-1,866.713,65.318,209.022,143.593,0.963,-1,-1,-1
206,-1,1262.313,136.665,111.821,83.293,0.882,-1,-1,-1
206,-1,1370.177,104.478,82.965,49.023,0.556,-1,-1,-1
207,-1,1407.190,556.133,302.993,237.744,0.998,-1,-1,-1
207,-1,8.594,810.971,201.362,267.267,0.986,-1,-1,-1
207,-1,849.121,69.426,207.390,138.932,0.930,-1,-1,-1
207,-1,1268.949,133.136,131.505,83.384,0.734,-1,-1,-1
207,-1,1371.521,104.037,86.673,48.755,0.701,-1,-1,-1
208,-1,1393.524,552.541,287.921,226.109,0.999,-1,-1,-1
208,-1,4.220,811.789,200.837,266.828,0.989,-1,-1,-1
208,-1,835.703,66.162,219.895,144.276,0.988,-1,-1,-1
208,-1,1277.901,127.822,123.271,79.475,0.756,-1,-1,-1
208,-1,1377.128,103.595,85.372,47.877,0.728,-1,-1,-1
209,-1,1382.201,542.015,289.224,224.588,0.998,-1,-1,-1
209,-1,1.585,813.505,198.204,264.735,0.991,-1,-1,-1
209,-1,822.365,65.340,216.693,139.738,0.964,-1,-1,-1
209,-1,1381.163,101.758,87.110,49.933,0.860,-1,-1,-1
209,-1,1288.837,128.159,116.243,79.325,0.650,-1,-1,-1
210,-1,1370.567,532.002,288.328,224.224,0.998,-1,-1,-1
210,-1,2.129,816.181,190.070,261.322,0.993,-1,-1,-1
210,-1,812.121,66.327,215.852,141.620,0.963,-1,-1,-1
210,-1,1385.498,101.780,85.809,48.547,0.783,-1,-1,-1
210,-1,1299.141,126.852,111.974,78.501,0.494,-1,-1,-1
211,-1,1361.017,522.926,286.656,225.859,0.998,-1,-1,-1
211,-1,4.806,816.937,176.481,259.797,0.993,-1,-1,-1
211,-1,806.687,68.914,209.670,144.853,0.987,-1,-1,-1
211,-1,1390.458,100.426,81.278,47.013,0.641,-1,-1,-1
211,-1,1313.041,121.098,125.830,82.242,0.349,-1,-1,-1
212,-1,1355.386,515.593,280.115,226.537,0.999,-1,-1,-1
212,-1,7.013,816.962,161.437,259.570,0.989,-1,-1,-1
212,-1,796.424,66.855,211.938,148.356,0.985,-1,-1,-1
212,-1,1320.544,122.641,116.796,78.137,0.549,-1,-1,-1
212,-1,1393.146,98.556,79.231,44.352,0.531,-1,-1,-1
213,-1,1349.896,510.488,278.884,225.048,0.998,-1,-1,-1
213,-1,7.695,819.083,150.274,258.607,0.982,-1,-1,-1
213,-1,788.371,70.672,213.080,138.911,0.878,-1,-1,-1
213,-1,1329.127,121.833,113.782,76.667,0.570,-1,-1,-1
214,-1,1352.231,504.809,263.031,208.339,0.997,-1,-1,-1
214,-1,768.748,73.699,210.037,143.916,0.987,-1,-1,-1
214,-1,1336.561,119.982,112.387,75.557,0.478,-1,-1,-1
215,-1,1345.173,501.540,253.085,202.868,0.997,-1,-1,-1
215,-1,760.329,75.435,212.135,141.612,0.988,-1,-1,-1
215,-1,1357.967,116.917,113.772,79.851,0.504,-1,-1,-1
216,-1,1345.103,498.785,245.028,196.023,0.998,-1,-1,-1
216,-1,752.178,76.505,213.004,140.251,0.963,-1,-1,-1
216,-1,1363.027,117.016,110.731,78.548,0.656,-1,-1,-1
217,-1,1336.880,492.657,243.576,193.961,0.995,-1,-1,-1
217,-1,741.756,79.908,218.039,140.317,0.955,-1,-1,-1
217,-1,1369.374,114.267,111.693,78.523,0.607,-1,-1,-1
218,-1,1323.848,486.756,244.916,192.330,0.994,-1,-1,-1
218,-1,733.362,80.276,212.589,144.681,0.953,-1,-1,-1
218,-1,0.471,802.860,92.470,276.617,0.809,-1,-1,-1
218,-1,1372.802,112.544,115.654,76.694,0.441,-1,-1,-1
219,-1,1312.640,481.465,240.317,191.278,0.993,-1,-1,-1
219,-1,730.056,85.984,202.019,147.484,0.979,-1,-1,-1
219,-1,0.000,803.971,86.839,275.608,0.400,-1,-1,-1
219,-1,1389.259,112.289,113.267,76.481,0.241,-1,-1,-1
220,-1,1307.333,476.430,230.141,187.979,0.994,-1,-1,-1
220,-1,721.059,80.996,207.519,150.328,0.952,-1,-1,-1
221,-1,1307.039,470.213,216.032,185.365,0.995,-1,-1,-1
221,-1,713.910,79.357,215.162,154.284,0.841,-1,-1,-1
221,-1,1407.692,121.522,90.478,61.163,0.275,-1,-1,-1
222,-1,1308.346,461.540,203.572,186.112,0.992,-1,-1,-1
222,-1,696.891,72.162,207.127,166.209,0.931,-1,-1,-1
222,-1,1412.335,122.023,90.832,58.288,0.374,-1,-1,-1
223,-1,1292.087,459.017,210.999,175.132,0.983,-1,-1,-1
223,-1,694.979,66.502,202.809,179.328,0.975,-1,-1,-1
223,-1,1419.315,118.631,88.346,59.343,0.246,-1,-1,-1
224,-1,1287.216,441.342,211.296,179.847,0.989,-1,-1,-1
224,-1,691.758,64.955,201.454,184.972,0.976,-1,-1,-1
224,-1,1425.611,118.425,84.329,58.104,0.309,-1,-1,-1
225,-1,1281.344,434.626,211.294,179.352,0.995,-1,-1,-1
225,-1,687.419,64.323,195.348,187.829,0.973,-1,-1,-1
225,-1,1389.314,91.712,58.341,43.878,0.268,-1,-1,-1
226,-1,1274.654,425.818,211.187,178.145,0.994,-1,-1,-1
226,-1,680.525,66.064,189.654,188.269,0.965,-1,-1,-1
226,-1,1454.379,114.015,65.525,59.614,0.330,-1,-1,-1
226,-1,1384.523,90.932,60.644,44.067,0.343,-1,-1,-1
227,-1,1267.914,418.552,207.722,176.060,0.990,-1,-1,-1
227,-1,671.674,66.414,186.832,188.429,0.951,-1,-1,-1
227,-1,1356.787,92.673,62.520,45.147,0.384,-1,-1,-1
227,-1,1460.479,114.106,59.995,57.209,0.337,-1,-1,-1
228,-1,663.247,63.209,187.540,193.493,0.943,-1,-1,-1
228,-1,1260.121,412.445,207.893,174.268,0.975,-1,-1,-1
228,-1,1352.894,93.432,61.882,44.285,0.502,-1,-1,-1
228,-1,1465.015,114.485,54.717,53.756,0.494,-1,-1,-1
229,-1,1260.839,416.943,187.321,151.537,0.967,-1,-1,-1
229,-1,656.777,59.594,189.604,198.870,0.926,-1,-1,-1
229,-1,1354.101,93.236,52.880,44.596,0.353,-1,-1,-1
229,-1,1470.434,115.992,51.042,47.827,0.357,-1,-1,-1
230,-1,1257.385,409.879,185.741,153.712,0.978,-1,-1,-1
230,-1,649.543,44.209,194.599,219.594,0.934,-1,-1,-1
230,-1,1477.250,118.684,43.538,40.659,0.237,-1,-1,-1
231,-1,1254.053,401.489,183.578,155.370,0.973,-1,-1,-1
231,-1,648.476,46.678,192.018,218.756,0.881,-1,-1,-1
232,-1,1251.052,394.869,181.521,157.379,0.964,-1,-1,-1
232,-1,645.302,50.818,176.618,219.220,0.925,-1,-1,-1
232,-1,1280.298,92.772,59.982,36.544,0.227,-1,-1,-1
232,-1,384.854,211.127,87.713,39.519,0.236,-1,-1,-1
233,-1,643.481,86.281,173.320,187.383,0.982,-1,-1,-1
233,-1,1250.226,388.449,174.691,146.266,0.971,-1,-1,-1
233,-1,1273.738,92.772,64.844,35.293,0.307,-1,-1,-1
233,-1,385.073,211.227,87.338,39.326,0.270,-1,-1,-1
234,-1,1247.873,379.807,173.185,153.249,0.971,-1,-1,-1
234,-1,636.607,93.698,179.097,174.865,0.977,-1,-1,-1
234,-1,1236.486,93.570,87.266,36.902,0.431,-1,-1,-1
234,-1,385.652,211.531,86.378,39.137,0.272,-1,-1,-1
235,-1,1236.073,376.018,174.639,145.731,0.963,-1,-1,-1
235,-1,633.981,97.916,178.928,173.764,0.976,-1,-1,-1
235,-1,1242.014,91.821,74.393,35.910,0.399,-1,-1,-1
235,-1,385.777,211.744,86.247,38.953,0.271,-1,-1,-1
236,-1,1233.613,368.096,173.864,145.704,0.948,-1,-1,-1
236,-1,630.469,101.029,178.197,175.440,0.974,-1,-1,-1
236,-1,1190.598,95.722,94.290,36.987,0.646,-1,-1,-1
236,-1,385.330,211.727,86.590,38.874,0.283,-1,-1,-1
237,-1,1228.599,363.430,175.821,143.406,0.937,-1,-1,-1
237,-1,633.709,103.001,165.842,188.731,0.974,-1,-1,-1
237,-1,1190.143,94.370,91.565,38.043,0.684,-1,-1,-1
237,-1,384.631,211.766,87.438,39.019,0.276,-1,-1,-1
238,-1,1223.458,355.931,170.304,135.711,0.971,-1,-1,-1
238,-1,628.638,105.023,164.733,191.385,0.970,-1,-1,-1
238,-1,1197.933,96.327,74.371,37.070,0.464,-1,-1,-1
238,-1,384.794,211.755,87.299,39.085,0.279,-1,-1,-1
239,-1,1220.711,348.628,168.418,139.636,0.975,-1,-1,-1
239,-1,623.876,109.613,163.174,192.677,0.968,-1,-1,-1
239,-1,1153.752,91.745,89.348,39.570,0.458,-1,-1,-1
239,-1,384.643,211.855,87.679,39.030,0.274,-1,-1,-1
240,-1,1218.059,340.084,166.952,141.999,0.972,-1,-1,-1
240,-1,620.337,113.341,160.675,192.395,0.973,-1,-1,-1
240,-1,784.985,957.260,586.833,119.951,0.967,-1,-1,-1
240,-1,1116.444,87.268,98.746,37.612,0.574,-1,-1,-1
240,-1,386.183,211.917,85.666,38.913,0.265,-1,-1,-1
241,-1,1216.335,332.770,166.202,143.088,0.962,-1,-1,-1
241,-1,617.130,116.130,157.167,195.830,0.966,-1,-1,-1
241,-1,805.038,943.068,575.484,132.139,0.966,-1,-1,-1
241,-1,1106.096,86.739,106.194,36.420,0.613,-1,-1,-1
241,-1,387.197,211.790,84.649,38.950,0.250,-1,-1,-1
242,-1,1215.264,327.788,163.957,143.269,0.947,-1,-1,-1
242,-1,827.254,923.989,608.816,151.908,0.984,-1,-1,-1
242,-1,611.443,117.099,157.059,201.400,0.970,-1,-1,-1
242,-1,1080.667,88.055,100.577,34.723,0.572,-1,-1,-1
242,-1,387.754,211.417,83.870,39.039,0.230,-1,-1,-1
243,-1,1210.921,330.961,154.050,131.036,0.934,-1,-1,-1
243,-1,606.989,117.048,159.784,204.992,0.969,-1,-1,-1
243,-1,866.360,911.865,557.901,165.636,0.974,-1,-1,-1
243,-1,1075.050,87.058,99.696,33.746,0.577,-1,-1,-1
243,-1,387.240,211.375,84.454,38.557,0.228,-1,-1,-1
244,-1,1208.107,321.870,149.150,131.075,0.973,-1,-1,-1
244,-1,600.380,119.704,163.812,205.678,0.979,-1,-1,-1
244,-1,1042.780,90.927,100.611,30.781,0.581,-1,-1,-1
244,-1,386.636,211.554,85.466,38.337,0.213,-1,-1,-1
245,-1,1203.452,315.262,152.403,135.531,0.975,-1,-1,-1
245,-1,594.393,121.569,167.787,206.377,0.978,-1,-1,-1
245,-1,1042.093,91.483,87.124,29.146,0.576,-1,-1,-1
245,-1,386.512,211.695,85.765,38.259,0.211,-1,-1,-1
246,-1,1199.374,309.306,153.113,135.844,0.973,-1,-1,-1
246,-1,588.111,125.311,170.024,207.496,0.977,-1,-1,-1
246,-1,916.574,838.818,516.439,238.904,0.984,-1,-1,-1
246,-1,1007.078,92.150,93.334,30.410,0.623,-1,-1,-1
247,-1,1195.255,304.143,154.120,133.192,0.977,-1,-1,-1
247,-1,943.064,832.753,504.104,245.232,0.995,-1,-1,-1
247,-1,582.975,126.935,175.650,211.084,0.978,-1,-1,-1
247,-1,1004.239,91.902,83.301,30.955,0.644,-1,-1,-1
247,-1,385.719,211.522,86.884,38.298,0.204,-1,-1,-1
248,-1,1191.028,300.040,155.431,130.469,0.984,-1,-1,-1
248,-1,581.025,129.033,176.838,212.457,0.974,-1,-1,-1
248,-1,982.815,101.066,83.312,34.114,0.625,-1,-1,-1
248,-1,385.689,211.634,87.070,38.002,0.203,-1,-1,-1
249,-1,1188.690,296.368,153.241,129.706,0.981,-1,-1,-1
249,-1,579.847,128.135,178.093,216.798,0.963,-1,-1,-1
249,-1,984.017,101.920,67.573,32.449,0.654,-1,-1,-1
249,-1,385.696,211.535,86.907,37.922,0.221,-1,-1,-1
250,-1,1192.485,292.053,140.476,118.465,0.980,-1,-1,-1
250,-1,578.343,151.877,164.758,198.618,0.974,-1,-1,-1
250,-1,988.737,101.788,48.102,28.103,0.397,-1,-1,-1
250,-1,385.643,212.112,85.145,37.954,0.216,-1,-1,-1
251,-1,1189.533,286.098,142.722,123.864,0.984,-1,-1,-1
251,-1,576.933,151.503,165.786,201.377,0.988,-1,-1,-1
251,-1,385.720,212.718,82.834,38.047,0.213,-1,-1,-1
252,-1,574.819,151.984,167.811,203.750,0.988,-1,-1,-1
252,-1,1187.154,280.204,145.659,125.206,0.981,-1,-1,-1
253,-1,574.545,154.428,166.769,201.971,0.983,-1,-1,-1
253,-1,1175.531,277.301,147.890,117.987,0.980,-1,-1,-1
254,-1,1037.205,767.197,426.991,309.518,0.990,-1,-1,-1
254,-1,572.469,156.743,169.468,201.975,0.984,-1,-1,-1
254,-1,1172.792,273.251,148.399,115.900,0.981,-1,-1,-1
255,-1,1061.496,746.184,397.001,308.414,0.991,-1,-1,-1
255,-1,570.442,158.187,171.013,202.825,0.987,-1,-1,-1
255,-1,1169.032,269.767,149.085,114.788,0.981,-1,-1,-1
256,-1,1074.827,744.735,384.512,303.495,0.996,-1,-1,-1
256,-1,568.347,158.520,173.818,206.486,0.993,-1,-1,-1
256,-1,1167.535,267.579,147.794,112.764,0.968,-1,-1,-1
257,-1,1072.844,747.207,387.617,278.901,0.999,-1,-1,-1
257,-1,565.748,157.174,176.847,211.601,0.992,-1,-1,-1
257,-1,1170.191,258.339,134.611,110.818,0.970,-1,-1,-1
258,-1,1080.910,736.349,373.108,274.671,1.000,-1,-1,-1
258,-1,1167.387,255.000,134.130,112.336,0.979,-1,-1,-1
258,-1,564.633,158.087,178.071,212.401,0.992,-1,-1,-1
259,-1,1085.460,723.992,362.925,269.529,0.999,-1,-1,-1
259,-1,1164.350,252.382,134.198,110.332,0.983,-1,-1,-1
259,-1,548.389,164.260,197.871,198.672,0.989,-1,-1,-1
260,-1,1086.632,715.218,358.801,267.424,0.998,-1,-1,-1
260,-1,1161.153,248.244,133.411,108.175,0.984,-1,-1,-1
260,-1,546.148,168.603,198.143,200.207,0.988,-1,-1,-1
260,-1,384.421,213.352,81.707,37.841,0.231,-1,-1,-1
261,-1,1077.452,695.126,371.114,267.056,0.998,-1,-1,-1
261,-1,544.056,171.947,198.847,205.726,0.985,-1,-1,-1
261,-1,1158.951,243.899,132.164,106.451,0.977,-1,-1,-1
261,-1,384.861,212.995,83.119,37.808,0.281,-1,-1,-1
262,-1,1083.821,689.694,356.378,267.327,0.999,-1,-1,-1
262,-1,1149.428,241.471,128.522,102.794,0.966,-1,-1,-1
262,-1,542.874,175.242,198.857,212.724,0.984,-1,-1,-1
262,-1,384.928,212.588,84.666,37.726,0.312,-1,-1,-1
263,-1,1077.502,685.002,345.906,257.300,0.998,-1,-1,-1
263,-1,1147.623,239.048,129.202,102.276,0.969,-1,-1,-1
263,-1,540.603,175.684,201.954,220.817,0.985,-1,-1,-1
263,-1,384.495,212.577,85.518,37.864,0.313,-1,-1,-1
263,-1,1393.738,79.760,63.026,44.032,0.290,-1,-1,-1
264,-1,1077.871,677.704,338.049,247.977,0.998,-1,-1,-1
264,-1,1144.803,236.291,130.758,102.701,0.968,-1,-1,-1
264,-1,538.490,177.143,203.696,227.489,0.987,-1,-1,-1
264,-1,1387.742,78.214,66.132,47.011,0.295,-1,-1,-1
264,-1,383.703,212.611,85.658,38.097,0.296,-1,-1,-1
265,-1,1078.296,667.883,326.661,241.476,0.999,-1,-1,-1
265,-1,534.665,177.561,206.115,231.875,0.987,-1,-1,-1
265,-1,1145.041,226.550,123.263,102.712,0.963,-1,-1,-1
265,-1,1381.078,75.799,71.047,50.524,0.324,-1,-1,-1
265,-1,383.073,212.842,85.986,38.191,0.288,-1,-1,-1
266,-1,1075.375,659.317,322.194,236.405,0.999,-1,-1,-1
266,-1,1142.806,224.288,123.632,104.935,0.971,-1,-1,-1
266,-1,531.232,178.881,207.133,234.901,0.987,-1,-1,-1
266,-1,383.140,212.999,85.464,38.139,0.263,-1,-1,-1
266,-1,1379.747,75.540,68.640,51.413,0.243,-1,-1,-1
267,-1,1073.895,654.377,318.943,230.985,0.999,-1,-1,-1
267,-1,1140.974,221.649,123.593,103.939,0.978,-1,-1,-1
267,-1,526.578,181.844,212.165,237.827,0.988,-1,-1,-1
267,-1,1358.317,77.700,66.957,53.507,0.340,-1,-1,-1
267,-1,383.623,212.912,85.470,38.001,0.241,-1,-1,-1
268,-1,1072.426,638.471,316.751,234.126,0.999,-1,-1,-1
268,-1,1139.832,219.170,122.049,100.919,0.983,-1,-1,-1
268,-1,519.552,187.251,221.639,238.422,0.990,-1,-1,-1
268,-1,1354.682,77.968,67.635,53.921,0.429,-1,-1,-1
268,-1,383.641,212.489,85.772,38.293,0.241,-1,-1,-1
269,-1,1073.683,635.094,306.836,229.511,0.999,-1,-1,-1
269,-1,1137.446,214.971,123.246,98.834,0.986,-1,-1,-1
269,-1,511.601,193.011,228.472,237.749,0.989,-1,-1,-1
269,-1,1351.621,81.250,64.511,52.752,0.381,-1,-1,-1
269,-1,384.001,212.374,85.070,38.242,0.210,-1,-1,-1
270,-1,1073.132,628.152,298.802,222.492,0.999,-1,-1,-1
270,-1,504.597,195.780,234.019,236.156,0.987,-1,-1,-1
270,-1,1135.128,210.912,121.484,98.508,0.984,-1,-1,-1
270,-1,1349.358,83.960,60.177,53.774,0.246,-1,-1,-1
270,-1,384.427,212.546,85.758,38.163,0.208,-1,-1,-1
271,-1,1072.744,620.421,290.212,215.580,0.999,-1,-1,-1
271,-1,1132.828,206.738,120.063,99.155,0.982,-1,-1,-1
271,-1,501.827,194.382,232.396,240.965,0.985,-1,-1,-1
272,-1,1068.930,612.985,286.341,208.286,0.999,-1,-1,-1
272,-1,497.876,201.579,239.378,247.125,0.994,-1,-1,-1
272,-1,1131.116,203.927,117.237,99.004,0.968,-1,-1,-1
272,-1,384.353,212.870,89.454,38.161,0.205,-1,-1,-1
273,-1,1064.047,604.432,283.766,206.376,0.999,-1,-1,-1
273,-1,493.916,198.716,240.820,254.248,0.994,-1,-1,-1
273,-1,1129.840,201.401,116.574,99.136,0.963,-1,-1,-1
274,-1,1058.092,597.330,284.554,205.697,0.998,-1,-1,-1
274,-1,486.950,201.902,247.229,252.329,0.994,-1,-1,-1
274,-1,1129.090,199.703,116.377,98.921,0.948,-1,-1,-1
274,-1,383.421,212.404,92.007,38.279,0.224,-1,-1,-1
275,-1,1053.684,592.684,282.901,204.205,0.997,-1,-1,-1
275,-1,482.615,202.995,245.786,257.447,0.994,-1,-1,-1
275,-1,1130.342,195.828,109.883,91.397,0.954,-1,-1,-1
275,-1,384.126,212.101,90.766,38.308,0.231,-1,-1,-1
276,-1,1051.726,580.206,275.710,199.882,0.998,-1,-1,-1
276,-1,479.954,210.474,243.045,253.232,0.993,-1,-1,-1
276,-1,1130.274,194.517,110.327,91.411,0.970,-1,-1,-1
276,-1,1288.430,96.034,57.753,44.031,0.360,-1,-1,-1
276,-1,952.402,86.200,66.488,49.415,0.249,-1,-1,-1
276,-1,384.265,211.716,90.567,38.522,0.244,-1,-1,-1
277,-1,1042.828,579.203,267.382,190.408,0.998,-1,-1,-1
277,-1,479.173,215.236,238.108,255.303,0.993,-1,-1,-1
277,-1,1130.189,192.002,111.054,91.226,0.977,-1,-1,-1
277,-1,1278.643,92.623,66.861,46.873,0.660,-1,-1,-1
277,-1,978.640,88.936,55.012,41.294,0.421,-1,-1,-1
277,-1,384.482,211.654,89.991,38.501,0.241,-1,-1,-1
278,-1,1044.187,573.035,260.722,185.168,0.999,-1,-1,-1
278,-1,468.942,227.791,234.689,248.565,0.985,-1,-1,-1
278,-1,1132.010,187.881,108.531,91.146,0.978,-1,-1,-1
278,-1,1267.910,87.902,75.467,52.136,0.878,-1,-1,-1
278,-1,975.140,84.558,67.452,46.999,0.661,-1,-1,-1
278,-1,383.717,211.287,90.446,38.913,0.236,-1,-1,-1
279,-1,1045.410,564.070,251.660,182.155,0.999,-1,-1,-1
279,-1,468.598,229.382,232.094,257.062,0.991,-1,-1,-1
279,-1,1134.283,183.935,104.710,91.180,0.981,-1,-1,-1
279,-1,974.217,81.104,78.740,51.985,0.822,-1,-1,-1
279,-1,1259.700,86.838,82.860,54.818,0.780,-1,-1,-1
279,-1,383.003,210.928,90.736,39.282,0.233,-1,-1,-1
280,-1,1045.504,555.808,244.815,180.276,0.996,-1,-1,-1
280,-1,463.843,232.268,236.120,260.248,0.990,-1,-1,-1
280,-1,1137.112,180.666,101.908,90.522,0.979,-1,-1,-1
280,-1,975.608,77.553,86.574,57.242,0.721,-1,-1,-1
280,-1,1240.447,90.557,88.519,53.784,0.637,-1,-1,-1
281,-1,456.090,235.233,243.963,262.474,0.991,-1,-1,-1
281,-1,1045.649,548.985,238.966,177.994,0.995,-1,-1,-1
281,-1,1140.194,178.475,101.393,90.936,0.980,-1,-1,-1
281,-1,1231.774,90.358,94.594,55.935,0.890,-1,-1,-1
281,-1,961.520,67.133,111.478,73.230,0.756,-1,-1,-1
282,-1,1046.155,544.547,235.317,172.628,0.996,-1,-1,-1
282,-1,444.211,235.918,255.817,271.779,0.992,-1,-1,-1
282,-1,1142.316,175.825,104.334,92.083,0.977,-1,-1,-1
282,-1,1224.897,89.257,92.527,58.122,0.896,-1,-1,-1
282,-1,968.947,66.909,111.187,71.682,0.245,-1,-1,-1
283,-1,432.631,233.481,264.207,285.992,0.994,-1,-1,-1
283,-1,1046.933,541.226,230.352,168.121,0.998,-1,-1,-1
283,-1,1145.317,172.700,105.190,94.159,0.971,-1,-1,-1
283,-1,972.468,67.486,112.708,69.915,0.282,-1,-1,-1
283,-1,1222.400,88.677,83.814,59.603,0.652,-1,-1,-1
284,-1,421.913,234.021,273.707,293.919,0.991,-1,-1,-1
284,-1,1045.135,538.808,226.800,164.992,0.998,-1,-1,-1
284,-1,1146.741,169.950,107.415,94.782,0.968,-1,-1,-1
284,-1,989.129,66.537,107.018,74.049,0.685,-1,-1,-1
284,-1,1202.740,94.005,84.379,57.327,0.668,-1,-1,-1
285,-1,413.434,233.473,279.217,298.512,0.987,-1,-1,-1
285,-1,1041.135,521.462,220.876,172.604,0.996,-1,-1,-1
285,-1,1150.900,169.299,107.859,91.014,0.941,-1,-1,-1
285,-1,1192.284,93.783,92.450,59.939,0.928,-1,-1,-1
285,-1,997.698,65.579,105.526,75.471,0.370,-1,-1,-1
286,-1,1038.561,519.579,216.857,168.588,0.997,-1,-1,-1
286,-1,406.823,234.237,283.781,300.565,0.976,-1,-1,-1
286,-1,1154.862,170.560,109.820,86.160,0.922,-1,-1,-1
286,-1,1006.285,65.204,103.886,75.657,0.538,-1,-1,-1
286,-1,1185.838,94.067,91.652,59.479,0.795,-1,-1,-1
287,-1,1036.492,512.011,215.799,168.905,0.996,-1,-1,-1
287,-1,409.938,260.681,271.530,281.689,0.992,-1,-1,-1
287,-1,1013.750,63.230,101.571,77.302,0.674,-1,-1,-1
287,-1,1158.818,171.910,110.581,81.304,0.779,-1,-1,-1
287,-1,1169.792,99.129,80.237,55.416,0.586,-1,-1,-1
288,-1,408.508,263.330,268.147,283.374,0.994,-1,-1,-1
288,-1,1034.863,504.160,217.860,168.417,0.996,-1,-1,-1
288,-1,1172.204,171.527,106.803,78.541,0.887,-1,-1,-1
288,-1,1030.513,68.149,93.223,71.531,0.576,-1,-1,-1
288,-1,1156.738,92.676,92.417,69.622,0.778,-1,-1,-1
289,-1,405.004,267.041,270.446,285.480,0.995,-1,-1,-1
289,-1,1033.749,494.111,216.376,169.042,0.993,-1,-1,-1
289,-1,1034.579,70.288,93.805,70.395,0.560,-1,-1,-1
289,-1,1181.045,166.722,107.128,75.611,0.871,-1,-1,-1
289,-1,1146.020,93.696,94.518,69.124,0.722,-1,-1,-1
290,-1,401.477,269.723,271.272,289.153,0.994,-1,-1,-1
290,-1,1033.012,486.765,214.708,167.356,0.991,-1,-1,-1
290,-1,1186.976,163.095,113.227,79.161,0.962,-1,-1,-1
290,-1,1045.175,77.127,86.059,62.931,0.349,-1,-1,-1
290,-1,1122.688,89.623,105.318,72.741,0.469,-1,-1,-1
290,-1,1219.679,75.794,168.464,81.697,0.228,-1,-1,-1
291,-1,397.615,273.138,274.496,293.222,0.992,-1,-1,-1
291,-1,1032.886,494.684,210.108,144.104,0.987,-1,-1,-1
291,-1,1192.435,159.821,115.411,81.053,0.950,-1,-1,-1
291,-1,1046.740,78.141,85.038,62.302,0.829,-1,-1,-1
291,-1,1115.571,92.555,107.005,73.084,0.703,-1,-1,-1
291,-1,1218.678,76.570,171.070,79.891,0.221,-1,-1,-1
292,-1,393.592,275.110,275.951,301.003,0.993,-1,-1,-1
292,-1,1035.025,487.800,206.595,143.834,0.991,-1,-1,-1
292,-1,1201.716,150.326,120.409,87.618,0.840,-1,-1,-1
292,-1,1050.066,77.328,77.711,64.244,0.628,-1,-1,-1
292,-1,1102.020,101.795,108.408,71.658,0.547,-1,-1,-1
293,-1,389.552,278.565,278.418,305.330,0.993,-1,-1,-1
293,-1,1039.500,481.076,198.178,141.344,0.993,-1,-1,-1
293,-1,1209.330,151.663,115.607,83.254,0.944,-1,-1,-1
293,-1,1061.678,86.526,124.718,77.744,0.541,-1,-1,-1
294,-1,387.311,279.529,276.723,316.722,0.993,-1,-1,-1
294,-1,1037.150,477.264,201.676,137.779,0.972,-1,-1,-1
294,-1,1219.089,151.341,112.659,80.986,0.963,-1,-1,-1
294,-1,1061.232,85.815,114.087,84.314,0.217,-1,-1,-1
295,-1,385.374,281.584,276.620,324.347,0.989,-1,-1,-1
295,-1,1031.949,464.423,206.724,139.723,0.988,-1,-1,-1
295,-1,1227.431,147.508,110.593,84.287,0.950,-1,-1,-1
295,-1,1047.710,79.571,109.693,89.562,0.543,-1,-1,-1
296,-1,1037.273,459.395,198.610,139.726,0.990,-1,-1,-1
296,-1,373.479,288.443,278.331,322.024,0.986,-1,-1,-1
296,-1,1043.457,103.038,102.983,78.842,0.882,-1,-1,-1
296,-1,1233.763,145.642,107.483,83.326,0.880,-1,-1,-1
297,-1,1045.089,453.699,186.436,135.748,0.988,-1,-1,-1
297,-1,358.457,290.340,303.895,329.907,0.990,-1,-1,-1
297,-1,1244.918,140.485,113.135,85.660,0.827,-1,-1,-1
297,-1,1030.843,105.788,106.924,76.762,0.620,-1,-1,-1
298,-1,1049.162,446.436,182.143,135.068,0.988,-1,-1,-1
298,-1,355.042,291.556,305.332,332.478,0.990,-1,-1,-1
298,-1,1256.573,141.133,107.228,82.393,0.925,-1,-1,-1
298,-1,1077.750,78.917,76.532,67.274,0.756,-1,-1,-1
298,-1,1004.564,113.148,109.705,73.609,0.656,-1,-1,-1
299,-1,1058.811,436.901,179.935,142.769,0.984,-1,-1,-1
299,-1,351.008,290.521,306.732,339.072,0.986,-1,-1,-1
299,-1,997.992,111.560,102.542,77.815,0.950,-1,-1,-1
299,-1,1077.437,80.098,78.552,67.701,0.823,-1,-1,-1
299,-1,1266.650,139.804,106.373,80.664,0.865,-1,-1,-1
300,-1,350.523,316.421,298.824,325.014,0.983,-1,-1,-1
300,-1,1058.896,428.132,184.903,138.809,0.985,-1,-1,-1
300,-1,1077.647,81.210,78.948,67.772,0.850,-1,-1,-1
300,-1,971.559,115.206,108.998,74.159,0.639,-1,-1,-1
300,-1,1270.813,138.416,109.546,78.822,0.582,-1,-1,-1
301,-1,1064.744,421.910,178.618,140.115,0.995,-1,-1,-1
301,-1,340.332,320.491,307.300,327.498,0.989,-1,-1,-1
301,-1,965.027,120.000,103.516,72.330,0.963,-1,-1,-1
301,-1,1077.606,81.508,78.343,68.882,0.849,-1,-1,-1
301,-1,1285.326,125.807,107.352,80.397,0.691,-1,-1,-1
301,-1,387.985,213.988,79.690,39.260,0.206,-1,-1,-1
302,-1,1071.714,418.209,174.440,132.398,0.996,-1,-1,-1
302,-1,333.758,318.202,309.042,324.306,0.991,-1,-1,-1
302,-1,1077.153,81.955,77.528,71.333,0.839,-1,-1,-1
302,-1,953.721,122.497,104.107,70.629,0.911,-1,-1,-1
302,-1,1295.924,125.899,103.941,80.427,0.793,-1,-1,-1
302,-1,388.341,214.351,76.876,38.786,0.200,-1,-1,-1
303,-1,1077.710,414.233,173.456,126.769,0.996,-1,-1,-1
303,-1,327.017,324.585,312.317,327.996,0.992,-1,-1,-1
303,-1,1074.939,82.602,78.801,73.043,0.851,-1,-1,-1
303,-1,933.632,125.402,108.554,69.406,0.877,-1,-1,-1
303,-1,1303.883,124.708,105.579,80.292,0.651,-1,-1,-1
304,-1,1081.531,412.035,176.377,122.808,0.996,-1,-1,-1
304,-1,925.419,127.012,104.287,70.504,0.974,-1,-1,-1
304,-1,320.961,331.536,315.990,330.317,0.992,-1,-1,-1
304,-1,1073.665,84.554,79.397,72.906,0.842,-1,-1,-1
304,-1,1316.629,120.564,119.253,84.473,0.404,-1,-1,-1
305,-1,317.060,337.005,320.479,336.339,0.993,-1,-1,-1
305,-1,1084.614,409.823,179.395,122.365,0.992,-1,-1,-1
305,-1,1072.789,81.508,76.522,78.320,0.740,-1,-1,-1
305,-1,1323.704,122.262,115.706,79.616,0.247,-1,-1,-1
305,-1,913.668,127.784,112.211,69.667,0.649,-1,-1,-1
306,-1,311.128,340.654,328.794,344.437,0.993,-1,-1,-1
306,-1,1085.753,396.730,183.136,123.739,0.991,-1,-1,-1
306,-1,892.822,130.996,105.395,71.182,0.952,-1,-1,-1
306,-1,1066.746,83.142,78.683,79.217,0.226,-1,-1,-1
306,-1,1331.031,123.106,113.609,75.510,0.205,-1,-1,-1
307,-1,1099.524,388.647,180.273,123.559,0.997,-1,-1,-1
307,-1,305.303,344.213,336.654,351.571,0.992,-1,-1,-1
307,-1,1066.461,86.693,77.796,76.175,0.210,-1,-1,-1
307,-1,882.283,132.786,104.906,70.575,0.820,-1,-1,-1
307,-1,1336.656,121.008,112.808,74.733,0.513,-1,-1,-1
308,-1,1107.956,383.126,176.390,119.021,0.998,-1,-1,-1
308,-1,296.877,348.707,345.390,354.339,0.988,-1,-1,-1
308,-1,1064.134,90.131,80.309,72.775,0.891,-1,-1,-1
308,-1,859.573,131.916,108.075,72.860,0.693,-1,-1,-1
308,-1,1355.099,115.761,109.709,81.340,0.357,-1,-1,-1
309,-1,1116.010,379.554,175.147,116.525,0.998,-1,-1,-1
309,-1,850.992,134.209,106.257,79.653,0.983,-1,-1,-1
309,-1,289.404,349.287,350.449,358.354,0.981,-1,-1,-1
309,-1,1060.089,92.592,84.324,72.049,0.895,-1,-1,-1
309,-1,1361.404,116.635,106.618,78.081,0.617,-1,-1,-1
310,-1,1121.130,376.934,173.557,117.225,0.997,-1,-1,-1
310,-1,841.578,134.537,105.648,79.954,0.990,-1,-1,-1
310,-1,1056.830,93.679,87.535,72.690,0.887,-1,-1,-1
310,-1,296.129,339.040,347.852,370.353,0.943,-1,-1,-1
310,-1,1366.313,118.270,106.198,75.038,0.852,-1,-1,-1
