1,3,1128.476,86.870,175.765,109.759,1,-1,-1,-1
1,5,500.450,562.275,457.438,250.913,1,-1,-1,-1
1,4,1472.119,519.154,301.142,219.626,1,-1,-1,-1
1,2,1016.907,6.299,160.002,89.664,1,-1,-1,-1
2,3,1152.189,84.608,163.845,100.296,1,-1,-1,-1
2,5,542.124,553.140,467.424,286.674,1,-1,-1,-1
2,4,1462.072,513.528,303.750,218.966,1,-1,-1,-1
2,2,1017.301,6.330,159.262,89.434,1,-1,-1,-1
3,1,1014.395,9.584,170.754,83.243,1,-1,-1,-1
3,3,1172.216,81.187,153.839,95.694,1,-1,-1,-1
3,5,578.851,583.100,476.230,269.588,1,-1,-1,-1
3,4,1446.565,507.497,307.168,214.772,1,-1,-1,-1
4,4,1433.563,500.996,312.627,213.879,1,-1,-1,-1
4,3,1191.594,78.045,145.141,90.801,1,-1,-1,-1
4,5,622.909,586.122,488.772,291.207,1,-1,-1,-1
4,2,1017.402,5.838,159.428,91.048,1,-1,-1,-1
5,7,0.248,543.443,30.375,99.840,1,-1,-1,-1
5,4,1420.314,487.130,315.522,225.136,1,-1,-1,-1
5,3,1212.316,72.761,135.852,90.292,1,-1,-1,-1
5,5,667.597,607.229,524.881,298.644,1,-1,-1,-1
5,2,1017.631,5.627,159.653,91.235,1,-1,-1,-1
6,5,714.224,611.901,521.734,312.724,1,-1,-1,-1
6,3,1226.669,68.320,127.640,89.026,1,-1,-1,-1
6,7,0.301,541.693,31.468,101.756,1,-1,-1,-1
6,6,1014.645,7.664,173.777,87.476,1,-1,-1,-1
6,4,1407.141,486.265,313.655,218.583,1,-1,-1,-1
7,5,775.753,620.003,531.196,338.749,1,-1,-1,-1
7,6,1009.043,5.309,170.774,88.871,1,-1,-1,-1
7,3,1240.799,65.012,117.441,82.688,1,-1,-1,-1
7,7,0.626,541.407,31.553,100.456,1,-1,-1,-1
7,4,1391.586,478.119,318.231,221.546,1,-1,-1,-1
8,4,1377.812,471.342,316.519,218.575,1,-1,-1,-1
8,3,1255.912,57.834,108.695,74.579,1,-1,-1,-1
8,5,828.338,625.712,532.425,357.335,1,-1,-1,-1
8,2,1017.420,6.214,160.661,90.236,1,-1,-1,-1
9,4,1367.503,460.096,314.473,224.127,1,-1,-1,-1
9,3,1263.852,54.235,105.868,74.424,1,-1,-1,-1
9,5,888.798,642.891,530.165,362.876,1,-1,-1,-1
9,2,1016.715,6.290,161.840,90.058,1,-1,-1,-1
10,3,1275.770,50.475,97.484,75.365,1,-1,-1,-1
10,5,943.813,662.731,534.459,362.272,1,-1,-1,-1
10,4,1346.903,457.302,320.576,217.935,1,-1,-1,-1
10,2,1013.857,7.685,173.845,87.516,1,-1,-1,-1
11,3,1283.931,45.159,92.905,74.188,1,-1,-1,-1
11,5,1008.391,684.358,523.302,360.216,1,-1,-1,-1
11,4,1327.402,442.895,322.785,227.625,1,-1,-1,-1
11,2,1016.388,5.305,159.118,91.598,1,-1,-1,-1
12,4,1308.355,439.189,325.160,207.187,1,-1,-1,-1
12,3,1293.219,41.719,85.846,71.131,1,-1,-1,-1
12,8,1008.961,3.477,164.809,92.135,1,-1,-1,-1
12,5,1063.663,708.711,519.812,339.274,1,-1,-1,-1
13,3,1300.234,38.168,81.624,66.387,1,-1,-1,-1
13,5,1135.711,739.350,500.840,320.549,1,-1,-1,-1
13,4,1289.520,428.882,324.271,208.518,1,-1,-1,-1
13,9,1012.110,5.181,158.734,92.875,1,-1,-1,-1
14,3,1307.354,33.832,76.566,66.526,1,-1,-1,-1
14,4,1261.896,422.957,335.857,213.737,1,-1,-1,-1
14,5,1204.056,765.732,484.850,294.668,1,-1,-1,-1
14,8,1012.808,5.218,158.179,93.289,1,-1,-1,-1
15,4,1246.362,416.584,332.734,213.877,1,-1,-1,-1
15,3,1311.325,31.640,75.831,64.442,1,-1,-1,-1
15,8,1010.471,5.664,163.437,91.348,1,-1,-1,-1
15,5,1269.556,786.299,448.774,289.301,1,-1,-1,-1
16,4,1213.773,402.767,339.048,217.418,1,-1,-1,-1
16,3,1318.631,26.793,69.996,63.780,1,-1,-1,-1
16,5,1346.644,810.050,424.513,268.653,1,-1,-1,-1
16,9,1008.475,7.597,159.625,87.478,1,-1,-1,-1
16,8,1011.151,5.681,156.984,92.791,1,-1,-1,-1
17,3,1324.565,22.234,64.636,61.283,1,-1,-1,-1
17,4,1200.720,395.882,329.261,205.183,1,-1,-1,-1
17,5,1413.323,838.660,393.687,237.712,1,-1,-1,-1
17,8,1008.604,5.926,160.013,93.160,1,-1,-1,-1
18,4,1172.185,388.699,333.972,202.510,1,-1,-1,-1
18,3,1327.934,17.644,61.410,59.265,1,-1,-1,-1
18,8,1008.301,4.079,155.827,96.441,1,-1,-1,-1
18,5,1478.988,860.633,372.497,214.811,1,-1,-1,-1
19,10,1004.307,3.761,160.536,96.120,1,-1,-1,-1
19,5,1532.057,884.969,327.879,190.278,1,-1,-1,-1
19,4,1144.237,379.392,332.391,201.545,1,-1,-1,-1
19,3,1330.127,14.892,60.701,59.825,1,-1,-1,-1
20,4,1108.612,369.981,346.760,195.633,1,-1,-1,-1
20,3,1330.862,13.139,59.759,58.315,1,-1,-1,-1
20,10,1004.307,3.761,160.536,96.120,1,-1,-1,-1
20,5,1588.316,906.694,301.834,164.924,1,-1,-1,-1
21,12,1.246,619.597,95.119,134.645,1,-1,-1,-1
21,3,1334.401,10.128,53.796,53.983,1,-1,-1,-1
21,10,997.901,5.237,168.374,96.231,1,-1,-1,-1
21,5,1640.541,924.343,277.908,152.055,1,-1,-1,-1
21,4,1085.607,360.644,338.604,195.399,1,-1,-1,-1
22,4,1055.966,351.128,335.596,189.444,1,-1,-1,-1
22,12,0.000,616.885,100.358,146.987,1,-1,-1,-1
22,3,1333.988,7.032,54.225,52.025,1,-1,-1,-1
22,5,1692.007,936.461,224.912,141.742,1,-1,-1,-1
22,11,996.322,7.125,170.503,96.369,1,-1,-1,-1
23,4,1024.435,339.681,331.760,188.869,1,-1,-1,-1
23,12,0.000,610.462,102.705,150.107,1,-1,-1,-1
23,10,993.278,7.458,174.706,91.345,1,-1,-1,-1
23,3,1335.827,4.371,51.019,47.506,1,-1,-1,-1
24,4,997.549,335.095,332.098,182.378,1,-1,-1,-1
24,12,3.273,606.101,111.129,160.782,1,-1,-1,-1
24,10,990.189,5.926,171.078,97.098,1,-1,-1,-1
24,3,1337.656,1.225,50.255,47.566,1,-1,-1,-1
25,4,964.285,322.351,330.658,183.326,1,-1,-1,-1
25,11,992.602,9.095,168.320,92.050,1,-1,-1,-1
25,12,1.652,606.288,118.946,161.573,1,-1,-1,-1
25,3,1340.191,0.796,49.155,45.182,1,-1,-1,-1
26,3,1339.950,0.704,49.743,41.380,1,-1,-1,-1
26,12,0.224,604.113,125.825,159.719,1,-1,-1,-1
26,11,985.551,2.214,175.599,100.706,1,-1,-1,-1
26,4,926.357,313.623,333.719,179.111,1,-1,-1,-1
27,3,1340.381,1.405,47.726,36.370,1,-1,-1,-1
27,12,0.427,602.173,132.059,165.293,1,-1,-1,-1
27,11,979.584,4.632,177.836,96.773,1,-1,-1,-1
27,4,902.560,307.311,325.809,174.542,1,-1,-1,-1
28,4,871.139,299.332,322.142,172.336,1,-1,-1,-1
28,12,0.000,598.090,140.521,172.085,1,-1,-1,-1
28,13,0.707,523.701,53.330,94.580,1,-1,-1,-1
28,11,975.859,7.336,175.862,95.561,1,-1,-1,-1
28,3,1343.962,0.487,47.750,34.887,1,-1,-1,-1
29,12,0.000,593.806,152.217,176.942,1,-1,-1,-1
29,3,1343.858,0.690,46.167,30.790,1,-1,-1,-1
29,4,840.586,293.907,319.978,167.060,1,-1,-1,-1
29,13,0.532,524.211,54.962,92.352,1,-1,-1,-1
29,14,972.370,6.889,175.660,95.655,1,-1,-1,-1
30,12,0.340,590.017,163.550,195.979,1,-1,-1,-1
30,13,0.000,523.103,59.532,97.612,1,-1,-1,-1
30,4,808.259,286.760,319.143,159.398,1,-1,-1,-1
30,14,961.800,19.692,149.971,81.720,1,-1,-1,-1
30,3,1341.501,0.260,51.087,31.266,1,-1,-1,-1
31,13,0.178,526.361,57.860,95.206,1,-1,-1,-1
31,12,0.117,589.560,172.036,213.319,1,-1,-1,-1
31,11,955.893,2.774,191.141,106.211,1,-1,-1,-1
31,3,1344.075,0.774,46.461,28.571,1,-1,-1,-1
31,4,772.820,280.174,312.423,157.253,1,-1,-1,-1
32,3,1345.160,0.270,45.736,25.936,1,-1,-1,-1
32,13,0.340,524.292,57.560,99.122,1,-1,-1,-1
32,4,739.945,276.767,312.480,154.590,1,-1,-1,-1
32,11,952.047,2.621,191.423,103.545,1,-1,-1,-1
32,12,0.000,584.067,187.836,194.595,1,-1,-1,-1
33,15,944.669,4.988,197.272,110.505,1,-1,-1,-1
33,12,0.083,581.382,199.032,212.335,1,-1,-1,-1
33,13,0.236,523.529,59.459,100.460,1,-1,-1,-1
33,3,1345.599,0.544,48.785,24.121,1,-1,-1,-1
33,4,707.645,271.389,305.719,147.067,1,-1,-1,-1
34,3,1348.593,0.000,40.612,18.713,1,-1,-1,-1
34,12,7.209,581.434,204.083,157.197,1,-1,-1,-1
34,15,931.763,4.487,202.966,111.010,1,-1,-1,-1
34,4,675.289,268.850,305.331,144.117,1,-1,-1,-1
34,13,0.622,521.540,60.296,104.140,1,-1,-1,-1
35,16,1892.737,761.426,26.816,145.109,1,-1,-1,-1
35,12,5.237,578.225,219.397,157.093,1,-1,-1,-1
35,15,929.941,4.345,206.723,110.186,1,-1,-1,-1
35,13,0.453,520.087,72.421,110.859,1,-1,-1,-1
35,4,646.578,264.548,299.929,142.477,1,-1,-1,-1
36,15,913.018,4.140,208.813,111.083,1,-1,-1,-1
36,4,622.595,262.054,285.341,136.467,1,-1,-1,-1
36,13,0.411,516.043,81.559,112.572,1,-1,-1,-1
36,16,1889.553,758.470,29.449,144.810,1,-1,-1,-1
36,12,14.735,569.972,223.006,168.778,1,-1,-1,-1
37,15,909.806,4.821,208.054,115.899,1,-1,-1,-1
37,16,1880.709,748.826,37.495,148.258,1,-1,-1,-1
37,4,595.857,260.116,274.579,135.325,1,-1,-1,-1
37,13,0.457,518.620,71.658,107.692,1,-1,-1,-1
37,12,28.154,566.296,224.134,174.568,1,-1,-1,-1
38,4,561.397,259.694,272.209,129.818,1,-1,-1,-1
38,13,0.707,515.884,73.887,109.749,1,-1,-1,-1
38,15,897.876,7.681,210.807,116.225,1,-1,-1,-1
38,16,1874.115,738.862,43.198,152.545,1,-1,-1,-1
38,12,22.908,565.448,248.989,176.296,1,-1,-1,-1
39,13,2.808,511.296,79.104,114.125,1,-1,-1,-1
39,15,877.282,10.587,220.552,114.925,1,-1,-1,-1
39,4,534.918,260.077,265.332,125.469,1,-1,-1,-1
39,16,1868.870,741.200,49.834,151.285,1,-1,-1,-1
39,12,49.606,562.370,236.683,168.144,1,-1,-1,-1
40,13,2.331,512.625,82.555,110.677,1,-1,-1,-1
40,4,505.636,259.228,262.843,123.976,1,-1,-1,-1
40,12,65.148,557.453,239.169,176.497,1,-1,-1,-1
40,16,1861.417,730.835,58.087,153.090,1,-1,-1,-1
40,15,867.483,15.973,226.941,113.091,1,-1,-1,-1
41,12,70.167,554.107,261.246,174.978,1,-1,-1,-1
41,4,477.169,259.216,256.358,123.001,1,-1,-1,-1
41,15,857.954,16.880,225.490,119.680,1,-1,-1,-1
41,13,0.313,519.541,82.363,103.023,1,-1,-1,-1
42,12,57.159,550.687,297.890,178.467,1,-1,-1,-1
42,4,457.791,260.618,236.772,121.512,1,-1,-1,-1
42,13,1.401,537.088,82.822,83.854,1,-1,-1,-1
42,15,844.925,17.740,233.519,122.159,1,-1,-1,-1
43,15,828.306,20.790,245.846,119.992,1,-1,-1,-1
43,12,100.993,552.175,274.037,172.778,1,-1,-1,-1
43,4,423.417,259.031,233.828,121.119,1,-1,-1,-1
43,13,0.202,522.921,92.462,98.255,1,-1,-1,-1
44,12,98.008,548.707,296.022,176.707,1,-1,-1,-1
44,15,815.681,16.906,245.904,127.163,1,-1,-1,-1
44,13,0.277,516.382,94.578,102.713,1,-1,-1,-1
44,4,401.215,264.207,227.688,118.892,1,-1,-1,-1
45,13,0.559,495.139,117.125,130.864,1,-1,-1,-1
45,4,372.199,271.882,227.095,115.378,1,-1,-1,-1
45,15,801.872,15.264,248.927,131.496,1,-1,-1,-1
45,12,123.928,546.329,292.786,178.680,1,-1,-1,-1
46,13,2.006,493.063,126.329,147.077,1,-1,-1,-1
46,4,345.685,275.460,220.377,114.282,1,-1,-1,-1
46,15,783.776,15.341,252.533,134.715,1,-1,-1,-1
46,12,145.107,542.892,301.989,182.890,1,-1,-1,-1
47,4,324.807,279.723,211.745,113.179,1,-1,-1,-1
47,12,166.036,553.419,307.117,173.553,1,-1,-1,-1
47,15,770.651,18.995,251.542,134.586,1,-1,-1,-1
47,13,1.984,490.062,135.093,157.325,1,-1,-1,-1
48,4,300.312,286.936,205.609,109.783,1,-1,-1,-1
48,15,764.413,32.171,244.592,122.537,1,-1,-1,-1
48,13,0.000,473.407,145.807,162.236,1,-1,-1,-1
48,12,189.194,547.476,311.769,183.137,1,-1,-1,-1
49,12,206.989,544.080,330.378,192.163,1,-1,-1,-1
49,13,0.000,467.573,165.793,166.866,1,-1,-1,-1
49,4,275.099,291.560,197.642,114.053,1,-1,-1,-1
49,15,734.022,31.851,263.381,132.523,1,-1,-1,-1
50,13,2.778,463.463,174.623,174.101,1,-1,-1,-1
50,4,253.914,296.414,194.359,113.920,1,-1,-1,-1
50,15,724.510,37.641,259.005,124.953,1,-1,-1,-1
50,12,224.046,546.162,335.307,195.769,1,-1,-1,-1
51,13,0.976,453.189,198.908,181.024,1,-1,-1,-1
51,4,233.831,301.280,182.017,114.204,1,-1,-1,-1
51,15,704.308,43.167,265.469,126.798,1,-1,-1,-1
51,12,240.104,549.387,359.684,197.924,1,-1,-1,-1
52,4,211.001,305.094,179.910,118.802,1,-1,-1,-1
52,13,11.956,449.093,203.451,175.056,1,-1,-1,-1
52,12,271.324,547.618,363.494,215.214,1,-1,-1,-1
52,15,683.090,48.574,264.790,129.994,1,-1,-1,-1
53,12,291.797,551.979,380.184,215.357,1,-1,-1,-1
53,13,13.135,445.028,212.168,171.842,1,-1,-1,-1
53,4,190.407,315.882,170.798,115.189,1,-1,-1,-1
53,15,664.191,55.155,259.689,124.981,1,-1,-1,-1
54,15,646.920,55.987,262.904,136.907,1,-1,-1,-1
54,4,165.585,322.481,168.295,107.129,1,-1,-1,-1
54,12,320.489,560.596,398.536,223.560,1,-1,-1,-1
54,13,19.497,437.527,220.633,167.221,1,-1,-1,-1
55,15,624.007,58.090,260.931,141.079,1,-1,-1,-1
55,13,49.931,412.622,225.295,181.767,1,-1,-1,-1
55,17,1762.239,674.038,155.048,215.793,1,-1,-1,-1
55,4,146.460,330.533,161.734,102.624,1,-1,-1,-1
55,12,351.836,564.433,411.500,230.977,1,-1,-1,-1
56,15,600.426,65.319,268.061,139.968,1,-1,-1,-1
56,13,62.818,410.992,232.790,174.977,1,-1,-1,-1
56,17,1760.332,671.412,156.218,221.922,1,-1,-1,-1
56,12,383.463,582.754,419.755,225.035,1,-1,-1,-1
56,4,128.499,339.309,156.288,96.227,1,-1,-1,-1
57,17,1760.553,669.761,156.275,223.627,1,-1,-1,-1
57,13,69.141,396.965,248.545,188.221,1,-1,-1,-1
57,15,578.958,61.015,278.195,150.973,1,-1,-1,-1
57,12,414.613,582.848,441.860,240.091,1,-1,-1,-1
58,13,90.081,392.375,256.544,175.689,1,-1,-1,-1
58,4,95.793,356.193,145.753,99.476,1,-1,-1,-1
58,17,1755.614,665.020,161.778,224.666,1,-1,-1,-1
58,15,557.163,63.708,280.438,153.363,1,-1,-1,-1
58,12,446.563,593.798,463.839,250.484,1,-1,-1,-1
59,13,111.022,387.784,264.543,163.158,1,-1,-1,-1
59,4,79.439,364.635,140.486,101.101,1,-1,-1,-1
59,17,1751.301,664.152,168.056,226.374,1,-1,-1,-1
59,12,489.118,590.285,463.275,271.397,1,-1,-1,-1
59,15,537.498,66.573,273.879,159.015,1,-1,-1,-1
60,15,515.755,68.665,276.110,163.081,1,-1,-1,-1
60,17,1747.301,661.172,172.582,227.788,1,-1,-1,-1
60,12,533.452,604.814,475.359,276.399,1,-1,-1,-1
60,13,128.962,373.661,275.068,176.522,1,-1,-1,-1
60,4,63.086,373.077,135.219,102.726,1,-1,-1,-1
61,15,549.505,75.323,211.300,67.067,1,-1,-1,-1
61,12,566.576,613.410,497.521,288.528,1,-1,-1,-1
61,17,1741.511,657.574,175.036,230.732,1,-1,-1,-1
61,13,147.412,355.809,285.241,192.435,1,-1,-1,-1
61,4,46.733,381.519,129.951,104.350,1,-1,-1,-1
62,4,30.380,389.961,124.684,105.975,1,-1,-1,-1
62,13,177.010,349.378,284.225,184.980,1,-1,-1,-1
62,12,617.129,620.170,507.979,310.597,1,-1,-1,-1
62,18,467.076,95.200,275.678,153.338,1,-1,-1,-1
62,17,1737.721,654.495,178.757,234.705,1,-1,-1,-1
63,4,9.297,400.894,123.681,103.153,1,-1,-1,-1
63,13,200.202,339.705,297.251,184.281,1,-1,-1,-1
63,17,1733.774,652.428,181.413,235.681,1,-1,-1,-1
63,12,667.683,626.931,518.438,332.667,1,-1,-1,-1
63,18,444.117,99.363,275.043,158.165,1,-1,-1,-1
64,17,1730.170,650.016,187.072,236.899,1,-1,-1,-1
64,13,217.085,327.502,315.474,193.765,1,-1,-1,-1
64,4,2.179,409.299,110.208,106.129,1,-1,-1,-1
64,18,418.098,102.673,268.859,166.782,1,-1,-1,-1
64,12,718.236,633.691,528.896,354.736,1,-1,-1,-1
65,17,1718.184,646.970,199.917,236.265,1,-1,-1,-1
65,13,251.604,313.356,324.997,195.949,1,-1,-1,-1
65,4,3.776,420.918,89.548,93.654,1,-1,-1,-1
65,12,768.912,647.927,532.896,342.838,1,-1,-1,-1
65,18,394.377,108.281,272.706,167.522,1,-1,-1,-1
66,13,289.531,302.622,317.459,191.693,1,-1,-1,-1
66,17,1712.203,642.600,207.588,232.301,1,-1,-1,-1
66,18,370.146,115.169,262.118,171.177,1,-1,-1,-1
66,12,822.522,665.427,547.158,349.772,1,-1,-1,-1
66,4,0.007,430.352,75.455,85.977,1,-1,-1,-1
67,4,0.220,437.526,61.587,79.895,1,-1,-1,-1
67,13,327.457,291.889,309.921,187.437,1,-1,-1,-1
67,12,878.506,686.643,547.029,356.892,1,-1,-1,-1
67,17,1707.953,640.449,210.923,232.798,1,-1,-1,-1
67,18,349.272,125.798,257.051,171.282,1,-1,-1,-1
68,17,1693.203,627.196,225.997,241.721,1,-1,-1,-1
68,13,366.749,277.361,317.411,188.352,1,-1,-1,-1
68,12,938.082,702.745,545.134,345.388,1,-1,-1,-1
68,4,0.107,448.789,43.077,72.283,1,-1,-1,-1
68,18,325.343,131.376,256.586,177.429,1,-1,-1,-1
69,17,1678.160,618.328,241.142,244.604,1,-1,-1,-1
69,13,406.040,262.833,324.901,189.268,1,-1,-1,-1
69,12,1003.334,725.439,541.793,334.247,1,-1,-1,-1
69,18,301.415,136.954,256.120,183.576,1,-1,-1,-1
70,12,1055.392,747.388,546.625,321.725,1,-1,-1,-1
70,17,1672.293,606.958,245.832,249.637,1,-1,-1,-1
70,18,277.486,142.532,255.655,189.723,1,-1,-1,-1
70,13,445.331,248.305,332.392,190.184,1,-1,-1,-1
71,17,1655.931,603.088,259.774,244.168,1,-1,-1,-1
71,18,250.260,168.778,249.452,175.226,1,-1,-1,-1
71,13,484.623,233.777,339.882,191.099,1,-1,-1,-1
71,12,1129.911,771.509,508.188,303.415,1,-1,-1,-1
72,17,1638.323,594.214,270.359,252.098,1,-1,-1,-1
72,12,1198.414,796.390,495.403,277.197,1,-1,-1,-1
72,13,527.918,218.503,343.151,190.670,1,-1,-1,-1
72,18,230.263,175.254,244.745,179.638,1,-1,-1,-1
73,13,571.213,203.230,346.420,190.241,1,-1,-1,-1
73,18,204.191,182.383,241.060,186.193,1,-1,-1,-1
73,17,1621.247,591.480,283.918,243.871,1,-1,-1,-1
73,12,1265.978,821.913,473.488,248.928,1,-1,-1,-1
74,12,1338.357,839.961,420.228,236.844,1,-1,-1,-1
74,17,1605.486,581.557,290.721,247.924,1,-1,-1,-1
74,13,614.041,195.306,344.008,178.675,1,-1,-1,-1
74,18,183.175,193.748,240.887,183.985,1,-1,-1,-1
75,13,658.629,182.302,337.978,176.049,1,-1,-1,-1
75,18,156.327,192.550,233.532,196.261,1,-1,-1,-1
75,12,1401.620,865.542,394.704,210.805,1,-1,-1,-1
75,17,1581.349,577.276,310.458,243.946,1,-1,-1,-1
76,12,1459.880,885.959,367.538,192.586,1,-1,-1,-1
76,13,703.217,169.298,331.948,173.423,1,-1,-1,-1
76,17,1570.122,566.072,303.023,240.427,1,-1,-1,-1
76,18,140.764,222.253,216.481,180.989,1,-1,-1,-1
77,12,1519.116,906.766,352.477,173.202,1,-1,-1,-1
77,13,747.804,156.295,325.919,170.798,1,-1,-1,-1
77,17,1547.300,556.010,300.974,245.675,1,-1,-1,-1
77,18,121.303,230.062,211.568,183.583,1,-1,-1,-1
78,12,1578.898,923.694,322.913,153.993,1,-1,-1,-1
78,13,792.392,143.291,319.889,168.172,1,-1,-1,-1
78,17,1517.033,553.961,314.007,233.200,1,-1,-1,-1
78,18,99.006,252.380,208.450,172.120,1,-1,-1,-1
79,12,1629.471,935.898,282.695,139.576,1,-1,-1,-1
79,18,79.279,248.995,210.395,184.993,1,-1,-1,-1
79,13,835.942,144.182,306.275,152.496,1,-1,-1,-1
79,17,1505.412,529.708,308.269,251.038,1,-1,-1,-1
80,18,62.335,262.801,201.989,185.159,1,-1,-1,-1
80,17,1474.259,518.140,324.868,246.767,1,-1,-1,-1
80,13,879.123,135.467,293.581,145.063,1,-1,-1,-1
80,12,1682.015,928.283,236.985,147.494,1,-1,-1,-1
81,17,1458.039,509.180,322.119,245.279,1,-1,-1,-1
81,13,917.080,124.124,282.828,144.795,1,-1,-1,-1
81,12,1752.510,929.655,166.490,145.693,1,-1,-1,-1
81,18,47.290,278.060,193.706,182.882,1,-1,-1,-1
82,12,1766.455,974.493,153.070,102.061,1,-1,-1,-1
82,13,956.917,117.320,265.091,138.220,1,-1,-1,-1
82,17,1418.358,492.128,331.459,243.070,1,-1,-1,-1
82,18,28.343,288.279,190.380,180.429,1,-1,-1,-1
83,17,1387.946,471.329,341.875,254.307,1,-1,-1,-1
83,13,996.753,110.515,247.354,131.645,1,-1,-1,-1
83,18,14.455,305.173,179.903,184.391,1,-1,-1,-1
84,13,1029.979,103.194,232.318,127.769,1,-1,-1,-1
84,18,2.229,319.280,166.780,156.122,1,-1,-1,-1
84,17,1360.997,450.013,344.295,255.828,1,-1,-1,-1
85,17,1329.211,444.358,344.240,258.346,1,-1,-1,-1
85,18,0.000,328.721,148.993,167.306,1,-1,-1,-1
85,13,1063.204,95.873,217.282,123.894,1,-1,-1,-1
86,17,1292.034,426.081,354.596,258.684,1,-1,-1,-1
86,13,1096.430,88.552,202.246,120.018,1,-1,-1,-1
86,18,0.711,342.729,126.026,146.413,1,-1,-1,-1
86,20,0.000,507.469,77.907,277.233,1,-1,-1,-1
87,17,1263.956,412.339,351.420,258.887,1,-1,-1,-1
87,13,1129.576,82.739,182.991,111.984,1,-1,-1,-1
87,20,0.000,543.937,96.867,173.130,1,-1,-1,-1
87,18,0.000,350.286,106.947,142.638,1,-1,-1,-1
88,17,1224.397,395.011,361.032,246.206,1,-1,-1,-1
88,20,1.138,611.551,69.464,144.234,1,-1,-1,-1
88,19,0.048,529.996,89.265,92.067,1,-1,-1,-1
88,18,0.035,366.275,85.178,134.675,1,-1,-1,-1
88,13,1151.206,79.437,177.022,106.741,1,-1,-1,-1
89,18,0.000,389.011,64.510,116.366,1,-1,-1,-1
89,20,0.000,536.872,97.450,172.778,1,-1,-1,-1
89,13,1175.404,70.596,162.763,104.571,1,-1,-1,-1
89,17,1191.086,388.285,360.875,244.489,1,-1,-1,-1
90,20,0.896,546.031,92.695,191.063,1,-1,-1,-1
90,13,1198.961,65.973,149.923,100.229,1,-1,-1,-1
90,18,0.418,399.474,44.161,96.968,1,-1,-1,-1
90,17,1148.391,380.063,368.087,236.224,1,-1,-1,-1
91,13,1217.892,61.301,139.020,94.417,1,-1,-1,-1
91,19,0.326,522.714,96.473,100.012,1,-1,-1,-1
91,20,1.490,613.062,69.566,145.576,1,-1,-1,-1
91,17,1125.385,367.234,365.577,231.741,1,-1,-1,-1
92,19,0.339,522.720,97.069,100.459,1,-1,-1,-1
92,20,3.349,616.595,66.628,134.409,1,-1,-1,-1
92,17,1090.309,352.273,362.071,231.618,1,-1,-1,-1
92,13,1236.822,56.629,128.117,88.605,1,-1,-1,-1
93,17,1049.571,339.232,363.568,225.544,1,-1,-1,-1
93,19,0.451,522.510,97.668,99.559,1,-1,-1,-1
93,13,1250.914,53.907,123.192,76.512,1,-1,-1,-1
93,20,3.251,613.442,67.648,135.593,1,-1,-1,-1
94,19,0.594,521.850,100.041,98.883,1,-1,-1,-1
94,13,1267.631,49.834,111.326,79.161,1,-1,-1,-1
94,17,1013.413,325.899,356.636,222.197,1,-1,-1,-1
94,20,2.328,611.883,73.133,138.153,1,-1,-1,-1
95,20,2.567,613.135,76.105,135.682,1,-1,-1,-1
95,13,1279.735,44.105,104.762,77.235,1,-1,-1,-1
95,17,977.994,310.186,355.273,221.764,1,-1,-1,-1
95,19,0.000,522.815,105.445,99.098,1,-1,-1,-1
96,13,1291.840,38.377,98.198,75.308,1,-1,-1,-1
96,20,0.672,616.992,80.404,126.898,1,-1,-1,-1
96,17,944.918,300.103,350.708,209.676,1,-1,-1,-1
96,19,0.692,524.057,104.955,99.389,1,-1,-1,-1
97,17,913.220,292.516,341.323,202.397,1,-1,-1,-1
97,20,1.313,569.948,97.128,172.419,1,-1,-1,-1
97,13,1303.944,32.648,91.634,73.382,1,-1,-1,-1
98,13,1313.642,29.444,83.905,72.148,1,-1,-1,-1
98,17,880.226,283.628,333.099,197.594,1,-1,-1,-1
98,20,0.418,584.526,94.841,157.195,1,-1,-1,-1
99,13,1319.753,27.112,79.587,69.991,1,-1,-1,-1
99,17,842.723,270.606,334.339,194.962,1,-1,-1,-1
99,20,2.254,578.534,103.539,165.064,1,-1,-1,-1
100,19,4.317,631.522,104.145,159.743,1,-1,-1,-1
100,13,1326.521,23.113,75.733,69.502,1,-1,-1,-1
100,17,806.744,262.685,333.066,190.382,1,-1,-1,-1
101,20,0.002,583.284,117.168,155.799,1,-1,-1,-1
101,17,770.173,255.597,327.859,183.420,1,-1,-1,-1
101,13,1333.771,19.674,72.153,66.287,1,-1,-1,-1
101,19,5.179,668.248,104.145,159.743,1,-1,-1,-1
102,19,0.000,593.875,125.526,144.642,1,-1,-1,-1
102,13,1341.020,16.236,68.573,63.073,1,-1,-1,-1
102,17,737.030,249.055,319.784,180.600,1,-1,-1,-1
103,21,1.628,554.560,132.840,182.308,1,-1,-1,-1
103,17,702.670,243.819,314.418,172.583,1,-1,-1,-1
103,13,1342.772,13.795,68.559,61.228,1,-1,-1,-1
104,17,670.113,235.864,312.397,171.741,1,-1,-1,-1
104,21,0.000,557.315,142.740,178.753,1,-1,-1,-1
104,13,1347.812,11.082,65.990,58.989,1,-1,-1,-1
105,17,637.834,234.732,301.088,161.278,1,-1,-1,-1
105,13,1352.517,8.433,60.042,55.671,1,-1,-1,-1
105,20,0.000,571.098,156.696,164.545,1,-1,-1,-1
106,13,1355.859,6.137,59.307,52.487,1,-1,-1,-1
106,22,1483.748,5.254,34.059,26.858,1,-1,-1,-1
106,17,605.795,231.744,294.735,158.071,1,-1,-1,-1
106,21,2.750,566.780,161.726,169.557,1,-1,-1,-1
107,17,571.920,232.965,292.797,148.164,1,-1,-1,-1
107,22,1483.588,5.163,34.075,27.215,1,-1,-1,-1
107,13,1359.504,3.688,57.749,49.280,1,-1,-1,-1
107,24,1868.184,786.375,49.407,126.206,1,-1,-1,-1
107,23,4.653,549.991,174.187,198.938,1,-1,-1,-1
108,22,1483.226,4.002,35.168,28.740,1,-1,-1,-1
108,24,1866.880,786.474,50.826,126.367,1,-1,-1,-1
108,20,3.121,555.938,194.448,199.249,1,-1,-1,-1
108,13,1364.414,2.030,53.166,47.914,1,-1,-1,-1
108,17,542.535,231.532,280.746,144.834,1,-1,-1,-1
109,22,1483.536,3.748,34.878,28.932,1,-1,-1,-1
109,13,1367.091,1.108,49.962,44.654,1,-1,-1,-1
109,17,511.982,232.592,270.450,134.453,1,-1,-1,-1
109,24,1864.957,786.069,53.687,125.070,1,-1,-1,-1
109,23,7.539,527.089,205.148,243.435,1,-1,-1,-1
110,20,2.962,526.835,221.680,214.407,1,-1,-1,-1
110,13,1368.779,1.114,49.409,41.719,1,-1,-1,-1
110,17,485.323,234.362,267.735,134.848,1,-1,-1,-1
110,24,1862.719,783.738,56.065,127.321,1,-1,-1,-1
111,23,4.641,512.189,246.056,233.612,1,-1,-1,-1
111,17,455.809,233.364,260.786,134.718,1,-1,-1,-1
111,24,1862.577,782.712,55.820,126.816,1,-1,-1,-1
111,13,1371.327,1.418,48.097,36.259,1,-1,-1,-1
112,24,1860.625,781.911,56.922,128.388,1,-1,-1,-1
112,13,1373.901,1.631,44.882,32.569,1,-1,-1,-1
112,17,426.239,234.134,257.023,133.047,1,-1,-1,-1
112,23,8.941,513.447,269.415,223.944,1,-1,-1,-1
113,13,1375.753,0.949,43.232,29.958,1,-1,-1,-1
113,17,401.992,238.014,246.987,130.828,1,-1,-1,-1
113,24,1860.955,781.363,57.316,128.044,1,-1,-1,-1
113,23,20.759,513.557,282.779,217.736,1,-1,-1,-1
114,17,374.110,240.226,241.172,131.210,1,-1,-1,-1
114,24,1860.132,780.339,57.779,129.550,1,-1,-1,-1
114,23,36.058,500.165,295.987,223.675,1,-1,-1,-1
114,13,1377.242,0.002,46.042,28.771,1,-1,-1,-1
115,24,1859.292,779.773,58.021,130.556,1,-1,-1,-1
115,23,51.357,486.773,309.196,229.613,1,-1,-1,-1
115,25,2.078,511.141,125.582,132.271,1,-1,-1,-1
115,13,1377.127,0.029,45.009,28.637,1,-1,-1,-1
115,17,350.487,243.671,233.715,134.389,1,-1,-1,-1
116,23,66.656,473.381,322.405,235.552,1,-1,-1,-1
116,24,1858.921,778.918,58.288,131.739,1,-1,-1,-1
116,17,325.051,244.851,220.192,141.124,1,-1,-1,-1
116,13,1380.871,1.394,36.784,23.464,1,-1,-1,-1
116,25,2.353,509.762,131.365,131.127,1,-1,-1,-1
117,24,1858.716,778.587,58.562,131.223,1,-1,-1,-1
117,25,1.351,507.936,139.847,133.248,1,-1,-1,-1
117,23,81.955,459.989,335.613,241.491,1,-1,-1,-1
117,17,303.821,250.259,215.936,134.478,1,-1,-1,-1
117,13,1380.246,0.000,38.938,22.498,1,-1,-1,-1
118,17,277.393,258.399,213.495,135.342,1,-1,-1,-1
118,23,111.455,451.511,330.906,235.876,1,-1,-1,-1
118,25,2.424,504.500,132.788,136.966,1,-1,-1,-1
118,24,1858.010,778.336,59.416,131.228,1,-1,-1,-1
118,13,1379.236,0.044,40.302,20.736,1,-1,-1,-1
119,25,2.325,504.911,136.067,134.236,1,-1,-1,-1
119,24,1857.797,778.632,60.768,129.557,1,-1,-1,-1
119,23,136.853,437.693,345.135,237.167,1,-1,-1,-1
119,13,1382.403,0.000,36.937,17.613,1,-1,-1,-1
119,17,253.149,264.704,210.560,136.391,1,-1,-1,-1
120,23,162.250,423.874,359.365,238.459,1,-1,-1,-1
120,17,230.279,271.802,210.842,134.188,1,-1,-1,-1
120,25,2.597,502.110,137.579,136.817,1,-1,-1,-1
120,24,1868.240,778.021,50.760,130.277,1,-1,-1,-1
120,13,1382.391,0.000,39.253,16.430,1,-1,-1,-1
121,25,5.308,498.578,141.168,136.726,1,-1,-1,-1
121,24,1856.233,778.103,61.089,129.920,1,-1,-1,-1
121,23,187.648,410.056,373.594,239.750,1,-1,-1,-1
121,13,1385.242,0.000,33.717,13.422,1,-1,-1,-1
121,17,211.202,282.042,188.858,135.952,1,-1,-1,-1
122,24,1855.081,778.393,62.413,128.970,1,-1,-1,-1
122,25,7.600,493.934,145.731,140.906,1,-1,-1,-1
122,23,213.807,398.307,392.522,236.582,1,-1,-1,-1
122,13,1387.581,0.000,30.040,9.334,1,-1,-1,-1
122,17,188.933,292.061,181.817,136.077,1,-1,-1,-1
123,24,1854.017,777.133,63.074,131.861,1,-1,-1,-1
123,25,3.154,499.645,152.851,124.260,1,-1,-1,-1
123,23,260.349,391.426,381.694,190.203,1,-1,-1,-1
123,17,164.363,299.027,179.712,137.805,1,-1,-1,-1
124,17,143.878,304.056,176.407,140.165,1,-1,-1,-1
124,25,6.048,483.100,160.898,141.751,1,-1,-1,-1
124,23,291.888,374.188,400.577,209.636,1,-1,-1,-1
124,24,1851.512,775.309,67.251,133.938,1,-1,-1,-1
125,23,323.428,356.949,419.459,229.069,1,-1,-1,-1
125,24,1852.188,776.391,65.194,135.691,1,-1,-1,-1
125,17,122.279,318.567,166.225,135.187,1,-1,-1,-1
125,25,9.461,478.523,170.501,139.787,1,-1,-1,-1
125,26,20.533,541.674,127.750,78.964,1,-1,-1,-1
126,23,360.123,341.318,400.888,234.674,1,-1,-1,-1
126,24,1850.108,775.984,67.196,133.078,1,-1,-1,-1
126,27,1188.240,0.078,52.431,9.861,1,-1,-1,-1
126,17,100.211,327.444,165.682,135.406,1,-1,-1,-1
126,25,10.796,473.485,179.589,144.348,1,-1,-1,-1
127,23,401.418,325.558,412.440,246.284,1,-1,-1,-1
127,25,16.363,464.849,181.370,142.174,1,-1,-1,-1
127,24,1848.013,773.768,69.853,137.702,1,-1,-1,-1
127,17,85.933,334.499,156.835,132.730,1,-1,-1,-1
127,26,29.652,544.018,119.503,65.798,1,-1,-1,-1
127,27,1185.951,0.006,54.985,14.988,1,-1,-1,-1
128,17,64.125,343.944,151.061,136.053,1,-1,-1,-1
128,27,1184.335,0.000,53.203,16.454,1,-1,-1,-1
128,25,21.239,459.935,188.749,143.013,1,-1,-1,-1
128,24,1845.871,772.776,71.796,137.411,1,-1,-1,-1
128,23,441.101,311.900,434.920,246.020,1,-1,-1,-1
129,23,496.847,293.237,426.107,255.132,1,-1,-1,-1
129,24,1844.433,770.802,75.119,139.650,1,-1,-1,-1
129,25,41.983,455.324,180.135,143.301,1,-1,-1,-1
129,17,44.161,354.125,148.615,135.736,1,-1,-1,-1
129,27,1180.413,0.396,58.954,19.033,1,-1,-1,-1
130,23,534.117,282.618,432.093,246.355,1,-1,-1,-1
130,24,1845.106,771.728,74.772,138.791,1,-1,-1,-1
130,25,52.008,447.045,182.990,140.750,1,-1,-1,-1
130,17,26.202,368.029,142.204,136.373,1,-1,-1,-1
130,27,1176.350,0.297,59.368,21.610,1,-1,-1,-1
131,27,1173.439,0.481,61.694,25.345,1,-1,-1,-1
131,24,1838.917,772.149,80.705,132.259,1,-1,-1,-1
131,17,9.492,378.372,135.882,130.719,1,-1,-1,-1
131,25,53.305,443.774,204.994,142.182,1,-1,-1,-1
131,23,581.542,272.839,426.983,234.159,1,-1,-1,-1
132,25,59.849,433.167,210.406,141.329,1,-1,-1,-1
132,17,0.975,387.842,121.786,126.057,1,-1,-1,-1
132,27,1170.108,0.917,62.179,26.533,1,-1,-1,-1
132,23,628.967,263.060,421.873,221.963,1,-1,-1,-1
132,24,1840.035,768.952,78.965,135.002,1,-1,-1,-1
133,25,83.052,427.222,204.979,136.780,1,-1,-1,-1
133,23,680.328,247.136,409.031,219.630,1,-1,-1,-1
133,27,1165.579,0.464,64.918,29.042,1,-1,-1,-1
133,24,1830.417,765.596,87.962,143.488,1,-1,-1,-1
133,17,0.000,403.304,101.392,98.956,1,-1,-1,-1
134,23,731.690,231.212,396.189,217.297,1,-1,-1,-1
134,25,101.080,421.090,206.706,142.031,1,-1,-1,-1
134,17,0.000,416.851,78.290,98.088,1,-1,-1,-1
134,27,1165.086,0.892,62.830,32.060,1,-1,-1,-1
134,24,1826.604,765.963,92.350,143.095,1,-1,-1,-1
135,25,111.489,409.443,213.947,138.112,1,-1,-1,-1
135,17,0.311,431.295,58.340,83.181,1,-1,-1,-1
135,27,1161.042,0.000,65.420,34.700,1,-1,-1,-1
135,24,1826.552,767.133,91.884,142.289,1,-1,-1,-1
135,23,777.423,221.318,383.434,210.077,1,-1,-1,-1
136,24,1814.660,761.458,105.141,143.425,1,-1,-1,-1
136,23,823.157,211.424,370.678,202.858,1,-1,-1,-1
136,27,1158.101,0.634,67.014,37.512,1,-1,-1,-1
136,17,0.030,439.958,41.097,78.213,1,-1,-1,-1
136,25,126.609,400.917,219.615,147.629,1,-1,-1,-1
137,24,1809.334,755.273,107.587,145.525,1,-1,-1,-1
137,25,149.144,393.241,219.428,147.804,1,-1,-1,-1
137,23,868.890,201.531,357.923,195.638,1,-1,-1,-1
137,27,1152.374,1.438,70.086,39.198,1,-1,-1,-1
137,17,0.354,455.626,23.126,66.080,1,-1,-1,-1
138,24,1808.746,754.662,107.195,144.901,1,-1,-1,-1
138,25,165.431,380.638,227.909,145.167,1,-1,-1,-1
138,27,1149.058,0.838,70.358,42.172,1,-1,-1,-1
138,23,914.624,191.637,345.167,188.419,1,-1,-1,-1
139,24,1794.711,751.579,125.222,159.304,1,-1,-1,-1
139,25,189.696,372.610,228.746,148.232,1,-1,-1,-1
139,23,960.357,181.743,332.412,181.199,1,-1,-1,-1
139,27,1146.747,0.462,69.652,45.585,1,-1,-1,-1
140,24,1784.160,747.124,134.875,163.277,1,-1,-1,-1
140,25,208.723,360.222,232.548,146.955,1,-1,-1,-1
140,23,1005.944,172.858,314.515,171.988,1,-1,-1,-1
140,27,1142.583,0.541,72.875,48.701,1,-1,-1,-1
141,25,233.350,348.169,246.965,150.094,1,-1,-1,-1
141,24,1775.375,740.537,142.997,169.957,1,-1,-1,-1
141,23,1044.603,163.796,294.069,165.934,1,-1,-1,-1
141,27,1137.787,0.505,77.062,50.435,1,-1,-1,-1
142,27,1132.130,1.891,82.880,53.868,1,-1,-1,-1
142,25,258.850,335.993,240.882,147.743,1,-1,-1,-1
142,23,1083.261,154.733,273.622,159.879,1,-1,-1,-1
142,24,1767.563,732.415,150.508,178.636,1,-1,-1,-1
143,23,1117.203,139.943,251.579,159.519,1,-1,-1,-1
143,24,1765.229,738.119,149.545,174.345,1,-1,-1,-1
143,27,1125.643,1.637,87.102,56.449,1,-1,-1,-1
143,25,283.611,323.328,248.726,153.542,1,-1,-1,-1
144,23,1149.138,140.854,245.331,146.278,1,-1,-1,-1
144,24,1734.689,723.658,183.570,184.991,1,-1,-1,-1
144,27,1122.069,3.023,90.481,56.501,1,-1,-1,-1
144,25,316.580,309.867,246.369,151.209,1,-1,-1,-1
145,24,1721.626,719.843,189.032,183.280,1,-1,-1,-1
145,25,339.170,301.207,260.038,150.311,1,-1,-1,-1
145,23,1177.828,129.167,228.921,145.880,1,-1,-1,-1
145,27,1116.476,3.874,92.749,58.428,1,-1,-1,-1
146,24,1700.391,707.063,213.334,186.478,1,-1,-1,-1
146,25,374.151,286.549,256.592,148.439,1,-1,-1,-1
146,27,1112.022,1.371,95.987,65.227,1,-1,-1,-1
146,23,1206.518,117.479,212.511,145.481,1,-1,-1,-1
147,25,410.783,275.554,261.071,145.350,1,-1,-1,-1
147,27,1111.198,0.000,92.598,65.677,1,-1,-1,-1
147,24,1687.585,700.844,219.908,188.279,1,-1,-1,-1
147,23,1231.725,112.766,195.257,136.142,1,-1,-1,-1
148,24,1660.343,693.961,240.229,193.907,1,-1,-1,-1
148,27,1101.495,2.077,101.540,68.740,1,-1,-1,-1
148,25,443.526,260.666,269.816,147.230,1,-1,-1,-1
148,23,1254.546,105.514,179.811,131.578,1,-1,-1,-1
149,23,1277.367,98.262,164.364,127.014,1,-1,-1,-1
149,27,1099.044,2.990,97.272,71.164,1,-1,-1,-1
149,24,1637.956,684.728,246.006,194.310,1,-1,-1,-1
149,25,480.212,250.545,266.579,144.642,1,-1,-1,-1
150,24,1617.504,672.132,246.663,197.801,1,-1,-1,-1
150,23,1295.738,93.717,155.210,122.109,1,-1,-1,-1
150,27,1092.703,1.554,101.449,73.884,1,-1,-1,-1
150,25,518.518,238.147,270.956,141.842,1,-1,-1,-1
151,30,0.539,640.862,81.746,111.490,1,-1,-1,-1
151,25,560.236,223.771,261.970,140.258,1,-1,-1,-1
151,24,1585.806,661.081,262.636,202.806,1,-1,-1,-1
151,27,1083.621,3.869,107.924,75.067,1,-1,-1,-1
151,23,1313.982,91.336,148.017,112.551,1,-1,-1,-1
151,29,0.818,544.568,25.241,92.043,1,-1,-1,-1
152,30,1.285,635.820,94.029,110.967,1,-1,-1,-1
152,25,596.102,214.738,268.788,135.958,1,-1,-1,-1
152,24,1561.052,652.754,270.053,198.449,1,-1,-1,-1
152,27,1078.361,4.974,112.653,75.262,1,-1,-1,-1
152,23,1329.886,81.238,132.075,117.538,1,-1,-1,-1
152,29,0.717,542.874,28.453,92.377,1,-1,-1,-1
153,29,0.485,539.748,35.778,95.111,1,-1,-1,-1
153,23,1341.818,79.739,127.968,107.036,1,-1,-1,-1
153,28,1071.591,2.052,118.973,79.365,1,-1,-1,-1
153,30,1.862,626.473,106.419,118.613,1,-1,-1,-1
153,24,1526.724,642.412,277.942,202.496,1,-1,-1,-1
153,25,636.789,201.441,267.749,133.595,1,-1,-1,-1
154,23,1355.878,76.473,111.641,98.090,1,-1,-1,-1
154,30,0.000,613.253,118.850,133.910,1,-1,-1,-1
154,24,1493.563,629.700,291.971,205.064,1,-1,-1,-1
154,27,1066.142,3.887,123.586,78.462,1,-1,-1,-1
154,25,675.486,194.418,265.443,129.691,1,-1,-1,-1
155,30,0.512,619.516,126.260,124.735,1,-1,-1,-1
155,25,715.505,181.468,260.889,127.486,1,-1,-1,-1
155,23,1368.944,66.099,100.945,99.553,1,-1,-1,-1
155,28,1061.252,2.420,124.911,82.266,1,-1,-1,-1
155,24,1453.488,607.934,300.703,217.653,1,-1,-1,-1
156,23,1374.824,63.436,94.826,91.044,1,-1,-1,-1
156,31,1054.952,6.144,128.551,77.321,1,-1,-1,-1
156,30,0.659,613.464,138.825,126.136,1,-1,-1,-1
156,24,1416.350,599.071,310.702,211.831,1,-1,-1,-1
156,25,754.073,173.913,261.206,124.170,1,-1,-1,-1
157,30,1.098,609.497,141.986,129.656,1,-1,-1,-1
157,24,1379.667,583.768,314.966,212.217,1,-1,-1,-1
157,25,791.916,165.873,255.710,116.405,1,-1,-1,-1
157,23,1383.240,59.038,91.437,88.767,1,-1,-1,-1
157,31,1052.177,3.991,130.273,84.972,1,-1,-1,-1
158,30,0.000,600.561,154.307,166.428,1,-1,-1,-1
158,24,1334.935,566.799,322.467,214.516,1,-1,-1,-1
158,25,831.653,155.051,247.226,119.134,1,-1,-1,-1
158,23,1389.496,53.288,88.193,89.345,1,-1,-1,-1
158,31,1052.177,3.991,130.273,84.972,1,-1,-1,-1
159,31,1043.348,7.607,135.523,83.551,1,-1,-1,-1
159,23,1395.577,50.684,82.210,78.833,1,-1,-1,-1
159,24,1291.975,550.390,331.353,214.878,1,-1,-1,-1
159,25,874.488,151.497,238.255,109.128,1,-1,-1,-1
159,30,0.000,597.243,169.120,198.405,1,-1,-1,-1
160,30,0.000,592.550,173.298,191.646,1,-1,-1,-1
160,24,1247.386,536.171,340.218,213.085,1,-1,-1,-1
160,25,907.408,142.339,233.202,107.358,1,-1,-1,-1
160,23,1400.124,45.605,76.191,78.761,1,-1,-1,-1
160,31,1037.946,8.924,135.892,83.443,1,-1,-1,-1
161,30,0.000,589.438,184.063,187.534,1,-1,-1,-1
161,25,950.859,135.193,217.105,103.444,1,-1,-1,-1
161,31,1039.518,7.493,132.615,87.508,1,-1,-1,-1
161,24,1198.019,514.579,356.030,221.308,1,-1,-1,-1
161,23,1403.507,38.817,68.535,77.662,1,-1,-1,-1
162,23,1405.519,36.352,66.448,74.388,1,-1,-1,-1
162,25,980.538,131.513,214.872,98.315,1,-1,-1,-1
162,24,1145.489,485.078,362.065,227.787,1,-1,-1,-1
162,30,1.973,589.131,188.778,172.850,1,-1,-1,-1
162,31,1030.062,6.725,144.969,83.453,1,-1,-1,-1
163,30,3.951,588.924,194.999,164.462,1,-1,-1,-1
163,25,1014.778,122.220,199.730,97.484,1,-1,-1,-1
163,24,1094.307,479.470,365.419,216.256,1,-1,-1,-1
163,32,1024.997,5.887,144.450,86.672,1,-1,-1,-1
163,23,1407.531,33.888,64.360,71.114,1,-1,-1,-1
164,25,1045.522,115.221,190.520,94.612,1,-1,-1,-1
164,30,3.989,589.139,197.042,150.847,1,-1,-1,-1
164,24,1047.322,465.739,358.619,202.691,1,-1,-1,-1
164,32,1020.285,3.127,147.846,91.491,1,-1,-1,-1
164,23,1409.543,31.423,62.273,67.840,1,-1,-1,-1
164,33,0.828,508.493,73.182,129.333,1,-1,-1,-1
165,32,1019.018,6.897,145.270,90.130,1,-1,-1,-1
165,33,0.929,507.659,73.797,128.963,1,-1,-1,-1
165,23,1412.538,26.636,60.424,65.977,1,-1,-1,-1
165,24,1000.958,446.555,362.134,187.682,1,-1,-1,-1
165,30,8.429,583.531,199.064,156.624,1,-1,-1,-1
165,25,1075.956,103.225,180.798,97.556,1,-1,-1,-1
166,30,10.764,584.050,199.327,156.520,1,-1,-1,-1
166,23,1411.397,22.477,57.246,61.471,1,-1,-1,-1
166,24,950.224,429.310,358.059,200.739,1,-1,-1,-1
166,25,1102.096,94.441,173.926,98.705,1,-1,-1,-1
166,33,0.966,507.665,73.969,127.158,1,-1,-1,-1
166,32,1014.137,8.398,148.235,89.503,1,-1,-1,-1
167,25,1127.713,100.520,163.993,84.082,1,-1,-1,-1
167,33,1.002,508.273,76.726,126.305,1,-1,-1,-1
167,30,11.723,586.866,195.456,150.944,1,-1,-1,-1
167,31,1014.556,13.119,145.837,85.803,1,-1,-1,-1
167,24,911.612,419.016,347.737,194.997,1,-1,-1,-1
167,23,1412.060,19.042,56.123,57.929,1,-1,-1,-1
167,34,1198.500,0.235,40.604,8.016,1,-1,-1,-1
168,34,1195.461,0.261,43.693,8.908,1,-1,-1,-1
168,30,17.892,585.160,194.415,152.444,1,-1,-1,-1
168,23,1409.763,14.564,57.692,56.998,1,-1,-1,-1
168,25,1153.355,92.259,150.300,84.143,1,-1,-1,-1
168,24,860.479,401.573,352.395,194.833,1,-1,-1,-1
168,31,1005.895,14.153,154.550,85.797,1,-1,-1,-1
168,33,0.602,507.718,78.975,127.842,1,-1,-1,-1
169,31,1002.248,14.862,154.802,85.264,1,-1,-1,-1
169,23,1409.109,10.709,55.446,56.451,1,-1,-1,-1
169,24,817.301,385.137,333.215,192.842,1,-1,-1,-1
169,30,18.297,583.207,202.687,156.823,1,-1,-1,-1
169,25,1174.447,89.286,145.172,79.212,1,-1,-1,-1
169,34,1194.070,0.204,46.483,11.763,1,-1,-1,-1
169,33,0.650,506.246,79.405,128.191,1,-1,-1,-1
170,25,1195.978,83.456,134.710,78.034,1,-1,-1,-1
170,24,776.157,373.486,323.490,184.695,1,-1,-1,-1
170,31,998.601,15.571,155.055,84.732,1,-1,-1,-1
170,33,0.751,505.761,80.028,129.517,1,-1,-1,-1
170,30,20.671,582.889,199.661,156.011,1,-1,-1,-1
170,34,1190.863,0.202,49.719,11.774,1,-1,-1,-1
170,23,1408.590,8.557,54.967,54.788,1,-1,-1,-1
171,30,25.415,577.665,197.246,162.586,1,-1,-1,-1
171,34,1188.122,0.358,51.474,14.102,1,-1,-1,-1
171,31,991.332,18.904,154.658,82.613,1,-1,-1,-1
171,33,0.999,506.152,76.914,127.962,1,-1,-1,-1
171,25,1217.278,80.566,124.323,73.708,1,-1,-1,-1
171,23,1404.891,6.039,55.301,50.972,1,-1,-1,-1
171,24,729.398,360.362,319.044,179.734,1,-1,-1,-1
172,23,1404.248,2.530,53.424,50.629,1,-1,-1,-1
172,31,984.063,22.237,154.261,80.493,1,-1,-1,-1
172,25,1232.952,73.165,114.486,73.868,1,-1,-1,-1
172,34,1184.856,0.864,55.382,16.236,1,-1,-1,-1
172,24,688.702,353.033,303.055,167.467,1,-1,-1,-1
172,33,1.124,504.654,80.275,130.609,1,-1,-1,-1
172,35,1888.136,767.252,30.607,130.900,1,-1,-1,-1
172,30,24.156,582.628,198.460,153.587,1,-1,-1,-1
173,24,644.458,342.665,300.605,162.617,1,-1,-1,-1
173,35,1884.632,764.070,33.587,131.871,1,-1,-1,-1
173,23,1404.501,1.585,50.154,46.712,1,-1,-1,-1
173,31,982.024,19.445,156.262,85.014,1,-1,-1,-1
173,30,23.744,583.264,201.618,151.657,1,-1,-1,-1
173,34,1183.334,0.683,58.956,19.072,1,-1,-1,-1
173,25,1246.233,70.995,114.732,70.000,1,-1,-1,-1
173,33,1.084,504.620,81.475,130.448,1,-1,-1,-1
174,31,979.985,16.654,158.262,89.536,1,-1,-1,-1
174,33,0.881,503.281,79.012,131.447,1,-1,-1,-1
174,25,1261.710,66.319,107.926,66.959,1,-1,-1,-1
174,23,1404.271,1.103,49.378,44.552,1,-1,-1,-1
174,24,600.475,330.987,293.534,157.681,1,-1,-1,-1
174,35,1876.375,763.344,42.717,131.205,1,-1,-1,-1
174,34,1180.975,1.163,61.041,18.841,1,-1,-1,-1
174,30,23.522,578.450,205.460,157.260,1,-1,-1,-1
175,31,961.850,23.610,170.264,85.056,1,-1,-1,-1
175,23,1405.214,0.000,47.177,43.826,1,-1,-1,-1
175,25,1275.863,63.119,99.321,64.472,1,-1,-1,-1
175,24,565.905,328.454,278.113,148.542,1,-1,-1,-1
175,35,1873.501,762.271,46.434,124.926,1,-1,-1,-1
175,33,0.732,503.558,80.175,131.607,1,-1,-1,-1
175,34,1177.882,0.165,62.487,22.585,1,-1,-1,-1
175,30,22.839,583.265,212.879,150.090,1,-1,-1,-1
176,31,949.800,20.521,173.100,96.093,1,-1,-1,-1
176,25,1285.901,56.597,96.555,64.849,1,-1,-1,-1
176,24,528.693,321.909,269.404,140.095,1,-1,-1,-1
176,30,23.684,582.226,206.443,150.222,1,-1,-1,-1
176,34,1174.340,0.000,65.808,25.135,1,-1,-1,-1
176,35,1872.116,759.118,47.485,125.502,1,-1,-1,-1
176,33,0.853,503.100,78.877,130.715,1,-1,-1,-1
176,23,1404.308,0.088,45.625,37.392,1,-1,-1,-1
177,31,944.383,24.910,177.956,91.333,1,-1,-1,-1
177,23,1402.576,0.000,44.945,34.076,1,-1,-1,-1
177,25,1299.210,53.779,84.573,61.198,1,-1,-1,-1
177,34,1174.051,0.778,64.616,24.005,1,-1,-1,-1
177,30,24.332,582.287,206.147,150.889,1,-1,-1,-1
177,35,1873.308,761.261,45.369,128.160,1,-1,-1,-1
177,24,491.955,317.329,258.168,135.086,1,-1,-1,-1
177,33,0.753,500.915,79.624,130.501,1,-1,-1,-1
178,33,0.702,501.494,81.753,131.273,1,-1,-1,-1
178,23,1401.375,0.000,44.302,31.826,1,-1,-1,-1
178,30,25.011,582.556,205.313,150.483,1,-1,-1,-1
178,35,1872.447,760.089,46.540,129.311,1,-1,-1,-1
178,24,457.256,314.815,248.179,128.927,1,-1,-1,-1
178,25,1308.269,49.721,79.852,60.057,1,-1,-1,-1
178,31,931.531,25.344,181.519,93.432,1,-1,-1,-1
178,34,1171.973,0.679,65.720,27.230,1,-1,-1,-1
179,33,0.823,501.701,83.447,130.557,1,-1,-1,-1
179,31,918.680,25.778,185.082,95.530,1,-1,-1,-1
179,23,1400.695,0.000,43.044,28.672,1,-1,-1,-1
179,25,1318.031,45.840,75.536,57.254,1,-1,-1,-1
179,34,1170.319,0.616,65.643,27.584,1,-1,-1,-1
179,30,25.391,582.466,204.840,150.587,1,-1,-1,-1
179,35,1900.514,774.980,18.486,127.954,1,-1,-1,-1
179,24,424.086,311.314,230.409,122.576,1,-1,-1,-1
180,25,1323.094,42.287,71.649,53.569,1,-1,-1,-1
180,31,905.828,26.212,188.645,97.628,1,-1,-1,-1
180,35,1870.668,758.088,48.145,132.621,1,-1,-1,-1
180,23,1396.314,0.000,46.731,27.299,1,-1,-1,-1
180,36,0.523,501.974,85.602,128.595,1,-1,-1,-1
180,34,1168.463,0.255,66.533,30.488,1,-1,-1,-1
180,24,392.092,312.702,223.020,116.981,1,-1,-1,-1
180,30,26.344,582.076,203.059,151.523,1,-1,-1,-1
181,24,360.286,312.481,209.648,115.516,1,-1,-1,-1
181,34,1167.606,1.429,64.705,30.763,1,-1,-1,-1
181,35,1869.758,757.341,48.715,133.011,1,-1,-1,-1
181,23,1398.133,0.000,42.092,25.230,1,-1,-1,-1
181,30,26.907,578.391,203.327,156.457,1,-1,-1,-1
181,25,1328.261,38.032,67.398,53.857,1,-1,-1,-1
181,36,0.682,504.825,90.863,126.109,1,-1,-1,-1
181,31,892.977,26.646,192.208,99.727,1,-1,-1,-1
182,25,1334.600,32.507,60.528,54.549,1,-1,-1,-1
182,31,881.835,27.171,202.630,102.956,1,-1,-1,-1
182,23,1396.017,0.000,49.685,24.105,1,-1,-1,-1
182,35,1869.720,757.082,48.799,133.256,1,-1,-1,-1
182,30,26.685,578.214,203.694,156.482,1,-1,-1,-1
182,24,330.061,311.836,199.779,113.330,1,-1,-1,-1
182,33,0.091,503.753,94.814,130.425,1,-1,-1,-1
182,34,1163.461,0.834,66.698,32.799,1,-1,-1,-1
183,25,1338.139,29.845,60.116,51.917,1,-1,-1,-1
183,34,1161.668,0.449,66.969,34.294,1,-1,-1,-1
183,24,302.611,314.929,189.189,112.099,1,-1,-1,-1
183,23,1395.360,0.000,52.106,22.548,1,-1,-1,-1
183,35,1869.888,757.593,48.553,133.034,1,-1,-1,-1
183,30,26.671,578.385,203.662,156.400,1,-1,-1,-1
183,33,0.558,499.369,85.843,132.954,1,-1,-1,-1
183,31,868.845,30.130,202.800,103.923,1,-1,-1,-1
184,25,1341.983,25.458,57.512,50.007,1,-1,-1,-1
184,30,25.495,578.946,205.352,156.541,1,-1,-1,-1
184,35,1869.788,756.819,48.852,133.786,1,-1,-1,-1
184,34,1158.152,0.619,67.915,35.494,1,-1,-1,-1
184,31,852.227,31.456,208.062,107.547,1,-1,-1,-1
184,36,0.415,498.186,89.565,135.266,1,-1,-1,-1
184,24,271.814,321.445,178.994,103.715,1,-1,-1,-1
185,25,1343.309,20.529,55.525,49.608,1,-1,-1,-1
185,31,835.610,32.782,213.323,111.170,1,-1,-1,-1
185,36,0.424,496.744,91.542,137.051,1,-1,-1,-1
185,24,244.960,328.729,170.344,98.703,1,-1,-1,-1
185,30,25.164,579.740,205.726,155.110,1,-1,-1,-1
185,35,1869.633,756.777,48.941,132.841,1,-1,-1,-1
185,34,1153.866,0.798,70.346,37.384,1,-1,-1,-1
186,25,1344.579,18.277,55.036,48.149,1,-1,-1,-1
186,35,1869.886,757.384,48.675,132.388,1,-1,-1,-1
186,30,25.648,579.618,204.648,154.885,1,-1,-1,-1
186,34,1151.370,0.883,72.575,38.785,1,-1,-1,-1
186,31,818.992,34.108,218.585,114.794,1,-1,-1,-1
186,24,214.251,330.349,166.465,102.309,1,-1,-1,-1
186,36,0.432,495.301,93.518,138.836,1,-1,-1,-1
187,34,1149.273,0.870,73.103,42.758,1,-1,-1,-1
187,31,799.721,38.841,225.380,113.058,1,-1,-1,-1
187,30,25.328,579.363,205.275,154.626,1,-1,-1,-1
187,24,193.373,338.810,156.441,95.790,1,-1,-1,-1
187,35,1869.736,757.572,48.865,132.330,1,-1,-1,-1
187,25,1346.593,16.047,51.690,45.683,1,-1,-1,-1
187,36,0.000,492.646,96.657,142.773,1,-1,-1,-1
188,31,780.450,43.575,232.174,111.322,1,-1,-1,-1
188,30,24.364,579.899,206.322,154.575,1,-1,-1,-1
188,35,1875.009,757.212,43.991,132.456,1,-1,-1,-1
188,24,160.312,346.037,152.421,99.364,1,-1,-1,-1
188,34,1147.367,0.178,72.722,45.575,1,-1,-1,-1
188,25,1348.530,12.433,49.012,44.127,1,-1,-1,-1
188,36,0.000,489.521,100.402,141.255,1,-1,-1,-1
189,36,0.209,486.450,110.883,146.843,1,-1,-1,-1
189,34,1144.361,0.406,76.794,47.190,1,-1,-1,-1
189,30,24.270,580.494,206.649,154.116,1,-1,-1,-1
189,35,1880.457,757.269,38.543,132.280,1,-1,-1,-1
189,24,138.475,351.009,144.563,101.518,1,-1,-1,-1
189,25,1350.516,9.885,45.042,43.051,1,-1,-1,-1
189,31,767.333,42.939,226.903,117.678,1,-1,-1,-1
190,31,754.216,42.303,221.632,124.035,1,-1,-1,-1
190,30,24.287,581.229,206.945,153.611,1,-1,-1,-1
190,36,0.889,485.490,114.201,152.020,1,-1,-1,-1
190,35,1869.763,757.138,48.034,133.603,1,-1,-1,-1
190,34,1141.083,0.044,77.859,49.374,1,-1,-1,-1
190,24,112.133,361.109,141.663,94.779,1,-1,-1,-1
190,25,1351.978,5.862,43.483,42.352,1,-1,-1,-1
191,36,0.592,480.444,122.722,152.022,1,-1,-1,-1
191,30,26.610,582.355,204.360,152.374,1,-1,-1,-1
191,35,1869.970,756.679,48.582,134.466,1,-1,-1,-1
191,34,1137.172,0.000,78.866,51.231,1,-1,-1,-1
191,25,1351.097,3.938,44.441,40.486,1,-1,-1,-1
191,31,732.593,44.023,222.286,126.773,1,-1,-1,-1
191,24,89.713,368.040,131.290,97.397,1,-1,-1,-1
192,24,68.379,380.859,121.871,92.747,1,-1,-1,-1
192,31,710.969,45.743,222.941,129.512,1,-1,-1,-1
192,36,0.000,471.566,131.743,169.371,1,-1,-1,-1
192,30,28.563,581.381,204.921,156.401,1,-1,-1,-1
192,35,1872.940,757.367,46.060,134.079,1,-1,-1,-1
192,25,1352.042,2.154,43.386,38.757,1,-1,-1,-1
192,34,1133.876,0.045,81.094,55.576,1,-1,-1,-1
193,34,1129.909,0.449,84.574,55.503,1,-1,-1,-1
193,24,54.781,392.894,109.778,81.285,1,-1,-1,-1
193,31,685.439,59.870,230.789,122.061,1,-1,-1,-1
193,30,26.483,579.019,204.578,156.548,1,-1,-1,-1
193,36,0.000,467.877,137.682,160.141,1,-1,-1,-1
193,25,1352.941,1.754,39.455,34.281,1,-1,-1,-1
193,35,1869.939,756.487,49.853,131.636,1,-1,-1,-1
194,24,20.591,395.376,111.034,85.661,1,-1,-1,-1
194,30,26.274,582.591,213.404,151.276,1,-1,-1,-1
194,35,1869.828,756.334,50.006,131.606,1,-1,-1,-1
194,34,1125.819,1.245,87.914,57.100,1,-1,-1,-1
194,25,1351.600,1.299,40.492,31.553,1,-1,-1,-1
194,36,0.000,460.324,147.684,168.724,1,-1,-1,-1
194,31,658.355,58.300,243.295,130.946,1,-1,-1,-1
195,34,1119.623,1.912,90.308,58.834,1,-1,-1,-1
195,35,1869.991,756.370,49.852,131.687,1,-1,-1,-1
195,25,1353.168,0.480,38.831,29.269,1,-1,-1,-1
195,30,29.711,579.935,205.120,158.616,1,-1,-1,-1
195,31,637.131,82.267,239.189,108.394,1,-1,-1,-1
195,24,0.000,400.858,111.034,85.661,1,-1,-1,-1
196,34,1117.604,1.188,90.127,62.245,1,-1,-1,-1
196,24,0.000,406.341,111.034,85.661,1,-1,-1,-1
196,36,1.668,536.746,118.378,107.254,1,-1,-1,-1
196,30,26.858,582.372,211.859,151.353,1,-1,-1,-1
196,25,1351.813,0.000,40.351,26.174,1,-1,-1,-1
196,35,1870.110,756.292,49.780,131.846,1,-1,-1,-1
196,31,608.390,90.852,238.204,106.134,1,-1,-1,-1
197,24,0.000,411.823,111.034,85.661,1,-1,-1,-1
197,30,30.288,579.288,204.211,158.461,1,-1,-1,-1
197,34,1114.875,1.519,91.472,62.085,1,-1,-1,-1
197,35,1870.152,756.364,49.808,131.606,1,-1,-1,-1
197,31,584.427,88.924,238.392,118.121,1,-1,-1,-1
197,25,1352.105,0.000,41.161,23.904,1,-1,-1,-1
198,34,1110.581,1.881,93.433,62.476,1,-1,-1,-1
198,25,1351.180,0.000,43.707,21.162,1,-1,-1,-1
198,31,560.464,86.995,238.579,130.108,1,-1,-1,-1
198,30,26.837,580.520,211.529,152.785,1,-1,-1,-1
198,24,0.000,430.542,194.423,192.656,1,-1,-1,-1
198,35,1870.250,754.550,49.583,134.105,1,-1,-1,-1
199,34,1104.761,1.892,97.713,64.984,1,-1,-1,-1
199,24,2.674,420.618,203.140,190.844,1,-1,-1,-1
199,30,26.148,580.205,214.308,153.962,1,-1,-1,-1
199,35,1869.924,756.505,48.627,133.946,1,-1,-1,-1
199,25,1353.603,0.000,40.331,18.560,1,-1,-1,-1
199,36,11.447,537.924,170.890,81.279,1,-1,-1,-1
199,31,536.501,85.067,238.767,142.095,1,-1,-1,-1
200,34,1101.953,4.303,100.405,66.027,1,-1,-1,-1
200,24,4.895,420.252,216.464,191.274,1,-1,-1,-1
200,30,26.927,579.299,214.816,154.168,1,-1,-1,-1
200,25,1352.969,0.000,38.033,14.566,1,-1,-1,-1
200,31,511.007,91.075,238.806,144.660,1,-1,-1,-1
200,35,1869.810,755.165,49.928,133.205,1,-1,-1,-1
201,35,1869.409,756.410,49.137,133.337,1,-1,-1,-1
201,31,485.514,97.084,238.846,147.224,1,-1,-1,-1
201,34,1098.908,4.429,100.276,66.427,1,-1,-1,-1
201,30,31.713,577.291,204.862,160.010,1,-1,-1,-1
201,24,0.000,408.576,250.496,186.836,1,-1,-1,-1
202,34,1096.570,6.901,99.165,65.862,1,-1,-1,-1
202,35,1869.703,756.442,49.205,133.338,1,-1,-1,-1
202,31,460.020,103.092,238.885,149.789,1,-1,-1,-1
202,30,31.650,577.339,206.492,159.545,1,-1,-1,-1
202,24,7.920,400.178,262.827,178.375,1,-1,-1,-1
203,35,1867.140,756.373,52.651,131.227,1,-1,-1,-1
203,30,32.360,576.728,207.184,159.195,1,-1,-1,-1
203,24,11.895,387.776,279.268,175.112,1,-1,-1,-1
203,34,1091.719,8.335,102.070,66.026,1,-1,-1,-1
203,31,441.550,111.196,219.400,155.531,1,-1,-1,-1
203,36,28.892,527.089,156.343,62.995,1,-1,-1,-1
204,30,35.821,574.508,198.486,158.165,1,-1,-1,-1
204,35,1866.293,756.276,53.494,131.075,1,-1,-1,-1
204,34,1088.979,8.588,102.678,67.810,1,-1,-1,-1
204,24,32.992,374.365,290.082,179.211,1,-1,-1,-1
204,31,411.990,126.045,218.041,150.149,1,-1,-1,-1
205,34,1082.893,8.604,107.239,68.991,1,-1,-1,-1
205,30,32.851,578.936,210.518,153.006,1,-1,-1,-1
205,24,49.039,362.112,295.451,186.547,1,-1,-1,-1
205,31,382.430,140.893,216.683,144.768,1,-1,-1,-1
205,35,1866.392,755.300,53.422,131.536,1,-1,-1,-1
206,31,352.870,155.742,215.324,139.386,1,-1,-1,-1
206,30,36.886,575.968,203.048,156.942,1,-1,-1,-1
206,24,79.569,344.670,296.266,209.919,1,-1,-1,-1
206,34,1083.026,8.557,106.177,69.034,1,-1,-1,-1
206,35,1863.965,756.183,55.849,129.985,1,-1,-1,-1
207,31,329.825,141.206,223.244,166.911,1,-1,-1,-1
207,24,103.218,336.024,299.339,211.746,1,-1,-1,-1
207,34,1079.255,9.019,109.677,69.102,1,-1,-1,-1
207,30,36.580,575.025,205.248,157.842,1,-1,-1,-1
208,31,303.035,156.482,217.027,157.471,1,-1,-1,-1
208,34,1076.697,9.173,112.097,69.960,1,-1,-1,-1
208,24,132.710,319.592,305.753,212.745,1,-1,-1,-1
208,30,36.390,575.433,208.265,155.128,1,-1,-1,-1
209,31,276.246,171.759,210.811,148.030,1,-1,-1,-1
209,34,1074.418,9.545,112.696,70.946,1,-1,-1,-1
209,24,153.760,297.025,311.735,240.219,1,-1,-1,-1
209,30,38.585,577.264,207.982,153.581,1,-1,-1,-1
210,34,1072.944,9.159,112.598,72.644,1,-1,-1,-1
210,30,40.287,576.521,214.846,152.526,1,-1,-1,-1
210,31,249.456,187.035,204.594,138.590,1,-1,-1,-1
