1,1,456.83,517.32,506.73,293.69,1,-1,-1,-1
1,2,1135.20,87.53,177.23,99.22,1,-1,-1,-1
1,3,1016.27,5.99,146.02,81.86,1,-1,-1,-1
1,4,1479.82,-0.79,50.50,29.83,1,-1,-1,-1
1,8,1451.47,514.64,308.75,196.08,1,-1,-1,-1
2,1,513.74,536.30,504.08,294.01,1,-1,-1,-1
2,2,1151.77,84.24,169.24,96.79,1,-1,-1,-1
2,3,1017.10,7.83,144.63,80.80,1,-1,-1,-1
2,4,1479.82,-0.79,50.49,29.83,1,-1,-1,-1
2,8,1443.90,508.17,311.19,197.95,1,-1,-1,-1
3,1,570.64,555.27,501.43,294.32,1,-1,-1,-1
3,2,1168.78,80.76,161.32,94.36,1,-1,-1,-1
3,3,1018.09,9.41,143.39,79.85,1,-1,-1,-1
3,4,1479.82,-0.79,50.49,29.83,1,-1,-1,-1
3,8,1435.38,501.53,313.85,199.90,1,-1,-1,-1
4,1,627.55,574.24,498.79,294.64,1,-1,-1,-1
4,2,1186.00,77.12,153.27,91.93,1,-1,-1,-1
4,3,1019.09,10.73,142.31,79.02,1,-1,-1,-1
4,4,1479.82,-0.79,50.48,29.83,1,-1,-1,-1
4,8,1425.68,494.70,316.85,201.91,1,-1,-1,-1
5,1,684.45,593.22,496.14,294.96,1,-1,-1,-1
5,2,1203.10,73.37,144.90,89.49,1,-1,-1,-1
5,3,1019.98,11.79,141.40,78.34,1,-1,-1,-1
5,4,1479.82,-0.80,50.48,29.83,1,-1,-1,-1
5,8,1414.62,487.72,320.25,203.93,1,-1,-1,-1
6,1,741.36,612.19,493.49,295.27,1,-1,-1,-1
6,2,1219.70,69.55,136.11,87.01,1,-1,-1,-1
6,3,1020.67,12.61,140.66,77.82,1,-1,-1,-1
6,4,1479.82,-0.80,50.48,29.83,1,-1,-1,-1
6,8,1402.09,480.58,324.05,205.88,1,-1,-1,-1
7,1,798.27,631.16,490.85,295.59,1,-1,-1,-1
7,2,1235.44,65.69,126.99,84.49,1,-1,-1,-1
7,3,1021.10,13.21,140.10,77.46,1,-1,-1,-1
7,4,1479.82,-0.80,50.47,29.83,1,-1,-1,-1
7,8,1388.08,473.30,328.20,207.66,1,-1,-1,-1
8,1,855.17,650.14,488.20,295.90,1,-1,-1,-1
8,2,1250.04,61.83,117.75,81.89,1,-1,-1,-1
8,3,1021.24,13.62,139.74,77.25,1,-1,-1,-1
8,4,1479.82,-0.80,50.47,29.83,1,-1,-1,-1
8,8,1372.66,465.87,332.56,209.20,1,-1,-1,-1
9,1,912.08,669.11,485.55,296.22,1,-1,-1,-1
9,2,1263.32,57.98,108.74,79.23,1,-1,-1,-1
9,3,1021.07,13.89,139.59,77.20,1,-1,-1,-1
9,4,1479.82,-0.80,50.46,29.83,1,-1,-1,-1
9,8,1355.97,458.31,336.94,210.38,1,-1,-1,-1
10,1,968.98,688.09,482.90,296.54,1,-1,-1,-1
10,2,1275.16,54.14,100.31,76.51,1,-1,-1,-1
10,3,1020.58,14.06,139.68,77.30,1,-1,-1,-1
10,4,1479.82,-0.80,50.46,29.83,1,-1,-1,-1
10,8,1338.18,450.61,341.13,211.13,1,-1,-1,-1
11,1,1025.89,707.06,480.26,296.85,1,-1,-1,-1
11,2,1285.58,50.30,92.71,73.77,1,-1,-1,-1
11,3,1019.77,14.16,140.07,77.51,1,-1,-1,-1
11,4,1479.82,-0.80,50.45,29.83,1,-1,-1,-1
11,8,1319.42,442.77,344.95,211.38,1,-1,-1,-1
12,1,1082.80,726.03,477.61,297.17,1,-1,-1,-1
12,2,1294.62,46.48,86.06,71.05,1,-1,-1,-1
12,3,1018.63,14.24,140.81,77.84,1,-1,-1,-1
12,4,1479.82,-0.80,50.45,29.83,1,-1,-1,-1
12,8,1299.81,434.81,348.26,211.10,1,-1,-1,-1
13,1,1139.70,745.01,474.96,297.49,1,-1,-1,-1
13,2,1302.40,42.66,80.34,68.36,1,-1,-1,-1
13,3,1017.18,14.33,141.94,78.25,1,-1,-1,-1
13,4,1479.82,-0.80,50.44,29.84,1,-1,-1,-1
13,8,1279.39,426.70,350.98,210.28,1,-1,-1,-1
14,1,1196.61,763.98,472.32,297.80,1,-1,-1,-1
14,2,1309.04,38.86,75.48,65.72,1,-1,-1,-1
14,3,1015.44,14.48,143.45,78.71,1,-1,-1,-1
14,4,1479.82,-0.80,50.44,29.84,1,-1,-1,-1
14,8,1258.14,418.47,353.15,208.92,1,-1,-1,-1
15,1,1253.51,782.95,469.67,298.12,1,-1,-1,-1
15,2,1314.65,35.10,71.40,63.13,1,-1,-1,-1
15,3,1013.46,14.73,145.30,79.20,1,-1,-1,-1
15,4,1479.82,-0.80,50.43,29.84,1,-1,-1,-1
15,8,1235.96,410.12,354.85,207.04,1,-1,-1,-1
16,1,1310.42,801.93,467.02,298.43,1,-1,-1,-1
16,2,1319.33,31.38,68.00,60.58,1,-1,-1,-1
16,3,1011.28,15.09,147.36,79.68,1,-1,-1,-1
16,4,1479.82,-0.80,50.43,29.84,1,-1,-1,-1
16,8,1212.74,401.64,356.21,204.67,1,-1,-1,-1
17,2,1323.17,27.76,65.21,58.05,1,-1,-1,-1
17,3,1008.99,15.60,149.45,80.11,1,-1,-1,-1
17,4,1479.83,-0.81,50.42,29.84,1,-1,-1,-1
17,8,1188.41,393.08,357.31,201.85,1,-1,-1,-1
18,2,1326.24,24.26,62.94,55.54,1,-1,-1,-1
18,3,1006.65,16.24,151.40,80.47,1,-1,-1,-1
18,4,1479.83,-0.81,50.42,29.84,1,-1,-1,-1
18,8,1162.94,384.43,358.17,198.66,1,-1,-1,-1
19,2,1328.66,20.92,61.11,53.05,1,-1,-1,-1
19,3,1004.30,17.03,153.02,80.73,1,-1,-1,-1
19,4,1479.83,-0.81,50.41,29.84,1,-1,-1,-1
19,8,1136.37,375.74,358.75,195.16,1,-1,-1,-1
20,2,1330.52,17.77,59.58,50.57,1,-1,-1,-1
20,3,1001.98,17.92,154.16,80.88,1,-1,-1,-1
20,4,1479.83,-0.81,50.41,29.84,1,-1,-1,-1
20,8,1108.75,367.05,358.97,191.47,1,-1,-1,-1
21,2,1331.96,14.85,58.22,48.10,1,-1,-1,-1
21,3,999.68,18.90,154.74,80.93,1,-1,-1,-1
21,4,1479.83,-0.81,50.40,29.84,1,-1,-1,-1
21,8,1080.19,358.39,358.79,187.67,1,-1,-1,-1
22,2,1333.11,12.19,56.88,45.64,1,-1,-1,-1
22,3,997.34,19.90,154.76,80.89,1,-1,-1,-1
22,4,1479.83,-0.81,50.40,29.84,1,-1,-1,-1
22,5,1101.25,12.69,64.71,46.38,1,-1,-1,-1
22,8,1050.80,349.83,358.17,183.84,1,-1,-1,-1
23,2,1334.10,9.85,55.46,43.20,1,-1,-1,-1
23,3,994.86,20.91,154.38,80.79,1,-1,-1,-1
23,4,1479.83,-0.81,50.39,29.84,1,-1,-1,-1
23,5,1099.84,12.92,64.42,46.56,1,-1,-1,-1
23,8,1020.67,341.41,357.13,180.01,1,-1,-1,-1
24,2,1335.05,7.83,53.93,40.79,1,-1,-1,-1
24,3,992.12,21.87,153.85,80.65,1,-1,-1,-1
24,4,1479.83,-0.81,50.39,29.84,1,-1,-1,-1
24,5,1098.43,13.14,64.13,46.75,1,-1,-1,-1
24,8,989.95,333.20,355.69,176.19,1,-1,-1,-1
25,2,1336.03,6.16,52.35,38.43,1,-1,-1,-1
25,3,988.99,22.77,153.50,80.51,1,-1,-1,-1
25,4,1479.83,-0.81,50.38,29.84,1,-1,-1,-1
25,5,1097.02,13.36,63.84,46.93,1,-1,-1,-1
25,8,958.78,325.27,353.84,172.36,1,-1,-1,-1
26,2,1337.12,4.82,50.84,36.14,1,-1,-1,-1
26,3,985.40,23.59,153.67,80.40,1,-1,-1,-1
26,4,1479.83,-0.81,50.38,29.84,1,-1,-1,-1
26,5,1095.61,13.59,63.55,47.11,1,-1,-1,-1
26,8,927.31,317.68,351.54,168.50,1,-1,-1,-1
27,2,1338.33,3.78,49.54,33.96,1,-1,-1,-1
27,3,981.28,24.31,154.62,80.35,1,-1,-1,-1
27,4,1479.83,-0.81,50.38,29.84,1,-1,-1,-1
27,5,1094.19,13.81,63.25,47.29,1,-1,-1,-1
27,8,895.63,310.50,348.76,164.58,1,-1,-1,-1
28,2,1339.62,2.99,48.56,31.91,1,-1,-1,-1
28,3,976.58,24.92,156.49,80.41,1,-1,-1,-1
28,4,1479.83,-0.81,50.37,29.84,1,-1,-1,-1
28,5,1092.78,14.04,62.96,47.47,1,-1,-1,-1
28,8,863.80,303.77,345.47,160.61,1,-1,-1,-1
29,2,1340.95,2.38,47.94,30.00,1,-1,-1,-1
29,3,971.27,25.43,159.33,80.60,1,-1,-1,-1
29,4,1479.83,-0.82,50.37,29.84,1,-1,-1,-1
29,5,1091.37,14.26,62.67,47.65,1,-1,-1,-1
29,8,831.81,297.56,341.73,156.57,1,-1,-1,-1
30,2,1342.25,1.86,47.65,28.20,1,-1,-1,-1
30,3,965.33,25.83,163.07,80.95,1,-1,-1,-1
30,4,1479.83,-0.82,50.36,29.84,1,-1,-1,-1
30,5,1089.96,14.48,62.38,47.84,1,-1,-1,-1
30,8,799.68,291.90,337.59,152.48,1,-1,-1,-1
31,2,1343.51,1.34,47.58,26.49,1,-1,-1,-1
31,3,958.76,26.15,167.62,81.49,1,-1,-1,-1
31,4,1479.83,-0.82,50.36,29.84,1,-1,-1,-1
31,5,1088.55,14.71,62.09,48.02,1,-1,-1,-1
31,8,767.42,286.82,333.12,148.36,1,-1,-1,-1
32,2,1344.78,0.73,47.66,24.83,1,-1,-1,-1
32,3,951.60,26.39,172.78,82.22,1,-1,-1,-1
32,4,1479.83,-0.82,50.35,29.84,1,-1,-1,-1
32,8,735.10,282.33,328.37,144.22,1,-1,-1,-1
33,2,1346.14,-0.05,47.80,23.19,1,-1,-1,-1
33,3,943.92,26.57,178.37,83.16,1,-1,-1,-1
33,4,1479.83,-0.82,50.35,29.84,1,-1,-1,-1
33,6,-1.39,559.52,199.56,197.94,1,-1,-1,-1
33,8,702.83,278.44,323.36,140.11,1,-1,-1,-1
34,2,1347.72,-1.07,47.92,21.53,1,-1,-1,-1
34,3,935.75,26.73,184.13,84.32,1,-1,-1,-1
34,4,1479.83,-0.82,50.34,29.84,1,-1,-1,-1
34,6,4.26,560.24,210.25,195.88,1,-1,-1,-1
34,8,670.79,275.14,318.04,136.07,1,-1,-1,-1
35,2,1349.62,-2.37,47.98,19.84,1,-1,-1,-1
35,3,927.13,26.89,189.79,85.67,1,-1,-1,-1
35,4,1479.83,-0.82,50.34,29.84,1,-1,-1,-1
35,6,9.65,560.59,221.20,193.74,1,-1,-1,-1
35,8,639.14,272.39,312.36,132.18,1,-1,-1,-1
36,3,918.02,27.08,195.06,87.22,1,-1,-1,-1
36,4,1479.83,-0.82,50.33,29.84,1,-1,-1,-1
36,6,15.46,560.65,231.98,191.87,1,-1,-1,-1
36,8,608.09,270.18,306.25,128.50,1,-1,-1,-1
37,3,908.39,27.34,199.68,88.93,1,-1,-1,-1
37,4,1479.83,-0.82,50.33,29.84,1,-1,-1,-1
37,6,22.09,560.47,242.41,190.47,1,-1,-1,-1
37,8,577.76,268.47,299.67,125.11,1,-1,-1,-1
38,3,898.19,27.72,203.49,90.77,1,-1,-1,-1
38,4,1479.83,-0.82,50.32,29.84,1,-1,-1,-1
38,6,29.50,560.11,252.69,189.54,1,-1,-1,-1
38,8,548.27,267.25,292.61,122.08,1,-1,-1,-1
39,3,887.37,28.23,206.43,92.70,1,-1,-1,-1
39,4,1479.83,-0.82,50.32,29.84,1,-1,-1,-1
39,6,37.51,559.61,263.08,188.84,1,-1,-1,-1
39,8,519.66,266.51,285.07,119.46,1,-1,-1,-1
40,3,875.92,28.93,208.55,94.70,1,-1,-1,-1
40,4,1479.83,-0.82,50.31,29.84,1,-1,-1,-1
40,6,46.19,559.00,273.53,188.04,1,-1,-1,-1
40,8,491.96,266.25,277.07,117.25,1,-1,-1,-1
41,3,863.84,29.80,210.01,96.72,1,-1,-1,-1
41,4,1479.83,-0.83,50.31,29.84,1,-1,-1,-1
41,6,56.04,558.27,283.58,186.83,1,-1,-1,-1
41,8,465.15,266.50,268.65,115.44,1,-1,-1,-1
42,3,851.09,30.87,211.07,98.77,1,-1,-1,-1
42,4,1479.83,-0.83,50.30,29.85,1,-1,-1,-1
42,6,67.54,557.40,292.78,185.16,1,-1,-1,-1
42,8,439.21,267.28,259.82,113.98,1,-1,-1,-1
43,3,837.64,32.11,212.12,100.83,1,-1,-1,-1
43,4,1479.83,-0.83,50.30,29.85,1,-1,-1,-1
43,6,80.76,556.35,301.11,183.36,1,-1,-1,-1
43,8,414.11,268.64,250.61,112.79,1,-1,-1,-1
44,3,823.45,33.50,213.59,102.93,1,-1,-1,-1
44,4,1479.83,-0.83,50.29,29.85,1,-1,-1,-1
44,6,95.34,555.08,308.98,182.08,1,-1,-1,-1
44,8,389.83,270.63,241.05,111.78,1,-1,-1,-1
45,3,808.46,35.00,215.96,105.10,1,-1,-1,-1
45,4,1479.84,-0.83,50.29,29.85,1,-1,-1,-1
45,6,111.27,553.62,316.51,181.92,1,-1,-1,-1
45,8,366.32,273.29,231.24,110.90,1,-1,-1,-1
46,3,792.64,36.57,219.66,107.37,1,-1,-1,-1
46,4,1479.84,-0.83,50.28,29.85,1,-1,-1,-1
46,6,129.07,552.02,323.29,183.18,1,-1,-1,-1
46,8,343.49,276.66,221.33,110.09,1,-1,-1,-1
46,9,1806.64,689.11,111.73,215.54,1,-1,-1,-1
47,3,776.02,38.19,224.92,109.78,1,-1,-1,-1
47,4,1479.84,-0.83,50.28,29.85,1,-1,-1,-1
47,6,149.19,550.38,329.04,185.91,1,-1,-1,-1
47,8,321.19,280.74,211.52,109.32,1,-1,-1,-1
47,9,1802.26,687.82,115.36,217.46,1,-1,-1,-1
48,3,758.67,39.84,231.72,112.34,1,-1,-1,-1
48,4,1479.84,-0.83,50.27,29.85,1,-1,-1,-1
48,6,171.44,548.86,334.16,189.97,1,-1,-1,-1
48,8,299.26,285.53,202.05,108.58,1,-1,-1,-1
48,9,1798.01,686.38,119.08,219.37,1,-1,-1,-1
49,3,740.68,41.54,239.71,115.05,1,-1,-1,-1
49,4,1479.84,-0.83,50.27,29.85,1,-1,-1,-1
49,6,195.27,547.61,339.36,195.30,1,-1,-1,-1
49,7,0.05,467.83,167.69,132.78,1,-1,-1,-1
49,8,277.59,291.00,193.10,107.90,1,-1,-1,-1
49,9,1793.85,684.78,122.91,221.26,1,-1,-1,-1
50,3,722.21,43.32,248.21,117.88,1,-1,-1,-1
50,4,1479.84,-0.83,50.27,29.85,1,-1,-1,-1
50,6,219.83,546.80,345.64,201.88,1,-1,-1,-1
50,7,9.65,461.70,171.12,131.86,1,-1,-1,-1
50,8,256.06,297.09,184.83,107.30,1,-1,-1,-1
50,9,1789.74,683.02,126.85,223.08,1,-1,-1,-1
51,3,703.40,45.25,256.43,120.79,1,-1,-1,-1
51,4,1479.84,-0.83,50.26,29.85,1,-1,-1,-1
51,6,244.11,546.57,354.12,209.79,1,-1,-1,-1
51,7,20.18,455.19,174.91,131.44,1,-1,-1,-1
51,8,234.63,303.74,177.33,106.81,1,-1,-1,-1
51,9,1785.61,681.11,130.94,224.78,1,-1,-1,-1
52,3,684.36,47.38,263.65,123.75,1,-1,-1,-1
52,4,1479.84,-0.84,50.26,29.85,1,-1,-1,-1
52,6,267.42,547.07,365.58,219.11,1,-1,-1,-1
52,7,31.73,448.23,179.14,131.62,1,-1,-1,-1
52,8,213.33,310.88,170.61,106.44,1,-1,-1,-1
52,9,1781.44,679.09,135.16,226.30,1,-1,-1,-1
53,3,665.15,49.77,269.35,126.70,1,-1,-1,-1
53,4,1479.84,-0.84,50.25,29.85,1,-1,-1,-1
53,6,289.83,548.42,380.10,229.88,1,-1,-1,-1
53,7,44.08,440.78,184.16,132.52,1,-1,-1,-1
53,8,192.22,318.41,164.65,106.21,1,-1,-1,-1
53,9,1777.21,677.00,139.51,227.53,1,-1,-1,-1
54,3,645.73,52.47,273.31,129.62,1,-1,-1,-1
54,4,1479.84,-0.84,50.25,29.85,1,-1,-1,-1
54,6,312.41,550.74,396.82,241.85,1,-1,-1,-1
54,7,56.79,432.82,190.56,134.22,1,-1,-1,-1
54,8,171.42,326.26,159.36,106.11,1,-1,-1,-1
54,9,1772.94,674.90,143.94,228.39,1,-1,-1,-1
55,3,626.00,55.53,275.58,132.49,1,-1,-1,-1
55,4,1479.84,-0.84,50.24,29.85,1,-1,-1,-1
55,6,336.98,554.18,414.09,254.34,1,-1,-1,-1
55,7,69.29,424.31,199.03,136.76,1,-1,-1,-1
55,8,151.08,334.34,154.58,106.12,1,-1,-1,-1
55,9,1768.65,672.86,148.42,228.76,1,-1,-1,-1
56,3,605.76,58.96,276.45,135.31,1,-1,-1,-1
56,4,1479.84,-0.84,50.24,29.85,1,-1,-1,-1
56,6,365.61,558.93,429.86,266.22,1,-1,-1,-1
56,7,81.21,415.26,210.02,140.11,1,-1,-1,-1
56,8,131.37,342.60,150.15,106.19,1,-1,-1,-1
56,9,1764.35,670.93,152.92,228.58,1,-1,-1,-1
57,3,584.81,62.77,276.37,138.06,1,-1,-1,-1
57,4,1479.84,-0.84,50.23,29.85,1,-1,-1,-1
57,6,399.59,565.17,442.86,276.36,1,-1,-1,-1
57,7,92.59,405.67,223.56,144.14,1,-1,-1,-1
57,8,112.47,350.97,145.87,106.24,1,-1,-1,-1
57,9,1760.02,669.14,157.45,227.82,1,-1,-1,-1
58,3,562.92,66.98,275.86,140.75,1,-1,-1,-1
58,4,1479.84,-0.84,50.23,29.85,1,-1,-1,-1
58,6,438.58,573.02,453.42,284.13,1,-1,-1,-1
58,7,104.03,395.58,239.08,148.69,1,-1,-1,-1
58,8,94.53,359.39,141.54,106.20,1,-1,-1,-1
58,9,1755.64,667.51,162.04,226.50,1,-1,-1,-1
59,3,539.96,71.59,275.38,143.39,1,-1,-1,-1
59,4,1479.84,-0.84,50.22,29.85,1,-1,-1,-1
59,6,481.26,582.50,462.93,289.54,1,-1,-1,-1
59,7,116.55,385.01,255.60,153.56,1,-1,-1,-1
59,8,77.63,367.83,137.01,106.01,1,-1,-1,-1
59,9,1751.14,666.04,166.75,224.68,1,-1,-1,-1
60,3,515.86,76.61,275.24,145.99,1,-1,-1,-1
60,4,1479.84,-0.84,50.22,29.85,1,-1,-1,-1
60,6,526.09,593.53,472.88,293.11,1,-1,-1,-1
60,7,131.33,373.97,271.94,158.55,1,-1,-1,-1
60,8,61.80,376.25,132.17,105.62,1,-1,-1,-1
60,9,1746.44,664.71,171.65,222.45,1,-1,-1,-1
61,3,490.69,82.06,275.56,148.55,1,-1,-1,-1
61,4,1479.84,-0.84,50.21,29.85,1,-1,-1,-1
61,6,571.96,605.95,484.15,295.57,1,-1,-1,-1
61,7,149.37,362.50,287.12,163.49,1,-1,-1,-1
61,8,47.00,384.63,126.96,104.98,1,-1,-1,-1
61,9,1741.44,663.46,176.83,219.93,1,-1,-1,-1
62,3,464.67,87.96,276.22,151.07,1,-1,-1,-1
62,4,1479.84,-0.84,50.21,29.85,1,-1,-1,-1
62,6,618.91,619.53,496.23,297.62,1,-1,-1,-1
62,7,171.08,350.59,300.67,168.22,1,-1,-1,-1
62,8,33.16,392.95,121.35,104.09,1,-1,-1,-1
62,9,1736.02,662.21,182.38,217.28,1,-1,-1,-1
63,3,438.13,94.32,276.93,153.57,1,-1,-1,-1
63,4,1479.84,-0.84,50.20,29.85,1,-1,-1,-1
63,6,667.96,634.07,507.43,299.76,1,-1,-1,-1
63,7,196.33,338.27,312.66,172.62,1,-1,-1,-1
63,8,20.15,401.19,115.37,102.95,1,-1,-1,-1
63,9,1730.07,660.84,188.39,214.70,1,-1,-1,-1
64,3,411.52,101.18,277.30,156.01,1,-1,-1,-1
64,4,1479.84,-0.85,50.20,29.85,1,-1,-1,-1
64,6,720.20,649.41,515.80,302.27,1,-1,-1,-1
64,7,224.71,325.58,323.35,176.59,1,-1,-1,-1
64,8,7.83,409.32,109.10,101.56,1,-1,-1,-1
64,9,1723.43,659.22,194.97,212.39,1,-1,-1,-1
65,3,385.31,108.56,276.95,158.37,1,-1,-1,-1
65,4,1479.84,-0.85,50.19,29.85,1,-1,-1,-1
65,6,776.22,665.54,520.00,305.11,1,-1,-1,-1
65,7,255.83,312.56,332.89,180.03,1,-1,-1,-1
65,8,-3.94,417.31,102.64,99.92,1,-1,-1,-1
65,9,1715.95,657.14,202.18,210.61,1,-1,-1,-1
66,3,359.90,116.48,275.61,160.63,1,-1,-1,-1
66,4,1479.84,-0.85,50.19,29.85,1,-1,-1,-1
66,6,835.81,682.47,519.72,307.83,1,-1,-1,-1
66,7,289.51,299.28,341.15,182.84,1,-1,-1,-1
66,9,1707.49,654.39,210.08,209.59,1,-1,-1,-1
67,3,335.59,124.96,273.18,162.74,1,-1,-1,-1
67,4,1479.84,-0.85,50.18,29.85,1,-1,-1,-1
67,6,898.40,700.23,515.41,309.61,1,-1,-1,-1
67,7,325.63,285.83,347.85,184.91,1,-1,-1,-1
67,9,1697.92,650.72,218.70,209.57,1,-1,-1,-1
68,3,312.47,134.01,269.70,164.67,1,-1,-1,-1
68,4,1479.84,-0.85,50.18,29.85,1,-1,-1,-1
68,6,962.86,718.76,508.23,309.39,1,-1,-1,-1
68,7,364.10,272.33,352.72,186.13,1,-1,-1,-1
68,9,1687.13,645.89,227.98,210.72,1,-1,-1,-1
69,3,290.41,143.64,265.32,166.35,1,-1,-1,-1
69,4,1479.84,-0.85,50.17,29.85,1,-1,-1,-1
69,6,1027.49,737.88,499.96,306.21,1,-1,-1,-1
69,7,404.60,258.90,355.66,186.44,1,-1,-1,-1
69,9,1675.05,639.67,237.83,213.10,1,-1,-1,-1
70,3,269.08,153.87,260.24,167.75,1,-1,-1,-1
70,4,1479.84,-0.85,50.17,29.85,1,-1,-1,-1
70,6,1090.56,757.30,492.31,299.56,1,-1,-1,-1
70,7,446.61,245.66,356.84,185.77,1,-1,-1,-1
70,9,1661.66,631.96,248.09,216.67,1,-1,-1,-1
71,3,248.09,164.67,254.64,168.77,1,-1,-1,-1
71,4,1479.84,-0.85,50.16,29.85,1,-1,-1,-1
71,6,1150.79,776.70,486.52,289.58,1,-1,-1,-1
71,7,489.43,232.70,356.65,184.15,1,-1,-1,-1
71,9,1646.95,622.74,258.60,221.23,1,-1,-1,-1
72,3,227.07,176.06,248.67,169.36,1,-1,-1,-1
72,4,1479.85,-0.85,50.16,29.86,1,-1,-1,-1
72,6,1207.65,795.79,483.19,276.97,1,-1,-1,-1
72,7,532.37,220.11,355.50,181.63,1,-1,-1,-1
72,9,1630.96,612.13,269.13,226.48,1,-1,-1,-1
73,3,205.77,187.99,242.46,169.44,1,-1,-1,-1
73,4,1479.85,-0.85,50.16,29.86,1,-1,-1,-1
73,6,1261.10,814.37,482.35,262.69,1,-1,-1,-1
73,7,575.01,207.97,353.60,178.30,1,-1,-1,-1
73,9,1613.75,600.35,279.51,232.01,1,-1,-1,-1
74,3,184.10,200.45,236.12,168.95,1,-1,-1,-1
74,4,1479.85,-0.85,50.15,29.86,1,-1,-1,-1
74,6,1311.22,832.32,483.89,247.58,1,-1,-1,-1
74,7,617.25,196.31,350.88,174.26,1,-1,-1,-1
74,9,1595.40,587.69,289.53,237.38,1,-1,-1,-1
75,3,162.10,213.35,229.82,167.85,1,-1,-1,-1
75,4,1479.85,-0.85,50.15,29.86,1,-1,-1,-1
75,7,659.28,185.18,347.00,169.60,1,-1,-1,-1
75,9,1575.99,574.43,299.05,242.22,1,-1,-1,-1
76,3,140.02,226.61,223.68,166.16,1,-1,-1,-1
76,4,1479.85,-0.86,50.14,29.86,1,-1,-1,-1
76,7,701.42,174.57,341.51,164.42,1,-1,-1,-1
76,9,1555.60,560.84,307.97,246.21,1,-1,-1,-1
77,3,118.19,240.10,217.77,163.90,1,-1,-1,-1
77,4,1479.85,-0.86,50.14,29.86,1,-1,-1,-1
77,7,743.94,164.50,334.01,158.78,1,-1,-1,-1
77,9,1534.27,547.11,316.24,249.14,1,-1,-1,-1
78,3,97.10,253.70,211.96,161.12,1,-1,-1,-1
78,4,1479.85,-0.86,50.13,29.86,1,-1,-1,-1
78,7,786.91,154.95,324.25,152.76,1,-1,-1,-1
78,9,1512.02,533.37,323.86,250.92,1,-1,-1,-1
78,10,-0.74,535.48,108.90,243.92,1,-1,-1,-1
79,3,77.27,267.27,205.80,157.88,1,-1,-1,-1
79,4,1479.85,-0.86,50.13,29.86,1,-1,-1,-1
79,7,830.25,145.91,312.22,146.44,1,-1,-1,-1
79,9,1488.83,519.69,330.84,251.55,1,-1,-1,-1
79,10,0.03,533.50,110.49,240.25,1,-1,-1,-1
80,3,59.27,280.70,198.70,154.24,1,-1,-1,-1
80,4,1479.85,-0.86,50.12,29.86,1,-1,-1,-1
80,7,873.65,137.37,298.04,139.93,1,-1,-1,-1
80,9,1464.66,506.08,337.26,251.08,1,-1,-1,-1
80,10,0.54,532.00,111.77,236.98,1,-1,-1,-1
81,3,43.53,293.88,190.08,150.25,1,-1,-1,-1
81,4,1479.85,-0.86,50.12,29.86,1,-1,-1,-1
81,7,916.65,129.28,282.05,133.34,1,-1,-1,-1
81,9,1439.43,492.56,343.20,249.66,1,-1,-1,-1
81,10,0.85,530.93,112.74,234.22,1,-1,-1,-1
82,3,30.30,306.72,179.58,145.98,1,-1,-1,-1
82,4,1479.85,-0.86,50.11,29.86,1,-1,-1,-1
82,7,958.62,121.61,264.81,126.84,1,-1,-1,-1
82,9,1413.02,479.12,348.77,247.46,1,-1,-1,-1
82,10,0.99,530.24,113.44,232.04,1,-1,-1,-1
83,3,19.62,319.14,167.14,141.50,1,-1,-1,-1
83,4,1479.85,-0.86,50.11,29.86,1,-1,-1,-1
83,7,998.83,114.30,247.02,120.57,1,-1,-1,-1
83,9,1385.34,465.79,354.05,244.68,1,-1,-1,-1
83,10,1.02,529.86,113.98,230.48,1,-1,-1,-1
84,3,11.35,331.08,152.89,136.89,1,-1,-1,-1
84,4,1479.85,-0.86,50.10,29.86,1,-1,-1,-1
84,7,1036.53,107.30,229.54,114.66,1,-1,-1,-1
84,9,1356.33,452.59,359.08,241.55,1,-1,-1,-1
84,10,0.98,529.69,114.51,229.54,1,-1,-1,-1
85,3,5.21,342.51,137.07,132.19,1,-1,-1,-1
85,4,1479.85,-0.86,50.10,29.86,1,-1,-1,-1
85,7,1071.13,100.56,213.10,109.23,1,-1,-1,-1
85,9,1325.98,439.51,363.82,238.28,1,-1,-1,-1
85,10,0.93,529.63,115.13,229.19,1,-1,-1,-1
86,3,0.86,353.42,120.04,127.47,1,-1,-1,-1
86,4,1479.85,-0.86,50.09,29.86,1,-1,-1,-1
86,7,1102.40,94.04,198.13,104.35,1,-1,-1,-1
86,9,1294.36,426.54,368.15,235.04,1,-1,-1,-1
86,10,0.90,529.55,115.89,229.39,1,-1,-1,-1
87,3,-2.06,363.84,102.17,122.76,1,-1,-1,-1
87,4,1479.85,-0.87,50.09,29.86,1,-1,-1,-1
87,7,1130.38,87.72,184.77,100.07,1,-1,-1,-1
87,9,1261.57,413.65,371.94,231.98,1,-1,-1,-1
87,10,0.94,529.36,116.78,230.10,1,-1,-1,-1
88,4,1479.85,-0.87,50.08,29.86,1,-1,-1,-1
88,7,1155.30,81.59,172.90,96.38,1,-1,-1,-1
88,9,1227.78,400.80,375.02,229.15,1,-1,-1,-1
88,10,1.07,528.97,117.69,231.17,1,-1,-1,-1
89,4,1479.85,-0.87,50.08,29.86,1,-1,-1,-1
89,7,1177.58,75.67,162.24,93.25,1,-1,-1,-1
89,9,1193.19,387.97,377.23,226.50,1,-1,-1,-1
89,10,1.32,528.37,118.50,232.43,1,-1,-1,-1
90,4,1479.85,-0.87,50.07,29.86,1,-1,-1,-1
90,7,1197.71,69.99,152.41,90.58,1,-1,-1,-1
90,9,1158.01,375.16,378.45,223.93,1,-1,-1,-1
90,10,1.68,527.57,119.09,233.60,1,-1,-1,-1
91,4,1479.85,-0.87,50.07,29.86,1,-1,-1,-1
91,7,1216.19,64.56,143.04,88.26,1,-1,-1,-1
91,9,1122.45,362.44,378.58,221.31,1,-1,-1,-1
91,10,2.17,526.63,119.44,234.46,1,-1,-1,-1
92,4,1479.85,-0.87,50.06,29.86,1,-1,-1,-1
92,7,1233.33,59.40,133.89,86.13,1,-1,-1,-1
92,9,1086.70,349.87,377.62,218.50,1,-1,-1,-1
92,10,2.75,525.60,119.54,234.85,1,-1,-1,-1
93,4,1479.85,-0.87,50.06,29.86,1,-1,-1,-1
93,7,1249.25,54.54,124.98,84.05,1,-1,-1,-1
93,9,1050.86,337.55,375.60,215.42,1,-1,-1,-1
93,10,3.39,524.55,119.48,234.69,1,-1,-1,-1
94,4,1479.85,-0.87,50.05,29.86,1,-1,-1,-1
94,7,1263.93,49.99,116.43,81.89,1,-1,-1,-1
94,9,1015.05,325.60,372.64,211.99,1,-1,-1,-1
94,10,4.05,523.53,119.38,233.96,1,-1,-1,-1
95,4,1479.85,-0.87,50.05,29.86,1,-1,-1,-1
95,7,1277.29,45.76,108.42,79.54,1,-1,-1,-1
95,9,979.31,314.13,368.89,208.16,1,-1,-1,-1
95,10,4.68,522.59,119.41,232.71,1,-1,-1,-1
96,4,1479.85,-0.87,50.05,29.86,1,-1,-1,-1
96,7,1289.33,41.87,101.06,76.93,1,-1,-1,-1
96,9,943.67,303.26,364.50,203.90,1,-1,-1,-1
96,10,5.23,521.78,119.75,231.00,1,-1,-1,-1
97,4,1479.85,-0.87,50.04,29.86,1,-1,-1,-1
97,7,1300.12,38.30,94.37,74.00,1,-1,-1,-1
97,9,908.16,293.07,359.66,199.21,1,-1,-1,-1
97,10,5.65,521.16,120.62,228.93,1,-1,-1,-1
98,4,1479.85,-0.87,50.04,29.86,1,-1,-1,-1
98,7,1309.78,35.04,88.29,70.76,1,-1,-1,-1
98,9,872.79,283.63,354.49,194.15,1,-1,-1,-1
98,10,5.91,520.77,122.21,226.62,1,-1,-1,-1
99,4,1479.85,-0.88,50.03,29.86,1,-1,-1,-1
99,7,1318.48,32.03,82.74,67.27,1,-1,-1,-1
99,9,837.55,275.00,349.14,188.78,1,-1,-1,-1
99,10,5.96,520.65,124.73,224.19,1,-1,-1,-1
100,4,1479.86,-0.88,50.03,29.86,1,-1,-1,-1
100,7,1326.36,29.25,77.60,63.61,1,-1,-1,-1
100,9,802.48,267.20,343.68,183.19,1,-1,-1,-1
100,10,5.78,520.81,128.37,221.78,1,-1,-1,-1
101,4,1479.86,-0.88,50.02,29.87,1,-1,-1,-1
101,7,1333.55,26.62,72.78,59.88,1,-1,-1,-1
101,9,767.61,260.24,338.15,177.49,1,-1,-1,-1
101,10,5.38,521.28,133.30,219.50,1,-1,-1,-1
102,4,1479.86,-0.88,50.02,29.87,1,-1,-1,-1
102,7,1340.13,24.12,68.25,56.18,1,-1,-1,-1
102,9,732.99,254.14,332.56,171.78,1,-1,-1,-1
102,10,4.76,522.06,139.63,217.47,1,-1,-1,-1
103,4,1479.86,-0.88,50.01,29.87,1,-1,-1,-1
103,7,1346.15,21.70,63.96,52.62,1,-1,-1,-1
103,9,698.72,248.86,326.87,166.16,1,-1,-1,-1
103,10,3.96,523.14,147.45,215.77,1,-1,-1,-1
104,4,1479.86,-0.88,50.01,29.87,1,-1,-1,-1
104,7,1351.65,19.33,59.92,49.25,1,-1,-1,-1
104,9,664.86,244.42,321.04,160.74,1,-1,-1,-1
104,10,3.06,524.50,156.77,214.47,1,-1,-1,-1
105,4,1479.86,-0.88,50.00,29.87,1,-1,-1,-1
105,7,1356.62,17.00,56.18,46.12,1,-1,-1,-1
105,9,631.49,240.80,315.07,155.60,1,-1,-1,-1
105,10,2.15,526.07,167.53,213.60,1,-1,-1,-1
106,4,1479.86,-0.88,50.00,29.87,1,-1,-1,-1
106,7,1361.02,14.71,52.81,43.23,1,-1,-1,-1
106,9,598.69,238.02,308.95,150.81,1,-1,-1,-1
106,10,1.37,527.79,179.57,213.11,1,-1,-1,-1
107,4,1479.86,-0.88,49.99,29.87,1,-1,-1,-1
107,7,1364.81,12.48,49.89,40.59,1,-1,-1,-1
107,9,566.52,236.10,302.69,146.42,1,-1,-1,-1
107,10,0.91,529.51,192.66,212.92,1,-1,-1,-1
108,4,1479.86,-0.88,49.99,29.87,1,-1,-1,-1
108,7,1367.92,10.33,47.50,38.19,1,-1,-1,-1
108,9,535.06,235.05,296.31,142.47,1,-1,-1,-1
108,10,1.04,531.04,206.45,212.86,1,-1,-1,-1
109,4,1479.86,-0.88,49.98,29.87,1,-1,-1,-1
109,7,1370.37,8.29,45.66,36.02,1,-1,-1,-1
109,9,504.37,234.87,289.76,138.97,1,-1,-1,-1
109,10,2.05,532.08,220.58,212.73,1,-1,-1,-1
110,4,1479.86,-0.88,49.98,29.87,1,-1,-1,-1
110,7,1372.21,6.40,44.36,34.07,1,-1,-1,-1
110,9,474.55,235.52,283.00,135.94,1,-1,-1,-1
110,10,4.32,532.24,234.73,212.28,1,-1,-1,-1
111,4,1479.86,-0.89,49.97,29.87,1,-1,-1,-1
111,7,1373.55,4.69,43.48,32.30,1,-1,-1,-1
111,9,445.67,236.96,275.95,133.38,1,-1,-1,-1
111,10,8.25,531.04,248.72,211.41,1,-1,-1,-1
112,4,1479.86,-0.89,49.97,29.87,1,-1,-1,-1
112,7,1374.54,3.17,42.90,30.67,1,-1,-1,-1
112,9,417.77,239.13,268.56,131.31,1,-1,-1,-1
112,10,14.24,528.01,262.52,210.15,1,-1,-1,-1
113,4,1479.86,-0.89,49.96,29.87,1,-1,-1,-1
113,7,1375.32,1.83,42.46,29.14,1,-1,-1,-1
113,9,390.87,241.97,260.81,129.71,1,-1,-1,-1
113,10,22.63,522.72,276.29,208.71,1,-1,-1,-1
114,4,1479.86,-0.89,49.96,29.87,1,-1,-1,-1
114,7,1376.03,0.65,42.02,27.62,1,-1,-1,-1
114,9,364.95,245.40,252.72,128.56,1,-1,-1,-1
114,10,33.66,514.92,290.19,207.39,1,-1,-1,-1
115,4,1479.86,-0.89,49.95,29.87,1,-1,-1,-1
115,7,1376.78,-0.39,41.48,26.06,1,-1,-1,-1
115,9,339.94,249.35,244.37,127.84,1,-1,-1,-1
115,10,47.49,504.58,304.34,206.42,1,-1,-1,-1
116,4,1479.86,-0.89,49.95,29.87,1,-1,-1,-1
116,7,1377.70,-1.35,40.75,24.38,1,-1,-1,-1
116,9,315.77,253.76,235.89,127.46,1,-1,-1,-1
116,10,64.18,491.97,318.72,205.89,1,-1,-1,-1
117,4,1479.86,-0.89,49.95,29.87,1,-1,-1,-1
117,7,1378.93,-2.28,39.73,22.55,1,-1,-1,-1
117,9,292.37,258.64,227.35,127.30,1,-1,-1,-1
117,10,83.73,477.58,333.10,205.76,1,-1,-1,-1
118,4,1479.86,-0.89,49.94,29.87,1,-1,-1,-1
118,7,1380.67,-3.24,38.31,20.53,1,-1,-1,-1
118,9,269.65,264.03,218.84,127.25,1,-1,-1,-1
118,10,106.08,461.96,347.21,205.95,1,-1,-1,-1
119,4,1479.86,-0.89,49.94,29.87,1,-1,-1,-1
119,7,1383.09,-4.26,36.38,18.29,1,-1,-1,-1
119,9,247.54,270.00,210.41,127.14,1,-1,-1,-1
119,10,131.08,445.63,360.80,206.49,1,-1,-1,-1
119,11,-0.99,523.93,128.45,118.97,1,-1,-1,-1
120,4,1479.86,-0.89,49.93,29.87,1,-1,-1,-1
120,9,225.95,276.60,202.12,126.87,1,-1,-1,-1
120,10,158.50,429.01,373.56,207.58,1,-1,-1,-1
120,11,1.46,517.02,134.62,120.43,1,-1,-1,-1
121,4,1479.86,-0.89,49.93,29.87,1,-1,-1,-1
121,9,204.84,283.88,193.98,126.36,1,-1,-1,-1
121,10,188.08,412.41,385.11,209.48,1,-1,-1,-1
121,11,4.12,510.16,140.52,121.78,1,-1,-1,-1
122,4,1479.86,-0.90,49.92,29.87,1,-1,-1,-1
122,9,184.18,291.85,186.06,125.58,1,-1,-1,-1
122,10,219.59,396.06,395.03,212.28,1,-1,-1,-1
122,11,7.08,503.36,146.06,122.98,1,-1,-1,-1
123,4,1479.86,-0.90,49.92,29.87,1,-1,-1,-1
123,9,163.95,300.49,178.38,124.53,1,-1,-1,-1
123,10,252.90,380.11,403.03,215.87,1,-1,-1,-1
123,11,10.46,496.64,151.21,123.99,1,-1,-1,-1
124,4,1479.86,-0.90,49.91,29.87,1,-1,-1,-1
124,9,144.15,309.77,170.97,123.24,1,-1,-1,-1
124,10,287.90,364.64,409.04,219.93,1,-1,-1,-1
124,11,14.33,489.96,156.01,124.84,1,-1,-1,-1
125,4,1479.86,-0.90,49.91,29.87,1,-1,-1,-1
125,9,124.82,319.65,163.83,121.75,1,-1,-1,-1
125,10,324.54,349.70,413.28,224.04,1,-1,-1,-1
125,11,18.78,483.30,160.59,125.55,1,-1,-1,-1
126,4,1479.86,-0.90,49.90,29.87,1,-1,-1,-1
126,9,106.01,330.07,156.90,120.11,1,-1,-1,-1
126,10,362.76,335.32,416.11,227.68,1,-1,-1,-1
126,11,23.79,476.61,165.13,126.22,1,-1,-1,-1
126,12,1191.01,-2.05,48.15,19.72,1,-1,-1,-1
127,4,1479.86,-0.90,49.90,29.87,1,-1,-1,-1
127,9,87.82,340.91,150.09,118.39,1,-1,-1,-1
127,10,402.61,321.47,417.99,230.22,1,-1,-1,-1
127,11,29.36,469.82,169.89,126.92,1,-1,-1,-1
127,12,1187.06,-1.71,51.20,21.98,1,-1,-1,-1
128,4,1479.87,-0.90,49.89,29.87,1,-1,-1,-1
128,9,70.38,352.07,143.26,116.63,1,-1,-1,-1
128,10,444.12,308.11,419.34,231.08,1,-1,-1,-1
128,11,35.44,462.86,175.09,127.77,1,-1,-1,-1
128,12,1183.37,-1.43,53.95,24.22,1,-1,-1,-1
129,4,1479.87,-0.90,49.89,29.87,1,-1,-1,-1
129,9,53.82,363.41,136.25,114.87,1,-1,-1,-1
129,10,487.35,295.14,420.44,230.01,1,-1,-1,-1
129,11,42.08,455.68,180.85,128.83,1,-1,-1,-1
129,12,1179.85,-1.20,56.46,26.44,1,-1,-1,-1
130,4,1479.87,-0.90,49.88,29.88,1,-1,-1,-1
130,9,38.27,374.80,128.91,113.13,1,-1,-1,-1
130,10,532.31,282.42,421.34,227.18,1,-1,-1,-1
130,11,49.41,448.21,187.19,130.14,1,-1,-1,-1
130,12,1176.42,-1.01,58.80,28.65,1,-1,-1,-1
131,4,1479.87,-0.90,49.88,29.88,1,-1,-1,-1
131,9,23.80,386.13,121.14,111.40,1,-1,-1,-1
131,10,578.87,269.86,421.68,223.12,1,-1,-1,-1
131,11,57.63,440.41,194.00,131.69,1,-1,-1,-1
131,12,1173.00,-0.86,61.03,30.84,1,-1,-1,-1
132,4,1479.87,-0.90,49.87,29.88,1,-1,-1,-1
132,9,10.42,397.30,112.89,109.68,1,-1,-1,-1
132,10,626.75,257.41,420.61,218.33,1,-1,-1,-1
132,11,67.00,432.26,201.09,133.43,1,-1,-1,-1
132,12,1169.53,-0.74,63.19,33.04,1,-1,-1,-1
133,4,1479.87,-0.90,49.87,29.88,1,-1,-1,-1
133,9,-1.93,408.21,104.20,107.98,1,-1,-1,-1
133,10,675.53,245.15,417.12,213.17,1,-1,-1,-1
133,11,77.78,423.72,208.18,135.33,1,-1,-1,-1
133,12,1165.98,-0.65,65.31,35.24,1,-1,-1,-1
134,4,1479.87,-0.91,49.86,29.88,1,-1,-1,-1
134,9,-13.36,418.81,95.14,106.29,1,-1,-1,-1
134,10,724.77,233.18,410.43,207.78,1,-1,-1,-1
134,11,90.22,414.78,215.06,137.30,1,-1,-1,-1
134,12,1162.32,-0.58,67.41,37.46,1,-1,-1,-1
135,4,1479.87,-0.91,49.86,29.88,1,-1,-1,-1
135,10,774.02,221.62,400.21,202.09,1,-1,-1,-1
135,11,104.42,405.46,221.58,139.25,1,-1,-1,-1
135,12,1158.55,-0.51,69.51,39.71,1,-1,-1,-1
136,4,1479.87,-0.91,49.85,29.88,1,-1,-1,-1
136,10,822.86,210.62,386.61,196.03,1,-1,-1,-1
136,11,120.40,395.75,227.72,141.10,1,-1,-1,-1
136,12,1154.66,-0.46,71.61,41.99,1,-1,-1,-1
137,4,1479.87,-0.91,49.85,29.88,1,-1,-1,-1
137,10,870.87,200.31,370.21,189.53,1,-1,-1,-1
137,11,138.07,385.69,233.55,142.76,1,-1,-1,-1
137,12,1150.64,-0.40,73.72,44.31,1,-1,-1,-1
138,4,1479.87,-0.91,49.84,29.88,1,-1,-1,-1
138,10,917.59,190.78,351.83,182.63,1,-1,-1,-1
138,11,157.28,375.30,239.16,144.17,1,-1,-1,-1
138,12,1146.47,-0.32,75.86,46.66,1,-1,-1,-1
139,4,1479.87,-0.91,49.84,29.88,1,-1,-1,-1
139,10,962.55,181.99,332.34,175.42,1,-1,-1,-1
139,11,177.93,364.62,244.64,145.28,1,-1,-1,-1
139,12,1142.16,-0.24,78.05,49.04,1,-1,-1,-1
140,4,1479.87,-0.91,49.84,29.88,1,-1,-1,-1
140,10,1005.31,173.82,312.50,168.07,1,-1,-1,-1
140,11,199.93,353.68,250.07,146.05,1,-1,-1,-1
140,12,1137.68,-0.12,80.29,51.42,1,-1,-1,-1
141,4,1479.87,-0.91,49.83,29.88,1,-1,-1,-1
141,10,1045.52,166.05,292.97,160.80,1,-1,-1,-1
141,11,223.28,342.51,255.48,146.48,1,-1,-1,-1
141,12,1133.07,0.02,82.58,53.81,1,-1,-1,-1
142,4,1479.87,-0.91,49.83,29.88,1,-1,-1,-1
142,10,1082.92,158.45,274.22,153.87,1,-1,-1,-1
142,11,247.98,331.16,260.91,146.56,1,-1,-1,-1
142,12,1128.34,0.20,84.88,56.17,1,-1,-1,-1
143,4,1479.87,-0.91,49.82,29.88,1,-1,-1,-1
143,10,1117.44,150.81,256.59,147.45,1,-1,-1,-1
143,11,274.11,319.66,266.33,146.29,1,-1,-1,-1
143,12,1123.54,0.42,87.18,58.51,1,-1,-1,-1
144,4,1479.87,-0.91,49.82,29.88,1,-1,-1,-1
144,10,1149.18,143.05,240.12,141.64,1,-1,-1,-1
144,11,301.74,308.04,271.68,145.70,1,-1,-1,-1
144,12,1118.73,0.69,89.40,60.80,1,-1,-1,-1
145,4,1479.87,-0.91,49.81,29.88,1,-1,-1,-1
145,10,1178.36,135.16,224.64,136.45,1,-1,-1,-1
145,11,330.98,296.35,276.82,144.78,1,-1,-1,-1
145,12,1113.96,1.01,91.52,63.04,1,-1,-1,-1
145,13,1720.98,713.81,202.86,183.28,1,-1,-1,-1
146,4,1479.87,-0.92,49.81,29.88,1,-1,-1,-1
146,10,1205.22,127.20,209.89,131.81,1,-1,-1,-1
146,11,361.91,284.64,281.54,143.56,1,-1,-1,-1
146,12,1109.27,1.37,93.49,65.21,1,-1,-1,-1
146,13,1701.06,708.37,213.50,183.39,1,-1,-1,-1
147,4,1479.87,-0.92,49.80,29.88,1,-1,-1,-1
147,10,1230.00,119.27,195.68,127.65,1,-1,-1,-1
147,11,394.57,272.95,285.61,142.05,1,-1,-1,-1
147,12,1104.69,1.79,95.32,67.29,1,-1,-1,-1
147,13,1680.39,702.45,224.18,183.61,1,-1,-1,-1
148,4,1479.87,-0.92,49.80,29.88,1,-1,-1,-1
148,10,1252.85,111.46,181.97,123.82,1,-1,-1,-1
148,11,428.95,261.32,288.79,140.26,1,-1,-1,-1
148,12,1100.18,2.26,97.06,69.29,1,-1,-1,-1
148,13,1658.53,695.98,234.94,183.92,1,-1,-1,-1
149,4,1479.87,-0.92,49.79,29.88,1,-1,-1,-1
149,10,1273.86,103.93,168.80,120.22,1,-1,-1,-1
149,11,465.02,249.81,290.84,138.22,1,-1,-1,-1
149,12,1095.68,2.79,98.80,71.17,1,-1,-1,-1
149,13,1635.08,688.90,245.83,184.28,1,-1,-1,-1
150,4,1479.87,-0.92,49.79,29.88,1,-1,-1,-1
150,10,1293.02,96.78,156.30,116.76,1,-1,-1,-1
150,11,502.68,238.47,291.57,135.93,1,-1,-1,-1
150,12,1091.16,3.36,100.62,72.93,1,-1,-1,-1
150,13,1609.76,681.10,256.86,184.67,1,-1,-1,-1
151,4,1479.87,-0.92,49.78,29.88,1,-1,-1,-1
151,10,1310.35,90.14,144.61,113.36,1,-1,-1,-1
151,11,541.83,227.35,290.81,133.41,1,-1,-1,-1
151,12,1086.55,3.98,102.58,74.55,1,-1,-1,-1
151,13,1582.40,672.46,267.89,185.09,1,-1,-1,-1
152,4,1479.87,-0.92,49.78,29.88,1,-1,-1,-1
152,10,1325.85,84.06,133.88,109.92,1,-1,-1,-1
152,11,582.33,216.50,288.41,130.68,1,-1,-1,-1
152,12,1081.85,4.66,104.72,76.03,1,-1,-1,-1
152,13,1552.96,662.84,278.70,185.60,1,-1,-1,-1
153,4,1479.87,-0.92,49.77,29.88,1,-1,-1,-1
153,10,1339.57,78.54,124.22,106.38,1,-1,-1,-1
153,11,623.98,205.96,284.32,127.77,1,-1,-1,-1
153,12,1077.07,5.37,107.04,77.35,1,-1,-1,-1
153,13,1521.44,652.13,288.99,186.27,1,-1,-1,-1
154,4,1479.87,-0.92,49.77,29.88,1,-1,-1,-1
154,10,1351.56,73.54,115.72,102.70,1,-1,-1,-1
154,11,666.51,195.76,278.59,124.73,1,-1,-1,-1
154,12,1072.25,6.14,109.51,78.51,1,-1,-1,-1
154,13,1487.88,640.18,298.49,187.17,1,-1,-1,-1
155,4,1479.88,-0.92,49.76,29.88,1,-1,-1,-1
155,10,1361.94,68.98,108.40,98.85,1,-1,-1,-1
155,11,709.53,185.95,271.46,121.59,1,-1,-1,-1
155,12,1067.45,6.94,112.06,79.51,1,-1,-1,-1
155,13,1452.27,626.89,307.05,188.35,1,-1,-1,-1
156,4,1479.88,-0.92,49.76,29.88,1,-1,-1,-1
156,10,1370.83,64.75,102.19,94.83,1,-1,-1,-1
156,11,752.53,176.52,263.27,118.40,1,-1,-1,-1
156,12,1062.70,7.79,114.67,80.36,1,-1,-1,-1
156,13,1414.69,612.23,314.63,189.78,1,-1,-1,-1
157,4,1479.88,-0.92,49.75,29.88,1,-1,-1,-1
157,10,1378.38,60.74,97.01,90.72,1,-1,-1,-1
157,11,795.00,167.50,254.44,115.21,1,-1,-1,-1
157,12,1058.02,8.67,117.28,81.06,1,-1,-1,-1
157,13,1375.19,596.26,321.27,191.33,1,-1,-1,-1
158,4,1479.88,-0.93,49.75,29.88,1,-1,-1,-1
158,10,1384.73,56.82,92.69,86.66,1,-1,-1,-1
158,11,836.50,158.91,245.31,112.03,1,-1,-1,-1
158,12,1053.42,9.58,119.91,81.62,1,-1,-1,-1
158,13,1333.85,579.19,327.14,192.78,1,-1,-1,-1
159,4,1479.88,-0.93,49.74,29.88,1,-1,-1,-1
159,10,1390.03,52.90,89.02,82.75,1,-1,-1,-1
159,11,876.64,150.74,236.12,108.90,1,-1,-1,-1
159,12,1048.86,10.52,122.54,82.05,1,-1,-1,-1
159,13,1290.78,561.31,332.43,193.89,1,-1,-1,-1
160,4,1479.88,-0.93,49.74,29.89,1,-1,-1,-1
160,10,1394.42,48.92,85.71,79.05,1,-1,-1,-1
160,11,915.10,143.00,227.05,105.84,1,-1,-1,-1
160,12,1044.33,11.48,125.18,82.37,1,-1,-1,-1
160,13,1246.11,542.92,337.37,194.43,1,-1,-1,-1
161,4,1479.88,-0.93,49.73,29.89,1,-1,-1,-1
161,10,1398.00,44.87,82.48,75.54,1,-1,-1,-1
161,11,951.62,135.68,218.17,102.86,1,-1,-1,-1
161,12,1039.79,12.46,127.83,82.58,1,-1,-1,-1
161,13,1200.12,524.33,342.07,194.34,1,-1,-1,-1
162,4,1479.88,-0.93,49.73,29.89,1,-1,-1,-1
162,10,1400.85,40.77,79.12,72.14,1,-1,-1,-1
162,11,986.07,128.77,209.49,99.95,1,-1,-1,-1
162,12,1035.23,13.45,130.48,82.68,1,-1,-1,-1
162,13,1153.18,505.78,346.57,193.64,1,-1,-1,-1
163,4,1479.88,-0.93,49.73,29.89,1,-1,-1,-1
163,10,1403.03,36.66,75.52,68.75,1,-1,-1,-1
163,11,1018.41,122.23,200.91,97.12,1,-1,-1,-1
163,12,1030.64,14.45,133.11,82.71,1,-1,-1,-1
163,13,1105.66,487.52,350.70,192.37,1,-1,-1,-1
164,4,1479.88,-0.93,49.72,29.89,1,-1,-1,-1
164,10,1404.56,32.61,71.75,65.32,1,-1,-1,-1
164,11,1048.69,116.06,192.34,94.37,1,-1,-1,-1
164,12,1026.04,15.46,135.64,82.65,1,-1,-1,-1
164,13,1057.83,469.76,354.15,190.60,1,-1,-1,-1
165,4,1479.88,-0.93,49.72,29.89,1,-1,-1,-1
165,10,1405.50,28.65,68.02,61.86,1,-1,-1,-1
165,11,1076.98,110.21,183.69,91.68,1,-1,-1,-1
165,12,1021.47,16.46,138.04,82.53,1,-1,-1,-1
165,13,1009.80,452.62,356.62,188.33,1,-1,-1,-1
165,14,1210.24,-2.48,46.50,10.91,1,-1,-1,-1
166,4,1479.88,-0.93,49.71,29.89,1,-1,-1,-1
166,10,1405.91,24.80,64.61,58.49,1,-1,-1,-1
166,11,1103.40,104.68,174.94,89.06,1,-1,-1,-1
166,12,1016.95,17.45,140.24,82.36,1,-1,-1,-1
166,13,961.62,436.20,357.94,185.57,1,-1,-1,-1
166,14,1207.21,-2.32,47.89,12.51,1,-1,-1,-1
166,15,18.21,583.82,213.70,147.32,1,-1,-1,-1
167,4,1479.88,-0.93,49.71,29.89,1,-1,-1,-1
167,10,1405.90,21.10,61.82,55.36,1,-1,-1,-1
167,11,1128.11,99.41,166.12,86.49,1,-1,-1,-1
167,12,1012.49,18.44,142.23,82.15,1,-1,-1,-1
167,13,913.31,420.55,358.15,182.30,1,-1,-1,-1
167,14,1204.19,-2.16,49.27,14.11,1,-1,-1,-1
167,15,18.47,583.65,213.87,147.74,1,-1,-1,-1
168,4,1479.88,-0.93,49.70,29.89,1,-1,-1,-1
168,10,1405.56,17.57,59.77,52.58,1,-1,-1,-1
168,11,1151.22,94.40,157.27,83.96,1,-1,-1,-1
168,12,1008.06,19.42,144.02,81.92,1,-1,-1,-1
168,13,864.93,405.68,357.34,178.53,1,-1,-1,-1
168,14,1201.17,-2.00,50.66,15.71,1,-1,-1,-1
168,15,18.74,583.48,214.03,148.17,1,-1,-1,-1
168,16,811.97,7.74,68.43,35.11,1,-1,-1,-1
169,4,1479.88,-0.94,49.70,29.89,1,-1,-1,-1
169,10,1405.00,14.28,58.45,50.21,1,-1,-1,-1
169,11,1172.84,89.61,148.49,81.47,1,-1,-1,-1
169,12,1003.59,20.39,145.67,81.69,1,-1,-1,-1
169,13,816.66,391.60,355.52,174.32,1,-1,-1,-1
169,14,1198.15,-1.84,52.05,17.31,1,-1,-1,-1
169,15,19.00,583.30,214.20,148.60,1,-1,-1,-1
169,16,813.34,7.79,67.24,35.10,1,-1,-1,-1
170,4,1479.88,-0.94,49.69,29.89,1,-1,-1,-1
170,10,1404.32,11.26,57.69,48.16,1,-1,-1,-1
170,11,1193.03,85.01,139.87,79.02,1,-1,-1,-1
170,12,998.97,21.36,147.29,81.48,1,-1,-1,-1
170,13,768.78,378.32,352.55,169.72,1,-1,-1,-1
170,14,1195.12,-1.68,53.44,18.91,1,-1,-1,-1
170,15,19.26,583.13,214.37,149.02,1,-1,-1,-1
170,16,814.71,7.84,66.05,35.08,1,-1,-1,-1
171,4,1479.88,-0.94,49.69,29.89,1,-1,-1,-1
171,10,1403.59,8.60,57.21,46.30,1,-1,-1,-1
171,11,1211.84,80.57,131.51,76.60,1,-1,-1,-1
171,12,994.06,22.33,149.01,81.31,1,-1,-1,-1
171,13,721.67,365.88,348.21,164.83,1,-1,-1,-1
171,14,1192.10,-1.52,54.82,20.51,1,-1,-1,-1
171,15,19.52,582.96,214.54,149.45,1,-1,-1,-1
171,16,816.07,7.89,64.87,35.06,1,-1,-1,-1
172,4,1479.88,-0.94,49.68,29.89,1,-1,-1,-1
172,10,1402.83,6.34,56.78,44.47,1,-1,-1,-1
172,11,1229.28,76.27,123.47,74.21,1,-1,-1,-1
172,12,988.70,23.32,150.95,81.22,1,-1,-1,-1
172,13,675.70,354.33,342.25,159.75,1,-1,-1,-1
172,14,1189.08,-1.36,56.21,22.11,1,-1,-1,-1
172,15,19.78,582.79,214.70,149.88,1,-1,-1,-1
172,16,817.44,7.95,63.68,35.04,1,-1,-1,-1
172,17,658.04,22.29,52.29,30.75,1,-1,-1,-1
173,4,1479.88,-0.94,49.68,29.89,1,-1,-1,-1
173,10,1402.10,4.52,56.23,42.51,1,-1,-1,-1
173,11,1245.35,72.09,115.87,71.84,1,-1,-1,-1
173,12,982.71,24.33,153.27,81.23,1,-1,-1,-1
173,13,631.30,343.77,334.50,154.56,1,-1,-1,-1
173,14,1186.05,-1.20,57.60,23.71,1,-1,-1,-1
173,15,20.04,582.62,214.87,150.31,1,-1,-1,-1
173,16,818.81,8.00,62.49,35.03,1,-1,-1,-1
173,17,657.94,22.05,52.45,30.89,1,-1,-1,-1
174,4,1479.88,-0.94,49.67,29.89,1,-1,-1,-1
174,10,1401.38,3.12,55.49,40.36,1,-1,-1,-1
174,11,1260.06,67.99,108.76,69.52,1,-1,-1,-1
174,12,975.91,25.38,156.08,81.37,1,-1,-1,-1
174,13,588.83,334.33,324.82,149.34,1,-1,-1,-1
174,14,1183.03,-1.05,58.99,25.31,1,-1,-1,-1
174,15,20.30,582.45,215.04,150.73,1,-1,-1,-1
174,16,820.17,8.05,61.31,35.01,1,-1,-1,-1
174,17,657.84,21.81,52.61,31.04,1,-1,-1,-1
175,4,1479.88,-0.94,49.67,29.89,1,-1,-1,-1
175,10,1400.71,2.12,54.60,38.05,1,-1,-1,-1
175,11,1273.39,63.94,102.21,67.24,1,-1,-1,-1
175,12,968.10,26.49,159.50,81.65,1,-1,-1,-1
175,13,548.62,326.17,313.14,144.14,1,-1,-1,-1
175,14,1180.01,-0.89,60.37,26.91,1,-1,-1,-1
175,15,20.56,582.27,215.20,151.16,1,-1,-1,-1
175,16,821.54,8.10,60.12,34.99,1,-1,-1,-1
175,17,657.75,21.56,52.76,31.18,1,-1,-1,-1
176,4,1479.88,-0.94,49.66,29.89,1,-1,-1,-1
176,10,1400.09,1.46,53.64,35.64,1,-1,-1,-1
176,11,1285.36,59.92,96.26,65.02,1,-1,-1,-1
176,12,959.15,27.68,163.59,82.10,1,-1,-1,-1
176,13,510.84,319.48,299.48,138.97,1,-1,-1,-1
176,14,1176.98,-0.73,61.76,28.51,1,-1,-1,-1
176,15,20.82,582.10,215.37,151.59,1,-1,-1,-1
176,16,822.91,8.15,58.93,34.97,1,-1,-1,-1
176,17,657.65,21.32,52.92,31.33,1,-1,-1,-1
177,4,1479.88,-0.94,49.66,29.89,1,-1,-1,-1
177,10,1399.54,1.09,52.64,33.22,1,-1,-1,-1
177,11,1295.96,55.91,90.94,62.89,1,-1,-1,-1
177,12,948.98,28.95,168.33,82.72,1,-1,-1,-1
177,13,475.55,314.43,284.02,133.84,1,-1,-1,-1
177,14,1173.96,-0.57,63.15,30.11,1,-1,-1,-1
177,15,21.08,581.93,215.54,152.01,1,-1,-1,-1
177,16,824.27,8.20,57.75,34.96,1,-1,-1,-1
177,17,657.55,21.08,53.08,31.47,1,-1,-1,-1
178,4,1479.88,-0.94,49.65,29.89,1,-1,-1,-1
178,10,1399.11,0.90,51.58,30.89,1,-1,-1,-1
178,11,1305.23,51.90,86.23,60.86,1,-1,-1,-1
178,12,937.65,30.33,173.59,83.52,1,-1,-1,-1
178,13,442.55,311.11,267.12,128.75,1,-1,-1,-1
178,14,1170.94,-0.41,64.54,31.71,1,-1,-1,-1
178,15,21.35,581.76,215.71,152.44,1,-1,-1,-1
178,16,825.64,8.25,56.56,34.94,1,-1,-1,-1
178,17,657.45,20.84,53.24,31.62,1,-1,-1,-1
179,4,1479.88,-0.94,49.65,29.89,1,-1,-1,-1
179,10,1398.83,0.82,50.36,28.70,1,-1,-1,-1
179,11,1313.21,47.90,82.06,58.92,1,-1,-1,-1
179,12,925.28,31.83,179.15,84.47,1,-1,-1,-1
179,13,411.49,309.52,249.31,123.77,1,-1,-1,-1
179,14,1167.91,-0.25,65.92,33.31,1,-1,-1,-1
179,15,21.61,581.59,215.87,152.87,1,-1,-1,-1
179,16,827.01,8.30,55.37,34.92,1,-1,-1,-1
179,17,657.36,20.59,53.39,31.76,1,-1,-1,-1
180,4,1479.88,-0.94,49.64,29.89,1,-1,-1,-1
180,10,1398.75,0.75,48.92,26.71,1,-1,-1,-1
180,11,1320.00,43.91,78.36,57.08,1,-1,-1,-1
180,12,912.06,33.48,184.76,85.56,1,-1,-1,-1
180,13,381.89,309.55,231.41,118.99,1,-1,-1,-1
180,14,1164.89,-0.09,67.31,34.91,1,-1,-1,-1
180,15,21.87,581.42,216.04,153.30,1,-1,-1,-1
180,16,828.38,8.35,54.19,34.90,1,-1,-1,-1
180,17,657.26,20.35,53.55,31.91,1,-1,-1,-1
181,4,1479.88,-0.95,49.64,29.89,1,-1,-1,-1
181,10,1398.89,0.64,47.16,24.96,1,-1,-1,-1
181,11,1325.72,39.96,75.01,55.32,1,-1,-1,-1
181,12,898.15,35.27,190.20,86.76,1,-1,-1,-1
181,13,353.28,311.00,214.33,114.55,1,-1,-1,-1
181,14,1161.87,0.07,68.70,36.51,1,-1,-1,-1
181,15,22.13,581.25,216.21,153.72,1,-1,-1,-1
181,16,829.74,8.40,53.00,34.89,1,-1,-1,-1
181,17,657.16,20.11,53.71,32.05,1,-1,-1,-1
182,4,1479.88,-0.95,49.63,29.89,1,-1,-1,-1
182,10,1399.32,0.41,45.09,23.46,1,-1,-1,-1
182,11,1330.51,36.08,71.91,53.62,1,-1,-1,-1
182,12,883.68,37.24,195.30,88.04,1,-1,-1,-1
182,13,325.33,313.69,198.88,110.58,1,-1,-1,-1
182,14,1158.84,0.23,70.09,38.11,1,-1,-1,-1
182,15,22.39,581.07,216.37,154.15,1,-1,-1,-1
183,4,1479.89,-0.95,49.63,29.89,1,-1,-1,-1
183,10,1400.08,0.01,42.73,22.19,1,-1,-1,-1
183,11,1334.49,32.29,68.99,51.95,1,-1,-1,-1
183,12,868.71,39.37,199.97,89.39,1,-1,-1,-1
183,13,297.85,317.42,185.55,107.15,1,-1,-1,-1
183,14,1155.82,0.39,71.47,39.71,1,-1,-1,-1
183,15,22.65,580.90,216.54,154.58,1,-1,-1,-1
184,4,1479.89,-0.95,49.62,29.89,1,-1,-1,-1
184,10,1401.20,-0.60,40.19,21.10,1,-1,-1,-1
184,11,1337.79,28.63,66.18,50.29,1,-1,-1,-1
184,12,853.24,41.69,204.19,90.79,1,-1,-1,-1
184,13,270.84,322.02,174.47,104.29,1,-1,-1,-1
184,14,1152.80,0.55,72.86,41.31,1,-1,-1,-1
184,15,22.91,580.73,216.71,155.00,1,-1,-1,-1
185,4,1479.89,-0.95,49.62,29.89,1,-1,-1,-1
185,10,1402.73,-1.49,37.59,20.14,1,-1,-1,-1
185,11,1340.54,25.13,63.46,48.63,1,-1,-1,-1
185,12,837.26,44.19,207.98,92.23,1,-1,-1,-1
185,13,244.33,327.38,165.47,102.01,1,-1,-1,-1
185,14,1149.78,0.71,74.25,42.91,1,-1,-1,-1
185,15,23.17,580.56,216.88,155.43,1,-1,-1,-1
186,4,1479.89,-0.95,49.62,29.89,1,-1,-1,-1
186,10,1404.67,-2.72,35.06,19.23,1,-1,-1,-1
186,11,1342.82,21.83,60.82,46.94,1,-1,-1,-1
186,12,820.73,46.87,211.36,93.72,1,-1,-1,-1
186,13,218.34,333.41,158.16,100.25,1,-1,-1,-1
186,14,1146.75,0.87,75.64,44.51,1,-1,-1,-1
186,15,23.43,580.39,217.04,155.86,1,-1,-1,-1
187,4,1479.89,-0.95,49.61,29.89,1,-1,-1,-1
187,11,1344.70,18.74,58.28,45.21,1,-1,-1,-1
187,12,803.62,49.75,214.36,95.25,1,-1,-1,-1
187,13,192.88,340.04,152.06,98.93,1,-1,-1,-1
187,14,1143.73,1.03,77.02,46.11,1,-1,-1,-1
187,15,23.69,580.22,217.21,156.28,1,-1,-1,-1
188,4,1479.89,-0.95,49.61,29.89,1,-1,-1,-1
188,11,1346.23,15.89,55.87,43.44,1,-1,-1,-1
188,12,785.93,52.82,217.00,96.86,1,-1,-1,-1
188,13,168.00,347.22,146.68,97.93,1,-1,-1,-1
188,14,1140.71,1.19,78.41,47.71,1,-1,-1,-1
188,15,23.96,580.04,217.38,156.71,1,-1,-1,-1
189,4,1479.89,-0.95,49.60,29.90,1,-1,-1,-1
189,11,1347.44,13.29,53.63,41.61,1,-1,-1,-1
189,12,767.63,56.08,219.32,98.55,1,-1,-1,-1
189,13,143.76,354.90,141.65,97.14,1,-1,-1,-1
189,14,1137.68,1.35,79.80,49.31,1,-1,-1,-1
189,15,24.22,579.87,217.54,157.14,1,-1,-1,-1
189,18,-36.29,512.76,151.18,126.32,1,-1,-1,-1
190,4,1479.89,-0.95,49.60,29.90,1,-1,-1,-1
190,11,1348.37,10.95,51.61,39.73,1,-1,-1,-1
190,12,748.64,59.54,221.40,100.36,1,-1,-1,-1
190,13,120.13,362.99,136.75,96.45,1,-1,-1,-1
190,14,1134.66,1.51,81.19,50.91,1,-1,-1,-1
190,15,24.48,579.70,217.71,157.57,1,-1,-1,-1
190,18,-29.33,503.13,147.86,129.44,1,-1,-1,-1
191,4,1479.89,-0.95,49.59,29.90,1,-1,-1,-1
191,11,1349.03,8.87,49.84,37.82,1,-1,-1,-1
191,12,728.84,63.19,223.35,102.29,1,-1,-1,-1
191,13,96.97,371.37,131.99,95.79,1,-1,-1,-1
191,14,1131.64,1.67,82.57,52.51,1,-1,-1,-1
191,15,24.74,579.53,217.88,157.99,1,-1,-1,-1
191,18,-22.37,493.50,144.58,132.56,1,-1,-1,-1
192,4,1479.89,-0.95,49.59,29.90,1,-1,-1,-1
192,11,1349.46,7.05,48.33,35.88,1,-1,-1,-1
192,12,708.09,67.05,225.34,104.37,1,-1,-1,-1
192,13,74.08,379.86,127.51,95.13,1,-1,-1,-1
192,14,1128.61,1.83,83.96,54.11,1,-1,-1,-1
192,15,25.00,579.36,218.05,158.42,1,-1,-1,-1
192,18,-15.41,483.87,142.29,135.68,1,-1,-1,-1
193,4,1479.89,-0.96,49.58,29.90,1,-1,-1,-1
193,11,1349.70,5.48,47.07,33.93,1,-1,-1,-1
193,12,686.26,71.10,227.50,106.59,1,-1,-1,-1
193,13,51.24,388.28,123.48,94.46,1,-1,-1,-1
193,14,1125.59,1.99,85.35,55.71,1,-1,-1,-1
193,15,25.26,579.19,218.21,158.85,1,-1,-1,-1
193,18,-8.46,474.24,141.83,138.80,1,-1,-1,-1
194,4,1479.89,-0.96,49.58,29.90,1,-1,-1,-1
194,11,1349.80,4.14,46.04,31.99,1,-1,-1,-1
194,12,663.25,75.35,229.93,108.95,1,-1,-1,-1
194,13,28.25,396.48,120.03,93.80,1,-1,-1,-1
194,14,1122.57,2.15,86.74,57.31,1,-1,-1,-1
194,15,25.52,579.02,218.38,159.27,1,-1,-1,-1
194,18,-1.50,464.61,143.65,141.92,1,-1,-1,-1
195,4,1479.89,-0.96,49.57,29.90,1,-1,-1,-1
195,11,1349.87,3.01,45.19,30.08,1,-1,-1,-1
195,12,639.06,79.80,232.67,111.43,1,-1,-1,-1
195,14,1119.54,2.31,88.12,58.91,1,-1,-1,-1
195,15,25.78,578.84,218.55,159.70,1,-1,-1,-1
195,18,5.46,454.97,147.72,145.04,1,-1,-1,-1
196,4,1479.89,-0.96,49.57,29.90,1,-1,-1,-1
196,11,1349.97,2.04,44.45,28.19,1,-1,-1,-1
196,12,613.79,84.44,235.62,113.99,1,-1,-1,-1
196,14,1116.52,2.46,89.51,60.51,1,-1,-1,-1
196,15,26.04,578.67,218.72,160.13,1,-1,-1,-1
196,18,12.42,445.34,153.57,148.17,1,-1,-1,-1
197,4,1479.89,-0.96,49.56,29.90,1,-1,-1,-1
197,11,1350.22,1.19,43.76,26.33,1,-1,-1,-1
197,12,587.61,89.28,238.62,116.60,1,-1,-1,-1
197,14,1113.50,2.62,90.90,62.11,1,-1,-1,-1
197,15,26.30,578.50,218.88,160.55,1,-1,-1,-1
197,18,19.38,435.71,160.63,151.29,1,-1,-1,-1
198,4,1479.89,-0.96,49.56,29.90,1,-1,-1,-1
198,11,1350.69,0.44,43.07,24.51,1,-1,-1,-1
198,12,560.72,94.30,241.49,119.20,1,-1,-1,-1
198,14,1110.47,2.78,92.29,63.71,1,-1,-1,-1
198,15,26.57,578.33,219.05,160.98,1,-1,-1,-1
198,18,26.34,426.08,168.53,154.41,1,-1,-1,-1
199,4,1479.89,-0.96,49.55,29.90,1,-1,-1,-1
199,11,1351.47,-0.29,42.35,22.71,1,-1,-1,-1
199,12,533.30,99.52,244.05,121.72,1,-1,-1,-1
199,14,1107.45,2.94,93.67,65.31,1,-1,-1,-1
199,15,26.83,578.16,219.22,161.41,1,-1,-1,-1
199,18,33.29,416.45,177.31,157.53,1,-1,-1,-1
200,4,1479.89,-0.96,49.55,29.90,1,-1,-1,-1
200,11,1352.61,-1.02,41.58,20.93,1,-1,-1,-1
200,12,505.54,104.92,246.13,124.12,1,-1,-1,-1
200,14,1104.43,3.10,95.06,66.91,1,-1,-1,-1
200,15,27.09,577.99,219.38,161.84,1,-1,-1,-1
200,18,40.25,406.82,187.36,160.65,1,-1,-1,-1
201,4,1479.89,-0.96,49.54,29.90,1,-1,-1,-1
201,11,1354.17,-1.80,40.75,19.17,1,-1,-1,-1
201,12,477.67,110.50,247.51,126.32,1,-1,-1,-1
201,14,1101.41,3.26,96.45,68.51,1,-1,-1,-1
201,15,27.35,577.81,219.55,162.26,1,-1,-1,-1
201,18,47.21,397.19,199.19,163.77,1,-1,-1,-1
202,4,1479.89,-0.96,49.54,29.90,1,-1,-1,-1
202,11,1356.17,-2.68,39.86,17.40,1,-1,-1,-1
202,12,449.98,116.25,247.92,128.28,1,-1,-1,-1
202,14,1098.38,3.42,97.84,70.11,1,-1,-1,-1
202,15,27.61,577.64,219.72,162.69,1,-1,-1,-1
202,18,54.17,387.56,213.28,166.89,1,-1,-1,-1
203,4,1479.89,-0.96,49.53,29.90,1,-1,-1,-1
203,12,422.87,122.18,247.01,129.95,1,-1,-1,-1
203,14,1095.36,3.58,99.22,71.71,1,-1,-1,-1
203,15,27.87,577.47,219.89,163.12,1,-1,-1,-1
203,18,61.13,377.93,229.89,170.02,1,-1,-1,-1
204,4,1479.89,-0.97,49.53,29.90,1,-1,-1,-1
204,12,396.83,128.25,244.30,131.29,1,-1,-1,-1
204,14,1092.34,3.74,100.61,73.32,1,-1,-1,-1
204,15,28.13,577.30,220.05,163.54,1,-1,-1,-1
204,18,68.08,368.30,248.97,173.14,1,-1,-1,-1
205,4,1479.89,-0.97,49.52,29.90,1,-1,-1,-1
205,12,372.47,134.47,239.26,132.28,1,-1,-1,-1
205,14,1089.31,3.90,102.00,74.92,1,-1,-1,-1
205,15,28.39,577.13,220.22,163.97,1,-1,-1,-1
205,18,75.04,358.67,270.24,176.26,1,-1,-1,-1
206,4,1479.89,-0.97,49.52,29.90,1,-1,-1,-1
206,12,350.32,140.81,231.38,132.89,1,-1,-1,-1
206,14,1086.29,4.06,103.39,76.52,1,-1,-1,-1
206,15,28.65,576.96,220.39,164.40,1,-1,-1,-1
206,18,82.00,349.04,293.23,179.38,1,-1,-1,-1
207,4,1479.89,-0.97,49.52,29.90,1,-1,-1,-1
207,12,330.78,147.26,220.35,133.14,1,-1,-1,-1
207,14,1083.27,4.22,104.77,78.12,1,-1,-1,-1
207,15,28.91,576.79,220.55,164.82,1,-1,-1,-1
207,18,88.96,339.41,317.36,182.50,1,-1,-1,-1
208,4,1479.89,-0.97,49.51,29.90,1,-1,-1,-1
208,12,313.96,153.80,206.09,133.02,1,-1,-1,-1
208,14,1080.24,4.38,106.16,79.72,1,-1,-1,-1
208,15,29.18,576.61,220.72,165.25,1,-1,-1,-1
208,18,95.92,329.78,342.01,185.62,1,-1,-1,-1
209,4,1479.89,-0.97,49.51,29.90,1,-1,-1,-1
209,12,299.71,160.40,188.82,132.57,1,-1,-1,-1
209,14,1077.22,4.54,107.55,81.32,1,-1,-1,-1
209,15,29.44,576.44,220.89,165.68,1,-1,-1,-1
209,18,102.88,320.14,366.43,188.74,1,-1,-1,-1
210,4,1479.89,-0.97,49.50,29.90,1,-1,-1,-1
210,12,287.72,167.05,168.91,131.79,1,-1,-1,-1
210,14,1074.20,4.70,108.94,82.92,1,-1,-1,-1
210,15,29.70,576.27,221.06,166.11,1,-1,-1,-1
210,18,109.83,310.51,389.87,191.87,1,-1,-1,-1
