1,1,446.46,534.69,532.31,293.32,1,-1,-1,-1
1,2,1017.22,10.11,116.27,82.24,1,-1,-1,-1
1,3,1131.02,76.37,208.31,104.38,1,-1,-1,-1
1,5,1458.09,509.63,328.97,220.08,1,-1,-1,-1
2,1,504.73,551.83,527.34,295.27,1,-1,-1,-1
2,2,1016.95,10.48,120.50,82.04,1,-1,-1,-1
2,3,1150.12,73.26,191.73,101.79,1,-1,-1,-1
2,5,1446.06,503.42,328.53,221.11,1,-1,-1,-1
3,1,562.99,568.97,522.38,297.22,1,-1,-1,-1
3,2,1016.73,10.80,124.50,81.86,1,-1,-1,-1
3,3,1169.17,70.14,175.22,99.19,1,-1,-1,-1
3,5,1434.05,497.04,328.13,221.90,1,-1,-1,-1
4,1,621.25,586.11,517.41,299.17,1,-1,-1,-1
4,2,1016.55,11.08,128.15,81.70,1,-1,-1,-1
4,3,1187.80,67.03,159.13,96.60,1,-1,-1,-1
4,5,1421.98,490.50,327.79,222.41,1,-1,-1,-1
5,1,679.52,603.26,512.44,301.12,1,-1,-1,-1
5,2,1016.38,11.34,131.28,81.57,1,-1,-1,-1
5,3,1205.64,63.92,143.81,94.00,1,-1,-1,-1
5,5,1409.72,483.82,327.57,222.63,1,-1,-1,-1
6,1,737.78,620.40,507.48,303.07,1,-1,-1,-1
6,2,1016.20,11.57,133.75,81.45,1,-1,-1,-1
6,3,1222.40,60.80,129.58,91.41,1,-1,-1,-1
6,5,1397.14,477.00,327.50,222.54,1,-1,-1,-1
7,1,796.04,637.54,502.51,305.01,1,-1,-1,-1
7,2,1015.99,11.79,135.39,81.36,1,-1,-1,-1
7,3,1237.83,57.69,116.68,88.81,1,-1,-1,-1
7,5,1384.08,470.04,327.65,222.15,1,-1,-1,-1
8,1,854.31,654.68,497.55,306.96,1,-1,-1,-1
8,2,1015.74,12.00,136.14,81.28,1,-1,-1,-1
8,3,1251.80,54.58,105.24,86.22,1,-1,-1,-1
8,5,1370.35,462.94,328.05,221.49,1,-1,-1,-1
9,1,912.57,671.82,492.58,308.91,1,-1,-1,-1
9,2,1015.41,12.22,135.98,81.23,1,-1,-1,-1
9,3,1264.27,51.47,95.31,83.62,1,-1,-1,-1
9,5,1355.76,455.68,328.71,220.58,1,-1,-1,-1
10,1,970.83,688.96,487.61,310.86,1,-1,-1,-1
10,2,1015.01,12.44,135.03,81.18,1,-1,-1,-1
10,3,1275.30,48.35,86.81,81.03,1,-1,-1,-1
10,5,1340.15,448.24,329.66,219.44,1,-1,-1,-1
11,1,1029.10,706.10,482.65,312.81,1,-1,-1,-1
11,2,1014.52,12.67,133.47,81.16,1,-1,-1,-1
11,3,1285.02,45.24,79.62,78.43,1,-1,-1,-1
11,5,1323.33,440.62,330.89,218.09,1,-1,-1,-1
12,1,1087.36,723.24,477.68,314.76,1,-1,-1,-1
12,2,1013.95,12.90,131.50,81.14,1,-1,-1,-1
12,3,1293.58,42.13,73.59,75.83,1,-1,-1,-1
12,5,1305.19,432.78,332.37,216.56,1,-1,-1,-1
13,1,1145.62,740.39,472.71,316.71,1,-1,-1,-1
13,2,1013.28,13.13,129.38,81.14,1,-1,-1,-1
13,3,1301.11,39.02,68.60,73.24,1,-1,-1,-1
13,5,1285.64,424.72,334.05,214.83,1,-1,-1,-1
14,1,1203.89,757.53,467.75,318.65,1,-1,-1,-1
14,2,1012.51,13.36,127.35,81.15,1,-1,-1,-1
14,3,1307.71,35.90,64.52,70.64,1,-1,-1,-1
14,5,1264.67,416.43,335.83,212.90,1,-1,-1,-1
15,1,1262.15,774.67,462.78,320.60,1,-1,-1,-1
15,2,1011.64,13.57,125.61,81.18,1,-1,-1,-1
15,3,1313.49,32.79,61.27,68.05,1,-1,-1,-1
15,5,1242.30,407.92,337.60,210.73,1,-1,-1,-1
16,1,1320.41,791.81,457.82,322.55,1,-1,-1,-1
16,2,1010.67,13.77,124.37,81.23,1,-1,-1,-1
16,3,1318.52,29.68,58.77,65.45,1,-1,-1,-1
16,5,1218.62,399.21,339.23,208.31,1,-1,-1,-1
17,2,1009.58,13.93,123.78,81.30,1,-1,-1,-1
17,3,1322.85,26.56,56.97,62.86,1,-1,-1,-1
17,5,1193.72,390.34,340.61,205.63,1,-1,-1,-1
18,2,1008.35,14.06,123.99,81.41,1,-1,-1,-1
18,3,1326.53,23.45,55.83,60.26,1,-1,-1,-1
18,5,1167.73,381.35,341.62,202.67,1,-1,-1,-1
19,2,1006.97,14.14,125.10,81.57,1,-1,-1,-1
19,3,1329.58,20.34,55.31,57.67,1,-1,-1,-1
19,5,1140.77,372.28,342.20,199.46,1,-1,-1,-1
20,2,1005.40,14.17,127.19,81.79,1,-1,-1,-1
20,3,1332.06,17.23,55.36,55.07,1,-1,-1,-1
20,5,1112.98,363.19,342.28,196.04,1,-1,-1,-1
21,2,1003.59,14.13,130.25,82.08,1,-1,-1,-1
21,3,1334.06,14.11,55.90,52.48,1,-1,-1,-1
21,5,1084.45,354.16,341.82,192.43,1,-1,-1,-1
22,2,1001.50,14.02,134.22,82.47,1,-1,-1,-1
22,3,1335.66,11.00,56.83,49.88,1,-1,-1,-1
22,5,1055.31,345.25,340.84,188.67,1,-1,-1,-1
23,2,999.07,13.83,138.94,82.98,1,-1,-1,-1
23,3,1336.99,7.89,58.02,47.29,1,-1,-1,-1
23,5,1025.62,336.54,339.35,184.79,1,-1,-1,-1
24,2,996.24,13.56,144.21,83.61,1,-1,-1,-1
24,3,1338.19,4.77,59.35,44.69,1,-1,-1,-1
24,5,995.46,328.12,337.41,180.82,1,-1,-1,-1
25,2,992.94,13.21,149.78,84.39,1,-1,-1,-1
25,3,1339.41,1.66,60.67,42.09,1,-1,-1,-1
25,5,964.88,320.06,335.09,176.75,1,-1,-1,-1
26,2,989.14,12.78,155.41,85.34,1,-1,-1,-1
26,3,1340.81,-1.45,61.80,39.50,1,-1,-1,-1
26,5,933.94,312.43,332.48,172.60,1,-1,-1,-1
27,2,984.77,12.28,160.92,86.46,1,-1,-1,-1
27,3,1342.53,-4.56,62.61,36.90,1,-1,-1,-1
27,5,902.70,305.28,329.61,168.37,1,-1,-1,-1
28,2,979.83,11.73,166.20,87.75,1,-1,-1,-1
28,3,1344.74,-7.68,62.94,34.31,1,-1,-1,-1
28,5,871.23,298.66,326.54,164.07,1,-1,-1,-1
29,2,974.29,11.14,171.17,89.22,1,-1,-1,-1
29,5,839.60,292.58,323.28,159.72,1,-1,-1,-1
30,2,968.14,10.54,175.86,90.85,1,-1,-1,-1
30,4,-1.35,585.50,158.60,163.58,1,-1,-1,-1
30,5,807.88,287.07,319.81,155.34,1,-1,-1,-1
31,2,961.40,9.94,180.27,92.62,1,-1,-1,-1
31,4,1.01,583.21,167.90,168.04,1,-1,-1,-1
31,5,776.14,282.11,316.12,150.96,1,-1,-1,-1
32,2,954.08,9.40,184.44,94.53,1,-1,-1,-1
32,4,4.12,580.18,176.76,172.29,1,-1,-1,-1
32,5,744.45,277.71,312.21,146.62,1,-1,-1,-1
33,2,946.17,8.92,188.37,96.53,1,-1,-1,-1
33,4,8.10,576.52,185.66,176.10,1,-1,-1,-1
33,5,712.87,273.86,308.07,142.37,1,-1,-1,-1
34,2,937.69,8.55,192.11,98.61,1,-1,-1,-1
34,4,13.07,572.41,194.81,179.11,1,-1,-1,-1
34,5,681.46,270.54,303.69,138.27,1,-1,-1,-1
35,2,928.64,8.31,195.69,100.75,1,-1,-1,-1
35,4,19.07,568.09,204.09,181.03,1,-1,-1,-1
35,5,650.31,267.77,299.06,134.36,1,-1,-1,-1
36,2,919.03,8.22,199.16,102.92,1,-1,-1,-1
36,4,26.13,563.78,213.25,181.69,1,-1,-1,-1
36,5,619.47,265.52,294.15,130.71,1,-1,-1,-1
37,2,908.86,8.30,202.55,105.10,1,-1,-1,-1
37,4,34.22,559.66,222.14,181.17,1,-1,-1,-1
37,5,589.04,263.82,288.92,127.35,1,-1,-1,-1
38,2,898.13,8.57,205.90,107.28,1,-1,-1,-1
38,4,43.32,555.86,230.81,179.78,1,-1,-1,-1
38,5,559.09,262.68,283.31,124.31,1,-1,-1,-1
39,2,886.85,9.02,209.27,109.45,1,-1,-1,-1
39,4,53.33,552.46,239.47,177.95,1,-1,-1,-1
39,5,529.70,262.10,277.29,121.61,1,-1,-1,-1
40,2,875.00,9.66,212.67,111.61,1,-1,-1,-1
40,4,64.19,549.55,248.40,176.21,1,-1,-1,-1
40,5,500.92,262.12,270.85,119.25,1,-1,-1,-1
41,2,862.60,10.49,216.14,113.75,1,-1,-1,-1
41,4,75.81,547.22,257.76,174.92,1,-1,-1,-1
41,5,472.79,262.73,264.01,117.23,1,-1,-1,-1
42,2,849.65,11.50,219.67,115.89,1,-1,-1,-1
42,4,88.18,545.53,267.51,174.26,1,-1,-1,-1
42,5,445.32,263.97,256.79,115.51,1,-1,-1,-1
43,2,836.16,12.69,223.28,118.02,1,-1,-1,-1
43,4,101.33,544.48,277.53,174.20,1,-1,-1,-1
43,5,418.52,265.84,249.27,114.06,1,-1,-1,-1
44,2,822.11,14.05,226.94,120.16,1,-1,-1,-1
44,4,115.35,544.00,287.80,174.66,1,-1,-1,-1
44,5,392.41,268.35,241.51,112.84,1,-1,-1,-1
45,2,807.50,15.58,230.65,122.31,1,-1,-1,-1
45,4,130.32,544.01,298.44,175.55,1,-1,-1,-1
45,5,366.96,271.52,233.61,111.80,1,-1,-1,-1
46,2,792.32,17.27,234.34,124.49,1,-1,-1,-1
46,4,146.33,544.45,309.61,176.80,1,-1,-1,-1
46,5,342.20,275.35,225.65,110.90,1,-1,-1,-1
47,2,776.57,19.14,237.97,126.70,1,-1,-1,-1
47,4,163.48,545.33,321.45,178.47,1,-1,-1,-1
47,5,318.13,279.82,217.73,110.10,1,-1,-1,-1
48,2,760.23,21.19,241.50,128.96,1,-1,-1,-1
48,4,181.81,546.67,333.79,180.68,1,-1,-1,-1
48,5,294.73,284.91,209.91,109.37,1,-1,-1,-1
49,2,743.29,23.43,244.88,131.26,1,-1,-1,-1
49,4,201.39,548.53,346.22,183.64,1,-1,-1,-1
49,5,272.00,290.61,202.28,108.69,1,-1,-1,-1
50,2,725.74,25.88,248.13,133.60,1,-1,-1,-1
50,4,222.28,551.01,358.26,187.53,1,-1,-1,-1
50,5,249.92,296.86,194.87,108.04,1,-1,-1,-1
51,2,707.59,28.58,251.23,135.98,1,-1,-1,-1
51,4,244.53,554.18,369.67,192.41,1,-1,-1,-1
51,5,228.45,303.61,187.73,107.43,1,-1,-1,-1
52,2,688.83,31.54,254.19,138.38,1,-1,-1,-1
52,4,268.20,558.11,380.61,198.22,1,-1,-1,-1
52,5,207.56,310.80,180.87,106.86,1,-1,-1,-1
53,2,669.48,34.79,257.01,140.79,1,-1,-1,-1
53,4,293.33,562.79,391.46,204.81,1,-1,-1,-1
53,5,187.25,318.35,174.31,106.34,1,-1,-1,-1
54,2,649.53,38.36,259.64,143.19,1,-1,-1,-1
54,4,319.98,568.14,402.75,212.11,1,-1,-1,-1
54,5,167.48,326.18,168.07,105.92,1,-1,-1,-1
55,2,629.01,42.28,262.01,145.59,1,-1,-1,-1
55,4,348.26,573.98,414.90,220.15,1,-1,-1,-1
55,5,148.25,334.21,162.13,105.60,1,-1,-1,-1
56,2,607.92,46.56,264.01,147.96,1,-1,-1,-1
56,4,378.30,580.06,428.10,229.08,1,-1,-1,-1
56,5,129.55,342.34,156.51,105.43,1,-1,-1,-1
57,2,586.28,51.21,265.56,150.31,1,-1,-1,-1
57,4,410.29,586.20,442.17,239.06,1,-1,-1,-1
57,5,111.36,350.50,151.21,105.40,1,-1,-1,-1
58,2,564.14,56.24,266.56,152.63,1,-1,-1,-1
58,4,444.46,592.25,456.56,250.15,1,-1,-1,-1
58,5,93.67,358.60,146.24,105.53,1,-1,-1,-1
59,2,541.52,61.64,266.98,154.92,1,-1,-1,-1
59,4,481.06,598.27,470.64,262.27,1,-1,-1,-1
59,5,76.41,366.59,141.62,105.82,1,-1,-1,-1
59,6,108.88,377.55,243.92,199.53,1,-1,-1,-1
60,2,518.49,67.43,266.81,157.19,1,-1,-1,-1
60,4,520.31,604.42,484.12,275.15,1,-1,-1,-1
60,5,59.55,374.42,137.40,106.26,1,-1,-1,-1
60,6,128.73,366.11,258.34,197.29,1,-1,-1,-1
61,2,495.11,73.60,266.04,159.45,1,-1,-1,-1
61,4,562.40,611.06,497.17,288.46,1,-1,-1,-1
61,5,43.00,382.04,133.58,106.85,1,-1,-1,-1
61,6,149.26,354.15,273.29,195.58,1,-1,-1,-1
62,2,471.46,80.13,264.72,161.68,1,-1,-1,-1
62,4,607.40,618.59,510.13,301.81,1,-1,-1,-1
62,5,26.71,389.43,130.16,107.59,1,-1,-1,-1
62,6,171.42,341.70,287.81,194.35,1,-1,-1,-1
63,2,447.61,87.04,262.86,163.89,1,-1,-1,-1
63,4,655.35,627.42,523.05,314.72,1,-1,-1,-1
63,5,10.62,396.57,127.14,108.46,1,-1,-1,-1
63,6,195.97,328.86,301.12,193.51,1,-1,-1,-1
64,2,423.63,94.31,260.48,166.06,1,-1,-1,-1
64,4,706.18,637.95,535.37,326.50,1,-1,-1,-1
64,5,-5.34,403.43,124.48,109.45,1,-1,-1,-1
64,6,223.40,315.79,312.64,192.90,1,-1,-1,-1
65,2,399.61,101.95,257.61,168.19,1,-1,-1,-1
65,4,759.84,650.48,545.97,336.29,1,-1,-1,-1
65,6,253.93,302.66,322.05,192.36,1,-1,-1,-1
66,2,375.61,109.96,254.25,170.26,1,-1,-1,-1
66,4,816.22,665.20,553.43,343.16,1,-1,-1,-1
66,6,287.57,289.62,329.23,191.72,1,-1,-1,-1
67,2,351.70,118.35,250.45,172.25,1,-1,-1,-1
67,4,875.19,682.10,556.29,346.09,1,-1,-1,-1
67,6,324.06,276.78,334.34,190.89,1,-1,-1,-1
67,7,1703.82,646.24,212.29,227.34,1,-1,-1,-1
68,2,327.92,127.13,246.25,174.14,1,-1,-1,-1
68,4,936.65,701.07,553.13,344.16,1,-1,-1,-1
68,6,362.91,264.18,337.75,189.81,1,-1,-1,-1
68,7,1693.19,644.00,221.17,223.53,1,-1,-1,-1
69,2,304.34,136.31,241.70,175.89,1,-1,-1,-1
69,4,1000.49,721.84,542.94,336.81,1,-1,-1,-1
69,6,403.42,251.83,339.98,188.49,1,-1,-1,-1
69,7,1681.84,641.26,230.03,219.91,1,-1,-1,-1
70,2,281.00,145.88,236.86,177.49,1,-1,-1,-1
70,4,1066.60,744.07,525.37,323.97,1,-1,-1,-1
70,6,444.83,239.64,341.54,187.00,1,-1,-1,-1
70,7,1669.56,637.96,238.88,216.54,1,-1,-1,-1
71,2,257.93,155.87,231.77,178.91,1,-1,-1,-1
71,4,1134.80,767.34,500.82,306.21,1,-1,-1,-1
71,6,486.62,227.50,342.70,185.46,1,-1,-1,-1
71,7,1656.17,634.02,247.79,213.46,1,-1,-1,-1
72,2,235.17,166.27,226.52,180.14,1,-1,-1,-1
72,4,1204.92,791.24,470.30,284.65,1,-1,-1,-1
72,6,528.67,215.34,343.37,183.95,1,-1,-1,-1
72,7,1641.49,629.33,256.84,210.74,1,-1,-1,-1
73,2,212.75,177.08,221.15,181.15,1,-1,-1,-1
73,4,1276.73,815.37,434.97,260.65,1,-1,-1,-1
73,6,571.33,203.12,343.03,182.49,1,-1,-1,-1
73,7,1625.34,623.70,266.11,208.51,1,-1,-1,-1
74,2,190.70,188.29,215.72,181.96,1,-1,-1,-1
74,4,1350.02,839.38,395.86,235.46,1,-1,-1,-1
74,6,614.98,190.92,341.08,181.01,1,-1,-1,-1
74,7,1607.61,616.80,275.67,207.00,1,-1,-1,-1
75,2,169.03,199.87,210.27,182.54,1,-1,-1,-1
75,6,659.69,178.87,337.20,179.38,1,-1,-1,-1
75,7,1588.25,608.25,285.53,206.52,1,-1,-1,-1
76,2,147.78,211.81,204.85,182.90,1,-1,-1,-1
76,6,705.13,167.16,331.36,177.42,1,-1,-1,-1
76,7,1567.22,597.66,295.69,207.38,1,-1,-1,-1
77,2,126.96,224.09,199.49,183.05,1,-1,-1,-1
77,6,750.76,156.01,323.75,174.90,1,-1,-1,-1
77,7,1544.58,584.77,306.03,209.76,1,-1,-1,-1
78,2,106.59,236.66,194.25,182.99,1,-1,-1,-1
78,6,795.93,145.65,314.66,171.57,1,-1,-1,-1
78,7,1520.39,569.66,316.39,213.54,1,-1,-1,-1
79,2,86.70,249.51,189.18,182.73,1,-1,-1,-1
79,6,840.07,136.25,304.31,167.30,1,-1,-1,-1
79,7,1494.79,552.68,326.54,218.36,1,-1,-1,-1
80,2,67.28,262.59,184.35,182.28,1,-1,-1,-1
80,6,882.74,127.86,292.88,162.01,1,-1,-1,-1
80,7,1467.90,534.46,336.24,223.64,1,-1,-1,-1
81,2,48.36,275.88,179.78,181.67,1,-1,-1,-1
81,6,923.59,120.44,280.52,155.76,1,-1,-1,-1
81,7,1439.86,515.65,345.27,228.78,1,-1,-1,-1
82,2,29.93,289.34,175.50,180.89,1,-1,-1,-1
82,6,962.37,113.85,267.41,148.67,1,-1,-1,-1
82,7,1410.76,496.85,353.48,233.32,1,-1,-1,-1
83,2,11.97,302.94,171.51,179.97,1,-1,-1,-1
83,6,999.00,107.92,253.58,140.92,1,-1,-1,-1
83,7,1380.70,478.48,360.76,236.96,1,-1,-1,-1
84,2,-5.53,316.67,167.82,178.92,1,-1,-1,-1
84,6,1033.61,102.44,239.03,132.73,1,-1,-1,-1
84,7,1349.75,460.83,367.05,239.57,1,-1,-1,-1
85,6,1066.30,97.16,223.80,124.34,1,-1,-1,-1
85,7,1317.96,444.06,372.30,241.08,1,-1,-1,-1
86,6,1097.08,91.82,208.10,116.00,1,-1,-1,-1
86,7,1285.42,428.24,376.50,241.48,1,-1,-1,-1
87,6,1125.98,86.20,192.23,107.95,1,-1,-1,-1
87,7,1252.19,413.35,379.63,240.79,1,-1,-1,-1
88,6,1153.12,80.11,176.45,100.36,1,-1,-1,-1
88,7,1218.36,399.32,381.68,239.04,1,-1,-1,-1
89,6,1178.87,73.44,160.92,93.35,1,-1,-1,-1
89,7,1184.06,386.02,382.62,236.29,1,-1,-1,-1
90,6,1203.79,66.11,145.60,87.00,1,-1,-1,-1
90,7,1149.44,373.30,382.44,232.65,1,-1,-1,-1
91,7,1114.64,361.02,381.14,228.29,1,-1,-1,-1
92,7,1079.83,349.04,378.75,223.37,1,-1,-1,-1
93,7,1045.11,337.29,375.31,218.09,1,-1,-1,-1
94,7,1010.58,325.76,370.93,212.60,1,-1,-1,-1
95,7,976.25,314.50,365.72,207.00,1,-1,-1,-1
96,7,942.15,303.64,359.82,201.33,1,-1,-1,-1
97,7,908.24,293.31,353.37,195.60,1,-1,-1,-1
98,7,874.48,283.63,346.53,189.81,1,-1,-1,-1
99,7,840.81,274.72,339.46,183.97,1,-1,-1,-1
100,7,807.18,266.64,332.31,178.10,1,-1,-1,-1
101,7,773.55,259.45,325.23,172.22,1,-1,-1,-1
102,7,739.93,253.16,318.33,166.38,1,-1,-1,-1
103,7,706.34,247.81,311.66,160.62,1,-1,-1,-1
104,7,672.89,243.41,305.25,154.98,1,-1,-1,-1
104,8,3.95,564.83,137.89,177.24,1,-1,-1,-1
105,7,639.69,239.96,299.04,149.56,1,-1,-1,-1
105,8,7.44,556.74,149.27,185.01,1,-1,-1,-1
106,7,606.89,237.42,292.98,144.46,1,-1,-1,-1
106,8,8.47,548.78,163.72,195.31,1,-1,-1,-1
107,7,574.64,235.72,286.98,139.84,1,-1,-1,-1
107,8,8.88,540.87,179.59,207.16,1,-1,-1,-1
108,7,543.06,234.76,280.95,135.85,1,-1,-1,-1
108,8,9.32,532.97,196.44,218.97,1,-1,-1,-1
109,7,512.25,234.46,274.79,132.66,1,-1,-1,-1
109,8,9.13,525.11,215.12,229.09,1,-1,-1,-1
110,7,482.28,234.73,268.46,130.34,1,-1,-1,-1
110,8,7.77,517.34,236.32,236.48,1,-1,-1,-1
111,7,453.16,235.58,261.92,128.88,1,-1,-1,-1
111,8,5.57,509.66,259.89,240.82,1,-1,-1,-1
112,7,424.88,237.01,255.16,128.21,1,-1,-1,-1
112,8,3.83,502.04,284.63,242.27,1,-1,-1,-1
113,7,397.39,239.10,248.25,128.14,1,-1,-1,-1
113,8,4.83,494.35,308.27,241.22,1,-1,-1,-1
114,7,370.62,241.91,241.23,128.50,1,-1,-1,-1
114,8,11.62,486.33,327.65,238.13,1,-1,-1,-1
115,7,344.52,245.48,234.19,129.07,1,-1,-1,-1
115,8,26.58,477.70,340.24,233.29,1,-1,-1,-1
116,7,319.04,249.85,227.17,129.69,1,-1,-1,-1
116,8,49.43,468.14,346.18,226.85,1,-1,-1,-1
117,7,294.16,255.01,220.23,130.21,1,-1,-1,-1
117,8,77.24,457.48,348.34,219.28,1,-1,-1,-1
118,7,269.85,260.96,213.38,130.50,1,-1,-1,-1
118,8,105.69,445.68,351.15,211.91,1,-1,-1,-1
119,7,246.13,267.69,206.67,130.50,1,-1,-1,-1
119,8,129.76,432.85,359.92,206.88,1,-1,-1,-1
120,7,222.98,275.16,200.09,130.19,1,-1,-1,-1
120,8,147.08,419.17,377.38,206.16,1,-1,-1,-1
121,7,200.42,283.29,193.64,129.62,1,-1,-1,-1
121,8,162.97,404.93,398.61,209.77,1,-1,-1,-1
122,7,178.46,292.01,187.31,128.89,1,-1,-1,-1
122,8,186.38,390.40,414.92,215.65,1,-1,-1,-1
123,7,157.13,301.24,181.04,128.06,1,-1,-1,-1
123,8,222.24,375.86,421.39,221.75,1,-1,-1,-1
124,7,136.46,310.89,174.79,127.21,1,-1,-1,-1
124,8,266.34,361.49,421.99,227.19,1,-1,-1,-1
125,7,116.51,320.86,168.50,126.45,1,-1,-1,-1
125,8,312.01,347.39,422.86,231.78,1,-1,-1,-1
126,7,97.31,331.01,162.10,125.88,1,-1,-1,-1
126,8,356.21,333.55,426.28,235.28,1,-1,-1,-1
127,7,78.93,341.15,155.55,125.64,1,-1,-1,-1
127,8,399.62,319.91,430.70,237.39,1,-1,-1,-1
128,7,61.44,351.10,148.80,125.83,1,-1,-1,-1
128,8,444.09,306.41,433.48,238.00,1,-1,-1,-1
129,7,44.91,360.68,141.79,126.53,1,-1,-1,-1
129,8,490.67,293.00,433.00,237.35,1,-1,-1,-1
130,7,29.39,369.74,134.48,127.77,1,-1,-1,-1
130,8,538.78,279.70,429.49,235.88,1,-1,-1,-1
130,9,54.79,451.26,170.46,117.98,1,-1,-1,-1
131,7,14.90,378.18,126.87,129.54,1,-1,-1,-1
131,8,587.02,266.57,424.18,233.86,1,-1,-1,-1
131,9,63.23,442.75,179.21,122.30,1,-1,-1,-1
132,7,1.36,385.91,118.98,131.83,1,-1,-1,-1
132,8,633.93,253.68,418.40,231.14,1,-1,-1,-1
132,9,72.48,433.99,188.02,126.74,1,-1,-1,-1
133,7,-11.36,392.87,110.90,134.63,1,-1,-1,-1
133,8,678.69,241.13,412.95,227.25,1,-1,-1,-1
133,9,82.75,424.95,196.79,131.17,1,-1,-1,-1
134,8,722.70,229.03,406.51,221.81,1,-1,-1,-1
134,9,94.28,415.63,205.35,135.48,1,-1,-1,-1
135,8,768.65,217.48,396.45,214.96,1,-1,-1,-1
135,9,107.34,406.01,213.51,139.50,1,-1,-1,-1
135,10,1167.18,-0.19,54.34,34.45,1,-1,-1,-1
136,8,816.68,206.55,382.68,207.14,1,-1,-1,-1
136,9,122.19,396.10,221.11,143.09,1,-1,-1,-1
136,10,1162.22,-0.07,57.66,37.44,1,-1,-1,-1
137,8,864.37,196.27,367.51,198.93,1,-1,-1,-1
137,9,138.97,385.90,228.08,146.15,1,-1,-1,-1
137,10,1157.32,-0.01,60.93,40.43,1,-1,-1,-1
138,8,909.92,186.63,352.53,190.82,1,-1,-1,-1
138,9,157.74,375.43,234.44,148.59,1,-1,-1,-1
138,10,1152.46,-0.02,64.19,43.43,1,-1,-1,-1
139,8,953.42,177.57,337.36,183.21,1,-1,-1,-1
139,9,178.48,364.70,240.23,150.39,1,-1,-1,-1
139,10,1147.61,-0.07,67.42,46.42,1,-1,-1,-1
140,8,995.83,169.01,320.78,176.20,1,-1,-1,-1
140,9,201.13,353.74,245.53,151.57,1,-1,-1,-1
140,10,1142.74,-0.16,70.65,49.40,1,-1,-1,-1
141,8,1037.40,160.89,302.35,169.64,1,-1,-1,-1
141,9,225.59,342.58,250.39,152.14,1,-1,-1,-1
141,10,1137.84,-0.27,73.86,52.36,1,-1,-1,-1
142,8,1077.15,153.17,282.98,163.24,1,-1,-1,-1
142,9,251.74,331.26,254.86,152.17,1,-1,-1,-1
142,10,1132.89,-0.40,77.07,55.31,1,-1,-1,-1
143,8,1113.84,145.79,264.02,156.76,1,-1,-1,-1
143,9,279.48,319.82,258.96,151.68,1,-1,-1,-1
143,10,1127.86,-0.52,80.29,58.22,1,-1,-1,-1
144,8,1147.13,138.68,246.04,150.09,1,-1,-1,-1
144,9,308.69,308.30,262.71,150.72,1,-1,-1,-1
144,10,1122.75,-0.64,83.52,61.09,1,-1,-1,-1
145,8,1177.19,131.75,229.24,143.30,1,-1,-1,-1
145,9,339.31,296.75,266.12,149.35,1,-1,-1,-1
145,10,1117.55,-0.73,86.79,63.90,1,-1,-1,-1
146,8,1204.64,124.93,213.36,136.70,1,-1,-1,-1
146,9,371.28,285.22,269.19,147.61,1,-1,-1,-1
146,10,1112.25,-0.79,90.10,66.63,1,-1,-1,-1
146,11,1709.57,702.64,203.60,195.09,1,-1,-1,-1
147,8,1230.20,118.15,198.01,130.63,1,-1,-1,-1
147,9,404.61,273.74,271.87,145.53,1,-1,-1,-1
147,10,1106.89,-0.79,93.46,69.26,1,-1,-1,-1
147,11,1686.66,692.12,216.21,199.93,1,-1,-1,-1
148,8,1254.22,111.35,183.02,125.29,1,-1,-1,-1
148,9,439.27,262.36,274.10,143.16,1,-1,-1,-1
148,10,1101.47,-0.74,96.88,71.75,1,-1,-1,-1
148,11,1663.29,681.62,228.28,204.23,1,-1,-1,-1
149,8,1276.28,104.53,168.88,120.70,1,-1,-1,-1
149,9,475.23,251.12,275.79,140.53,1,-1,-1,-1
149,10,1096.03,-0.61,100.34,74.09,1,-1,-1,-1
149,11,1638.99,671.37,239.94,207.67,1,-1,-1,-1
150,8,1295.89,97.63,156.13,116.93,1,-1,-1,-1
150,9,512.43,240.05,276.83,137.66,1,-1,-1,-1
150,10,1090.60,-0.40,103.84,76.24,1,-1,-1,-1
150,11,1613.25,661.54,251.35,210.00,1,-1,-1,-1
151,8,1312.92,90.64,144.92,114.03,1,-1,-1,-1
151,9,550.75,229.20,277.11,134.60,1,-1,-1,-1
151,10,1085.23,-0.11,107.35,78.18,1,-1,-1,-1
151,11,1585.60,652.20,262.68,211.04,1,-1,-1,-1
152,8,1327.47,83.49,135.25,111.88,1,-1,-1,-1
152,9,590.05,218.60,276.54,131.37,1,-1,-1,-1
152,10,1079.96,0.28,110.85,79.90,1,-1,-1,-1
152,11,1555.70,643.28,273.99,210.78,1,-1,-1,-1
153,8,1339.58,76.12,127.25,110.24,1,-1,-1,-1
153,9,630.12,208.27,275.00,128.01,1,-1,-1,-1
153,10,1074.83,0.75,114.30,81.38,1,-1,-1,-1
153,11,1523.32,634.52,285.31,209.43,1,-1,-1,-1
154,8,1349.71,68.49,120.68,108.96,1,-1,-1,-1
154,9,670.74,198.25,272.42,124.55,1,-1,-1,-1
154,10,1069.86,1.31,117.68,82.61,1,-1,-1,-1
154,11,1488.39,625.42,296.55,207.49,1,-1,-1,-1
155,8,1358.73,60.53,114.94,108.04,1,-1,-1,-1
155,9,711.62,188.56,268.74,121.01,1,-1,-1,-1
155,10,1065.07,1.96,120.96,83.61,1,-1,-1,-1
155,11,1450.93,615.33,307.63,205.58,1,-1,-1,-1
156,8,1367.86,52.23,109.09,107.45,1,-1,-1,-1
156,9,752.47,179.22,263.94,117.42,1,-1,-1,-1
156,10,1060.46,2.67,124.12,84.37,1,-1,-1,-1
156,11,1410.99,603.54,318.42,204.38,1,-1,-1,-1
157,9,792.98,170.24,258.07,113.79,1,-1,-1,-1
157,10,1056.03,3.44,127.13,84.93,1,-1,-1,-1
157,11,1368.70,589.50,328.80,204.43,1,-1,-1,-1
158,9,832.83,161.64,251.22,110.15,1,-1,-1,-1
158,10,1051.76,4.26,129.98,85.29,1,-1,-1,-1
158,11,1324.30,573.00,338.58,205.89,1,-1,-1,-1
159,9,871.73,153.40,243.54,106.51,1,-1,-1,-1
159,10,1047.63,5.10,132.66,85.49,1,-1,-1,-1
159,11,1278.17,554.38,347.51,208.47,1,-1,-1,-1
160,9,909.41,145.52,235.23,102.93,1,-1,-1,-1
160,10,1043.61,5.96,135.16,85.56,1,-1,-1,-1
160,11,1230.81,534.35,355.26,211.51,1,-1,-1,-1
161,9,945.64,137.99,226.45,99.45,1,-1,-1,-1
161,10,1039.70,6.81,137.46,85.52,1,-1,-1,-1
161,11,1182.75,513.80,361.51,214.24,1,-1,-1,-1
162,9,980.25,130.79,217.36,96.12,1,-1,-1,-1
162,10,1035.87,7.63,139.56,85.43,1,-1,-1,-1
162,11,1134.53,493.56,365.97,215.99,1,-1,-1,-1
163,9,1013.12,123.89,208.06,92.98,1,-1,-1,-1
163,10,1032.11,8.42,141.46,85.30,1,-1,-1,-1
163,11,1086.64,474.17,368.38,216.30,1,-1,-1,-1
164,9,1044.16,117.27,198.57,90.08,1,-1,-1,-1
164,10,1028.39,9.16,143.18,85.18,1,-1,-1,-1
164,11,1039.47,455.96,368.59,215.02,1,-1,-1,-1
165,9,1073.36,110.92,188.92,87.44,1,-1,-1,-1
165,10,1024.68,9.84,144.74,85.09,1,-1,-1,-1
165,11,993.22,439.03,366.60,212.15,1,-1,-1,-1
166,9,1100.71,104.80,179.11,85.06,1,-1,-1,-1
166,10,1020.93,10.46,146.18,85.07,1,-1,-1,-1
166,11,947.88,423.41,362.53,207.81,1,-1,-1,-1
167,9,1126.30,98.92,169.17,82.93,1,-1,-1,-1
167,10,1017.05,11.01,147.57,85.12,1,-1,-1,-1
167,11,903.35,409.07,356.60,202.20,1,-1,-1,-1
168,9,1150.20,93.23,159.14,81.02,1,-1,-1,-1
168,10,1012.97,11.51,148.96,85.28,1,-1,-1,-1
168,11,859.54,395.93,349.05,195.54,1,-1,-1,-1
168,13,24.15,571.69,197.41,190.56,1,-1,-1,-1
169,9,1172.49,87.73,149.16,79.27,1,-1,-1,-1
169,10,1008.57,11.97,150.43,85.55,1,-1,-1,-1
169,11,816.39,383.86,340.18,188.12,1,-1,-1,-1
169,13,24.46,571.74,197.51,191.51,1,-1,-1,-1
170,9,1193.23,82.40,139.36,77.62,1,-1,-1,-1
170,10,1003.74,12.39,152.02,85.95,1,-1,-1,-1
170,11,773.81,372.69,330.39,180.28,1,-1,-1,-1
170,13,24.77,571.79,197.62,191.72,1,-1,-1,-1
171,9,1212.48,77.22,129.90,76.00,1,-1,-1,-1
171,10,998.36,12.80,153.79,86.49,1,-1,-1,-1
171,11,731.70,362.25,320.14,172.34,1,-1,-1,-1
171,13,25.08,571.84,197.72,191.01,1,-1,-1,-1
172,9,1230.26,72.20,120.92,74.40,1,-1,-1,-1
172,10,992.35,13.22,155.78,87.16,1,-1,-1,-1
172,11,690.00,352.47,309.82,164.55,1,-1,-1,-1
172,13,25.39,571.89,197.83,188.93,1,-1,-1,-1
173,9,1246.62,67.32,112.49,72.76,1,-1,-1,-1
173,10,985.62,13.68,158.00,87.98,1,-1,-1,-1
173,11,648.78,343.40,299.68,157.06,1,-1,-1,-1
173,13,25.70,571.95,197.93,184.92,1,-1,-1,-1
174,9,1261.60,62.59,104.66,71.09,1,-1,-1,-1
174,10,978.11,14.20,160.47,88.93,1,-1,-1,-1
174,11,608.22,335.17,289.77,149.89,1,-1,-1,-1
174,13,26.01,572.00,198.04,179.01,1,-1,-1,-1
175,9,1275.25,58.00,97.41,69.38,1,-1,-1,-1
175,10,969.80,14.81,163.17,90.02,1,-1,-1,-1
175,11,568.61,327.96,280.01,143.01,1,-1,-1,-1
175,13,26.32,572.05,198.15,172.51,1,-1,-1,-1
176,9,1287.64,53.56,90.70,67.63,1,-1,-1,-1
176,10,960.68,15.53,166.08,91.22,1,-1,-1,-1
176,11,530.24,321.93,270.24,136.44,1,-1,-1,-1
176,13,26.63,572.10,198.25,167.36,1,-1,-1,-1
177,9,1298.81,49.27,84.47,65.83,1,-1,-1,-1
177,10,950.76,16.38,169.17,92.52,1,-1,-1,-1
177,11,493.33,317.17,260.27,130.24,1,-1,-1,-1
177,13,26.94,572.15,198.36,164.29,1,-1,-1,-1
178,9,1308.77,45.13,78.68,64.00,1,-1,-1,-1
178,10,940.05,17.38,172.43,93.92,1,-1,-1,-1
178,11,457.93,313.72,250.03,124.52,1,-1,-1,-1
178,13,27.25,572.20,198.46,162.89,1,-1,-1,-1
179,9,1317.53,41.14,73.34,62.14,1,-1,-1,-1
179,10,928.56,18.55,175.81,95.40,1,-1,-1,-1
179,11,423.97,311.63,239.56,119.34,1,-1,-1,-1
179,13,27.56,572.26,198.57,162.46,1,-1,-1,-1
180,9,1325.08,37.29,68.49,60.24,1,-1,-1,-1
180,10,916.30,19.91,179.30,96.94,1,-1,-1,-1
180,11,391.28,310.90,228.96,114.73,1,-1,-1,-1
180,13,27.87,572.31,198.67,162.45,1,-1,-1,-1
181,9,1331.42,33.59,64.16,58.33,1,-1,-1,-1
181,10,903.28,21.45,182.88,98.54,1,-1,-1,-1
181,11,359.73,311.55,218.32,110.67,1,-1,-1,-1
181,13,28.18,572.36,198.78,162.61,1,-1,-1,-1
182,9,1336.60,30.02,60.42,56.41,1,-1,-1,-1
182,10,889.48,23.18,186.55,100.18,1,-1,-1,-1
182,11,329.22,313.55,207.75,107.15,1,-1,-1,-1
182,13,28.49,572.41,198.88,162.83,1,-1,-1,-1
183,9,1340.70,26.58,57.25,54.49,1,-1,-1,-1
183,10,874.90,25.12,190.30,101.86,1,-1,-1,-1
183,11,299.69,316.83,197.34,104.15,1,-1,-1,-1
183,12,1164.53,-0.78,59.96,37.03,1,-1,-1,-1
183,13,28.80,572.46,198.99,163.07,1,-1,-1,-1
184,9,1343.85,23.27,54.63,52.59,1,-1,-1,-1
184,10,859.53,27.25,194.11,103.58,1,-1,-1,-1
184,11,271.08,321.31,187.19,101.66,1,-1,-1,-1
184,12,1160.92,-0.69,61.92,38.83,1,-1,-1,-1
184,13,29.11,572.51,199.09,163.32,1,-1,-1,-1
185,9,1346.22,20.06,52.49,50.72,1,-1,-1,-1
185,10,843.34,29.59,197.99,105.33,1,-1,-1,-1
185,11,243.31,326.85,177.41,99.68,1,-1,-1,-1
185,12,1157.32,-0.60,63.87,40.63,1,-1,-1,-1
185,13,29.42,572.57,199.20,163.61,1,-1,-1,-1
186,9,1347.97,16.94,50.76,48.87,1,-1,-1,-1
186,10,826.34,32.14,201.90,107.13,1,-1,-1,-1
186,11,216.35,333.32,168.08,98.15,1,-1,-1,-1
186,12,1153.71,-0.52,65.83,42.43,1,-1,-1,-1
186,13,29.73,572.62,199.31,164.01,1,-1,-1,-1
187,9,1349.28,13.89,49.34,47.03,1,-1,-1,-1
187,10,808.52,34.89,205.82,108.97,1,-1,-1,-1
187,11,190.11,340.57,159.26,97.03,1,-1,-1,-1
187,12,1150.11,-0.43,67.79,44.23,1,-1,-1,-1
187,13,30.04,572.67,199.41,164.55,1,-1,-1,-1
188,9,1350.33,10.89,48.18,45.21,1,-1,-1,-1
188,10,789.88,37.86,209.72,110.86,1,-1,-1,-1
188,11,164.48,348.40,151.04,96.26,1,-1,-1,-1
188,12,1146.50,-0.34,69.75,46.03,1,-1,-1,-1
188,13,30.35,572.72,199.52,165.24,1,-1,-1,-1
189,9,1351.27,7.91,47.19,43.37,1,-1,-1,-1
189,10,770.41,41.05,213.55,112.82,1,-1,-1,-1
189,11,139.34,356.52,143.48,95.86,1,-1,-1,-1
189,12,1142.90,-0.26,71.71,47.83,1,-1,-1,-1
189,13,30.66,572.77,199.62,166.05,1,-1,-1,-1
190,9,1352.23,4.93,46.34,41.50,1,-1,-1,-1
190,10,750.13,44.47,217.27,114.86,1,-1,-1,-1
190,11,114.52,364.58,136.63,95.95,1,-1,-1,-1
190,12,1139.29,-0.17,73.67,49.63,1,-1,-1,-1
190,13,30.97,572.83,199.73,166.82,1,-1,-1,-1
191,9,1353.31,1.91,45.59,39.58,1,-1,-1,-1
191,10,729.05,48.12,220.84,116.98,1,-1,-1,-1
191,11,89.82,372.22,130.55,96.65,1,-1,-1,-1
191,12,1135.69,-0.08,75.62,51.42,1,-1,-1,-1
191,13,31.28,572.88,199.83,167.42,1,-1,-1,-1
192,9,1354.61,-1.17,44.93,37.57,1,-1,-1,-1
192,10,707.20,52.01,224.20,119.19,1,-1,-1,-1
192,11,65.02,379.10,125.33,98.08,1,-1,-1,-1
192,12,1132.08,0.00,77.58,53.22,1,-1,-1,-1
192,13,31.59,572.93,199.94,167.86,1,-1,-1,-1
193,10,684.61,56.15,227.31,121.51,1,-1,-1,-1
193,12,1128.48,0.09,79.54,55.02,1,-1,-1,-1
193,13,31.90,572.98,200.04,168.49,1,-1,-1,-1
194,10,661.32,60.54,230.10,123.93,1,-1,-1,-1
194,12,1124.87,0.18,81.50,56.82,1,-1,-1,-1
194,13,32.21,573.03,200.15,169.77,1,-1,-1,-1
195,10,637.41,65.19,232.52,126.44,1,-1,-1,-1
195,12,1121.27,0.26,83.46,58.62,1,-1,-1,-1
195,13,32.52,573.08,200.26,171.88,1,-1,-1,-1
196,10,612.94,70.10,234.52,129.03,1,-1,-1,-1
196,12,1117.66,0.35,85.41,60.42,1,-1,-1,-1
196,13,32.83,573.14,200.36,174.91,1,-1,-1,-1
197,10,588.00,75.28,236.05,131.68,1,-1,-1,-1
197,12,1114.05,0.44,87.37,62.22,1,-1,-1,-1
197,13,33.14,573.19,200.47,178.66,1,-1,-1,-1
198,10,562.67,80.72,237.06,134.37,1,-1,-1,-1
198,12,1110.45,0.52,89.33,64.02,1,-1,-1,-1
198,13,33.45,573.24,200.57,182.09,1,-1,-1,-1
199,10,537.04,86.44,237.51,137.05,1,-1,-1,-1
199,12,1106.84,0.61,91.29,65.82,1,-1,-1,-1
199,13,33.76,573.29,200.68,183.06,1,-1,-1,-1
200,10,511.19,92.42,237.37,139.70,1,-1,-1,-1
200,12,1103.24,0.70,93.25,67.62,1,-1,-1,-1
200,13,34.07,573.34,200.78,180.63,1,-1,-1,-1
201,10,485.21,98.67,236.61,142.27,1,-1,-1,-1
201,12,1099.63,0.78,95.20,69.42,1,-1,-1,-1
201,13,34.38,573.39,200.89,176.23,1,-1,-1,-1
201,14,-12.69,408.84,249.05,172.40,1,-1,-1,-1
202,10,459.16,105.18,235.21,144.73,1,-1,-1,-1
202,12,1096.03,0.87,97.16,71.22,1,-1,-1,-1
202,13,34.69,573.45,200.99,172.62,1,-1,-1,-1
202,14,7.62,395.54,256.58,178.60,1,-1,-1,-1
203,10,433.12,111.94,233.17,147.04,1,-1,-1,-1
203,12,1092.42,0.96,99.12,73.02,1,-1,-1,-1
203,13,35.01,573.50,201.10,171.45,1,-1,-1,-1
203,14,27.93,382.24,264.10,184.80,1,-1,-1,-1
204,10,407.13,118.94,230.46,149.16,1,-1,-1,-1
204,12,1088.82,1.04,101.08,74.82,1,-1,-1,-1
204,13,35.32,573.55,201.21,172.58,1,-1,-1,-1
204,14,48.24,368.95,271.62,191.00,1,-1,-1,-1
205,10,381.27,126.14,227.10,151.07,1,-1,-1,-1
205,12,1085.21,1.13,103.04,76.62,1,-1,-1,-1
205,13,35.63,573.60,201.31,174.56,1,-1,-1,-1
205,14,68.55,355.65,279.14,197.20,1,-1,-1,-1
206,10,355.57,133.53,223.09,152.76,1,-1,-1,-1
206,12,1081.61,1.22,105.00,78.42,1,-1,-1,-1
206,13,35.94,573.65,201.42,176.02,1,-1,-1,-1
206,14,88.85,342.35,286.66,203.40,1,-1,-1,-1
207,10,330.07,141.09,218.43,154.21,1,-1,-1,-1
207,12,1078.00,1.30,106.95,80.22,1,-1,-1,-1
207,13,36.25,573.70,201.52,176.95,1,-1,-1,-1
207,14,109.16,329.05,294.18,209.60,1,-1,-1,-1
208,10,304.79,148.76,213.15,155.41,1,-1,-1,-1
208,12,1074.40,1.39,108.91,82.01,1,-1,-1,-1
208,13,36.56,573.76,201.63,177.34,1,-1,-1,-1
208,14,129.47,315.76,301.70,215.80,1,-1,-1,-1
209,10,279.76,156.53,207.28,156.39,1,-1,-1,-1
209,12,1070.79,1.48,110.87,83.81,1,-1,-1,-1
209,13,36.87,573.81,201.73,177.08,1,-1,-1,-1
209,14,149.78,302.46,309.22,222.00,1,-1,-1,-1
210,10,255.00,164.37,200.84,157.15,1,-1,-1,-1
210,12,1067.18,1.56,112.83,85.61,1,-1,-1,-1
210,13,37.18,573.86,201.84,176.26,1,-1,-1,-1
210,14,170.09,289.16,316.75,228.20,1,-1,-1,-1
