3,1,1454.95,508.73,296.17,215.68,1,-1,-1,-1
3,2,1169.19,81.82,154.54,96.46,1,-1,-1,-1
3,3,1016.91,6.36,160.01,89.69,1,-1,-1,-1
3,4,557.52,575.16,499.36,274.71,1,-1,-1,-1
4,1,1444.26,502.09,294.50,213.95,1,-1,-1,-1
4,2,1189.13,78.50,146.24,91.29,1,-1,-1,-1
4,3,1016.18,5.97,161.78,90.74,1,-1,-1,-1
4,4,596.99,585.12,521.37,287.64,1,-1,-1,-1
5,1,1426.66,489.88,305.64,221.86,1,-1,-1,-1
5,2,1207.12,73.55,143.16,89.61,1,-1,-1,-1
5,3,1016.12,5.68,162.49,91.21,1,-1,-1,-1
5,4,649.14,603.16,537.68,297.04,1,-1,-1,-1
6,1,1414.06,485.41,303.56,219.88,1,-1,-1,-1
6,2,1220.59,68.87,140.36,88.33,1,-1,-1,-1
6,3,1016.44,5.54,162.48,91.28,1,-1,-1,-1
6,4,689.88,612.43,558.63,309.88,1,-1,-1,-1
7,1,1399.16,478.49,306.07,221.17,1,-1,-1,-1
7,2,1234.68,65.11,131.84,83.49,1,-1,-1,-1
7,3,1016.95,5.92,161.65,90.81,1,-1,-1,-1
7,4,734.23,620.86,593.69,331.87,1,-1,-1,-1
7,6,0.98,541.44,30.70,100.78,1,-1,-1,-1
8,1,1385.35,471.63,304.77,219.57,1,-1,-1,-1
8,2,1251.08,58.86,119.67,76.16,1,-1,-1,-1
8,3,1017.28,6.11,161.06,90.47,1,-1,-1,-1
8,4,776.39,627.46,623.03,352.05,1,-1,-1,-1
8,6,1.22,541.03,30.68,100.72,1,-1,-1,-1
9,1,1370.53,461.75,309.41,222.75,1,-1,-1,-1
9,2,1260.74,54.38,115.21,73.80,1,-1,-1,-1
9,3,1017.37,6.23,160.71,90.22,1,-1,-1,-1
9,4,829.35,640.77,634.94,363.15,1,-1,-1,-1
10,1,1356.03,456.50,306.54,219.74,1,-1,-1,-1
10,2,1268.93,50.40,113.84,73.85,1,-1,-1,-1
10,3,1016.69,6.25,161.07,90.32,1,-1,-1,-1
10,4,888.30,658.47,633.74,366.67,1,-1,-1,-1
11,1,1334.28,445.16,314.43,225.11,1,-1,-1,-1
11,2,1276.53,45.49,111.17,73.17,1,-1,-1,-1
11,3,1015.21,5.62,162.31,91.20,1,-1,-1,-1
11,4,951.83,679.07,625.19,366.21,1,-1,-1,-1
12,1,1322.89,438.75,301.19,213.52,1,-1,-1,-1
12,2,1284.83,41.57,106.02,70.95,1,-1,-1,-1
12,3,1014.74,6.02,160.64,90.35,1,-1,-1,-1
12,4,1022.44,702.52,595.87,351.92,1,-1,-1,-1
13,1,1305.00,429.74,298.57,209.89,1,-1,-1,-1
13,2,1293.48,37.92,98.65,67.00,1,-1,-1,-1
13,3,1011.00,5.45,163.15,92.05,1,-1,-1,-1
13,4,1100.56,731.37,560.95,333.42,1,-1,-1,-1
14,1,1280.90,422.75,304.44,212.13,1,-1,-1,-1
14,2,1299.72,33.82,95.15,65.84,1,-1,-1,-1
14,3,1009.87,5.27,164.14,92.95,1,-1,-1,-1
14,4,1182.80,759.34,518.38,308.69,1,-1,-1,-1
15,1,1260.45,416.19,308.01,213.07,1,-1,-1,-1
15,2,1305.47,31.04,91.14,64.09,1,-1,-1,-1
15,3,1010.06,5.43,162.83,92.44,1,-1,-1,-1
15,4,1247.64,782.97,493.15,295.62,1,-1,-1,-1
16,1,1231.43,404.83,314.13,215.81,1,-1,-1,-1
16,2,1311.07,26.89,87.97,63.13,1,-1,-1,-1
16,3,1008.67,5.57,162.81,92.75,1,-1,-1,-1
16,4,1325.27,806.96,459.68,276.84,1,-1,-1,-1
17,1,1214.15,396.29,306.64,208.75,1,-1,-1,-1
17,2,1316.72,22.45,83.39,61.17,1,-1,-1,-1
17,3,1007.34,5.79,163.11,93.10,1,-1,-1,-1
17,4,1403.39,834.52,412.81,248.67,1,-1,-1,-1
18,1,1191.07,388.61,303.37,204.27,1,-1,-1,-1
18,2,1321.05,17.89,78.93,59.18,1,-1,-1,-1
18,3,1003.91,4.66,165.95,95.39,1,-1,-1,-1
18,4,1479.32,858.74,370.99,222.58,1,-1,-1,-1
19,1,1163.53,379.85,303.04,202.01,1,-1,-1,-1
19,2,1323.79,14.55,76.92,58.96,1,-1,-1,-1
19,3,1001.85,4.02,166.46,96.03,1,-1,-1,-1
19,4,1538.13,883.32,328.51,196.49,1,-1,-1,-1
20,1,1136.08,370.62,300.86,197.26,1,-1,-1,-1
20,2,1325.82,12.32,74.07,57.92,1,-1,-1,-1
20,3,997.97,3.22,168.49,97.58,1,-1,-1,-1
20,4,1599.80,906.07,286.55,169.92,1,-1,-1,-1
21,1,1107.64,361.26,301.78,195.41,1,-1,-1,-1
21,2,1328.99,9.63,68.49,54.67,1,-1,-1,-1
21,3,997.96,4.45,167.54,96.91,1,-1,-1,-1
21,4,1652.95,925.10,259.52,152.70,1,-1,-1,-1
22,1,1078.81,351.75,298.70,190.80,1,-1,-1,-1
22,2,1330.77,6.72,64.42,52.24,1,-1,-1,-1
22,3,997.47,6.18,167.57,96.71,1,-1,-1,-1
22,4,1692.13,938.83,237.44,140.58,1,-1,-1,-1
23,1,1045.85,340.87,298.91,188.79,1,-1,-1,-1
23,2,1333.44,4.01,58.89,48.33,1,-1,-1,-1
23,3,997.29,6.04,165.78,95.79,1,-1,-1,-1
23,4,1748.14,958.21,212.27,125.68,1,-1,-1,-1
23,11,-1.66,611.99,105.50,149.57,1,-1,-1,-1
24,1,1018.67,334.13,295.06,183.77,1,-1,-1,-1
24,2,1335.33,1.04,56.69,47.12,1,-1,-1,-1
24,3,993.03,5.99,167.72,96.74,1,-1,-1,-1
24,11,1.06,607.00,111.87,158.71,1,-1,-1,-1
25,1,985.21,323.42,296.67,182.66,1,-1,-1,-1
25,2,1338.33,-0.15,53.80,45.12,1,-1,-1,-1
25,3,994.67,8.05,163.40,93.77,1,-1,-1,-1
25,11,3.30,605.54,114.58,162.24,1,-1,-1,-1
26,1,950.30,313.97,295.59,179.51,1,-1,-1,-1
26,2,1340.70,-0.47,49.96,41.87,1,-1,-1,-1
26,3,988.23,4.24,171.46,98.39,1,-1,-1,-1
26,11,5.63,603.69,115.07,161.96,1,-1,-1,-1
27,1,921.19,306.60,292.41,175.37,1,-1,-1,-1
27,2,1342.82,0.10,44.94,37.31,1,-1,-1,-1
27,3,981.90,3.68,173.65,99.43,1,-1,-1,-1
27,11,7.05,601.83,118.38,165.41,1,-1,-1,-1
28,1,889.37,298.88,290.86,172.46,1,-1,-1,-1
28,2,1346.38,-0.20,42.49,34.83,1,-1,-1,-1
28,3,976.09,3.46,176.76,101.24,1,-1,-1,-1
28,6,10.59,523.72,33.54,94.59,1,-1,-1,-1
28,11,8.05,598.50,123.56,171.10,1,-1,-1,-1
29,1,859.20,292.75,286.87,167.94,1,-1,-1,-1
29,2,1348.21,-0.07,38.88,31.19,1,-1,-1,-1
29,3,975.16,5.62,171.66,97.83,1,-1,-1,-1
29,6,9.62,523.82,36.72,92.92,1,-1,-1,-1
29,11,10.44,594.51,129.01,176.31,1,-1,-1,-1
30,1,829.96,286.04,279.87,161.21,1,-1,-1,-1
30,2,1348.04,-0.22,39.15,30.51,1,-1,-1,-1
30,3,974.04,5.32,169.02,95.53,1,-1,-1,-1
30,6,8.84,523.09,41.04,95.95,1,-1,-1,-1
30,11,10.27,590.60,140.92,190.63,1,-1,-1,-1
31,1,794.28,279.48,277.05,157.43,1,-1,-1,-1
31,2,1349.04,0.13,37.42,28.44,1,-1,-1,-1
31,3,962.14,3.62,181.90,102.65,1,-1,-1,-1
31,6,7.80,525.01,43.22,95.46,1,-1,-1,-1
31,11,8.36,588.87,154.15,207.07,1,-1,-1,-1
32,1,760.52,275.13,275.54,154.40,1,-1,-1,-1
32,2,1350.61,-0.04,35.28,25.98,1,-1,-1,-1
32,3,956.66,2.91,184.17,103.51,1,-1,-1,-1
32,6,6.43,524.40,45.94,97.89,1,-1,-1,-1
32,11,15.27,584.81,153.69,201.67,1,-1,-1,-1
33,1,728.38,270.22,268.85,148.33,1,-1,-1,-1
33,2,1352.74,0.16,34.09,23.99,1,-1,-1,-1
33,3,947.82,4.18,192.85,108.35,1,-1,-1,-1
33,6,5.80,523.68,48.28,99.68,1,-1,-1,-1
33,11,16.61,581.56,163.48,210.52,1,-1,-1,-1
34,1,696.25,267.06,265.68,144.27,1,-1,-1,-1
34,2,1354.87,-0.13,29.11,19.51,1,-1,-1,-1
34,3,937.53,4.34,197.17,110.49,1,-1,-1,-1
34,6,5.20,522.11,50.92,102.77,1,-1,-1,-1
34,11,33.55,580.41,146.52,178.53,1,-1,-1,-1
35,1,664.47,263.27,264.77,141.85,1,-1,-1,-1
35,2,1357.68,-0.72,25.10,16.82,1,-1,-1,-1
35,3,933.78,4.32,198.60,110.75,1,-1,-1,-1
35,6,6.96,520.59,55.59,108.31,1,-1,-1,-1
35,11,42.27,578.04,143.12,164.40,1,-1,-1,-1
36,1,635.89,260.47,258.71,137.03,1,-1,-1,-1
36,3,921.37,4.18,200.65,111.39,1,-1,-1,-1
36,6,9.32,517.42,59.81,111.51,1,-1,-1,-1
36,11,47.64,571.63,152.48,167.52,1,-1,-1,-1
37,1,605.25,258.43,256.07,134.68,1,-1,-1,-1
37,3,911.82,4.57,206.60,114.73,1,-1,-1,-1
37,6,7.64,517.86,60.27,109.57,1,-1,-1,-1
37,11,55.25,567.00,162.72,172.45,1,-1,-1,-1
37,13,1886.69,750.90,27.60,147.50,1,-1,-1,-1
38,1,573.79,257.62,250.03,130.23,1,-1,-1,-1
38,3,901.23,6.57,209.36,116.18,1,-1,-1,-1
38,6,7.06,516.28,61.97,110.08,1,-1,-1,-1
38,11,59.45,564.82,172.94,175.41,1,-1,-1,-1
38,13,1881.96,740.91,28.90,151.57,1,-1,-1,-1
39,1,545.39,257.84,243.87,125.81,1,-1,-1,-1
39,3,887.26,9.24,210.05,115.85,1,-1,-1,-1
39,6,8.60,512.72,65.18,113.10,1,-1,-1,-1
39,11,75.10,562.10,175.30,171.13,1,-1,-1,-1
39,13,1878.82,739.51,29.93,151.94,1,-1,-1,-1
40,1,515.89,257.54,241.27,123.36,1,-1,-1,-1
40,3,878.07,13.78,209.65,114.46,1,-1,-1,-1
40,6,9.94,512.25,66.46,111.98,1,-1,-1,-1
40,11,87.80,557.94,184.55,174.97,1,-1,-1,-1
40,13,1874.84,732.01,31.64,153.23,1,-1,-1,-1
41,1,485.12,257.58,240.04,121.97,1,-1,-1,-1
41,3,864.23,16.10,217.12,118.22,1,-1,-1,-1
41,6,9.81,516.66,65.38,106.46,1,-1,-1,-1
41,11,100.77,554.29,192.08,175.37,1,-1,-1,-1
41,13,1871.93,726.74,31.96,154.79,1,-1,-1,-1
42,1,456.72,258.68,237.12,120.60,1,-1,-1,-1
42,3,851.56,17.51,223.47,121.21,1,-1,-1,-1
42,6,20.18,508.32,63.98,101.94,1,-1,-1,-1
42,11,104.24,550.78,204.19,177.77,1,-1,-1,-1
43,1,423.70,258.12,235.48,119.97,1,-1,-1,-1
43,3,838.87,17.44,229.13,123.32,1,-1,-1,-1
43,6,30.02,502.93,64.07,99.34,1,-1,-1,-1
43,11,126.51,550.54,208.05,174.91,1,-1,-1,-1
44,1,397.41,261.51,231.76,118.35,1,-1,-1,-1
44,3,823.51,17.41,235.64,126.33,1,-1,-1,-1
44,6,31.50,498.18,69.11,104.83,1,-1,-1,-1
44,11,135.77,548.31,217.79,176.36,1,-1,-1,-1
44,14,-2.80,517.85,100.27,101.81,1,-1,-1,-1
45,1,371.37,268.03,226.29,115.50,1,-1,-1,-1
45,3,807.30,16.31,243.29,130.25,1,-1,-1,-1
45,6,34.46,495.98,69.29,105.09,1,-1,-1,-1
45,11,152.19,546.00,226.79,178.17,1,-1,-1,-1
45,14,-4.68,500.19,121.62,123.90,1,-1,-1,-1
46,1,343.77,272.91,222.68,113.83,1,-1,-1,-1
46,3,788.91,15.91,249.98,133.79,1,-1,-1,-1
46,11,171.21,542.98,237.62,181.60,1,-1,-1,-1
46,14,-6.24,492.60,138.82,142.23,1,-1,-1,-1
47,1,318.95,277.57,219.32,112.58,1,-1,-1,-1
47,3,773.39,18.09,252.29,135.02,1,-1,-1,-1
47,11,194.73,548.81,238.98,176.76,1,-1,-1,-1
47,14,-6.91,487.94,151.22,155.92,1,-1,-1,-1
48,1,294.88,284.13,213.37,109.93,1,-1,-1,-1
48,3,767.96,27.45,240.01,127.62,1,-1,-1,-1
48,11,214.32,547.27,250.96,181.19,1,-1,-1,-1
48,14,-6.34,475.95,158.59,164.22,1,-1,-1,-1
49,1,265.65,289.64,215.09,111.96,1,-1,-1,-1
49,3,745.91,30.89,248.15,131.24,1,-1,-1,-1
49,11,232.94,544.52,267.35,188.71,1,-1,-1,-1
49,14,-1.45,467.62,164.53,170.06,1,-1,-1,-1
50,1,241.50,294.81,214.13,112.66,1,-1,-1,-1
50,3,734.22,35.88,243.49,127.61,1,-1,-1,-1
50,11,248.94,544.88,280.10,193.88,1,-1,-1,-1
50,14,2.77,461.95,171.24,176.55,1,-1,-1,-1
51,1,217.15,299.91,211.82,113.18,1,-1,-1,-1
51,3,717.19,41.40,245.24,127.34,1,-1,-1,-1
51,11,269.40,547.18,291.90,197.22,1,-1,-1,-1
51,14,8.12,453.47,179.39,183.17,1,-1,-1,-1
52,1,191.73,304.25,214.05,116.49,1,-1,-1,-1
52,3,694.69,46.96,250.43,129.33,1,-1,-1,-1
52,11,289.18,546.99,314.47,209.66,1,-1,-1,-1
52,14,19.53,447.73,180.55,181.74,1,-1,-1,-1
53,1,169.97,312.88,208.11,115.37,1,-1,-1,-1
53,3,672.81,53.15,253.12,130.02,1,-1,-1,-1
53,11,312.74,549.72,327.05,214.45,1,-1,-1,-1
53,14,27.55,443.18,180.88,178.60,1,-1,-1,-1
54,1,150.90,320.43,195.33,109.63,1,-1,-1,-1
54,3,650.00,56.09,262.13,134.82,1,-1,-1,-1
54,11,340.08,556.40,343.22,221.50,1,-1,-1,-1
54,14,37.52,436.86,180.61,173.99,1,-1,-1,-1
55,1,133.26,328.54,184.06,104.46,1,-1,-1,-1
55,3,624.19,58.48,269.62,139.32,1,-1,-1,-1
55,11,369.22,561.49,359.73,228.90,1,-1,-1,-1
55,14,57.12,418.47,191.34,181.35,1,-1,-1,-1
56,1,118.02,337.29,171.89,98.28,1,-1,-1,-1
56,3,602.36,63.98,271.25,140.30,1,-1,-1,-1
56,11,403.67,575.21,364.48,227.87,1,-1,-1,-1
56,14,75.82,410.61,193.84,179.66,1,-1,-1,-1
57,1,96.84,346.30,177.56,103.39,1,-1,-1,-1
57,3,577.48,63.20,284.44,147.78,1,-1,-1,-1
57,11,434.51,580.69,384.59,237.05,1,-1,-1,-1
57,14,86.54,398.77,206.01,187.25,1,-1,-1,-1
57,19,1758.47,670.09,160.28,223.34,1,-1,-1,-1
58,1,74.07,354.63,178.02,106.00,1,-1,-1,-1
58,3,554.12,64.56,291.39,152.12,1,-1,-1,-1
58,11,466.19,589.76,406.33,247.12,1,-1,-1,-1
58,14,117.49,392.78,196.56,175.55,1,-1,-1,-1
58,19,1756.32,666.01,161.31,224.75,1,-1,-1,-1
59,1,54.57,364.90,178.36,108.48,1,-1,-1,-1
59,3,528.52,66.83,298.59,157.38,1,-1,-1,-1
59,11,494.13,591.01,436.13,264.29,1,-1,-1,-1
59,14,139.79,386.60,196.56,168.73,1,-1,-1,-1
59,19,1754.23,664.10,162.72,226.36,1,-1,-1,-1
60,1,37.95,372.78,173.69,107.94,1,-1,-1,-1
60,3,504.43,68.97,304.14,161.97,1,-1,-1,-1
60,11,533.08,600.61,454.06,274.05,1,-1,-1,-1
60,14,156.35,375.21,210.06,174.93,1,-1,-1,-1
60,19,1751.80,661.44,164.24,227.83,1,-1,-1,-1
61,1,22.14,381.88,168.52,107.14,1,-1,-1,-1
61,3,478.45,73.05,310.60,167.27,1,-1,-1,-1
61,11,568.98,609.84,474.81,285.47,1,-1,-1,-1
61,14,170.00,359.57,230.00,187.50,1,-1,-1,-1
61,19,1746.93,658.10,166.55,230.32,1,-1,-1,-1
62,1,8.03,389.53,163.03,106.19,1,-1,-1,-1
62,3,461.43,88.23,295.15,159.44,1,-1,-1,-1
62,11,605.95,613.91,501.99,301.76,1,-1,-1,-1
62,14,194.62,349.65,235.37,187.49,1,-1,-1,-1
62,19,1742.75,654.88,169.69,233.86,1,-1,-1,-1
63,1,-8.36,399.40,156.31,103.98,1,-1,-1,-1
63,3,438.19,96.89,293.19,159.29,1,-1,-1,-1
63,11,638.27,618.38,542.49,328.31,1,-1,-1,-1
63,14,221.48,339.87,240.70,186.79,1,-1,-1,-1
63,19,1739.05,652.41,171.78,235.75,1,-1,-1,-1
64,1,-22.63,408.42,153.44,105.17,1,-1,-1,-1
64,3,407.31,102.18,299.79,164.83,1,-1,-1,-1
64,11,683.36,629.29,569.87,348.11,1,-1,-1,-1
64,14,242.46,328.49,254.23,192.56,1,-1,-1,-1
64,19,1736.56,649.98,173.88,237.19,1,-1,-1,-1
65,1,-25.51,419.20,137.40,97.37,1,-1,-1,-1
65,3,382.49,107.69,301.33,167.35,1,-1,-1,-1
65,11,740.18,642.51,567.72,348.47,1,-1,-1,-1
65,14,275.14,314.84,261.35,194.30,1,-1,-1,-1
65,19,1731.34,647.14,175.97,237.22,1,-1,-1,-1
66,1,-27.56,429.30,121.27,89.15,1,-1,-1,-1
66,3,353.97,114.14,302.85,170.62,1,-1,-1,-1
66,11,797.75,658.89,572.23,352.58,1,-1,-1,-1
66,14,306.92,299.26,275.20,200.83,1,-1,-1,-1
66,19,1728.00,643.27,176.81,234.51,1,-1,-1,-1
67,1,-27.63,437.49,107.00,82.04,1,-1,-1,-1
67,3,329.89,123.36,300.58,171.87,1,-1,-1,-1
67,11,852.51,678.72,578.70,358.46,1,-1,-1,-1
67,14,337.25,285.24,287.72,206.22,1,-1,-1,-1
67,19,1724.09,640.49,179.17,233.75,1,-1,-1,-1
68,1,-28.24,447.84,91.94,74.34,1,-1,-1,-1
68,3,306.37,129.34,303.75,176.37,1,-1,-1,-1
68,11,916.36,696.59,568.89,353.13,1,-1,-1,-1
68,14,379.77,268.24,291.34,204.77,1,-1,-1,-1
68,19,1714.50,630.74,186.88,239.36,1,-1,-1,-1
69,1,-42.10,456.27,87.55,70.79,1,-1,-1,-1
69,3,280.44,142.48,300.32,177.05,1,-1,-1,-1
69,11,986.74,718.07,553.58,343.42,1,-1,-1,-1
69,14,418.94,257.92,290.17,198.88,1,-1,-1,-1
69,19,1703.83,621.36,194.28,243.31,1,-1,-1,-1
70,3,251.74,144.62,309.48,186.10,1,-1,-1,-1
70,11,1053.41,740.44,536.54,331.15,1,-1,-1,-1
70,14,458.69,246.55,291.98,196.82,1,-1,-1,-1
70,19,1695.02,610.46,202.15,248.07,1,-1,-1,-1
71,3,230.57,162.12,295.56,180.19,1,-1,-1,-1
71,11,1123.25,764.54,510.55,314.09,1,-1,-1,-1
71,14,501.44,238.18,286.89,189.42,1,-1,-1,-1
71,19,1685.14,603.92,206.14,246.24,1,-1,-1,-1
72,3,207.97,173.08,291.36,180.55,1,-1,-1,-1
72,11,1201.62,789.83,475.63,289.86,1,-1,-1,-1
72,14,545.93,220.23,298.19,193.75,1,-1,-1,-1
72,19,1669.62,595.77,215.17,250.67,1,-1,-1,-1
73,3,180.41,181.65,292.79,184.91,1,-1,-1,-1
73,11,1280.45,816.04,435.42,261.40,1,-1,-1,-1
73,14,588.19,204.99,300.53,191.93,1,-1,-1,-1
73,19,1657.04,591.07,218.82,246.91,1,-1,-1,-1
74,3,159.46,192.08,288.21,185.07,1,-1,-1,-1
74,11,1344.93,837.30,406.92,242.78,1,-1,-1,-1
74,14,631.77,193.28,298.41,187.00,1,-1,-1,-1
74,19,1641.17,582.96,226.35,248.04,1,-1,-1,-1
75,3,128.62,195.04,293.91,193.07,1,-1,-1,-1
75,11,1413.81,861.87,370.02,218.33,1,-1,-1,-1
75,14,676.25,181.05,295.27,181.33,1,-1,-1,-1
75,19,1624.35,577.28,232.49,245.80,1,-1,-1,-1
76,3,111.15,215.12,277.68,186.21,1,-1,-1,-1
76,11,1476.03,884.02,338.23,197.21,1,-1,-1,-1
76,14,720.64,170.51,292.65,176.97,1,-1,-1,-1
76,19,1607.47,567.94,236.53,242.57,1,-1,-1,-1
77,3,91.75,227.86,269.96,185.03,1,-1,-1,-1
77,11,1540.95,905.47,308.42,176.68,1,-1,-1,-1
77,14,763.79,157.25,292.47,174.35,1,-1,-1,-1
77,19,1582.38,557.98,244.41,244.80,1,-1,-1,-1
78,3,76.07,247.05,254.04,176.99,1,-1,-1,-1
78,11,1602.24,923.80,278.56,156.58,1,-1,-1,-1
78,14,806.33,143.88,288.57,169.87,1,-1,-1,-1
78,19,1558.93,553.11,244.75,237.39,1,-1,-1,-1
79,3,54.38,251.65,256.73,182.47,1,-1,-1,-1
79,11,1649.39,937.54,252.84,140.27,1,-1,-1,-1
79,14,852.56,140.26,272.75,157.34,1,-1,-1,-1
79,19,1533.86,535.37,258.65,246.44,1,-1,-1,-1
80,3,34.88,262.19,254.11,184.55,1,-1,-1,-1
80,11,1708.70,955.17,226.41,125.61,1,-1,-1,-1
80,14,895.80,133.48,260.62,147.98,1,-1,-1,-1
80,19,1509.15,521.46,265.38,246.95,1,-1,-1,-1
81,3,18.52,275.87,247.54,183.82,1,-1,-1,-1
81,14,931.39,123.73,257.37,144.64,1,-1,-1,-1
81,19,1487.51,510.53,270.04,246.12,1,-1,-1,-1
82,3,2.22,287.45,239.87,181.88,1,-1,-1,-1
82,14,972.35,118.80,242.86,135.24,1,-1,-1,-1
82,19,1455.48,495.46,274.21,244.32,1,-1,-1,-1
83,3,-15.35,302.61,236.31,183.73,1,-1,-1,-1
83,14,1004.04,109.35,239.01,132.35,1,-1,-1,-1
83,19,1421.61,476.34,287.04,251.05,1,-1,-1,-1
84,3,-20.99,317.23,209.81,165.81,1,-1,-1,-1
84,14,1035.83,102.62,228.76,126.45,1,-1,-1,-1
84,19,1390.53,455.53,295.91,254.54,1,-1,-1,-1
85,3,-31.69,328.61,204.64,166.42,1,-1,-1,-1
85,14,1066.16,97.69,216.87,119.92,1,-1,-1,-1
85,19,1356.33,444.24,303.49,257.49,1,-1,-1,-1
86,3,-32.03,341.75,182.36,152.66,1,-1,-1,-1
86,14,1094.03,88.71,213.01,118.55,1,-1,-1,-1
86,19,1321.30,428.39,309.73,258.79,1,-1,-1,-1
87,3,-34.30,351.17,166.95,144.90,1,-1,-1,-1
87,14,1122.83,81.50,202.01,113.17,1,-1,-1,-1
87,19,1288.05,413.75,314.37,259.36,1,-1,-1,-1
88,3,-36.44,365.05,150.84,136.80,1,-1,-1,-1
88,14,1149.04,77.49,190.32,107.35,1,-1,-1,-1
88,19,1256.13,397.25,310.55,251.20,1,-1,-1,-1
88,25,10.54,535.30,70.48,244.31,1,-1,-1,-1
89,3,-34.92,382.25,125.76,119.92,1,-1,-1,-1
89,14,1174.45,71.13,182.24,103.04,1,-1,-1,-1
89,19,1221.85,387.05,310.80,246.86,1,-1,-1,-1
89,25,18.08,537.00,59.68,199.77,1,-1,-1,-1
89,26,1.17,530.06,91.00,95.20,1,-1,-1,-1
90,3,-30.97,398.12,100.91,101.71,1,-1,-1,-1
90,14,1194.18,65.02,172.86,99.18,1,-1,-1,-1
90,19,1185.07,378.25,308.65,239.73,1,-1,-1,-1
90,25,18.16,544.66,58.82,191.47,1,-1,-1,-1
90,26,2.90,528.62,93.29,97.37,1,-1,-1,-1
91,3,-42.14,411.02,93.13,93.87,1,-1,-1,-1
91,14,1214.30,60.56,159.35,92.52,1,-1,-1,-1
91,19,1156.14,366.91,307.81,234.07,1,-1,-1,-1
91,25,14.65,597.43,48.98,154.95,1,-1,-1,-1
91,26,1.45,523.98,95.56,99.70,1,-1,-1,-1
92,14,1230.07,55.11,151.69,89.57,1,-1,-1,-1
92,19,1120.27,353.17,310.48,231.94,1,-1,-1,-1
92,25,14.65,616.26,44.24,135.43,1,-1,-1,-1
92,26,0.97,522.44,96.61,100.75,1,-1,-1,-1
93,14,1248.68,51.31,138.93,82.72,1,-1,-1,-1
93,19,1082.04,339.83,309.97,227.14,1,-1,-1,-1
93,25,14.27,617.84,44.59,132.05,1,-1,-1,-1
93,26,1.31,521.85,96.42,100.43,1,-1,-1,-1
94,14,1262.66,48.45,130.27,78.78,1,-1,-1,-1
94,19,1042.43,326.44,309.66,223.18,1,-1,-1,-1
94,25,14.52,616.80,46.79,133.32,1,-1,-1,-1
94,26,2.42,521.28,96.12,99.76,1,-1,-1,-1
95,14,1269.88,39.25,133.98,83.35,1,-1,-1,-1
95,19,1003.57,311.44,311.87,221.51,1,-1,-1,-1
95,25,15.37,616.96,48.48,132.35,1,-1,-1,-1
95,26,3.90,521.81,96.66,99.61,1,-1,-1,-1
96,14,1284.44,36.41,122.86,77.84,1,-1,-1,-1
96,19,970.53,299.64,305.07,212.87,1,-1,-1,-1
96,25,15.99,619.28,48.84,126.24,1,-1,-1,-1
96,26,4.41,520.54,97.41,100.38,1,-1,-1,-1
97,14,1296.52,32.04,113.93,73.65,1,-1,-1,-1
97,19,937.13,290.75,298.47,204.82,1,-1,-1,-1
97,25,15.64,586.10,62.96,157.02,1,-1,-1,-1
98,14,1305.14,27.95,107.93,71.56,1,-1,-1,-1
98,19,902.17,282.03,293.96,198.76,1,-1,-1,-1
98,25,14.59,560.89,75.17,182.68,1,-1,-1,-1
99,14,1314.25,26.96,100.01,67.80,1,-1,-1,-1
99,19,865.62,270.51,292.68,194.93,1,-1,-1,-1
99,25,16.80,570.62,74.22,172.70,1,-1,-1,-1
100,14,1320.63,23.63,95.86,66.42,1,-1,-1,-1
100,19,829.65,261.45,290.67,190.60,1,-1,-1,-1
100,25,16.27,566.30,78.24,175.42,1,-1,-1,-1
101,14,1328.65,20.87,89.70,63.28,1,-1,-1,-1
101,19,793.40,253.84,285.91,184.46,1,-1,-1,-1
101,25,19.44,576.60,77.15,163.14,1,-1,-1,-1
102,14,1335.12,16.77,84.13,60.48,1,-1,-1,-1
102,19,756.73,247.13,283.54,180.48,1,-1,-1,-1
102,25,22.43,587.73,77.10,152.80,1,-1,-1,-1
103,14,1338.89,13.41,82.01,60.07,1,-1,-1,-1
103,19,722.49,241.59,277.14,173.76,1,-1,-1,-1
103,25,21.09,565.27,90.56,172.55,1,-1,-1,-1
104,14,1343.89,10.53,78.47,58.48,1,-1,-1,-1
104,19,688.01,234.62,276.30,170.95,1,-1,-1,-1
104,25,21.70,559.34,97.32,177.02,1,-1,-1,-1
105,14,1348.38,7.86,73.41,55.75,1,-1,-1,-1
105,19,655.54,231.73,267.32,162.99,1,-1,-1,-1
105,25,26.64,565.98,99.50,169.57,1,-1,-1,-1
106,14,1353.24,5.52,68.45,52.69,1,-1,-1,-1
106,19,622.00,229.11,262.70,158.11,1,-1,-1,-1
106,25,29.41,565.91,105.42,169.84,1,-1,-1,-1
107,14,1358.11,3.17,63.71,49.51,1,-1,-1,-1
107,19,591.51,229.36,253.34,149.77,1,-1,-1,-1
107,25,28.54,554.87,121.97,189.27,1,-1,-1,-1
108,14,1362.15,1.37,60.43,47.58,1,-1,-1,-1
108,19,558.75,228.86,248.21,144.73,1,-1,-1,-1
108,25,29.00,551.40,139.49,209.08,1,-1,-1,-1
108,30,1482.78,4.26,35.97,28.40,1,-1,-1,-1
109,14,1365.61,0.25,56.19,44.75,1,-1,-1,-1
109,19,528.73,229.68,237.08,136.00,1,-1,-1,-1
109,25,28.02,535.21,158.72,232.18,1,-1,-1,-1
109,30,1482.64,3.78,36.58,28.94,1,-1,-1,-1
109,31,1867.28,786.16,49.24,125.36,1,-1,-1,-1
110,14,1368.78,0.03,52.24,41.83,1,-1,-1,-1
110,19,499.11,231.52,235.75,133.47,1,-1,-1,-1
110,25,32.77,521.81,168.68,237.92,1,-1,-1,-1
110,30,1482.37,3.36,37.27,29.48,1,-1,-1,-1
110,31,1865.95,784.28,50.02,126.77,1,-1,-1,-1
111,14,1373.12,0.32,46.59,37.09,1,-1,-1,-1
111,19,466.72,231.61,236.53,132.70,1,-1,-1,-1
111,25,37.57,514.04,176.01,237.40,1,-1,-1,-1
111,31,1865.32,782.93,50.32,126.87,1,-1,-1,-1
112,14,1376.44,0.74,41.80,32.97,1,-1,-1,-1
112,19,435.35,232.31,236.23,131.48,1,-1,-1,-1
112,25,48.06,510.86,182.84,232.99,1,-1,-1,-1
112,31,1863.80,781.95,51.08,128.01,1,-1,-1,-1
113,14,1378.98,0.48,38.42,29.91,1,-1,-1,-1
113,19,406.50,235.34,234.19,129.72,1,-1,-1,-1
113,25,59.83,501.28,195.27,234.58,1,-1,-1,-1
113,31,1863.58,781.26,51.51,128.16,1,-1,-1,-1
114,14,1381.88,-0.22,37.13,28.25,1,-1,-1,-1
114,19,376.16,238.05,234.22,129.51,1,-1,-1,-1
114,25,76.63,495.76,206.02,235.71,1,-1,-1,-1
114,31,1862.81,780.35,52.30,129.23,1,-1,-1,-1
115,14,1381.98,-0.37,37.17,27.76,1,-1,-1,-1
115,19,346.38,241.42,237.36,131.72,1,-1,-1,-1
115,25,90.48,491.16,212.27,230.78,1,-1,-1,-1
115,31,1861.81,779.68,53.09,130.28,1,-1,-1,-1
116,14,1383.93,0.60,32.65,23.99,1,-1,-1,-1
116,19,312.36,243.47,243.95,137.13,1,-1,-1,-1
116,25,105.31,478.13,227.34,235.43,1,-1,-1,-1
116,31,1861.04,778.89,53.90,131.45,1,-1,-1,-1
116,32,9.22,510.10,116.42,131.39,1,-1,-1,-1
117,14,1384.79,-0.02,31.00,22.21,1,-1,-1,-1
117,19,289.69,247.81,237.62,134.82,1,-1,-1,-1
117,25,121.65,464.28,241.97,240.56,1,-1,-1,-1
117,31,1860.69,778.41,54.29,131.52,1,-1,-1,-1
117,32,11.65,508.41,118.44,132.76,1,-1,-1,-1
118,14,1385.17,-0.14,29.64,20.47,1,-1,-1,-1
118,19,264.36,254.93,234.85,134.59,1,-1,-1,-1
118,25,144.39,453.65,249.19,238.79,1,-1,-1,-1
118,31,1860.25,778.10,54.71,131.52,1,-1,-1,-1
118,32,9.18,505.36,121.75,135.93,1,-1,-1,-1
119,14,1387.54,-0.18,26.79,17.74,1,-1,-1,-1
119,19,239.18,261.75,233.44,135.27,1,-1,-1,-1
119,25,160.64,438.08,261.00,242.86,1,-1,-1,-1
119,31,1860.44,778.21,54.81,130.38,1,-1,-1,-1
119,32,9.85,504.65,121.80,135.06,1,-1,-1,-1
120,14,1389.13,-0.15,25.76,16.17,1,-1,-1,-1
120,19,217.55,268.96,229.48,134.11,1,-1,-1,-1
120,25,194.03,424.05,272.41,243.71,1,-1,-1,-1
120,31,1860.04,777.58,54.94,130.69,1,-1,-1,-1
120,32,9.67,502.52,123.92,136.49,1,-1,-1,-1
121,14,1390.96,-0.12,22.76,13.54,1,-1,-1,-1
121,19,191.30,278.41,226.71,134.90,1,-1,-1,-1
121,25,224.50,411.94,280.79,242.14,1,-1,-1,-1
121,31,1859.20,777.85,55.32,130.15,1,-1,-1,-1
121,32,12.26,499.39,125.39,136.91,1,-1,-1,-1
122,14,1393.85,-0.09,17.79,9.73,1,-1,-1,-1
122,19,166.81,288.48,222.98,135.32,1,-1,-1,-1
122,25,255.08,402.09,289.01,239.62,1,-1,-1,-1
122,31,1858.49,778.05,55.72,129.42,1,-1,-1,-1
122,32,14.61,495.15,129.24,139.86,1,-1,-1,-1
123,14,1397.08,-0.30,12.93,7.07,1,-1,-1,-1
123,19,142.19,296.75,220.72,136.66,1,-1,-1,-1
123,25,299.69,387.16,287.47,227.67,1,-1,-1,-1
123,31,1857.18,777.29,57.02,131.08,1,-1,-1,-1
123,32,18.71,497.47,122.86,129.81,1,-1,-1,-1
124,19,119.59,303.04,219.39,138.75,1,-1,-1,-1
124,25,324.30,375.83,305.88,233.37,1,-1,-1,-1
124,31,1855.82,775.82,58.72,133.06,1,-1,-1,-1
124,32,18.85,487.11,132.52,137.90,1,-1,-1,-1
125,19,98.49,314.80,210.93,136.29,1,-1,-1,-1
125,25,362.12,364.15,302.43,221.67,1,-1,-1,-1
125,31,1854.75,775.99,60.05,134.95,1,-1,-1,-1
125,32,23.80,480.54,136.84,139.39,1,-1,-1,-1
126,19,77.97,324.98,205.55,135.51,1,-1,-1,-1
126,25,392.56,345.48,321.75,230.31,1,-1,-1,-1
126,31,1853.75,775.81,60.36,133.94,1,-1,-1,-1
126,32,27.03,474.79,143.43,142.95,1,-1,-1,-1
127,19,61.59,333.26,198.19,133.46,1,-1,-1,-1
127,25,426.77,328.61,343.08,241.01,1,-1,-1,-1
127,31,1851.97,774.30,62.28,136.58,1,-1,-1,-1
127,32,32.04,467.07,146.62,142.84,1,-1,-1,-1
128,19,40.05,342.42,195.56,134.94,1,-1,-1,-1
128,25,472.52,311.91,353.97,243.35,1,-1,-1,-1
128,31,1850.31,773.10,63.50,137.36,1,-1,-1,-1
128,32,38.03,461.01,150.72,143.30,1,-1,-1,-1
128,35,1169.75,0.00,84.04,16.08,1,-1,-1,-1
129,19,20.43,352.34,191.52,135.29,1,-1,-1,-1
129,25,512.22,293.95,361.39,244.05,1,-1,-1,-1
129,31,1849.17,771.37,65.30,139.10,1,-1,-1,-1
129,32,50.29,455.82,153.66,143.63,1,-1,-1,-1
129,35,1162.73,0.26,95.10,18.48,1,-1,-1,-1
130,19,1.28,365.03,187.51,135.87,1,-1,-1,-1
130,25,556.81,280.01,362.72,240.79,1,-1,-1,-1
130,31,1848.44,770.60,65.68,139.92,1,-1,-1,-1
130,32,62.27,448.57,154.88,142.04,1,-1,-1,-1
130,35,1154.23,0.30,106.01,21.04,1,-1,-1,-1
131,19,-14.30,376.38,178.39,132.36,1,-1,-1,-1
131,25,606.89,267.84,366.85,239.09,1,-1,-1,-1
131,31,1847.14,771.62,64.94,134.18,1,-1,-1,-1
131,32,72.56,443.82,159.73,142.34,1,-1,-1,-1
131,35,1145.18,0.43,119.48,24.37,1,-1,-1,-1
132,19,-25.84,386.66,167.77,127.93,1,-1,-1,-1
132,25,656.32,260.31,357.93,228.09,1,-1,-1,-1
132,31,1846.45,771.04,65.01,134.34,1,-1,-1,-1
132,32,81.10,435.21,163.94,141.87,1,-1,-1,-1
132,35,1139.27,0.75,125.67,26.45,1,-1,-1,-1
133,19,-24.03,400.54,138.77,108.07,1,-1,-1,-1
133,25,697.79,244.26,356.43,223.47,1,-1,-1,-1
133,31,1839.95,766.61,70.53,141.61,1,-1,-1,-1
133,32,98.08,428.20,164.60,138.66,1,-1,-1,-1
133,35,1132.93,0.61,132.16,28.79,1,-1,-1,-1
134,19,-27.35,414.72,123.78,100.00,1,-1,-1,-1
134,25,745.20,232.64,349.81,216.58,1,-1,-1,-1
134,31,1836.56,765.85,73.42,142.89,1,-1,-1,-1
134,32,113.81,421.69,170.79,140.93,1,-1,-1,-1
134,35,1127.26,0.81,139.13,31.56,1,-1,-1,-1
135,19,-26.71,429.25,103.18,86.94,1,-1,-1,-1
135,25,787.81,219.39,340.80,209.28,1,-1,-1,-1
135,31,1835.25,764.89,73.90,143.83,1,-1,-1,-1
135,32,128.63,411.76,173.03,139.18,1,-1,-1,-1
135,35,1121.91,0.35,144.74,34.27,1,-1,-1,-1
136,19,-27.84,439.86,88.92,79.12,1,-1,-1,-1
136,25,839.33,209.62,333.08,201.31,1,-1,-1,-1
136,31,1829.42,762.02,77.39,143.73,1,-1,-1,-1
136,32,141.05,402.56,183.34,144.81,1,-1,-1,-1
136,35,1117.16,0.54,149.59,37.06,1,-1,-1,-1
137,19,-27.17,454.18,71.45,68.04,1,-1,-1,-1
137,25,881.78,196.37,327.98,197.06,1,-1,-1,-1
137,31,1823.63,757.11,81.37,145.21,1,-1,-1,-1
137,32,159.05,394.29,189.13,147.01,1,-1,-1,-1
137,35,1112.89,1.10,151.17,39.20,1,-1,-1,-1
138,19,-39.19,465.28,64.37,61.30,1,-1,-1,-1
138,25,930.54,187.38,319.21,189.62,1,-1,-1,-1
138,31,1821.76,755.57,81.88,146.11,1,-1,-1,-1
138,32,178.74,383.11,191.85,146.10,1,-1,-1,-1
138,35,1108.21,0.97,153.84,41.85,1,-1,-1,-1
139,25,971.26,178.43,308.35,181.78,1,-1,-1,-1
139,31,1812.30,752.14,91.75,156.52,1,-1,-1,-1
139,32,199.90,373.80,197.20,147.74,1,-1,-1,-1
139,35,1103.58,0.69,157.16,44.98,1,-1,-1,-1
140,25,1010.53,167.32,302.60,177.20,1,-1,-1,-1
140,31,1803.71,748.26,99.00,161.58,1,-1,-1,-1
140,32,220.61,362.40,200.32,147.49,1,-1,-1,-1
140,35,1099.51,0.61,159.84,48.13,1,-1,-1,-1
141,25,1048.07,159.43,289.26,168.10,1,-1,-1,-1
141,31,1794.89,742.60,106.91,167.74,1,-1,-1,-1
141,32,246.15,350.40,207.01,149.43,1,-1,-1,-1
141,35,1096.93,0.56,159.53,50.43,1,-1,-1,-1
142,25,1085.78,151.75,276.83,160.94,1,-1,-1,-1
142,31,1786.06,735.25,115.73,175.63,1,-1,-1,-1
142,32,270.12,338.15,209.31,148.60,1,-1,-1,-1
142,35,1093.30,1.40,161.28,53.44,1,-1,-1,-1
143,25,1113.49,140.33,270.20,158.34,1,-1,-1,-1
143,31,1782.43,732.51,117.72,178.66,1,-1,-1,-1
143,32,293.98,325.46,217.24,152.07,1,-1,-1,-1
143,35,1089.10,1.58,162.12,56.19,1,-1,-1,-1
144,25,1146.35,134.45,255.28,150.71,1,-1,-1,-1
144,32,323.40,312.15,219.79,151.83,1,-1,-1,-1
144,35,1088.23,2.51,158.57,57.29,1,-1,-1,-1
145,25,1173.33,125.09,246.15,147.01,1,-1,-1,-1
145,32,352.28,301.71,222.79,151.11,1,-1,-1,-1
145,35,1085.45,3.42,156.52,58.85,1,-1,-1,-1
146,25,1198.29,116.76,238.83,144.39,1,-1,-1,-1
146,32,384.30,288.46,224.13,149.57,1,-1,-1,-1
146,35,1079.28,2.21,162.39,63.69,1,-1,-1,-1
146,36,1716.23,709.78,185.28,185.75,1,-1,-1,-1
147,25,1222.54,109.49,225.38,138.30,1,-1,-1,-1
147,32,421.45,276.55,224.31,146.92,1,-1,-1,-1
147,35,1077.22,0.88,160.91,65.85,1,-1,-1,-1
147,36,1704.82,701.83,188.56,187.85,1,-1,-1,-1
148,25,1245.65,102.91,212.03,132.29,1,-1,-1,-1
148,32,456.92,262.58,228.95,147.16,1,-1,-1,-1
148,35,1072.66,1.63,161.36,68.56,1,-1,-1,-1
148,36,1686.00,694.48,195.38,192.61,1,-1,-1,-1
149,25,1265.46,96.94,199.95,127.08,1,-1,-1,-1
149,32,492.64,251.03,230.38,145.53,1,-1,-1,-1
149,35,1068.41,2.50,160.76,71.10,1,-1,-1,-1
149,36,1665.12,685.74,199.81,194.45,1,-1,-1,-1
150,25,1284.36,92.09,188.57,122.08,1,-1,-1,-1
150,32,531.98,238.88,230.91,143.05,1,-1,-1,-1
150,35,1064.07,1.95,160.62,73.76,1,-1,-1,-1
150,36,1642.16,674.21,205.40,197.42,1,-1,-1,-1
151,25,1302.49,85.54,177.49,117.36,1,-1,-1,-1
151,32,570.44,225.18,231.11,141.07,1,-1,-1,-1
151,35,1059.44,3.18,159.14,75.49,1,-1,-1,-1
151,36,1615.27,662.81,213.26,201.81,1,-1,-1,-1
152,25,1317.66,80.20,166.79,112.58,1,-1,-1,-1
152,32,610.61,214.49,229.65,137.47,1,-1,-1,-1
152,35,1055.03,2.45,159.44,77.89,1,-1,-1,-1
152,36,1591.83,653.33,216.02,200.42,1,-1,-1,-1
153,25,1332.25,77.35,152.76,105.30,1,-1,-1,-1
153,32,651.28,202.07,229.08,134.57,1,-1,-1,-1
153,35,1051.73,2.23,159.03,79.70,1,-1,-1,-1
153,36,1560.50,643.21,222.61,202.48,1,-1,-1,-1
153,37,10.43,628.44,86.54,116.93,1,-1,-1,-1
153,38,4.51,540.41,26.26,94.51,1,-1,-1,-1
154,25,1344.99,72.26,143.03,100.87,1,-1,-1,-1
154,32,691.12,193.23,227.14,130.92,1,-1,-1,-1
154,35,1049.96,3.30,156.00,79.77,1,-1,-1,-1
154,36,1529.39,631.31,230.36,204.88,1,-1,-1,-1
154,37,10.32,616.14,97.05,130.16,1,-1,-1,-1
154,38,5.76,539.10,26.52,95.45,1,-1,-1,-1
155,25,1355.69,65.99,135.75,98.40,1,-1,-1,-1
155,32,730.07,181.72,226.10,128.13,1,-1,-1,-1
155,35,1047.28,5.43,152.65,79.26,1,-1,-1,-1
155,36,1488.83,612.76,245.05,214.03,1,-1,-1,-1
155,37,14.80,616.37,97.20,128.29,1,-1,-1,-1
156,25,1365.44,62.24,123.73,91.83,1,-1,-1,-1
156,32,769.74,172.86,224.49,124.93,1,-1,-1,-1
156,35,1044.80,6.01,149.58,78.68,1,-1,-1,-1
156,36,1453.33,600.27,250.26,213.63,1,-1,-1,-1
156,37,19.67,612.83,99.28,128.01,1,-1,-1,-1
157,25,1374.37,58.19,116.16,88.19,1,-1,-1,-1
157,32,809.75,164.65,217.58,118.57,1,-1,-1,-1
157,35,1038.37,4.03,155.83,83.49,1,-1,-1,-1
157,36,1415.92,585.81,255.86,213.58,1,-1,-1,-1
157,37,20.95,609.06,103.37,130.14,1,-1,-1,-1
158,25,1380.62,53.03,112.59,87.56,1,-1,-1,-1
158,32,844.69,154.78,219.61,118.21,1,-1,-1,-1
158,35,1036.45,5.92,154.01,83.70,1,-1,-1,-1
158,36,1372.94,569.55,263.21,214.97,1,-1,-1,-1
158,37,14.63,601.85,124.90,155.58,1,-1,-1,-1
159,25,1389.53,49.66,101.31,80.23,1,-1,-1,-1
159,32,886.93,149.20,210.38,111.38,1,-1,-1,-1
159,35,1034.12,7.11,153.27,84.25,1,-1,-1,-1
159,36,1330.15,553.01,270.08,215.66,1,-1,-1,-1
159,37,8.92,597.10,148.91,184.68,1,-1,-1,-1
160,25,1393.61,45.23,96.11,77.84,1,-1,-1,-1
160,32,921.73,141.44,206.44,107.76,1,-1,-1,-1
160,35,1030.51,8.42,151.88,84.33,1,-1,-1,-1
160,36,1287.05,537.80,275.42,214.66,1,-1,-1,-1
160,37,8.84,592.39,156.63,192.55,1,-1,-1,-1
161,25,1395.64,39.18,91.80,76.43,1,-1,-1,-1
161,32,959.03,134.18,200.86,103.90,1,-1,-1,-1
161,35,1026.86,8.70,151.84,85.08,1,-1,-1,-1
161,36,1238.97,518.26,288.24,219.62,1,-1,-1,-1
161,37,12.20,588.70,159.36,192.85,1,-1,-1,-1
162,25,1400.18,35.79,85.76,72.92,1,-1,-1,-1
162,32,992.87,129.48,194.01,99.12,1,-1,-1,-1
162,35,1026.19,7.57,150.49,84.54,1,-1,-1,-1
162,36,1184.98,492.02,301.87,225.66,1,-1,-1,-1
162,37,18.73,587.21,155.28,183.19,1,-1,-1,-1
163,25,1402.96,31.98,81.69,71.01,1,-1,-1,-1
163,32,1022.15,121.82,190.69,96.99,1,-1,-1,-1
163,35,1021.16,6.57,152.82,86.37,1,-1,-1,-1
163,36,1135.66,478.75,301.99,220.42,1,-1,-1,-1
163,37,25.36,586.75,151.79,173.37,1,-1,-1,-1
164,25,1405.15,30.11,76.41,67.73,1,-1,-1,-1
164,32,1050.86,114.65,186.00,94.39,1,-1,-1,-1
164,35,1017.84,6.55,156.30,89.09,1,-1,-1,-1
164,36,1088.49,465.25,294.44,209.27,1,-1,-1,-1
164,37,30.53,586.92,146.19,160.29,1,-1,-1,-1
165,25,1408.10,26.35,72.52,65.45,1,-1,-1,-1
165,32,1075.70,104.21,187.37,95.63,1,-1,-1,-1
165,35,1014.23,6.38,157.67,90.66,1,-1,-1,-1
165,36,1046.29,447.98,283.63,194.86,1,-1,-1,-1
165,37,33.01,583.42,149.88,158.94,1,-1,-1,-1
166,25,1408.96,22.34,67.29,61.67,1,-1,-1,-1
166,32,1098.77,94.83,188.09,96.92,1,-1,-1,-1
166,35,1010.58,7.72,156.57,90.43,1,-1,-1,-1
166,36,988.85,430.57,294.93,198.45,1,-1,-1,-1
166,37,34.11,582.60,153.89,158.30,1,-1,-1,-1
166,39,1.81,507.65,72.25,127.55,1,-1,-1,-1
167,25,1410.52,18.75,62.65,58.03,1,-1,-1,-1
167,32,1128.99,95.79,170.23,87.68,1,-1,-1,-1
167,35,1009.55,11.24,151.96,87.63,1,-1,-1,-1
167,36,941.33,417.85,296.60,195.90,1,-1,-1,-1
167,37,34.20,584.30,154.40,154.25,1,-1,-1,-1
167,39,3.15,508.09,71.81,126.44,1,-1,-1,-1
168,25,1410.15,14.57,60.42,56.30,1,-1,-1,-1
168,32,1151.66,91.08,162.53,84.35,1,-1,-1,-1
168,35,1007.41,13.35,150.94,86.72,1,-1,-1,-1
168,36,890.93,402.08,300.43,194.87,1,-1,-1,-1
168,37,36.33,583.97,157.54,153.59,1,-1,-1,-1
168,39,3.66,507.83,72.57,127.27,1,-1,-1,-1
169,25,1409.00,10.61,59.03,55.46,1,-1,-1,-1
169,32,1174.61,87.65,153.23,79.90,1,-1,-1,-1
169,35,1003.60,16.27,146.87,84.15,1,-1,-1,-1
169,36,838.83,385.83,301.23,193.19,1,-1,-1,-1
169,37,37.35,582.65,164.02,156.20,1,-1,-1,-1
169,39,3.79,506.69,73.22,127.83,1,-1,-1,-1
169,40,1189.46,0.22,55.65,11.06,1,-1,-1,-1
170,25,1408.63,7.92,57.30,54.13,1,-1,-1,-1
170,32,1193.92,82.73,147.51,77.65,1,-1,-1,-1
170,35,999.69,15.76,148.78,84.84,1,-1,-1,-1
170,36,793.49,372.59,295.22,187.16,1,-1,-1,-1
170,37,37.53,582.02,167.74,156.59,1,-1,-1,-1
170,39,3.72,505.95,74.21,128.97,1,-1,-1,-1
170,40,1186.48,0.20,59.36,11.87,1,-1,-1,-1
171,25,1407.20,5.41,54.27,51.14,1,-1,-1,-1
171,32,1213.97,79.28,139.07,74.00,1,-1,-1,-1
171,35,997.89,20.28,145.12,81.69,1,-1,-1,-1
171,36,747.08,359.52,289.86,181.61,1,-1,-1,-1
171,37,37.06,578.43,174.59,161.02,1,-1,-1,-1
171,39,3.03,505.97,74.05,128.31,1,-1,-1,-1
171,40,1180.67,0.30,67.56,13.68,1,-1,-1,-1
172,25,1405.61,2.27,53.02,49.99,1,-1,-1,-1
172,32,1227.92,73.22,134.85,72.97,1,-1,-1,-1
172,35,990.73,21.99,144.76,80.88,1,-1,-1,-1
172,36,704.45,350.41,276.94,171.35,1,-1,-1,-1
172,37,38.43,580.38,173.01,156.77,1,-1,-1,-1
172,39,3.33,504.97,75.28,129.87,1,-1,-1,-1
172,40,1174.80,0.66,76.34,15.71,1,-1,-1,-1
173,25,1405.46,0.68,49.87,46.97,1,-1,-1,-1
173,32,1243.83,69.84,128.07,70.05,1,-1,-1,-1
173,35,984.24,21.88,148.47,82.30,1,-1,-1,-1
173,36,661.37,340.73,269.27,164.37,1,-1,-1,-1
173,37,39.30,581.69,172.90,153.73,1,-1,-1,-1
173,39,3.69,504.60,75.98,130.33,1,-1,-1,-1
173,40,1169.11,0.70,86.85,18.26,1,-1,-1,-1
174,25,1405.61,-0.02,47.47,44.52,1,-1,-1,-1
174,32,1259.00,65.69,121.19,67.05,1,-1,-1,-1
174,35,976.86,19.32,154.97,85.54,1,-1,-1,-1
174,36,616.95,329.85,263.24,158.63,1,-1,-1,-1
174,37,37.84,579.05,178.44,156.29,1,-1,-1,-1
174,39,2.64,503.58,76.65,131.17,1,-1,-1,-1
174,40,1166.93,1.00,89.32,19.17,1,-1,-1,-1
174,41,1882.96,763.45,31.12,131.37,1,-1,-1,-1
175,25,1405.21,-0.23,45.55,42.62,1,-1,-1,-1
175,32,1272.23,62.26,114.76,64.39,1,-1,-1,-1
175,35,970.05,22.35,156.22,85.38,1,-1,-1,-1
175,36,578.19,324.82,252.73,150.47,1,-1,-1,-1
175,37,40.42,581.28,178.07,152.50,1,-1,-1,-1
175,39,2.39,503.40,77.15,131.57,1,-1,-1,-1
175,40,1160.40,0.52,98.70,21.80,1,-1,-1,-1
175,41,1881.49,762.36,30.58,126.44,1,-1,-1,-1
176,25,1406.55,-0.77,41.41,38.23,1,-1,-1,-1
176,32,1282.25,56.77,112.02,63.85,1,-1,-1,-1
176,35,954.39,21.47,169.11,92.56,1,-1,-1,-1
176,36,541.48,319.14,241.60,141.89,1,-1,-1,-1
176,37,38.97,581.52,179.36,151.08,1,-1,-1,-1
176,39,2.07,503.05,77.06,131.12,1,-1,-1,-1
176,40,1154.37,0.22,107.02,24.39,1,-1,-1,-1
176,41,1880.14,759.69,31.08,125.31,1,-1,-1,-1
177,25,1406.47,-0.83,38.12,34.47,1,-1,-1,-1
177,32,1293.06,53.10,105.29,61.25,1,-1,-1,-1
177,35,948.92,23.93,169.48,92.18,1,-1,-1,-1
177,36,503.28,314.54,233.58,135.60,1,-1,-1,-1
177,37,37.69,581.70,181.80,150.99,1,-1,-1,-1
177,39,2.08,501.48,77.12,130.79,1,-1,-1,-1
177,40,1153.83,0.56,105.49,24.78,1,-1,-1,-1
177,41,1879.41,760.44,32.19,126.94,1,-1,-1,-1
178,25,1405.89,-0.73,35.98,31.76,1,-1,-1,-1
178,32,1301.98,49.24,100.33,59.66,1,-1,-1,-1
178,35,938.62,26.45,171.30,92.57,1,-1,-1,-1
178,36,467.06,311.68,225.30,129.35,1,-1,-1,-1
178,37,36.80,581.98,183.71,150.69,1,-1,-1,-1
178,39,2.46,501.30,77.72,131.17,1,-1,-1,-1
178,40,1149.92,0.65,110.38,26.86,1,-1,-1,-1
178,41,1878.63,759.93,33.35,128.36,1,-1,-1,-1
179,25,1405.66,-0.62,33.56,28.74,1,-1,-1,-1
179,32,1311.87,45.41,94.33,57.26,1,-1,-1,-1
179,35,926.18,23.69,179.16,96.62,1,-1,-1,-1
179,36,430.43,308.71,215.83,122.99,1,-1,-1,-1
179,37,35.87,582.06,185.66,150.64,1,-1,-1,-1
179,39,3.18,501.39,78.06,130.83,1,-1,-1,-1
179,40,1148.18,0.64,110.65,27.89,1,-1,-1,-1
179,41,1877.71,759.10,33.26,128.01,1,-1,-1,-1
180,25,1403.73,-0.49,32.84,26.92,1,-1,-1,-1
180,32,1319.31,41.82,87.32,53.97,1,-1,-1,-1
180,35,915.95,26.54,178.46,95.08,1,-1,-1,-1
180,36,397.46,309.08,207.21,117.12,1,-1,-1,-1
180,37,34.72,581.85,187.94,151.23,1,-1,-1,-1
180,39,4.05,501.62,78.00,129.40,1,-1,-1,-1
180,40,1144.64,0.42,114.72,30.06,1,-1,-1,-1
180,41,1876.88,758.13,35.20,131.68,1,-1,-1,-1
181,25,1403.36,-0.40,31.52,24.96,1,-1,-1,-1
181,32,1323.74,37.81,84.12,53.14,1,-1,-1,-1
181,35,899.90,26.92,185.26,98.45,1,-1,-1,-1
181,36,361.83,309.43,202.77,114.32,1,-1,-1,-1
181,37,32.53,579.37,193.11,154.72,1,-1,-1,-1
181,39,3.87,501.79,78.84,129.80,1,-1,-1,-1
181,40,1143.32,1.04,114.01,31.09,1,-1,-1,-1
181,41,1875.74,757.32,36.47,132.67,1,-1,-1,-1
182,25,1404.26,-0.32,31.66,23.66,1,-1,-1,-1
182,32,1327.34,32.78,82.14,53.41,1,-1,-1,-1
182,35,886.44,26.17,192.78,102.42,1,-1,-1,-1
182,36,328.08,309.36,198.63,112.06,1,-1,-1,-1
182,37,31.39,578.33,195.55,156.04,1,-1,-1,-1
182,39,3.29,501.21,80.12,131.06,1,-1,-1,-1
182,40,1140.06,0.94,115.29,32.72,1,-1,-1,-1
182,41,1875.03,756.88,37.58,133.18,1,-1,-1,-1
183,25,1404.94,-0.26,31.80,22.22,1,-1,-1,-1
183,32,1332.38,29.34,77.77,51.79,1,-1,-1,-1
183,35,872.57,27.90,199.43,105.48,1,-1,-1,-1
183,36,296.34,311.70,195.20,110.63,1,-1,-1,-1
183,37,30.72,578.08,196.82,156.47,1,-1,-1,-1
183,39,2.88,499.88,81.33,132.36,1,-1,-1,-1
183,40,1137.68,0.65,115.95,34.27,1,-1,-1,-1
183,41,1874.57,757.09,38.50,133.21,1,-1,-1,-1
184,25,1405.99,-0.77,28.70,20.06,1,-1,-1,-1
184,32,1336.87,25.30,73.39,49.98,1,-1,-1,-1
184,35,863.96,28.46,207.14,108.29,1,-1,-1,-1
184,36,267.05,317.20,184.09,104.54,1,-1,-1,-1
184,37,29.89,578.39,197.92,156.71,1,-1,-1,-1
184,39,0.74,497.63,85.60,139.54,1,-1,-1,-1
184,40,1135.09,0.64,115.73,35.60,1,-1,-1,-1
184,41,1874.13,756.69,39.50,133.71,1,-1,-1,-1
185,32,1338.96,20.67,70.53,49.15,1,-1,-1,-1
185,35,845.25,31.58,208.63,108.68,1,-1,-1,-1
185,36,240.00,324.48,174.18,99.10,1,-1,-1,-1
185,37,29.74,579.06,197.76,155.83,1,-1,-1,-1
185,39,0.46,495.61,86.49,140.93,1,-1,-1,-1
185,40,1131.72,0.75,116.53,37.28,1,-1,-1,-1
185,41,1873.75,756.53,40.21,133.25,1,-1,-1,-1
186,32,1341.17,17.65,67.44,47.92,1,-1,-1,-1
186,35,825.09,31.78,215.05,112.07,1,-1,-1,-1
186,36,207.74,328.25,174.44,99.95,1,-1,-1,-1
186,37,29.50,579.25,197.89,155.33,1,-1,-1,-1
186,39,2.74,495.13,86.66,139.94,1,-1,-1,-1
186,40,1129.57,0.84,116.77,38.79,1,-1,-1,-1
186,41,1873.53,756.90,40.83,132.77,1,-1,-1,-1
187,32,1343.39,15.23,63.34,45.87,1,-1,-1,-1
187,35,809.46,36.83,215.66,112.36,1,-1,-1,-1
187,36,184.06,335.33,166.32,95.89,1,-1,-1,-1
187,37,29.25,579.18,198.21,154.96,1,-1,-1,-1
187,39,3.33,493.24,88.77,142.10,1,-1,-1,-1
187,40,1125.57,0.87,120.93,41.84,1,-1,-1,-1
187,41,1873.22,757.19,41.49,132.54,1,-1,-1,-1
188,32,1345.34,12.08,59.82,44.14,1,-1,-1,-1
188,35,789.41,37.98,221.61,115.16,1,-1,-1,-1
188,36,151.65,342.94,166.57,97.10,1,-1,-1,-1
188,37,28.61,579.52,198.79,154.78,1,-1,-1,-1
188,39,4.65,490.51,89.79,141.90,1,-1,-1,-1
188,40,1121.99,0.45,124.02,44.77,1,-1,-1,-1
188,41,1872.85,756.81,41.53,132.66,1,-1,-1,-1
189,32,1346.69,9.38,56.83,42.86,1,-1,-1,-1
189,35,767.76,38.92,230.29,119.95,1,-1,-1,-1
189,36,123.55,348.93,167.21,99.08,1,-1,-1,-1
189,37,28.33,580.06,199.13,154.40,1,-1,-1,-1
189,39,6.94,487.48,93.71,145.44,1,-1,-1,-1
189,40,1120.12,0.42,124.98,46.93,1,-1,-1,-1
190,32,1348.09,5.81,54.49,42.00,1,-1,-1,-1
190,35,749.95,41.54,235.15,123.30,1,-1,-1,-1
190,36,100.01,357.81,159.22,95.38,1,-1,-1,-1
190,37,28.27,580.76,199.35,153.91,1,-1,-1,-1
190,39,7.79,485.74,98.24,150.13,1,-1,-1,-1
190,40,1117.48,0.19,125.81,49.11,1,-1,-1,-1
190,41,1872.42,756.97,42.45,133.50,1,-1,-1,-1
191,32,1349.12,3.37,51.74,40.48,1,-1,-1,-1
191,35,730.40,45.72,231.28,121.08,1,-1,-1,-1
191,36,73.83,365.75,157.19,95.92,1,-1,-1,-1
191,37,29.27,581.78,198.72,152.91,1,-1,-1,-1
191,39,9.83,481.85,101.59,151.89,1,-1,-1,-1
191,40,1114.40,0.06,126.01,51.11,1,-1,-1,-1
191,41,1872.34,756.68,43.29,134.22,1,-1,-1,-1
192,32,1350.49,1.45,49.03,38.81,1,-1,-1,-1
192,35,706.04,46.30,240.67,127.20,1,-1,-1,-1
192,36,51.36,377.11,149.62,93.05,1,-1,-1,-1
192,37,29.43,581.52,201.85,155.20,1,-1,-1,-1
192,39,8.95,474.61,111.24,163.79,1,-1,-1,-1
192,40,1110.18,0.04,129.40,54.58,1,-1,-1,-1
192,41,1872.09,756.40,43.36,134.46,1,-1,-1,-1
193,32,1352.09,0.65,44.08,35.19,1,-1,-1,-1
193,35,682.85,51.43,245.47,130.34,1,-1,-1,-1
193,36,37.98,389.31,133.51,84.32,1,-1,-1,-1
193,37,27.91,579.87,203.18,156.15,1,-1,-1,-1
193,39,11.39,469.56,113.08,162.41,1,-1,-1,-1
193,40,1108.52,0.28,128.02,55.88,1,-1,-1,-1
193,41,1872.83,756.40,43.49,132.31,1,-1,-1,-1
194,32,1352.95,0.26,40.26,32.07,1,-1,-1,-1
194,35,660.54,56.51,247.41,131.54,1,-1,-1,-1
194,36,9.83,394.84,128.58,81.21,1,-1,-1,-1
194,37,31.57,581.59,200.72,153.03,1,-1,-1,-1
194,39,12.79,462.72,119.31,167.28,1,-1,-1,-1
194,40,1106.46,0.89,127.30,57.35,1,-1,-1,-1
194,41,1872.69,756.27,44.06,131.83,1,-1,-1,-1
195,32,1354.55,-0.30,37.22,29.49,1,-1,-1,-1
195,35,640.37,66.08,243.16,128.95,1,-1,-1,-1
195,37,29.73,580.49,205.28,156.71,1,-1,-1,-1
195,39,17.13,477.56,118.00,159.32,1,-1,-1,-1
195,40,1102.50,1.55,127.08,58.97,1,-1,-1,-1
195,41,1872.51,756.26,44.64,131.72,1,-1,-1,-1
196,32,1355.59,-0.71,34.16,26.50,1,-1,-1,-1
196,35,612.92,72.46,243.96,129.21,1,-1,-1,-1
196,37,31.78,581.69,202.13,153.31,1,-1,-1,-1
196,39,18.35,480.36,122.53,160.61,1,-1,-1,-1
196,40,1098.72,1.35,128.87,61.71,1,-1,-1,-1
196,41,1872.33,756.21,45.19,131.78,1,-1,-1,-1
197,32,1356.99,-0.70,31.91,23.99,1,-1,-1,-1
197,35,587.33,77.50,249.02,132.35,1,-1,-1,-1
197,37,29.66,580.10,206.17,156.71,1,-1,-1,-1
197,39,23.97,475.27,126.73,158.45,1,-1,-1,-1
197,40,1097.18,1.48,127.17,62.65,1,-1,-1,-1
197,41,1872.19,756.24,45.62,131.65,1,-1,-1,-1
198,32,1358.33,-0.60,29.82,21.30,1,-1,-1,-1
198,35,564.30,84.76,243.88,129.88,1,-1,-1,-1
198,37,30.86,580.32,203.93,154.24,1,-1,-1,-1
198,39,20.52,445.35,148.68,181.38,1,-1,-1,-1
198,40,1095.23,1.76,125.09,63.20,1,-1,-1,-1
198,41,1871.78,755.07,46.49,133.25,1,-1,-1,-1
199,32,1360.09,-0.47,27.48,18.65,1,-1,-1,-1
199,35,530.19,83.98,261.51,140.79,1,-1,-1,-1
199,37,30.94,580.21,204.71,154.06,1,-1,-1,-1
199,39,22.54,428.30,158.96,188.57,1,-1,-1,-1
199,40,1091.50,1.88,125.64,64.96,1,-1,-1,-1
199,41,1871.07,755.92,46.85,133.75,1,-1,-1,-1
199,43,33.29,538.08,120.91,85.21,1,-1,-1,-1
200,32,1360.77,-0.35,23.66,14.96,1,-1,-1,-1
200,35,507.97,93.06,257.50,139.03,1,-1,-1,-1
200,37,31.27,579.57,205.75,154.12,1,-1,-1,-1
200,39,28.64,419.67,164.00,186.18,1,-1,-1,-1
200,40,1089.32,3.46,125.55,66.27,1,-1,-1,-1
200,41,1871.12,755.37,47.07,133.45,1,-1,-1,-1
200,43,43.90,537.42,112.11,79.01,1,-1,-1,-1
201,32,1363.22,-1.12,19.40,12.26,1,-1,-1,-1
201,35,478.66,99.83,259.85,141.37,1,-1,-1,-1
201,37,29.26,578.01,210.12,158.01,1,-1,-1,-1
201,39,34.81,410.46,173.58,187.74,1,-1,-1,-1
201,40,1087.09,4.16,124.45,66.98,1,-1,-1,-1
201,41,1870.56,755.99,47.26,133.41,1,-1,-1,-1
202,35,448.78,103.40,267.73,147.52,1,-1,-1,-1
202,37,29.30,577.46,211.11,159.16,1,-1,-1,-1
202,39,45.22,400.85,172.69,174.70,1,-1,-1,-1
202,40,1085.47,6.02,121.94,66.83,1,-1,-1,-1
202,41,1870.45,755.88,47.30,133.51,1,-1,-1,-1
203,35,418.76,109.87,272.69,153.51,1,-1,-1,-1
203,37,30.24,576.86,210.99,159.36,1,-1,-1,-1
203,39,54.88,389.99,183.59,175.49,1,-1,-1,-1
203,40,1083.13,7.66,120.14,66.82,1,-1,-1,-1
203,41,1869.92,756.24,47.33,131.76,1,-1,-1,-1
204,35,390.06,117.79,271.13,155.36,1,-1,-1,-1
204,37,30.91,575.18,209.12,158.73,1,-1,-1,-1
204,39,71.27,377.37,196.40,178.45,1,-1,-1,-1
204,40,1080.32,8.45,120.29,67.92,1,-1,-1,-1
204,41,1869.26,756.24,47.82,131.26,1,-1,-1,-1
205,35,360.37,124.51,274.22,159.92,1,-1,-1,-1
205,37,34.78,577.48,205.17,155.07,1,-1,-1,-1
205,39,84.46,364.81,211.32,184.31,1,-1,-1,-1
205,40,1076.57,8.74,120.89,69.07,1,-1,-1,-1
205,41,1869.12,756.19,47.77,131.12,1,-1,-1,-1
206,35,332.72,132.58,270.60,160.70,1,-1,-1,-1
206,37,35.09,576.40,206.34,156.29,1,-1,-1,-1
206,39,99.67,348.93,236.29,201.66,1,-1,-1,-1
206,40,1075.40,8.81,120.24,69.49,1,-1,-1,-1
206,41,1867.91,756.17,48.37,130.20,1,-1,-1,-1
207,35,305.89,139.98,273.47,165.65,1,-1,-1,-1
207,37,35.38,575.39,207.43,157.34,1,-1,-1,-1
207,39,119.06,337.52,250.17,209.39,1,-1,-1,-1
207,40,1073.94,9.11,119.57,69.65,1,-1,-1,-1
207,41,1867.71,756.12,48.29,129.98,1,-1,-1,-1
208,35,285.34,154.74,258.45,158.80,1,-1,-1,-1
208,37,37.28,575.29,205.95,155.94,1,-1,-1,-1
208,39,145.49,322.80,259.40,213.00,1,-1,-1,-1
208,40,1072.34,9.31,119.79,70.23,1,-1,-1,-1
209,35,262.01,160.98,250.41,155.60,1,-1,-1,-1
209,37,39.84,576.48,204.38,154.38,1,-1,-1,-1
209,39,160.36,302.81,284.21,231.92,1,-1,-1,-1
209,40,1070.27,9.62,120.41,71.06,1,-1,-1,-1
210,35,240.02,173.36,236.31,148.49,1,-1,-1,-1
210,37,44.13,576.44,203.91,153.09,1,-1,-1,-1
210,39,192.78,290.81,280.95,224.62,1,-1,-1,-1
210,40,1068.00,9.47,121.76,72.44,1,-1,-1,-1
