66,324,1562,686,356,314,1,-1,-1,-1
67,324,1555,675,363,305,1,-1,-1,-1
68,324,1545,673,373,297,1,-1,-1,-1
69,324,1535,666,372,292,1,-1,-1,-1
70,324,1498,661,382,277,1,-1,-1,-1
71,324,1492,651,375,276,1,-1,-1,-1
72,324,1483,641,363,275,1,-1,-1,-1
73,324,1473,634,358,273,1,-1,-1,-1
74,324,1460,619,356,268,1,-1,-1,-1
75,324,1442,621,345,250,1,-1,-1,-1
76,324,1434,611,343,252,1,-1,-1,-1
77,324,1423,599,340,254,1,-1,-1,-1
78,324,1411,592,334,252,1,-1,-1,-1
79,324,1402,586,329,250,1,-1,-1,-1
80,324,1381,581,327,238,1,-1,-1,-1
81,324,1379,574,318,240,1,-1,-1,-1
82,324,1374,558,306,240,1,-1,-1,-1
83,324,1366,554,297,236,1,-1,-1,-1
84,324,1354,548,295,231,1,-1,-1,-1
85,324,1347,541,290,227,1,-1,-1,-1
86,324,1342,534,287,226,1,-1,-1,-1
87,324,1328,526,277,217,1,-1,-1,-1
88,324,1323,520,273,213,1,-1,-1,-1
89,324,1318,516,265,208,1,-1,-1,-1
90,324,1308,500,257,214,1,-1,-1,-1
91,324,1300,495,257,213,1,-1,-1,-1
92,324,1291,489,256,213,1,-1,-1,-1
93,324,1285,482,254,213,1,-1,-1,-1
94,324,1270,476,253,211,1,-1,-1,-1
95,324,1270,469,246,208,1,-1,-1,-1
96,324,1268,462,241,205,1,-1,-1,-1
97,324,1267,463,229,186,1,-1,-1,-1
98,324,1265,453,224,189,1,-1,-1,-1
99,324,1252,454,220,177,1,-1,-1,-1
100,324,1246,440,223,180,1,-1,-1,-1
101,324,1244,433,217,179,1,-1,-1,-1
102,324,1240,425,210,179,1,-1,-1,-1
103,324,1234,421,210,176,1,-1,-1,-1
104,324,1228,404,211,183,1,-1,-1,-1
105,260,1447,626,471,433,1,-1,-1,-1
105,324,1213,399,206,176,1,-1,-1,-1
106,260,1437,615,481,430,1,-1,-1,-1
106,324,1206,392,205,174,1,-1,-1,-1
107,260,1425,607,478,419,1,-1,-1,-1
107,324,1200,387,204,171,1,-1,-1,-1
108,260,1408,605,483,407,1,-1,-1,-1
108,324,1176,388,215,160,1,-1,-1,-1
109,260,1397,602,482,388,1,-1,-1,-1
109,324,1170,369,209,169,1,-1,-1,-1
110,260,1372,600,468,372,1,-1,-1,-1
110,324,1166,362,202,168,1,-1,-1,-1
111,260,1368,598,455,358,1,-1,-1,-1
111,324,1143,357,206,160,1,-1,-1,-1
112,260,1364,568,433,367,1,-1,-1,-1
112,324,1136,355,204,156,1,-1,-1,-1
113,260,1355,564,427,365,1,-1,-1,-1
113,324,1133,340,192,166,1,-1,-1,-1
114,260,1337,572,403,329,1,-1,-1,-1
114,324,1108,336,200,160,1,-1,-1,-1
115,260,1333,566,398,326,1,-1,-1,-1
115,324,1101,329,198,159,1,-1,-1,-1
116,260,1327,554,387,331,1,-1,-1,-1
116,324,1096,324,193,156,1,-1,-1,-1
117,260,1323,543,369,332,1,-1,-1,-1
117,324,1075,321,197,152,1,-1,-1,-1
118,260,1318,535,356,329,1,-1,-1,-1
118,324,1070,311,190,155,1,-1,-1,-1
119,260,1306,524,360,311,1,-1,-1,-1
119,324,1063,307,187,154,1,-1,-1,-1
120,260,1309,523,347,304,1,-1,-1,-1
120,324,1061,302,182,151,1,-1,-1,-1
121,260,1284,515,362,301,1,-1,-1,-1
121,324,1038,297,186,145,1,-1,-1,-1
122,260,1282,507,352,301,1,-1,-1,-1
122,324,1033,293,181,144,1,-1,-1,-1
123,260,1274,497,346,302,1,-1,-1,-1
123,324,1028,289,176,145,1,-1,-1,-1
124,260,1267,487,337,300,1,-1,-1,-1
124,324,1011,286,181,145,1,-1,-1,-1
125,260,1262,479,326,298,1,-1,-1,-1
125,324,1006,276,179,141,1,-1,-1,-1
126,260,1262,477,316,289,1,-1,-1,-1
126,324,998,271,179,140,1,-1,-1,-1
127,260,1256,468,319,279,1,-1,-1,-1
127,324,992,265,177,139,1,-1,-1,-1
128,260,1258,466,308,273,1,-1,-1,-1
128,324,990,261,172,140,1,-1,-1,-1
129,260,1244,464,303,256,1,-1,-1,-1
129,324,980,255,167,142,1,-1,-1,-1
130,260,1248,457,289,254,1,-1,-1,-1
130,324,978,252,165,142,1,-1,-1,-1
131,260,1247,450,282,254,1,-1,-1,-1
131,324,974,246,163,135,1,-1,-1,-1
132,260,1245,446,277,254,1,-1,-1,-1
132,324,972,243,162,137,1,-1,-1,-1
133,260,1236,438,279,253,1,-1,-1,-1
133,324,970,238,161,136,1,-1,-1,-1
134,260,1231,431,278,250,1,-1,-1,-1
134,324,969,234,159,135,1,-1,-1,-1
135,260,1226,424,276,249,1,-1,-1,-1
135,324,969,228,154,135,1,-1,-1,-1
136,260,1220,409,277,247,1,-1,-1,-1
136,324,971,223,148,138,1,-1,-1,-1
137,260,1218,405,273,245,1,-1,-1,-1
137,324,972,218,143,140,1,-1,-1,-1
138,260,1217,399,267,241,1,-1,-1,-1
138,324,972,216,141,139,1,-1,-1,-1
139,260,1216,391,257,239,1,-1,-1,-1
139,324,970,216,141,136,1,-1,-1,-1
140,260,1215,383,249,238,1,-1,-1,-1
140,324,969,214,143,126,1,-1,-1,-1
141,260,1216,377,238,237,1,-1,-1,-1
141,324,971,212,141,124,1,-1,-1,-1
142,260,1202,372,243,225,1,-1,-1,-1
142,324,972,210,139,122,1,-1,-1,-1
143,260,1202,366,236,223,1,-1,-1,-1
143,324,971,207,140,120,1,-1,-1,-1
144,260,1200,364,235,216,1,-1,-1,-1
144,324,971,202,140,121,1,-1,-1,-1
145,260,1191,347,239,224,1,-1,-1,-1
145,324,971,197,139,124,1,-1,-1,-1
146,260,1185,342,239,224,1,-1,-1,-1
146,324,969,195,140,119,1,-1,-1,-1
147,260,1181,334,237,226,1,-1,-1,-1
147,324,968,192,140,120,1,-1,-1,-1
148,260,1178,325,234,225,1,-1,-1,-1
148,324,968,191,138,117,1,-1,-1,-1
149,260,1176,319,231,222,1,-1,-1,-1
149,324,969,190,138,115,1,-1,-1,-1
150,260,1172,314,232,217,1,-1,-1,-1
150,324,971,185,138,113,1,-1,-1,-1
151,260,1172,315,218,191,1,-1,-1,-1
151,324,972,184,139,113,1,-1,-1,-1
152,260,1168,309,219,189,1,-1,-1,-1
152,324,972,183,140,112,1,-1,-1,-1
153,260,1164,305,220,191,1,-1,-1,-1
153,324,973,182,140,110,1,-1,-1,-1
154,260,1159,300,221,192,1,-1,-1,-1
154,324,977,174,141,117,1,-1,-1,-1
155,260,1153,290,222,182,1,-1,-1,-1
155,324,978,170,143,120,1,-1,-1,-1
156,260,1151,281,220,190,1,-1,-1,-1
156,324,981,165,146,121,1,-1,-1,-1
157,260,1148,278,205,183,1,-1,-1,-1
157,324,985,162,145,123,1,-1,-1,-1
158,260,1148,275,203,182,1,-1,-1,-1
158,324,990,160,143,123,1,-1,-1,-1
159,260,1144,270,204,182,1,-1,-1,-1
159,324,995,159,136,119,1,-1,-1,-1
159,325,1299,12,212,135,1,-1,-1,-1
160,260,1143,262,196,166,1,-1,-1,-1
160,324,999,158,134,118,1,-1,-1,-1
160,325,1292,12,211,136,1,-1,-1,-1
161,260,1136,256,202,177,1,-1,-1,-1
161,324,1006,154,136,122,1,-1,-1,-1
161,325,1285,12,211,137,1,-1,-1,-1
162,260,1131,252,205,175,1,-1,-1,-1
162,324,1006,156,140,113,1,-1,-1,-1
162,325,1278,12,210,138,1,-1,-1,-1
163,260,1127,247,205,175,1,-1,-1,-1
163,324,1012,154,138,112,1,-1,-1,-1
163,325,1271,12,210,139,1,-1,-1,-1
164,260,1124,242,207,174,1,-1,-1,-1
164,324,1020,149,137,112,1,-1,-1,-1
164,325,1264,12,209,140,1,-1,-1,-1
165,260,1122,237,208,177,1,-1,-1,-1
165,324,1027,148,136,111,1,-1,-1,-1
165,325,1257,12,209,141,1,-1,-1,-1
166,260,1123,234,198,151,1,-1,-1,-1
166,324,1032,145,142,113,1,-1,-1,-1
166,325,1250,12,208,142,1,-1,-1,-1
167,260,1119,228,185,155,1,-1,-1,-1
167,324,1043,144,138,110,1,-1,-1,-1
167,325,1243,12,208,143,1,-1,-1,-1
168,260,1117,222,185,164,1,-1,-1,-1
168,324,1048,141,141,113,1,-1,-1,-1
168,325,1236,12,207,144,1,-1,-1,-1
169,260,1115,218,186,166,1,-1,-1,-1
169,324,1053,135,144,118,1,-1,-1,-1
169,325,1229,12,207,146,1,-1,-1,-1
170,260,1113,214,186,164,1,-1,-1,-1
170,324,1060,131,146,123,1,-1,-1,-1
170,325,1222,12,206,147,1,-1,-1,-1
171,260,1112,212,183,158,1,-1,-1,-1
171,324,1068,133,137,117,1,-1,-1,-1
171,325,1215,12,206,148,1,-1,-1,-1
172,260,1113,215,176,148,1,-1,-1,-1
172,324,1081,131,139,117,1,-1,-1,-1
172,325,1208,12,205,149,1,-1,-1,-1
173,260,1114,206,171,136,1,-1,-1,-1
173,324,1085,134,140,109,1,-1,-1,-1
173,325,1201,12,205,150,1,-1,-1,-1
174,260,1111,202,172,141,1,-1,-1,-1
174,324,1091,137,140,97,1,-1,-1,-1
174,325,1194,12,204,151,1,-1,-1,-1
175,260,1108,198,175,147,1,-1,-1,-1
175,324,1095,133,145,97,1,-1,-1,-1
175,325,1187,12,204,152,1,-1,-1,-1
176,260,1105,194,178,149,1,-1,-1,-1
176,324,1100,130,146,99,1,-1,-1,-1
176,325,1180,12,203,153,1,-1,-1,-1
177,260,1103,189,178,150,1,-1,-1,-1
177,324,1119,130,139,97,1,-1,-1,-1
177,325,1173,12,203,154,1,-1,-1,-1
178,260,1102,186,175,150,1,-1,-1,-1
178,324,1119,129,149,95,1,-1,-1,-1
178,325,1166,12,203,156,1,-1,-1,-1
179,260,1101,181,173,149,1,-1,-1,-1
179,324,1126,126,149,97,1,-1,-1,-1
179,325,1155,12,205,157,1,-1,-1,-1
180,260,1101,179,175,147,1,-1,-1,-1
180,324,1133,127,149,95,1,-1,-1,-1
180,325,1144,13,207,159,1,-1,-1,-1
181,260,1101,175,175,151,1,-1,-1,-1
181,324,1145,114,131,96,1,-1,-1,-1
181,325,1133,13,210,160,1,-1,-1,-1
182,260,1102,174,174,150,1,-1,-1,-1
182,324,1160,115,139,101,1,-1,-1,-1
182,325,1123,14,212,162,1,-1,-1,-1
183,260,1100,171,158,131,1,-1,-1,-1
183,324,1165,115,140,101,1,-1,-1,-1
183,325,1112,14,214,164,1,-1,-1,-1
184,260,1104,168,162,136,1,-1,-1,-1
184,324,1173,114,139,101,1,-1,-1,-1
185,260,1104,163,161,139,1,-1,-1,-1
185,324,1180,113,136,99,1,-1,-1,-1
185,325,1091,15,219,167,1,-1,-1,-1
186,260,1104,158,162,144,1,-1,-1,-1
186,324,1193,112,142,99,1,-1,-1,-1
186,325,1080,16,222,169,1,-1,-1,-1
187,260,1105,153,162,146,1,-1,-1,-1
187,325,1069,17,224,170,1,-1,-1,-1
188,260,1106,150,162,144,1,-1,-1,-1
188,324,1207,111,138,95,1,-1,-1,-1
188,325,1059,17,226,172,1,-1,-1,-1
189,260,1109,148,160,144,1,-1,-1,-1
189,324,1212,111,140,89,1,-1,-1,-1
189,325,1048,18,229,173,1,-1,-1,-1
190,260,1114,146,157,143,1,-1,-1,-1
190,263,1532,676,386,347,1,-1,-1,-1
190,324,1218,110,132,87,1,-1,-1,-1
190,325,1037,18,231,175,1,-1,-1,-1
191,260,1120,145,155,142,1,-1,-1,-1
191,263,1534,666,384,352,1,-1,-1,-1
191,324,1237,108,127,90,1,-1,-1,-1
191,325,1027,19,233,177,1,-1,-1,-1
192,260,1127,144,154,141,1,-1,-1,-1
192,263,1522,659,396,330,1,-1,-1,-1
192,324,1242,106,124,90,1,-1,-1,-1
192,325,1016,19,236,178,1,-1,-1,-1
193,260,1133,143,153,140,1,-1,-1,-1
193,263,1515,650,403,329,1,-1,-1,-1
193,324,1250,106,122,90,1,-1,-1,-1
193,325,1005,20,238,180,1,-1,-1,-1
194,260,1138,142,151,138,1,-1,-1,-1
194,263,1509,639,401,327,1,-1,-1,-1
194,324,1259,106,117,90,1,-1,-1,-1
194,325,995,21,241,182,1,-1,-1,-1
195,260,1146,137,157,132,1,-1,-1,-1
195,263,1474,621,419,336,1,-1,-1,-1
195,324,1268,99,142,93,1,-1,-1,-1
195,325,981,23,242,182,1,-1,-1,-1
196,260,1150,136,159,133,1,-1,-1,-1
196,263,1467,612,408,333,1,-1,-1,-1
196,324,1273,98,139,94,1,-1,-1,-1
196,325,968,25,244,182,1,-1,-1,-1
197,260,1159,135,158,132,1,-1,-1,-1
197,263,1459,605,399,330,1,-1,-1,-1
197,324,1280,99,129,92,1,-1,-1,-1
197,325,955,27,245,182,1,-1,-1,-1
198,260,1166,134,159,129,1,-1,-1,-1
198,263,1452,601,393,330,1,-1,-1,-1
198,324,1289,99,112,92,1,-1,-1,-1
198,325,942,29,247,182,1,-1,-1,-1
199,260,1172,132,158,126,1,-1,-1,-1
199,263,1439,592,400,316,1,-1,-1,-1
199,325,929,31,248,182,1,-1,-1,-1
200,260,1182,131,159,123,1,-1,-1,-1
200,263,1439,583,387,315,1,-1,-1,-1
200,325,916,33,250,182,1,-1,-1,-1
201,260,1189,129,155,123,1,-1,-1,-1
201,263,1428,576,373,301,1,-1,-1,-1
201,325,903,35,251,182,1,-1,-1,-1
202,260,1201,125,150,125,1,-1,-1,-1
202,263,1426,568,359,295,1,-1,-1,-1
202,325,889,37,253,183,1,-1,-1,-1
203,260,1209,122,147,126,1,-1,-1,-1
203,263,1417,559,352,293,1,-1,-1,-1
203,324,1336,94,112,88,1,-1,-1,-1
203,325,876,39,254,183,1,-1,-1,-1
204,260,1221,116,158,127,1,-1,-1,-1
204,263,1410,551,347,294,1,-1,-1,-1
204,324,1337,92,116,89,1,-1,-1,-1
204,325,863,41,256,183,1,-1,-1,-1
205,260,1232,117,153,123,1,-1,-1,-1
205,263,1398,546,349,294,1,-1,-1,-1
205,324,1348,84,122,91,1,-1,-1,-1
205,325,850,43,257,183,1,-1,-1,-1
206,260,1242,116,151,123,1,-1,-1,-1
206,263,1388,538,350,286,1,-1,-1,-1
206,324,1350,84,122,89,1,-1,-1,-1
206,325,837,45,259,183,1,-1,-1,-1
207,260,1248,113,171,123,1,-1,-1,-1
207,263,1387,536,342,277,1,-1,-1,-1
207,325,824,47,260,183,1,-1,-1,-1
208,260,1257,107,163,119,1,-1,-1,-1
208,263,1373,532,327,266,1,-1,-1,-1
208,325,811,49,262,183,1,-1,-1,-1
209,260,1268,108,156,119,1,-1,-1,-1
209,263,1362,522,329,264,1,-1,-1,-1
209,325,798,51,264,184,1,-1,-1,-1
210,260,1279,106,151,118,1,-1,-1,-1
210,263,1350,512,328,264,1,-1,-1,-1
210,325,790,52,261,185,1,-1,-1,-1
211,260,1285,102,152,118,1,-1,-1,-1
211,263,1341,502,326,265,1,-1,-1,-1
211,325,782,53,259,186,1,-1,-1,-1
212,260,1300,102,156,118,1,-1,-1,-1
212,263,1335,495,320,266,1,-1,-1,-1
212,325,774,54,257,187,1,-1,-1,-1
213,260,1309,101,153,116,1,-1,-1,-1
213,263,1329,490,318,265,1,-1,-1,-1
213,325,766,55,255,188,1,-1,-1,-1
214,260,1316,99,152,115,1,-1,-1,-1
214,263,1332,484,303,248,1,-1,-1,-1
214,325,759,57,252,189,1,-1,-1,-1
215,260,1337,96,153,119,1,-1,-1,-1
215,263,1325,481,293,242,1,-1,-1,-1
215,325,751,58,250,191,1,-1,-1,-1
216,260,1343,97,150,118,1,-1,-1,-1
216,263,1325,478,285,236,1,-1,-1,-1
216,325,743,59,248,192,1,-1,-1,-1
217,260,1349,94,151,118,1,-1,-1,-1
217,263,1316,472,283,233,1,-1,-1,-1
217,325,735,60,246,193,1,-1,-1,-1
218,263,1303,466,284,232,1,-1,-1,-1
218,325,728,62,243,194,1,-1,-1,-1
219,263,1292,461,280,231,1,-1,-1,-1
219,325,720,63,241,195,1,-1,-1,-1
220,263,1287,456,270,227,1,-1,-1,-1
220,325,712,64,239,197,1,-1,-1,-1
221,263,1287,450,256,225,1,-1,-1,-1
221,325,704,65,237,198,1,-1,-1,-1
222,263,1288,441,243,226,1,-1,-1,-1
222,325,696,66,235,199,1,-1,-1,-1
223,263,1272,439,250,215,1,-1,-1,-1
223,325,689,68,232,200,1,-1,-1,-1
224,263,1267,421,251,219,1,-1,-1,-1
224,325,681,69,230,201,1,-1,-1,-1
225,263,1261,414,251,219,1,-1,-1,-1
225,324,1366,73,93,73,1,-1,-1,-1
225,325,673,70,228,202,1,-1,-1,-1
226,263,1254,405,251,218,1,-1,-1,-1
226,324,1345,71,114,75,1,-1,-1,-1
226,325,665,71,226,204,1,-1,-1,-1
227,263,1247,398,247,216,1,-1,-1,-1
227,324,1347,70,100,76,1,-1,-1,-1
227,325,658,73,223,205,1,-1,-1,-1
228,263,1240,392,247,214,1,-1,-1,-1
228,324,1318,73,114,76,1,-1,-1,-1
228,325,650,74,221,206,1,-1,-1,-1
229,263,1240,396,227,191,1,-1,-1,-1
229,324,1304,73,119,74,1,-1,-1,-1
229,325,642,75,219,207,1,-1,-1,-1
230,263,1237,389,225,193,1,-1,-1,-1
230,325,634,76,217,208,1,-1,-1,-1
231,263,1234,381,223,195,1,-1,-1,-1
231,324,1276,73,125,77,1,-1,-1,-1
231,325,627,78,215,210,1,-1,-1,-1
232,263,1231,374,221,197,1,-1,-1,-1
232,324,1245,73,139,72,1,-1,-1,-1
232,325,622,80,215,211,1,-1,-1,-1
233,263,1230,368,214,186,1,-1,-1,-1
233,324,1228,72,145,69,1,-1,-1,-1
233,325,618,83,215,212,1,-1,-1,-1
234,263,1227,359,213,193,1,-1,-1,-1
234,325,614,85,216,213,1,-1,-1,-1
235,263,1216,356,214,185,1,-1,-1,-1
235,324,1203,75,136,65,1,-1,-1,-1
235,325,610,88,216,214,1,-1,-1,-1
236,263,1213,348,213,185,1,-1,-1,-1
236,324,1185,74,133,66,1,-1,-1,-1
236,325,606,90,217,216,1,-1,-1,-1
237,263,1208,343,215,183,1,-1,-1,-1
237,324,1165,71,134,70,1,-1,-1,-1
237,325,602,93,217,217,1,-1,-1,-1
238,263,1203,335,210,175,1,-1,-1,-1
238,324,1148,72,140,66,1,-1,-1,-1
238,325,598,95,217,218,1,-1,-1,-1
239,263,1200,328,208,179,1,-1,-1,-1
239,324,1127,75,128,58,1,-1,-1,-1
239,325,594,98,218,219,1,-1,-1,-1
240,263,1198,320,206,181,1,-1,-1,-1
240,324,1106,73,147,61,1,-1,-1,-1
240,325,590,100,218,220,1,-1,-1,-1
241,263,1196,312,206,183,1,-1,-1,-1
241,324,1083,77,146,56,1,-1,-1,-1
241,325,586,103,219,222,1,-1,-1,-1
242,263,1195,307,203,183,1,-1,-1,-1
242,324,1064,77,143,56,1,-1,-1,-1
242,325,581,106,219,223,1,-1,-1,-1
243,263,1190,310,194,171,1,-1,-1,-1
243,324,1046,77,140,55,1,-1,-1,-1
243,325,577,108,219,224,1,-1,-1,-1
244,263,1188,301,189,171,1,-1,-1,-1
244,324,1026,78,139,57,1,-1,-1,-1
244,325,573,111,220,225,1,-1,-1,-1
245,263,1183,295,192,175,1,-1,-1,-1
245,324,1012,76,136,59,1,-1,-1,-1
245,325,569,113,220,226,1,-1,-1,-1
246,263,1179,289,193,175,1,-1,-1,-1
246,324,991,79,142,57,1,-1,-1,-1
246,325,565,116,221,228,1,-1,-1,-1
247,263,1175,284,194,173,1,-1,-1,-1
247,324,975,81,132,57,1,-1,-1,-1
247,325,561,118,221,229,1,-1,-1,-1
248,263,1171,280,195,170,1,-1,-1,-1
248,325,557,121,221,230,1,-1,-1,-1
249,263,1168,276,193,169,1,-1,-1,-1
249,325,553,123,222,231,1,-1,-1,-1
250,263,1172,272,180,158,1,-1,-1,-1
250,325,549,126,222,232,1,-1,-1,-1
251,263,1169,266,182,163,1,-1,-1,-1
251,325,545,129,223,234,1,-1,-1,-1
252,263,1167,260,185,165,1,-1,-1,-1
252,325,541,130,225,237,1,-1,-1,-1
253,263,1155,257,187,157,1,-1,-1,-1
253,264,1002,755,484,323,1,-1,-1,-1
253,325,537,132,227,240,1,-1,-1,-1
254,263,1152,253,188,155,1,-1,-1,-1
254,264,1017,747,466,331,1,-1,-1,-1
254,325,534,134,229,243,1,-1,-1,-1
255,263,1149,249,189,154,1,-1,-1,-1
255,264,1041,726,437,348,1,-1,-1,-1
255,325,530,136,231,247,1,-1,-1,-1
256,263,1147,247,187,152,1,-1,-1,-1
256,264,1054,724,424,343,1,-1,-1,-1
256,325,527,138,233,250,1,-1,-1,-1
257,263,1150,238,174,150,1,-1,-1,-1
257,264,1052,727,427,318,1,-1,-1,-1
257,325,523,140,235,253,1,-1,-1,-1
258,263,1147,235,174,152,1,-1,-1,-1
258,264,1060,716,413,314,1,-1,-1,-1
258,325,520,142,237,257,1,-1,-1,-1
259,263,1144,232,174,150,1,-1,-1,-1
259,264,1065,703,402,309,1,-1,-1,-1
259,325,516,144,239,260,1,-1,-1,-1
260,263,1141,228,173,148,1,-1,-1,-1
260,264,1066,695,398,307,1,-1,-1,-1
260,325,513,146,241,263,1,-1,-1,-1
261,263,1138,223,172,146,1,-1,-1,-1
261,264,1057,675,411,307,1,-1,-1,-1
261,325,509,148,243,267,1,-1,-1,-1
262,263,1129,221,168,142,1,-1,-1,-1
262,264,1063,669,396,307,1,-1,-1,-1
262,325,506,150,245,270,1,-1,-1,-1
263,263,1127,219,169,142,1,-1,-1,-1
263,264,1057,665,385,297,1,-1,-1,-1
263,325,502,152,248,273,1,-1,-1,-1
264,263,1124,216,170,142,1,-1,-1,-1
264,264,1057,657,378,287,1,-1,-1,-1
264,325,499,154,250,276,1,-1,-1,-1
264,326,1356,48,136,98,1,-1,-1,-1
265,263,1125,206,163,142,1,-1,-1,-1
265,264,1058,647,366,281,1,-1,-1,-1
265,325,495,156,252,280,1,-1,-1,-1
265,326,1347,49,135,98,1,-1,-1,-1
266,263,1122,204,163,144,1,-1,-1,-1
266,264,1055,639,362,276,1,-1,-1,-1
266,325,492,158,254,283,1,-1,-1,-1
266,326,1339,50,135,98,1,-1,-1,-1
267,263,1120,201,163,143,1,-1,-1,-1
267,264,1053,634,358,270,1,-1,-1,-1
267,325,488,160,256,286,1,-1,-1,-1
267,326,1330,51,135,98,1,-1,-1,-1
268,263,1119,199,162,140,1,-1,-1,-1
268,264,1052,618,356,274,1,-1,-1,-1
268,325,485,162,258,290,1,-1,-1,-1
268,326,1322,52,135,98,1,-1,-1,-1
269,263,1117,194,163,138,1,-1,-1,-1
269,264,1053,615,346,269,1,-1,-1,-1
269,325,481,164,260,293,1,-1,-1,-1
269,326,1314,53,135,98,1,-1,-1,-1
270,263,1115,190,161,138,1,-1,-1,-1
270,264,1053,608,338,262,1,-1,-1,-1
270,325,478,166,262,296,1,-1,-1,-1
270,326,1305,55,134,98,1,-1,-1,-1
271,263,1112,186,160,139,1,-1,-1,-1
271,264,1052,600,330,255,1,-1,-1,-1
271,325,474,168,264,300,1,-1,-1,-1
271,326,1297,56,134,98,1,-1,-1,-1
272,263,1111,183,157,139,1,-1,-1,-1
272,264,1048,592,326,248,1,-1,-1,-1
272,325,471,170,266,303,1,-1,-1,-1
272,326,1288,57,134,98,1,-1,-1,-1
273,263,1109,181,156,139,1,-1,-1,-1
273,264,1044,584,323,246,1,-1,-1,-1
273,325,467,172,268,306,1,-1,-1,-1
273,326,1280,58,134,98,1,-1,-1,-1
274,263,1109,179,156,138,1,-1,-1,-1
274,264,1038,577,324,245,1,-1,-1,-1
274,325,464,174,271,310,1,-1,-1,-1
274,326,1272,59,134,98,1,-1,-1,-1
275,263,1110,175,149,131,1,-1,-1,-1
275,264,1033,572,322,244,1,-1,-1,-1
275,325,458,178,274,311,1,-1,-1,-1
275,326,1263,60,133,98,1,-1,-1,-1
276,263,1110,174,150,131,1,-1,-1,-1
276,264,1031,560,315,239,1,-1,-1,-1
276,325,453,183,277,313,1,-1,-1,-1
276,326,1255,62,133,98,1,-1,-1,-1
277,263,1110,172,151,131,1,-1,-1,-1
277,264,1022,559,307,230,1,-1,-1,-1
277,325,447,188,280,315,1,-1,-1,-1
277,326,1246,63,133,98,1,-1,-1,-1
278,263,1112,167,148,131,1,-1,-1,-1
278,264,1024,553,300,225,1,-1,-1,-1
278,325,442,192,283,317,1,-1,-1,-1
278,326,1238,64,133,98,1,-1,-1,-1
279,263,1114,163,144,131,1,-1,-1,-1
279,264,1025,544,291,222,1,-1,-1,-1
279,325,437,197,287,319,1,-1,-1,-1
279,326,1230,65,133,98,1,-1,-1,-1
280,263,1117,160,141,130,1,-1,-1,-1
280,264,1025,535,284,220,1,-1,-1,-1
280,325,431,202,290,321,1,-1,-1,-1
280,326,1221,66,132,98,1,-1,-1,-1
281,263,1120,158,141,130,1,-1,-1,-1
281,264,1025,528,278,217,1,-1,-1,-1
281,325,426,206,293,323,1,-1,-1,-1
281,326,1213,68,132,98,1,-1,-1,-1
282,263,1122,155,144,132,1,-1,-1,-1
282,264,1026,524,275,212,1,-1,-1,-1
282,290,948,46,151,111,1,-1,-1,-1
282,325,420,211,296,325,1,-1,-1,-1
282,326,1204,69,132,98,1,-1,-1,-1
283,263,1125,152,145,134,1,-1,-1,-1
283,264,1026,521,270,208,1,-1,-1,-1
283,290,952,47,152,109,1,-1,-1,-1
283,325,415,216,300,326,1,-1,-1,-1
283,326,1202,68,123,99,1,-1,-1,-1
284,263,1126,149,147,134,1,-1,-1,-1
284,264,1025,518,266,204,1,-1,-1,-1
284,290,969,46,147,114,1,-1,-1,-1
284,325,410,220,303,328,1,-1,-1,-1
284,326,1182,74,124,97,1,-1,-1,-1
285,263,1130,149,147,131,1,-1,-1,-1
285,264,1021,501,260,212,1,-1,-1,-1
285,290,977,45,145,115,1,-1,-1,-1
285,325,404,225,306,330,1,-1,-1,-1
285,326,1172,73,132,99,1,-1,-1,-1
286,263,1134,150,149,126,1,-1,-1,-1
286,264,1018,499,256,208,1,-1,-1,-1
286,290,986,45,143,115,1,-1,-1,-1
286,325,399,230,309,332,1,-1,-1,-1
286,326,1165,74,131,99,1,-1,-1,-1
287,263,1138,151,150,121,1,-1,-1,-1
287,264,1016,492,255,208,1,-1,-1,-1
287,290,993,43,141,117,1,-1,-1,-1
287,325,393,234,313,334,1,-1,-1,-1
287,326,1149,79,120,95,1,-1,-1,-1
288,263,1152,151,146,118,1,-1,-1,-1
288,264,1014,484,257,208,1,-1,-1,-1
288,290,1010,48,133,111,1,-1,-1,-1
288,325,388,239,316,336,1,-1,-1,-1
288,326,1136,72,132,109,1,-1,-1,-1
289,263,1161,146,147,115,1,-1,-1,-1
289,264,1013,474,256,209,1,-1,-1,-1
289,290,1014,50,133,110,1,-1,-1,-1
289,325,383,244,319,338,1,-1,-1,-1
289,326,1126,73,134,109,1,-1,-1,-1
290,263,1166,143,153,119,1,-1,-1,-1
290,264,1013,466,254,207,1,-1,-1,-1
290,290,1025,57,126,102,1,-1,-1,-1
290,325,377,248,322,340,1,-1,-1,-1
290,326,1102,69,145,112,1,-1,-1,-1
291,263,1172,139,155,121,1,-1,-1,-1
291,264,1012,474,250,184,1,-1,-1,-1
291,325,372,253,326,341,1,-1,-1,-1
291,326,1095,72,147,113,1,-1,-1,-1
292,263,1181,130,160,127,1,-1,-1,-1
292,264,1015,467,246,183,1,-1,-1,-1
292,325,366,258,329,343,1,-1,-1,-1
292,326,1082,81,148,111,1,-1,-1,-1
293,263,1189,131,155,123,1,-1,-1,-1
293,264,1019,461,238,181,1,-1,-1,-1
293,325,361,262,332,345,1,-1,-1,-1
293,326,1041,66,164,117,1,-1,-1,-1
294,263,1199,131,152,120,1,-1,-1,-1
294,264,1017,457,241,177,1,-1,-1,-1
294,325,356,267,335,347,1,-1,-1,-1
294,326,1041,65,154,124,1,-1,-1,-1
295,263,1207,127,150,124,1,-1,-1,-1
295,264,1011,444,246,179,1,-1,-1,-1
295,325,350,272,339,349,1,-1,-1,-1
295,326,1027,59,149,129,1,-1,-1,-1
296,263,1213,125,147,123,1,-1,-1,-1
296,264,1017,439,238,179,1,-1,-1,-1
296,325,345,276,342,351,1,-1,-1,-1
296,326,1023,83,142,118,1,-1,-1,-1
297,263,1224,120,153,125,1,-1,-1,-1
297,264,1025,433,226,175,1,-1,-1,-1
297,325,339,281,345,353,1,-1,-1,-1
297,326,1010,85,146,116,1,-1,-1,-1
298,263,1236,121,147,122,1,-1,-1,-1
298,264,1029,426,222,175,1,-1,-1,-1
298,325,334,286,348,355,1,-1,-1,-1
298,326,984,93,149,113,1,-1,-1,-1
299,263,1246,119,146,120,1,-1,-1,-1
299,264,1038,416,219,182,1,-1,-1,-1
299,325,329,291,352,357,1,-1,-1,-1
299,326,977,91,142,117,1,-1,-1,-1
300,263,1250,118,149,118,1,-1,-1,-1
300,264,1038,408,224,178,1,-1,-1,-1
300,290,1057,61,118,107,1,-1,-1,-1
300,325,322,294,356,361,1,-1,-1,-1
300,326,951,95,148,114,1,-1,-1,-1
301,263,1265,105,147,120,1,-1,-1,-1
301,264,1044,401,218,180,1,-1,-1,-1
301,290,1057,61,118,108,1,-1,-1,-1
301,325,316,297,361,366,1,-1,-1,-1
301,326,945,100,143,112,1,-1,-1,-1
302,263,1275,105,143,120,1,-1,-1,-1
302,264,1051,398,214,172,1,-1,-1,-1
302,290,1057,61,117,111,1,-1,-1,-1
302,325,309,300,365,371,1,-1,-1,-1
302,326,933,102,144,110,1,-1,-1,-1
303,263,1283,104,145,120,1,-1,-1,-1
303,264,1057,394,213,166,1,-1,-1,-1
303,290,1054,62,118,113,1,-1,-1,-1
303,325,303,303,370,376,1,-1,-1,-1
303,326,913,105,148,109,1,-1,-1,-1
304,263,1296,100,159,124,1,-1,-1,-1
304,264,1061,392,216,162,1,-1,-1,-1
304,290,1053,64,119,112,1,-1,-1,-1
304,325,297,306,374,381,1,-1,-1,-1
304,326,905,107,144,110,1,-1,-1,-1
305,263,1303,102,155,119,1,-1,-1,-1
305,264,1064,389,219,162,1,-1,-1,-1
305,290,1052,61,116,118,1,-1,-1,-1
305,325,290,310,379,386,1,-1,-1,-1
305,326,893,107,152,109,1,-1,-1,-1
306,263,1311,103,153,115,1,-1,-1,-1
306,264,1065,376,223,163,1,-1,-1,-1
306,290,1046,63,118,119,1,-1,-1,-1
306,325,284,313,383,391,1,-1,-1,-1
306,326,872,110,145,111,1,-1,-1,-1
307,263,1316,101,152,114,1,-1,-1,-1
307,264,1079,368,220,163,1,-1,-1,-1
307,290,1046,66,117,116,1,-1,-1,-1
307,325,278,316,388,396,1,-1,-1,-1
307,326,862,112,144,110,1,-1,-1,-1
308,263,1335,95,149,121,1,-1,-1,-1
308,264,1087,363,216,159,1,-1,-1,-1
308,290,1044,70,120,112,1,-1,-1,-1
308,325,271,319,392,401,1,-1,-1,-1
308,326,839,111,148,112,1,-1,-1,-1
309,263,1341,96,146,118,1,-1,-1,-1
309,264,1096,359,215,156,1,-1,-1,-1
309,290,1040,72,124,112,1,-1,-1,-1
309,325,265,322,397,406,1,-1,-1,-1
309,326,830,114,146,119,1,-1,-1,-1
310,263,1348,90,146,126,1,-1,-1,-1
310,264,1099,339,225,173,1,-1,-1,-1
310,290,1033,66,131,119,1,-1,-1,-1
310,325,259,326,402,411,1,-1,-1,-1
310,326,810,111,158,119,1,-1,-1,-1
