1,271,1272,179,197,167,1,-1,-1,-1
1,273,1002,217,280,259,1,-1,-1,-1
1,275,1437,442,306,252,1,-1,-1,-1
1,279,506,765,364,304,1,-1,-1,-1
1,283,194,572,286,237,1,-1,-1,-1
1,284,351,309,263,238,1,-1,-1,-1
1,287,1382,86,308,130,1,-1,-1,-1
1,288,537,50,186,137,1,-1,-1,-1
2,271,1273,182,198,178,1,-1,-1,-1
2,273,1031,226,259,268,1,-1,-1,-1
2,275,1456,452,298,253,1,-1,-1,-1
2,279,503,760,388,318,1,-1,-1,-1
2,283,221,578,269,234,1,-1,-1,-1
2,284,382,331,237,235,1,-1,-1,-1
2,288,540,63,182,134,1,-1,-1,-1
3,271,1272,180,198,179,1,-1,-1,-1
3,273,1031,221,256,271,1,-1,-1,-1
3,275,1449,447,299,250,1,-1,-1,-1
3,279,495,774,396,304,1,-1,-1,-1
3,283,213,582,272,237,1,-1,-1,-1
3,284,378,334,238,237,1,-1,-1,-1
3,288,545,73,177,130,1,-1,-1,-1
4,271,1272,181,198,175,1,-1,-1,-1
4,273,1047,216,224,281,1,-1,-1,-1
4,275,1442,443,300,247,1,-1,-1,-1
4,279,486,792,404,286,1,-1,-1,-1
4,283,201,589,280,238,1,-1,-1,-1
4,284,374,336,239,239,1,-1,-1,-1
4,288,545,73,177,131,1,-1,-1,-1
5,271,1272,179,197,175,1,-1,-1,-1
5,273,1047,215,225,281,1,-1,-1,-1
5,275,1438,436,300,248,1,-1,-1,-1
5,283,189,597,287,240,1,-1,-1,-1
5,284,370,337,240,242,1,-1,-1,-1
5,288,547,73,177,131,1,-1,-1,-1
6,271,1272,178,197,174,1,-1,-1,-1
6,273,1046,213,225,282,1,-1,-1,-1
6,275,1432,426,303,254,1,-1,-1,-1
6,283,180,604,290,243,1,-1,-1,-1
6,284,362,359,243,225,1,-1,-1,-1
6,288,549,75,176,130,1,-1,-1,-1
7,271,1272,177,197,175,1,-1,-1,-1
7,273,1044,211,226,283,1,-1,-1,-1
7,275,1430,418,297,260,1,-1,-1,-1
7,283,171,610,293,246,1,-1,-1,-1
7,284,354,363,241,224,1,-1,-1,-1
7,288,553,76,170,130,1,-1,-1,-1
8,271,1262,177,199,171,1,-1,-1,-1
8,273,1043,210,227,282,1,-1,-1,-1
8,275,1428,415,290,260,1,-1,-1,-1
8,283,163,616,293,253,1,-1,-1,-1
8,284,346,369,242,224,1,-1,-1,-1
8,288,557,76,165,132,1,-1,-1,-1
9,271,1263,173,196,174,1,-1,-1,-1
9,273,1042,210,226,282,1,-1,-1,-1
9,275,1429,407,277,257,1,-1,-1,-1
9,283,155,620,296,259,1,-1,-1,-1
9,284,342,372,242,227,1,-1,-1,-1
9,288,560,76,162,133,1,-1,-1,-1
10,271,1263,172,196,175,1,-1,-1,-1
10,273,1043,210,224,280,1,-1,-1,-1
10,275,1428,407,277,252,1,-1,-1,-1
10,283,138,624,302,261,1,-1,-1,-1
10,284,338,375,243,232,1,-1,-1,-1
10,288,562,78,160,132,1,-1,-1,-1
11,271,1264,170,194,177,1,-1,-1,-1
11,273,1027,212,255,274,1,-1,-1,-1
11,275,1427,408,276,244,1,-1,-1,-1
11,283,134,641,306,262,1,-1,-1,-1
11,284,336,378,245,236,1,-1,-1,-1
11,288,563,79,159,132,1,-1,-1,-1
12,271,1264,170,195,176,1,-1,-1,-1
12,273,1026,211,259,273,1,-1,-1,-1
12,275,1425,407,275,237,1,-1,-1,-1
12,283,128,650,303,261,1,-1,-1,-1
12,284,333,382,248,238,1,-1,-1,-1
12,288,565,82,157,130,1,-1,-1,-1
13,271,1265,170,194,173,1,-1,-1,-1
13,273,1025,209,262,276,1,-1,-1,-1
13,275,1423,405,272,231,1,-1,-1,-1
13,283,117,660,306,262,1,-1,-1,-1
13,284,329,386,250,239,1,-1,-1,-1
13,288,565,83,156,130,1,-1,-1,-1
14,271,1264,171,194,170,1,-1,-1,-1
14,273,1027,207,262,277,1,-1,-1,-1
14,275,1423,399,267,231,1,-1,-1,-1
14,283,102,667,316,267,1,-1,-1,-1
14,284,325,389,253,242,1,-1,-1,-1
14,288,566,84,155,130,1,-1,-1,-1
15,271,1264,172,193,167,1,-1,-1,-1
15,273,1028,208,258,275,1,-1,-1,-1
15,275,1415,393,262,230,1,-1,-1,-1
15,283,89,675,323,269,1,-1,-1,-1
15,284,323,394,254,243,1,-1,-1,-1
15,288,566,85,155,131,1,-1,-1,-1
16,271,1263,173,194,165,1,-1,-1,-1
16,273,1028,209,254,270,1,-1,-1,-1
16,275,1416,387,257,230,1,-1,-1,-1
16,283,78,683,325,274,1,-1,-1,-1
16,284,306,402,261,241,1,-1,-1,-1
16,288,565,87,157,131,1,-1,-1,-1
17,271,1263,172,195,166,1,-1,-1,-1
17,273,1027,210,253,268,1,-1,-1,-1
17,275,1414,382,256,229,1,-1,-1,-1
17,283,70,687,325,278,1,-1,-1,-1
17,284,303,405,261,246,1,-1,-1,-1
17,288,564,90,159,133,1,-1,-1,-1
18,271,1261,173,196,164,1,-1,-1,-1
18,273,1025,211,255,264,1,-1,-1,-1
18,275,1411,377,255,228,1,-1,-1,-1
18,283,41,699,345,292,1,-1,-1,-1
18,284,298,404,264,254,1,-1,-1,-1
18,288,562,92,160,134,1,-1,-1,-1
19,271,1260,171,198,163,1,-1,-1,-1
19,273,1025,211,257,264,1,-1,-1,-1
19,275,1408,374,254,225,1,-1,-1,-1
19,283,37,709,343,291,1,-1,-1,-1
19,284,298,417,259,261,1,-1,-1,-1
19,288,562,94,161,136,1,-1,-1,-1
20,271,1260,172,197,162,1,-1,-1,-1
20,273,1024,210,257,263,1,-1,-1,-1
20,275,1405,370,253,223,1,-1,-1,-1
20,283,28,721,344,289,1,-1,-1,-1
20,284,295,424,259,260,1,-1,-1,-1
20,288,561,95,161,135,1,-1,-1,-1
21,271,1259,169,199,165,1,-1,-1,-1
21,273,1022,209,256,265,1,-1,-1,-1
21,275,1402,367,252,222,1,-1,-1,-1
21,283,16,734,351,291,1,-1,-1,-1
21,284,290,432,260,257,1,-1,-1,-1
21,288,561,97,160,135,1,-1,-1,-1
22,271,1257,167,199,167,1,-1,-1,-1
22,273,1021,209,255,264,1,-1,-1,-1
22,275,1398,364,252,222,1,-1,-1,-1
22,283,5,743,354,297,1,-1,-1,-1
22,284,283,439,265,257,1,-1,-1,-1
22,287,825,125,223,144,1,-1,-1,-1
22,288,561,98,158,136,1,-1,-1,-1
22,310,1370,84,260,170,1,-1,-1,-1
23,271,1256,165,201,168,1,-1,-1,-1
23,273,1021,208,256,265,1,-1,-1,-1
23,275,1394,361,251,223,1,-1,-1,-1
23,283,0,748,356,305,1,-1,-1,-1
23,284,274,443,270,259,1,-1,-1,-1
23,287,808,129,213,146,1,-1,-1,-1
23,288,560,99,156,135,1,-1,-1,-1
23,310,1375,83,264,171,1,-1,-1,-1
24,271,1255,166,202,166,1,-1,-1,-1
24,273,1022,206,256,266,1,-1,-1,-1
24,275,1389,347,247,228,1,-1,-1,-1
24,283,0,766,351,309,1,-1,-1,-1
24,284,265,447,277,263,1,-1,-1,-1
24,287,801,128,209,149,1,-1,-1,-1
24,288,556,104,162,140,1,-1,-1,-1
24,310,1381,83,268,172,1,-1,-1,-1
25,271,1255,166,201,166,1,-1,-1,-1
25,273,1022,204,256,267,1,-1,-1,-1
25,275,1386,344,243,229,1,-1,-1,-1
25,283,0,773,348,305,1,-1,-1,-1
25,284,259,454,279,266,1,-1,-1,-1
25,287,791,141,207,140,1,-1,-1,-1
25,288,554,107,165,138,1,-1,-1,-1
25,310,1401,81,272,171,1,-1,-1,-1
26,271,1256,150,197,176,1,-1,-1,-1
26,273,1021,204,256,266,1,-1,-1,-1
26,275,1384,341,241,226,1,-1,-1,-1
26,284,250,459,283,274,1,-1,-1,-1
26,287,777,146,199,139,1,-1,-1,-1
26,288,551,111,167,136,1,-1,-1,-1
26,310,1422,80,276,170,1,-1,-1,-1
27,271,1257,148,197,180,1,-1,-1,-1
27,273,1021,203,255,266,1,-1,-1,-1
27,275,1381,336,240,224,1,-1,-1,-1
27,284,241,463,287,279,1,-1,-1,-1
27,287,771,147,198,139,1,-1,-1,-1
27,288,550,115,168,134,1,-1,-1,-1
27,310,1443,78,280,169,1,-1,-1,-1
28,271,1258,147,197,182,1,-1,-1,-1
28,273,1021,201,253,267,1,-1,-1,-1
28,275,1380,332,241,222,1,-1,-1,-1
28,284,233,466,291,282,1,-1,-1,-1
28,287,765,149,192,141,1,-1,-1,-1
28,288,549,119,168,133,1,-1,-1,-1
28,310,1464,77,284,168,1,-1,-1,-1
29,271,1258,148,196,181,1,-1,-1,-1
29,273,1021,198,250,268,1,-1,-1,-1
29,275,1377,328,241,222,1,-1,-1,-1
29,284,228,482,293,280,1,-1,-1,-1
29,287,760,152,189,143,1,-1,-1,-1
29,288,549,122,167,133,1,-1,-1,-1
29,310,1485,76,288,167,1,-1,-1,-1
30,271,1257,148,196,179,1,-1,-1,-1
30,273,1021,199,249,265,1,-1,-1,-1
30,275,1377,326,239,221,1,-1,-1,-1
30,284,216,487,290,274,1,-1,-1,-1
30,287,752,156,185,146,1,-1,-1,-1
30,288,548,124,166,135,1,-1,-1,-1
30,310,1506,74,293,167,1,-1,-1,-1
31,271,1256,147,197,178,1,-1,-1,-1
31,273,1022,200,250,261,1,-1,-1,-1
31,275,1374,323,237,220,1,-1,-1,-1
31,284,214,489,284,281,1,-1,-1,-1
31,287,752,160,183,147,1,-1,-1,-1
31,288,547,126,166,137,1,-1,-1,-1
31,310,1527,73,297,166,1,-1,-1,-1
32,271,1255,146,197,177,1,-1,-1,-1
32,273,1023,202,250,258,1,-1,-1,-1
32,275,1371,320,237,219,1,-1,-1,-1
32,284,204,493,289,285,1,-1,-1,-1
32,287,750,164,182,145,1,-1,-1,-1
32,288,541,126,167,143,1,-1,-1,-1
32,310,1548,72,301,165,1,-1,-1,-1
33,271,1255,145,196,177,1,-1,-1,-1
33,273,1022,202,250,256,1,-1,-1,-1
33,275,1369,317,237,219,1,-1,-1,-1
33,284,191,497,297,293,1,-1,-1,-1
33,287,748,168,180,141,1,-1,-1,-1
33,288,541,129,165,143,1,-1,-1,-1
33,310,1569,70,305,164,1,-1,-1,-1
34,271,1254,144,195,177,1,-1,-1,-1
34,273,1020,200,250,258,1,-1,-1,-1
34,275,1367,316,234,216,1,-1,-1,-1
34,284,179,504,306,296,1,-1,-1,-1
34,287,744,182,181,137,1,-1,-1,-1
34,288,541,132,164,141,1,-1,-1,-1
34,310,1590,69,309,163,1,-1,-1,-1
35,271,1254,143,194,177,1,-1,-1,-1
35,273,1019,198,250,259,1,-1,-1,-1
35,275,1367,316,231,212,1,-1,-1,-1
35,284,168,507,312,306,1,-1,-1,-1
35,287,744,183,179,140,1,-1,-1,-1
35,288,539,133,164,141,1,-1,-1,-1
35,310,1611,68,308,163,1,-1,-1,-1
36,271,1254,142,192,178,1,-1,-1,-1
36,273,1018,195,250,263,1,-1,-1,-1
36,275,1356,309,231,212,1,-1,-1,-1
36,284,161,513,312,311,1,-1,-1,-1
36,287,742,184,178,143,1,-1,-1,-1
36,288,535,140,173,144,1,-1,-1,-1
37,271,1255,142,191,178,1,-1,-1,-1
37,273,1016,195,252,263,1,-1,-1,-1
37,275,1357,305,228,213,1,-1,-1,-1
37,284,155,517,310,317,1,-1,-1,-1
37,287,741,187,178,146,1,-1,-1,-1
37,288,535,142,172,146,1,-1,-1,-1
38,271,1255,141,190,178,1,-1,-1,-1
38,273,1015,194,253,264,1,-1,-1,-1
38,275,1357,300,227,214,1,-1,-1,-1
38,284,151,523,308,314,1,-1,-1,-1
38,287,741,191,178,149,1,-1,-1,-1
38,288,534,144,172,147,1,-1,-1,-1
39,271,1255,142,190,176,1,-1,-1,-1
39,273,1016,194,253,263,1,-1,-1,-1
39,275,1357,297,225,216,1,-1,-1,-1
39,284,139,537,324,317,1,-1,-1,-1
39,287,740,196,177,152,1,-1,-1,-1
39,288,533,147,173,147,1,-1,-1,-1
40,271,1255,142,191,175,1,-1,-1,-1
40,273,1015,196,252,259,1,-1,-1,-1
40,275,1353,294,227,216,1,-1,-1,-1
40,284,122,542,322,317,1,-1,-1,-1
40,287,739,199,177,152,1,-1,-1,-1
40,288,530,150,174,147,1,-1,-1,-1
41,262,389,53,239,125,1,-1,-1,-1
41,271,1254,141,191,173,1,-1,-1,-1
41,273,1014,197,253,256,1,-1,-1,-1
41,275,1351,293,228,215,1,-1,-1,-1
41,284,114,546,324,323,1,-1,-1,-1
41,287,736,212,181,146,1,-1,-1,-1
41,288,528,154,174,147,1,-1,-1,-1
42,262,389,53,241,126,1,-1,-1,-1
42,271,1253,140,192,173,1,-1,-1,-1
42,273,1012,198,255,253,1,-1,-1,-1
42,275,1348,292,232,212,1,-1,-1,-1
42,284,105,553,323,327,1,-1,-1,-1
42,287,734,214,182,146,1,-1,-1,-1
42,288,525,159,174,147,1,-1,-1,-1
43,262,398,51,251,129,1,-1,-1,-1
43,271,1252,139,192,173,1,-1,-1,-1
43,273,1011,198,257,252,1,-1,-1,-1
43,275,1345,293,233,208,1,-1,-1,-1
43,284,95,559,326,333,1,-1,-1,-1
43,287,732,217,183,146,1,-1,-1,-1
43,288,525,163,173,147,1,-1,-1,-1
44,262,400,52,252,128,1,-1,-1,-1
44,271,1251,139,192,174,1,-1,-1,-1
44,273,1010,179,251,262,1,-1,-1,-1
44,275,1331,279,240,214,1,-1,-1,-1
44,284,84,565,330,344,1,-1,-1,-1
44,287,732,221,184,147,1,-1,-1,-1
44,288,524,164,172,150,1,-1,-1,-1
45,262,404,52,252,128,1,-1,-1,-1
45,271,1252,138,192,173,1,-1,-1,-1
45,273,1011,178,249,262,1,-1,-1,-1
45,275,1327,280,243,211,1,-1,-1,-1
45,284,75,571,330,352,1,-1,-1,-1
45,287,730,224,185,149,1,-1,-1,-1
45,288,521,174,174,148,1,-1,-1,-1
46,262,411,52,247,130,1,-1,-1,-1
46,271,1253,139,190,171,1,-1,-1,-1
46,273,1012,178,247,261,1,-1,-1,-1
46,275,1327,277,241,213,1,-1,-1,-1
46,284,69,575,328,357,1,-1,-1,-1
46,287,728,228,186,154,1,-1,-1,-1
46,288,520,176,175,149,1,-1,-1,-1
47,262,419,51,242,132,1,-1,-1,-1
47,271,1254,138,188,171,1,-1,-1,-1
47,273,1013,177,246,261,1,-1,-1,-1
47,275,1336,292,233,180,1,-1,-1,-1
47,284,60,598,335,345,1,-1,-1,-1
47,287,727,231,188,157,1,-1,-1,-1
47,288,519,180,174,146,1,-1,-1,-1
48,262,424,51,239,132,1,-1,-1,-1
48,271,1255,137,188,173,1,-1,-1,-1
48,273,1013,177,247,260,1,-1,-1,-1
48,275,1339,288,228,182,1,-1,-1,-1
48,284,37,605,341,346,1,-1,-1,-1
48,287,724,247,194,150,1,-1,-1,-1
48,288,518,184,175,145,1,-1,-1,-1
49,262,448,51,232,133,1,-1,-1,-1
49,271,1254,136,191,174,1,-1,-1,-1
49,273,1013,177,247,260,1,-1,-1,-1
49,275,1340,286,224,182,1,-1,-1,-1
49,284,26,612,344,350,1,-1,-1,-1
49,287,724,250,195,149,1,-1,-1,-1
49,288,517,186,175,147,1,-1,-1,-1
50,262,445,52,239,131,1,-1,-1,-1
50,271,1252,135,196,173,1,-1,-1,-1
50,273,1013,178,248,260,1,-1,-1,-1
50,275,1339,283,222,183,1,-1,-1,-1
50,284,16,621,344,350,1,-1,-1,-1
50,287,723,255,195,146,1,-1,-1,-1
50,288,516,187,175,151,1,-1,-1,-1
51,262,445,53,240,130,1,-1,-1,-1
51,271,1251,135,200,171,1,-1,-1,-1
51,273,1012,179,248,259,1,-1,-1,-1
51,275,1339,280,218,183,1,-1,-1,-1
51,284,3,629,348,356,1,-1,-1,-1
51,287,722,258,193,148,1,-1,-1,-1
51,288,516,189,176,155,1,-1,-1,-1
52,262,450,52,237,131,1,-1,-1,-1
52,271,1250,137,201,168,1,-1,-1,-1
52,273,1012,179,248,259,1,-1,-1,-1
52,275,1337,277,219,185,1,-1,-1,-1
52,284,0,635,350,366,1,-1,-1,-1
52,287,722,260,193,152,1,-1,-1,-1
52,288,516,191,176,159,1,-1,-1,-1
53,262,457,52,232,133,1,-1,-1,-1
53,271,1250,140,200,165,1,-1,-1,-1
53,273,1012,179,248,258,1,-1,-1,-1
53,275,1339,273,214,186,1,-1,-1,-1
53,284,0,639,349,373,1,-1,-1,-1
53,287,721,263,191,157,1,-1,-1,-1
53,288,514,194,176,160,1,-1,-1,-1
54,262,463,52,227,136,1,-1,-1,-1
54,271,1250,142,199,162,1,-1,-1,-1
54,273,1012,178,247,258,1,-1,-1,-1
54,275,1325,272,220,184,1,-1,-1,-1
54,287,720,266,192,161,1,-1,-1,-1
54,288,514,197,175,158,1,-1,-1,-1
55,262,466,53,228,137,1,-1,-1,-1
55,271,1250,143,197,161,1,-1,-1,-1
55,273,1012,178,247,257,1,-1,-1,-1
55,275,1325,270,219,183,1,-1,-1,-1
55,287,719,270,193,159,1,-1,-1,-1
55,288,509,211,181,153,1,-1,-1,-1
56,262,468,53,226,137,1,-1,-1,-1
56,271,1250,143,194,161,1,-1,-1,-1
56,273,1012,178,248,256,1,-1,-1,-1
56,275,1323,268,222,184,1,-1,-1,-1
56,287,717,281,198,160,1,-1,-1,-1
56,288,508,214,183,153,1,-1,-1,-1
57,262,483,53,228,140,1,-1,-1,-1
57,271,1250,144,191,160,1,-1,-1,-1
57,273,1012,179,247,255,1,-1,-1,-1
57,275,1324,267,218,183,1,-1,-1,-1
57,287,716,283,198,162,1,-1,-1,-1
57,288,506,216,184,154,1,-1,-1,-1
58,262,481,53,232,141,1,-1,-1,-1
58,271,1249,143,190,160,1,-1,-1,-1
58,273,1012,179,248,253,1,-1,-1,-1
58,275,1324,256,213,188,1,-1,-1,-1
58,287,717,287,196,161,1,-1,-1,-1
58,288,506,217,184,155,1,-1,-1,-1
59,262,479,53,237,140,1,-1,-1,-1
59,271,1248,144,192,159,1,-1,-1,-1
59,273,1013,179,246,252,1,-1,-1,-1
59,275,1322,255,214,188,1,-1,-1,-1
59,287,717,292,195,161,1,-1,-1,-1
59,288,505,219,182,156,1,-1,-1,-1
60,262,478,53,239,140,1,-1,-1,-1
60,271,1247,144,193,158,1,-1,-1,-1
60,273,1013,179,247,252,1,-1,-1,-1
60,275,1320,253,213,190,1,-1,-1,-1
60,287,716,298,196,161,1,-1,-1,-1
60,288,505,224,181,157,1,-1,-1,-1
61,262,480,53,235,139,1,-1,-1,-1
61,271,1246,143,193,159,1,-1,-1,-1
61,273,1014,178,245,252,1,-1,-1,-1
61,275,1319,251,213,190,1,-1,-1,-1
61,287,714,303,202,162,1,-1,-1,-1
61,288,504,226,182,160,1,-1,-1,-1
62,262,483,54,232,139,1,-1,-1,-1
62,271,1246,141,190,161,1,-1,-1,-1
62,273,1014,178,245,253,1,-1,-1,-1
62,275,1320,249,208,190,1,-1,-1,-1
62,287,712,308,207,158,1,-1,-1,-1
62,288,502,229,184,162,1,-1,-1,-1
62,311,1382,95,230,157,1,-1,-1,-1
63,262,485,54,228,138,1,-1,-1,-1
63,273,1014,178,245,253,1,-1,-1,-1
63,275,1319,248,206,186,1,-1,-1,-1
63,287,707,314,206,166,1,-1,-1,-1
63,288,500,230,187,162,1,-1,-1,-1
63,311,1401,94,234,155,1,-1,-1,-1
64,262,486,55,227,138,1,-1,-1,-1
64,273,1013,177,245,253,1,-1,-1,-1
64,275,1317,245,205,184,1,-1,-1,-1
64,287,707,317,205,167,1,-1,-1,-1
64,288,499,245,189,157,1,-1,-1,-1
64,311,1421,93,237,152,1,-1,-1,-1
65,262,487,54,226,139,1,-1,-1,-1
65,273,1013,177,245,254,1,-1,-1,-1
65,275,1315,243,204,181,1,-1,-1,-1
65,287,709,321,202,167,1,-1,-1,-1
65,288,499,247,189,158,1,-1,-1,-1
65,311,1440,92,241,150,1,-1,-1,-1
66,262,489,54,225,139,1,-1,-1,-1
66,273,1013,177,245,254,1,-1,-1,-1
66,275,1312,239,205,180,1,-1,-1,-1
66,287,708,325,202,172,1,-1,-1,-1
66,288,494,250,187,159,1,-1,-1,-1
66,311,1459,91,244,147,1,-1,-1,-1
67,262,490,55,225,139,1,-1,-1,-1
67,273,1013,176,245,254,1,-1,-1,-1
67,275,1310,237,204,180,1,-1,-1,-1
67,287,707,329,203,176,1,-1,-1,-1
67,288,492,253,189,160,1,-1,-1,-1
67,311,1479,90,248,145,1,-1,-1,-1
68,262,491,54,223,140,1,-1,-1,-1
68,273,1012,176,245,254,1,-1,-1,-1
68,275,1308,234,205,180,1,-1,-1,-1
68,287,705,333,206,178,1,-1,-1,-1
68,288,488,257,190,162,1,-1,-1,-1
68,311,1507,87,252,146,1,-1,-1,-1
69,262,494,54,220,140,1,-1,-1,-1
69,273,1012,176,245,255,1,-1,-1,-1
69,275,1308,234,202,176,1,-1,-1,-1
69,287,706,336,205,177,1,-1,-1,-1
69,288,484,260,193,165,1,-1,-1,-1
69,311,1536,85,257,147,1,-1,-1,-1
70,262,497,54,216,141,1,-1,-1,-1
70,273,1012,175,245,255,1,-1,-1,-1
70,275,1312,225,195,173,1,-1,-1,-1
70,287,706,346,205,175,1,-1,-1,-1
70,288,481,263,193,168,1,-1,-1,-1
70,311,1565,83,262,148,1,-1,-1,-1
71,262,498,54,214,140,1,-1,-1,-1
71,273,1012,175,245,255,1,-1,-1,-1
71,275,1312,224,194,173,1,-1,-1,-1
71,287,705,347,207,178,1,-1,-1,-1
71,288,478,265,192,170,1,-1,-1,-1
71,311,1594,81,266,149,1,-1,-1,-1
72,260,1545,573,373,340,1,-1,-1,-1
72,262,497,54,217,140,1,-1,-1,-1
72,273,1011,174,245,256,1,-1,-1,-1
72,275,1296,224,201,174,1,-1,-1,-1
72,287,701,352,213,178,1,-1,-1,-1
72,288,473,281,196,160,1,-1,-1,-1
72,311,1623,79,271,150,1,-1,-1,-1
73,260,1533,565,385,338,1,-1,-1,-1
73,262,497,54,219,140,1,-1,-1,-1
73,273,1011,174,245,256,1,-1,-1,-1
73,275,1296,221,200,174,1,-1,-1,-1
73,287,699,358,218,178,1,-1,-1,-1
73,288,469,283,199,160,1,-1,-1,-1
73,311,1652,77,267,151,1,-1,-1,-1
74,260,1526,553,390,341,1,-1,-1,-1
74,262,495,53,221,141,1,-1,-1,-1
74,273,1011,174,245,256,1,-1,-1,-1
74,275,1297,218,197,174,1,-1,-1,-1
74,287,698,364,221,179,1,-1,-1,-1
74,288,464,285,202,161,1,-1,-1,-1
75,260,1515,541,398,342,1,-1,-1,-1
75,262,494,52,222,141,1,-1,-1,-1
75,273,1011,173,245,257,1,-1,-1,-1
75,275,1296,215,197,172,1,-1,-1,-1
75,287,696,368,224,180,1,-1,-1,-1
75,288,460,286,201,164,1,-1,-1,-1
76,260,1509,531,400,343,1,-1,-1,-1
76,262,492,52,225,142,1,-1,-1,-1
76,273,1010,173,245,257,1,-1,-1,-1
76,275,1294,213,198,169,1,-1,-1,-1
76,287,695,372,226,177,1,-1,-1,-1
76,288,458,289,200,169,1,-1,-1,-1
77,260,1492,528,393,335,1,-1,-1,-1
77,262,493,52,224,142,1,-1,-1,-1
77,273,1010,173,245,257,1,-1,-1,-1
77,275,1292,212,200,166,1,-1,-1,-1
77,287,698,381,221,181,1,-1,-1,-1
77,288,457,293,199,171,1,-1,-1,-1
78,260,1493,511,373,331,1,-1,-1,-1
78,262,496,52,218,143,1,-1,-1,-1
78,273,1010,172,245,257,1,-1,-1,-1
78,275,1292,211,199,164,1,-1,-1,-1
78,287,697,385,222,181,1,-1,-1,-1
78,288,452,297,194,172,1,-1,-1,-1
78,306,898,22,242,162,1,-1,-1,-1
79,260,1488,504,365,326,1,-1,-1,-1
79,262,500,51,211,144,1,-1,-1,-1
79,273,1010,172,245,258,1,-1,-1,-1
79,275,1291,210,199,164,1,-1,-1,-1
79,287,696,390,225,182,1,-1,-1,-1
79,288,450,298,195,174,1,-1,-1,-1
79,306,881,20,246,160,1,-1,-1,-1
80,260,1478,497,363,320,1,-1,-1,-1
80,262,502,51,208,144,1,-1,-1,-1
80,273,1009,172,245,258,1,-1,-1,-1
80,275,1289,208,200,164,1,-1,-1,-1
80,287,693,397,230,183,1,-1,-1,-1
80,288,446,300,197,173,1,-1,-1,-1
80,306,864,18,250,159,1,-1,-1,-1
81,260,1469,484,360,320,1,-1,-1,-1
81,262,502,51,207,145,1,-1,-1,-1
81,273,1009,171,245,258,1,-1,-1,-1
81,275,1287,207,200,164,1,-1,-1,-1
81,287,690,402,236,185,1,-1,-1,-1
81,288,439,315,203,166,1,-1,-1,-1
81,306,847,16,255,158,1,-1,-1,-1
82,260,1460,473,361,321,1,-1,-1,-1
82,262,502,51,206,145,1,-1,-1,-1
82,273,1009,171,245,259,1,-1,-1,-1
82,275,1286,207,201,162,1,-1,-1,-1
82,287,686,399,241,204,1,-1,-1,-1
82,288,437,318,201,165,1,-1,-1,-1
82,306,815,14,259,158,1,-1,-1,-1
83,260,1455,464,358,320,1,-1,-1,-1
83,262,502,51,206,146,1,-1,-1,-1
83,273,1009,171,245,259,1,-1,-1,-1
83,275,1284,205,200,164,1,-1,-1,-1
83,287,684,405,245,207,1,-1,-1,-1
83,288,433,321,200,164,1,-1,-1,-1
83,306,784,13,264,158,1,-1,-1,-1
84,260,1441,466,359,310,1,-1,-1,-1
84,262,503,51,206,145,1,-1,-1,-1
84,273,1008,170,245,259,1,-1,-1,-1
84,275,1284,203,197,165,1,-1,-1,-1
84,287,680,409,250,212,1,-1,-1,-1
84,288,428,322,200,171,1,-1,-1,-1
84,306,753,12,268,158,1,-1,-1,-1
85,260,1441,447,349,323,1,-1,-1,-1
85,262,503,52,205,144,1,-1,-1,-1
85,273,1008,170,245,259,1,-1,-1,-1
85,275,1284,191,196,173,1,-1,-1,-1
85,287,676,416,255,212,1,-1,-1,-1
85,288,424,325,201,178,1,-1,-1,-1
85,306,722,11,273,158,1,-1,-1,-1
86,260,1438,443,347,323,1,-1,-1,-1
86,262,503,53,205,144,1,-1,-1,-1
86,273,1008,170,245,260,1,-1,-1,-1
86,275,1282,190,198,174,1,-1,-1,-1
86,287,674,422,258,212,1,-1,-1,-1
86,288,419,328,204,183,1,-1,-1,-1
86,306,691,9,277,158,1,-1,-1,-1
87,260,1431,439,343,314,1,-1,-1,-1
87,262,503,54,208,142,1,-1,-1,-1
87,273,1008,169,245,260,1,-1,-1,-1
87,275,1281,188,198,175,1,-1,-1,-1
87,287,672,428,259,209,1,-1,-1,-1
87,288,411,334,203,179,1,-1,-1,-1
87,306,660,8,282,158,1,-1,-1,-1
88,260,1426,434,335,307,1,-1,-1,-1
88,262,502,54,209,140,1,-1,-1,-1
88,273,1007,169,245,260,1,-1,-1,-1
88,275,1280,187,198,175,1,-1,-1,-1
88,287,678,443,251,205,1,-1,-1,-1
88,288,407,346,210,173,1,-1,-1,-1
88,306,628,7,286,158,1,-1,-1,-1
89,260,1419,428,327,298,1,-1,-1,-1
89,262,504,54,208,140,1,-1,-1,-1
89,273,1007,169,245,261,1,-1,-1,-1
89,275,1279,186,197,174,1,-1,-1,-1
89,287,676,445,251,209,1,-1,-1,-1
89,288,405,346,209,175,1,-1,-1,-1
90,260,1415,419,320,297,1,-1,-1,-1
90,262,506,53,204,141,1,-1,-1,-1
90,273,1007,168,245,261,1,-1,-1,-1
90,275,1277,185,199,173,1,-1,-1,-1
90,287,672,452,254,212,1,-1,-1,-1
90,288,402,348,209,178,1,-1,-1,-1
91,260,1410,412,315,294,1,-1,-1,-1
91,262,508,52,202,141,1,-1,-1,-1
91,273,1007,168,245,261,1,-1,-1,-1
91,275,1275,183,199,174,1,-1,-1,-1
91,287,667,458,260,216,1,-1,-1,-1
91,288,398,352,209,176,1,-1,-1,-1
92,260,1404,406,317,292,1,-1,-1,-1
92,262,509,54,200,139,1,-1,-1,-1
92,273,1007,168,246,262,1,-1,-1,-1
92,275,1273,180,200,175,1,-1,-1,-1
92,287,660,464,266,221,1,-1,-1,-1
92,288,392,355,212,179,1,-1,-1,-1
93,260,1386,406,320,280,1,-1,-1,-1
93,262,512,59,197,135,1,-1,-1,-1
93,273,1007,167,245,261,1,-1,-1,-1
93,275,1272,178,200,175,1,-1,-1,-1
93,287,655,469,271,226,1,-1,-1,-1
93,288,385,360,217,179,1,-1,-1,-1
94,260,1386,390,316,287,1,-1,-1,-1
94,262,514,63,195,132,1,-1,-1,-1
94,273,1007,167,245,261,1,-1,-1,-1
94,275,1273,177,200,173,1,-1,-1,-1
94,287,653,475,271,229,1,-1,-1,-1
94,288,379,363,221,183,1,-1,-1,-1
95,260,1388,391,310,279,1,-1,-1,-1
95,262,518,62,193,133,1,-1,-1,-1
95,273,1007,166,245,260,1,-1,-1,-1
95,275,1272,176,201,171,1,-1,-1,-1
95,287,652,482,270,230,1,-1,-1,-1
95,288,376,368,222,182,1,-1,-1,-1
96,260,1386,390,307,271,1,-1,-1,-1
96,262,524,61,189,134,1,-1,-1,-1
96,273,1007,166,244,260,1,-1,-1,-1
96,275,1272,174,200,171,1,-1,-1,-1
96,287,648,488,271,231,1,-1,-1,-1
96,288,374,379,224,187,1,-1,-1,-1
97,260,1384,386,302,266,1,-1,-1,-1
97,262,527,60,186,136,1,-1,-1,-1
97,273,1007,165,244,260,1,-1,-1,-1
97,275,1272,172,199,171,1,-1,-1,-1
97,287,640,491,276,234,1,-1,-1,-1
97,288,375,381,219,188,1,-1,-1,-1
98,260,1382,380,294,263,1,-1,-1,-1
98,262,530,60,183,137,1,-1,-1,-1
98,273,1007,165,244,259,1,-1,-1,-1
98,275,1273,171,197,170,1,-1,-1,-1
98,287,636,510,282,226,1,-1,-1,-1
98,288,375,384,218,193,1,-1,-1,-1
99,260,1381,374,285,261,1,-1,-1,-1
99,262,532,59,183,140,1,-1,-1,-1
99,273,1007,164,244,259,1,-1,-1,-1
99,275,1273,170,196,170,1,-1,-1,-1
99,287,632,516,289,228,1,-1,-1,-1
99,288,368,394,211,186,1,-1,-1,-1
100,260,1377,369,281,261,1,-1,-1,-1
100,262,542,58,179,144,1,-1,-1,-1
100,273,1007,164,243,258,1,-1,-1,-1
100,275,1273,169,197,170,1,-1,-1,-1
100,287,628,525,294,230,1,-1,-1,-1
100,288,360,398,219,189,1,-1,-1,-1
101,260,1372,364,280,261,1,-1,-1,-1
101,262,542,58,179,144,1,-1,-1,-1
101,273,1007,163,243,258,1,-1,-1,-1
101,275,1272,166,197,173,1,-1,-1,-1
101,287,624,534,293,233,1,-1,-1,-1
101,288,352,402,225,188,1,-1,-1,-1
102,260,1368,357,278,262,1,-1,-1,-1
102,262,543,57,181,145,1,-1,-1,-1
102,273,1007,163,243,258,1,-1,-1,-1
102,275,1262,167,199,168,1,-1,-1,-1
102,287,621,543,291,232,1,-1,-1,-1
102,288,348,414,230,188,1,-1,-1,-1
103,260,1366,351,275,262,1,-1,-1,-1
103,262,545,72,187,132,1,-1,-1,-1
103,273,1007,162,243,257,1,-1,-1,-1
103,275,1261,165,200,170,1,-1,-1,-1
103,287,618,550,289,235,1,-1,-1,-1
103,288,341,416,237,187,1,-1,-1,-1
104,260,1363,347,271,261,1,-1,-1,-1
104,262,548,72,186,132,1,-1,-1,-1
104,273,1007,162,242,257,1,-1,-1,-1
104,275,1261,165,200,170,1,-1,-1,-1
104,287,612,555,291,238,1,-1,-1,-1
104,288,335,403,243,215,1,-1,-1,-1
105,260,1355,330,272,262,1,-1,-1,-1
105,262,551,71,182,134,1,-1,-1,-1
105,273,1007,161,242,256,1,-1,-1,-1
105,275,1261,165,199,171,1,-1,-1,-1
105,287,608,557,293,245,1,-1,-1,-1
105,288,332,408,245,216,1,-1,-1,-1
106,260,1354,329,268,261,1,-1,-1,-1
106,262,556,71,179,135,1,-1,-1,-1
106,273,1007,161,242,256,1,-1,-1,-1
106,275,1261,164,198,170,1,-1,-1,-1
106,287,605,576,294,246,1,-1,-1,-1
106,288,329,412,245,217,1,-1,-1,-1
107,260,1353,327,266,259,1,-1,-1,-1
107,262,558,70,177,137,1,-1,-1,-1
107,273,1007,160,242,256,1,-1,-1,-1
107,275,1260,139,190,182,1,-1,-1,-1
107,287,600,584,298,247,1,-1,-1,-1
107,288,311,421,253,212,1,-1,-1,-1
108,260,1355,324,260,255,1,-1,-1,-1
108,262,562,71,175,137,1,-1,-1,-1
108,273,1007,160,241,255,1,-1,-1,-1
108,275,1262,141,188,180,1,-1,-1,-1
108,287,595,595,304,247,1,-1,-1,-1
108,288,309,426,253,211,1,-1,-1,-1
109,260,1354,320,258,253,1,-1,-1,-1
109,262,563,73,174,136,1,-1,-1,-1
109,273,1007,159,241,255,1,-1,-1,-1
109,275,1262,145,187,175,1,-1,-1,-1
109,287,573,607,317,246,1,-1,-1,-1
109,288,315,442,243,212,1,-1,-1,-1
110,260,1337,313,264,250,1,-1,-1,-1
110,262,564,76,174,134,1,-1,-1,-1
110,273,1007,159,241,255,1,-1,-1,-1
110,275,1262,147,186,172,1,-1,-1,-1
110,287,571,616,318,252,1,-1,-1,-1
110,288,312,445,245,215,1,-1,-1,-1
111,260,1336,309,261,246,1,-1,-1,-1
111,262,565,77,175,133,1,-1,-1,-1
111,273,1007,158,241,254,1,-1,-1,-1
111,275,1262,147,186,172,1,-1,-1,-1
111,287,564,621,327,259,1,-1,-1,-1
111,288,309,453,247,216,1,-1,-1,-1
112,260,1333,306,261,242,1,-1,-1,-1
112,262,565,78,175,134,1,-1,-1,-1
112,273,1007,158,240,254,1,-1,-1,-1
112,275,1262,144,186,176,1,-1,-1,-1
112,287,558,635,334,269,1,-1,-1,-1
112,288,305,461,249,218,1,-1,-1,-1
113,260,1329,303,260,239,1,-1,-1,-1
113,262,566,79,175,135,1,-1,-1,-1
113,273,1007,157,240,253,1,-1,-1,-1
113,275,1263,145,184,175,1,-1,-1,-1
113,287,553,642,336,270,1,-1,-1,-1
113,288,298,471,255,220,1,-1,-1,-1
114,260,1324,300,260,234,1,-1,-1,-1
114,262,565,80,174,136,1,-1,-1,-1
114,273,1007,157,240,253,1,-1,-1,-1
114,275,1264,146,183,172,1,-1,-1,-1
114,287,548,651,338,271,1,-1,-1,-1
114,288,290,476,258,222,1,-1,-1,-1
115,260,1324,296,258,231,1,-1,-1,-1
115,262,566,82,171,136,1,-1,-1,-1
115,273,1007,156,240,253,1,-1,-1,-1
115,275,1264,149,183,170,1,-1,-1,-1
115,287,544,660,341,274,1,-1,-1,-1
115,288,281,481,261,223,1,-1,-1,-1
116,260,1322,296,259,226,1,-1,-1,-1
116,262,566,83,169,137,1,-1,-1,-1
116,273,1007,156,239,252,1,-1,-1,-1
116,275,1264,145,183,173,1,-1,-1,-1
116,287,535,672,348,276,1,-1,-1,-1
116,288,271,485,266,223,1,-1,-1,-1
117,260,1319,294,259,222,1,-1,-1,-1
117,262,566,87,168,135,1,-1,-1,-1
117,273,1007,155,239,252,1,-1,-1,-1
117,275,1264,140,182,177,1,-1,-1,-1
117,287,527,680,353,283,1,-1,-1,-1
117,288,263,489,272,226,1,-1,-1,-1
118,260,1317,293,253,219,1,-1,-1,-1
118,262,566,90,168,135,1,-1,-1,-1
118,273,1007,155,239,251,1,-1,-1,-1
118,275,1264,135,180,181,1,-1,-1,-1
118,287,524,703,352,286,1,-1,-1,-1
118,288,258,509,271,225,1,-1,-1,-1
119,260,1315,291,251,218,1,-1,-1,-1
119,262,566,93,167,134,1,-1,-1,-1
119,273,1007,154,239,251,1,-1,-1,-1
119,275,1264,135,181,181,1,-1,-1,-1
119,287,518,711,355,290,1,-1,-1,-1
119,288,254,516,265,223,1,-1,-1,-1
120,260,1312,290,248,217,1,-1,-1,-1
120,262,565,95,168,137,1,-1,-1,-1
120,273,1007,154,238,251,1,-1,-1,-1
120,275,1263,134,181,181,1,-1,-1,-1
120,287,507,726,366,292,1,-1,-1,-1
120,288,249,524,264,222,1,-1,-1,-1
121,260,1303,274,252,227,1,-1,-1,-1
121,262,563,97,167,138,1,-1,-1,-1
121,273,1007,153,238,250,1,-1,-1,-1
121,275,1263,134,182,180,1,-1,-1,-1
121,287,497,738,375,299,1,-1,-1,-1
121,288,244,532,268,221,1,-1,-1,-1
122,260,1301,274,251,226,1,-1,-1,-1
122,262,560,105,166,139,1,-1,-1,-1
122,273,1007,153,238,250,1,-1,-1,-1
122,275,1262,134,182,180,1,-1,-1,-1
122,287,493,758,371,315,1,-1,-1,-1
122,288,238,538,275,224,1,-1,-1,-1
123,260,1301,272,249,227,1,-1,-1,-1
123,262,558,107,167,139,1,-1,-1,-1
123,273,1007,153,238,250,1,-1,-1,-1
123,275,1262,133,183,180,1,-1,-1,-1
123,287,484,762,382,316,1,-1,-1,-1
123,288,224,547,280,224,1,-1,-1,-1
124,260,1299,270,251,226,1,-1,-1,-1
124,262,555,110,169,137,1,-1,-1,-1
124,273,1007,152,237,250,1,-1,-1,-1
124,275,1262,133,183,180,1,-1,-1,-1
124,287,476,774,394,304,1,-1,-1,-1
124,288,218,553,286,228,1,-1,-1,-1
125,260,1296,268,254,222,1,-1,-1,-1
125,262,553,112,169,136,1,-1,-1,-1
125,273,1007,151,237,250,1,-1,-1,-1
125,275,1261,133,184,180,1,-1,-1,-1
125,288,214,557,289,232,1,-1,-1,-1
126,260,1294,265,256,219,1,-1,-1,-1
126,262,550,114,169,136,1,-1,-1,-1
126,273,1007,150,237,250,1,-1,-1,-1
126,275,1261,133,184,179,1,-1,-1,-1
126,288,207,559,293,238,1,-1,-1,-1
127,260,1292,261,253,218,1,-1,-1,-1
127,262,548,115,169,138,1,-1,-1,-1
127,273,1007,150,236,250,1,-1,-1,-1
127,275,1260,132,185,179,1,-1,-1,-1
127,288,194,567,304,251,1,-1,-1,-1
128,260,1291,257,250,218,1,-1,-1,-1
128,262,546,118,171,139,1,-1,-1,-1
128,273,1007,149,236,250,1,-1,-1,-1
128,275,1260,132,185,179,1,-1,-1,-1
128,288,189,568,304,255,1,-1,-1,-1
129,260,1289,255,247,215,1,-1,-1,-1
129,262,544,123,173,138,1,-1,-1,-1
129,273,1007,148,236,250,1,-1,-1,-1
129,275,1260,132,186,179,1,-1,-1,-1
129,288,181,575,306,254,1,-1,-1,-1
130,260,1288,254,244,210,1,-1,-1,-1
130,262,533,120,179,145,1,-1,-1,-1
130,273,1007,148,235,250,1,-1,-1,-1
130,275,1259,131,186,179,1,-1,-1,-1
130,288,176,587,308,250,1,-1,-1,-1
131,260,1290,253,236,210,1,-1,-1,-1
131,262,532,124,179,144,1,-1,-1,-1
131,273,1007,147,235,250,1,-1,-1,-1
131,275,1259,131,187,178,1,-1,-1,-1
131,288,169,596,308,252,1,-1,-1,-1
132,260,1280,249,236,211,1,-1,-1,-1
132,262,532,126,178,143,1,-1,-1,-1
132,273,1007,146,235,251,1,-1,-1,-1
132,288,162,604,308,255,1,-1,-1,-1
133,260,1281,245,232,214,1,-1,-1,-1
133,262,530,128,177,144,1,-1,-1,-1
133,273,1007,146,234,251,1,-1,-1,-1
133,288,152,610,312,263,1,-1,-1,-1
134,260,1280,240,230,215,1,-1,-1,-1
134,262,529,129,176,145,1,-1,-1,-1
134,273,1008,145,234,251,1,-1,-1,-1
134,288,143,616,318,269,1,-1,-1,-1
135,260,1281,236,228,215,1,-1,-1,-1
135,262,525,129,178,146,1,-1,-1,-1
135,273,1008,144,234,251,1,-1,-1,-1
135,278,1149,796,407,282,1,-1,-1,-1
135,288,126,621,320,268,1,-1,-1,-1
136,260,1273,238,240,200,1,-1,-1,-1
136,262,524,142,179,143,1,-1,-1,-1
136,273,1008,144,233,251,1,-1,-1,-1
136,278,1144,785,406,293,1,-1,-1,-1
136,288,118,638,323,277,1,-1,-1,-1
137,260,1274,235,238,200,1,-1,-1,-1
137,262,522,142,181,145,1,-1,-1,-1
137,273,1008,143,233,251,1,-1,-1,-1
137,278,1140,774,406,304,1,-1,-1,-1
137,288,106,649,326,273,1,-1,-1,-1
138,260,1277,234,229,198,1,-1,-1,-1
138,262,521,145,180,146,1,-1,-1,-1
138,273,1008,142,233,251,1,-1,-1,-1
138,278,1134,764,409,314,1,-1,-1,-1
138,288,93,660,332,273,1,-1,-1,-1
139,260,1278,231,225,196,1,-1,-1,-1
139,262,521,149,179,144,1,-1,-1,-1
139,273,1008,142,232,251,1,-1,-1,-1
139,278,1117,756,404,322,1,-1,-1,-1
139,288,83,669,337,276,1,-1,-1,-1
140,260,1278,229,220,196,1,-1,-1,-1
140,262,522,153,177,143,1,-1,-1,-1
140,273,1008,141,232,251,1,-1,-1,-1
140,278,1115,752,397,323,1,-1,-1,-1
140,288,74,677,337,282,1,-1,-1,-1
141,260,1277,227,218,196,1,-1,-1,-1
141,262,522,155,177,145,1,-1,-1,-1
141,273,1008,140,232,252,1,-1,-1,-1
141,278,1104,740,396,321,1,-1,-1,-1
141,288,64,682,338,290,1,-1,-1,-1
142,260,1279,213,211,185,1,-1,-1,-1
142,262,522,158,177,146,1,-1,-1,-1
142,273,1008,140,231,252,1,-1,-1,-1
142,278,1093,739,393,311,1,-1,-1,-1
142,288,28,697,367,297,1,-1,-1,-1
143,260,1278,211,211,186,1,-1,-1,-1
143,262,522,161,176,147,1,-1,-1,-1
143,273,1008,139,231,252,1,-1,-1,-1
143,278,1077,735,400,306,1,-1,-1,-1
143,288,22,707,361,295,1,-1,-1,-1
144,260,1276,208,212,186,1,-1,-1,-1
144,262,522,164,176,147,1,-1,-1,-1
144,273,1008,138,231,252,1,-1,-1,-1
144,278,1065,728,404,305,1,-1,-1,-1
144,288,11,723,359,294,1,-1,-1,-1
145,260,1275,206,212,187,1,-1,-1,-1
145,262,519,176,182,147,1,-1,-1,-1
145,273,1009,138,231,252,1,-1,-1,-1
145,278,1022,719,435,303,1,-1,-1,-1
145,288,0,735,362,299,1,-1,-1,-1
146,260,1273,203,213,188,1,-1,-1,-1
146,262,518,175,183,150,1,-1,-1,-1
146,273,1009,137,230,252,1,-1,-1,-1
146,278,998,709,443,306,1,-1,-1,-1
146,288,0,744,365,305,1,-1,-1,-1
147,260,1271,201,213,189,1,-1,-1,-1
147,262,517,177,185,151,1,-1,-1,-1
147,273,1009,136,230,252,1,-1,-1,-1
147,278,977,669,456,360,1,-1,-1,-1
148,260,1270,198,214,189,1,-1,-1,-1
148,262,517,179,186,151,1,-1,-1,-1
148,273,1009,135,230,252,1,-1,-1,-1
148,278,940,700,452,297,1,-1,-1,-1
148,299,907,32,231,151,1,-1,-1,-1
149,260,1268,196,214,190,1,-1,-1,-1
149,262,518,182,187,150,1,-1,-1,-1
149,273,1009,135,229,252,1,-1,-1,-1
149,278,908,697,476,295,1,-1,-1,-1
149,299,897,30,234,151,1,-1,-1,-1
150,260,1267,193,215,191,1,-1,-1,-1
150,262,518,184,187,150,1,-1,-1,-1
150,273,1009,134,229,253,1,-1,-1,-1
150,278,864,663,521,336,1,-1,-1,-1
150,299,887,29,238,151,1,-1,-1,-1
151,260,1265,190,216,191,1,-1,-1,-1
151,262,519,186,186,153,1,-1,-1,-1
151,273,1009,133,229,253,1,-1,-1,-1
151,278,821,662,528,330,1,-1,-1,-1
151,299,862,27,241,151,1,-1,-1,-1
152,260,1264,188,216,192,1,-1,-1,-1
152,262,520,189,185,155,1,-1,-1,-1
152,273,1009,133,228,253,1,-1,-1,-1
152,278,794,658,524,333,1,-1,-1,-1
152,299,837,25,245,152,1,-1,-1,-1
153,260,1262,185,217,193,1,-1,-1,-1
153,262,521,193,185,156,1,-1,-1,-1
153,273,1009,132,228,253,1,-1,-1,-1
153,278,735,662,534,321,1,-1,-1,-1
153,299,812,23,249,153,1,-1,-1,-1
154,260,1261,183,217,193,1,-1,-1,-1
154,262,522,197,184,156,1,-1,-1,-1
154,273,1009,131,228,253,1,-1,-1,-1
154,278,681,660,563,315,1,-1,-1,-1
154,299,788,21,253,154,1,-1,-1,-1
155,260,1259,180,218,194,1,-1,-1,-1
155,262,518,208,190,156,1,-1,-1,-1
155,273,1009,131,227,253,1,-1,-1,-1
155,278,637,659,567,310,1,-1,-1,-1
155,299,763,19,257,155,1,-1,-1,-1
156,260,1258,178,218,195,1,-1,-1,-1
156,262,519,208,191,157,1,-1,-1,-1
156,273,1010,130,227,253,1,-1,-1,-1
156,278,584,681,545,268,1,-1,-1,-1
156,299,738,17,260,156,1,-1,-1,-1
157,260,1256,175,219,195,1,-1,-1,-1
157,262,517,211,194,157,1,-1,-1,-1
157,273,1010,129,227,253,1,-1,-1,-1
157,278,518,656,597,303,1,-1,-1,-1
157,299,714,15,264,157,1,-1,-1,-1
158,260,1254,173,219,196,1,-1,-1,-1
158,262,517,214,196,157,1,-1,-1,-1
158,273,1010,129,226,253,1,-1,-1,-1
158,278,474,653,601,306,1,-1,-1,-1
158,299,689,13,268,158,1,-1,-1,-1
159,260,1253,170,220,197,1,-1,-1,-1
159,262,517,217,196,157,1,-1,-1,-1
159,273,1010,128,226,254,1,-1,-1,-1
159,278,416,650,596,305,1,-1,-1,-1
159,299,664,11,272,159,1,-1,-1,-1
160,260,1251,167,221,197,1,-1,-1,-1
160,262,517,219,197,160,1,-1,-1,-1
160,273,1010,127,226,254,1,-1,-1,-1
160,278,373,649,605,304,1,-1,-1,-1
160,299,640,10,276,160,1,-1,-1,-1
160,308,1584,68,316,140,1,-1,-1,-1
161,260,1250,165,221,198,1,-1,-1,-1
161,262,516,221,198,163,1,-1,-1,-1
161,273,1010,127,225,254,1,-1,-1,-1
161,278,330,649,605,304,1,-1,-1,-1
161,308,1564,68,314,139,1,-1,-1,-1
162,260,1248,162,222,199,1,-1,-1,-1
162,262,516,225,199,165,1,-1,-1,-1
162,273,1010,126,225,254,1,-1,-1,-1
162,278,255,650,622,305,1,-1,-1,-1
162,308,1545,69,313,139,1,-1,-1,-1
163,260,1247,160,222,199,1,-1,-1,-1
163,262,518,229,195,163,1,-1,-1,-1
163,273,1010,125,225,254,1,-1,-1,-1
163,278,212,653,631,295,1,-1,-1,-1
163,308,1526,70,311,139,1,-1,-1,-1
164,260,1245,157,223,200,1,-1,-1,-1
164,262,521,233,190,159,1,-1,-1,-1
164,273,1010,125,224,254,1,-1,-1,-1
164,278,172,655,628,297,1,-1,-1,-1
164,308,1507,70,310,138,1,-1,-1,-1
165,260,1244,155,223,201,1,-1,-1,-1
165,262,520,246,195,156,1,-1,-1,-1
165,273,1010,124,224,254,1,-1,-1,-1
165,278,107,657,627,297,1,-1,-1,-1
165,308,1488,71,308,138,1,-1,-1,-1
166,260,1242,152,224,201,1,-1,-1,-1
166,262,520,248,195,156,1,-1,-1,-1
166,273,1010,123,224,254,1,-1,-1,-1
166,278,62,664,645,289,1,-1,-1,-1
166,308,1469,72,307,138,1,-1,-1,-1
167,260,1241,150,224,202,1,-1,-1,-1
167,262,518,250,195,157,1,-1,-1,-1
167,273,1011,123,224,255,1,-1,-1,-1
167,278,19,666,646,290,1,-1,-1,-1
167,302,449,28,262,152,1,-1,-1,-1
167,308,1450,73,305,138,1,-1,-1,-1
168,260,1239,147,225,203,1,-1,-1,-1
168,262,516,253,196,159,1,-1,-1,-1
168,273,1010,122,224,254,1,-1,-1,-1
168,278,0,666,632,296,1,-1,-1,-1
168,302,454,28,254,154,1,-1,-1,-1
168,308,1431,73,304,137,1,-1,-1,-1
169,260,1238,145,226,204,1,-1,-1,-1
169,262,515,256,197,163,1,-1,-1,-1
169,273,1010,122,224,254,1,-1,-1,-1
169,302,473,27,249,158,1,-1,-1,-1
169,308,1412,74,302,137,1,-1,-1,-1
170,260,1238,143,225,203,1,-1,-1,-1
170,262,513,259,200,166,1,-1,-1,-1
170,273,1010,122,224,253,1,-1,-1,-1
170,302,472,28,251,157,1,-1,-1,-1
170,308,1393,75,301,137,1,-1,-1,-1
171,260,1238,142,224,202,1,-1,-1,-1
171,262,510,263,202,168,1,-1,-1,-1
171,273,1010,122,225,253,1,-1,-1,-1
171,302,475,30,250,155,1,-1,-1,-1
172,260,1238,141,223,202,1,-1,-1,-1
172,262,506,265,204,168,1,-1,-1,-1
172,273,1010,122,225,252,1,-1,-1,-1
172,302,474,31,253,155,1,-1,-1,-1
173,260,1238,140,222,201,1,-1,-1,-1
173,262,506,277,203,164,1,-1,-1,-1
173,273,1009,122,225,252,1,-1,-1,-1
173,302,474,32,256,156,1,-1,-1,-1
174,260,1238,138,222,201,1,-1,-1,-1
174,262,504,279,203,164,1,-1,-1,-1
174,273,1009,122,226,252,1,-1,-1,-1
174,302,474,31,257,158,1,-1,-1,-1
175,260,1238,137,221,200,1,-1,-1,-1
175,262,504,282,203,163,1,-1,-1,-1
175,273,1009,122,226,251,1,-1,-1,-1
175,281,1222,776,443,302,1,-1,-1,-1
175,302,477,31,255,159,1,-1,-1,-1
176,260,1238,136,220,200,1,-1,-1,-1
176,262,502,285,204,161,1,-1,-1,-1
176,273,1009,122,226,251,1,-1,-1,-1
176,281,1219,762,427,316,1,-1,-1,-1
176,302,482,30,253,159,1,-1,-1,-1
177,260,1238,135,219,199,1,-1,-1,-1
177,262,501,287,202,164,1,-1,-1,-1
177,273,1009,121,227,250,1,-1,-1,-1
177,281,1190,730,442,342,1,-1,-1,-1
177,302,484,30,252,159,1,-1,-1,-1
178,260,1238,133,219,199,1,-1,-1,-1
178,262,498,288,204,168,1,-1,-1,-1
178,273,1009,121,227,250,1,-1,-1,-1
178,281,1199,732,431,319,1,-1,-1,-1
178,302,487,32,251,158,1,-1,-1,-1
179,260,1238,132,218,198,1,-1,-1,-1
179,262,496,289,204,173,1,-1,-1,-1
179,273,1008,121,227,250,1,-1,-1,-1
179,281,1188,717,410,316,1,-1,-1,-1
179,302,490,33,251,158,1,-1,-1,-1
180,260,1238,131,217,198,1,-1,-1,-1
180,262,492,293,209,176,1,-1,-1,-1
180,273,1008,121,228,249,1,-1,-1,-1
180,281,1185,707,405,306,1,-1,-1,-1
180,302,489,35,255,157,1,-1,-1,-1
181,260,1238,130,216,197,1,-1,-1,-1
181,262,489,296,214,175,1,-1,-1,-1
181,273,1008,121,228,249,1,-1,-1,-1
181,281,1182,697,396,300,1,-1,-1,-1
181,302,491,34,254,159,1,-1,-1,-1
182,260,1238,129,216,197,1,-1,-1,-1
182,262,484,307,219,177,1,-1,-1,-1
182,273,1008,121,228,248,1,-1,-1,-1
182,281,1167,680,403,288,1,-1,-1,-1
182,302,522,33,229,160,1,-1,-1,-1
183,260,1237,128,216,196,1,-1,-1,-1
183,262,483,307,221,180,1,-1,-1,-1
183,273,1008,121,228,248,1,-1,-1,-1
183,281,1163,671,395,290,1,-1,-1,-1
183,302,526,34,225,162,1,-1,-1,-1
184,260,1237,127,216,196,1,-1,-1,-1
184,262,480,314,215,172,1,-1,-1,-1
184,273,1008,121,229,247,1,-1,-1,-1
184,281,1157,660,389,286,1,-1,-1,-1
184,302,532,34,217,163,1,-1,-1,-1
185,260,1237,126,216,196,1,-1,-1,-1
185,262,479,316,214,175,1,-1,-1,-1
185,273,1007,121,229,247,1,-1,-1,-1
185,281,1150,646,388,286,1,-1,-1,-1
185,302,536,35,211,164,1,-1,-1,-1
186,260,1237,125,216,196,1,-1,-1,-1
186,262,477,319,214,178,1,-1,-1,-1
186,273,1007,121,229,247,1,-1,-1,-1
186,281,1145,635,387,284,1,-1,-1,-1
186,302,541,33,205,166,1,-1,-1,-1
187,260,1237,124,216,196,1,-1,-1,-1
187,262,476,323,212,181,1,-1,-1,-1
187,273,1007,120,230,246,1,-1,-1,-1
187,281,1135,631,374,275,1,-1,-1,-1
187,302,541,33,206,167,1,-1,-1,-1
188,260,1236,123,216,196,1,-1,-1,-1
188,262,473,327,214,181,1,-1,-1,-1
188,273,1007,120,230,246,1,-1,-1,-1
188,281,1140,613,359,276,1,-1,-1,-1
188,302,543,34,204,168,1,-1,-1,-1
189,260,1236,123,216,196,1,-1,-1,-1
189,262,469,330,216,180,1,-1,-1,-1
189,273,1007,120,230,245,1,-1,-1,-1
189,281,1142,608,349,267,1,-1,-1,-1
189,302,541,33,206,171,1,-1,-1,-1
190,260,1236,122,216,196,1,-1,-1,-1
190,262,464,334,220,174,1,-1,-1,-1
190,273,1007,120,231,245,1,-1,-1,-1
190,281,1143,599,340,262,1,-1,-1,-1
190,302,542,34,205,174,1,-1,-1,-1
191,260,1236,121,216,196,1,-1,-1,-1
191,262,461,344,225,179,1,-1,-1,-1
191,273,1006,120,231,245,1,-1,-1,-1
191,281,1143,588,332,262,1,-1,-1,-1
191,302,543,35,205,175,1,-1,-1,-1
192,260,1236,120,216,196,1,-1,-1,-1
192,262,456,345,226,181,1,-1,-1,-1
192,273,1006,120,231,244,1,-1,-1,-1
192,281,1141,576,327,263,1,-1,-1,-1
192,302,545,38,204,173,1,-1,-1,-1
193,260,1235,119,216,196,1,-1,-1,-1
193,262,449,346,231,186,1,-1,-1,-1
193,273,1006,120,232,244,1,-1,-1,-1
193,281,1137,567,328,263,1,-1,-1,-1
193,302,546,41,204,170,1,-1,-1,-1
194,260,1235,118,216,196,1,-1,-1,-1
194,262,446,349,232,191,1,-1,-1,-1
194,273,1006,120,232,243,1,-1,-1,-1
194,281,1134,552,329,254,1,-1,-1,-1
194,302,546,42,206,170,1,-1,-1,-1
195,260,1235,118,217,195,1,-1,-1,-1
195,262,442,352,236,195,1,-1,-1,-1
195,273,1006,120,232,243,1,-1,-1,-1
195,281,1134,550,327,246,1,-1,-1,-1
195,302,545,42,207,172,1,-1,-1,-1
196,260,1235,117,217,195,1,-1,-1,-1
196,262,436,361,225,186,1,-1,-1,-1
196,273,1006,120,233,243,1,-1,-1,-1
196,281,1135,543,322,241,1,-1,-1,-1
196,302,546,42,206,171,1,-1,-1,-1
196,308,828,105,236,145,1,-1,-1,-1
197,260,1235,116,217,195,1,-1,-1,-1
197,262,421,349,251,219,1,-1,-1,-1
197,273,1006,119,232,242,1,-1,-1,-1
197,275,1387,93,263,163,1,-1,-1,-1
197,281,1136,534,317,240,1,-1,-1,-1
197,302,547,43,203,171,1,-1,-1,-1
197,308,817,108,239,143,1,-1,-1,-1
198,260,1234,115,217,195,1,-1,-1,-1
198,262,418,369,246,210,1,-1,-1,-1
198,273,1006,119,232,242,1,-1,-1,-1
198,275,1394,92,267,162,1,-1,-1,-1
198,281,1138,525,314,241,1,-1,-1,-1
198,302,552,57,201,162,1,-1,-1,-1
198,308,798,109,231,143,1,-1,-1,-1
199,260,1234,114,217,195,1,-1,-1,-1
199,262,410,373,252,208,1,-1,-1,-1
199,273,1006,118,231,242,1,-1,-1,-1
199,275,1401,92,272,162,1,-1,-1,-1
199,281,1140,517,313,240,1,-1,-1,-1
199,302,553,59,201,161,1,-1,-1,-1
199,308,785,113,238,141,1,-1,-1,-1
200,260,1234,113,217,195,1,-1,-1,-1
200,262,406,377,253,209,1,-1,-1,-1
200,273,1006,118,231,241,1,-1,-1,-1
200,275,1420,90,276,161,1,-1,-1,-1
200,281,1140,509,313,240,1,-1,-1,-1
200,302,553,58,201,163,1,-1,-1,-1
200,308,781,116,227,139,1,-1,-1,-1
201,260,1234,113,217,195,1,-1,-1,-1
201,262,403,383,255,207,1,-1,-1,-1
201,273,1006,118,230,241,1,-1,-1,-1
201,275,1439,88,281,161,1,-1,-1,-1
201,281,1141,504,311,236,1,-1,-1,-1
201,302,554,59,199,163,1,-1,-1,-1
201,308,755,119,230,143,1,-1,-1,-1
202,260,1234,112,217,195,1,-1,-1,-1
202,262,401,388,253,205,1,-1,-1,-1
202,273,1006,117,230,241,1,-1,-1,-1
202,275,1459,86,286,161,1,-1,-1,-1
202,281,1146,483,300,242,1,-1,-1,-1
202,302,555,60,198,164,1,-1,-1,-1
202,308,746,120,229,143,1,-1,-1,-1
203,260,1233,111,217,195,1,-1,-1,-1
203,262,400,395,252,202,1,-1,-1,-1
203,273,1006,117,230,240,1,-1,-1,-1
203,275,1478,85,291,160,1,-1,-1,-1
203,281,1154,483,292,233,1,-1,-1,-1
203,302,557,61,194,165,1,-1,-1,-1
203,308,722,124,231,150,1,-1,-1,-1
204,260,1233,110,217,195,1,-1,-1,-1
204,262,397,401,252,202,1,-1,-1,-1
204,273,1006,117,229,240,1,-1,-1,-1
204,275,1497,83,296,160,1,-1,-1,-1
204,281,1159,478,287,229,1,-1,-1,-1
204,302,556,61,194,167,1,-1,-1,-1
204,308,711,126,234,150,1,-1,-1,-1
205,260,1233,109,217,195,1,-1,-1,-1
205,262,394,406,256,202,1,-1,-1,-1
205,273,1006,116,229,240,1,-1,-1,-1
205,275,1517,81,301,160,1,-1,-1,-1
205,281,1162,472,286,227,1,-1,-1,-1
205,302,556,61,192,168,1,-1,-1,-1
205,308,711,128,219,147,1,-1,-1,-1
206,260,1233,108,217,195,1,-1,-1,-1
206,262,379,412,263,204,1,-1,-1,-1
206,273,1006,116,228,239,1,-1,-1,-1
206,275,1536,79,306,160,1,-1,-1,-1
206,281,1164,466,284,227,1,-1,-1,-1
206,302,554,63,192,169,1,-1,-1,-1
206,308,687,139,218,145,1,-1,-1,-1
207,260,1233,108,218,195,1,-1,-1,-1
207,262,375,414,265,211,1,-1,-1,-1
207,273,1006,116,228,239,1,-1,-1,-1
207,275,1555,78,311,159,1,-1,-1,-1
207,281,1167,460,282,225,1,-1,-1,-1
207,302,554,63,191,170,1,-1,-1,-1
207,308,679,140,217,145,1,-1,-1,-1
208,260,1233,107,217,194,1,-1,-1,-1
208,262,370,414,266,217,1,-1,-1,-1
208,273,1006,115,227,239,1,-1,-1,-1
208,275,1575,76,316,159,1,-1,-1,-1
208,281,1169,455,280,222,1,-1,-1,-1
208,302,554,65,191,171,1,-1,-1,-1
208,308,661,145,205,142,1,-1,-1,-1
209,260,1233,107,217,194,1,-1,-1,-1
209,262,365,417,265,220,1,-1,-1,-1
209,273,1006,115,227,239,1,-1,-1,-1
209,275,1594,74,321,159,1,-1,-1,-1
209,281,1174,451,276,215,1,-1,-1,-1
209,308,651,146,212,143,1,-1,-1,-1
210,260,1233,107,216,193,1,-1,-1,-1
210,262,360,420,265,223,1,-1,-1,-1
210,273,1006,114,227,238,1,-1,-1,-1
210,275,1614,73,305,159,1,-1,-1,-1
210,281,1177,449,272,206,1,-1,-1,-1
210,308,644,148,211,143,1,-1,-1,-1
211,260,1233,107,216,193,1,-1,-1,-1
211,262,350,440,269,213,1,-1,-1,-1
211,273,1006,114,226,238,1,-1,-1,-1
211,281,1183,447,265,200,1,-1,-1,-1
211,308,630,155,202,140,1,-1,-1,-1
212,260,1233,107,216,193,1,-1,-1,-1
212,262,344,446,266,212,1,-1,-1,-1
212,273,1006,114,226,238,1,-1,-1,-1
212,281,1186,447,262,195,1,-1,-1,-1
212,308,624,156,204,145,1,-1,-1,-1
213,260,1233,107,215,192,1,-1,-1,-1
213,262,336,453,266,211,1,-1,-1,-1
213,273,1007,113,225,237,1,-1,-1,-1
213,281,1190,425,259,211,1,-1,-1,-1
213,308,616,158,204,149,1,-1,-1,-1
214,260,1233,107,215,192,1,-1,-1,-1
214,262,331,459,268,213,1,-1,-1,-1
214,273,1007,113,225,237,1,-1,-1,-1
214,281,1192,420,258,210,1,-1,-1,-1
214,308,608,163,205,149,1,-1,-1,-1
215,260,1233,107,215,192,1,-1,-1,-1
215,262,326,465,270,216,1,-1,-1,-1
215,273,1007,113,224,237,1,-1,-1,-1
215,281,1195,415,255,207,1,-1,-1,-1
215,308,604,169,185,142,1,-1,-1,-1
216,260,1233,107,214,191,1,-1,-1,-1
216,262,321,470,273,218,1,-1,-1,-1
216,273,1007,112,224,236,1,-1,-1,-1
216,281,1199,408,250,205,1,-1,-1,-1
216,308,588,173,204,150,1,-1,-1,-1
217,260,1233,107,214,191,1,-1,-1,-1
217,262,316,476,275,219,1,-1,-1,-1
217,273,1007,112,224,236,1,-1,-1,-1
217,281,1202,402,245,202,1,-1,-1,-1
217,302,539,84,198,146,1,-1,-1,-1
217,308,583,176,203,149,1,-1,-1,-1
218,260,1233,107,213,190,1,-1,-1,-1
218,262,314,480,272,222,1,-1,-1,-1
218,273,1007,112,223,236,1,-1,-1,-1
218,281,1202,394,245,200,1,-1,-1,-1
218,302,539,88,198,146,1,-1,-1,-1
218,308,578,180,201,148,1,-1,-1,-1
219,260,1233,107,213,190,1,-1,-1,-1
219,262,299,485,277,228,1,-1,-1,-1
219,273,1007,111,223,236,1,-1,-1,-1
219,281,1208,389,251,200,1,-1,-1,-1
219,302,538,91,197,146,1,-1,-1,-1
219,308,572,185,201,146,1,-1,-1,-1
220,260,1233,107,213,190,1,-1,-1,-1
220,262,294,487,278,234,1,-1,-1,-1
220,273,1007,111,222,235,1,-1,-1,-1
220,281,1208,383,252,199,1,-1,-1,-1
220,302,538,95,197,147,1,-1,-1,-1
220,308,559,192,198,144,1,-1,-1,-1
221,260,1233,107,212,189,1,-1,-1,-1
221,262,286,502,285,231,1,-1,-1,-1
221,273,1007,110,222,235,1,-1,-1,-1
221,281,1212,378,248,198,1,-1,-1,-1
221,302,537,98,197,147,1,-1,-1,-1
221,308,555,195,197,148,1,-1,-1,-1
222,260,1233,107,212,189,1,-1,-1,-1
222,262,280,506,287,230,1,-1,-1,-1
222,273,1007,110,221,235,1,-1,-1,-1
222,281,1214,374,247,196,1,-1,-1,-1
222,302,536,102,197,147,1,-1,-1,-1
222,308,552,197,193,152,1,-1,-1,-1
223,260,1233,107,212,189,1,-1,-1,-1
223,262,273,512,293,226,1,-1,-1,-1
223,273,1007,110,221,234,1,-1,-1,-1
223,281,1222,349,238,217,1,-1,-1,-1
223,302,536,106,197,147,1,-1,-1,-1
223,308,549,200,188,152,1,-1,-1,-1
224,260,1233,107,211,188,1,-1,-1,-1
224,262,264,520,301,224,1,-1,-1,-1
224,273,1007,109,221,234,1,-1,-1,-1
224,281,1213,364,258,182,1,-1,-1,-1
224,302,535,109,197,148,1,-1,-1,-1
224,308,543,210,188,149,1,-1,-1,-1
225,260,1233,106,211,188,1,-1,-1,-1
225,262,256,527,305,224,1,-1,-1,-1
225,273,1007,109,220,234,1,-1,-1,-1
225,281,1217,356,252,183,1,-1,-1,-1
225,302,537,111,195,149,1,-1,-1,-1
225,308,540,211,188,151,1,-1,-1,-1
226,260,1233,106,210,187,1,-1,-1,-1
226,262,250,534,305,225,1,-1,-1,-1
226,273,1007,109,220,233,1,-1,-1,-1
226,281,1220,350,248,182,1,-1,-1,-1
226,302,521,119,197,142,1,-1,-1,-1
226,308,537,212,188,154,1,-1,-1,-1
227,260,1233,106,210,187,1,-1,-1,-1
227,262,243,540,303,228,1,-1,-1,-1
227,273,1007,108,219,233,1,-1,-1,-1
227,281,1222,346,245,179,1,-1,-1,-1
227,302,521,114,197,156,1,-1,-1,-1
227,308,528,219,189,148,1,-1,-1,-1
228,260,1233,106,210,187,1,-1,-1,-1
228,262,234,548,305,228,1,-1,-1,-1
228,273,1007,108,219,233,1,-1,-1,-1
228,281,1226,337,241,172,1,-1,-1,-1
228,308,525,221,189,150,1,-1,-1,-1
229,260,1233,106,209,186,1,-1,-1,-1
229,262,226,554,308,231,1,-1,-1,-1
229,273,1008,108,219,233,1,-1,-1,-1
229,281,1231,332,237,178,1,-1,-1,-1
229,308,522,223,189,153,1,-1,-1,-1
230,260,1233,106,209,186,1,-1,-1,-1
230,262,220,559,313,236,1,-1,-1,-1
230,273,1007,106,218,233,1,-1,-1,-1
230,281,1237,328,231,182,1,-1,-1,-1
230,308,519,225,189,156,1,-1,-1,-1
231,260,1233,106,209,186,1,-1,-1,-1
231,262,208,561,310,240,1,-1,-1,-1
231,273,1007,105,218,233,1,-1,-1,-1
231,281,1241,326,228,183,1,-1,-1,-1
231,302,514,117,201,163,1,-1,-1,-1
231,308,518,227,187,158,1,-1,-1,-1
232,260,1233,106,208,185,1,-1,-1,-1
232,262,209,570,305,249,1,-1,-1,-1
232,273,1007,104,218,233,1,-1,-1,-1
232,281,1245,322,222,184,1,-1,-1,-1
232,302,512,120,202,160,1,-1,-1,-1
232,308,517,231,185,157,1,-1,-1,-1
233,260,1233,106,208,185,1,-1,-1,-1
233,262,207,574,301,250,1,-1,-1,-1
233,273,1007,103,217,233,1,-1,-1,-1
233,281,1250,319,218,182,1,-1,-1,-1
233,303,1603,49,316,159,1,-1,-1,-1
233,308,516,234,183,155,1,-1,-1,-1
234,260,1233,106,207,184,1,-1,-1,-1
234,262,198,580,305,250,1,-1,-1,-1
234,273,1007,102,217,233,1,-1,-1,-1
234,281,1253,316,215,179,1,-1,-1,-1
234,303,1576,49,336,158,1,-1,-1,-1
234,308,510,247,189,152,1,-1,-1,-1
235,260,1233,106,207,184,1,-1,-1,-1
235,262,188,588,315,250,1,-1,-1,-1
235,273,1007,101,217,234,1,-1,-1,-1
235,281,1261,314,219,176,1,-1,-1,-1
235,303,1550,50,336,158,1,-1,-1,-1
235,308,508,247,189,154,1,-1,-1,-1
236,260,1233,106,207,184,1,-1,-1,-1
236,262,177,593,325,252,1,-1,-1,-1
236,273,1007,100,216,234,1,-1,-1,-1
236,281,1261,313,220,173,1,-1,-1,-1
236,303,1524,50,335,158,1,-1,-1,-1
236,308,505,249,190,155,1,-1,-1,-1
236,309,850,20,260,159,1,-1,-1,-1
237,260,1233,106,206,183,1,-1,-1,-1
237,262,167,598,334,259,1,-1,-1,-1
237,273,1006,99,216,234,1,-1,-1,-1
237,281,1262,310,219,174,1,-1,-1,-1
237,303,1498,51,335,158,1,-1,-1,-1
237,308,502,252,190,156,1,-1,-1,-1
237,309,827,18,263,160,1,-1,-1,-1
238,260,1233,106,206,183,1,-1,-1,-1
238,262,155,603,340,270,1,-1,-1,-1
238,273,1006,98,216,234,1,-1,-1,-1
238,281,1262,309,219,172,1,-1,-1,-1
238,303,1472,51,334,158,1,-1,-1,-1
238,308,500,254,189,160,1,-1,-1,-1
238,309,803,16,266,160,1,-1,-1,-1
239,260,1233,106,206,183,1,-1,-1,-1
239,262,144,607,344,280,1,-1,-1,-1
239,273,1006,97,215,234,1,-1,-1,-1
239,281,1266,299,213,173,1,-1,-1,-1
239,302,497,144,208,175,1,-1,-1,-1
239,303,1446,52,334,157,1,-1,-1,-1
239,308,490,262,194,159,1,-1,-1,-1
239,309,780,14,269,160,1,-1,-1,-1
240,260,1233,106,205,182,1,-1,-1,-1
240,262,135,613,346,283,1,-1,-1,-1
240,273,1006,95,215,235,1,-1,-1,-1
240,281,1268,296,209,175,1,-1,-1,-1
240,303,1420,52,333,157,1,-1,-1,-1
240,308,488,262,196,165,1,-1,-1,-1
240,309,756,12,272,160,1,-1,-1,-1
241,260,1233,106,205,182,1,-1,-1,-1
241,262,126,627,357,286,1,-1,-1,-1
241,273,1006,94,215,235,1,-1,-1,-1
241,281,1270,294,205,175,1,-1,-1,-1
241,303,1394,53,333,157,1,-1,-1,-1
241,308,487,264,196,168,1,-1,-1,-1
241,309,733,10,275,161,1,-1,-1,-1
242,260,1234,106,205,182,1,-1,-1,-1
242,262,117,638,340,277,1,-1,-1,-1
242,273,1006,93,214,235,1,-1,-1,-1
242,281,1273,291,203,175,1,-1,-1,-1
242,302,497,144,206,182,1,-1,-1,-1
242,303,1368,53,332,157,1,-1,-1,-1
242,308,481,279,206,161,1,-1,-1,-1
242,309,701,10,276,158,1,-1,-1,-1
243,260,1234,104,205,181,1,-1,-1,-1
243,262,110,647,341,275,1,-1,-1,-1
243,273,1006,92,214,235,1,-1,-1,-1
243,281,1273,288,205,173,1,-1,-1,-1
243,303,1342,54,332,157,1,-1,-1,-1
243,308,480,280,205,161,1,-1,-1,-1
243,309,669,10,277,156,1,-1,-1,-1
244,260,1235,102,205,181,1,-1,-1,-1
244,262,105,656,340,274,1,-1,-1,-1
244,273,1005,91,214,235,1,-1,-1,-1
244,281,1273,287,207,168,1,-1,-1,-1
244,302,495,168,207,173,1,-1,-1,-1
244,308,478,285,204,158,1,-1,-1,-1
244,309,637,10,279,154,1,-1,-1,-1
245,260,1235,101,205,181,1,-1,-1,-1
245,262,96,664,343,275,1,-1,-1,-1
245,273,1005,90,213,236,1,-1,-1,-1
245,281,1273,286,207,165,1,-1,-1,-1
245,302,495,170,206,175,1,-1,-1,-1
245,308,479,289,201,156,1,-1,-1,-1
245,309,605,10,280,152,1,-1,-1,-1
246,260,1236,99,205,181,1,-1,-1,-1
246,262,85,669,349,285,1,-1,-1,-1
246,273,1005,89,213,236,1,-1,-1,-1
246,281,1273,285,207,161,1,-1,-1,-1
246,302,494,170,206,179,1,-1,-1,-1
246,308,478,292,198,155,1,-1,-1,-1
246,309,573,10,282,150,1,-1,-1,-1
247,260,1237,98,205,181,1,-1,-1,-1
247,262,73,674,357,293,1,-1,-1,-1
247,273,1005,88,213,236,1,-1,-1,-1
247,281,1273,282,208,162,1,-1,-1,-1
247,302,493,173,206,179,1,-1,-1,-1
247,308,476,295,198,154,1,-1,-1,-1
247,309,541,10,283,148,1,-1,-1,-1
248,260,1237,96,205,181,1,-1,-1,-1
248,262,64,692,355,299,1,-1,-1,-1
248,273,1005,87,212,236,1,-1,-1,-1
248,281,1273,280,206,162,1,-1,-1,-1
248,302,492,175,207,178,1,-1,-1,-1
248,308,472,297,200,155,1,-1,-1,-1
248,309,509,10,284,146,1,-1,-1,-1
249,260,1238,95,205,181,1,-1,-1,-1
249,262,55,697,358,298,1,-1,-1,-1
249,273,1005,86,212,236,1,-1,-1,-1
249,281,1278,264,198,162,1,-1,-1,-1
249,302,482,183,202,164,1,-1,-1,-1
249,308,468,301,204,156,1,-1,-1,-1
249,309,477,10,286,144,1,-1,-1,-1
250,260,1239,93,206,181,1,-1,-1,-1
250,262,20,706,383,298,1,-1,-1,-1
250,273,1005,85,212,237,1,-1,-1,-1
250,281,1279,261,196,166,1,-1,-1,-1
250,302,477,185,207,166,1,-1,-1,-1
250,308,467,303,204,160,1,-1,-1,-1
250,309,445,10,287,142,1,-1,-1,-1
251,260,1239,92,206,181,1,-1,-1,-1
251,262,17,714,378,305,1,-1,-1,-1
251,273,1004,84,212,236,1,-1,-1,-1
251,281,1279,258,196,168,1,-1,-1,-1
251,302,475,189,209,167,1,-1,-1,-1
251,308,467,305,201,160,1,-1,-1,-1
251,309,413,11,289,140,1,-1,-1,-1
252,260,1240,90,206,181,1,-1,-1,-1
252,262,12,721,374,320,1,-1,-1,-1
252,273,1004,84,212,236,1,-1,-1,-1
252,281,1278,255,195,168,1,-1,-1,-1
252,302,473,192,209,163,1,-1,-1,-1
252,308,458,316,208,161,1,-1,-1,-1
253,260,1241,89,206,181,1,-1,-1,-1
253,262,4,729,374,329,1,-1,-1,-1
253,273,1004,84,212,236,1,-1,-1,-1
253,281,1276,253,198,163,1,-1,-1,-1
253,308,456,317,208,163,1,-1,-1,-1
254,260,1241,87,206,181,1,-1,-1,-1
254,262,0,735,377,331,1,-1,-1,-1
254,273,1004,84,213,236,1,-1,-1,-1
254,281,1274,249,201,161,1,-1,-1,-1
254,308,456,319,207,166,1,-1,-1,-1
255,260,1242,86,206,181,1,-1,-1,-1
255,262,0,754,381,324,1,-1,-1,-1
255,273,1004,84,213,236,1,-1,-1,-1
255,281,1273,247,201,160,1,-1,-1,-1
255,308,456,318,204,171,1,-1,-1,-1
256,260,1243,84,206,181,1,-1,-1,-1
256,273,1004,84,213,236,1,-1,-1,-1
256,281,1273,243,201,161,1,-1,-1,-1
256,308,455,318,204,177,1,-1,-1,-1
257,260,1243,83,206,181,1,-1,-1,-1
257,273,1003,84,214,236,1,-1,-1,-1
257,281,1278,232,188,161,1,-1,-1,-1
257,308,450,324,200,176,1,-1,-1,-1
258,260,1244,81,207,181,1,-1,-1,-1
258,273,1003,84,214,236,1,-1,-1,-1
258,281,1279,228,189,164,1,-1,-1,-1
258,308,447,329,202,176,1,-1,-1,-1
259,260,1245,79,207,180,1,-1,-1,-1
259,273,1003,84,214,236,1,-1,-1,-1
259,281,1279,224,191,164,1,-1,-1,-1
259,302,463,216,222,176,1,-1,-1,-1
259,308,446,332,204,179,1,-1,-1,-1
260,260,1245,78,207,180,1,-1,-1,-1
260,273,1003,84,215,236,1,-1,-1,-1
260,281,1278,219,192,163,1,-1,-1,-1
260,302,459,216,223,175,1,-1,-1,-1
260,308,440,348,214,170,1,-1,-1,-1
261,260,1246,76,207,180,1,-1,-1,-1
261,273,1003,84,215,236,1,-1,-1,-1
261,281,1278,217,191,159,1,-1,-1,-1
261,302,454,218,227,179,1,-1,-1,-1
261,308,438,348,214,172,1,-1,-1,-1
262,260,1247,75,207,180,1,-1,-1,-1
262,273,1003,84,215,236,1,-1,-1,-1
262,281,1277,217,191,156,1,-1,-1,-1
262,302,452,219,225,177,1,-1,-1,-1
262,308,438,351,211,172,1,-1,-1,-1
263,260,1247,73,207,180,1,-1,-1,-1
263,273,1002,83,216,235,1,-1,-1,-1
263,281,1276,214,192,157,1,-1,-1,-1
263,302,451,221,225,176,1,-1,-1,-1
263,308,437,353,207,171,1,-1,-1,-1
264,260,1248,72,207,180,1,-1,-1,-1
264,273,1002,83,216,235,1,-1,-1,-1
264,281,1275,211,192,160,1,-1,-1,-1
264,308,433,356,207,171,1,-1,-1,-1
265,260,1249,70,207,180,1,-1,-1,-1
265,273,1002,83,216,235,1,-1,-1,-1
265,281,1274,207,192,163,1,-1,-1,-1
265,302,446,237,230,183,1,-1,-1,-1
265,303,805,82,256,162,1,-1,-1,-1
265,308,428,360,212,171,1,-1,-1,-1
266,260,1249,69,208,180,1,-1,-1,-1
266,273,1002,83,217,235,1,-1,-1,-1
266,281,1268,209,189,156,1,-1,-1,-1
266,302,442,240,235,185,1,-1,-1,-1
266,303,777,86,263,160,1,-1,-1,-1
266,308,423,363,215,173,1,-1,-1,-1
267,260,1250,67,208,180,1,-1,-1,-1
267,273,1002,83,217,235,1,-1,-1,-1
267,281,1268,208,188,155,1,-1,-1,-1
267,303,775,96,247,155,1,-1,-1,-1
267,308,418,367,221,175,1,-1,-1,-1
268,260,1251,66,208,180,1,-1,-1,-1
268,273,1002,83,217,235,1,-1,-1,-1
268,281,1271,195,180,162,1,-1,-1,-1
268,303,752,97,248,159,1,-1,-1,-1
268,308,415,371,222,174,1,-1,-1,-1
269,260,1251,64,208,180,1,-1,-1,-1
269,273,1001,83,218,235,1,-1,-1,-1
269,281,1271,191,182,165,1,-1,-1,-1
269,303,743,96,245,164,1,-1,-1,-1
269,308,407,379,234,182,1,-1,-1,-1
270,260,1252,63,208,180,1,-1,-1,-1
270,273,1001,83,218,235,1,-1,-1,-1
270,281,1270,189,182,166,1,-1,-1,-1
270,303,725,100,230,162,1,-1,-1,-1
270,308,406,378,232,187,1,-1,-1,-1
271,260,1253,61,208,180,1,-1,-1,-1
271,273,1001,83,218,235,1,-1,-1,-1
271,281,1270,185,184,166,1,-1,-1,-1
271,303,719,97,229,168,1,-1,-1,-1
271,308,404,380,232,189,1,-1,-1,-1
272,260,1253,60,208,180,1,-1,-1,-1
272,273,1001,83,219,235,1,-1,-1,-1
272,281,1268,183,185,164,1,-1,-1,-1
272,303,713,100,224,166,1,-1,-1,-1
272,308,393,388,238,186,1,-1,-1,-1
273,260,1254,58,208,180,1,-1,-1,-1
273,273,1001,83,219,235,1,-1,-1,-1
273,281,1267,181,186,162,1,-1,-1,-1
273,303,691,103,224,174,1,-1,-1,-1
273,308,385,394,245,186,1,-1,-1,-1
274,260,1255,57,209,180,1,-1,-1,-1
274,273,1001,83,219,235,1,-1,-1,-1
274,281,1267,181,187,158,1,-1,-1,-1
274,303,683,103,224,178,1,-1,-1,-1
274,308,381,399,248,187,1,-1,-1,-1
275,260,1247,55,211,179,1,-1,-1,-1
275,273,1001,83,220,235,1,-1,-1,-1
275,281,1266,180,188,155,1,-1,-1,-1
275,303,677,106,221,179,1,-1,-1,-1
275,308,377,404,249,184,1,-1,-1,-1
276,260,1239,53,213,178,1,-1,-1,-1
276,273,1001,82,219,234,1,-1,-1,-1
276,281,1266,178,187,153,1,-1,-1,-1
276,303,660,114,217,174,1,-1,-1,-1
276,308,381,404,248,201,1,-1,-1,-1
277,260,1231,51,216,177,1,-1,-1,-1
277,273,1001,81,219,234,1,-1,-1,-1
277,281,1267,178,185,152,1,-1,-1,-1
277,303,652,114,221,177,1,-1,-1,-1
277,308,378,406,252,204,1,-1,-1,-1
278,260,1224,49,218,176,1,-1,-1,-1
278,273,1001,80,218,234,1,-1,-1,-1
278,281,1266,176,186,151,1,-1,-1,-1
278,303,646,114,219,178,1,-1,-1,-1
278,308,375,409,256,205,1,-1,-1,-1
279,260,1216,48,220,175,1,-1,-1,-1
279,273,1001,80,218,233,1,-1,-1,-1
279,281,1265,176,187,150,1,-1,-1,-1
279,303,640,124,216,175,1,-1,-1,-1
279,308,373,412,255,208,1,-1,-1,-1
280,260,1208,46,223,174,1,-1,-1,-1
280,273,1002,79,218,233,1,-1,-1,-1
280,281,1264,174,185,151,1,-1,-1,-1
280,303,638,127,212,174,1,-1,-1,-1
280,308,368,417,256,207,1,-1,-1,-1
281,260,1201,44,225,173,1,-1,-1,-1
281,273,1002,78,217,233,1,-1,-1,-1
281,281,1265,173,183,150,1,-1,-1,-1
281,303,626,132,208,173,1,-1,-1,-1
281,308,361,421,257,207,1,-1,-1,-1
282,260,1193,42,227,172,1,-1,-1,-1
282,273,1002,78,217,232,1,-1,-1,-1
282,281,1268,162,175,155,1,-1,-1,-1
282,303,621,137,206,171,1,-1,-1,-1
282,308,354,424,259,211,1,-1,-1,-1
283,260,1185,41,230,172,1,-1,-1,-1
283,273,1002,77,217,232,1,-1,-1,-1
283,281,1266,161,177,153,1,-1,-1,-1
283,285,1106,691,461,387,1,-1,-1,-1
283,303,618,137,203,175,1,-1,-1,-1
283,308,344,443,261,206,1,-1,-1,-1
284,260,1177,39,232,171,1,-1,-1,-1
284,273,1003,76,216,232,1,-1,-1,-1
284,281,1265,160,178,153,1,-1,-1,-1
284,285,1077,686,475,385,1,-1,-1,-1
284,303,614,139,200,179,1,-1,-1,-1
284,308,340,445,263,212,1,-1,-1,-1
285,260,1170,37,234,170,1,-1,-1,-1
285,273,1003,76,216,231,1,-1,-1,-1
285,281,1264,159,181,151,1,-1,-1,-1
285,285,1079,677,460,380,1,-1,-1,-1
285,302,404,282,269,242,1,-1,-1,-1
285,303,610,140,199,182,1,-1,-1,-1
285,308,336,449,266,214,1,-1,-1,-1
286,260,1162,35,237,169,1,-1,-1,-1
286,273,1003,75,216,231,1,-1,-1,-1
286,281,1261,158,184,150,1,-1,-1,-1
286,285,1081,670,445,372,1,-1,-1,-1
286,302,401,283,270,243,1,-1,-1,-1
286,303,608,145,197,180,1,-1,-1,-1
286,308,333,454,270,218,1,-1,-1,-1
287,260,1154,34,239,168,1,-1,-1,-1
287,273,1003,74,215,231,1,-1,-1,-1
287,281,1259,155,186,150,1,-1,-1,-1
287,285,1076,661,444,366,1,-1,-1,-1
287,302,401,286,267,243,1,-1,-1,-1
287,303,600,151,192,173,1,-1,-1,-1
287,308,329,459,273,222,1,-1,-1,-1
288,273,1004,73,215,230,1,-1,-1,-1
288,281,1258,153,186,149,1,-1,-1,-1
288,285,1069,651,448,364,1,-1,-1,-1
288,302,402,289,262,240,1,-1,-1,-1
288,303,594,161,196,176,1,-1,-1,-1
288,308,326,466,274,223,1,-1,-1,-1
289,273,1004,73,214,230,1,-1,-1,-1
289,281,1257,151,186,148,1,-1,-1,-1
289,285,1082,649,399,324,1,-1,-1,-1
289,302,402,291,259,240,1,-1,-1,-1
289,303,586,160,200,181,1,-1,-1,-1
289,308,323,472,273,223,1,-1,-1,-1
290,273,1004,72,214,230,1,-1,-1,-1
290,281,1256,149,185,148,1,-1,-1,-1
290,285,1083,635,394,329,1,-1,-1,-1
290,302,401,295,260,239,1,-1,-1,-1
290,303,580,165,201,179,1,-1,-1,-1
290,308,322,478,270,221,1,-1,-1,-1
291,273,1004,71,214,229,1,-1,-1,-1
291,281,1256,147,186,150,1,-1,-1,-1
291,285,1084,621,387,334,1,-1,-1,-1
291,302,400,300,261,236,1,-1,-1,-1
291,303,575,167,201,181,1,-1,-1,-1
291,308,320,483,266,221,1,-1,-1,-1
292,273,1005,71,213,229,1,-1,-1,-1
292,281,1257,146,185,149,1,-1,-1,-1
292,285,1081,608,387,340,1,-1,-1,-1
292,302,400,305,264,235,1,-1,-1,-1
292,303,573,169,197,186,1,-1,-1,-1
292,308,318,487,263,223,1,-1,-1,-1
293,273,1005,70,213,229,1,-1,-1,-1
293,281,1257,146,185,148,1,-1,-1,-1
293,285,1077,602,386,340,1,-1,-1,-1
293,302,399,306,263,239,1,-1,-1,-1
293,303,571,170,197,191,1,-1,-1,-1
293,308,295,492,285,225,1,-1,-1,-1
294,273,1005,69,213,228,1,-1,-1,-1
294,281,1257,147,185,145,1,-1,-1,-1
294,285,1068,593,396,307,1,-1,-1,-1
294,302,398,306,266,245,1,-1,-1,-1
294,303,564,178,191,188,1,-1,-1,-1
294,308,296,507,280,224,1,-1,-1,-1
295,273,1005,69,212,228,1,-1,-1,-1
295,281,1258,146,184,144,1,-1,-1,-1
295,285,1051,587,395,309,1,-1,-1,-1
295,302,396,308,267,247,1,-1,-1,-1
295,303,562,184,187,179,1,-1,-1,-1
295,308,293,510,280,226,1,-1,-1,-1
296,273,1006,68,212,228,1,-1,-1,-1
296,281,1259,146,182,142,1,-1,-1,-1
296,285,1052,580,392,308,1,-1,-1,-1
296,302,393,312,271,245,1,-1,-1,-1
296,303,551,194,199,195,1,-1,-1,-1
296,308,287,514,283,228,1,-1,-1,-1
297,273,1006,67,212,227,1,-1,-1,-1
297,281,1260,146,181,140,1,-1,-1,-1
297,285,1053,574,388,310,1,-1,-1,-1
297,302,393,315,272,244,1,-1,-1,-1
297,308,281,520,289,230,1,-1,-1,-1
298,273,1006,66,211,227,1,-1,-1,-1
298,281,1260,145,180,141,1,-1,-1,-1
298,285,1053,566,382,312,1,-1,-1,-1
298,302,393,318,273,243,1,-1,-1,-1
298,308,271,525,294,234,1,-1,-1,-1
299,273,1006,66,211,227,1,-1,-1,-1
299,281,1260,144,180,142,1,-1,-1,-1
299,282,1108,766,413,312,1,-1,-1,-1
299,302,394,321,270,246,1,-1,-1,-1
299,308,263,530,299,236,1,-1,-1,-1
300,273,1007,65,210,226,1,-1,-1,-1
300,281,1260,143,180,142,1,-1,-1,-1
300,282,1110,759,406,319,1,-1,-1,-1
300,302,394,322,269,250,1,-1,-1,-1
300,308,255,538,302,236,1,-1,-1,-1
301,273,1007,64,210,226,1,-1,-1,-1
301,281,1260,144,179,141,1,-1,-1,-1
301,282,1110,760,399,312,1,-1,-1,-1
301,302,392,325,271,251,1,-1,-1,-1
301,308,251,546,301,235,1,-1,-1,-1
302,273,1007,64,210,226,1,-1,-1,-1
302,281,1261,144,180,140,1,-1,-1,-1
302,282,1104,728,390,323,1,-1,-1,-1
302,302,391,327,272,251,1,-1,-1,-1
302,308,246,552,300,238,1,-1,-1,-1
303,273,1007,63,209,225,1,-1,-1,-1
303,281,1261,144,179,140,1,-1,-1,-1
303,282,1099,721,387,311,1,-1,-1,-1
303,302,388,330,276,249,1,-1,-1,-1
303,308,236,555,307,243,1,-1,-1,-1
304,273,1008,62,209,225,1,-1,-1,-1
304,281,1262,143,178,140,1,-1,-1,-1
304,282,1094,711,386,303,1,-1,-1,-1
304,302,385,329,282,251,1,-1,-1,-1
304,308,227,557,313,248,1,-1,-1,-1
305,260,766,5,310,160,1,-1,-1,-1
305,273,1008,62,209,225,1,-1,-1,-1
305,281,1261,143,179,140,1,-1,-1,-1
305,282,1089,707,383,292,1,-1,-1,-1
305,302,367,332,281,251,1,-1,-1,-1
305,308,219,570,320,249,1,-1,-1,-1
306,260,732,4,313,160,1,-1,-1,-1
306,273,1008,61,208,224,1,-1,-1,-1
306,281,1262,142,178,140,1,-1,-1,-1
306,282,1087,704,378,284,1,-1,-1,-1
306,302,349,351,298,242,1,-1,-1,-1
306,305,436,40,259,140,1,-1,-1,-1
306,308,216,575,320,250,1,-1,-1,-1
307,260,698,2,316,160,1,-1,-1,-1
307,273,1008,60,208,224,1,-1,-1,-1
307,281,1268,130,171,147,1,-1,-1,-1
307,282,1079,672,383,294,1,-1,-1,-1
307,302,336,350,303,247,1,-1,-1,-1
307,305,441,39,257,141,1,-1,-1,-1
307,308,198,583,321,249,1,-1,-1,-1
308,260,663,1,318,159,1,-1,-1,-1
308,273,1009,60,208,224,1,-1,-1,-1
308,281,1270,129,172,147,1,-1,-1,-1
308,282,1079,665,375,292,1,-1,-1,-1
308,302,323,348,312,254,1,-1,-1,-1
308,304,1656,75,263,130,1,-1,-1,-1
308,305,448,37,255,144,1,-1,-1,-1
308,308,189,587,325,254,1,-1,-1,-1
309,260,629,0,321,159,1,-1,-1,-1
309,273,1009,59,207,224,1,-1,-1,-1
309,281,1271,129,174,147,1,-1,-1,-1
309,282,1078,660,370,282,1,-1,-1,-1
309,302,309,344,326,261,1,-1,-1,-1
309,304,1621,76,280,130,1,-1,-1,-1
309,305,454,37,253,146,1,-1,-1,-1
309,308,183,590,325,259,1,-1,-1,-1
310,273,1009,59,206,224,1,-1,-1,-1
310,281,1272,128,175,148,1,-1,-1,-1
310,282,1061,662,374,265,1,-1,-1,-1
310,302,287,341,355,268,1,-1,-1,-1
310,304,1587,77,281,131,1,-1,-1,-1
310,305,457,38,252,146,1,-1,-1,-1
310,308,176,599,329,257,1,-1,-1,-1
311,273,1010,59,205,224,1,-1,-1,-1
311,281,1274,128,175,149,1,-1,-1,-1
311,282,1063,655,365,256,1,-1,-1,-1
311,302,263,340,387,270,1,-1,-1,-1
311,304,1553,78,282,132,1,-1,-1,-1
311,305,466,38,260,149,1,-1,-1,-1
311,308,168,607,332,262,1,-1,-1,-1
312,273,1010,59,205,224,1,-1,-1,-1
312,281,1274,127,177,151,1,-1,-1,-1
312,282,1064,649,356,250,1,-1,-1,-1
312,302,236,349,383,267,1,-1,-1,-1
312,304,1519,79,284,133,1,-1,-1,-1
312,305,466,38,261,149,1,-1,-1,-1
312,308,158,614,338,267,1,-1,-1,-1
313,273,1011,59,204,224,1,-1,-1,-1
313,281,1273,126,179,153,1,-1,-1,-1
313,282,1063,644,349,247,1,-1,-1,-1
313,302,205,349,424,266,1,-1,-1,-1
313,304,1485,80,285,134,1,-1,-1,-1
313,305,468,37,261,149,1,-1,-1,-1
313,308,148,617,336,274,1,-1,-1,-1
314,273,1011,59,203,224,1,-1,-1,-1
314,281,1273,126,178,152,1,-1,-1,-1
314,282,1064,620,338,257,1,-1,-1,-1
314,302,167,351,473,266,1,-1,-1,-1
314,304,1450,81,286,135,1,-1,-1,-1
314,305,470,36,258,149,1,-1,-1,-1
314,308,134,627,345,282,1,-1,-1,-1
315,273,1011,59,203,224,1,-1,-1,-1
315,281,1273,126,178,152,1,-1,-1,-1
315,282,1060,613,337,256,1,-1,-1,-1
315,302,142,352,491,263,1,-1,-1,-1
315,304,1416,82,287,136,1,-1,-1,-1
315,305,472,36,258,150,1,-1,-1,-1
315,308,129,633,347,284,1,-1,-1,-1
316,273,1012,58,202,224,1,-1,-1,-1
316,281,1272,126,180,151,1,-1,-1,-1
316,282,1057,604,338,255,1,-1,-1,-1
316,302,109,358,469,268,1,-1,-1,-1
316,304,1382,83,289,137,1,-1,-1,-1
316,305,472,39,258,148,1,-1,-1,-1
316,308,109,643,347,281,1,-1,-1,-1
317,272,856,45,209,131,1,-1,-1,-1
317,273,1012,58,201,224,1,-1,-1,-1
317,281,1276,125,188,150,1,-1,-1,-1
317,282,1055,596,336,252,1,-1,-1,-1
317,302,69,361,513,264,1,-1,-1,-1
317,305,477,39,256,151,1,-1,-1,-1
317,308,102,651,346,281,1,-1,-1,-1
318,272,834,43,212,132,1,-1,-1,-1
318,273,1013,58,201,224,1,-1,-1,-1
318,281,1276,124,189,151,1,-1,-1,-1
318,282,1052,589,332,251,1,-1,-1,-1
318,302,61,335,497,319,1,-1,-1,-1
318,305,479,42,257,150,1,-1,-1,-1
318,308,94,658,349,282,1,-1,-1,-1
319,272,812,41,215,132,1,-1,-1,-1
319,273,1013,58,200,225,1,-1,-1,-1
319,281,1276,123,190,151,1,-1,-1,-1
319,282,1051,580,329,250,1,-1,-1,-1
319,302,10,369,519,264,1,-1,-1,-1
319,303,477,284,205,193,1,-1,-1,-1
319,305,483,42,257,151,1,-1,-1,-1
319,308,82,667,355,287,1,-1,-1,-1
320,272,789,39,218,133,1,-1,-1,-1
320,273,1013,58,199,225,1,-1,-1,-1
320,281,1276,120,195,154,1,-1,-1,-1
320,282,1047,574,330,247,1,-1,-1,-1
320,303,467,290,214,185,1,-1,-1,-1
320,305,486,43,259,150,1,-1,-1,-1
320,308,70,675,361,290,1,-1,-1,-1
321,272,767,37,222,133,1,-1,-1,-1
321,273,1014,58,199,225,1,-1,-1,-1
321,281,1277,117,195,157,1,-1,-1,-1
321,282,1046,574,328,238,1,-1,-1,-1
321,303,448,293,239,212,1,-1,-1,-1
321,305,487,42,261,151,1,-1,-1,-1
321,308,60,681,364,293,1,-1,-1,-1
322,272,745,35,225,134,1,-1,-1,-1
322,273,1014,58,198,225,1,-1,-1,-1
322,281,1276,118,194,158,1,-1,-1,-1
322,282,1040,553,323,246,1,-1,-1,-1
322,303,445,294,239,214,1,-1,-1,-1
322,305,515,40,242,154,1,-1,-1,-1
322,308,47,695,368,299,1,-1,-1,-1
323,272,722,33,228,134,1,-1,-1,-1
323,273,1015,57,197,225,1,-1,-1,-1
323,281,1275,120,190,158,1,-1,-1,-1
323,282,1042,551,313,240,1,-1,-1,-1
323,303,443,298,237,215,1,-1,-1,-1
323,305,517,41,241,156,1,-1,-1,-1
323,308,19,705,379,297,1,-1,-1,-1
324,272,700,31,231,135,1,-1,-1,-1
324,273,1015,57,197,225,1,-1,-1,-1
324,281,1273,122,193,157,1,-1,-1,-1
324,282,1040,547,312,235,1,-1,-1,-1
324,303,440,303,235,215,1,-1,-1,-1
324,305,517,42,243,154,1,-1,-1,-1
324,308,12,714,375,300,1,-1,-1,-1
325,273,1015,57,196,225,1,-1,-1,-1
325,281,1273,124,193,155,1,-1,-1,-1
325,282,1038,539,312,233,1,-1,-1,-1
325,303,439,306,232,217,1,-1,-1,-1
325,305,520,43,242,154,1,-1,-1,-1
325,308,9,725,367,306,1,-1,-1,-1
326,273,1016,57,195,225,1,-1,-1,-1
326,281,1274,126,192,152,1,-1,-1,-1
326,282,1037,537,310,227,1,-1,-1,-1
326,303,438,309,230,218,1,-1,-1,-1
326,305,522,44,246,155,1,-1,-1,-1
326,308,4,731,366,316,1,-1,-1,-1
327,273,1016,57,195,225,1,-1,-1,-1
327,281,1275,128,189,150,1,-1,-1,-1
327,282,1040,531,302,223,1,-1,-1,-1
327,303,435,313,232,219,1,-1,-1,-1
327,305,525,44,249,157,1,-1,-1,-1
327,308,0,737,368,325,1,-1,-1,-1
328,273,1017,57,194,225,1,-1,-1,-1
328,281,1276,128,188,149,1,-1,-1,-1
328,282,1042,527,294,219,1,-1,-1,-1
328,303,428,317,237,222,1,-1,-1,-1
328,305,527,44,251,158,1,-1,-1,-1
328,308,0,757,369,321,1,-1,-1,-1
329,273,1017,57,193,225,1,-1,-1,-1
329,281,1276,127,188,150,1,-1,-1,-1
329,282,1043,522,290,215,1,-1,-1,-1
329,303,419,322,243,225,1,-1,-1,-1
329,305,530,42,247,159,1,-1,-1,-1
330,273,1018,57,193,226,1,-1,-1,-1
330,281,1276,126,189,151,1,-1,-1,-1
330,282,1036,518,284,211,1,-1,-1,-1
330,303,413,325,245,228,1,-1,-1,-1
330,305,535,41,237,162,1,-1,-1,-1
331,273,1017,56,194,225,1,-1,-1,-1
331,281,1276,126,189,151,1,-1,-1,-1
331,282,1036,517,283,205,1,-1,-1,-1
331,303,409,329,246,229,1,-1,-1,-1
331,305,541,41,227,163,1,-1,-1,-1
332,273,1016,55,195,225,1,-1,-1,-1
332,281,1276,125,189,152,1,-1,-1,-1
332,282,1034,516,284,203,1,-1,-1,-1
332,303,405,331,247,233,1,-1,-1,-1
332,305,572,41,197,169,1,-1,-1,-1
333,273,1015,55,196,225,1,-1,-1,-1
333,281,1277,126,187,151,1,-1,-1,-1
333,282,1034,488,276,221,1,-1,-1,-1
333,303,401,335,247,236,1,-1,-1,-1
333,304,830,117,226,137,1,-1,-1,-1
333,305,575,45,194,163,1,-1,-1,-1
334,272,389,27,251,125,1,-1,-1,-1
334,273,1014,54,197,224,1,-1,-1,-1
334,281,1278,126,187,150,1,-1,-1,-1
334,282,1032,484,277,218,1,-1,-1,-1
334,303,398,336,248,240,1,-1,-1,-1
334,304,799,120,227,138,1,-1,-1,-1
334,305,577,48,192,159,1,-1,-1,-1
335,273,1013,53,198,224,1,-1,-1,-1
335,281,1278,127,186,150,1,-1,-1,-1
335,282,1030,477,278,217,1,-1,-1,-1
335,303,384,342,256,233,1,-1,-1,-1
335,304,784,122,239,142,1,-1,-1,-1
335,305,578,49,192,158,1,-1,-1,-1
336,273,1012,53,199,224,1,-1,-1,-1
336,281,1278,127,187,150,1,-1,-1,-1
336,282,1028,474,277,214,1,-1,-1,-1
336,303,385,357,255,230,1,-1,-1,-1
336,304,754,128,230,143,1,-1,-1,-1
336,305,580,50,189,159,1,-1,-1,-1
337,273,1011,52,200,223,1,-1,-1,-1
337,281,1277,126,189,152,1,-1,-1,-1
337,282,1023,466,279,215,1,-1,-1,-1
337,303,386,361,252,230,1,-1,-1,-1
337,304,726,132,224,142,1,-1,-1,-1
337,305,581,50,187,158,1,-1,-1,-1
338,273,1010,51,201,223,1,-1,-1,-1
338,281,1276,126,189,152,1,-1,-1,-1
338,282,1021,458,276,216,1,-1,-1,-1
338,303,382,364,256,231,1,-1,-1,-1
338,304,713,141,229,137,1,-1,-1,-1
338,305,581,64,188,149,1,-1,-1,-1
339,273,1009,51,202,223,1,-1,-1,-1
339,281,1276,126,189,152,1,-1,-1,-1
339,282,1018,452,274,215,1,-1,-1,-1
339,303,378,367,260,233,1,-1,-1,-1
339,304,686,145,219,138,1,-1,-1,-1
339,305,580,64,187,153,1,-1,-1,-1
340,273,1009,50,203,223,1,-1,-1,-1
340,281,1276,126,189,150,1,-1,-1,-1
340,282,1018,448,266,212,1,-1,-1,-1
340,303,372,372,266,235,1,-1,-1,-1
340,304,682,146,212,139,1,-1,-1,-1
340,305,580,66,187,155,1,-1,-1,-1
341,273,1008,49,204,222,1,-1,-1,-1
341,281,1276,126,189,150,1,-1,-1,-1
341,282,1017,448,261,207,1,-1,-1,-1
341,303,366,377,271,237,1,-1,-1,-1
341,304,652,152,206,139,1,-1,-1,-1
342,273,1007,49,205,222,1,-1,-1,-1
342,281,1277,127,188,150,1,-1,-1,-1
342,282,1018,446,256,205,1,-1,-1,-1
342,303,360,381,274,240,1,-1,-1,-1
342,304,650,155,196,139,1,-1,-1,-1
343,273,1006,48,206,222,1,-1,-1,-1
343,281,1278,127,187,150,1,-1,-1,-1
343,282,1014,445,256,203,1,-1,-1,-1
343,286,1592,615,326,280,1,-1,-1,-1
343,303,355,387,277,241,1,-1,-1,-1
343,304,625,161,196,145,1,-1,-1,-1
344,273,1005,47,207,221,1,-1,-1,-1
344,281,1279,127,185,150,1,-1,-1,-1
344,282,1008,401,263,238,1,-1,-1,-1
344,286,1585,611,333,280,1,-1,-1,-1
344,303,349,395,277,242,1,-1,-1,-1
344,304,618,166,190,141,1,-1,-1,-1
345,273,1004,47,208,221,1,-1,-1,-1
345,281,1279,127,186,151,1,-1,-1,-1
345,282,1007,409,262,225,1,-1,-1,-1
345,286,1577,604,341,277,1,-1,-1,-1
345,303,340,401,281,246,1,-1,-1,-1
345,304,598,185,184,131,1,-1,-1,-1
345,305,580,80,177,142,1,-1,-1,-1
346,273,1003,46,209,221,1,-1,-1,-1
346,281,1279,126,185,152,1,-1,-1,-1
346,282,1007,415,262,214,1,-1,-1,-1
346,286,1566,596,352,273,1,-1,-1,-1
346,303,332,402,284,256,1,-1,-1,-1
346,304,588,185,188,137,1,-1,-1,-1
346,305,569,78,183,145,1,-1,-1,-1
347,273,1002,45,210,220,1,-1,-1,-1
347,281,1277,126,187,152,1,-1,-1,-1
347,282,1007,415,261,208,1,-1,-1,-1
347,286,1559,589,352,269,1,-1,-1,-1
347,303,326,398,287,270,1,-1,-1,-1
347,304,580,186,188,141,1,-1,-1,-1
347,305,567,77,186,149,1,-1,-1,-1
348,273,1001,45,211,220,1,-1,-1,-1
348,281,1277,126,187,152,1,-1,-1,-1
348,282,1007,409,258,205,1,-1,-1,-1
348,286,1549,577,354,271,1,-1,-1,-1
348,303,325,415,284,264,1,-1,-1,-1
348,304,566,191,184,142,1,-1,-1,-1
348,305,565,73,186,160,1,-1,-1,-1
349,273,1000,44,212,220,1,-1,-1,-1
349,281,1278,125,187,154,1,-1,-1,-1
349,282,1008,404,256,203,1,-1,-1,-1
349,286,1540,568,355,273,1,-1,-1,-1
349,303,319,423,283,262,1,-1,-1,-1
349,304,560,196,184,143,1,-1,-1,-1
349,305,563,72,186,164,1,-1,-1,-1
350,273,1000,44,213,220,1,-1,-1,-1
350,281,1273,120,195,161,1,-1,-1,-1
350,282,1007,395,254,204,1,-1,-1,-1
350,286,1547,559,330,271,1,-1,-1,-1
350,303,310,431,291,266,1,-1,-1,-1
350,304,549,198,188,145,1,-1,-1,-1
350,305,560,50,189,193,1,-1,-1,-1
