60,294,0,1157,843,659,1,-1,-1,-1
61,294,193,1135,760,592,1,-1,-1,-1
62,294,398,1113,677,526,1,-1,-1,-1
63,294,603,1091,594,459,1,-1,-1,-1
64,294,713,1079,548,421,1,-1,-1,-1
65,294,822,1067,503,383,1,-1,-1,-1
66,294,932,1055,457,344,1,-1,-1,-1
67,294,1042,1043,412,306,1,-1,-1,-1
68,294,1145,1033,364,284,1,-1,-1,-1
69,294,1227,1001,341,276,1,-1,-1,-1
70,294,1267,997,311,271,1,-1,-1,-1
71,294,1295,989,312,258,1,-1,-1,-1
72,294,1371,1000,257,229,1,-1,-1,-1
73,294,1414,976,259,233,1,-1,-1,-1
74,294,1432,973,247,227,1,-1,-1,-1
75,294,1475,969,239,218,1,-1,-1,-1
76,294,1497,972,222,202,1,-1,-1,-1
77,294,1531,970,214,197,1,-1,-1,-1
78,294,1551,975,202,184,1,-1,-1,-1
79,294,1568,963,197,173,1,-1,-1,-1
80,294,1595,963,194,163,1,-1,-1,-1
81,294,1612,960,188,162,1,-1,-1,-1
82,294,1622,956,188,162,1,-1,-1,-1
83,294,1646,954,181,160,1,-1,-1,-1
84,294,1661,951,176,159,1,-1,-1,-1
85,294,1673,948,174,157,1,-1,-1,-1
86,294,1698,948,162,141,1,-1,-1,-1
87,294,1704,948,165,138,1,-1,-1,-1
88,294,1714,947,163,136,1,-1,-1,-1
89,294,1725,946,160,136,1,-1,-1,-1
90,294,1735,946,152,136,1,-1,-1,-1
92,294,1752,936,158,133,1,-1,-1,-1
93,294,1763,938,150,127,1,-1,-1,-1
94,294,1773,937,147,125,1,-1,-1,-1
95,294,1784,936,141,123,1,-1,-1,-1
96,294,1792,935,136,123,1,-1,-1,-1
97,294,1797,933,132,121,1,-1,-1,-1
138,295,33,1195,892,623,1,-1,-1,-1
139,295,266,1147,827,541,1,-1,-1,-1
140,295,499,1099,763,459,1,-1,-1,-1
141,295,558,1086,727,442,1,-1,-1,-1
142,295,707,1072,641,401,1,-1,-1,-1
143,295,855,1057,556,361,1,-1,-1,-1
144,295,1003,1043,471,320,1,-1,-1,-1
145,295,1120,1030,414,296,1,-1,-1,-1
146,295,1194,1015,367,283,1,-1,-1,-1
147,295,1268,1000,320,270,1,-1,-1,-1
148,295,1289,993,333,259,1,-1,-1,-1
149,295,1353,970,316,265,1,-1,-1,-1
150,295,1405,980,285,225,1,-1,-1,-1
151,295,1421,979,279,213,1,-1,-1,-1
152,295,1476,968,248,213,1,-1,-1,-1
153,295,1516,967,239,205,1,-1,-1,-1
154,295,1536,966,227,199,1,-1,-1,-1
155,295,1552,972,220,183,1,-1,-1,-1
156,295,1587,965,208,166,1,-1,-1,-1
157,295,1603,960,205,165,1,-1,-1,-1
158,295,1613,955,205,163,1,-1,-1,-1
159,295,1642,955,192,157,1,-1,-1,-1
160,295,1658,951,186,155,1,-1,-1,-1
161,295,1673,947,179,154,1,-1,-1,-1
162,295,1695,941,168,156,1,-1,-1,-1
163,295,1704,948,170,136,1,-1,-1,-1
164,295,1717,947,166,133,1,-1,-1,-1
165,295,1728,947,164,131,1,-1,-1,-1
166,295,1736,948,161,127,1,-1,-1,-1
167,295,1751,937,158,135,1,-1,-1,-1
168,295,1756,936,159,134,1,-1,-1,-1
169,295,1767,937,155,125,1,-1,-1,-1
170,295,1777,936,151,125,1,-1,-1,-1
171,295,1786,933,147,125,1,-1,-1,-1
172,295,1792,931,144,122,1,-1,-1,-1
192,296,100,1074,1036,576,1,-1,-1,-1
193,296,301,1077,920,495,1,-1,-1,-1
194,296,502,1081,805,415,1,-1,-1,-1
195,296,763,1025,640,409,1,-1,-1,-1
196,296,834,1037,602,328,1,-1,-1,-1
197,296,970,1023,533,313,1,-1,-1,-1
198,296,1077,1020,491,288,1,-1,-1,-1
199,296,1121,994,460,285,1,-1,-1,-1
200,296,1242,985,375,266,1,-1,-1,-1
201,296,1277,978,359,254,1,-1,-1,-1
202,296,1347,965,330,248,1,-1,-1,-1
203,296,1405,972,291,221,1,-1,-1,-1
204,296,1456,964,270,215,1,-1,-1,-1
205,296,1478,963,254,207,1,-1,-1,-1
206,296,1518,964,245,198,1,-1,-1,-1
207,296,1546,964,221,172,1,-1,-1,-1
208,296,1578,961,215,163,1,-1,-1,-1
209,296,1596,956,208,163,1,-1,-1,-1
210,296,1612,951,201,163,1,-1,-1,-1
211,296,1643,949,187,159,1,-1,-1,-1
212,296,1660,947,180,155,1,-1,-1,-1
213,296,1674,944,175,152,1,-1,-1,-1
214,296,1694,938,167,152,1,-1,-1,-1
215,296,1701,947,172,133,1,-1,-1,-1
216,296,1715,946,168,134,1,-1,-1,-1
217,296,1728,941,166,128,1,-1,-1,-1
218,296,1736,939,163,127,1,-1,-1,-1
219,296,1749,937,163,130,1,-1,-1,-1
220,296,1757,937,161,125,1,-1,-1,-1
221,296,1768,936,158,124,1,-1,-1,-1
222,296,1778,934,154,122,1,-1,-1,-1
223,296,1786,930,154,120,1,-1,-1,-1
224,296,1792,928,148,118,1,-1,-1,-1
225,296,1798,927,155,112,1,-1,-1,-1
226,296,1805,928,148,110,1,-1,-1,-1
250,260,1739,855,145,128,1,-1,-1,-1
251,260,1737,857,145,126,1,-1,-1,-1
252,260,1731,860,145,123,1,-1,-1,-1
253,260,1721,860,150,123,1,-1,-1,-1
254,260,1712,861,152,122,1,-1,-1,-1
255,260,1707,858,153,126,1,-1,-1,-1
256,260,1684,855,159,133,1,-1,-1,-1
257,260,1678,854,160,137,1,-1,-1,-1
258,260,1669,854,162,138,1,-1,-1,-1
259,260,1659,853,164,141,1,-1,-1,-1
260,260,1652,853,164,142,1,-1,-1,-1
261,260,1631,851,160,147,1,-1,-1,-1
262,260,1621,852,163,146,1,-1,-1,-1
263,260,1612,851,163,147,1,-1,-1,-1
264,260,1592,845,181,159,1,-1,-1,-1
265,260,1560,847,191,159,1,-1,-1,-1
266,260,1546,845,195,164,1,-1,-1,-1
267,260,1533,843,200,165,1,-1,-1,-1
268,260,1501,841,213,174,1,-1,-1,-1
269,260,1480,834,228,184,1,-1,-1,-1
270,260,1440,830,244,193,1,-1,-1,-1
271,260,1421,828,255,200,1,-1,-1,-1
272,260,1383,836,248,194,1,-1,-1,-1
273,260,1362,831,266,204,1,-1,-1,-1
274,260,1310,831,292,214,1,-1,-1,-1
275,260,1237,832,371,216,1,-1,-1,-1
276,260,1200,826,400,224,1,-1,-1,-1
277,260,1138,827,397,236,1,-1,-1,-1
278,260,1104,808,414,263,1,-1,-1,-1
279,260,1012,806,449,275,1,-1,-1,-1
280,260,983,782,466,300,1,-1,-1,-1
281,260,865,778,523,325,1,-1,-1,-1
282,260,768,781,537,326,1,-1,-1,-1
283,260,588,739,648,427,1,-1,-1,-1
284,260,494,748,746,444,1,-1,-1,-1
285,260,291,752,781,464,1,-1,-1,-1
286,260,18,729,986,524,1,-1,-1,-1
300,297,33,1141,954,604,1,-1,-1,-1
301,297,296,1109,805,512,1,-1,-1,-1
302,297,525,1090,709,448,1,-1,-1,-1
303,297,571,1079,703,432,1,-1,-1,-1
304,297,858,1054,537,334,1,-1,-1,-1
305,297,867,1044,540,330,1,-1,-1,-1
306,297,1022,1033,438,302,1,-1,-1,-1
307,297,1113,1032,416,269,1,-1,-1,-1
308,297,1164,1002,375,271,1,-1,-1,-1
309,297,1261,991,324,262,1,-1,-1,-1
310,297,1291,986,324,246,1,-1,-1,-1
311,297,1361,981,286,231,1,-1,-1,-1
312,297,1412,971,264,226,1,-1,-1,-1
313,297,1433,970,250,211,1,-1,-1,-1
314,297,1482,966,236,206,1,-1,-1,-1
315,297,1503,970,221,193,1,-1,-1,-1
316,297,1544,962,207,182,1,-1,-1,-1
317,297,1561,961,201,177,1,-1,-1,-1
318,297,1588,959,197,165,1,-1,-1,-1
319,297,1604,955,192,162,1,-1,-1,-1
320,297,1618,950,187,162,1,-1,-1,-1
321,297,1645,949,178,160,1,-1,-1,-1
322,297,1661,947,172,155,1,-1,-1,-1
323,297,1673,946,170,150,1,-1,-1,-1
324,297,1693,948,167,131,1,-1,-1,-1
325,297,1700,947,165,130,1,-1,-1,-1
326,297,1714,942,162,129,1,-1,-1,-1
327,297,1724,942,162,127,1,-1,-1,-1
328,297,1732,938,155,130,1,-1,-1,-1
329,297,1743,939,143,125,1,-1,-1,-1
330,297,1763,936,141,124,1,-1,-1,-1
331,297,1766,936,144,122,1,-1,-1,-1
332,297,1773,937,142,118,1,-1,-1,-1
333,297,1781,935,140,116,1,-1,-1,-1
334,297,1789,932,137,117,1,-1,-1,-1
335,297,1796,926,133,121,1,-1,-1,-1
345,261,1697,860,132,121,1,-1,-1,-1
346,261,1691,863,133,120,1,-1,-1,-1
347,261,1682,865,135,118,1,-1,-1,-1
348,261,1674,864,136,119,1,-1,-1,-1
349,261,1641,846,152,141,1,-1,-1,-1
350,261,1639,846,152,142,1,-1,-1,-1
351,261,1633,845,153,143,1,-1,-1,-1
352,261,1625,845,153,145,1,-1,-1,-1
353,261,1616,845,155,146,1,-1,-1,-1
354,261,1609,847,155,143,1,-1,-1,-1
355,261,1606,849,152,141,1,-1,-1,-1
356,261,1573,858,161,137,1,-1,-1,-1
357,261,1558,857,166,142,1,-1,-1,-1
358,261,1549,853,166,147,1,-1,-1,-1
359,261,1526,849,175,158,1,-1,-1,-1
360,261,1514,852,176,156,1,-1,-1,-1
361,261,1496,845,188,165,1,-1,-1,-1
362,261,1487,841,192,171,1,-1,-1,-1
363,261,1455,854,195,159,1,-1,-1,-1
364,261,1440,857,197,156,1,-1,-1,-1
365,261,1400,856,216,161,1,-1,-1,-1
366,261,1384,856,221,162,1,-1,-1,-1
367,261,1343,852,240,173,1,-1,-1,-1
368,261,1328,848,243,179,1,-1,-1,-1
369,261,1278,844,255,189,1,-1,-1,-1
370,261,1268,841,250,196,1,-1,-1,-1
371,261,1216,848,275,200,1,-1,-1,-1
372,261,1171,854,276,189,1,-1,-1,-1
373,261,1120,856,281,186,1,-1,-1,-1
374,261,1044,853,362,225,1,-1,-1,-1
375,261,955,850,404,235,1,-1,-1,-1
376,261,927,845,406,241,1,-1,-1,-1
377,261,822,837,455,259,1,-1,-1,-1
378,261,780,836,487,262,1,-1,-1,-1
379,261,675,830,522,277,1,-1,-1,-1
380,261,505,805,624,338,1,-1,-1,-1
380,263,1743,857,135,122,1,-1,-1,-1
381,261,335,779,726,398,1,-1,-1,-1
381,263,1741,857,131,121,1,-1,-1,-1
382,261,217,782,733,414,1,-1,-1,-1
383,261,98,784,740,430,1,-1,-1,-1
384,261,0,787,748,446,1,-1,-1,-1
384,263,1720,857,130,122,1,-1,-1,-1
385,263,1707,857,134,124,1,-1,-1,-1
386,263,1694,858,138,125,1,-1,-1,-1
387,263,1691,858,138,126,1,-1,-1,-1
388,263,1669,850,161,135,1,-1,-1,-1
389,263,1660,849,162,138,1,-1,-1,-1
390,263,1653,848,161,139,1,-1,-1,-1
391,263,1638,846,154,142,1,-1,-1,-1
392,263,1634,847,154,141,1,-1,-1,-1
393,263,1625,847,156,143,1,-1,-1,-1
394,263,1616,848,158,143,1,-1,-1,-1
395,263,1609,847,156,145,1,-1,-1,-1
396,263,1576,850,160,145,1,-1,-1,-1
397,263,1557,849,176,151,1,-1,-1,-1
398,263,1548,848,174,152,1,-1,-1,-1
399,263,1524,844,184,162,1,-1,-1,-1
400,263,1511,838,190,170,1,-1,-1,-1
401,263,1492,829,205,185,1,-1,-1,-1
402,263,1473,821,226,197,1,-1,-1,-1
403,263,1435,835,237,186,1,-1,-1,-1
404,263,1421,837,240,185,1,-1,-1,-1
405,263,1382,844,241,183,1,-1,-1,-1
406,263,1330,843,267,189,1,-1,-1,-1
407,263,1310,835,281,204,1,-1,-1,-1
408,263,1263,836,287,209,1,-1,-1,-1
409,263,1216,844,295,205,1,-1,-1,-1
410,263,1163,833,341,223,1,-1,-1,-1
411,263,1132,820,352,240,1,-1,-1,-1
412,263,1050,822,382,247,1,-1,-1,-1
413,263,1020,810,387,261,1,-1,-1,-1
414,263,921,805,437,283,1,-1,-1,-1
415,263,814,801,478,308,1,-1,-1,-1
416,263,706,797,519,332,1,-1,-1,-1
417,263,598,793,560,357,1,-1,-1,-1
418,263,491,789,602,382,1,-1,-1,-1
419,263,302,778,683,417,1,-1,-1,-1
420,263,114,767,765,452,1,-1,-1,-1
488,264,1691,863,137,117,1,-1,-1,-1
489,264,1683,865,140,117,1,-1,-1,-1
490,264,1675,863,141,121,1,-1,-1,-1
491,264,1654,849,159,141,1,-1,-1,-1
492,264,1636,847,158,143,1,-1,-1,-1
493,264,1631,848,156,142,1,-1,-1,-1
494,264,1624,848,158,143,1,-1,-1,-1
495,264,1614,849,160,142,1,-1,-1,-1
496,264,1597,860,156,135,1,-1,-1,-1
497,264,1581,870,153,128,1,-1,-1,-1
498,264,1559,862,171,139,1,-1,-1,-1
499,264,1548,858,171,144,1,-1,-1,-1
500,264,1524,854,184,155,1,-1,-1,-1
501,264,1511,857,188,154,1,-1,-1,-1
502,264,1491,849,203,164,1,-1,-1,-1
502,265,1741,855,147,126,1,-1,-1,-1
503,264,1457,856,210,157,1,-1,-1,-1
503,265,1741,857,144,123,1,-1,-1,-1
504,264,1442,857,213,158,1,-1,-1,-1
504,265,1740,860,138,119,1,-1,-1,-1
505,264,1400,858,228,160,1,-1,-1,-1
506,264,1386,859,230,164,1,-1,-1,-1
507,264,1335,856,256,170,1,-1,-1,-1
508,264,1321,854,257,179,1,-1,-1,-1
509,264,1273,850,269,190,1,-1,-1,-1
510,264,1263,848,265,197,1,-1,-1,-1
510,265,1691,860,140,123,1,-1,-1,-1
511,264,1207,852,292,196,1,-1,-1,-1
511,265,1687,862,140,121,1,-1,-1,-1
512,264,1162,857,287,183,1,-1,-1,-1
512,265,1663,850,162,138,1,-1,-1,-1
513,264,1044,859,388,218,1,-1,-1,-1
513,265,1655,849,163,141,1,-1,-1,-1
514,264,1004,854,414,228,1,-1,-1,-1
514,265,1638,845,157,148,1,-1,-1,-1
515,264,919,850,429,236,1,-1,-1,-1
515,265,1634,846,159,147,1,-1,-1,-1
516,264,807,842,483,254,1,-1,-1,-1
516,265,1628,847,157,145,1,-1,-1,-1
517,264,777,838,497,262,1,-1,-1,-1
517,265,1618,846,159,147,1,-1,-1,-1
518,264,674,831,524,280,1,-1,-1,-1
518,265,1609,845,158,148,1,-1,-1,-1
519,264,422,846,649,276,1,-1,-1,-1
519,265,1562,842,189,158,1,-1,-1,-1
520,264,358,795,672,402,1,-1,-1,-1
520,265,1557,849,184,151,1,-1,-1,-1
521,264,170,800,757,414,1,-1,-1,-1
521,265,1547,851,180,149,1,-1,-1,-1
522,264,0,805,843,426,1,-1,-1,-1
522,265,1525,853,184,153,1,-1,-1,-1
523,265,1517,861,182,149,1,-1,-1,-1
524,265,1499,852,193,162,1,-1,-1,-1
525,265,1484,842,205,173,1,-1,-1,-1
526,265,1447,851,212,168,1,-1,-1,-1
527,265,1433,860,213,161,1,-1,-1,-1
528,265,1389,858,229,165,1,-1,-1,-1
529,265,1376,857,229,166,1,-1,-1,-1
530,265,1327,854,254,179,1,-1,-1,-1
531,265,1276,852,267,186,1,-1,-1,-1
532,265,1268,849,260,192,1,-1,-1,-1
533,265,1214,853,282,196,1,-1,-1,-1
534,265,1163,866,286,196,1,-1,-1,-1
535,265,1108,866,299,197,1,-1,-1,-1
536,265,1037,852,368,229,1,-1,-1,-1
537,265,946,849,401,242,1,-1,-1,-1
538,265,902,843,436,250,1,-1,-1,-1
539,265,803,838,463,262,1,-1,-1,-1
540,265,686,834,514,279,1,-1,-1,-1
541,265,513,810,622,337,1,-1,-1,-1
542,265,340,786,729,396,1,-1,-1,-1
543,265,224,795,731,401,1,-1,-1,-1
544,265,109,805,733,407,1,-1,-1,-1
