23,312,0,630,1186,651,1,-1,-1,-1
24,312,100,644,1341,712,1,-1,-1,-1
25,312,221,658,1496,773,1,-1,-1,-1
26,312,342,673,1651,835,1,-1,-1,-1
27,312,542,691,1744,888,1,-1,-1,-1
28,312,742,709,1817,941,1,-1,-1,-1
58,314,1154,468,1370,571,1,-1,-1,-1
59,314,1121,474,1374,559,1,-1,-1,-1
60,314,957,469,1471,578,1,-1,-1,-1
61,314,910,468,1455,572,1,-1,-1,-1
62,314,778,464,1439,591,1,-1,-1,-1
63,314,753,469,1389,576,1,-1,-1,-1
64,314,564,472,1439,584,1,-1,-1,-1
65,314,551,476,1362,568,1,-1,-1,-1
66,314,376,475,1402,578,1,-1,-1,-1
67,314,197,471,1420,572,1,-1,-1,-1
68,314,192,475,1339,566,1,-1,-1,-1
69,314,27,471,1344,581,1,-1,-1,-1
70,314,6,478,1271,571,1,-1,-1,-1
83,306,1242,479,1296,538,1,-1,-1,-1
84,306,1112,475,1345,543,1,-1,-1,-1
85,306,982,470,1394,547,1,-1,-1,-1
86,306,812,481,1432,521,1,-1,-1,-1
87,306,642,492,1469,495,1,-1,-1,-1
88,313,0,668,1947,907,1,-1,-1,-1
89,313,204,675,2141,882,1,-1,-1,-1
90,313,677,677,1882,863,1,-1,-1,-1
91,306,87,507,1406,494,1,-1,-1,-1
92,306,0,504,1337,520,1,-1,-1,-1
98,299,1664,497,868,363,1,-1,-1,-1
99,299,1592,496,897,363,1,-1,-1,-1
100,299,1456,500,905,353,1,-1,-1,-1
101,299,1400,496,914,362,1,-1,-1,-1
102,299,1251,498,888,354,1,-1,-1,-1
103,299,1195,497,889,360,1,-1,-1,-1
104,299,1059,501,876,350,1,-1,-1,-1
105,299,999,505,882,346,1,-1,-1,-1
106,299,887,512,854,337,1,-1,-1,-1
107,299,831,514,845,331,1,-1,-1,-1
108,299,698,515,873,333,1,-1,-1,-1
109,299,669,512,822,335,1,-1,-1,-1
110,299,642,516,761,311,1,-1,-1,-1
111,315,53,718,1778,755,1,-1,-1,-1
112,315,504,718,1759,749,1,-1,-1,-1
113,299,448,505,716,331,1,-1,-1,-1
113,315,977,729,1582,714,1,-1,-1,-1
114,299,392,509,704,292,1,-1,-1,-1
115,299,353,472,673,348,1,-1,-1,-1
116,299,316,503,651,293,1,-1,-1,-1
117,299,324,495,584,291,1,-1,-1,-1
118,299,255,492,592,293,1,-1,-1,-1
119,299,243,483,559,292,1,-1,-1,-1
120,299,221,478,502,284,1,-1,-1,-1
121,299,210,466,481,292,1,-1,-1,-1
122,299,193,464,463,289,1,-1,-1,-1
123,299,179,460,458,282,1,-1,-1,-1
124,299,155,454,427,275,1,-1,-1,-1
125,299,144,449,407,269,1,-1,-1,-1
126,299,132,448,390,261,1,-1,-1,-1
126,316,0,718,1454,641,1,-1,-1,-1
127,299,128,448,366,258,1,-1,-1,-1
127,316,366,714,1552,645,1,-1,-1,-1
128,299,108,443,359,259,1,-1,-1,-1
128,316,856,679,1515,677,1,-1,-1,-1
129,299,108,433,339,249,1,-1,-1,-1
130,299,102,440,331,223,1,-1,-1,-1
131,299,101,430,316,231,1,-1,-1,-1
132,299,103,425,301,229,1,-1,-1,-1
133,299,92,427,285,210,1,-1,-1,-1
134,299,93,426,273,204,1,-1,-1,-1
135,299,89,427,268,196,1,-1,-1,-1
136,299,83,414,260,177,1,-1,-1,-1
137,299,81,410,254,178,1,-1,-1,-1
138,299,79,406,249,182,1,-1,-1,-1
139,299,75,404,234,180,1,-1,-1,-1
140,299,70,404,237,173,1,-1,-1,-1
141,299,68,405,232,164,1,-1,-1,-1
142,299,66,401,225,162,1,-1,-1,-1
143,299,68,398,212,162,1,-1,-1,-1
144,299,67,394,205,163,1,-1,-1,-1
145,299,67,393,196,162,1,-1,-1,-1
146,299,65,384,190,153,1,-1,-1,-1
147,299,64,382,184,157,1,-1,-1,-1
148,299,62,379,184,158,1,-1,-1,-1
149,299,59,373,184,160,1,-1,-1,-1
150,299,50,369,185,157,1,-1,-1,-1
151,299,50,366,180,154,1,-1,-1,-1
152,299,49,366,176,151,1,-1,-1,-1
153,299,45,363,176,151,1,-1,-1,-1
154,299,42,363,166,144,1,-1,-1,-1
155,299,38,361,165,145,1,-1,-1,-1
156,299,34,359,165,146,1,-1,-1,-1
157,299,30,357,166,147,1,-1,-1,-1
158,299,26,355,167,145,1,-1,-1,-1
158,309,1567,468,992,405,1,-1,-1,-1
159,299,24,354,166,142,1,-1,-1,-1
159,309,1445,468,1051,414,1,-1,-1,-1
160,299,23,352,162,142,1,-1,-1,-1
160,309,1323,468,1089,424,1,-1,-1,-1
161,299,28,345,152,138,1,-1,-1,-1
161,309,1214,447,1100,432,1,-1,-1,-1
162,309,1105,425,1111,439,1,-1,-1,-1
163,299,27,347,152,132,1,-1,-1,-1
163,309,1000,462,1030,430,1,-1,-1,-1
164,309,940,465,1035,427,1,-1,-1,-1
165,309,824,487,984,393,1,-1,-1,-1
166,309,762,484,991,395,1,-1,-1,-1
167,309,663,488,936,387,1,-1,-1,-1
168,309,622,484,901,385,1,-1,-1,-1
169,309,529,440,992,400,1,-1,-1,-1
170,309,470,446,858,406,1,-1,-1,-1
171,309,417,447,851,399,1,-1,-1,-1
172,309,335,439,830,407,1,-1,-1,-1
173,309,336,453,736,387,1,-1,-1,-1
174,318,0,748,1832,721,1,-1,-1,-1
175,309,212,492,708,314,1,-1,-1,-1
175,318,515,733,1815,723,1,-1,-1,-1
176,309,179,490,730,314,1,-1,-1,-1
177,309,188,447,637,390,1,-1,-1,-1
178,309,144,477,628,321,1,-1,-1,-1
179,309,134,468,598,326,1,-1,-1,-1
180,309,141,467,547,314,1,-1,-1,-1
181,309,110,462,521,307,1,-1,-1,-1
182,309,110,456,479,301,1,-1,-1,-1
183,309,101,451,450,295,1,-1,-1,-1
184,309,98,446,428,294,1,-1,-1,-1
185,309,72,445,410,281,1,-1,-1,-1
186,309,76,447,383,270,1,-1,-1,-1
187,309,66,424,363,260,1,-1,-1,-1
188,309,63,424,347,254,1,-1,-1,-1
189,309,76,435,299,220,1,-1,-1,-1
190,309,73,437,297,215,1,-1,-1,-1
191,309,73,436,287,209,1,-1,-1,-1
192,309,71,429,284,213,1,-1,-1,-1
193,309,68,423,279,212,1,-1,-1,-1
194,309,67,422,272,207,1,-1,-1,-1
195,309,65,402,249,196,1,-1,-1,-1
196,309,67,401,243,196,1,-1,-1,-1
197,309,67,401,240,190,1,-1,-1,-1
198,309,66,402,236,183,1,-1,-1,-1
199,309,64,401,231,179,1,-1,-1,-1
200,309,62,401,225,172,1,-1,-1,-1
201,309,63,398,216,168,1,-1,-1,-1
202,309,65,397,204,163,1,-1,-1,-1
203,309,67,399,194,157,1,-1,-1,-1
204,309,66,398,187,155,1,-1,-1,-1
205,309,64,397,184,153,1,-1,-1,-1
206,309,57,378,190,161,1,-1,-1,-1
207,309,56,372,189,163,1,-1,-1,-1
208,260,1479,435,1079,421,1,-1,-1,-1
208,309,51,364,183,163,1,-1,-1,-1
209,260,1355,434,1156,412,1,-1,-1,-1
209,309,51,363,179,159,1,-1,-1,-1
210,260,1231,432,1215,403,1,-1,-1,-1
210,309,50,365,173,153,1,-1,-1,-1
211,260,1083,445,1150,388,1,-1,-1,-1
211,309,44,366,173,149,1,-1,-1,-1
212,260,944,440,1077,389,1,-1,-1,-1
212,309,39,364,173,149,1,-1,-1,-1
213,260,872,433,1153,390,1,-1,-1,-1
213,309,35,364,166,142,1,-1,-1,-1
214,260,741,450,1061,389,1,-1,-1,-1
214,309,31,363,166,143,1,-1,-1,-1
215,260,627,438,1000,389,1,-1,-1,-1
215,309,28,359,165,145,1,-1,-1,-1
216,260,603,440,944,395,1,-1,-1,-1
216,309,26,355,165,147,1,-1,-1,-1
217,260,451,436,950,384,1,-1,-1,-1
217,309,23,354,164,143,1,-1,-1,-1
218,260,451,444,853,381,1,-1,-1,-1
218,309,19,366,173,124,1,-1,-1,-1
219,260,385,436,880,373,1,-1,-1,-1
219,309,19,363,169,125,1,-1,-1,-1
220,260,322,435,782,374,1,-1,-1,-1
220,309,23,364,160,122,1,-1,-1,-1
221,260,289,437,738,366,1,-1,-1,-1
222,260,278,474,686,306,1,-1,-1,-1
223,260,205,464,670,312,1,-1,-1,-1
224,260,182,455,570,312,1,-1,-1,-1
225,260,160,447,575,317,1,-1,-1,-1
226,260,147,444,551,306,1,-1,-1,-1
227,260,121,437,503,293,1,-1,-1,-1
228,260,118,441,472,274,1,-1,-1,-1
229,260,119,448,428,254,1,-1,-1,-1
230,260,116,454,402,240,1,-1,-1,-1
231,260,75,426,398,253,1,-1,-1,-1
232,260,79,421,374,254,1,-1,-1,-1
233,260,77,413,349,252,1,-1,-1,-1
234,260,76,404,329,255,1,-1,-1,-1
235,260,79,416,302,221,1,-1,-1,-1
235,272,1690,543,869,310,1,-1,-1,-1
236,260,77,416,293,217,1,-1,-1,-1
236,272,1594,567,844,275,1,-1,-1,-1
237,260,73,396,274,211,1,-1,-1,-1
237,272,1451,544,864,319,1,-1,-1,-1
238,260,71,391,269,215,1,-1,-1,-1
238,272,1350,542,849,317,1,-1,-1,-1
239,260,70,387,265,215,1,-1,-1,-1
239,272,1248,540,834,314,1,-1,-1,-1
240,260,67,390,245,196,1,-1,-1,-1
240,272,1132,561,795,277,1,-1,-1,-1
241,260,64,389,242,190,1,-1,-1,-1
241,272,1039,561,779,275,1,-1,-1,-1
242,260,59,386,241,186,1,-1,-1,-1
242,272,934,559,785,276,1,-1,-1,-1
243,260,59,386,233,180,1,-1,-1,-1
243,272,844,560,767,275,1,-1,-1,-1
244,260,59,374,217,168,1,-1,-1,-1
244,272,745,558,775,274,1,-1,-1,-1
245,260,55,373,213,170,1,-1,-1,-1
245,272,676,557,728,267,1,-1,-1,-1
246,260,50,372,212,172,1,-1,-1,-1
246,272,596,555,699,263,1,-1,-1,-1
247,260,49,370,208,170,1,-1,-1,-1
247,272,528,551,652,264,1,-1,-1,-1
248,260,48,367,205,168,1,-1,-1,-1
248,272,505,544,646,272,1,-1,-1,-1
249,260,44,362,197,164,1,-1,-1,-1
249,272,422,539,638,270,1,-1,-1,-1
250,260,45,359,192,162,1,-1,-1,-1
250,272,370,533,593,275,1,-1,-1,-1
251,260,43,357,189,160,1,-1,-1,-1
251,272,347,520,585,273,1,-1,-1,-1
252,260,39,356,186,160,1,-1,-1,-1
252,272,334,519,558,264,1,-1,-1,-1
253,260,35,352,183,162,1,-1,-1,-1
253,272,295,515,503,265,1,-1,-1,-1
254,260,32,348,180,165,1,-1,-1,-1
254,272,278,513,479,258,1,-1,-1,-1
255,260,29,351,175,152,1,-1,-1,-1
255,272,248,509,454,255,1,-1,-1,-1
256,260,26,353,174,146,1,-1,-1,-1
256,272,237,506,432,248,1,-1,-1,-1
257,260,23,354,173,140,1,-1,-1,-1
257,272,222,501,412,243,1,-1,-1,-1
258,260,19,355,174,136,1,-1,-1,-1
258,272,215,499,388,233,1,-1,-1,-1
259,260,22,349,165,133,1,-1,-1,-1
259,272,201,492,363,230,1,-1,-1,-1
260,260,21,351,164,130,1,-1,-1,-1
260,272,201,494,336,213,1,-1,-1,-1
261,260,21,350,162,128,1,-1,-1,-1
261,272,196,485,324,214,1,-1,-1,-1
262,272,184,479,298,205,1,-1,-1,-1
263,260,20,351,137,120,1,-1,-1,-1
263,272,173,473,299,203,1,-1,-1,-1
264,260,16,350,143,121,1,-1,-1,-1
264,272,166,472,291,197,1,-1,-1,-1
265,260,13,349,143,119,1,-1,-1,-1
265,272,161,457,283,200,1,-1,-1,-1
266,260,12,348,140,115,1,-1,-1,-1
266,272,148,455,265,190,1,-1,-1,-1
267,272,138,449,264,187,1,-1,-1,-1
268,272,129,444,262,185,1,-1,-1,-1
269,272,108,442,256,178,1,-1,-1,-1
270,272,101,441,256,173,1,-1,-1,-1
271,272,94,440,251,169,1,-1,-1,-1
272,272,90,429,235,165,1,-1,-1,-1
273,272,87,425,230,169,1,-1,-1,-1
274,272,70,424,233,157,1,-1,-1,-1
275,272,67,422,226,154,1,-1,-1,-1
276,272,63,418,217,152,1,-1,-1,-1
277,272,62,413,206,152,1,-1,-1,-1
278,272,60,408,197,154,1,-1,-1,-1
279,272,58,404,191,154,1,-1,-1,-1
280,272,59,400,183,155,1,-1,-1,-1
281,272,53,396,181,154,1,-1,-1,-1
282,272,52,396,176,151,1,-1,-1,-1
283,272,51,394,170,139,1,-1,-1,-1
284,272,45,394,172,137,1,-1,-1,-1
285,272,39,392,174,135,1,-1,-1,-1
285,321,79,565,2346,882,1,-1,-1,-1
286,272,37,394,167,126,1,-1,-1,-1
287,272,36,389,161,123,1,-1,-1,-1
288,272,33,386,160,122,1,-1,-1,-1
289,272,30,382,160,123,1,-1,-1,-1
290,272,27,378,161,123,1,-1,-1,-1
291,272,25,375,161,123,1,-1,-1,-1
292,272,22,372,163,124,1,-1,-1,-1
293,272,21,371,145,128,1,-1,-1,-1
294,272,19,369,149,128,1,-1,-1,-1
295,272,19,369,145,123,1,-1,-1,-1
295,273,1172,334,1387,655,1,-1,-1,-1
296,272,18,370,143,118,1,-1,-1,-1
296,273,844,334,1411,663,1,-1,-1,-1
297,273,517,334,1414,672,1,-1,-1,-1
298,273,249,337,1359,674,1,-1,-1,-1
299,273,0,340,1305,677,1,-1,-1,-1
446,319,0,651,1845,1243,1,-1,-1,-1
447,319,0,716,2301,1202,1,-1,-1,-1
448,319,84,729,2435,1189,1,-1,-1,-1
