1,-1,1641.784,163.446,277.280,259.253,0.348,-1,-1,-1
1,-1,1106.326,285.631,509.802,424.391,0.308,-1,-1,-1
1,-1,371.311,99.004,228.154,173.474,0.368,-1,-1,-1
2,-1,1133.752,298.756,504.652,438.675,0.282,-1,-1,-1
2,-1,404.751,113.078,202.017,158.961,0.277,-1,-1,-1
2,-1,1225.876,193.598,180.541,72.899,0.253,-1,-1,-1
2,-1,1237.954,167.236,73.974,37.109,0.207,-1,-1,-1
3,-1,1149.219,298.467,518.430,459.179,0.909,-1,-1,-1
3,-1,400.817,115.188,204.065,160.363,0.250,-1,-1,-1
4,-1,1159.864,301.997,541.832,475.195,0.855,-1,-1,-1
4,-1,1606.712,168.200,313.232,280.756,0.473,-1,-1,-1
4,-1,397.338,116.939,204.211,161.138,0.239,-1,-1,-1
5,-1,1169.545,304.805,556.053,481.899,0.834,-1,-1,-1
5,-1,392.525,118.803,207.286,161.010,0.274,-1,-1,-1
6,-1,1588.000,165.495,329.947,275.946,0.771,-1,-1,-1
6,-1,1177.790,313.158,562.914,479.676,0.280,-1,-1,-1
6,-1,389.667,119.944,208.910,162.095,0.275,-1,-1,-1
7,-1,1581.314,162.520,328.182,274.666,0.791,-1,-1,-1
7,-1,1199.558,320.067,584.186,478.281,0.236,-1,-1,-1
7,-1,385.641,121.338,210.378,162.530,0.237,-1,-1,-1
8,-1,1206.523,329.260,593.289,491.263,0.302,-1,-1,-1
8,-1,1567.801,157.378,324.350,274.790,0.729,-1,-1,-1
8,-1,377.290,123.580,213.914,162.734,0.906,-1,-1,-1
8,-1,1223.110,180.497,180.120,86.441,0.220,-1,-1,-1
9,-1,1223.546,335.580,597.592,507.311,0.340,-1,-1,-1
9,-1,1553.429,155.125,323.497,271.815,0.611,-1,-1,-1
9,-1,369.223,126.535,217.554,160.509,0.209,-1,-1,-1
9,-1,1238.521,180.555,152.254,88.626,0.292,-1,-1,-1
10,-1,1233.161,343.047,618.446,519.197,0.335,-1,-1,-1
10,-1,1525.246,158.767,321.800,253.865,0.269,-1,-1,-1
10,-1,363.098,126.107,215.101,165.192,0.917,-1,-1,-1
11,-1,1516.663,160.027,316.423,243.716,0.285,-1,-1,-1
11,-1,1250.506,341.256,628.719,533.041,0.301,-1,-1,-1
11,-1,359.711,125.795,212.699,169.427,0.932,-1,-1,-1
12,-1,1276.892,362.995,625.582,546.174,0.377,-1,-1,-1
12,-1,1502.988,156.920,314.981,239.989,0.354,-1,-1,-1
12,-1,353.331,124.855,212.104,173.534,0.950,-1,-1,-1
13,-1,1293.629,376.112,624.773,550.000,0.486,-1,-1,-1
13,-1,1488.203,152.227,316.607,241.487,0.548,-1,-1,-1
13,-1,347.182,128.220,215.836,169.244,0.960,-1,-1,-1
14,-1,1477.476,147.530,317.598,246.299,0.694,-1,-1,-1
14,-1,342.812,129.431,216.196,169.339,0.972,-1,-1,-1
15,-1,1460.564,147.811,303.659,243.248,0.558,-1,-1,-1
15,-1,331.159,134.361,219.235,167.440,0.985,-1,-1,-1
16,-1,1449.065,148.378,302.478,240.432,0.595,-1,-1,-1
16,-1,1383.296,406.981,529.987,561.730,0.310,-1,-1,-1
16,-1,328.714,133.013,222.704,173.998,0.972,-1,-1,-1
17,-1,1436.044,148.130,297.506,239.177,0.623,-1,-1,-1
17,-1,1411.767,421.454,498.634,567.373,0.280,-1,-1,-1
17,-1,324.302,131.795,228.192,177.775,0.971,-1,-1,-1
18,-1,1431.940,432.263,478.896,579.254,0.338,-1,-1,-1
18,-1,1423.740,145.386,295.579,239.228,0.686,-1,-1,-1
18,-1,320.247,131.809,231.628,179.159,0.974,-1,-1,-1
19,-1,1449.847,444.953,465.414,580.188,0.311,-1,-1,-1
19,-1,317.403,132.047,230.421,179.837,0.989,-1,-1,-1
19,-1,1411.858,143.377,300.819,239.383,0.682,-1,-1,-1
19,-1,1880.318,287.582,37.979,186.816,0.370,-1,-1,-1
20,-1,315.564,131.998,226.102,182.563,0.990,-1,-1,-1
20,-1,1465.044,454.311,454.879,584.586,0.365,-1,-1,-1
20,-1,1397.304,141.718,293.798,235.953,0.556,-1,-1,-1
20,-1,1867.234,286.926,50.074,181.963,0.501,-1,-1,-1
21,-1,314.420,131.666,222.587,185.717,0.988,-1,-1,-1
21,-1,1394.446,141.590,292.289,234.856,0.524,-1,-1,-1
21,-1,1842.021,269.718,76.218,206.981,0.640,-1,-1,-1
21,-1,1187.729,243.382,103.407,33.422,0.358,-1,-1,-1
22,-1,314.180,131.380,220.028,187.976,0.985,-1,-1,-1
22,-1,1393.422,141.107,289.208,235.322,0.481,-1,-1,-1
22,-1,1182.949,242.499,106.261,35.073,0.544,-1,-1,-1
23,-1,314.180,131.380,220.028,187.976,0.985,-1,-1,-1
23,-1,1393.422,141.107,289.208,235.322,0.481,-1,-1,-1
23,-1,1182.949,242.499,106.261,35.073,0.544,-1,-1,-1
24,-1,314.180,131.380,220.028,187.976,0.985,-1,-1,-1
24,-1,1393.422,141.107,289.208,235.322,0.481,-1,-1,-1
24,-1,1182.949,242.499,106.261,35.073,0.544,-1,-1,-1
25,-1,314.180,131.380,220.028,187.976,0.985,-1,-1,-1
25,-1,1393.422,141.107,289.208,235.322,0.481,-1,-1,-1
25,-1,1182.949,242.499,106.261,35.073,0.544,-1,-1,-1
26,-1,314.180,131.380,220.028,187.976,0.985,-1,-1,-1
26,-1,1393.422,141.107,289.208,235.322,0.481,-1,-1,-1
26,-1,1182.949,242.499,106.261,35.073,0.544,-1,-1,-1
27,-1,314.180,131.380,220.028,187.976,0.985,-1,-1,-1
27,-1,1393.422,141.107,289.208,235.322,0.481,-1,-1,-1
27,-1,1182.949,242.499,106.261,35.073,0.544,-1,-1,-1
28,-1,314.180,131.380,220.028,187.976,0.985,-1,-1,-1
28,-1,1393.422,141.107,289.208,235.322,0.481,-1,-1,-1
28,-1,1182.949,242.499,106.261,35.073,0.544,-1,-1,-1
29,-1,314.180,131.380,220.028,187.976,0.985,-1,-1,-1
29,-1,1393.422,141.107,289.208,235.322,0.481,-1,-1,-1
29,-1,1182.949,242.499,106.261,35.073,0.544,-1,-1,-1
30,-1,314.180,131.380,220.028,187.976,0.985,-1,-1,-1
30,-1,1393.422,141.107,289.208,235.322,0.481,-1,-1,-1
30,-1,1182.949,242.499,106.261,35.073,0.544,-1,-1,-1
31,-1,302.438,133.115,226.105,193.704,0.967,-1,-1,-1
31,-1,1362.886,149.335,322.353,218.446,0.383,-1,-1,-1
31,-1,1830.070,202.501,89.763,285.247,0.433,-1,-1,-1
31,-1,1201.013,247.906,70.842,28.029,0.296,-1,-1,-1
32,-1,289.254,134.897,235.019,201.286,0.947,-1,-1,-1
32,-1,1275.486,143.251,303.478,187.660,0.445,-1,-1,-1
32,-1,1612.848,205.428,304.923,259.352,0.262,-1,-1,-1
32,-1,824.083,219.502,169.523,40.879,0.336,-1,-1,-1
32,-1,1836.085,287.682,83.158,177.028,0.213,-1,-1,-1
32,-1,948.299,225.693,53.796,29.307,0.219,-1,-1,-1
33,-1,274.824,136.262,245.191,209.944,0.941,-1,-1,-1
33,-1,1289.450,138.886,245.242,199.830,0.785,-1,-1,-1
33,-1,825.807,220.572,159.782,38.685,0.336,-1,-1,-1
33,-1,946.797,227.362,57.058,28.823,0.270,-1,-1,-1
34,-1,272.423,136.088,250.245,213.241,0.942,-1,-1,-1
34,-1,1265.904,139.336,259.134,193.541,0.680,-1,-1,-1
34,-1,816.307,218.489,168.031,39.499,0.287,-1,-1,-1
35,-1,1264.389,138.474,249.505,192.982,0.711,-1,-1,-1
35,-1,275.262,148.743,249.246,210.884,0.962,-1,-1,-1
35,-1,837.236,217.939,68.238,37.914,0.368,-1,-1,-1
35,-1,914.258,229.137,54.871,23.934,0.349,-1,-1,-1
35,-1,767.287,227.353,54.108,26.609,0.276,-1,-1,-1
36,-1,1577.287,175.515,341.985,270.092,0.494,-1,-1,-1
36,-1,1254.385,137.937,245.799,191.689,0.759,-1,-1,-1
36,-1,274.232,147.608,252.048,214.945,0.948,-1,-1,-1
36,-1,839.447,219.473,59.204,35.161,0.378,-1,-1,-1
36,-1,716.639,213.593,166.317,44.322,0.292,-1,-1,-1
36,-1,877.559,226.510,55.448,27.239,0.319,-1,-1,-1
36,-1,732.612,228.755,50.863,23.536,0.233,-1,-1,-1
36,-1,919.276,230.194,48.693,22.361,0.237,-1,-1,-1
37,-1,1560.257,172.841,344.996,270.070,0.434,-1,-1,-1
37,-1,1245.902,135.689,242.122,192.063,0.783,-1,-1,-1
37,-1,274.675,150.866,250.896,213.376,0.947,-1,-1,-1
37,-1,714.146,209.785,159.504,45.655,0.434,-1,-1,-1
37,-1,841.497,225.128,53.937,29.036,0.393,-1,-1,-1
37,-1,697.055,229.765,57.165,23.738,0.244,-1,-1,-1
37,-1,884.263,229.739,46.537,23.770,0.236,-1,-1,-1
37,-1,920.700,230.497,43.721,23.062,0.222,-1,-1,-1
38,-1,1547.036,171.374,340.807,268.152,0.436,-1,-1,-1
38,-1,272.163,150.910,257.138,215.442,0.962,-1,-1,-1
38,-1,1235.414,133.165,240.565,192.086,0.792,-1,-1,-1
38,-1,674.821,209.346,167.039,44.645,0.481,-1,-1,-1
39,-1,1231.477,131.232,237.852,192.226,0.775,-1,-1,-1
39,-1,270.499,150.454,261.699,217.804,0.972,-1,-1,-1
39,-1,1519.079,166.166,346.116,260.810,0.322,-1,-1,-1
39,-1,665.778,204.954,171.945,46.686,0.357,-1,-1,-1
40,-1,1227.346,129.713,237.556,193.342,0.790,-1,-1,-1
40,-1,1520.115,165.047,342.442,262.095,0.393,-1,-1,-1
40,-1,269.150,150.038,265.032,218.826,0.980,-1,-1,-1
40,-1,662.235,202.216,167.230,48.023,0.446,-1,-1,-1
41,-1,1513.340,162.406,332.743,259.561,0.415,-1,-1,-1
41,-1,273.224,156.300,262.861,218.272,0.984,-1,-1,-1
41,-1,1225.493,126.565,233.136,195.771,0.839,-1,-1,-1
41,-1,637.056,204.352,173.700,48.653,0.225,-1,-1,-1
42,-1,278.317,163.614,261.772,217.327,0.987,-1,-1,-1
42,-1,1498.265,158.245,328.423,256.557,0.503,-1,-1,-1
42,-1,1199.831,124.056,238.246,195.297,0.788,-1,-1,-1
42,-1,596.844,198.608,170.016,52.949,0.522,-1,-1,-1
43,-1,283.196,168.498,263.323,220.036,0.991,-1,-1,-1
43,-1,1477.081,156.339,330.327,249.404,0.571,-1,-1,-1
43,-1,1198.392,120.327,225.493,196.012,0.898,-1,-1,-1
43,-1,570.828,194.742,163.435,56.706,0.767,-1,-1,-1
44,-1,286.634,172.231,267.189,218.911,0.993,-1,-1,-1
44,-1,1449.442,150.602,334.087,249.914,0.468,-1,-1,-1
44,-1,1191.369,118.774,222.953,194.005,0.919,-1,-1,-1
44,-1,560.566,188.302,173.511,62.175,0.897,-1,-1,-1
44,-1,686.641,212.706,66.997,39.663,0.204,-1,-1,-1
45,-1,288.593,173.681,271.669,221.049,0.997,-1,-1,-1
45,-1,1443.304,149.610,326.009,247.661,0.589,-1,-1,-1
45,-1,1183.316,122.021,225.112,189.745,0.928,-1,-1,-1
45,-1,551.630,183.610,180.961,67.973,0.812,-1,-1,-1
45,-1,683.665,212.929,64.582,40.933,0.201,-1,-1,-1
46,-1,291.284,176.266,274.321,221.556,0.996,-1,-1,-1
46,-1,1434.773,148.612,317.613,245.447,0.627,-1,-1,-1
46,-1,1173.722,121.664,229.061,189.107,0.942,-1,-1,-1
46,-1,532.636,181.562,160.095,70.631,0.212,-1,-1,-1
47,-1,292.876,174.307,276.107,226.830,0.996,-1,-1,-1
47,-1,1425.472,148.526,308.138,240.759,0.654,-1,-1,-1
47,-1,1165.170,121.431,231.227,187.715,0.948,-1,-1,-1
47,-1,526.824,177.268,162.420,76.277,0.321,-1,-1,-1
47,-1,648.017,209.509,68.986,43.120,0.220,-1,-1,-1
48,-1,295.635,177.823,276.044,227.299,0.995,-1,-1,-1
48,-1,1415.280,147.894,307.241,237.996,0.631,-1,-1,-1
48,-1,1158.306,118.642,230.830,189.003,0.948,-1,-1,-1
48,-1,521.638,163.535,162.632,84.308,0.339,-1,-1,-1
49,-1,297.382,179.903,277.637,232.848,0.995,-1,-1,-1
49,-1,1407.326,144.346,307.882,238.741,0.621,-1,-1,-1
49,-1,1154.828,116.218,225.420,190.485,0.952,-1,-1,-1
49,-1,507.869,159.739,138.609,90.524,0.277,-1,-1,-1
49,-1,609.253,201.470,70.084,51.069,0.494,-1,-1,-1
50,-1,297.267,183.799,281.547,237.910,0.994,-1,-1,-1
50,-1,1378.505,142.127,316.091,234.334,0.635,-1,-1,-1
50,-1,1145.485,115.298,211.337,180.987,0.885,-1,-1,-1
50,-1,497.015,154.346,145.349,98.750,0.360,-1,-1,-1
50,-1,607.497,203.508,59.674,47.575,0.435,-1,-1,-1
51,-1,296.408,183.335,285.682,245.140,0.993,-1,-1,-1
51,-1,1374.695,142.206,311.680,232.497,0.681,-1,-1,-1
51,-1,1148.271,111.145,202.802,184.258,0.888,-1,-1,-1
51,-1,490.755,151.000,148.357,103.598,0.465,-1,-1,-1
51,-1,608.378,206.755,50.377,42.303,0.204,-1,-1,-1
52,-1,295.533,183.644,288.076,247.734,0.993,-1,-1,-1
52,-1,1371.624,142.758,308.922,230.962,0.767,-1,-1,-1
52,-1,1148.259,110.240,199.966,183.317,0.862,-1,-1,-1
52,-1,487.813,151.061,149.612,102.596,0.571,-1,-1,-1
53,-1,295.533,183.644,288.076,247.734,0.993,-1,-1,-1
53,-1,1371.624,142.758,308.922,230.962,0.767,-1,-1,-1
53,-1,1148.259,110.240,199.966,183.317,0.862,-1,-1,-1
53,-1,487.813,151.061,149.612,102.596,0.571,-1,-1,-1
54,-1,295.533,183.644,288.076,247.734,0.993,-1,-1,-1
54,-1,1371.624,142.758,308.922,230.962,0.767,-1,-1,-1
54,-1,1148.259,110.240,199.966,183.317,0.862,-1,-1,-1
54,-1,487.813,151.061,149.612,102.596,0.571,-1,-1,-1
55,-1,295.533,183.644,288.076,247.734,0.993,-1,-1,-1
55,-1,1371.624,142.758,308.922,230.962,0.767,-1,-1,-1
55,-1,1148.259,110.240,199.966,183.317,0.862,-1,-1,-1
55,-1,487.813,151.061,149.612,102.596,0.571,-1,-1,-1
56,-1,295.533,183.644,288.076,247.734,0.993,-1,-1,-1
56,-1,1371.624,142.758,308.922,230.962,0.767,-1,-1,-1
56,-1,1148.259,110.240,199.966,183.317,0.862,-1,-1,-1
56,-1,487.813,151.061,149.612,102.596,0.571,-1,-1,-1
57,-1,295.533,183.644,288.076,247.734,0.993,-1,-1,-1
57,-1,1371.624,142.758,308.922,230.962,0.767,-1,-1,-1
57,-1,1148.259,110.240,199.966,183.317,0.862,-1,-1,-1
57,-1,487.813,151.061,149.612,102.596,0.571,-1,-1,-1
58,-1,295.533,183.644,288.076,247.734,0.993,-1,-1,-1
58,-1,1371.624,142.758,308.922,230.962,0.767,-1,-1,-1
58,-1,1148.259,110.240,199.966,183.317,0.862,-1,-1,-1
58,-1,487.813,151.061,149.612,102.596,0.571,-1,-1,-1
59,-1,295.533,183.644,288.076,247.734,0.993,-1,-1,-1
59,-1,1371.624,142.758,308.922,230.962,0.767,-1,-1,-1
59,-1,1148.259,110.240,199.966,183.317,0.862,-1,-1,-1
59,-1,487.813,151.061,149.612,102.596,0.571,-1,-1,-1
60,-1,295.533,183.644,288.076,247.734,0.993,-1,-1,-1
60,-1,1371.624,142.758,308.922,230.962,0.767,-1,-1,-1
60,-1,1148.259,110.240,199.966,183.317,0.862,-1,-1,-1
60,-1,487.813,151.061,149.612,102.596,0.571,-1,-1,-1
61,-1,309.492,207.989,319.937,260.590,0.955,-1,-1,-1
61,-1,1126.502,111.573,201.362,176.231,0.839,-1,-1,-1
61,-1,1349.845,149.034,333.018,219.496,0.529,-1,-1,-1
61,-1,489.718,152.242,149.348,95.194,0.263,-1,-1,-1
61,-1,332.330,162.832,193.518,59.248,0.232,-1,-1,-1
62,-1,323.988,220.141,329.921,264.962,0.977,-1,-1,-1
62,-1,1104.744,113.356,202.846,169.117,0.768,-1,-1,-1
62,-1,1207.200,133.334,352.003,193.910,0.456,-1,-1,-1
62,-1,356.117,142.490,195.766,90.003,0.589,-1,-1,-1
62,-1,492.499,151.459,148.009,90.176,0.276,-1,-1,-1
63,-1,337.809,230.836,341.341,273.727,0.999,-1,-1,-1
63,-1,1250.529,136.413,278.882,202.645,0.627,-1,-1,-1
63,-1,1074.536,110.033,186.315,166.390,0.934,-1,-1,-1
63,-1,359.993,122.248,180.237,119.413,0.866,-1,-1,-1
63,-1,1874.284,299.091,43.560,242.226,0.475,-1,-1,-1
64,-1,333.549,228.554,353.834,284.100,0.999,-1,-1,-1
64,-1,1245.508,137.183,267.782,197.084,0.576,-1,-1,-1
64,-1,1070.909,110.415,184.948,167.370,0.867,-1,-1,-1
64,-1,352.629,122.080,162.853,123.303,0.205,-1,-1,-1
65,-1,333.638,230.563,355.355,288.569,0.998,-1,-1,-1
65,-1,1237.378,136.450,261.296,194.847,0.658,-1,-1,-1
65,-1,1063.722,110.817,184.945,167.190,0.862,-1,-1,-1
65,-1,345.893,117.433,166.425,130.913,0.213,-1,-1,-1
66,-1,342.155,234.112,367.560,291.894,0.998,-1,-1,-1
66,-1,1230.031,137.345,256.453,190.915,0.656,-1,-1,-1
66,-1,339.731,115.062,167.348,135.856,0.210,-1,-1,-1
66,-1,1054.223,111.353,186.269,167.046,0.858,-1,-1,-1
67,-1,1222.757,135.533,255.523,192.503,0.744,-1,-1,-1
67,-1,344.714,246.420,370.515,311.228,0.993,-1,-1,-1
67,-1,1037.201,123.631,197.629,148.992,0.905,-1,-1,-1
67,-1,333.253,112.031,170.536,140.628,0.251,-1,-1,-1
68,-1,1217.159,133.175,253.328,193.563,0.766,-1,-1,-1
68,-1,346.272,245.995,372.131,313.658,0.995,-1,-1,-1
68,-1,1031.811,123.238,197.631,149.200,0.898,-1,-1,-1
68,-1,329.057,109.331,170.972,144.919,0.270,-1,-1,-1
69,-1,351.502,251.390,370.107,308.385,0.996,-1,-1,-1
69,-1,1212.187,130.654,252.195,194.384,0.780,-1,-1,-1
69,-1,1026.192,122.775,197.191,149.422,0.882,-1,-1,-1
69,-1,326.625,107.077,170.122,148.407,0.290,-1,-1,-1
70,-1,355.727,226.580,363.951,358.453,0.997,-1,-1,-1
70,-1,1194.759,130.224,254.434,194.075,0.618,-1,-1,-1
70,-1,1024.225,111.104,185.217,168.056,0.910,-1,-1,-1
70,-1,321.296,106.485,163.423,147.933,0.285,-1,-1,-1
71,-1,363.145,233.946,362.281,358.127,0.996,-1,-1,-1
71,-1,1192.085,129.567,249.790,194.858,0.702,-1,-1,-1
71,-1,318.647,104.932,165.423,150.479,0.353,-1,-1,-1
71,-1,1021.971,111.661,185.347,164.815,0.908,-1,-1,-1
72,-1,370.360,237.555,360.880,364.475,0.997,-1,-1,-1
72,-1,1191.548,127.080,238.894,196.385,0.815,-1,-1,-1
72,-1,1696.580,214.853,222.157,267.293,0.498,-1,-1,-1
72,-1,314.883,105.338,168.042,151.399,0.406,-1,-1,-1
72,-1,1021.376,111.404,183.526,164.449,0.911,-1,-1,-1
73,-1,376.764,245.234,363.436,369.829,0.996,-1,-1,-1
73,-1,1186.706,126.389,232.295,194.738,0.840,-1,-1,-1
73,-1,1682.460,211.819,232.988,265.319,0.594,-1,-1,-1
73,-1,311.111,106.991,168.541,150.406,0.422,-1,-1,-1
73,-1,1000.705,124.579,193.568,141.384,0.855,-1,-1,-1
74,-1,378.806,250.763,368.584,374.373,0.997,-1,-1,-1
74,-1,1671.674,210.046,242.246,264.359,0.642,-1,-1,-1
74,-1,1183.905,125.470,226.459,192.916,0.859,-1,-1,-1
74,-1,308.512,107.905,169.061,149.961,0.406,-1,-1,-1
74,-1,1000.365,125.051,191.227,143.606,0.859,-1,-1,-1
75,-1,379.438,256.709,372.169,373.916,0.996,-1,-1,-1
75,-1,307.576,107.730,168.169,149.809,0.400,-1,-1,-1
75,-1,1665.765,207.906,249.124,265.607,0.679,-1,-1,-1
75,-1,1180.447,125.495,226.406,191.062,0.853,-1,-1,-1
75,-1,998.292,125.585,190.581,143.685,0.857,-1,-1,-1
76,-1,379.438,256.709,372.169,373.916,0.996,-1,-1,-1
76,-1,307.576,107.730,168.169,149.809,0.400,-1,-1,-1
76,-1,1665.765,207.906,249.124,265.607,0.679,-1,-1,-1
76,-1,1180.447,125.495,226.406,191.062,0.853,-1,-1,-1
76,-1,998.292,125.585,190.581,143.685,0.857,-1,-1,-1
77,-1,379.438,256.709,372.169,373.916,0.996,-1,-1,-1
77,-1,307.576,107.730,168.169,149.809,0.400,-1,-1,-1
77,-1,1665.765,207.906,249.124,265.607,0.679,-1,-1,-1
77,-1,1180.447,125.495,226.406,191.062,0.853,-1,-1,-1
77,-1,998.292,125.585,190.581,143.685,0.857,-1,-1,-1
78,-1,379.438,256.709,372.169,373.916,0.996,-1,-1,-1
78,-1,307.576,107.730,168.169,149.809,0.400,-1,-1,-1
78,-1,1665.765,207.906,249.124,265.607,0.679,-1,-1,-1
78,-1,1180.447,125.495,226.406,191.062,0.853,-1,-1,-1
78,-1,998.292,125.585,190.581,143.685,0.857,-1,-1,-1
79,-1,379.438,256.709,372.169,373.916,0.996,-1,-1,-1
79,-1,307.576,107.730,168.169,149.809,0.400,-1,-1,-1
79,-1,1665.765,207.906,249.124,265.607,0.679,-1,-1,-1
79,-1,1180.447,125.495,226.406,191.062,0.853,-1,-1,-1
79,-1,998.292,125.585,190.581,143.685,0.857,-1,-1,-1
80,-1,379.949,258.873,372.362,371.338,0.997,-1,-1,-1
80,-1,307.527,107.436,168.041,150.143,0.404,-1,-1,-1
80,-1,1665.166,207.532,249.926,266.444,0.686,-1,-1,-1
80,-1,1180.387,125.691,226.022,191.228,0.859,-1,-1,-1
80,-1,998.646,125.919,190.458,143.386,0.862,-1,-1,-1
81,-1,380.460,261.028,372.555,368.777,0.997,-1,-1,-1
81,-1,307.477,107.141,167.913,150.477,0.407,-1,-1,-1
81,-1,1664.565,207.156,250.731,267.284,0.694,-1,-1,-1
81,-1,1180.327,125.887,225.639,191.394,0.865,-1,-1,-1
81,-1,998.999,126.252,190.335,143.088,0.867,-1,-1,-1
82,-1,380.970,263.175,372.748,366.235,0.997,-1,-1,-1
82,-1,1663.963,206.779,251.537,268.126,0.701,-1,-1,-1
82,-1,307.428,106.846,167.786,150.813,0.410,-1,-1,-1
82,-1,1180.266,126.082,225.257,191.561,0.872,-1,-1,-1
82,-1,999.353,126.585,190.212,142.790,0.872,-1,-1,-1
83,-1,380.970,263.175,372.748,366.235,0.997,-1,-1,-1
83,-1,1663.963,206.779,251.537,268.126,0.701,-1,-1,-1
83,-1,307.428,106.846,167.786,150.813,0.410,-1,-1,-1
83,-1,1180.266,126.082,225.257,191.561,0.872,-1,-1,-1
83,-1,999.353,126.585,190.212,142.790,0.872,-1,-1,-1
84,-1,380.970,263.175,372.748,366.235,0.997,-1,-1,-1
84,-1,1663.963,206.779,251.537,268.126,0.701,-1,-1,-1
84,-1,307.428,106.846,167.786,150.813,0.410,-1,-1,-1
84,-1,1180.266,126.082,225.257,191.561,0.872,-1,-1,-1
84,-1,999.353,126.585,190.212,142.790,0.872,-1,-1,-1
85,-1,380.970,263.175,372.748,366.235,0.997,-1,-1,-1
85,-1,1663.963,206.779,251.537,268.126,0.701,-1,-1,-1
85,-1,307.428,106.846,167.786,150.813,0.410,-1,-1,-1
85,-1,1180.266,126.082,225.257,191.561,0.872,-1,-1,-1
85,-1,999.353,126.585,190.212,142.790,0.872,-1,-1,-1
86,-1,380.970,263.175,372.748,366.235,0.997,-1,-1,-1
86,-1,1663.963,206.779,251.537,268.126,0.701,-1,-1,-1
86,-1,307.428,106.846,167.786,150.813,0.410,-1,-1,-1
86,-1,1180.266,126.082,225.257,191.561,0.872,-1,-1,-1
86,-1,999.353,126.585,190.212,142.790,0.872,-1,-1,-1
87,-1,380.970,263.175,372.748,366.235,0.997,-1,-1,-1
87,-1,1663.963,206.779,251.537,268.126,0.701,-1,-1,-1
87,-1,307.428,106.846,167.786,150.813,0.410,-1,-1,-1
87,-1,1180.266,126.082,225.257,191.561,0.872,-1,-1,-1
87,-1,999.353,126.585,190.212,142.790,0.872,-1,-1,-1
88,-1,380.970,263.175,372.748,366.235,0.997,-1,-1,-1
88,-1,1663.963,206.779,251.537,268.126,0.701,-1,-1,-1
88,-1,307.428,106.846,167.786,150.813,0.410,-1,-1,-1
88,-1,1180.266,126.082,225.257,191.561,0.872,-1,-1,-1
88,-1,999.353,126.585,190.212,142.790,0.872,-1,-1,-1
89,-1,380.970,263.175,372.748,366.235,0.997,-1,-1,-1
89,-1,1663.963,206.779,251.537,268.126,0.701,-1,-1,-1
89,-1,307.428,106.846,167.786,150.813,0.410,-1,-1,-1
89,-1,1180.266,126.082,225.257,191.561,0.872,-1,-1,-1
89,-1,999.353,126.585,190.212,142.790,0.872,-1,-1,-1
90,-1,380.970,263.175,372.748,366.235,0.997,-1,-1,-1
90,-1,1663.963,206.779,251.537,268.126,0.701,-1,-1,-1
90,-1,307.428,106.846,167.786,150.813,0.410,-1,-1,-1
90,-1,1180.266,126.082,225.257,191.561,0.872,-1,-1,-1
90,-1,999.353,126.585,190.212,142.790,0.872,-1,-1,-1
91,-1,294.046,107.472,185.026,168.571,0.736,-1,-1,-1
91,-1,1033.587,120.106,199.243,163.091,0.709,-1,-1,-1
91,-1,324.142,246.478,460.707,374.208,0.464,-1,-1,-1
91,-1,1671.432,217.318,244.582,257.639,0.338,-1,-1,-1
91,-1,1212.363,107.697,161.943,216.276,0.259,-1,-1,-1
91,-1,939.816,138.433,155.189,119.703,0.235,-1,-1,-1
91,-1,1891.591,258.808,25.963,311.081,0.240,-1,-1,-1
91,-1,657.101,208.043,192.818,48.162,0.229,-1,-1,-1
92,-1,285.670,114.576,187.475,174.310,0.785,-1,-1,-1
92,-1,1052.753,119.446,198.247,168.876,0.731,-1,-1,-1
92,-1,460.898,464.563,626.325,413.017,0.444,-1,-1,-1
92,-1,1403.989,178.945,338.281,189.952,0.319,-1,-1,-1
92,-1,942.380,136.632,146.784,131.049,0.245,-1,-1,-1
92,-1,1880.498,286.926,36.775,255.573,0.519,-1,-1,-1
92,-1,639.218,212.802,165.498,43.994,0.376,-1,-1,-1
92,-1,1677.032,227.086,241.620,251.134,0.230,-1,-1,-1
92,-1,730.910,224.100,49.323,29.177,0.264,-1,-1,-1
93,-1,459.862,423.116,586.507,489.320,0.996,-1,-1,-1
93,-1,259.386,122.378,204.247,183.267,0.777,-1,-1,-1
93,-1,1412.385,165.908,300.581,217.596,0.703,-1,-1,-1
93,-1,1070.510,119.874,197.768,172.747,0.731,-1,-1,-1
93,-1,942.949,134.793,140.856,142.372,0.431,-1,-1,-1
93,-1,1866.893,304.184,51.849,219.138,0.703,-1,-1,-1
93,-1,679.638,219.147,87.336,36.836,0.557,-1,-1,-1
94,-1,465.857,432.105,596.233,504.421,0.996,-1,-1,-1
94,-1,1386.882,167.009,299.748,209.306,0.604,-1,-1,-1
94,-1,256.601,121.822,207.504,184.239,0.803,-1,-1,-1
94,-1,940.537,136.491,143.448,139.369,0.405,-1,-1,-1
94,-1,1065.159,119.914,197.790,172.172,0.681,-1,-1,-1
94,-1,607.805,214.525,149.433,41.936,0.589,-1,-1,-1
95,-1,474.584,442.217,603.996,521.836,0.997,-1,-1,-1
95,-1,1380.921,163.557,294.131,209.856,0.704,-1,-1,-1
95,-1,254.229,120.639,210.048,186.886,0.832,-1,-1,-1
95,-1,1054.014,121.781,203.019,167.407,0.718,-1,-1,-1
95,-1,930.925,152.280,157.496,125.600,0.425,-1,-1,-1
95,-1,575.738,211.843,150.563,44.680,0.632,-1,-1,-1
95,-1,696.373,216.779,43.917,32.903,0.264,-1,-1,-1
96,-1,479.154,453.214,622.128,539.100,0.996,-1,-1,-1
96,-1,1372.459,158.316,287.759,213.497,0.746,-1,-1,-1
96,-1,253.886,120.019,210.854,189.536,0.852,-1,-1,-1
96,-1,1044.836,121.466,205.272,166.405,0.773,-1,-1,-1
96,-1,931.005,156.412,154.542,119.352,0.420,-1,-1,-1
96,-1,561.251,209.040,164.799,45.624,0.610,-1,-1,-1
97,-1,488.690,461.620,637.141,556.375,0.994,-1,-1,-1
97,-1,1363.296,156.312,280.305,213.518,0.812,-1,-1,-1
97,-1,253.922,120.913,212.423,192.147,0.837,-1,-1,-1
97,-1,1034.819,121.588,208.090,164.782,0.854,-1,-1,-1
97,-1,524.748,207.708,162.816,44.334,0.858,-1,-1,-1
97,-1,932.431,160.442,147.085,112.689,0.468,-1,-1,-1
98,-1,1354.030,155.047,277.765,212.679,0.815,-1,-1,-1
98,-1,254.252,121.747,214.280,194.240,0.796,-1,-1,-1
98,-1,494.402,459.168,676.480,577.387,0.990,-1,-1,-1
98,-1,1028.332,120.525,209.316,166.772,0.854,-1,-1,-1
98,-1,494.803,205.312,165.650,46.484,0.829,-1,-1,-1
98,-1,934.555,161.587,143.773,110.421,0.314,-1,-1,-1
99,-1,253.822,122.039,217.415,197.156,0.785,-1,-1,-1
99,-1,513.964,522.796,660.594,526.727,0.991,-1,-1,-1
99,-1,1330.351,156.434,281.133,201.797,0.762,-1,-1,-1
99,-1,1754.087,237.388,165.092,244.835,0.977,-1,-1,-1
99,-1,1024.524,120.679,209.008,166.622,0.870,-1,-1,-1
99,-1,489.976,202.348,159.008,48.184,0.728,-1,-1,-1
99,-1,940.706,143.209,137.912,122.962,0.357,-1,-1,-1
100,-1,520.782,512.538,687.529,559.095,0.992,-1,-1,-1
100,-1,252.912,121.655,220.582,200.697,0.817,-1,-1,-1
100,-1,1324.665,158.182,282.433,196.867,0.816,-1,-1,-1
100,-1,1741.825,236.692,176.966,244.941,0.975,-1,-1,-1
100,-1,1021.665,120.944,209.818,164.802,0.881,-1,-1,-1
100,-1,468.851,201.206,148.135,51.018,0.651,-1,-1,-1
100,-1,939.893,143.465,137.330,122.912,0.380,-1,-1,-1
101,-1,253.079,122.281,222.041,203.810,0.867,-1,-1,-1
101,-1,1320.010,162.010,276.421,189.054,0.820,-1,-1,-1
101,-1,536.183,525.823,728.653,545.885,0.986,-1,-1,-1
101,-1,1730.335,234.539,185.852,243.134,0.964,-1,-1,-1
101,-1,1039.273,125.895,186.381,153.409,0.909,-1,-1,-1
101,-1,466.758,195.314,135.566,57.067,0.249,-1,-1,-1
101,-1,939.514,146.159,132.323,118.225,0.419,-1,-1,-1
102,-1,251.706,123.696,225.618,204.900,0.877,-1,-1,-1
102,-1,543.700,532.057,739.659,541.324,0.995,-1,-1,-1
102,-1,1314.978,163.653,267.376,185.143,0.833,-1,-1,-1
102,-1,1040.367,125.012,178.252,152.600,0.911,-1,-1,-1
102,-1,464.533,189.818,131.106,62.792,0.212,-1,-1,-1
102,-1,937.254,160.891,133.181,110.990,0.351,-1,-1,-1
103,-1,249.394,125.918,232.079,206.866,0.881,-1,-1,-1
103,-1,557.810,530.897,754.791,545.095,0.996,-1,-1,-1
103,-1,1309.928,163.596,258.185,183.143,0.827,-1,-1,-1
103,-1,1037.912,124.040,175.723,150.635,0.895,-1,-1,-1
103,-1,929.879,167.878,119.834,99.587,0.276,-1,-1,-1
104,-1,245.619,128.072,240.524,208.492,0.886,-1,-1,-1
104,-1,606.884,578.447,700.263,503.980,0.996,-1,-1,-1
104,-1,1302.042,162.616,254.059,182.798,0.854,-1,-1,-1
104,-1,1033.758,123.107,174.792,150.053,0.876,-1,-1,-1
104,-1,930.175,168.379,117.334,99.600,0.251,-1,-1,-1
105,-1,254.385,127.901,243.389,212.824,0.951,-1,-1,-1
105,-1,636.634,585.872,695.202,501.740,0.994,-1,-1,-1
105,-1,1293.051,163.190,255.645,180.171,0.797,-1,-1,-1
105,-1,1672.474,217.415,246.681,243.966,0.982,-1,-1,-1
105,-1,961.344,123.010,233.689,146.819,0.913,-1,-1,-1
106,-1,253.549,130.249,247.364,214.484,0.943,-1,-1,-1
106,-1,1658.350,211.364,261.017,248.814,0.977,-1,-1,-1
106,-1,1284.504,150.647,258.429,185.692,0.674,-1,-1,-1
106,-1,958.018,122.927,231.263,146.229,0.932,-1,-1,-1
107,-1,253.785,131.373,252.895,218.143,0.941,-1,-1,-1
107,-1,1254.504,148.851,280.402,187.226,0.471,-1,-1,-1
107,-1,961.027,121.985,225.097,145.467,0.940,-1,-1,-1
108,-1,255.049,133.821,257.028,217.855,0.889,-1,-1,-1
108,-1,1252.008,147.502,272.023,189.042,0.480,-1,-1,-1
108,-1,676.814,616.880,775.197,469.073,0.968,-1,-1,-1
108,-1,1617.555,205.806,302.051,245.897,0.966,-1,-1,-1
108,-1,957.377,123.631,225.652,144.496,0.887,-1,-1,-1
109,-1,253.612,145.814,263.173,216.360,0.842,-1,-1,-1
109,-1,1247.063,146.748,261.784,188.428,0.472,-1,-1,-1
109,-1,692.344,626.416,778.312,453.762,0.968,-1,-1,-1
109,-1,1610.095,206.625,303.397,242.034,0.977,-1,-1,-1
109,-1,1001.635,118.662,184.651,155.002,0.858,-1,-1,-1
109,-1,937.115,149.664,95.154,107.551,0.245,-1,-1,-1
110,-1,254.603,143.538,265.769,223.322,0.838,-1,-1,-1
110,-1,1242.626,147.303,252.069,186.366,0.524,-1,-1,-1
110,-1,707.835,645.122,792.249,437.643,0.975,-1,-1,-1
110,-1,1605.703,200.245,290.682,232.136,0.987,-1,-1,-1
110,-1,999.027,120.290,185.227,151.796,0.849,-1,-1,-1
110,-1,1892.090,261.888,27.280,298.749,0.210,-1,-1,-1
111,-1,253.815,142.435,270.075,227.649,0.869,-1,-1,-1
111,-1,1239.229,147.438,247.128,185.546,0.553,-1,-1,-1
111,-1,719.033,658.741,803.901,428.740,0.982,-1,-1,-1
111,-1,1600.243,201.881,286.552,227.650,0.991,-1,-1,-1
111,-1,997.186,120.989,186.274,149.911,0.883,-1,-1,-1
112,-1,254.294,140.508,271.592,231.992,0.880,-1,-1,-1
112,-1,1238.758,147.463,244.790,185.792,0.609,-1,-1,-1
112,-1,1596.529,202.429,288.079,226.004,0.993,-1,-1,-1
112,-1,995.542,121.233,188.059,149.701,0.894,-1,-1,-1
113,-1,254.294,140.508,271.592,231.992,0.880,-1,-1,-1
113,-1,1238.758,147.463,244.790,185.792,0.609,-1,-1,-1
113,-1,1596.529,202.429,288.079,226.004,0.993,-1,-1,-1
113,-1,995.542,121.233,188.059,149.701,0.894,-1,-1,-1
114,-1,254.294,140.508,271.592,231.992,0.880,-1,-1,-1
114,-1,1238.758,147.463,244.790,185.792,0.609,-1,-1,-1
114,-1,1596.529,202.429,288.079,226.004,0.993,-1,-1,-1
114,-1,995.542,121.233,188.059,149.701,0.894,-1,-1,-1
115,-1,254.294,140.508,271.592,231.992,0.880,-1,-1,-1
115,-1,1238.758,147.463,244.790,185.792,0.609,-1,-1,-1
115,-1,1596.529,202.429,288.079,226.004,0.993,-1,-1,-1
115,-1,995.542,121.233,188.059,149.701,0.894,-1,-1,-1
116,-1,254.294,140.508,271.592,231.992,0.880,-1,-1,-1
116,-1,1238.758,147.463,244.790,185.792,0.609,-1,-1,-1
116,-1,1596.529,202.429,288.079,226.004,0.993,-1,-1,-1
116,-1,995.542,121.233,188.059,149.701,0.894,-1,-1,-1
117,-1,254.294,140.508,271.592,231.992,0.880,-1,-1,-1
117,-1,1238.758,147.463,244.790,185.792,0.609,-1,-1,-1
117,-1,1596.529,202.429,288.079,226.004,0.993,-1,-1,-1
117,-1,995.542,121.233,188.059,149.701,0.894,-1,-1,-1
118,-1,254.294,140.508,271.592,231.992,0.880,-1,-1,-1
118,-1,1238.758,147.463,244.790,185.792,0.609,-1,-1,-1
118,-1,1596.529,202.429,288.079,226.004,0.993,-1,-1,-1
118,-1,995.542,121.233,188.059,149.701,0.894,-1,-1,-1
119,-1,254.294,140.508,271.592,231.992,0.880,-1,-1,-1
119,-1,1238.758,147.463,244.790,185.792,0.609,-1,-1,-1
119,-1,1596.529,202.429,288.079,226.004,0.993,-1,-1,-1
119,-1,995.542,121.233,188.059,149.701,0.894,-1,-1,-1
120,-1,254.294,140.508,271.592,231.992,0.880,-1,-1,-1
120,-1,1238.758,147.463,244.790,185.792,0.609,-1,-1,-1
120,-1,1596.529,202.429,288.079,226.004,0.993,-1,-1,-1
120,-1,995.542,121.233,188.059,149.701,0.894,-1,-1,-1
121,-1,265.044,151.282,276.509,246.451,0.818,-1,-1,-1
121,-1,991.044,124.570,187.498,147.384,0.798,-1,-1,-1
121,-1,1601.193,210.592,300.529,235.564,0.660,-1,-1,-1
121,-1,1216.925,146.131,276.796,178.370,0.460,-1,-1,-1
121,-1,694.485,665.428,860.150,408.010,0.508,-1,-1,-1
121,-1,1887.879,282.241,31.815,260.127,0.388,-1,-1,-1
122,-1,276.080,160.474,282.950,266.147,0.751,-1,-1,-1
122,-1,986.309,128.829,187.152,141.674,0.652,-1,-1,-1
122,-1,1169.458,142.806,241.705,178.442,0.468,-1,-1,-1
122,-1,1450.655,188.845,303.072,186.917,0.653,-1,-1,-1
122,-1,226.588,145.789,167.609,100.029,0.239,-1,-1,-1
122,-1,733.114,225.354,49.527,25.545,0.248,-1,-1,-1
122,-1,695.483,217.891,51.539,26.470,0.224,-1,-1,-1
122,-1,660.892,220.396,50.375,24.619,0.214,-1,-1,-1
123,-1,286.478,167.827,292.981,291.170,0.617,-1,-1,-1
123,-1,1469.586,181.408,248.342,198.736,0.987,-1,-1,-1
123,-1,1160.314,143.431,221.554,174.480,0.761,-1,-1,-1
123,-1,1683.154,192.141,234.272,274.630,0.959,-1,-1,-1
123,-1,970.327,131.874,168.590,144.573,0.650,-1,-1,-1
123,-1,223.866,131.003,166.451,128.728,0.485,-1,-1,-1
123,-1,645.685,216.106,78.379,29.465,0.300,-1,-1,-1
123,-1,720.931,221.547,65.699,29.344,0.267,-1,-1,-1
124,-1,285.105,166.360,301.309,299.288,0.528,-1,-1,-1
124,-1,1459.316,181.055,245.453,199.778,0.981,-1,-1,-1
124,-1,1154.299,141.990,221.467,174.609,0.770,-1,-1,-1
124,-1,1672.250,188.908,245.518,277.881,0.948,-1,-1,-1
124,-1,968.466,133.385,168.421,140.660,0.623,-1,-1,-1
124,-1,223.178,127.416,166.883,133.283,0.494,-1,-1,-1
124,-1,604.655,210.564,158.601,45.221,0.408,-1,-1,-1
125,-1,1449.299,178.131,244.829,201.155,0.978,-1,-1,-1
125,-1,280.780,181.146,315.197,290.912,0.574,-1,-1,-1
125,-1,1659.545,187.421,255.584,261.374,0.978,-1,-1,-1
125,-1,1136.085,146.191,230.345,165.079,0.583,-1,-1,-1
125,-1,964.359,134.559,171.026,137.618,0.613,-1,-1,-1
125,-1,222.680,120.512,167.633,140.355,0.559,-1,-1,-1
125,-1,596.225,209.421,165.079,46.006,0.376,-1,-1,-1
126,-1,1443.866,176.048,242.550,201.442,0.978,-1,-1,-1
126,-1,280.222,179.450,319.087,295.531,0.526,-1,-1,-1
126,-1,1136.405,144.223,226.633,167.315,0.627,-1,-1,-1
126,-1,1656.075,185.205,257.108,264.829,0.981,-1,-1,-1
126,-1,963.712,136.056,170.759,133.906,0.617,-1,-1,-1
126,-1,222.350,115.354,167.097,145.240,0.601,-1,-1,-1
126,-1,570.322,206.805,158.019,52.418,0.358,-1,-1,-1
127,-1,1442.325,173.594,240.761,201.938,0.979,-1,-1,-1
127,-1,279.054,177.774,322.286,299.689,0.485,-1,-1,-1
127,-1,1137.117,143.941,222.959,167.702,0.654,-1,-1,-1
127,-1,1656.061,184.303,254.991,265.985,0.987,-1,-1,-1
127,-1,960.959,136.136,174.264,132.625,0.614,-1,-1,-1
127,-1,222.870,111.154,165.801,149.658,0.637,-1,-1,-1
127,-1,568.585,205.972,154.748,51.744,0.302,-1,-1,-1
128,-1,1442.325,173.594,240.761,201.938,0.979,-1,-1,-1
128,-1,279.054,177.774,322.286,299.689,0.485,-1,-1,-1
128,-1,1137.117,143.941,222.959,167.702,0.654,-1,-1,-1
128,-1,1656.061,184.303,254.991,265.985,0.987,-1,-1,-1
128,-1,960.959,136.136,174.264,132.625,0.614,-1,-1,-1
128,-1,222.870,111.154,165.801,149.658,0.637,-1,-1,-1
128,-1,568.585,205.972,154.748,51.744,0.302,-1,-1,-1
129,-1,1442.325,173.594,240.761,201.938,0.979,-1,-1,-1
129,-1,279.054,177.774,322.286,299.689,0.485,-1,-1,-1
129,-1,1137.117,143.941,222.959,167.702,0.654,-1,-1,-1
129,-1,1656.061,184.303,254.991,265.985,0.987,-1,-1,-1
129,-1,960.959,136.136,174.264,132.625,0.614,-1,-1,-1
129,-1,222.870,111.154,165.801,149.658,0.637,-1,-1,-1
129,-1,568.585,205.972,154.748,51.744,0.302,-1,-1,-1
130,-1,1442.349,173.701,241.049,202.541,0.978,-1,-1,-1
130,-1,280.118,177.452,320.382,300.215,0.466,-1,-1,-1
130,-1,1137.615,143.752,221.948,167.431,0.661,-1,-1,-1
130,-1,1655.718,185.040,255.489,264.685,0.988,-1,-1,-1
130,-1,961.736,135.853,173.175,133.756,0.612,-1,-1,-1
130,-1,223.377,111.082,165.757,150.225,0.658,-1,-1,-1
130,-1,569.211,206.026,153.613,51.309,0.282,-1,-1,-1
131,-1,294.557,188.403,327.054,302.341,0.376,-1,-1,-1
131,-1,1128.897,139.188,215.384,169.289,0.710,-1,-1,-1
131,-1,1408.491,173.205,246.162,194.363,0.969,-1,-1,-1
131,-1,959.379,137.477,172.629,131.960,0.581,-1,-1,-1
131,-1,1613.216,187.366,277.912,246.384,0.976,-1,-1,-1
131,-1,225.032,110.281,170.601,148.792,0.640,-1,-1,-1
131,-1,496.531,196.025,153.439,66.756,0.275,-1,-1,-1
132,-1,306.577,203.607,327.625,302.637,0.313,-1,-1,-1
132,-1,1397.255,169.824,226.180,192.310,0.961,-1,-1,-1
132,-1,1117.625,133.490,208.589,172.165,0.730,-1,-1,-1
132,-1,1591.615,179.789,282.649,246.037,0.978,-1,-1,-1
132,-1,956.765,139.320,172.781,129.692,0.512,-1,-1,-1
132,-1,226.825,109.824,176.289,147.429,0.543,-1,-1,-1
132,-1,493.291,191.730,149.734,64.710,0.465,-1,-1,-1
133,-1,1570.790,171.547,281.430,247.982,0.982,-1,-1,-1
133,-1,1385.002,165.932,205.972,190.521,0.954,-1,-1,-1
133,-1,318.843,218.285,331.726,303.679,0.276,-1,-1,-1
133,-1,1103.977,127.134,202.350,175.362,0.761,-1,-1,-1
133,-1,943.289,140.152,165.172,129.135,0.472,-1,-1,-1
133,-1,227.964,107.735,181.940,147.876,0.443,-1,-1,-1
133,-1,490.870,188.289,146.190,63.415,0.473,-1,-1,-1
134,-1,1362.568,161.379,220.493,192.034,0.962,-1,-1,-1
134,-1,1568.995,170.873,274.326,244.397,0.979,-1,-1,-1
134,-1,323.691,221.869,334.103,307.691,0.927,-1,-1,-1
134,-1,1099.699,124.748,200.349,176.488,0.736,-1,-1,-1
134,-1,943.766,141.502,162.658,127.505,0.393,-1,-1,-1
134,-1,228.126,107.152,183.396,151.277,0.366,-1,-1,-1
134,-1,459.999,177.494,148.244,53.930,0.463,-1,-1,-1
135,-1,1360.969,160.711,214.953,190.440,0.935,-1,-1,-1
135,-1,1548.262,172.297,276.013,235.111,0.983,-1,-1,-1
135,-1,331.974,196.993,335.974,362.447,0.431,-1,-1,-1
135,-1,1097.485,124.445,194.895,175.770,0.724,-1,-1,-1
135,-1,229.320,106.906,181.485,154.260,0.424,-1,-1,-1
135,-1,942.958,142.994,162.273,125.019,0.313,-1,-1,-1
135,-1,454.899,177.069,143.617,54.923,0.552,-1,-1,-1
136,-1,1538.227,169.834,275.067,233.386,0.982,-1,-1,-1
136,-1,1354.572,159.508,214.953,190.763,0.925,-1,-1,-1
136,-1,321.175,194.137,351.983,375.918,0.216,-1,-1,-1
136,-1,1096.008,125.303,189.953,173.935,0.661,-1,-1,-1
136,-1,942.480,144.145,161.418,122.686,0.223,-1,-1,-1
136,-1,230.621,108.676,179.362,153.983,0.437,-1,-1,-1
136,-1,452.170,176.804,144.856,57.401,0.821,-1,-1,-1
137,-1,1524.419,166.665,275.612,233.193,0.983,-1,-1,-1
137,-1,1347.252,159.730,210.580,188.582,0.925,-1,-1,-1
137,-1,323.554,198.069,357.346,380.281,0.206,-1,-1,-1
137,-1,940.508,145.905,160.793,119.123,0.884,-1,-1,-1
137,-1,1094.786,127.264,184.314,170.987,0.590,-1,-1,-1
137,-1,230.598,110.807,179.053,152.417,0.431,-1,-1,-1
137,-1,442.549,176.792,135.905,56.940,0.862,-1,-1,-1
138,-1,1512.953,162.477,275.163,235.467,0.964,-1,-1,-1
138,-1,1337.295,158.550,212.495,190.233,0.934,-1,-1,-1
138,-1,324.604,201.325,365.881,386.510,0.881,-1,-1,-1
138,-1,940.666,147.125,156.718,117.522,0.900,-1,-1,-1
138,-1,1093.534,127.883,183.218,168.393,0.538,-1,-1,-1
138,-1,227.555,111.156,182.815,153.838,0.355,-1,-1,-1
138,-1,441.151,173.568,138.291,63.663,0.943,-1,-1,-1
139,-1,1504.679,159.343,273.600,237.387,0.955,-1,-1,-1
139,-1,1328.087,159.417,207.977,188.144,0.221,-1,-1,-1
139,-1,329.067,203.890,374.810,397.241,0.923,-1,-1,-1
139,-1,1075.558,126.782,198.591,166.186,0.467,-1,-1,-1
139,-1,216.917,110.089,200.470,164.677,0.546,-1,-1,-1
139,-1,940.410,147.998,153.745,116.010,0.943,-1,-1,-1
139,-1,441.192,169.391,137.758,73.100,0.976,-1,-1,-1
140,-1,330.999,210.477,385.470,401.466,0.933,-1,-1,-1
140,-1,1322.270,159.752,199.646,187.306,0.258,-1,-1,-1
140,-1,1499.237,157.759,272.407,237.760,0.938,-1,-1,-1
140,-1,219.979,109.730,198.081,166.941,0.498,-1,-1,-1
140,-1,439.041,164.546,142.446,84.250,0.982,-1,-1,-1
140,-1,1069.971,125.644,200.101,168.237,0.557,-1,-1,-1
140,-1,941.395,147.840,151.081,117.127,0.951,-1,-1,-1
140,-1,1260.640,199.654,36.541,54.576,0.228,-1,-1,-1
141,-1,336.144,219.877,394.306,405.230,0.929,-1,-1,-1
141,-1,1472.931,158.933,280.576,233.141,0.953,-1,-1,-1
141,-1,222.836,108.296,197.924,170.480,0.498,-1,-1,-1
141,-1,439.432,161.654,141.832,90.364,0.980,-1,-1,-1
141,-1,942.004,147.982,149.820,117.127,0.934,-1,-1,-1
141,-1,1318.476,161.550,190.054,183.838,0.274,-1,-1,-1
141,-1,1063.533,125.820,200.807,167.725,0.654,-1,-1,-1
141,-1,1257.601,200.504,47.530,55.239,0.261,-1,-1,-1
142,-1,1464.040,156.083,280.106,232.110,0.966,-1,-1,-1
142,-1,342.559,233.453,397.843,399.944,0.900,-1,-1,-1
142,-1,223.351,108.640,198.499,171.724,0.533,-1,-1,-1
142,-1,439.404,159.983,144.262,93.918,0.977,-1,-1,-1
142,-1,1297.534,165.208,199.424,172.797,0.252,-1,-1,-1
142,-1,942.714,148.008,147.834,117.192,0.921,-1,-1,-1
142,-1,1064.414,137.773,199.417,138.390,0.498,-1,-1,-1
143,-1,1456.568,154.222,274.442,230.179,0.967,-1,-1,-1
143,-1,349.541,247.188,403.588,397.746,0.903,-1,-1,-1
143,-1,1284.309,156.852,208.421,169.559,0.308,-1,-1,-1
143,-1,222.869,109.260,200.883,169.861,0.595,-1,-1,-1
143,-1,440.072,158.891,145.385,95.027,0.982,-1,-1,-1
143,-1,941.988,148.739,146.529,115.640,0.912,-1,-1,-1
143,-1,1062.231,137.926,195.280,138.160,0.555,-1,-1,-1
144,-1,1284.124,158.450,205.122,167.135,0.284,-1,-1,-1
144,-1,1450.170,152.114,271.285,230.081,0.961,-1,-1,-1
144,-1,354.002,257.157,406.701,393.337,0.913,-1,-1,-1
144,-1,222.346,110.044,202.287,167.112,0.632,-1,-1,-1
144,-1,448.678,155.764,143.265,100.028,0.979,-1,-1,-1
144,-1,1062.554,135.528,195.153,157.316,0.661,-1,-1,-1
144,-1,940.925,149.029,145.426,115.058,0.915,-1,-1,-1
145,-1,1283.134,159.343,204.059,165.387,0.290,-1,-1,-1
145,-1,1447.813,151.559,268.352,229.585,0.947,-1,-1,-1
145,-1,222.452,109.777,203.013,165.694,0.666,-1,-1,-1
145,-1,356.697,261.269,408.594,393.132,0.940,-1,-1,-1
145,-1,447.755,154.252,144.860,102.584,0.981,-1,-1,-1
145,-1,1061.815,134.888,194.466,158.638,0.678,-1,-1,-1
145,-1,940.380,149.868,145.141,113.994,0.913,-1,-1,-1
146,-1,1283.134,159.343,204.059,165.387,0.290,-1,-1,-1
146,-1,1447.813,151.559,268.352,229.585,0.947,-1,-1,-1
146,-1,222.452,109.777,203.013,165.694,0.666,-1,-1,-1
146,-1,356.697,261.269,408.594,393.132,0.940,-1,-1,-1
146,-1,447.755,154.252,144.860,102.584,0.981,-1,-1,-1
146,-1,1061.815,134.888,194.466,158.638,0.678,-1,-1,-1
146,-1,940.380,149.868,145.141,113.994,0.913,-1,-1,-1
147,-1,1283.134,159.343,204.059,165.387,0.290,-1,-1,-1
147,-1,1447.813,151.559,268.352,229.585,0.947,-1,-1,-1
147,-1,222.452,109.777,203.013,165.694,0.666,-1,-1,-1
147,-1,356.697,261.269,408.594,393.132,0.940,-1,-1,-1
147,-1,447.755,154.252,144.860,102.584,0.981,-1,-1,-1
147,-1,1061.815,134.888,194.466,158.638,0.678,-1,-1,-1
147,-1,940.380,149.868,145.141,113.994,0.913,-1,-1,-1
148,-1,1283.134,159.343,204.059,165.387,0.290,-1,-1,-1
148,-1,1447.813,151.559,268.352,229.585,0.947,-1,-1,-1
148,-1,222.452,109.777,203.013,165.694,0.666,-1,-1,-1
148,-1,356.697,261.269,408.594,393.132,0.940,-1,-1,-1
148,-1,447.755,154.252,144.860,102.584,0.981,-1,-1,-1
148,-1,1061.815,134.888,194.466,158.638,0.678,-1,-1,-1
148,-1,940.380,149.868,145.141,113.994,0.913,-1,-1,-1
149,-1,1283.134,159.343,204.059,165.387,0.290,-1,-1,-1
149,-1,1447.813,151.559,268.352,229.585,0.947,-1,-1,-1
149,-1,222.452,109.777,203.013,165.694,0.666,-1,-1,-1
149,-1,356.697,261.269,408.594,393.132,0.940,-1,-1,-1
149,-1,447.755,154.252,144.860,102.584,0.981,-1,-1,-1
149,-1,1061.815,134.888,194.466,158.638,0.678,-1,-1,-1
149,-1,940.380,149.868,145.141,113.994,0.913,-1,-1,-1
150,-1,1283.289,158.998,203.672,165.866,0.304,-1,-1,-1
150,-1,1448.254,151.192,268.025,229.539,0.939,-1,-1,-1
150,-1,356.812,262.099,408.147,391.068,0.941,-1,-1,-1
150,-1,222.940,109.837,201.759,166.501,0.653,-1,-1,-1
150,-1,447.640,154.071,144.963,102.607,0.980,-1,-1,-1
150,-1,1061.949,134.778,194.443,158.890,0.677,-1,-1,-1
150,-1,940.053,149.798,145.782,114.027,0.909,-1,-1,-1
151,-1,228.061,112.947,206.970,170.859,0.672,-1,-1,-1
151,-1,451.560,148.605,150.776,107.382,0.906,-1,-1,-1
151,-1,1267.225,157.072,202.801,165.757,0.246,-1,-1,-1
151,-1,1034.989,129.646,206.573,160.075,0.601,-1,-1,-1
151,-1,352.359,298.852,431.337,411.402,0.680,-1,-1,-1
151,-1,940.364,150.520,138.396,110.279,0.705,-1,-1,-1
151,-1,1430.150,152.621,291.844,220.831,0.611,-1,-1,-1
152,-1,233.275,115.875,213.564,176.291,0.712,-1,-1,-1
152,-1,456.301,143.946,156.712,110.906,0.293,-1,-1,-1
152,-1,1023.606,131.340,194.780,145.475,0.446,-1,-1,-1
152,-1,1376.497,147.617,266.579,219.536,0.670,-1,-1,-1
152,-1,381.847,321.015,487.697,443.600,0.585,-1,-1,-1
152,-1,927.897,157.013,120.684,99.185,0.627,-1,-1,-1
152,-1,1187.648,152.373,246.434,161.531,0.511,-1,-1,-1
153,-1,1365.758,143.025,250.220,222.273,0.946,-1,-1,-1
153,-1,460.178,139.301,164.353,117.033,0.485,-1,-1,-1
153,-1,1213.466,156.294,195.067,165.865,0.939,-1,-1,-1
153,-1,239.593,118.686,220.122,182.716,0.738,-1,-1,-1
153,-1,387.131,342.786,520.012,474.005,0.217,-1,-1,-1
153,-1,998.327,132.584,194.561,140.325,0.517,-1,-1,-1
153,-1,930.923,158.375,112.686,97.315,0.662,-1,-1,-1
154,-1,243.099,118.816,219.645,185.353,0.720,-1,-1,-1
154,-1,462.767,140.369,162.992,116.379,0.419,-1,-1,-1
154,-1,1364.068,143.925,241.613,220.218,0.919,-1,-1,-1
154,-1,1206.765,154.248,190.486,169.258,0.926,-1,-1,-1
154,-1,390.711,347.450,540.916,492.397,0.859,-1,-1,-1
154,-1,993.419,133.413,197.903,139.214,0.427,-1,-1,-1
154,-1,936.339,159.491,95.833,95.107,0.528,-1,-1,-1
155,-1,247.471,118.856,217.099,187.577,0.712,-1,-1,-1
155,-1,1343.670,146.271,249.366,213.703,0.937,-1,-1,-1
155,-1,465.589,140.215,161.188,118.743,0.326,-1,-1,-1
155,-1,1198.393,151.626,189.359,170.536,0.894,-1,-1,-1
155,-1,956.948,131.995,242.714,142.846,0.399,-1,-1,-1
155,-1,394.682,347.421,561.507,510.936,0.823,-1,-1,-1
155,-1,935.850,159.003,92.206,95.817,0.513,-1,-1,-1
156,-1,251.269,119.219,215.977,188.578,0.661,-1,-1,-1
156,-1,1340.503,147.506,243.892,210.618,0.938,-1,-1,-1
156,-1,482.087,141.844,153.893,116.214,0.927,-1,-1,-1
156,-1,1192.848,148.805,180.773,159.028,0.933,-1,-1,-1
156,-1,413.276,387.300,560.180,506.998,0.501,-1,-1,-1
156,-1,988.812,134.465,199.936,136.833,0.376,-1,-1,-1
156,-1,934.629,158.211,89.444,96.472,0.652,-1,-1,-1
157,-1,252.677,119.612,217.449,190.200,0.633,-1,-1,-1
157,-1,481.212,141.187,156.858,119.131,0.949,-1,-1,-1
157,-1,1188.157,148.226,180.791,158.792,0.937,-1,-1,-1
157,-1,1332.599,148.631,242.941,207.968,0.965,-1,-1,-1
157,-1,421.881,395.322,573.080,520.432,0.505,-1,-1,-1
157,-1,987.708,134.336,199.589,137.468,0.364,-1,-1,-1
157,-1,934.696,157.039,87.597,98.304,0.701,-1,-1,-1
158,-1,253.457,119.384,220.215,194.220,0.585,-1,-1,-1
158,-1,481.348,140.152,159.613,123.204,0.966,-1,-1,-1
158,-1,1180.726,148.994,185.740,156.204,0.952,-1,-1,-1
158,-1,1326.879,149.535,237.359,205.794,0.967,-1,-1,-1
158,-1,428.837,407.849,587.296,535.020,0.608,-1,-1,-1
158,-1,985.782,134.444,199.137,137.937,0.335,-1,-1,-1
158,-1,934.877,156.404,85.186,99.374,0.706,-1,-1,-1
159,-1,253.807,119.662,222.484,198.043,0.627,-1,-1,-1
159,-1,482.102,139.006,161.345,126.655,0.949,-1,-1,-1
159,-1,1175.429,149.499,182.666,153.143,0.964,-1,-1,-1
159,-1,1318.959,138.949,236.087,207.243,0.962,-1,-1,-1
159,-1,438.582,428.183,622.477,538.005,0.427,-1,-1,-1
159,-1,952.623,132.039,228.287,143.427,0.371,-1,-1,-1
159,-1,935.070,156.332,82.376,99.788,0.543,-1,-1,-1
160,-1,254.344,121.055,223.361,201.461,0.654,-1,-1,-1
160,-1,485.329,138.736,162.684,128.876,0.948,-1,-1,-1
160,-1,1310.013,138.754,236.789,207.701,0.966,-1,-1,-1
160,-1,437.526,448.246,641.892,546.525,0.374,-1,-1,-1
160,-1,1173.938,149.920,176.360,150.223,0.980,-1,-1,-1
160,-1,948.912,129.940,225.421,147.313,0.411,-1,-1,-1
160,-1,935.293,157.112,80.772,98.308,0.363,-1,-1,-1
161,-1,254.494,123.349,223.745,201.802,0.672,-1,-1,-1
161,-1,1304.040,138.073,238.341,209.078,0.974,-1,-1,-1
161,-1,487.602,138.904,163.561,129.251,0.947,-1,-1,-1
161,-1,1166.192,146.660,169.697,150.978,0.979,-1,-1,-1
161,-1,441.376,462.711,650.530,551.492,0.263,-1,-1,-1
161,-1,954.559,136.040,205.240,132.010,0.202,-1,-1,-1
161,-1,935.544,167.906,74.189,93.439,0.304,-1,-1,-1
162,-1,253.873,124.818,224.855,201.877,0.671,-1,-1,-1
162,-1,1300.130,137.822,239.070,210.429,0.974,-1,-1,-1
162,-1,489.513,139.085,163.840,130.535,0.964,-1,-1,-1
162,-1,1165.739,146.511,168.744,150.514,0.982,-1,-1,-1
162,-1,426.601,463.386,696.507,561.050,0.333,-1,-1,-1
162,-1,955.387,135.633,202.599,132.256,0.206,-1,-1,-1
162,-1,935.662,168.796,74.395,91.680,0.304,-1,-1,-1
163,-1,253.873,124.818,224.855,201.877,0.671,-1,-1,-1
163,-1,1300.130,137.822,239.070,210.429,0.974,-1,-1,-1
163,-1,489.513,139.085,163.840,130.535,0.964,-1,-1,-1
163,-1,1165.739,146.511,168.744,150.514,0.982,-1,-1,-1
163,-1,426.601,463.386,696.507,561.050,0.333,-1,-1,-1
163,-1,955.387,135.633,202.599,132.256,0.206,-1,-1,-1
163,-1,935.662,168.796,74.395,91.680,0.304,-1,-1,-1
164,-1,253.873,124.818,224.855,201.877,0.671,-1,-1,-1
164,-1,1300.130,137.822,239.070,210.429,0.974,-1,-1,-1
164,-1,489.513,139.085,163.840,130.535,0.964,-1,-1,-1
164,-1,1165.739,146.511,168.744,150.514,0.982,-1,-1,-1
164,-1,426.601,463.386,696.507,561.050,0.333,-1,-1,-1
164,-1,955.387,135.633,202.599,132.256,0.206,-1,-1,-1
164,-1,935.662,168.796,74.395,91.680,0.304,-1,-1,-1
165,-1,253.873,124.818,224.855,201.877,0.671,-1,-1,-1
165,-1,1300.130,137.822,239.070,210.429,0.974,-1,-1,-1
165,-1,489.513,139.085,163.840,130.535,0.964,-1,-1,-1
165,-1,1165.739,146.511,168.744,150.514,0.982,-1,-1,-1
165,-1,426.601,463.386,696.507,561.050,0.333,-1,-1,-1
165,-1,955.387,135.633,202.599,132.256,0.206,-1,-1,-1
165,-1,935.662,168.796,74.395,91.680,0.304,-1,-1,-1
166,-1,253.873,124.818,224.855,201.877,0.671,-1,-1,-1
166,-1,1300.130,137.822,239.070,210.429,0.974,-1,-1,-1
166,-1,489.513,139.085,163.840,130.535,0.964,-1,-1,-1
166,-1,1165.739,146.511,168.744,150.514,0.982,-1,-1,-1
166,-1,426.601,463.386,696.507,561.050,0.333,-1,-1,-1
166,-1,955.387,135.633,202.599,132.256,0.206,-1,-1,-1
166,-1,935.662,168.796,74.395,91.680,0.304,-1,-1,-1
167,-1,253.873,124.818,224.855,201.877,0.671,-1,-1,-1
167,-1,1300.130,137.822,239.070,210.429,0.974,-1,-1,-1
167,-1,489.513,139.085,163.840,130.535,0.964,-1,-1,-1
167,-1,1165.739,146.511,168.744,150.514,0.982,-1,-1,-1
167,-1,426.601,463.386,696.507,561.050,0.333,-1,-1,-1
167,-1,955.387,135.633,202.599,132.256,0.206,-1,-1,-1
167,-1,935.662,168.796,74.395,91.680,0.304,-1,-1,-1
168,-1,253.873,124.818,224.855,201.877,0.671,-1,-1,-1
168,-1,1300.130,137.822,239.070,210.429,0.974,-1,-1,-1
168,-1,489.513,139.085,163.840,130.535,0.964,-1,-1,-1
168,-1,1165.739,146.511,168.744,150.514,0.982,-1,-1,-1
168,-1,426.601,463.386,696.507,561.050,0.333,-1,-1,-1
168,-1,955.387,135.633,202.599,132.256,0.206,-1,-1,-1
168,-1,935.662,168.796,74.395,91.680,0.304,-1,-1,-1
169,-1,253.873,124.818,224.855,201.877,0.671,-1,-1,-1
169,-1,1300.130,137.822,239.070,210.429,0.974,-1,-1,-1
169,-1,489.513,139.085,163.840,130.535,0.964,-1,-1,-1
169,-1,1165.739,146.511,168.744,150.514,0.982,-1,-1,-1
169,-1,426.601,463.386,696.507,561.050,0.333,-1,-1,-1
169,-1,955.387,135.633,202.599,132.256,0.206,-1,-1,-1
169,-1,935.662,168.796,74.395,91.680,0.304,-1,-1,-1
170,-1,253.873,124.818,224.855,201.877,0.671,-1,-1,-1
170,-1,1300.130,137.822,239.070,210.429,0.974,-1,-1,-1
170,-1,489.513,139.085,163.840,130.535,0.964,-1,-1,-1
170,-1,1165.739,146.511,168.744,150.514,0.982,-1,-1,-1
170,-1,426.601,463.386,696.507,561.050,0.333,-1,-1,-1
170,-1,955.387,135.633,202.599,132.256,0.206,-1,-1,-1
170,-1,935.662,168.796,74.395,91.680,0.304,-1,-1,-1
171,-1,267.186,129.756,238.287,206.021,0.720,-1,-1,-1
171,-1,957.640,136.191,191.632,133.450,0.914,-1,-1,-1
171,-1,1258.019,143.028,238.059,185.936,0.816,-1,-1,-1
171,-1,1144.795,143.805,165.441,162.628,0.750,-1,-1,-1
171,-1,491.908,147.183,165.065,110.113,0.605,-1,-1,-1
171,-1,408.518,399.971,763.539,646.584,0.415,-1,-1,-1
171,-1,935.237,169.510,71.277,91.541,0.204,-1,-1,-1
172,-1,270.861,126.880,263.919,223.130,0.777,-1,-1,-1
172,-1,959.888,137.222,180.653,133.584,0.930,-1,-1,-1
172,-1,1248.751,142.121,214.380,183.494,0.882,-1,-1,-1
172,-1,545.462,164.269,180.437,110.113,0.625,-1,-1,-1
172,-1,1127.828,140.072,157.018,164.895,0.562,-1,-1,-1
172,-1,603.417,646.676,941.720,418.944,0.414,-1,-1,-1
173,-1,276.934,139.695,287.793,238.555,0.876,-1,-1,-1
173,-1,549.675,149.509,168.117,139.182,0.916,-1,-1,-1
173,-1,962.113,138.454,169.386,132.774,0.941,-1,-1,-1
173,-1,1208.120,146.049,224.414,177.746,0.933,-1,-1,-1
173,-1,631.401,655.022,890.593,431.243,0.219,-1,-1,-1
173,-1,1095.585,146.174,159.923,145.819,0.942,-1,-1,-1
174,-1,279.989,138.590,292.041,245.908,0.858,-1,-1,-1
174,-1,551.106,152.962,171.072,135.931,0.941,-1,-1,-1
174,-1,1202.529,146.942,222.703,176.612,0.934,-1,-1,-1
174,-1,962.532,139.122,164.649,131.747,0.939,-1,-1,-1
174,-1,1090.628,145.187,162.097,147.116,0.934,-1,-1,-1
175,-1,283.331,137.241,295.359,253.569,0.852,-1,-1,-1
175,-1,1199.291,145.642,218.140,177.962,0.916,-1,-1,-1
175,-1,554.484,155.985,172.200,132.948,0.904,-1,-1,-1
175,-1,964.034,140.020,157.000,130.603,0.923,-1,-1,-1
175,-1,1086.123,145.344,161.682,145.999,0.921,-1,-1,-1
176,-1,289.410,140.209,292.303,257.624,0.851,-1,-1,-1
176,-1,560.045,159.222,170.987,130.189,0.259,-1,-1,-1
176,-1,1194.770,140.650,216.561,181.417,0.879,-1,-1,-1
176,-1,942.183,140.556,168.999,129.620,0.201,-1,-1,-1
176,-1,1082.263,145.279,159.696,145.548,0.903,-1,-1,-1
176,-1,662.684,718.246,952.993,366.858,0.924,-1,-1,-1
177,-1,291.966,144.135,292.669,260.662,0.876,-1,-1,-1
177,-1,1194.346,137.084,211.209,183.083,0.222,-1,-1,-1
177,-1,566.184,158.913,169.990,132.813,0.345,-1,-1,-1
177,-1,946.936,140.733,159.861,128.903,0.216,-1,-1,-1
177,-1,1079.503,143.755,155.832,145.373,0.917,-1,-1,-1
177,-1,663.903,797.584,975.742,268.582,0.866,-1,-1,-1
178,-1,291.104,149.310,297.507,263.875,0.890,-1,-1,-1
178,-1,568.407,158.772,175.172,136.386,0.286,-1,-1,-1
178,-1,1189.411,134.730,211.761,182.796,0.219,-1,-1,-1
178,-1,948.630,142.378,156.210,125.064,0.891,-1,-1,-1
178,-1,741.457,820.671,992.028,246.356,0.961,-1,-1,-1
178,-1,1077.582,147.029,154.158,141.334,0.919,-1,-1,-1
178,-1,844.481,189.380,125.802,72.394,0.421,-1,-1,-1
179,-1,299.665,151.225,300.519,267.470,0.827,-1,-1,-1
179,-1,569.613,159.373,179.394,136.225,0.231,-1,-1,-1
179,-1,1181.858,135.087,212.908,180.643,0.876,-1,-1,-1
179,-1,952.311,144.031,149.274,121.866,0.888,-1,-1,-1
179,-1,789.730,849.148,948.854,217.886,0.908,-1,-1,-1
179,-1,1076.067,148.507,151.981,138.325,0.861,-1,-1,-1
179,-1,841.984,187.738,124.410,73.402,0.588,-1,-1,-1
180,-1,302.257,155.501,301.256,271.511,0.800,-1,-1,-1
180,-1,1176.767,134.196,210.878,180.183,0.254,-1,-1,-1
180,-1,569.091,160.889,184.276,135.102,0.244,-1,-1,-1
180,-1,951.709,145.050,148.924,120.385,0.906,-1,-1,-1
180,-1,1075.991,150.594,150.273,134.589,0.730,-1,-1,-1
180,-1,836.041,876.206,907.878,197.011,0.580,-1,-1,-1
180,-1,799.534,189.000,148.515,72.932,0.538,-1,-1,-1
181,-1,306.384,159.706,302.558,275.461,0.820,-1,-1,-1
181,-1,1169.572,132.970,210.238,180.388,0.301,-1,-1,-1
181,-1,579.744,162.990,180.620,133.526,0.319,-1,-1,-1
181,-1,948.945,145.185,149.828,120.756,0.897,-1,-1,-1
181,-1,1068.089,155.279,139.256,125.442,0.747,-1,-1,-1
181,-1,793.316,182.693,144.156,79.458,0.624,-1,-1,-1
181,-1,917.425,908.599,912.650,172.773,0.444,-1,-1,-1
182,-1,312.383,164.275,302.656,280.825,0.833,-1,-1,-1
182,-1,578.793,163.472,186.245,134.271,0.305,-1,-1,-1
182,-1,1168.053,133.036,204.225,179.155,0.258,-1,-1,-1
182,-1,944.775,144.916,151.264,122.063,0.880,-1,-1,-1
182,-1,762.630,183.571,137.877,77.051,0.775,-1,-1,-1
182,-1,1064.100,152.914,140.384,127.171,0.822,-1,-1,-1
183,-1,315.722,167.804,308.698,285.898,0.774,-1,-1,-1
183,-1,582.257,163.609,185.685,134.847,0.309,-1,-1,-1
183,-1,942.014,145.215,150.136,122.514,0.212,-1,-1,-1
183,-1,1164.659,134.955,200.662,175.925,0.863,-1,-1,-1
183,-1,1060.303,139.180,141.977,134.853,0.876,-1,-1,-1
183,-1,758.473,180.692,132.057,78.268,0.243,-1,-1,-1
183,-1,926.071,174.498,37.706,35.081,0.231,-1,-1,-1
184,-1,318.299,169.349,314.225,293.192,0.647,-1,-1,-1
184,-1,940.136,145.426,147.373,123.282,0.233,-1,-1,-1
184,-1,587.244,165.035,185.137,133.459,0.300,-1,-1,-1
184,-1,1164.274,135.915,195.638,171.837,0.838,-1,-1,-1
184,-1,1054.657,139.550,145.272,134.184,0.240,-1,-1,-1
184,-1,742.775,176.836,112.620,82.121,0.236,-1,-1,-1
185,-1,319.079,173.653,326.375,306.577,0.700,-1,-1,-1
185,-1,594.176,166.897,183.492,134.052,0.399,-1,-1,-1
185,-1,941.343,146.562,142.906,121.057,0.208,-1,-1,-1
185,-1,1127.167,137.018,230.063,163.222,0.263,-1,-1,-1
185,-1,1051.137,139.114,146.711,135.076,0.248,-1,-1,-1
186,-1,321.909,174.213,333.950,310.982,0.638,-1,-1,-1
186,-1,943.261,146.858,138.345,119.727,0.865,-1,-1,-1
186,-1,597.390,169.222,184.236,134.332,0.467,-1,-1,-1
186,-1,1131.157,135.544,220.116,162.717,0.268,-1,-1,-1
186,-1,1048.718,138.434,145.013,135.814,0.228,-1,-1,-1
187,-1,323.682,177.476,343.437,314.220,0.511,-1,-1,-1
187,-1,599.954,169.364,182.282,137.886,0.493,-1,-1,-1
187,-1,1134.312,135.151,211.438,162.431,0.207,-1,-1,-1
187,-1,947.410,147.869,132.666,117.229,0.863,-1,-1,-1
187,-1,1046.034,137.720,144.061,135.987,0.855,-1,-1,-1
188,-1,324.105,181.186,349.703,315.126,0.525,-1,-1,-1
188,-1,1135.978,135.005,205.873,162.596,0.234,-1,-1,-1
188,-1,948.457,148.467,130.088,116.056,0.870,-1,-1,-1
188,-1,600.704,169.103,181.191,141.797,0.478,-1,-1,-1
188,-1,1045.396,137.626,140.827,135.180,0.863,-1,-1,-1
189,-1,323.557,183.558,353.373,315.391,0.464,-1,-1,-1
189,-1,1134.571,135.353,205.975,162.176,0.229,-1,-1,-1
189,-1,948.416,149.400,129.389,114.253,0.874,-1,-1,-1
189,-1,602.299,168.781,180.099,144.802,0.435,-1,-1,-1
189,-1,1043.773,137.973,141.821,133.736,0.869,-1,-1,-1
190,-1,323.296,182.606,353.590,315.829,0.516,-1,-1,-1
190,-1,1135.733,135.775,204.821,161.564,0.225,-1,-1,-1
190,-1,948.664,149.378,128.633,114.304,0.883,-1,-1,-1
190,-1,602.949,168.467,179.343,145.513,0.472,-1,-1,-1
190,-1,1035.261,133.023,132.421,146.194,0.242,-1,-1,-1
191,-1,311.879,196.022,377.040,321.443,0.632,-1,-1,-1
191,-1,1128.584,132.854,205.111,164.303,0.335,-1,-1,-1
191,-1,947.750,150.058,126.055,111.798,0.855,-1,-1,-1
191,-1,582.839,153.174,207.566,171.811,0.614,-1,-1,-1
191,-1,1036.038,134.798,129.075,141.660,0.287,-1,-1,-1
192,-1,322.371,198.935,388.539,334.093,0.721,-1,-1,-1
192,-1,1119.679,129.314,205.811,167.692,0.435,-1,-1,-1
192,-1,945.862,151.147,123.847,108.640,0.863,-1,-1,-1
192,-1,572.339,146.819,222.804,182.817,0.657,-1,-1,-1
192,-1,1035.268,136.535,127.034,137.001,0.274,-1,-1,-1
193,-1,335.079,203.053,401.347,348.763,0.789,-1,-1,-1
193,-1,1109.221,125.934,206.838,172.260,0.536,-1,-1,-1
193,-1,1033.043,138.034,126.610,132.630,0.299,-1,-1,-1
193,-1,584.971,163.814,209.217,180.286,0.513,-1,-1,-1
193,-1,929.974,152.390,118.235,105.647,0.833,-1,-1,-1
194,-1,342.424,204.285,400.502,355.781,0.735,-1,-1,-1
194,-1,929.203,152.300,117.924,106.132,0.881,-1,-1,-1
194,-1,1107.197,124.968,204.373,175.093,0.488,-1,-1,-1
194,-1,1029.812,138.486,128.702,131.348,0.250,-1,-1,-1
194,-1,590.407,165.883,210.948,179.011,0.470,-1,-1,-1
194,-1,1853.982,283.952,64.502,466.294,0.496,-1,-1,-1
194,-1,497.526,150.398,156.766,71.243,0.236,-1,-1,-1
195,-1,351.424,208.634,398.631,361.836,0.662,-1,-1,-1
195,-1,930.800,151.569,114.206,107.894,0.889,-1,-1,-1
195,-1,602.885,173.916,203.014,170.085,0.363,-1,-1,-1
195,-1,1025.749,138.747,131.125,131.255,0.248,-1,-1,-1
195,-1,1106.185,124.744,202.182,177.082,0.426,-1,-1,-1
195,-1,1821.538,311.424,96.464,406.067,0.878,-1,-1,-1
195,-1,486.019,139.904,166.861,87.730,0.457,-1,-1,-1
196,-1,358.060,213.764,402.611,372.166,0.668,-1,-1,-1
196,-1,607.347,177.217,203.566,172.018,0.300,-1,-1,-1
196,-1,931.289,152.657,112.253,106.627,0.894,-1,-1,-1
196,-1,1022.915,138.906,133.248,130.826,0.272,-1,-1,-1
196,-1,1103.329,123.911,201.626,178.276,0.394,-1,-1,-1
196,-1,477.911,131.869,175.267,100.637,0.587,-1,-1,-1
197,-1,364.197,217.788,410.872,385.075,0.682,-1,-1,-1
197,-1,609.031,181.373,205.375,176.278,0.860,-1,-1,-1
197,-1,1736.246,316.073,181.135,354.489,0.952,-1,-1,-1
197,-1,931.045,152.196,111.054,107.188,0.887,-1,-1,-1
197,-1,1098.089,124.758,204.272,176.296,0.418,-1,-1,-1
197,-1,1020.395,139.071,133.741,129.451,0.271,-1,-1,-1
197,-1,458.901,134.294,166.376,103.266,0.487,-1,-1,-1
198,-1,367.566,220.678,421.127,396.001,0.753,-1,-1,-1
198,-1,610.257,183.037,210.325,185.898,0.203,-1,-1,-1
198,-1,1094.195,124.897,203.941,174.850,0.421,-1,-1,-1
198,-1,928.427,153.044,112.920,104.656,0.884,-1,-1,-1
198,-1,451.459,124.352,172.613,119.458,0.585,-1,-1,-1
198,-1,1019.105,138.960,133.621,126.659,0.275,-1,-1,-1
199,-1,368.391,228.975,430.572,396.404,0.710,-1,-1,-1
199,-1,611.523,185.179,216.954,193.111,0.201,-1,-1,-1
199,-1,927.212,152.212,114.504,106.045,0.912,-1,-1,-1
199,-1,1092.099,125.098,201.003,173.198,0.417,-1,-1,-1
199,-1,443.579,119.029,176.406,128.444,0.509,-1,-1,-1
199,-1,1018.472,139.558,131.256,123.866,0.711,-1,-1,-1
200,-1,388.027,239.909,422.470,395.466,0.690,-1,-1,-1
200,-1,613.315,188.396,223.997,199.923,0.269,-1,-1,-1
200,-1,1092.963,124.192,195.697,173.721,0.370,-1,-1,-1
200,-1,925.223,153.114,115.898,103.602,0.917,-1,-1,-1
200,-1,439.953,113.093,177.144,140.735,0.608,-1,-1,-1
200,-1,1018.148,140.858,129.987,120.046,0.593,-1,-1,-1
201,-1,389.825,247.462,420.608,395.578,0.656,-1,-1,-1
201,-1,614.438,191.015,227.949,203.047,0.299,-1,-1,-1
201,-1,1093.206,123.834,192.726,173.978,0.369,-1,-1,-1
201,-1,924.610,153.041,116.465,103.401,0.914,-1,-1,-1
201,-1,437.410,110.917,177.416,146.198,0.657,-1,-1,-1
201,-1,1018.924,142.535,127.792,116.832,0.467,-1,-1,-1
202,-1,391.440,250.525,418.459,394.319,0.641,-1,-1,-1
202,-1,615.052,193.345,229.194,205.165,0.281,-1,-1,-1
202,-1,1104.742,131.399,182.457,165.563,0.319,-1,-1,-1
202,-1,923.255,153.455,117.543,101.586,0.896,-1,-1,-1
202,-1,437.532,108.316,178.238,152.105,0.764,-1,-1,-1
202,-1,1018.886,143.762,126.960,113.934,0.393,-1,-1,-1
203,-1,391.440,250.525,418.459,394.319,0.641,-1,-1,-1
203,-1,615.052,193.345,229.194,205.165,0.281,-1,-1,-1
203,-1,1104.742,131.399,182.457,165.563,0.319,-1,-1,-1
203,-1,923.255,153.455,117.543,101.586,0.896,-1,-1,-1
203,-1,437.532,108.316,178.238,152.105,0.764,-1,-1,-1
203,-1,1018.886,143.762,126.960,113.934,0.393,-1,-1,-1
204,-1,391.440,250.525,418.459,394.319,0.641,-1,-1,-1
204,-1,615.052,193.345,229.194,205.165,0.281,-1,-1,-1
204,-1,1104.742,131.399,182.457,165.563,0.319,-1,-1,-1
204,-1,923.255,153.455,117.543,101.586,0.896,-1,-1,-1
204,-1,437.532,108.316,178.238,152.105,0.764,-1,-1,-1
204,-1,1018.886,143.762,126.960,113.934,0.393,-1,-1,-1
205,-1,391.440,250.525,418.459,394.319,0.641,-1,-1,-1
205,-1,615.052,193.345,229.194,205.165,0.281,-1,-1,-1
205,-1,1104.742,131.399,182.457,165.563,0.319,-1,-1,-1
205,-1,923.255,153.455,117.543,101.586,0.896,-1,-1,-1
205,-1,437.532,108.316,178.238,152.105,0.764,-1,-1,-1
205,-1,1018.886,143.762,126.960,113.934,0.393,-1,-1,-1
206,-1,391.440,250.525,418.459,394.319,0.641,-1,-1,-1
206,-1,615.052,193.345,229.194,205.165,0.281,-1,-1,-1
206,-1,1104.742,131.399,182.457,165.563,0.319,-1,-1,-1
206,-1,923.255,153.455,117.543,101.586,0.896,-1,-1,-1
206,-1,437.532,108.316,178.238,152.105,0.764,-1,-1,-1
206,-1,1018.886,143.762,126.960,113.934,0.393,-1,-1,-1
207,-1,391.440,250.525,418.459,394.319,0.641,-1,-1,-1
207,-1,615.052,193.345,229.194,205.165,0.281,-1,-1,-1
207,-1,1104.742,131.399,182.457,165.563,0.319,-1,-1,-1
207,-1,923.255,153.455,117.543,101.586,0.896,-1,-1,-1
207,-1,437.532,108.316,178.238,152.105,0.764,-1,-1,-1
207,-1,1018.886,143.762,126.960,113.934,0.393,-1,-1,-1
208,-1,391.440,250.525,418.459,394.319,0.641,-1,-1,-1
208,-1,615.052,193.345,229.194,205.165,0.281,-1,-1,-1
208,-1,1104.742,131.399,182.457,165.563,0.319,-1,-1,-1
208,-1,923.255,153.455,117.543,101.586,0.896,-1,-1,-1
208,-1,437.532,108.316,178.238,152.105,0.764,-1,-1,-1
208,-1,1018.886,143.762,126.960,113.934,0.393,-1,-1,-1
209,-1,391.440,250.525,418.459,394.319,0.641,-1,-1,-1
209,-1,615.052,193.345,229.194,205.165,0.281,-1,-1,-1
209,-1,1104.742,131.399,182.457,165.563,0.319,-1,-1,-1
209,-1,923.255,153.455,117.543,101.586,0.896,-1,-1,-1
209,-1,437.532,108.316,178.238,152.105,0.764,-1,-1,-1
209,-1,1018.886,143.762,126.960,113.934,0.393,-1,-1,-1
210,-1,391.440,250.525,418.459,394.319,0.641,-1,-1,-1
210,-1,615.052,193.345,229.194,205.165,0.281,-1,-1,-1
210,-1,1104.742,131.399,182.457,165.563,0.319,-1,-1,-1
210,-1,923.255,153.455,117.543,101.586,0.896,-1,-1,-1
210,-1,437.532,108.316,178.238,152.105,0.764,-1,-1,-1
210,-1,1018.886,143.762,126.960,113.934,0.393,-1,-1,-1
211,-1,595.861,208.506,253.716,187.630,0.918,-1,-1,-1
211,-1,403.137,294.880,482.075,430.471,0.636,-1,-1,-1
211,-1,934.270,156.191,91.893,98.358,0.875,-1,-1,-1
211,-1,985.676,140.866,134.058,127.243,0.815,-1,-1,-1
211,-1,421.772,96.001,218.863,172.576,0.799,-1,-1,-1
211,-1,1063.837,129.331,210.468,157.032,0.270,-1,-1,-1
211,-1,1897.133,396.112,20.776,403.352,0.202,-1,-1,-1
212,-1,575.721,221.825,281.126,174.475,0.939,-1,-1,-1
212,-1,932.994,156.034,88.193,99.391,0.894,-1,-1,-1
212,-1,985.527,142.460,127.628,123.960,0.872,-1,-1,-1
212,-1,430.577,60.899,195.967,203.484,0.853,-1,-1,-1
212,-1,1062.429,125.576,200.158,163.254,0.214,-1,-1,-1
212,-1,425.417,301.978,518.833,481.293,0.310,-1,-1,-1
212,-1,1306.369,237.709,390.307,227.118,0.489,-1,-1,-1
212,-1,1855.617,364.047,63.957,419.705,0.228,-1,-1,-1
213,-1,443.546,270.224,660.564,629.018,0.383,-1,-1,-1
213,-1,1074.355,125.582,177.613,160.012,0.970,-1,-1,-1
213,-1,1319.705,210.349,345.134,273.969,0.989,-1,-1,-1
213,-1,431.381,58.409,187.569,206.182,0.918,-1,-1,-1
213,-1,555.899,246.174,316.954,184.547,0.969,-1,-1,-1
213,-1,985.528,144.365,119.257,120.664,0.944,-1,-1,-1
213,-1,930.993,155.689,83.900,101.495,0.931,-1,-1,-1
213,-1,1840.755,391.764,74.999,354.767,0.474,-1,-1,-1
214,-1,1280.862,201.819,352.264,277.918,0.995,-1,-1,-1
214,-1,1071.711,124.431,177.270,161.820,0.962,-1,-1,-1
214,-1,431.282,54.979,188.959,207.114,0.929,-1,-1,-1
214,-1,451.625,247.275,686.129,682.602,0.359,-1,-1,-1
214,-1,562.735,251.605,307.078,190.635,0.982,-1,-1,-1
214,-1,930.825,155.922,83.097,101.681,0.930,-1,-1,-1
214,-1,985.524,144.429,118.846,120.905,0.925,-1,-1,-1
214,-1,1815.967,396.887,99.589,330.779,0.644,-1,-1,-1
215,-1,1270.625,198.342,338.826,274.053,0.990,-1,-1,-1
215,-1,476.579,352.821,691.573,610.266,0.703,-1,-1,-1
215,-1,430.238,49.211,191.011,210.231,0.943,-1,-1,-1
215,-1,1069.709,123.887,176.584,161.121,0.948,-1,-1,-1
215,-1,567.829,258.731,304.144,199.049,0.984,-1,-1,-1
215,-1,930.969,155.775,82.051,101.992,0.935,-1,-1,-1
215,-1,985.169,145.180,118.330,119.233,0.870,-1,-1,-1
216,-1,1255.709,195.998,335.670,272.494,0.986,-1,-1,-1
216,-1,496.311,384.770,691.986,603.521,0.744,-1,-1,-1
216,-1,571.030,265.358,305.459,209.960,0.984,-1,-1,-1
216,-1,431.239,42.466,191.038,214.406,0.953,-1,-1,-1
216,-1,1068.771,122.770,173.804,160.449,0.928,-1,-1,-1
216,-1,931.401,155.373,80.875,102.304,0.909,-1,-1,-1
216,-1,1000.696,146.800,91.614,114.688,0.778,-1,-1,-1
217,-1,516.337,418.683,694.098,595.657,0.558,-1,-1,-1
217,-1,1216.112,195.809,346.834,264.992,0.983,-1,-1,-1
217,-1,572.043,268.764,312.373,224.713,0.988,-1,-1,-1
217,-1,431.734,37.124,192.643,218.441,0.944,-1,-1,-1
217,-1,1067.859,123.307,171.703,157.884,0.928,-1,-1,-1
217,-1,931.399,155.729,80.210,100.870,0.858,-1,-1,-1
217,-1,1004.068,147.435,87.342,112.300,0.622,-1,-1,-1
218,-1,1209.295,194.703,335.035,263.891,0.994,-1,-1,-1
218,-1,568.276,268.256,324.580,241.666,0.989,-1,-1,-1
218,-1,540.065,425.606,722.241,617.558,0.488,-1,-1,-1
218,-1,1067.397,122.388,168.642,158.074,0.931,-1,-1,-1
218,-1,435.986,37.816,189.936,216.707,0.930,-1,-1,-1
218,-1,931.135,156.139,79.275,99.698,0.818,-1,-1,-1
218,-1,1006.753,148.968,83.210,107.196,0.528,-1,-1,-1
219,-1,1193.244,185.782,327.929,263.660,0.997,-1,-1,-1
219,-1,560.497,280.984,344.202,248.530,0.987,-1,-1,-1
219,-1,537.863,417.052,748.664,656.035,0.513,-1,-1,-1
219,-1,1048.764,127.968,179.511,151.282,0.959,-1,-1,-1
219,-1,439.489,35.837,189.108,216.535,0.926,-1,-1,-1
219,-1,953.248,148.739,128.846,115.073,0.838,-1,-1,-1
220,-1,573.569,289.263,351.224,243.263,0.990,-1,-1,-1
220,-1,548.409,482.550,760.906,121.900,0.656,-1,-1,-1
220,-1,1188.791,189.245,310.426,249.344,0.995,-1,-1,-1
220,-1,1052.158,125.911,173.361,153.487,0.959,-1,-1,-1
220,-1,442.551,33.287,190.321,218.386,0.926,-1,-1,-1
220,-1,930.543,157.300,78.701,97.646,0.818,-1,-1,-1
220,-1,979.444,149.768,94.224,111.520,0.642,-1,-1,-1
221,-1,583.007,297.296,340.923,241.354,0.996,-1,-1,-1
221,-1,569.196,494.092,772.739,98.816,0.547,-1,-1,-1
221,-1,1158.293,189.887,314.679,232.749,0.994,-1,-1,-1
221,-1,1055.465,124.763,165.010,153.975,0.968,-1,-1,-1
221,-1,444.036,28.655,193.348,221.329,0.927,-1,-1,-1
221,-1,928.978,157.375,80.583,97.525,0.817,-1,-1,-1
221,-1,980.022,149.182,93.613,112.235,0.770,-1,-1,-1
222,-1,590.558,302.720,334.716,248.190,0.996,-1,-1,-1
222,-1,1148.287,184.328,308.885,230.593,0.998,-1,-1,-1
222,-1,1548.817,320.089,370.660,281.821,0.998,-1,-1,-1
222,-1,1055.647,123.473,159.675,153.357,0.972,-1,-1,-1
222,-1,590.658,507.468,793.713,72.064,0.409,-1,-1,-1
222,-1,445.252,23.834,197.244,227.383,0.923,-1,-1,-1
222,-1,927.467,157.889,82.904,96.163,0.812,-1,-1,-1
222,-1,980.617,149.144,92.062,109.829,0.715,-1,-1,-1
223,-1,596.322,308.695,334.222,253.132,0.994,-1,-1,-1
223,-1,1136.536,177.627,299.913,229.687,0.999,-1,-1,-1
223,-1,1527.679,318.384,383.693,272.823,0.998,-1,-1,-1
223,-1,1054.702,121.778,155.114,154.730,0.979,-1,-1,-1
223,-1,447.866,24.965,196.493,225.475,0.894,-1,-1,-1
223,-1,606.266,521.236,816.313,44.528,0.290,-1,-1,-1
223,-1,926.229,158.058,85.352,96.230,0.816,-1,-1,-1
223,-1,980.148,149.213,90.550,108.870,0.703,-1,-1,-1
224,-1,1131.425,173.819,288.952,231.048,0.999,-1,-1,-1
224,-1,598.011,314.684,337.319,252.283,0.993,-1,-1,-1
224,-1,1513.725,316.110,388.341,265.998,0.997,-1,-1,-1
224,-1,1052.778,120.723,153.999,155.083,0.980,-1,-1,-1
224,-1,449.510,25.962,196.301,224.500,0.866,-1,-1,-1
224,-1,629.429,536.687,857.220,545.425,0.318,-1,-1,-1
224,-1,926.119,157.903,85.665,97.477,0.847,-1,-1,-1
224,-1,1888.896,453.919,29.307,363.003,0.293,-1,-1,-1
225,-1,1127.660,171.566,285.614,231.539,0.999,-1,-1,-1
225,-1,1494.149,314.875,391.784,256.436,0.999,-1,-1,-1
225,-1,599.949,320.325,339.262,248.867,0.994,-1,-1,-1
225,-1,1053.589,120.056,151.080,155.775,0.980,-1,-1,-1
225,-1,450.927,29.209,194.805,220.482,0.837,-1,-1,-1
225,-1,634.838,542.508,860.863,540.577,0.206,-1,-1,-1
225,-1,926.564,164.339,78.334,98.547,0.885,-1,-1,-1
225,-1,979.842,149.939,87.160,109.137,0.719,-1,-1,-1
226,-1,1127.660,171.566,285.614,231.539,0.999,-1,-1,-1
226,-1,1494.149,314.875,391.784,256.436,0.999,-1,-1,-1
226,-1,599.949,320.325,339.262,248.867,0.994,-1,-1,-1
226,-1,1053.589,120.056,151.080,155.775,0.980,-1,-1,-1
226,-1,450.927,29.209,194.805,220.482,0.837,-1,-1,-1
226,-1,634.838,542.508,860.863,540.577,0.206,-1,-1,-1
226,-1,926.564,164.339,78.334,98.547,0.885,-1,-1,-1
226,-1,979.842,149.939,87.160,109.137,0.719,-1,-1,-1
227,-1,1127.660,171.566,285.614,231.539,0.999,-1,-1,-1
227,-1,1494.149,314.875,391.784,256.436,0.999,-1,-1,-1
227,-1,599.949,320.325,339.262,248.867,0.994,-1,-1,-1
227,-1,1053.589,120.056,151.080,155.775,0.980,-1,-1,-1
227,-1,450.927,29.209,194.805,220.482,0.837,-1,-1,-1
227,-1,634.838,542.508,860.863,540.577,0.206,-1,-1,-1
227,-1,926.564,164.339,78.334,98.547,0.885,-1,-1,-1
227,-1,979.842,149.939,87.160,109.137,0.719,-1,-1,-1
228,-1,1127.660,171.566,285.614,231.539,0.999,-1,-1,-1
228,-1,1494.149,314.875,391.784,256.436,0.999,-1,-1,-1
228,-1,599.949,320.325,339.262,248.867,0.994,-1,-1,-1
228,-1,1053.589,120.056,151.080,155.775,0.980,-1,-1,-1
228,-1,450.927,29.209,194.805,220.482,0.837,-1,-1,-1
228,-1,634.838,542.508,860.863,540.577,0.206,-1,-1,-1
228,-1,926.564,164.339,78.334,98.547,0.885,-1,-1,-1
228,-1,979.842,149.939,87.160,109.137,0.719,-1,-1,-1
229,-1,1127.660,171.566,285.614,231.539,0.999,-1,-1,-1
229,-1,1494.149,314.875,391.784,256.436,0.999,-1,-1,-1
229,-1,599.949,320.325,339.262,248.867,0.994,-1,-1,-1
229,-1,1053.589,120.056,151.080,155.775,0.980,-1,-1,-1
229,-1,450.927,29.209,194.805,220.482,0.837,-1,-1,-1
229,-1,634.838,542.508,860.863,540.577,0.206,-1,-1,-1
229,-1,926.564,164.339,78.334,98.547,0.885,-1,-1,-1
229,-1,979.842,149.939,87.160,109.137,0.719,-1,-1,-1
230,-1,1127.522,171.391,285.723,231.681,0.999,-1,-1,-1
230,-1,1493.902,314.660,392.311,256.515,0.999,-1,-1,-1
230,-1,599.430,320.685,340.088,248.096,0.995,-1,-1,-1
230,-1,1054.291,120.053,150.714,155.446,0.980,-1,-1,-1
230,-1,451.226,30.531,194.777,219.729,0.849,-1,-1,-1
230,-1,635.661,543.742,861.353,538.765,0.930,-1,-1,-1
230,-1,926.637,164.578,77.977,98.125,0.888,-1,-1,-1
230,-1,979.893,149.785,87.225,109.301,0.717,-1,-1,-1
231,-1,1084.110,166.751,292.448,223.398,0.984,-1,-1,-1
231,-1,460.276,28.273,197.565,228.236,0.868,-1,-1,-1
231,-1,976.167,150.158,87.188,109.807,0.797,-1,-1,-1
231,-1,1541.351,322.617,356.308,253.006,0.725,-1,-1,-1
231,-1,916.724,167.383,77.700,95.196,0.700,-1,-1,-1
231,-1,1050.212,125.381,148.756,137.848,0.662,-1,-1,-1
231,-1,592.870,340.526,365.157,209.546,0.604,-1,-1,-1
231,-1,605.214,530.973,957.109,549.700,0.601,-1,-1,-1
231,-1,1887.568,466.170,30.974,337.698,0.373,-1,-1,-1
231,-1,1286.428,275.875,447.512,167.505,0.254,-1,-1,-1
232,-1,469.465,26.374,201.339,237.334,0.870,-1,-1,-1
232,-1,1029.415,126.620,236.292,198.480,0.854,-1,-1,-1
232,-1,972.231,150.663,86.379,109.513,0.774,-1,-1,-1
232,-1,1539.500,323.445,369.907,338.895,0.676,-1,-1,-1
232,-1,601.990,350.101,418.828,370.758,0.578,-1,-1,-1
232,-1,1310.896,268.392,372.042,194.897,0.580,-1,-1,-1
232,-1,910.110,812.386,968.064,263.565,0.511,-1,-1,-1
232,-1,915.864,169.833,73.615,91.757,0.472,-1,-1,-1
233,-1,631.168,388.922,403.447,362.609,0.999,-1,-1,-1
233,-1,1019.996,140.433,270.074,226.754,0.959,-1,-1,-1
233,-1,1306.352,256.292,311.414,218.942,0.997,-1,-1,-1
233,-1,478.367,19.910,206.832,252.426,0.885,-1,-1,-1
233,-1,937.811,821.483,956.530,248.239,0.941,-1,-1,-1
233,-1,966.046,164.042,82.871,103.153,0.777,-1,-1,-1
233,-1,922.828,178.934,44.311,77.503,0.349,-1,-1,-1
234,-1,645.627,411.525,398.941,354.233,0.999,-1,-1,-1
234,-1,1545.627,325.369,373.951,306.853,0.997,-1,-1,-1
234,-1,1296.159,250.130,300.315,215.567,0.999,-1,-1,-1
234,-1,1015.390,141.261,256.730,223.379,0.953,-1,-1,-1
234,-1,478.443,18.956,210.282,255.764,0.861,-1,-1,-1
234,-1,967.801,850.107,947.984,222.199,0.746,-1,-1,-1
234,-1,944.600,171.246,83.517,91.210,0.683,-1,-1,-1
234,-1,923.331,184.937,37.808,69.820,0.287,-1,-1,-1
235,-1,652.933,432.010,405.506,343.420,0.998,-1,-1,-1
235,-1,1276.907,247.676,301.064,210.523,0.999,-1,-1,-1
235,-1,1004.854,133.555,251.772,218.251,0.946,-1,-1,-1
235,-1,477.780,16.949,215.064,259.618,0.873,-1,-1,-1
235,-1,1520.757,318.428,382.408,327.628,0.979,-1,-1,-1
235,-1,946.167,171.383,82.119,92.748,0.726,-1,-1,-1
235,-1,924.957,188.803,33.369,65.640,0.262,-1,-1,-1
236,-1,644.834,457.031,433.483,344.795,0.999,-1,-1,-1
236,-1,999.120,132.684,244.818,217.052,0.931,-1,-1,-1
236,-1,484.275,30.124,203.129,243.380,0.852,-1,-1,-1
236,-1,1259.158,245.513,313.020,204.599,0.991,-1,-1,-1
236,-1,1502.465,301.541,372.793,318.573,0.980,-1,-1,-1
236,-1,944.702,172.130,80.696,91.555,0.696,-1,-1,-1
237,-1,643.370,458.364,453.155,363.965,0.999,-1,-1,-1
237,-1,1466.557,320.548,390.978,262.734,0.999,-1,-1,-1
237,-1,1230.847,235.175,308.974,203.343,0.999,-1,-1,-1
237,-1,492.900,25.190,206.583,259.737,0.897,-1,-1,-1
237,-1,997.775,133.738,234.543,209.891,0.915,-1,-1,-1
237,-1,943.266,172.485,78.502,90.957,0.652,-1,-1,-1
238,-1,642.261,466.625,468.917,380.218,0.999,-1,-1,-1
238,-1,1220.835,228.790,297.137,206.784,0.999,-1,-1,-1
238,-1,493.615,27.231,210.017,259.311,0.845,-1,-1,-1
238,-1,972.351,134.500,245.125,198.898,0.936,-1,-1,-1
238,-1,1452.595,316.154,381.909,255.949,0.995,-1,-1,-1
238,-1,948.502,182.439,56.002,79.810,0.566,-1,-1,-1
239,-1,651.090,479.778,492.866,391.115,0.999,-1,-1,-1
239,-1,1208.114,228.176,292.065,200.810,0.998,-1,-1,-1
239,-1,965.609,135.339,238.937,194.325,0.955,-1,-1,-1
239,-1,493.988,27.823,212.187,261.549,0.783,-1,-1,-1
239,-1,1417.339,309.679,379.758,250.035,0.996,-1,-1,-1
239,-1,947.151,182.077,50.745,80.181,0.403,-1,-1,-1
239,-1,930.621,194.166,31.215,63.096,0.200,-1,-1,-1
240,-1,652.832,490.359,503.986,403.540,0.999,-1,-1,-1
240,-1,1403.431,303.585,373.789,250.411,0.999,-1,-1,-1
240,-1,953.807,134.467,240.241,193.159,0.938,-1,-1,-1
240,-1,494.420,27.899,216.657,265.688,0.799,-1,-1,-1
240,-1,1201.477,217.752,276.636,199.646,0.987,-1,-1,-1
241,-1,653.365,497.231,514.494,411.662,0.999,-1,-1,-1
241,-1,1390.916,300.950,368.762,245.997,0.999,-1,-1,-1
241,-1,945.774,133.769,241.415,192.241,0.924,-1,-1,-1
241,-1,494.007,26.281,219.354,271.350,0.858,-1,-1,-1
241,-1,1175.740,228.950,289.304,192.716,0.993,-1,-1,-1
242,-1,651.566,498.890,524.313,417.554,0.999,-1,-1,-1
242,-1,1182.094,216.093,270.841,194.633,0.998,-1,-1,-1
242,-1,1381.661,299.346,372.601,245.448,0.999,-1,-1,-1
242,-1,942.031,133.490,243.837,191.890,0.903,-1,-1,-1
242,-1,494.952,26.573,220.398,271.934,0.928,-1,-1,-1
243,-1,651.566,498.890,524.313,417.554,0.999,-1,-1,-1
243,-1,1182.094,216.093,270.841,194.633,0.998,-1,-1,-1
243,-1,1381.661,299.346,372.601,245.448,0.999,-1,-1,-1
243,-1,942.031,133.490,243.837,191.890,0.903,-1,-1,-1
243,-1,494.952,26.573,220.398,271.934,0.928,-1,-1,-1
244,-1,651.566,498.890,524.313,417.554,0.999,-1,-1,-1
244,-1,1182.094,216.093,270.841,194.633,0.998,-1,-1,-1
244,-1,1381.661,299.346,372.601,245.448,0.999,-1,-1,-1
244,-1,942.031,133.490,243.837,191.890,0.903,-1,-1,-1
244,-1,494.952,26.573,220.398,271.934,0.928,-1,-1,-1
245,-1,651.566,498.890,524.313,417.554,0.999,-1,-1,-1
245,-1,1182.094,216.093,270.841,194.633,0.998,-1,-1,-1
245,-1,1381.661,299.346,372.601,245.448,0.999,-1,-1,-1
245,-1,942.031,133.490,243.837,191.890,0.903,-1,-1,-1
245,-1,494.952,26.573,220.398,271.934,0.928,-1,-1,-1
246,-1,651.566,498.890,524.313,417.554,0.999,-1,-1,-1
246,-1,1182.094,216.093,270.841,194.633,0.998,-1,-1,-1
246,-1,1381.661,299.346,372.601,245.448,0.999,-1,-1,-1
246,-1,942.031,133.490,243.837,191.890,0.903,-1,-1,-1
246,-1,494.952,26.573,220.398,271.934,0.928,-1,-1,-1
247,-1,651.566,498.890,524.313,417.554,0.999,-1,-1,-1
247,-1,1182.094,216.093,270.841,194.633,0.998,-1,-1,-1
247,-1,1381.661,299.346,372.601,245.448,0.999,-1,-1,-1
247,-1,942.031,133.490,243.837,191.890,0.903,-1,-1,-1
247,-1,494.952,26.573,220.398,271.934,0.928,-1,-1,-1
248,-1,651.566,498.890,524.313,417.554,0.999,-1,-1,-1
248,-1,1182.094,216.093,270.841,194.633,0.998,-1,-1,-1
248,-1,1381.661,299.346,372.601,245.448,0.999,-1,-1,-1
248,-1,942.031,133.490,243.837,191.890,0.903,-1,-1,-1
248,-1,494.952,26.573,220.398,271.934,0.928,-1,-1,-1
249,-1,651.566,498.890,524.313,417.554,0.999,-1,-1,-1
249,-1,1182.094,216.093,270.841,194.633,0.998,-1,-1,-1
249,-1,1381.661,299.346,372.601,245.448,0.999,-1,-1,-1
249,-1,942.031,133.490,243.837,191.890,0.903,-1,-1,-1
249,-1,494.952,26.573,220.398,271.934,0.928,-1,-1,-1
250,-1,651.566,498.890,524.313,417.554,0.999,-1,-1,-1
250,-1,1182.094,216.093,270.841,194.633,0.998,-1,-1,-1
250,-1,1381.661,299.346,372.601,245.448,0.999,-1,-1,-1
250,-1,942.031,133.490,243.837,191.890,0.903,-1,-1,-1
250,-1,494.952,26.573,220.398,271.934,0.928,-1,-1,-1
251,-1,511.124,24.920,225.743,280.450,0.915,-1,-1,-1
251,-1,1196.422,237.251,307.130,193.229,0.944,-1,-1,-1
251,-1,938.052,127.818,240.895,186.721,0.548,-1,-1,-1
251,-1,619.817,498.046,622.575,408.578,0.544,-1,-1,-1
251,-1,1363.205,321.235,423.814,202.832,0.502,-1,-1,-1
252,-1,524.723,23.652,236.027,288.592,0.910,-1,-1,-1
252,-1,1204.025,237.842,300.923,206.133,0.972,-1,-1,-1
252,-1,883.949,128.046,237.419,182.046,0.259,-1,-1,-1
252,-1,1026.982,170.977,253.804,185.132,0.618,-1,-1,-1
252,-1,727.303,814.383,828.103,272.819,0.438,-1,-1,-1
252,-1,1886.940,303.798,30.114,287.239,0.349,-1,-1,-1
252,-1,578.796,495.952,735.482,399.510,0.217,-1,-1,-1
252,-1,1025.388,124.086,138.879,72.105,0.218,-1,-1,-1
253,-1,1205.059,235.152,298.162,220.985,0.999,-1,-1,-1
253,-1,1044.264,174.569,233.924,181.404,0.996,-1,-1,-1
253,-1,553.134,32.927,240.118,292.928,0.814,-1,-1,-1
253,-1,874.846,123.182,229.974,183.973,0.381,-1,-1,-1
253,-1,785.168,800.289,739.405,280.380,0.954,-1,-1,-1
253,-1,1876.781,341.514,43.016,207.230,0.478,-1,-1,-1
253,-1,1027.995,120.905,131.531,84.476,0.328,-1,-1,-1
254,-1,1193.564,232.274,297.751,218.320,0.999,-1,-1,-1
254,-1,556.933,36.113,241.214,289.364,0.826,-1,-1,-1
254,-1,1033.175,173.967,235.798,176.965,0.995,-1,-1,-1
254,-1,868.704,123.603,234.052,183.299,0.398,-1,-1,-1
254,-1,828.575,826.879,762.341,247.117,0.964,-1,-1,-1
254,-1,1027.060,121.832,132.485,85.788,0.442,-1,-1,-1
255,-1,560.414,35.193,245.590,293.006,0.822,-1,-1,-1
255,-1,1165.135,230.229,313.347,209.249,0.999,-1,-1,-1
255,-1,1026.636,173.337,231.907,172.149,0.994,-1,-1,-1
255,-1,860.104,849.055,745.715,221.105,0.974,-1,-1,-1
255,-1,841.963,119.956,212.019,188.905,0.320,-1,-1,-1
255,-1,1027.152,124.423,130.162,82.231,0.464,-1,-1,-1
256,-1,563.697,35.718,251.810,296.064,0.840,-1,-1,-1
256,-1,1158.322,226.621,313.538,208.876,0.999,-1,-1,-1
256,-1,1022.857,172.564,225.377,169.683,0.993,-1,-1,-1
256,-1,839.178,118.214,207.491,188.139,0.250,-1,-1,-1
256,-1,903.383,866.778,707.592,203.891,0.853,-1,-1,-1
256,-1,1023.756,130.157,124.130,102.108,0.487,-1,-1,-1
257,-1,565.903,34.440,260.537,301.977,0.854,-1,-1,-1
257,-1,1152.263,222.622,304.182,211.395,0.999,-1,-1,-1
257,-1,1016.643,171.584,219.806,167.516,0.989,-1,-1,-1
257,-1,835.556,116.649,199.764,187.212,0.236,-1,-1,-1
257,-1,961.835,941.927,647.195,135.535,0.684,-1,-1,-1
257,-1,1020.717,127.404,130.148,77.588,0.363,-1,-1,-1
258,-1,567.538,37.786,268.032,300.750,0.850,-1,-1,-1
258,-1,1148.829,211.037,279.738,209.783,0.999,-1,-1,-1
258,-1,832.342,116.327,192.723,184.086,0.207,-1,-1,-1
258,-1,1732.207,253.497,185.909,244.241,0.964,-1,-1,-1
258,-1,1000.095,161.440,206.639,182.905,0.935,-1,-1,-1
258,-1,976.616,964.027,647.436,116.189,0.656,-1,-1,-1
258,-1,1015.302,129.069,134.111,71.740,0.355,-1,-1,-1
259,-1,1139.308,212.332,272.194,203.432,0.999,-1,-1,-1
259,-1,571.846,41.468,271.266,299.352,0.860,-1,-1,-1
259,-1,831.726,115.796,187.036,182.272,0.279,-1,-1,-1
259,-1,995.502,149.679,200.476,177.963,0.963,-1,-1,-1
259,-1,1026.548,975.734,663.736,108.793,0.302,-1,-1,-1
259,-1,1011.184,131.404,138.232,63.665,0.351,-1,-1,-1
260,-1,1132.337,213.867,267.504,194.631,0.999,-1,-1,-1
260,-1,577.405,42.896,272.820,301.454,0.850,-1,-1,-1
260,-1,1679.701,248.783,240.007,228.817,0.973,-1,-1,-1
260,-1,991.766,149.570,198.280,178.143,0.987,-1,-1,-1
260,-1,830.967,114.736,185.976,179.912,0.258,-1,-1,-1
260,-1,1009.014,132.556,143.439,59.705,0.238,-1,-1,-1
261,-1,586.520,44.232,270.754,303.825,0.804,-1,-1,-1
261,-1,1127.996,215.092,266.439,184.592,0.999,-1,-1,-1
261,-1,1660.491,243.877,258.808,228.944,0.957,-1,-1,-1
261,-1,983.146,148.128,199.956,178.035,0.984,-1,-1,-1
261,-1,833.104,113.233,187.767,178.030,0.331,-1,-1,-1
262,-1,592.908,42.141,271.331,312.710,0.799,-1,-1,-1
262,-1,1117.007,214.338,262.709,179.654,0.999,-1,-1,-1
262,-1,976.818,144.457,195.789,181.952,0.964,-1,-1,-1
262,-1,847.848,129.000,161.846,144.928,0.383,-1,-1,-1
263,-1,1108.912,211.942,266.000,179.675,0.999,-1,-1,-1
263,-1,597.318,46.061,272.602,313.258,0.823,-1,-1,-1
263,-1,1604.051,240.369,310.887,223.526,0.983,-1,-1,-1
263,-1,968.887,145.038,193.493,179.020,0.960,-1,-1,-1
263,-1,856.748,128.050,146.665,144.620,0.496,-1,-1,-1
264,-1,611.770,50.508,267.852,316.068,0.749,-1,-1,-1
264,-1,1099.029,207.211,266.654,181.274,0.999,-1,-1,-1
264,-1,1584.879,233.662,319.547,224.071,0.984,-1,-1,-1
264,-1,960.483,145.898,192.977,178.135,0.964,-1,-1,-1
264,-1,864.417,127.441,131.493,141.690,0.496,-1,-1,-1
265,-1,614.459,52.936,275.448,316.347,0.796,-1,-1,-1
265,-1,1565.484,225.572,322.137,225.806,0.988,-1,-1,-1
265,-1,1087.431,204.614,266.274,182.539,0.999,-1,-1,-1
265,-1,952.444,147.717,191.510,175.794,0.980,-1,-1,-1
265,-1,870.460,127.528,120.628,136.819,0.321,-1,-1,-1
266,-1,619.268,27.976,283.653,351.531,0.843,-1,-1,-1
266,-1,1078.333,202.341,261.146,182.355,0.998,-1,-1,-1
266,-1,948.423,148.010,187.460,176.562,0.953,-1,-1,-1
266,-1,1524.247,222.595,333.746,216.419,0.982,-1,-1,-1
266,-1,882.071,127.673,91.128,134.524,0.375,-1,-1,-1
267,-1,625.964,26.966,291.970,357.165,0.894,-1,-1,-1
267,-1,1519.725,222.177,320.168,212.636,0.991,-1,-1,-1
267,-1,1068.921,201.391,260.857,181.818,0.998,-1,-1,-1
267,-1,946.603,147.167,186.204,178.917,0.930,-1,-1,-1
267,-1,889.173,128.521,79.075,131.555,0.283,-1,-1,-1
267,-1,1021.227,130.528,128.246,74.344,0.228,-1,-1,-1
268,-1,634.623,31.474,295.446,356.042,0.871,-1,-1,-1
268,-1,1511.480,213.321,301.775,207.471,0.986,-1,-1,-1
268,-1,1060.610,199.600,262.792,181.796,0.996,-1,-1,-1
268,-1,934.324,151.567,190.349,168.960,0.877,-1,-1,-1
268,-1,899.239,130.115,64.446,126.134,0.377,-1,-1,-1
268,-1,1020.459,131.518,127.642,72.618,0.236,-1,-1,-1
269,-1,641.773,35.025,300.321,355.290,0.835,-1,-1,-1
269,-1,1496.449,212.913,296.824,203.268,0.974,-1,-1,-1
269,-1,1030.411,195.348,277.704,178.041,0.981,-1,-1,-1
269,-1,935.092,159.665,176.035,146.517,0.950,-1,-1,-1
269,-1,1018.919,132.281,126.572,69.581,0.240,-1,-1,-1
269,-1,910.243,131.047,53.351,125.300,0.208,-1,-1,-1
270,-1,646.592,44.437,307.587,349.567,0.796,-1,-1,-1
270,-1,1011.471,189.843,284.768,181.437,0.994,-1,-1,-1
270,-1,1468.277,211.842,294.146,195.514,0.978,-1,-1,-1
270,-1,939.421,160.188,163.578,142.924,0.931,-1,-1,-1
271,-1,645.470,50.871,320.592,352.223,0.789,-1,-1,-1
271,-1,1460.114,207.502,284.004,194.932,0.933,-1,-1,-1
271,-1,992.201,182.365,285.741,186.901,0.984,-1,-1,-1
271,-1,943.675,161.545,150.680,137.354,0.720,-1,-1,-1
272,-1,1446.113,204.500,277.031,193.237,0.923,-1,-1,-1
272,-1,666.674,54.869,309.224,356.226,0.762,-1,-1,-1
272,-1,981.566,179.222,280.364,187.396,0.982,-1,-1,-1
272,-1,948.539,164.671,135.533,122.683,0.459,-1,-1,-1
273,-1,670.495,54.994,319.204,363.308,0.795,-1,-1,-1
273,-1,1432.058,201.951,272.431,191.566,0.904,-1,-1,-1
273,-1,960.910,171.791,269.695,184.511,0.936,-1,-1,-1
274,-1,675.687,55.183,327.200,365.711,0.841,-1,-1,-1
274,-1,972.318,166.564,238.131,189.336,0.945,-1,-1,-1
274,-1,1404.051,199.432,273.373,187.951,0.965,-1,-1,-1
275,-1,683.980,59.309,329.493,363.430,0.866,-1,-1,-1
275,-1,1395.744,196.220,266.392,185.415,0.970,-1,-1,-1
275,-1,979.863,160.837,206.554,194.457,0.792,-1,-1,-1
275,-1,1859.253,364.020,58.066,410.622,0.204,-1,-1,-1
276,-1,1381.553,193.413,263.265,183.819,0.958,-1,-1,-1
276,-1,702.279,80.175,309.677,346.791,0.865,-1,-1,-1
276,-1,997.341,159.979,156.500,197.586,0.846,-1,-1,-1
276,-1,1844.941,317.510,74.421,406.226,0.438,-1,-1,-1
276,-1,1105.519,197.996,125.272,76.923,0.234,-1,-1,-1
277,-1,709.959,76.515,316.580,356.072,0.841,-1,-1,-1
277,-1,1367.577,190.713,259.403,183.900,0.908,-1,-1,-1
277,-1,998.715,161.607,130.052,194.267,0.504,-1,-1,-1
277,-1,1110.985,199.816,121.597,75.674,0.450,-1,-1,-1
278,-1,711.841,72.981,329.583,369.379,0.844,-1,-1,-1
278,-1,1360.205,189.769,253.130,182.764,0.897,-1,-1,-1
278,-1,1024.640,197.460,73.851,146.273,0.522,-1,-1,-1
278,-1,1020.684,139.592,121.563,113.601,0.288,-1,-1,-1
278,-1,1108.852,200.754,126.964,73.534,0.537,-1,-1,-1
279,-1,1339.217,189.268,257.811,177.882,0.953,-1,-1,-1
279,-1,710.391,72.977,365.215,378.012,0.809,-1,-1,-1
279,-1,1023.816,137.581,118.580,129.128,0.336,-1,-1,-1
279,-1,1108.195,200.205,130.468,73.909,0.440,-1,-1,-1
279,-1,1032.107,197.251,53.202,144.125,0.258,-1,-1,-1
280,-1,1336.957,189.905,257.323,176.397,0.968,-1,-1,-1
280,-1,710.963,75.332,366.352,376.650,0.818,-1,-1,-1
280,-1,1026.973,137.198,106.485,135.562,0.448,-1,-1,-1
280,-1,1112.230,201.572,126.824,71.924,0.305,-1,-1,-1
281,-1,1337.163,189.483,257.138,177.017,0.959,-1,-1,-1
281,-1,711.367,73.530,365.545,378.962,0.807,-1,-1,-1
281,-1,1026.715,137.058,106.442,135.908,0.441,-1,-1,-1
281,-1,1112.136,202.499,127.078,70.696,0.272,-1,-1,-1
282,-1,1337.370,189.061,256.953,177.638,0.951,-1,-1,-1
282,-1,711.771,71.721,364.739,381.288,0.797,-1,-1,-1
282,-1,1026.457,136.918,106.399,136.256,0.434,-1,-1,-1
282,-1,1112.042,203.416,127.332,69.489,0.240,-1,-1,-1
283,-1,1337.370,189.061,256.953,177.638,0.951,-1,-1,-1
283,-1,711.771,71.721,364.739,381.288,0.797,-1,-1,-1
283,-1,1026.457,136.918,106.399,136.256,0.434,-1,-1,-1
283,-1,1112.042,203.416,127.332,69.489,0.240,-1,-1,-1
284,-1,1337.370,189.061,256.953,177.638,0.951,-1,-1,-1
284,-1,711.771,71.721,364.739,381.288,0.797,-1,-1,-1
284,-1,1026.457,136.918,106.399,136.256,0.434,-1,-1,-1
284,-1,1112.042,203.416,127.332,69.489,0.240,-1,-1,-1
285,-1,1337.370,189.061,256.953,177.638,0.951,-1,-1,-1
285,-1,711.771,71.721,364.739,381.288,0.797,-1,-1,-1
285,-1,1026.457,136.918,106.399,136.256,0.434,-1,-1,-1
285,-1,1112.042,203.416,127.332,69.489,0.240,-1,-1,-1
286,-1,1337.370,189.061,256.953,177.638,0.951,-1,-1,-1
286,-1,711.771,71.721,364.739,381.288,0.797,-1,-1,-1
286,-1,1026.457,136.918,106.399,136.256,0.434,-1,-1,-1
286,-1,1112.042,203.416,127.332,69.489,0.240,-1,-1,-1
287,-1,1337.370,189.061,256.953,177.638,0.951,-1,-1,-1
287,-1,711.771,71.721,364.739,381.288,0.797,-1,-1,-1
287,-1,1026.457,136.918,106.399,136.256,0.434,-1,-1,-1
287,-1,1112.042,203.416,127.332,69.489,0.240,-1,-1,-1
288,-1,1337.370,189.061,256.953,177.638,0.951,-1,-1,-1
288,-1,711.771,71.721,364.739,381.288,0.797,-1,-1,-1
288,-1,1026.457,136.918,106.399,136.256,0.434,-1,-1,-1
288,-1,1112.042,203.416,127.332,69.489,0.240,-1,-1,-1
289,-1,1337.370,189.061,256.953,177.638,0.951,-1,-1,-1
289,-1,711.771,71.721,364.739,381.288,0.797,-1,-1,-1
289,-1,1026.457,136.918,106.399,136.256,0.434,-1,-1,-1
289,-1,1112.042,203.416,127.332,69.489,0.240,-1,-1,-1
290,-1,1337.370,189.061,256.953,177.638,0.951,-1,-1,-1
290,-1,711.771,71.721,364.739,381.288,0.797,-1,-1,-1
290,-1,1026.457,136.918,106.399,136.256,0.434,-1,-1,-1
290,-1,1112.042,203.416,127.332,69.489,0.240,-1,-1,-1
291,-1,1316.831,181.588,281.489,185.345,0.542,-1,-1,-1
291,-1,754.210,76.641,313.591,397.325,0.396,-1,-1,-1
291,-1,1755.132,345.231,152.698,325.459,0.503,-1,-1,-1
291,-1,1034.510,139.591,96.226,121.443,0.359,-1,-1,-1
291,-1,1236.629,182.056,157.984,106.563,0.297,-1,-1,-1
291,-1,685.206,144.161,152.125,102.261,0.219,-1,-1,-1
292,-1,1380.935,309.546,439.246,203.332,0.444,-1,-1,-1
292,-1,182.622,194.353,478.340,140.782,0.469,-1,-1,-1
292,-1,832.840,169.632,529.102,396.256,0.381,-1,-1,-1
292,-1,1247.844,174.063,144.680,129.503,0.625,-1,-1,-1
292,-1,684.498,143.681,145.126,104.704,0.536,-1,-1,-1
292,-1,796.705,150.679,127.364,106.754,0.408,-1,-1,-1
292,-1,1300.340,175.383,305.740,193.578,0.231,-1,-1,-1
293,-1,1416.867,275.330,367.584,252.694,0.994,-1,-1,-1
293,-1,202.347,174.773,431.132,160.224,0.998,-1,-1,-1
293,-1,883.709,135.686,432.340,460.367,0.794,-1,-1,-1
293,-1,684.879,143.170,136.460,109.721,0.949,-1,-1,-1
293,-1,794.733,141.888,128.168,125.353,0.940,-1,-1,-1
293,-1,1258.422,164.710,131.642,152.835,0.797,-1,-1,-1
294,-1,180.090,176.069,436.157,159.359,0.997,-1,-1,-1
294,-1,1404.591,262.779,356.827,256.429,0.994,-1,-1,-1
294,-1,899.973,138.097,444.528,472.733,0.874,-1,-1,-1
294,-1,791.259,142.233,136.725,124.424,0.985,-1,-1,-1
294,-1,682.831,145.337,134.665,108.091,0.961,-1,-1,-1
294,-1,1291.276,167.366,91.837,142.014,0.561,-1,-1,-1
295,-1,1401.093,261.534,334.122,251.325,0.994,-1,-1,-1
295,-1,918.345,131.395,451.534,491.586,0.916,-1,-1,-1
295,-1,787.502,141.968,147.905,123.760,0.984,-1,-1,-1
295,-1,175.806,176.151,418.088,161.029,0.989,-1,-1,-1
295,-1,683.896,147.387,128.472,106.201,0.938,-1,-1,-1
295,-1,1300.178,171.140,82.273,126.524,0.335,-1,-1,-1
296,-1,138.202,181.123,417.533,156.287,0.993,-1,-1,-1
296,-1,1399.650,258.411,317.948,244.662,0.993,-1,-1,-1
296,-1,783.002,139.444,158.432,128.079,0.965,-1,-1,-1
296,-1,934.108,124.863,458.861,512.336,0.936,-1,-1,-1
296,-1,684.713,148.756,121.730,104.903,0.915,-1,-1,-1
297,-1,121.668,181.247,426.574,156.174,0.992,-1,-1,-1
297,-1,1397.063,254.142,288.415,230.752,0.997,-1,-1,-1
297,-1,962.799,129.113,473.707,511.207,0.776,-1,-1,-1
297,-1,779.387,139.602,162.755,126.582,0.959,-1,-1,-1
297,-1,685.955,150.747,116.880,102.617,0.901,-1,-1,-1
298,-1,107.947,180.697,427.438,156.946,0.992,-1,-1,-1
298,-1,975.513,132.105,482.724,522.635,0.667,-1,-1,-1
298,-1,1410.112,248.293,253.085,228.973,0.990,-1,-1,-1
298,-1,775.225,138.882,165.011,125.635,0.943,-1,-1,-1
298,-1,677.070,150.826,115.066,105.884,0.886,-1,-1,-1
299,-1,101.525,178.819,421.098,158.150,0.996,-1,-1,-1
299,-1,997.000,142.519,492.139,526.113,0.600,-1,-1,-1
299,-1,773.634,138.422,163.428,122.112,0.946,-1,-1,-1
299,-1,677.845,153.567,112.033,100.311,0.902,-1,-1,-1
299,-1,1423.928,247.260,221.888,221.236,0.722,-1,-1,-1
299,-1,942.844,138.846,134.210,120.817,0.416,-1,-1,-1
