1,-1,5.202,1337.627,639.204,571.490,0.837,-1,-1,-1
2,-1,0.000,1366.586,1040.855,541.308,0.846,-1,-1,-1
3,-1,282.898,1366.419,1181.743,552.800,0.948,-1,-1,-1
4,-1,763.025,1349.907,1123.440,567.595,0.974,-1,-1,-1
5,-1,1195.982,1325.749,1107.146,584.329,0.990,-1,-1,-1
7,-1,1928.724,1291.093,613.604,617.550,0.959,-1,-1,-1
78,-1,8.310,1481.513,356.504,433.850,0.257,-1,-1,-1
80,-1,0.000,1379.746,1301.175,536.679,0.703,-1,-1,-1
81,-1,0.000,1393.767,1756.329,490.948,0.755,-1,-1,-1
81,-1,0.000,576.178,1805.365,1337.156,0.258,-1,-1,-1
82,-1,476.727,1389.776,1689.106,514.251,0.900,-1,-1,-1
83,-1,956.772,1347.985,1594.387,540.084,0.919,-1,-1,-1
85,-1,1766.927,1293.988,791.367,623.650,0.946,-1,-1,-1
86,-1,2205.758,1296.630,347.887,618.044,0.765,-1,-1,-1
131,-1,0.000,1407.072,222.957,451.752,0.224,-1,-1,-1
133,-1,0.000,1324.197,1154.335,594.892,0.712,-1,-1,-1
134,-1,0.000,1321.137,1711.257,573.485,0.700,-1,-1,-1
134,-1,0.000,1321.137,1711.257,573.485,0.239,-1,-1,-1
135,-1,172.891,1275.776,1998.057,632.623,0.464,-1,-1,-1
135,-1,172.891,1275.776,1998.057,632.623,0.455,-1,-1,-1
136,-1,727.361,1255.827,1115.786,637.616,0.566,-1,-1,-1
136,-1,679.827,1241.828,1816.673,668.095,0.413,-1,-1,-1
137,-1,1198.448,1245.454,185.110,664.407,0.781,-1,-1,-1
137,-1,1177.637,1244.945,239.341,668.340,0.224,-1,-1,-1
138,-1,1563.890,1245.047,991.882,665.321,0.740,-1,-1,-1
138,-1,1561.916,1229.552,989.979,681.776,0.424,-1,-1,-1
139,-1,1967.534,1205.178,589.416,650.126,0.744,-1,-1,-1
236,-1,2294.711,854.259,259.616,390.571,0.828,-1,-1,-1
237,-1,1977.423,758.818,576.803,560.321,0.455,-1,-1,-1
238,-1,1648.979,747.464,892.158,586.390,0.593,-1,-1,-1
238,-1,1652.679,750.687,892.558,576.971,0.470,-1,-1,-1
239,-1,1318.697,798.395,1240.852,526.801,0.920,-1,-1,-1
240,-1,10.173,1413.837,490.050,471.099,0.694,-1,-1,-1
240,-1,915.554,773.454,1582.758,580.446,0.943,-1,-1,-1
241,-1,547.886,759.627,1628.654,610.803,0.915,-1,-1,-1
242,-1,164.934,763.539,1623.301,619.660,0.262,-1,-1,-1
242,-1,182.235,760.325,1630.390,603.448,0.882,-1,-1,-1
243,-1,126.540,1378.707,1652.241,519.257,0.952,-1,-1,-1
243,-1,7.555,778.507,1344.264,602.655,0.931,-1,-1,-1
244,-1,631.421,1353.261,1622.028,533.423,0.995,-1,-1,-1
244,-1,0.000,817.779,1015.150,548.094,0.994,-1,-1,-1
245,-1,1114.338,1323.138,335.229,552.899,0.995,-1,-1,-1
245,-1,0.000,835.948,765.086,545.159,0.957,-1,-1,-1
247,-1,1930.830,1293.646,602.957,610.821,0.983,-1,-1,-1
334,-1,2231.843,851.139,321.688,393.585,0.922,-1,-1,-1
335,-1,1983.006,835.386,569.300,424.685,0.996,-1,-1,-1
336,-1,1707.240,870.632,831.037,390.507,0.997,-1,-1,-1
337,-1,1442.440,864.097,1055.084,431.659,0.998,-1,-1,-1
338,-1,1148.301,864.017,1099.716,442.246,0.999,-1,-1,-1
339,-1,855.387,860.715,1108.369,460.222,0.999,-1,-1,-1
340,-1,549.641,841.657,1107.293,489.350,0.999,-1,-1,-1
341,-1,257.389,849.368,1097.769,493.391,0.998,-1,-1,-1
342,-1,0.000,858.336,1068.450,491.638,0.999,-1,-1,-1
343,-1,8.134,867.670,765.429,464.083,0.998,-1,-1,-1
344,-1,0.523,897.928,455.976,442.784,0.972,-1,-1,-1
345,-1,0.000,947.368,187.834,337.041,0.768,-1,-1,-1
370,-1,2432.599,897.154,121.547,285.114,0.461,-1,-1,-1
372,-1,1876.793,802.315,664.871,499.690,0.946,-1,-1,-1
373,-1,1584.944,814.848,973.180,490.414,0.849,-1,-1,-1
374,-1,1305.076,810.884,1182.202,522.574,0.917,-1,-1,-1
375,-1,977.298,806.868,1193.488,531.601,0.957,-1,-1,-1
376,-1,630.366,811.554,1236.321,535.159,0.954,-1,-1,-1
377,-1,306.703,804.858,1250.459,552.781,0.989,-1,-1,-1
378,-1,21.154,851.929,1189.621,517.361,0.981,-1,-1,-1
379,-1,12.174,825.011,899.083,534.727,0.986,-1,-1,-1
380,-1,10.161,852.882,563.304,518.088,0.869,-1,-1,-1
381,-1,0.000,827.506,276.770,492.149,0.565,-1,-1,-1
472,-1,2249.778,909.392,309.647,311.753,0.863,-1,-1,-1
473,-1,1969.172,821.784,583.222,445.412,0.927,-1,-1,-1
474,-1,1703.498,843.100,821.377,432.847,0.960,-1,-1,-1
476,-1,1076.895,849.371,1254.428,448.836,0.921,-1,-1,-1
477,-1,773.203,858.807,1254.676,461.225,0.935,-1,-1,-1
478,-1,452.650,851.109,1283.353,478.242,0.977,-1,-1,-1
479,-1,98.687,857.676,1300.817,486.659,0.987,-1,-1,-1
480,-1,18.528,871.276,1078.864,474.815,0.975,-1,-1,-1
481,-1,13.966,858.784,794.849,494.697,0.982,-1,-1,-1
482,-1,12.320,901.909,461.474,464.390,0.969,-1,-1,-1
483,-1,0.000,964.170,199.364,343.028,0.845,-1,-1,-1
494,-1,2406.916,901.108,148.888,300.516,0.328,-1,-1,-1
496,-1,1838.025,831.826,709.796,446.591,0.981,-1,-1,-1
498,-1,1249.620,852.291,1186.364,456.101,0.987,-1,-1,-1
499,-1,944.319,843.540,1186.662,476.908,0.993,-1,-1,-1
500,-1,646.175,842.031,1169.432,478.760,0.995,-1,-1,-1
501,-1,328.241,851.861,1197.236,481.528,0.997,-1,-1,-1
502,-1,16.402,859.825,1169.021,486.725,0.998,-1,-1,-1
503,-1,1.416,880.670,882.229,458.089,0.999,-1,-1,-1
504,-1,4.845,889.362,565.342,450.239,0.996,-1,-1,-1
505,-1,0.000,913.873,280.053,403.329,0.972,-1,-1,-1
