1,271,490,476,523,350,1,-1,-1,-1
1,299,1120,70,207,139,1,-1,-1,-1
1,308,1416,498,352,254,1,-1,-1,-1
2,271,526,525,510,314,1,-1,-1,-1
2,299,1128,73,210,136,1,-1,-1,-1
2,308,1432,490,350,220,1,-1,-1,-1
3,271,561,544,528,322,1,-1,-1,-1
3,299,1140,62,202,132,1,-1,-1,-1
3,308,1420,480,353,232,1,-1,-1,-1
4,271,590,560,539,326,1,-1,-1,-1
4,299,1167,57,197,131,1,-1,-1,-1
4,308,1409,472,354,239,1,-1,-1,-1
5,271,661,577,534,329,1,-1,-1,-1
5,299,1181,53,187,128,1,-1,-1,-1
5,308,1397,466,357,246,1,-1,-1,-1
6,271,701,611,549,327,1,-1,-1,-1
6,299,1206,50,182,127,1,-1,-1,-1
6,308,1386,463,361,243,1,-1,-1,-1
7,271,710,622,591,328,1,-1,-1,-1
7,299,1219,45,167,126,1,-1,-1,-1
7,308,1379,458,362,244,1,-1,-1,-1
8,271,820,624,551,340,1,-1,-1,-1
8,299,1232,41,157,125,1,-1,-1,-1
8,308,1348,445,376,250,1,-1,-1,-1
9,271,866,638,550,347,1,-1,-1,-1
9,299,1243,38,149,124,1,-1,-1,-1
9,308,1334,435,376,256,1,-1,-1,-1
10,271,954,655,522,368,1,-1,-1,-1
10,299,1257,36,130,112,1,-1,-1,-1
10,308,1318,428,377,257,1,-1,-1,-1
11,271,1002,681,514,359,1,-1,-1,-1
11,299,1269,31,130,110,1,-1,-1,-1
11,308,1304,424,381,253,1,-1,-1,-1
12,271,1025,701,538,346,1,-1,-1,-1
12,299,1273,24,129,113,1,-1,-1,-1
12,308,1261,421,411,249,1,-1,-1,-1
13,271,1144,722,493,345,1,-1,-1,-1
13,299,1281,26,121,104,1,-1,-1,-1
13,308,1257,402,395,248,1,-1,-1,-1
14,271,1197,758,484,320,1,-1,-1,-1
14,299,1287,21,118,102,1,-1,-1,-1
14,308,1239,397,393,248,1,-1,-1,-1
15,271,1261,769,508,309,1,-1,-1,-1
15,299,1294,16,112,104,1,-1,-1,-1
15,308,1226,394,389,243,1,-1,-1,-1
16,299,1300,13,108,103,1,-1,-1,-1
16,308,1191,384,386,246,1,-1,-1,-1
17,299,1305,5,104,97,1,-1,-1,-1
17,308,1174,374,383,248,1,-1,-1,-1
18,299,1308,4,102,96,1,-1,-1,-1
18,308,1154,366,390,241,1,-1,-1,-1
19,299,1310,1,99,92,1,-1,-1,-1
19,308,1107,356,408,244,1,-1,-1,-1
20,308,1086,346,409,220,1,-1,-1,-1
21,308,1063,342,422,214,1,-1,-1,-1
22,308,1030,331,391,218,1,-1,-1,-1
23,308,1010,324,391,215,1,-1,-1,-1
24,308,967,313,380,217,1,-1,-1,-1
25,308,943,304,385,217,1,-1,-1,-1
26,308,895,297,389,212,1,-1,-1,-1
27,302,960,5,192,120,1,-1,-1,-1
27,308,870,294,396,206,1,-1,-1,-1
28,302,958,5,196,120,1,-1,-1,-1
28,308,848,282,405,197,1,-1,-1,-1
29,302,953,6,199,119,1,-1,-1,-1
29,308,812,277,372,196,1,-1,-1,-1
30,302,948,6,204,119,1,-1,-1,-1
30,308,788,271,382,191,1,-1,-1,-1
31,302,941,7,207,120,1,-1,-1,-1
31,308,746,264,366,190,1,-1,-1,-1
32,302,934,5,215,123,1,-1,-1,-1
32,308,724,258,367,188,1,-1,-1,-1
33,300,0,541,238,240,1,-1,-1,-1
33,302,919,9,212,124,1,-1,-1,-1
33,308,680,257,356,185,1,-1,-1,-1
34,300,0,542,250,235,1,-1,-1,-1
34,302,915,9,219,123,1,-1,-1,-1
34,308,657,254,357,178,1,-1,-1,-1
35,300,0,541,262,231,1,-1,-1,-1
35,302,907,10,228,122,1,-1,-1,-1
35,308,612,253,354,175,1,-1,-1,-1
36,300,0,541,273,229,1,-1,-1,-1
36,302,897,10,241,123,1,-1,-1,-1
36,308,588,252,356,166,1,-1,-1,-1
37,300,0,540,283,230,1,-1,-1,-1
37,302,889,8,245,125,1,-1,-1,-1
37,308,552,251,338,164,1,-1,-1,-1
38,300,17,541,285,228,1,-1,-1,-1
38,302,887,8,239,126,1,-1,-1,-1
38,308,533,250,332,160,1,-1,-1,-1
39,300,22,540,300,227,1,-1,-1,-1
39,302,864,7,245,135,1,-1,-1,-1
39,308,495,257,309,137,1,-1,-1,-1
40,300,29,538,313,230,1,-1,-1,-1
40,302,854,6,251,139,1,-1,-1,-1
40,308,470,247,326,160,1,-1,-1,-1
41,300,34,537,326,231,1,-1,-1,-1
41,302,848,3,254,142,1,-1,-1,-1
41,308,455,252,304,145,1,-1,-1,-1
42,300,33,535,345,237,1,-1,-1,-1
42,302,826,11,249,144,1,-1,-1,-1
42,308,428,251,285,149,1,-1,-1,-1
43,300,74,541,329,214,1,-1,-1,-1
43,302,817,11,256,144,1,-1,-1,-1
43,308,386,245,318,163,1,-1,-1,-1
44,300,84,540,343,214,1,-1,-1,-1
44,302,807,8,262,147,1,-1,-1,-1
44,308,372,253,260,147,1,-1,-1,-1
45,300,95,537,354,216,1,-1,-1,-1
45,302,789,16,249,145,1,-1,-1,-1
45,308,331,244,304,167,1,-1,-1,-1
46,300,92,532,380,224,1,-1,-1,-1
46,302,777,13,260,149,1,-1,-1,-1
46,308,332,254,253,153,1,-1,-1,-1
47,300,138,530,362,228,1,-1,-1,-1
47,302,754,36,244,133,1,-1,-1,-1
47,308,305,257,242,153,1,-1,-1,-1
48,300,153,530,371,232,1,-1,-1,-1
48,302,741,33,258,139,1,-1,-1,-1
48,308,275,262,235,150,1,-1,-1,-1
49,300,164,529,381,232,1,-1,-1,-1
49,302,727,31,270,144,1,-1,-1,-1
49,308,268,267,231,147,1,-1,-1,-1
50,300,207,524,383,246,1,-1,-1,-1
50,302,697,19,302,167,1,-1,-1,-1
50,308,238,273,228,150,1,-1,-1,-1
51,300,223,523,392,252,1,-1,-1,-1
51,302,682,20,304,168,1,-1,-1,-1
51,308,209,292,214,142,1,-1,-1,-1
51,309,0,434,223,184,1,-1,-1,-1
52,300,256,528,413,259,1,-1,-1,-1
52,302,667,21,313,168,1,-1,-1,-1
52,308,203,293,211,144,1,-1,-1,-1
52,309,1,425,232,187,1,-1,-1,-1
53,300,270,529,424,268,1,-1,-1,-1
53,302,639,28,313,167,1,-1,-1,-1
53,308,174,300,203,143,1,-1,-1,-1
53,309,13,415,242,191,1,-1,-1,-1
54,300,299,534,398,264,1,-1,-1,-1
54,302,623,30,317,169,1,-1,-1,-1
54,308,147,308,195,141,1,-1,-1,-1
54,309,25,406,251,194,1,-1,-1,-1
55,300,322,557,465,277,1,-1,-1,-1
55,302,604,33,320,171,1,-1,-1,-1
55,308,141,312,189,137,1,-1,-1,-1
55,309,37,397,261,197,1,-1,-1,-1
56,300,318,522,498,331,1,-1,-1,-1
56,302,592,36,320,175,1,-1,-1,-1
56,309,49,388,271,201,1,-1,-1,-1
57,300,387,539,485,326,1,-1,-1,-1
57,302,561,49,312,178,1,-1,-1,-1
57,309,61,378,280,204,1,-1,-1,-1
58,300,422,551,491,330,1,-1,-1,-1
58,302,546,51,308,182,1,-1,-1,-1
58,309,73,369,297,204,1,-1,-1,-1
59,300,452,565,503,326,1,-1,-1,-1
59,302,527,49,313,185,1,-1,-1,-1
59,309,86,359,313,204,1,-1,-1,-1
60,300,523,567,498,336,1,-1,-1,-1
60,302,494,62,306,187,1,-1,-1,-1
60,309,98,350,330,204,1,-1,-1,-1
61,300,558,576,509,342,1,-1,-1,-1
61,302,477,64,306,189,1,-1,-1,-1
61,309,109,348,342,205,1,-1,-1,-1
62,300,593,617,525,323,1,-1,-1,-1
62,302,454,69,314,182,1,-1,-1,-1
62,308,8,370,167,146,1,-1,-1,-1
62,309,160,331,338,211,1,-1,-1,-1
63,300,651,625,553,331,1,-1,-1,-1
63,302,412,72,321,184,1,-1,-1,-1
63,308,0,377,163,142,1,-1,-1,-1
63,309,178,323,342,209,1,-1,-1,-1
64,300,684,637,574,332,1,-1,-1,-1
64,302,392,83,321,200,1,-1,-1,-1
64,308,0,385,146,142,1,-1,-1,-1
64,309,220,306,348,209,1,-1,-1,-1
65,300,772,645,574,342,1,-1,-1,-1
65,302,375,86,320,200,1,-1,-1,-1
65,309,235,299,361,212,1,-1,-1,-1
66,300,817,656,558,351,1,-1,-1,-1
66,302,325,94,328,204,1,-1,-1,-1
66,309,273,294,391,209,1,-1,-1,-1
67,300,861,672,558,354,1,-1,-1,-1
67,302,314,102,311,204,1,-1,-1,-1
67,309,298,266,390,224,1,-1,-1,-1
68,300,956,688,535,365,1,-1,-1,-1
68,309,347,247,402,235,1,-1,-1,-1
69,300,1001,707,528,358,1,-1,-1,-1
69,309,370,235,398,236,1,-1,-1,-1
70,300,1083,755,552,323,1,-1,-1,-1
70,303,1642,624,276,245,1,-1,-1,-1
70,309,428,220,396,236,1,-1,-1,-1
71,300,1133,765,516,313,1,-1,-1,-1
71,302,235,152,296,204,1,-1,-1,-1
71,303,1631,615,287,249,1,-1,-1,-1
71,309,482,219,401,218,1,-1,-1,-1
72,302,206,156,287,212,1,-1,-1,-1
72,303,1613,594,306,267,1,-1,-1,-1
72,309,511,195,385,226,1,-1,-1,-1
73,302,191,162,284,217,1,-1,-1,-1
73,303,1597,577,319,278,1,-1,-1,-1
73,309,569,185,388,214,1,-1,-1,-1
74,302,171,168,288,223,1,-1,-1,-1
74,303,1574,561,336,289,1,-1,-1,-1
74,309,591,173,384,218,1,-1,-1,-1
75,302,138,186,271,220,1,-1,-1,-1
75,303,1549,552,354,291,1,-1,-1,-1
75,309,646,164,391,203,1,-1,-1,-1
76,302,125,193,270,219,1,-1,-1,-1
76,303,1540,530,345,291,1,-1,-1,-1
76,309,668,159,387,199,1,-1,-1,-1
77,302,101,206,270,219,1,-1,-1,-1
77,303,1512,524,346,285,1,-1,-1,-1
77,309,731,155,374,190,1,-1,-1,-1
78,302,87,241,235,187,1,-1,-1,-1
78,303,1491,513,360,291,1,-1,-1,-1
78,309,760,131,359,200,1,-1,-1,-1
79,302,52,249,256,199,1,-1,-1,-1
79,303,1463,500,377,293,1,-1,-1,-1
79,309,819,124,349,193,1,-1,-1,-1
80,302,36,255,256,203,1,-1,-1,-1
80,303,1441,492,398,293,1,-1,-1,-1
80,309,843,114,344,186,1,-1,-1,-1
81,302,6,271,248,203,1,-1,-1,-1
81,303,1413,483,380,296,1,-1,-1,-1
81,309,903,106,323,171,1,-1,-1,-1
82,302,18,283,220,181,1,-1,-1,-1
82,303,1399,458,376,274,1,-1,-1,-1
82,309,933,100,307,165,1,-1,-1,-1
83,302,0,291,223,188,1,-1,-1,-1
83,303,1385,444,370,288,1,-1,-1,-1
83,309,972,96,312,163,1,-1,-1,-1
84,303,1331,429,397,288,1,-1,-1,-1
84,309,1040,88,243,147,1,-1,-1,-1
85,303,1305,416,406,289,1,-1,-1,-1
85,309,1045,88,245,144,1,-1,-1,-1
86,303,1290,406,402,248,1,-1,-1,-1
86,309,1080,80,239,142,1,-1,-1,-1
87,303,1234,394,419,263,1,-1,-1,-1
87,309,1118,76,221,134,1,-1,-1,-1
88,303,1220,387,413,259,1,-1,-1,-1
88,309,1133,59,211,130,1,-1,-1,-1
89,303,1161,372,423,271,1,-1,-1,-1
89,309,1164,50,201,134,1,-1,-1,-1
90,303,1144,358,415,271,1,-1,-1,-1
90,309,1175,48,195,132,1,-1,-1,-1
91,303,1092,343,424,277,1,-1,-1,-1
91,309,1188,47,188,126,1,-1,-1,-1
92,303,1062,330,443,250,1,-1,-1,-1
92,309,1215,42,178,125,1,-1,-1,-1
93,303,1030,318,400,253,1,-1,-1,-1
93,309,1231,38,162,126,1,-1,-1,-1
94,303,1003,307,416,248,1,-1,-1,-1
94,309,1246,31,150,120,1,-1,-1,-1
95,303,955,290,398,253,1,-1,-1,-1
95,309,1262,24,146,120,1,-1,-1,-1
96,303,931,281,406,248,1,-1,-1,-1
96,309,1268,18,143,123,1,-1,-1,-1
97,303,877,277,404,242,1,-1,-1,-1
97,309,1282,14,132,120,1,-1,-1,-1
98,303,861,263,394,228,1,-1,-1,-1
98,309,1291,9,128,119,1,-1,-1,-1
99,303,817,254,373,229,1,-1,-1,-1
99,309,1298,15,124,106,1,-1,-1,-1
100,303,794,246,379,223,1,-1,-1,-1
100,309,1306,15,115,100,1,-1,-1,-1
101,303,743,240,373,216,1,-1,-1,-1
101,309,1316,7,113,96,1,-1,-1,-1
102,303,719,235,380,211,1,-1,-1,-1
102,309,1320,6,110,92,1,-1,-1,-1
103,303,671,231,370,206,1,-1,-1,-1
104,303,648,229,373,198,1,-1,-1,-1
105,303,603,226,361,195,1,-1,-1,-1
106,303,591,213,343,189,1,-1,-1,-1
107,303,544,215,334,185,1,-1,-1,-1
108,303,523,213,330,183,1,-1,-1,-1
109,303,483,216,320,180,1,-1,-1,-1
110,303,461,215,321,177,1,-1,-1,-1
111,303,411,217,324,173,1,-1,-1,-1
112,260,0,510,303,255,1,-1,-1,-1
112,303,397,218,312,171,1,-1,-1,-1
113,260,4,507,318,242,1,-1,-1,-1
113,303,370,216,326,170,1,-1,-1,-1
114,260,12,511,328,232,1,-1,-1,-1
114,303,342,222,297,172,1,-1,-1,-1
115,260,25,513,332,223,1,-1,-1,-1
115,303,329,244,265,154,1,-1,-1,-1
116,260,63,456,353,252,1,-1,-1,-1
116,303,298,244,255,157,1,-1,-1,-1
117,260,58,446,386,258,1,-1,-1,-1
117,303,260,235,287,182,1,-1,-1,-1
118,260,63,441,401,258,1,-1,-1,-1
118,303,260,245,246,162,1,-1,-1,-1
119,260,123,424,388,264,1,-1,-1,-1
119,303,231,249,241,166,1,-1,-1,-1
120,260,141,406,401,229,1,-1,-1,-1
120,303,196,246,270,181,1,-1,-1,-1
121,260,186,392,417,233,1,-1,-1,-1
121,303,194,262,229,167,1,-1,-1,-1
122,260,184,378,453,258,1,-1,-1,-1
122,272,0,470,192,177,1,-1,-1,-1
123,260,245,361,439,254,1,-1,-1,-1
123,272,0,466,196,181,1,-1,-1,-1
124,260,246,348,467,263,1,-1,-1,-1
124,272,0,463,200,182,1,-1,-1,-1
125,260,333,327,431,249,1,-1,-1,-1
125,272,0,461,206,182,1,-1,-1,-1
125,303,105,295,199,166,1,-1,-1,-1
126,260,331,317,462,261,1,-1,-1,-1
126,272,0,467,208,170,1,-1,-1,-1
126,303,104,304,181,157,1,-1,-1,-1
127,260,389,305,463,261,1,-1,-1,-1
127,272,22,450,198,141,1,-1,-1,-1
127,303,70,323,188,157,1,-1,-1,-1
128,260,435,271,440,331,1,-1,-1,-1
128,272,24,445,208,148,1,-1,-1,-1
128,303,44,335,185,152,1,-1,-1,-1
129,260,456,279,488,265,1,-1,-1,-1
129,272,26,439,216,159,1,-1,-1,-1
129,303,40,343,175,148,1,-1,-1,-1
130,260,505,278,412,255,1,-1,-1,-1
130,272,29,432,221,169,1,-1,-1,-1
131,260,548,251,469,249,1,-1,-1,-1
131,272,44,426,229,172,1,-1,-1,-1
132,260,602,237,487,250,1,-1,-1,-1
132,272,52,414,232,165,1,-1,-1,-1
133,260,689,224,439,245,1,-1,-1,-1
133,272,38,398,271,187,1,-1,-1,-1
134,260,692,215,463,250,1,-1,-1,-1
134,272,77,401,253,168,1,-1,-1,-1
135,260,761,207,450,247,1,-1,-1,-1
135,272,64,386,282,181,1,-1,-1,-1
136,260,792,188,428,237,1,-1,-1,-1
136,272,110,386,251,173,1,-1,-1,-1
137,260,853,177,413,231,1,-1,-1,-1
137,272,122,360,271,193,1,-1,-1,-1
138,260,892,167,378,227,1,-1,-1,-1
138,272,141,354,273,194,1,-1,-1,-1
139,260,949,156,374,220,1,-1,-1,-1
139,272,163,341,291,191,1,-1,-1,-1
140,260,980,151,353,212,1,-1,-1,-1
140,272,181,332,292,186,1,-1,-1,-1
141,260,1035,152,334,195,1,-1,-1,-1
141,272,200,323,298,180,1,-1,-1,-1
142,260,1074,145,297,186,1,-1,-1,-1
142,272,235,312,301,182,1,-1,-1,-1
143,260,1114,125,301,190,1,-1,-1,-1
143,272,257,305,299,185,1,-1,-1,-1
144,260,1151,109,301,190,1,-1,-1,-1
144,272,278,289,300,187,1,-1,-1,-1
145,260,1151,110,275,178,1,-1,-1,-1
145,272,314,275,318,187,1,-1,-1,-1
146,260,1184,108,256,168,1,-1,-1,-1
146,272,334,265,322,184,1,-1,-1,-1
146,304,1679,690,239,221,1,-1,-1,-1
147,260,1200,101,241,168,1,-1,-1,-1
147,272,381,253,328,176,1,-1,-1,-1
147,304,1660,681,258,219,1,-1,-1,-1
148,260,1235,94,223,167,1,-1,-1,-1
148,272,404,244,327,175,1,-1,-1,-1
148,304,1646,676,272,221,1,-1,-1,-1
149,260,1253,83,207,156,1,-1,-1,-1
149,272,451,237,337,172,1,-1,-1,-1
149,304,1616,665,280,229,1,-1,-1,-1
150,260,1280,76,192,155,1,-1,-1,-1
150,272,483,216,319,183,1,-1,-1,-1
150,304,1593,662,292,227,1,-1,-1,-1
151,260,1292,68,185,157,1,-1,-1,-1
151,272,534,205,327,178,1,-1,-1,-1
151,304,1566,659,305,226,1,-1,-1,-1
151,305,1068,0,133,110,1,-1,-1,-1
152,260,1306,64,176,152,1,-1,-1,-1
152,272,553,193,334,176,1,-1,-1,-1
152,304,1525,636,321,227,1,-1,-1,-1
152,305,1064,0,143,118,1,-1,-1,-1
153,260,1320,59,158,140,1,-1,-1,-1
153,272,606,182,331,168,1,-1,-1,-1
153,304,1501,629,332,230,1,-1,-1,-1
153,305,1058,0,147,120,1,-1,-1,-1
154,260,1334,54,154,142,1,-1,-1,-1
154,272,622,175,340,167,1,-1,-1,-1
154,304,1476,622,341,223,1,-1,-1,-1
154,305,1051,0,152,121,1,-1,-1,-1
155,260,1341,49,150,142,1,-1,-1,-1
155,272,685,169,323,165,1,-1,-1,-1
155,304,1427,612,345,222,1,-1,-1,-1
155,305,1046,0,155,121,1,-1,-1,-1
156,260,1350,43,145,140,1,-1,-1,-1
156,272,770,164,265,136,1,-1,-1,-1
156,304,1401,603,355,219,1,-1,-1,-1
156,305,1042,0,154,121,1,-1,-1,-1
157,260,1361,42,132,127,1,-1,-1,-1
157,272,769,145,304,165,1,-1,-1,-1
157,304,1345,589,363,220,1,-1,-1,-1
157,305,1038,0,156,120,1,-1,-1,-1
158,260,1367,40,129,123,1,-1,-1,-1
158,272,814,148,262,143,1,-1,-1,-1
158,304,1321,548,372,243,1,-1,-1,-1
158,305,1034,0,160,121,1,-1,-1,-1
159,260,1370,34,130,117,1,-1,-1,-1
159,272,835,119,313,161,1,-1,-1,-1
159,304,1268,534,364,245,1,-1,-1,-1
159,305,1030,0,163,120,1,-1,-1,-1
160,260,1373,32,127,116,1,-1,-1,-1
160,272,933,121,229,136,1,-1,-1,-1
160,281,0,577,213,185,1,-1,-1,-1
160,304,1241,521,378,248,1,-1,-1,-1
160,305,1025,0,159,122,1,-1,-1,-1
161,260,1376,25,123,117,1,-1,-1,-1
161,272,924,115,257,142,1,-1,-1,-1
161,281,0,572,214,188,1,-1,-1,-1
161,304,1179,516,385,232,1,-1,-1,-1
161,305,1022,0,163,121,1,-1,-1,-1
162,260,1382,22,121,109,1,-1,-1,-1
162,272,960,110,257,143,1,-1,-1,-1
162,281,0,571,220,187,1,-1,-1,-1
162,304,1125,479,362,220,1,-1,-1,-1
162,305,1018,0,167,122,1,-1,-1,-1
163,260,1384,15,119,113,1,-1,-1,-1
163,272,998,108,247,137,1,-1,-1,-1
163,281,0,570,225,187,1,-1,-1,-1
163,304,1089,464,399,231,1,-1,-1,-1
163,305,1012,0,174,123,1,-1,-1,-1
164,260,1387,11,114,111,1,-1,-1,-1
164,272,1042,97,229,128,1,-1,-1,-1
164,281,0,569,230,186,1,-1,-1,-1
164,304,1023,448,400,228,1,-1,-1,-1
164,305,1007,0,179,124,1,-1,-1,-1
165,260,1390,10,107,107,1,-1,-1,-1
165,272,1047,89,236,132,1,-1,-1,-1
165,281,0,569,235,186,1,-1,-1,-1
165,304,1002,440,412,227,1,-1,-1,-1
165,305,1002,0,183,124,1,-1,-1,-1
166,272,1087,84,214,130,1,-1,-1,-1
166,281,0,568,240,185,1,-1,-1,-1
166,304,942,411,401,227,1,-1,-1,-1
166,305,996,2,186,122,1,-1,-1,-1
167,272,1102,79,204,130,1,-1,-1,-1
167,281,0,565,246,188,1,-1,-1,-1
167,304,887,399,379,224,1,-1,-1,-1
167,305,991,3,187,121,1,-1,-1,-1
168,272,1134,80,195,122,1,-1,-1,-1
168,281,0,564,251,190,1,-1,-1,-1
168,304,859,388,400,223,1,-1,-1,-1
168,305,987,4,187,119,1,-1,-1,-1
169,272,1150,68,182,120,1,-1,-1,-1
169,281,0,563,251,191,1,-1,-1,-1
169,304,798,379,393,214,1,-1,-1,-1
169,305,984,5,187,118,1,-1,-1,-1
170,272,1175,65,179,117,1,-1,-1,-1
170,281,0,562,255,192,1,-1,-1,-1
170,304,739,355,380,205,1,-1,-1,-1
170,305,984,5,183,116,1,-1,-1,-1
171,272,1187,60,175,117,1,-1,-1,-1
171,281,2,561,256,192,1,-1,-1,-1
171,304,708,346,410,207,1,-1,-1,-1
171,305,973,4,179,125,1,-1,-1,-1
172,272,1215,56,164,113,1,-1,-1,-1
172,281,2,561,258,192,1,-1,-1,-1
172,304,661,336,373,202,1,-1,-1,-1
172,305,967,5,183,122,1,-1,-1,-1
173,272,1227,51,153,114,1,-1,-1,-1
173,281,3,562,257,191,1,-1,-1,-1
173,304,602,328,366,190,1,-1,-1,-1
173,305,961,7,188,120,1,-1,-1,-1
174,272,1239,46,148,114,1,-1,-1,-1
174,281,3,562,258,191,1,-1,-1,-1
174,304,576,318,377,188,1,-1,-1,-1
174,305,955,8,193,117,1,-1,-1,-1
175,272,1246,43,147,115,1,-1,-1,-1
175,281,2,561,259,192,1,-1,-1,-1
175,304,534,313,341,178,1,-1,-1,-1
175,305,950,7,198,118,1,-1,-1,-1
176,272,1273,44,127,94,1,-1,-1,-1
176,281,1,560,261,194,1,-1,-1,-1
176,304,468,293,354,179,1,-1,-1,-1
176,305,944,7,201,117,1,-1,-1,-1
177,272,1276,40,132,98,1,-1,-1,-1
177,281,0,560,262,195,1,-1,-1,-1
177,304,473,291,308,175,1,-1,-1,-1
177,305,941,9,202,116,1,-1,-1,-1
178,272,1286,36,125,96,1,-1,-1,-1
178,281,1,560,262,194,1,-1,-1,-1
178,304,406,284,323,177,1,-1,-1,-1
178,305,914,10,218,122,1,-1,-1,-1
179,272,1295,32,120,94,1,-1,-1,-1
179,281,1,561,261,193,1,-1,-1,-1
179,304,393,284,310,169,1,-1,-1,-1
179,305,904,11,226,122,1,-1,-1,-1
180,272,1300,25,120,96,1,-1,-1,-1
180,281,11,559,244,214,1,-1,-1,-1
180,304,370,296,255,151,1,-1,-1,-1
180,305,892,10,234,126,1,-1,-1,-1
181,272,1305,20,116,96,1,-1,-1,-1
181,281,2,562,259,190,1,-1,-1,-1
181,304,339,295,245,150,1,-1,-1,-1
181,305,873,11,230,133,1,-1,-1,-1
182,272,1311,16,115,96,1,-1,-1,-1
182,281,3,563,258,190,1,-1,-1,-1
182,304,307,295,235,150,1,-1,-1,-1
182,305,860,12,243,137,1,-1,-1,-1
183,272,1316,10,108,91,1,-1,-1,-1
183,281,3,563,258,189,1,-1,-1,-1
183,304,279,298,219,148,1,-1,-1,-1
183,305,851,15,244,136,1,-1,-1,-1
184,272,1317,8,107,90,1,-1,-1,-1
184,281,4,564,257,188,1,-1,-1,-1
184,304,248,306,212,141,1,-1,-1,-1
184,305,834,22,234,136,1,-1,-1,-1
185,272,1320,5,104,89,1,-1,-1,-1
185,281,4,564,257,188,1,-1,-1,-1
185,304,214,310,207,140,1,-1,-1,-1
185,305,822,23,244,135,1,-1,-1,-1
186,281,5,564,257,187,1,-1,-1,-1
186,304,209,314,200,139,1,-1,-1,-1
186,305,806,33,255,133,1,-1,-1,-1
187,281,5,564,257,187,1,-1,-1,-1
187,304,179,319,190,138,1,-1,-1,-1
187,305,779,36,248,133,1,-1,-1,-1
188,281,4,563,256,187,1,-1,-1,-1
188,304,144,329,191,138,1,-1,-1,-1
188,305,769,40,252,130,1,-1,-1,-1
189,281,5,563,256,187,1,-1,-1,-1
189,304,112,333,188,139,1,-1,-1,-1
189,305,741,41,262,134,1,-1,-1,-1
190,281,5,563,255,187,1,-1,-1,-1
190,304,106,339,180,139,1,-1,-1,-1
190,305,731,39,263,139,1,-1,-1,-1
191,281,5,564,255,186,1,-1,-1,-1
191,304,80,346,170,141,1,-1,-1,-1
191,305,703,37,267,148,1,-1,-1,-1
192,281,4,564,256,188,1,-1,-1,-1
192,304,48,369,161,129,1,-1,-1,-1
192,305,692,38,270,148,1,-1,-1,-1
193,281,3,563,257,189,1,-1,-1,-1
193,304,41,370,158,132,1,-1,-1,-1
193,305,665,50,265,146,1,-1,-1,-1
194,281,0,555,258,222,1,-1,-1,-1
194,305,656,54,265,139,1,-1,-1,-1
195,281,0,552,262,224,1,-1,-1,-1
195,305,626,72,257,136,1,-1,-1,-1
196,281,0,552,263,222,1,-1,-1,-1
196,305,590,77,265,138,1,-1,-1,-1
196,327,1092,0,136,97,1,-1,-1,-1
197,281,6,563,253,188,1,-1,-1,-1
197,305,555,63,305,173,1,-1,-1,-1
197,327,1088,0,139,97,1,-1,-1,-1
198,281,7,564,253,186,1,-1,-1,-1
198,305,545,77,275,152,1,-1,-1,-1
198,327,1086,0,138,98,1,-1,-1,-1
199,281,7,564,253,185,1,-1,-1,-1
199,305,514,84,274,153,1,-1,-1,-1
199,327,1084,0,138,111,1,-1,-1,-1
200,281,7,565,255,183,1,-1,-1,-1
200,305,486,77,292,172,1,-1,-1,-1
200,327,1081,0,139,111,1,-1,-1,-1
201,281,6,555,263,205,1,-1,-1,-1
201,305,458,90,305,173,1,-1,-1,-1
201,327,1079,0,140,110,1,-1,-1,-1
202,273,0,377,292,201,1,-1,-1,-1
202,281,9,556,262,205,1,-1,-1,-1
202,305,441,99,262,166,1,-1,-1,-1
202,327,1078,0,139,110,1,-1,-1,-1
203,273,11,369,300,207,1,-1,-1,-1
203,281,11,555,260,208,1,-1,-1,-1
203,305,412,95,278,179,1,-1,-1,-1
203,327,1072,0,132,114,1,-1,-1,-1
204,273,23,351,316,211,1,-1,-1,-1
204,281,12,554,258,209,1,-1,-1,-1
204,305,389,99,289,181,1,-1,-1,-1
204,327,1068,0,134,115,1,-1,-1,-1
205,273,36,342,328,218,1,-1,-1,-1
205,281,12,554,258,210,1,-1,-1,-1
205,305,341,110,284,179,1,-1,-1,-1
205,327,1068,0,141,120,1,-1,-1,-1
206,273,72,325,329,227,1,-1,-1,-1
206,281,12,556,260,209,1,-1,-1,-1
206,305,320,116,285,180,1,-1,-1,-1
206,327,1065,0,143,119,1,-1,-1,-1
207,273,85,314,339,232,1,-1,-1,-1
207,281,11,556,261,209,1,-1,-1,-1
207,305,281,126,285,181,1,-1,-1,-1
207,327,1063,0,144,120,1,-1,-1,-1
208,273,98,302,352,234,1,-1,-1,-1
208,281,12,557,261,209,1,-1,-1,-1
208,305,259,136,279,188,1,-1,-1,-1
208,327,1060,0,147,120,1,-1,-1,-1
209,273,135,289,364,236,1,-1,-1,-1
209,281,12,557,263,209,1,-1,-1,-1
209,305,236,146,273,195,1,-1,-1,-1
209,327,1059,0,148,118,1,-1,-1,-1
210,273,162,271,362,260,1,-1,-1,-1
210,281,24,559,247,189,1,-1,-1,-1
210,327,1050,0,159,127,1,-1,-1,-1
