1,2,1884.39,426.44,198.33,64.56,1,-1,-1,-1
2,2,1884.40,426.43,198.32,64.57,1,-1,-1,-1
3,2,1884.40,426.43,198.32,64.57,1,-1,-1,-1
4,2,1884.41,426.43,198.32,64.58,1,-1,-1,-1
5,2,1884.41,426.42,198.32,64.58,1,-1,-1,-1
6,2,1884.41,426.42,198.31,64.59,1,-1,-1,-1
7,2,1884.42,426.42,198.31,64.59,1,-1,-1,-1
8,2,1884.42,426.41,198.31,64.60,1,-1,-1,-1
9,2,1884.42,426.41,198.30,64.60,1,-1,-1,-1
10,2,1884.42,426.40,198.30,64.61,1,-1,-1,-1
11,2,1884.42,426.40,198.30,64.61,1,-1,-1,-1
12,2,1884.42,426.40,198.29,64.62,1,-1,-1,-1
13,2,1884.42,426.39,198.29,64.62,1,-1,-1,-1
14,2,1884.42,426.39,198.28,64.63,1,-1,-1,-1
15,2,1884.42,426.39,198.28,64.63,1,-1,-1,-1
16,2,1884.42,426.38,198.27,64.64,1,-1,-1,-1
17,2,1884.42,426.38,198.27,64.65,1,-1,-1,-1
18,2,1884.41,426.37,198.26,64.65,1,-1,-1,-1
19,2,1884.41,426.37,198.26,64.66,1,-1,-1,-1
20,2,1884.40,426.36,198.26,64.66,1,-1,-1,-1
21,2,1884.40,426.36,198.25,64.67,1,-1,-1,-1
22,2,1884.39,426.36,198.25,64.68,1,-1,-1,-1
23,2,1884.39,426.35,198.24,64.68,1,-1,-1,-1
24,2,1884.38,426.35,198.24,64.69,1,-1,-1,-1
25,2,1884.37,426.34,198.23,64.70,1,-1,-1,-1
26,2,1884.36,426.34,198.23,64.70,1,-1,-1,-1
27,2,1884.35,426.33,198.23,64.71,1,-1,-1,-1
28,2,1884.34,426.33,198.22,64.72,1,-1,-1,-1
29,2,1884.33,426.32,198.22,64.72,1,-1,-1,-1
30,2,1884.31,426.31,198.22,64.73,1,-1,-1,-1
31,2,1884.30,426.31,198.22,64.74,1,-1,-1,-1
32,2,1884.29,426.30,198.22,64.74,1,-1,-1,-1
33,2,1884.27,426.30,198.22,64.75,1,-1,-1,-1
34,2,1884.25,426.29,198.22,64.76,1,-1,-1,-1
35,2,1884.24,426.29,198.22,64.77,1,-1,-1,-1
36,2,1884.22,426.28,198.22,64.77,1,-1,-1,-1
37,2,1884.20,426.27,198.23,64.78,1,-1,-1,-1
38,1,2349.80,462.44,184.13,74.80,1,-1,-1,-1
38,2,1884.18,426.27,198.23,64.79,1,-1,-1,-1
39,1,2354.64,461.16,183.30,77.50,1,-1,-1,-1
39,2,1884.16,426.26,198.24,64.80,1,-1,-1,-1
40,1,2356.55,459.77,184.51,79.99,1,-1,-1,-1
40,2,1884.13,426.26,198.25,64.81,1,-1,-1,-1
41,1,2355.25,458.25,188.44,82.25,1,-1,-1,-1
41,2,1884.11,426.25,198.25,64.81,1,-1,-1,-1
42,1,2350.45,456.60,195.51,84.22,1,-1,-1,-1
42,2,1884.09,426.24,198.26,64.82,1,-1,-1,-1
43,1,2341.97,454.83,205.59,85.89,1,-1,-1,-1
43,2,1884.06,426.24,198.27,64.83,1,-1,-1,-1
44,1,2329.70,452.95,217.81,87.24,1,-1,-1,-1
44,2,1884.04,426.23,198.29,64.84,1,-1,-1,-1
45,1,2313.73,450.94,230.83,88.30,1,-1,-1,-1
45,2,1884.01,426.22,198.30,64.85,1,-1,-1,-1
46,1,2294.31,448.82,243.36,89.14,1,-1,-1,-1
46,2,1883.98,426.22,198.31,64.85,1,-1,-1,-1
47,1,2271.88,446.59,254.60,89.83,1,-1,-1,-1
47,2,1883.95,426.21,198.33,64.86,1,-1,-1,-1
48,1,2246.99,444.27,264.33,90.43,1,-1,-1,-1
48,2,1883.92,426.20,198.35,64.87,1,-1,-1,-1
49,1,2220.28,441.85,272.55,91.01,1,-1,-1,-1
49,2,1883.89,426.20,198.37,64.88,1,-1,-1,-1
50,1,2192.31,439.36,279.41,91.60,1,-1,-1,-1
50,2,1883.86,426.19,198.39,64.89,1,-1,-1,-1
51,1,2163.57,436.80,285.03,92.20,1,-1,-1,-1
51,2,1883.83,426.18,198.41,64.90,1,-1,-1,-1
52,1,2134.40,434.20,289.63,92.83,1,-1,-1,-1
52,2,1883.79,426.18,198.43,64.91,1,-1,-1,-1
53,1,2105.07,431.56,293.26,93.47,1,-1,-1,-1
53,2,1883.76,426.17,198.45,64.91,1,-1,-1,-1
54,1,2075.78,428.91,296.02,94.13,1,-1,-1,-1
54,2,1883.72,426.16,198.48,64.92,1,-1,-1,-1
55,1,2046.78,426.26,298.19,94.79,1,-1,-1,-1
55,2,1883.69,426.15,198.51,64.93,1,-1,-1,-1
56,1,2018.44,423.64,300.22,95.47,1,-1,-1,-1
56,2,1883.65,426.15,198.53,64.94,1,-1,-1,-1
57,1,1991.19,421.05,302.51,96.17,1,-1,-1,-1
57,2,1883.62,426.14,198.56,64.95,1,-1,-1,-1
58,1,1965.53,418.52,305.30,96.92,1,-1,-1,-1
58,2,1883.58,426.13,198.59,64.96,1,-1,-1,-1
59,1,1941.83,416.07,308.33,97.71,1,-1,-1,-1
59,2,1883.54,426.13,198.63,64.97,1,-1,-1,-1
60,1,1920.24,413.71,310.80,98.52,1,-1,-1,-1
60,2,1883.50,426.12,198.66,64.98,1,-1,-1,-1
61,1,1900.65,411.44,311.65,99.25,1,-1,-1,-1
61,2,1883.46,426.11,198.69,64.98,1,-1,-1,-1
62,1,1882.78,409.29,310.00,99.83,1,-1,-1,-1
62,2,1883.42,426.10,198.73,64.99,1,-1,-1,-1
63,1,1866.30,407.25,305.48,100.18,1,-1,-1,-1
63,2,1883.38,426.10,198.77,65.00,1,-1,-1,-1
64,1,1850.89,405.33,298.56,100.25,1,-1,-1,-1
64,2,1883.34,426.09,198.80,65.01,1,-1,-1,-1
65,1,1836.33,403.52,290.64,100.02,1,-1,-1,-1
65,2,1883.30,426.08,198.84,65.02,1,-1,-1,-1
66,1,1822.43,401.82,283.68,99.53,1,-1,-1,-1
66,2,1883.26,426.07,198.88,65.03,1,-1,-1,-1
67,1,1809.09,400.22,279.49,98.82,1,-1,-1,-1
67,2,1883.22,426.07,198.93,65.04,1,-1,-1,-1
68,1,1796.12,398.72,279.05,97.96,1,-1,-1,-1
68,2,1883.18,426.06,198.97,65.05,1,-1,-1,-1
69,1,1783.29,397.30,282.29,96.99,1,-1,-1,-1
69,2,1883.14,426.05,199.01,65.06,1,-1,-1,-1
70,1,1770.29,395.94,288.36,95.96,1,-1,-1,-1
70,2,1883.10,426.04,199.06,65.07,1,-1,-1,-1
71,1,1756.80,394.64,295.85,94.86,1,-1,-1,-1
71,2,1883.06,426.04,199.10,65.08,1,-1,-1,-1
72,1,1742.56,393.37,302.61,93.71,1,-1,-1,-1
72,2,1883.02,426.03,199.15,65.09,1,-1,-1,-1
73,1,1727.41,392.15,306.06,92.48,1,-1,-1,-1
73,2,1882.98,426.02,199.19,65.10,1,-1,-1,-1
74,1,1711.40,390.94,304.18,91.21,1,-1,-1,-1
74,2,1882.94,426.01,199.24,65.10,1,-1,-1,-1
75,1,1694.75,389.76,296.88,89.95,1,-1,-1,-1
75,2,1882.90,426.01,199.29,65.11,1,-1,-1,-1
76,1,1677.86,388.60,286.81,88.84,1,-1,-1,-1
76,2,1882.86,426.00,199.34,65.12,1,-1,-1,-1
77,1,1661.12,387.45,277.76,88.00,1,-1,-1,-1
77,2,1882.82,425.99,199.38,65.13,1,-1,-1,-1
78,1,1644.89,386.32,272.18,87.54,1,-1,-1,-1
78,2,1882.79,425.98,199.43,65.14,1,-1,-1,-1
79,1,1629.48,385.22,270.37,87.47,1,-1,-1,-1
79,2,1882.75,425.97,199.48,65.15,1,-1,-1,-1
80,1,1615.09,384.15,271.09,87.76,1,-1,-1,-1
80,2,1882.71,425.97,199.53,65.16,1,-1,-1,-1
81,1,1601.81,383.12,272.47,88.29,1,-1,-1,-1
81,2,1882.68,425.96,199.58,65.17,1,-1,-1,-1
82,1,1589.63,382.12,273.11,88.94,1,-1,-1,-1
82,2,1882.64,425.95,199.62,65.18,1,-1,-1,-1
83,1,1578.49,381.17,272.87,89.61,1,-1,-1,-1
83,2,1882.61,425.94,199.67,65.19,1,-1,-1,-1
84,1,1568.26,380.27,272.51,90.23,1,-1,-1,-1
84,2,1882.57,425.93,199.72,65.20,1,-1,-1,-1
85,1,1558.82,379.42,272.51,90.75,1,-1,-1,-1
85,2,1882.54,425.93,199.77,65.21,1,-1,-1,-1
86,1,1550.03,378.63,272.70,91.15,1,-1,-1,-1
86,2,1882.51,425.92,199.81,65.22,1,-1,-1,-1
87,1,1541.78,377.89,272.76,91.49,1,-1,-1,-1
87,2,1882.48,425.91,199.86,65.23,1,-1,-1,-1
88,1,1533.97,377.21,272.81,91.81,1,-1,-1,-1
88,2,1882.45,425.90,199.90,65.24,1,-1,-1,-1
89,1,1526.51,376.59,273.47,92.23,1,-1,-1,-1
89,2,1882.42,425.89,199.94,65.25,1,-1,-1,-1
90,1,1519.34,376.04,275.14,92.80,1,-1,-1,-1
90,2,1882.40,425.89,199.98,65.26,1,-1,-1,-1
91,1,1512.37,375.54,277.75,93.57,1,-1,-1,-1
91,2,1882.37,425.88,200.03,65.27,1,-1,-1,-1
92,1,1505.53,375.12,280.77,94.51,1,-1,-1,-1
92,2,1882.35,425.87,200.06,65.28,1,-1,-1,-1
93,1,1498.76,374.76,283.34,95.59,1,-1,-1,-1
93,2,1882.32,425.86,200.10,65.29,1,-1,-1,-1
94,1,1491.99,374.46,284.58,96.71,1,-1,-1,-1
94,2,1882.30,425.85,200.14,65.30,1,-1,-1,-1
95,1,1485.15,374.24,284.03,97.78,1,-1,-1,-1
95,2,1882.28,425.84,200.17,65.31,1,-1,-1,-1
96,1,1478.15,374.09,282.01,98.70,1,-1,-1,-1
96,2,1882.26,425.84,200.21,65.32,1,-1,-1,-1
97,1,1470.90,374.00,279.52,99.37,1,-1,-1,-1
97,2,1882.25,425.83,200.24,65.33,1,-1,-1,-1
98,1,1463.31,373.99,277.51,99.76,1,-1,-1,-1
98,2,1882.23,425.82,200.27,65.34,1,-1,-1,-1
99,1,1455.34,374.05,276.48,99.89,1,-1,-1,-1
99,2,1882.22,425.81,200.29,65.35,1,-1,-1,-1
100,1,1447.02,374.17,276.34,99.80,1,-1,-1,-1
100,2,1882.20,425.80,200.32,65.36,1,-1,-1,-1
101,1,1438.49,374.37,276.56,99.58,1,-1,-1,-1
101,2,1882.19,425.79,200.34,65.37,1,-1,-1,-1
102,1,1430.00,374.64,276.35,99.32,1,-1,-1,-1
102,2,1882.18,425.78,200.37,65.38,1,-1,-1,-1
103,1,1421.87,374.98,274.77,99.11,1,-1,-1,-1
103,2,1882.17,425.77,200.38,65.39,1,-1,-1,-1
104,1,1414.41,375.39,270.88,99.02,1,-1,-1,-1
104,2,1882.16,425.77,200.40,65.40,1,-1,-1,-1
105,1,1407.85,375.86,264.14,99.10,1,-1,-1,-1
105,2,1882.15,425.76,200.42,65.41,1,-1,-1,-1
106,1,1402.29,376.41,254.95,99.36,1,-1,-1,-1
106,2,1882.15,425.75,200.43,65.42,1,-1,-1,-1
107,1,1397.74,377.02,244.71,99.76,1,-1,-1,-1
107,2,1882.14,425.74,200.44,65.43,1,-1,-1,-1
108,1,1394.12,377.70,235.07,100.24,1,-1,-1,-1
108,2,1882.14,425.73,200.45,65.44,1,-1,-1,-1
109,1,1391.29,378.45,226.87,100.71,1,-1,-1,-1
109,2,1882.14,425.72,200.46,65.46,1,-1,-1,-1
110,1,1389.04,379.26,219.82,101.12,1,-1,-1,-1
110,2,1882.14,425.71,200.46,65.47,1,-1,-1,-1
110,3,2362.11,465.00,135.00,57.00,1,-1,-1,-1
111,1,1387.14,380.13,213.11,101.43,1,-1,-1,-1
111,2,1882.14,425.70,200.46,65.48,1,-1,-1,-1
111,3,2362.06,465.00,135.00,57.00,1,-1,-1,-1
112,1,1385.32,381.07,206.00,101.66,1,-1,-1,-1
112,2,1882.14,425.69,200.46,65.49,1,-1,-1,-1
112,3,2362.01,465.00,135.00,57.00,1,-1,-1,-1
113,1,1383.40,382.07,198.23,101.85,1,-1,-1,-1
113,2,1882.14,425.68,200.46,65.50,1,-1,-1,-1
113,3,2361.96,465.00,135.00,57.00,1,-1,-1,-1
114,1,1381.25,383.12,190.14,102.08,1,-1,-1,-1
114,2,1882.15,425.67,200.45,65.51,1,-1,-1,-1
114,3,2361.91,465.00,135.00,57.00,1,-1,-1,-1
115,1,1378.93,384.22,182.42,102.41,1,-1,-1,-1
115,2,1882.15,425.66,200.44,65.53,1,-1,-1,-1
115,3,2361.85,465.00,135.00,57.00,1,-1,-1,-1
116,1,1376.57,385.38,175.77,102.94,1,-1,-1,-1
116,2,1882.16,425.65,200.43,65.54,1,-1,-1,-1
116,3,2361.80,465.00,135.00,57.00,1,-1,-1,-1
117,1,1374.34,386.58,170.45,103.71,1,-1,-1,-1
117,2,1882.16,425.64,200.42,65.55,1,-1,-1,-1
117,3,2361.75,465.00,135.00,57.00,1,-1,-1,-1
118,1,1372.41,387.83,166.16,104.77,1,-1,-1,-1
118,2,1882.17,425.63,200.41,65.56,1,-1,-1,-1
118,3,2361.70,465.00,135.00,57.00,1,-1,-1,-1
119,1,1370.87,389.13,162.21,106.11,1,-1,-1,-1
119,2,1882.18,425.62,200.39,65.57,1,-1,-1,-1
119,3,2361.65,465.00,135.00,57.00,1,-1,-1,-1
120,1,1369.77,390.46,158.04,107.67,1,-1,-1,-1
120,2,1882.19,425.61,200.37,65.59,1,-1,-1,-1
120,3,2361.59,465.00,135.00,57.00,1,-1,-1,-1
121,1,1369.14,391.83,153.43,109.38,1,-1,-1,-1
121,2,1882.20,425.60,200.35,65.60,1,-1,-1,-1
121,3,2361.54,465.00,135.00,57.00,1,-1,-1,-1
122,1,1368.92,393.23,148.54,111.12,1,-1,-1,-1
122,2,1882.21,425.58,200.32,65.61,1,-1,-1,-1
122,3,2361.49,465.00,135.00,57.00,1,-1,-1,-1
123,1,1369.07,394.66,143.71,112.79,1,-1,-1,-1
123,2,1882.22,425.57,200.29,65.62,1,-1,-1,-1
123,3,2361.44,465.00,135.00,57.00,1,-1,-1,-1
124,1,1369.53,396.13,139.33,114.32,1,-1,-1,-1
124,2,1882.24,425.56,200.26,65.64,1,-1,-1,-1
124,3,2361.39,465.00,135.00,57.00,1,-1,-1,-1
125,1,1370.23,397.61,135.69,115.71,1,-1,-1,-1
125,2,1882.25,425.55,200.23,65.65,1,-1,-1,-1
125,3,2361.33,465.00,135.00,57.00,1,-1,-1,-1
126,1,1371.13,399.12,132.93,117.02,1,-1,-1,-1
126,2,1882.27,425.54,200.20,65.66,1,-1,-1,-1
126,3,2361.28,465.00,135.00,57.00,1,-1,-1,-1
127,1,1372.19,400.64,130.99,118.35,1,-1,-1,-1
127,2,1882.28,425.53,200.16,65.68,1,-1,-1,-1
127,3,2361.23,465.00,135.00,57.00,1,-1,-1,-1
128,1,1373.39,402.18,129.71,119.81,1,-1,-1,-1
128,2,1882.30,425.52,200.12,65.69,1,-1,-1,-1
128,3,2361.18,465.00,135.00,57.00,1,-1,-1,-1
129,1,1374.69,403.74,128.99,121.51,1,-1,-1,-1
129,2,1882.32,425.50,200.08,65.70,1,-1,-1,-1
129,3,2361.13,465.00,135.00,57.00,1,-1,-1,-1
130,1,1376.08,405.31,128.81,123.46,1,-1,-1,-1
130,2,1882.34,425.49,200.03,65.72,1,-1,-1,-1
131,1,1377.51,406.90,129.27,125.61,1,-1,-1,-1
131,2,1882.36,425.48,199.99,65.73,1,-1,-1,-1
132,1,1378.96,408.50,130.47,127.86,1,-1,-1,-1
132,2,1882.38,425.47,199.94,65.75,1,-1,-1,-1
133,1,1380.39,410.13,132.51,130.12,1,-1,-1,-1
133,2,1882.40,425.45,199.88,65.76,1,-1,-1,-1
134,1,1381.79,411.78,135.37,132.35,1,-1,-1,-1
134,2,1882.42,425.44,199.83,65.77,1,-1,-1,-1
135,1,1383.15,413.46,138.88,134.53,1,-1,-1,-1
135,2,1882.44,425.43,199.77,65.79,1,-1,-1,-1
136,1,1384.47,415.17,142.75,136.67,1,-1,-1,-1
136,2,1882.47,425.42,199.71,65.80,1,-1,-1,-1
137,1,1385.72,416.92,146.60,138.80,1,-1,-1,-1
137,2,1882.49,425.40,199.65,65.82,1,-1,-1,-1
138,1,1386.89,418.73,150.04,140.97,1,-1,-1,-1
138,2,1882.52,425.39,199.58,65.83,1,-1,-1,-1
139,1,1387.94,420.60,152.76,143.22,1,-1,-1,-1
139,2,1882.55,425.38,199.51,65.85,1,-1,-1,-1
140,1,1388.84,422.53,154.66,145.60,1,-1,-1,-1
140,2,1882.57,425.36,199.44,65.86,1,-1,-1,-1
141,1,1389.54,424.54,155.86,148.15,1,-1,-1,-1
141,2,1882.60,425.35,199.37,65.88,1,-1,-1,-1
142,1,1390.03,426.64,156.72,150.89,1,-1,-1,-1
142,2,1882.63,425.33,199.29,65.89,1,-1,-1,-1
143,1,1390.30,428.83,157.74,153.82,1,-1,-1,-1
143,2,1882.66,425.32,199.21,65.91,1,-1,-1,-1
144,1,1390.39,431.10,159.41,156.92,1,-1,-1,-1
144,2,1882.69,425.31,199.13,65.93,1,-1,-1,-1
145,1,1390.38,433.48,162.14,160.16,1,-1,-1,-1
145,2,1882.72,425.29,199.05,65.94,1,-1,-1,-1
146,1,1390.38,435.94,166.05,163.46,1,-1,-1,-1
146,2,1882.75,425.28,198.96,65.96,1,-1,-1,-1
147,1,1390.51,438.49,170.87,166.74,1,-1,-1,-1
147,2,1882.79,425.26,198.88,65.97,1,-1,-1,-1
148,1,1390.87,441.13,175.98,169.94,1,-1,-1,-1
148,2,1882.82,425.25,198.79,65.99,1,-1,-1,-1
149,1,1391.56,443.84,180.59,173.03,1,-1,-1,-1
149,2,1882.85,425.23,198.69,66.01,1,-1,-1,-1
150,1,1392.62,446.62,184.16,176.03,1,-1,-1,-1
150,2,1882.89,425.22,198.60,66.02,1,-1,-1,-1
151,1,1394.03,449.46,186.61,178.98,1,-1,-1,-1
151,2,1882.93,425.20,198.50,66.04,1,-1,-1,-1
152,1,1395.74,452.34,188.23,181.91,1,-1,-1,-1
152,2,1882.96,425.19,198.40,66.06,1,-1,-1,-1
153,1,1397.65,455.26,189.53,184.85,1,-1,-1,-1
153,2,1883.00,425.17,198.30,66.07,1,-1,-1,-1
154,1,1399.66,458.20,191.00,187.86,1,-1,-1,-1
154,2,1883.04,425.16,198.19,66.09,1,-1,-1,-1
155,1,1401.68,461.15,192.98,190.99,1,-1,-1,-1
155,2,1883.08,425.14,198.09,66.11,1,-1,-1,-1
156,1,1403.61,464.09,195.51,194.28,1,-1,-1,-1
156,2,1883.11,425.13,197.98,66.12,1,-1,-1,-1
157,1,1405.34,467.02,198.41,197.74,1,-1,-1,-1
157,2,1883.15,425.11,197.87,66.14,1,-1,-1,-1
158,1,1406.80,469.91,201.46,201.39,1,-1,-1,-1
158,2,1883.19,425.10,197.76,66.16,1,-1,-1,-1
159,1,1407.86,472.77,204.57,205.22,1,-1,-1,-1
159,2,1883.23,425.08,197.65,66.17,1,-1,-1,-1
160,1,1408.48,475.57,207.83,209.26,1,-1,-1,-1
160,2,1883.28,425.07,197.54,66.19,1,-1,-1,-1
161,1,1408.62,478.32,211.54,213.53,1,-1,-1,-1
161,2,1883.32,425.05,197.42,66.21,1,-1,-1,-1
162,1,1408.36,481.02,216.07,217.99,1,-1,-1,-1
162,2,1883.36,425.03,197.30,66.23,1,-1,-1,-1
163,1,1407.82,483.64,221.70,222.57,1,-1,-1,-1
163,2,1883.40,425.02,197.19,66.24,1,-1,-1,-1
164,1,1407.19,486.21,228.41,227.14,1,-1,-1,-1
164,2,1883.44,425.00,197.07,66.26,1,-1,-1,-1
165,1,1406.70,488.71,235.96,231.56,1,-1,-1,-1
165,2,1883.49,424.99,196.95,66.28,1,-1,-1,-1
166,1,1406.50,491.16,244.05,235.77,1,-1,-1,-1
166,2,1883.53,424.97,196.83,66.30,1,-1,-1,-1
167,1,1406.67,493.55,252.36,239.81,1,-1,-1,-1
167,2,1883.57,424.95,196.71,66.32,1,-1,-1,-1
168,1,1407.24,495.88,260.54,243.80,1,-1,-1,-1
168,2,1883.62,424.94,196.59,66.33,1,-1,-1,-1
169,1,1408.17,498.17,268.23,247.89,1,-1,-1,-1
169,2,1883.66,424.92,196.47,66.35,1,-1,-1,-1
170,1,1409.44,500.43,275.10,252.22,1,-1,-1,-1
170,2,1883.70,424.90,196.34,66.37,1,-1,-1,-1
171,1,1411.01,502.65,280.95,256.85,1,-1,-1,-1
171,2,1883.75,424.89,196.22,66.39,1,-1,-1,-1
172,1,1412.86,504.85,285.71,261.80,1,-1,-1,-1
172,2,1883.79,424.87,196.10,66.41,1,-1,-1,-1
173,1,1414.96,507.05,289.50,266.98,1,-1,-1,-1
173,2,1883.84,424.86,195.98,66.42,1,-1,-1,-1
174,1,1417.30,509.24,292.65,272.28,1,-1,-1,-1
174,2,1883.88,424.84,195.86,66.44,1,-1,-1,-1
175,1,1419.83,511.45,295.63,277.55,1,-1,-1,-1
175,2,1883.93,424.82,195.74,66.46,1,-1,-1,-1
176,1,1422.46,513.68,298.93,282.65,1,-1,-1,-1
176,2,1883.97,424.81,195.62,66.48,1,-1,-1,-1
177,1,1425.07,515.94,302.98,287.46,1,-1,-1,-1
177,2,1884.01,424.79,195.50,66.50,1,-1,-1,-1
178,1,1427.54,518.24,308.03,291.85,1,-1,-1,-1
178,2,1884.06,424.77,195.38,66.51,1,-1,-1,-1
179,1,1429.78,520.59,314.07,295.79,1,-1,-1,-1
179,2,1884.10,424.76,195.26,66.53,1,-1,-1,-1
180,1,1431.81,522.97,320.83,299.25,1,-1,-1,-1
180,2,1884.15,424.74,195.14,66.55,1,-1,-1,-1
181,1,1433.70,525.40,327.87,302.32,1,-1,-1,-1
181,2,1884.19,424.72,195.03,66.57,1,-1,-1,-1
182,1,1435.54,527.87,334.80,305.14,1,-1,-1,-1
182,2,1884.24,424.71,194.91,66.59,1,-1,-1,-1
183,1,1437.45,530.36,341.41,307.96,1,-1,-1,-1
183,2,1884.28,424.69,194.80,66.60,1,-1,-1,-1
184,1,1439.51,532.87,347.66,310.98,1,-1,-1,-1
184,2,1884.32,424.68,194.68,66.62,1,-1,-1,-1
185,1,1441.79,535.40,353.59,314.42,1,-1,-1,-1
185,2,1884.37,424.66,194.57,66.64,1,-1,-1,-1
186,1,1444.31,537.93,359.20,318.38,1,-1,-1,-1
186,2,1884.41,424.64,194.46,66.66,1,-1,-1,-1
186,4,1532.74,1281.04,996.03,726.41,1,-1,-1,-1
187,1,1447.08,540.47,364.43,322.88,1,-1,-1,-1
187,2,1884.46,424.63,194.36,66.67,1,-1,-1,-1
187,4,1340.90,1249.13,1143.83,717.81,1,-1,-1,-1
188,1,1450.05,542.99,369.28,327.88,1,-1,-1,-1
188,2,1884.50,424.61,194.25,66.69,1,-1,-1,-1
188,4,1176.32,1217.22,1367.55,709.20,1,-1,-1,-1
189,1,1453.13,545.50,373.91,333.29,1,-1,-1,-1
189,2,1884.54,424.60,194.15,66.71,1,-1,-1,-1
189,4,975.26,1185.32,1514.47,700.60,1,-1,-1,-1
190,1,1456.22,547.99,378.55,338.98,1,-1,-1,-1
190,2,1884.58,424.58,194.04,66.73,1,-1,-1,-1
190,4,898.39,1153.41,1549.73,691.99,1,-1,-1,-1
191,1,1459.20,550.46,383.44,344.79,1,-1,-1,-1
191,2,1884.63,424.56,193.95,66.74,1,-1,-1,-1
191,4,727.89,1121.50,1527.05,683.39,1,-1,-1,-1
192,1,1462.00,552.90,388.62,350.57,1,-1,-1,-1
192,2,1884.67,424.55,193.85,66.76,1,-1,-1,-1
192,4,589.27,1089.60,1421.86,674.79,1,-1,-1,-1
193,1,1464.55,555.30,394.02,356.14,1,-1,-1,-1
193,2,1884.71,424.53,193.75,66.78,1,-1,-1,-1
193,4,515.83,1057.69,1486.75,666.18,1,-1,-1,-1
194,1,1466.83,557.65,399.37,361.33,1,-1,-1,-1
194,2,1884.75,424.52,193.66,66.80,1,-1,-1,-1
194,4,336.24,1025.79,1459.77,657.58,1,-1,-1,-1
195,1,1468.82,559.96,404.32,365.99,1,-1,-1,-1
195,2,1884.79,424.50,193.57,66.81,1,-1,-1,-1
195,4,184.85,993.88,1387.12,648.98,1,-1,-1,-1
196,1,1470.50,562.21,408.51,370.00,1,-1,-1,-1
196,2,1884.83,424.49,193.48,66.83,1,-1,-1,-1
196,4,61.36,961.97,1276.92,640.37,1,-1,-1,-1
197,1,1471.87,564.39,411.74,373.29,1,-1,-1,-1
197,2,1884.87,424.47,193.40,66.85,1,-1,-1,-1
197,4,73.70,930.07,1137.99,631.77,1,-1,-1,-1
198,1,1472.90,566.50,414.28,375.84,1,-1,-1,-1
198,2,1884.91,424.46,193.31,66.86,1,-1,-1,-1
198,4,4.83,898.16,1011.55,623.16,1,-1,-1,-1
199,1,1473.61,568.54,416.73,377.70,1,-1,-1,-1
199,2,1884.95,424.44,193.23,66.88,1,-1,-1,-1
199,4,16.40,866.26,862.19,614.56,1,-1,-1,-1
200,1,1474.04,570.48,419.69,378.94,1,-1,-1,-1
200,2,1884.98,424.43,193.15,66.90,1,-1,-1,-1
200,4,11.83,834.35,646.77,605.96,1,-1,-1,-1
201,1,1474.26,572.33,423.44,379.68,1,-1,-1,-1
201,2,1885.02,424.41,193.08,66.91,1,-1,-1,-1
201,4,4.39,802.44,570.83,597.35,1,-1,-1,-1
202,1,1474.39,574.08,427.80,380.06,1,-1,-1,-1
202,2,1885.06,424.40,193.01,66.93,1,-1,-1,-1
202,4,3.77,770.54,443.49,588.75,1,-1,-1,-1
203,1,1474.52,575.71,432.24,380.16,1,-1,-1,-1
203,2,1885.09,424.39,192.94,66.94,1,-1,-1,-1
203,4,10.03,738.63,290.10,580.15,1,-1,-1,-1
204,1,1474.76,577.22,436.19,380.06,1,-1,-1,-1
204,2,1885.13,424.37,192.87,66.96,1,-1,-1,-1
205,1,1475.17,578.60,439.25,379.81,1,-1,-1,-1
205,2,1885.16,424.36,192.80,66.97,1,-1,-1,-1
206,1,1475.77,579.85,441.28,379.42,1,-1,-1,-1
206,2,1885.19,424.34,192.74,66.99,1,-1,-1,-1
207,1,1476.52,580.97,442.35,378.91,1,-1,-1,-1
207,2,1885.23,424.33,192.68,67.01,1,-1,-1,-1
208,1,1477.36,581.96,442.70,378.28,1,-1,-1,-1
208,2,1885.26,424.32,192.62,67.02,1,-1,-1,-1
209,1,1478.21,582.83,442.63,377.55,1,-1,-1,-1
209,2,1885.29,424.30,192.57,67.04,1,-1,-1,-1
210,1,1479.00,583.57,442.43,376.71,1,-1,-1,-1
210,2,1885.32,424.29,192.51,67.05,1,-1,-1,-1
211,1,1479.66,584.19,442.24,375.78,1,-1,-1,-1
211,2,1885.35,424.28,192.46,67.06,1,-1,-1,-1
212,1,1480.16,584.71,442.08,374.82,1,-1,-1,-1
212,2,1885.38,424.26,192.42,67.08,1,-1,-1,-1
213,1,1480.50,585.12,441.89,373.89,1,-1,-1,-1
213,2,1885.41,424.25,192.37,67.09,1,-1,-1,-1
214,1,1480.67,585.45,441.67,373.04,1,-1,-1,-1
214,2,1885.44,424.24,192.33,67.11,1,-1,-1,-1
215,1,1480.71,585.69,441.46,372.31,1,-1,-1,-1
215,2,1885.46,424.23,192.28,67.12,1,-1,-1,-1
216,1,1480.64,585.86,441.41,371.74,1,-1,-1,-1
216,2,1885.49,424.21,192.24,67.14,1,-1,-1,-1
217,1,1480.48,585.98,441.63,371.33,1,-1,-1,-1
217,2,1885.51,424.20,192.21,67.15,1,-1,-1,-1
218,1,1480.25,586.03,442.18,371.08,1,-1,-1,-1
218,2,1885.54,424.19,192.17,67.16,1,-1,-1,-1
219,1,1479.98,586.05,443.02,370.96,1,-1,-1,-1
219,2,1885.56,424.18,192.14,67.18,1,-1,-1,-1
220,1,1479.69,586.03,443.99,370.96,1,-1,-1,-1
220,2,1885.59,424.17,192.11,67.19,1,-1,-1,-1
221,1,1479.40,585.98,444.92,371.05,1,-1,-1,-1
221,2,1885.61,424.16,192.08,67.20,1,-1,-1,-1
222,1,1479.13,585.92,445.67,371.20,1,-1,-1,-1
222,2,1885.63,424.15,192.05,67.21,1,-1,-1,-1
223,1,1478.92,585.84,446.16,371.39,1,-1,-1,-1
223,2,1885.65,424.13,192.02,67.23,1,-1,-1,-1
224,1,1478.78,585.77,446.39,371.58,1,-1,-1,-1
224,2,1885.67,424.12,192.00,67.24,1,-1,-1,-1
225,1,1478.76,585.69,446.37,371.77,1,-1,-1,-1
225,2,1885.69,424.11,191.97,67.25,1,-1,-1,-1
226,1,1478.88,585.62,446.15,371.95,1,-1,-1,-1
226,2,1885.71,424.10,191.95,67.26,1,-1,-1,-1
227,1,1479.15,585.57,445.75,372.11,1,-1,-1,-1
227,2,1885.73,424.09,191.93,67.27,1,-1,-1,-1
228,1,1479.58,585.53,445.21,372.25,1,-1,-1,-1
228,2,1885.74,424.08,191.91,67.29,1,-1,-1,-1
229,1,1480.15,585.51,444.57,372.38,1,-1,-1,-1
229,2,1885.76,424.07,191.90,67.30,1,-1,-1,-1
230,1,1480.84,585.52,443.89,372.47,1,-1,-1,-1
230,2,1885.77,424.06,191.88,67.31,1,-1,-1,-1
231,1,1481.58,585.54,443.21,372.52,1,-1,-1,-1
231,2,1885.79,424.05,191.87,67.32,1,-1,-1,-1
232,1,1482.31,585.58,442.59,372.52,1,-1,-1,-1
232,2,1885.80,424.05,191.86,67.33,1,-1,-1,-1
232,5,2360.87,465.86,136.13,56.28,1,-1,-1,-1
233,1,1482.94,585.65,442.08,372.47,1,-1,-1,-1
233,2,1885.82,424.04,191.85,67.34,1,-1,-1,-1
233,5,2360.95,465.93,136.05,56.15,1,-1,-1,-1
234,1,1483.42,585.73,441.74,372.38,1,-1,-1,-1
234,2,1885.83,424.03,191.85,67.35,1,-1,-1,-1
234,5,2361.02,465.99,135.98,56.01,1,-1,-1,-1
235,1,1483.71,585.83,441.59,372.24,1,-1,-1,-1
235,2,1885.84,424.02,191.84,67.36,1,-1,-1,-1
235,5,2361.10,466.06,135.90,55.88,1,-1,-1,-1
236,1,1483.79,585.94,441.61,372.05,1,-1,-1,-1
236,2,1885.85,424.01,191.84,67.37,1,-1,-1,-1
236,5,2361.17,466.13,135.83,55.74,1,-1,-1,-1
237,1,1483.65,586.06,441.74,371.81,1,-1,-1,-1
237,2,1885.86,424.00,191.84,67.38,1,-1,-1,-1
237,5,2361.25,466.20,135.75,55.61,1,-1,-1,-1
238,1,1483.32,586.19,441.90,371.53,1,-1,-1,-1
238,2,1885.87,423.99,191.84,67.39,1,-1,-1,-1
238,5,2361.32,466.26,135.68,55.47,1,-1,-1,-1
239,1,1482.85,586.33,442.09,371.20,1,-1,-1,-1
239,2,1885.88,423.99,191.84,67.40,1,-1,-1,-1
239,5,2361.40,466.33,135.60,55.34,1,-1,-1,-1
240,1,1482.28,586.46,442.32,370.85,1,-1,-1,-1
240,2,1885.89,423.98,191.84,67.41,1,-1,-1,-1
240,5,2361.47,466.40,135.53,55.20,1,-1,-1,-1
241,1,1481.68,586.59,442.63,370.50,1,-1,-1,-1
241,2,1885.89,423.97,191.85,67.42,1,-1,-1,-1
241,5,2361.55,466.47,135.45,55.07,1,-1,-1,-1
242,1,1481.09,586.71,443.03,370.17,1,-1,-1,-1
242,2,1885.90,423.96,191.86,67.43,1,-1,-1,-1
242,5,2361.62,466.53,135.38,54.93,1,-1,-1,-1
243,1,1480.54,586.82,443.51,369.88,1,-1,-1,-1
243,2,1885.91,423.96,191.87,67.44,1,-1,-1,-1
243,5,2361.70,466.60,135.30,54.80,1,-1,-1,-1
244,1,1480.06,586.92,444.00,369.65,1,-1,-1,-1
244,2,1885.91,423.95,191.88,67.45,1,-1,-1,-1
244,5,2361.77,466.67,135.23,54.66,1,-1,-1,-1
245,1,1479.65,587.00,444.47,369.47,1,-1,-1,-1
245,2,1885.91,423.94,191.90,67.46,1,-1,-1,-1
245,5,2361.84,466.74,135.16,54.53,1,-1,-1,-1
246,1,1479.31,587.05,444.89,369.35,1,-1,-1,-1
246,2,1885.91,423.94,191.91,67.46,1,-1,-1,-1
246,5,2361.92,466.80,135.08,54.39,1,-1,-1,-1
247,1,1479.01,587.08,445.28,369.26,1,-1,-1,-1
247,2,1885.92,423.93,191.93,67.47,1,-1,-1,-1
247,5,2361.99,466.87,135.01,54.26,1,-1,-1,-1
248,1,1478.74,587.09,445.66,369.20,1,-1,-1,-1
248,2,1885.92,423.92,191.96,67.48,1,-1,-1,-1
248,5,2362.07,466.94,134.93,54.12,1,-1,-1,-1
249,1,1478.47,587.07,446.03,369.17,1,-1,-1,-1
249,2,1885.92,423.92,191.98,67.49,1,-1,-1,-1
249,5,2362.14,467.01,134.86,53.99,1,-1,-1,-1
250,1,1478.20,587.03,446.38,369.19,1,-1,-1,-1
250,2,1885.91,423.91,192.01,67.50,1,-1,-1,-1
250,5,2362.22,467.07,134.78,53.85,1,-1,-1,-1
251,1,1477.91,586.96,446.66,369.29,1,-1,-1,-1
251,2,1885.91,423.90,192.04,67.50,1,-1,-1,-1
251,5,2362.29,467.14,134.71,53.72,1,-1,-1,-1
252,1,1477.62,586.86,446.86,369.49,1,-1,-1,-1
252,2,1885.91,423.90,192.07,67.51,1,-1,-1,-1
253,1,1477.34,586.73,446.96,369.82,1,-1,-1,-1
253,2,1885.90,423.89,192.10,67.52,1,-1,-1,-1
254,1,1477.09,586.59,447.00,370.27,1,-1,-1,-1
254,2,1885.90,423.89,192.14,67.53,1,-1,-1,-1
255,1,1476.92,586.42,446.99,370.77,1,-1,-1,-1
255,2,1885.89,423.88,192.18,67.53,1,-1,-1,-1
256,1,1476.87,586.24,446.93,371.21,1,-1,-1,-1
256,2,1885.88,423.88,192.22,67.54,1,-1,-1,-1
257,1,1477.01,586.05,446.78,371.42,1,-1,-1,-1
257,2,1885.87,423.87,192.27,67.55,1,-1,-1,-1
258,1,1477.41,585.85,446.48,371.21,1,-1,-1,-1
258,2,1885.86,423.87,192.32,67.55,1,-1,-1,-1
259,1,1478.14,585.66,445.87,370.34,1,-1,-1,-1
259,2,1885.85,423.86,192.37,67.56,1,-1,-1,-1
260,1,1479.25,585.47,444.70,368.64,1,-1,-1,-1
260,2,1885.84,423.86,192.42,67.57,1,-1,-1,-1
261,1,1480.74,585.31,442.67,366.00,1,-1,-1,-1
261,2,1885.83,423.85,192.47,67.57,1,-1,-1,-1
262,1,1482.57,585.17,439.55,362.49,1,-1,-1,-1
262,2,1885.82,423.85,192.53,67.58,1,-1,-1,-1
263,1,1484.63,585.06,435.41,358.38,1,-1,-1,-1
263,2,1885.80,423.84,192.59,67.58,1,-1,-1,-1
264,1,1486.74,584.99,430.79,354.23,1,-1,-1,-1
264,2,1885.79,423.84,192.65,67.59,1,-1,-1,-1
265,1,1488.67,584.97,426.72,350.80,1,-1,-1,-1
265,2,1885.77,423.84,192.71,67.59,1,-1,-1,-1
266,1,1490.19,585.00,424.32,348.89,1,-1,-1,-1
266,2,1885.76,423.83,192.78,67.60,1,-1,-1,-1
267,1,1491.12,585.09,424.17,349.02,1,-1,-1,-1
267,2,1885.74,423.83,192.85,67.61,1,-1,-1,-1
268,1,1491.41,585.23,426.02,351.18,1,-1,-1,-1
268,2,1885.72,423.82,192.92,67.61,1,-1,-1,-1
269,1,1491.13,585.41,429.01,354.81,1,-1,-1,-1
269,2,1885.71,423.82,192.99,67.62,1,-1,-1,-1
270,1,1490.44,585.64,432.18,359.07,1,-1,-1,-1
270,2,1885.69,423.82,193.06,67.62,1,-1,-1,-1
271,1,1489.56,585.89,434.89,363.16,1,-1,-1,-1
271,2,1885.67,423.81,193.14,67.63,1,-1,-1,-1
272,1,1488.66,586.17,436.89,366.52,1,-1,-1,-1
272,2,1885.65,423.81,193.22,67.63,1,-1,-1,-1
273,1,1487.88,586.46,438.18,368.88,1,-1,-1,-1
273,2,1885.63,423.81,193.29,67.64,1,-1,-1,-1
274,1,1487.27,586.75,438.89,370.22,1,-1,-1,-1
274,2,1885.61,423.80,193.37,67.64,1,-1,-1,-1
275,1,1486.86,587.03,439.16,370.70,1,-1,-1,-1
275,2,1885.59,423.80,193.45,67.64,1,-1,-1,-1
276,1,1486.61,587.29,439.15,370.55,1,-1,-1,-1
276,2,1885.57,423.80,193.53,67.65,1,-1,-1,-1
277,1,1486.47,587.53,439.01,370.04,1,-1,-1,-1
277,2,1885.55,423.80,193.61,67.65,1,-1,-1,-1
278,1,1486.39,587.74,438.86,369.38,1,-1,-1,-1
278,2,1885.53,423.79,193.70,67.66,1,-1,-1,-1
279,1,1486.31,587.91,438.77,368.76,1,-1,-1,-1
279,2,1885.51,423.79,193.78,67.66,1,-1,-1,-1
280,1,1486.17,588.04,438.71,368.28,1,-1,-1,-1
280,2,1885.49,423.79,193.86,67.67,1,-1,-1,-1
281,1,1485.97,588.14,438.68,368.01,1,-1,-1,-1
281,2,1885.46,423.79,193.94,67.67,1,-1,-1,-1
282,1,1485.68,588.21,438.63,367.94,1,-1,-1,-1
282,2,1885.44,423.79,194.03,67.67,1,-1,-1,-1
283,1,1485.33,588.25,438.60,368.06,1,-1,-1,-1
283,2,1885.42,423.78,194.11,67.68,1,-1,-1,-1
284,1,1484.94,588.25,438.63,368.29,1,-1,-1,-1
284,2,1885.40,423.78,194.19,67.68,1,-1,-1,-1
285,1,1484.54,588.24,438.79,368.59,1,-1,-1,-1
285,2,1885.38,423.78,194.27,67.68,1,-1,-1,-1
286,1,1484.17,588.21,439.11,368.88,1,-1,-1,-1
286,2,1885.36,423.78,194.35,67.69,1,-1,-1,-1
287,1,1483.84,588.16,439.53,369.11,1,-1,-1,-1
287,2,1885.34,423.78,194.43,67.69,1,-1,-1,-1
288,1,1483.56,588.11,439.97,369.27,1,-1,-1,-1
288,2,1885.32,423.78,194.50,67.69,1,-1,-1,-1
289,1,1483.35,588.06,440.31,369.34,1,-1,-1,-1
289,2,1885.30,423.77,194.58,67.70,1,-1,-1,-1
290,1,1483.20,588.00,440.49,369.35,1,-1,-1,-1
290,2,1885.28,423.77,194.65,67.70,1,-1,-1,-1
291,1,1483.12,587.95,440.49,369.33,1,-1,-1,-1
291,2,1885.26,423.77,194.73,67.70,1,-1,-1,-1
292,1,1483.09,587.90,440.38,369.29,1,-1,-1,-1
292,2,1885.24,423.77,194.80,67.70,1,-1,-1,-1
293,1,1483.11,587.86,440.25,369.25,1,-1,-1,-1
293,2,1885.22,423.77,194.87,67.71,1,-1,-1,-1
294,1,1483.15,587.83,440.16,369.22,1,-1,-1,-1
294,2,1885.20,423.77,194.93,67.71,1,-1,-1,-1
295,1,1483.19,587.81,440.14,369.21,1,-1,-1,-1
295,2,1885.18,423.77,195.00,67.71,1,-1,-1,-1
296,1,1483.22,587.80,440.15,369.20,1,-1,-1,-1
296,2,1885.17,423.77,195.06,67.71,1,-1,-1,-1
297,1,1483.22,587.79,440.15,369.19,1,-1,-1,-1
297,2,1885.15,423.77,195.12,67.72,1,-1,-1,-1
298,1,1483.19,587.79,440.11,369.17,1,-1,-1,-1
298,2,1885.13,423.77,195.18,67.72,1,-1,-1,-1
299,1,1483.13,587.80,440.07,369.13,1,-1,-1,-1
299,2,1885.12,423.77,195.23,67.72,1,-1,-1,-1
300,1,1483.07,587.81,440.04,369.07,1,-1,-1,-1
300,2,1885.10,423.76,195.29,67.72,1,-1,-1,-1
301,1,1483.00,587.81,440.03,368.99,1,-1,-1,-1
301,2,1885.09,423.76,195.34,67.72,1,-1,-1,-1
302,1,1482.95,587.82,440.04,368.88,1,-1,-1,-1
302,2,1885.07,423.76,195.39,67.73,1,-1,-1,-1
303,1,1482.94,587.83,440.04,368.77,1,-1,-1,-1
303,2,1885.06,423.76,195.43,67.73,1,-1,-1,-1
304,1,1482.97,587.83,440.01,368.67,1,-1,-1,-1
304,2,1885.05,423.76,195.48,67.73,1,-1,-1,-1
305,1,1483.06,587.83,439.94,368.61,1,-1,-1,-1
305,2,1885.03,423.76,195.52,67.73,1,-1,-1,-1
306,1,1483.21,587.82,439.79,368.58,1,-1,-1,-1
306,2,1885.02,423.76,195.56,67.73,1,-1,-1,-1
307,1,1483.41,587.81,439.59,368.60,1,-1,-1,-1
307,2,1885.01,423.76,195.59,67.73,1,-1,-1,-1
308,1,1483.63,587.79,439.34,368.64,1,-1,-1,-1
308,2,1885.00,423.76,195.62,67.74,1,-1,-1,-1
309,1,1483.85,587.77,439.10,368.70,1,-1,-1,-1
309,2,1884.99,423.77,195.65,67.74,1,-1,-1,-1
310,1,1484.01,587.73,438.92,368.76,1,-1,-1,-1
310,2,1884.98,423.77,195.68,67.74,1,-1,-1,-1
311,1,1484.08,587.70,438.89,368.81,1,-1,-1,-1
311,2,1884.97,423.77,195.71,67.74,1,-1,-1,-1
312,1,1483.99,587.66,439.09,368.86,1,-1,-1,-1
312,2,1884.97,423.77,195.73,67.74,1,-1,-1,-1
313,1,1483.71,587.62,439.60,368.91,1,-1,-1,-1
313,2,1884.96,423.77,195.75,67.74,1,-1,-1,-1
314,1,1483.22,587.59,440.43,368.98,1,-1,-1,-1
314,2,1884.95,423.77,195.77,67.74,1,-1,-1,-1
315,1,1482.54,587.55,441.55,369.07,1,-1,-1,-1
315,2,1884.94,423.77,195.79,67.74,1,-1,-1,-1
316,1,1481.71,587.52,442.88,369.20,1,-1,-1,-1
316,2,1884.94,423.77,195.81,67.74,1,-1,-1,-1
317,1,1480.81,587.51,444.26,369.34,1,-1,-1,-1
317,2,1884.93,423.77,195.82,67.74,1,-1,-1,-1
318,1,1479.96,587.50,445.50,369.45,1,-1,-1,-1
318,2,1884.93,423.77,195.83,67.74,1,-1,-1,-1
319,1,1479.26,587.50,446.43,369.51,1,-1,-1,-1
319,2,1884.92,423.77,195.84,67.75,1,-1,-1,-1
320,1,1478.79,587.52,446.95,369.45,1,-1,-1,-1
320,2,1884.92,423.77,195.85,67.75,1,-1,-1,-1
321,1,1478.60,587.55,447.06,369.26,1,-1,-1,-1
321,2,1884.92,423.78,195.85,67.75,1,-1,-1,-1
322,1,1478.68,587.59,446.89,368.91,1,-1,-1,-1
322,2,1884.91,423.78,195.85,67.75,1,-1,-1,-1
323,1,1479.00,587.64,446.57,368.45,1,-1,-1,-1
323,2,1884.91,423.78,195.86,67.75,1,-1,-1,-1
324,1,1479.48,587.69,446.24,367.93,1,-1,-1,-1
324,2,1884.91,423.78,195.86,67.75,1,-1,-1,-1
325,1,1480.04,587.74,445.96,367.40,1,-1,-1,-1
325,2,1884.90,423.78,195.86,67.75,1,-1,-1,-1
326,1,1480.64,587.78,445.72,366.91,1,-1,-1,-1
326,2,1884.90,423.78,195.85,67.75,1,-1,-1,-1
327,1,1481.23,587.81,445.42,366.51,1,-1,-1,-1
327,2,1884.90,423.78,195.85,67.75,1,-1,-1,-1
328,1,1481.80,587.82,444.97,366.20,1,-1,-1,-1
328,2,1884.90,423.79,195.84,67.75,1,-1,-1,-1
329,1,1482.38,587.81,444.31,366.01,1,-1,-1,-1
329,2,1884.90,423.79,195.84,67.75,1,-1,-1,-1
330,1,1482.98,587.78,443.44,365.97,1,-1,-1,-1
330,2,1884.90,423.79,195.83,67.75,1,-1,-1,-1
331,1,1483.59,587.73,442.40,366.09,1,-1,-1,-1
331,2,1884.89,423.79,195.82,67.75,1,-1,-1,-1
332,1,1484.21,587.65,441.27,366.41,1,-1,-1,-1
332,2,1884.89,423.79,195.81,67.75,1,-1,-1,-1
333,1,1484.76,587.55,440.16,366.93,1,-1,-1,-1
333,2,1884.89,423.80,195.80,67.75,1,-1,-1,-1
334,1,1485.20,587.43,439.14,367.65,1,-1,-1,-1
334,2,1884.89,423.80,195.79,67.74,1,-1,-1,-1
335,1,1485.46,587.28,438.31,368.54,1,-1,-1,-1
335,2,1884.89,423.80,195.77,67.74,1,-1,-1,-1
336,1,1485.53,587.12,437.76,369.52,1,-1,-1,-1
336,2,1884.89,423.80,195.76,67.74,1,-1,-1,-1
337,1,1485.44,586.94,437.52,370.51,1,-1,-1,-1
337,2,1884.89,423.81,195.75,67.74,1,-1,-1,-1
338,1,1485.24,586.75,437.56,371.42,1,-1,-1,-1
338,2,1884.89,423.81,195.73,67.74,1,-1,-1,-1
339,1,1484.98,586.57,437.79,372.17,1,-1,-1,-1
339,2,1884.89,423.81,195.71,67.74,1,-1,-1,-1
340,1,1484.71,586.38,438.11,372.76,1,-1,-1,-1
340,2,1884.89,423.81,195.70,67.74,1,-1,-1,-1
341,1,1484.45,586.20,438.42,373.18,1,-1,-1,-1
341,2,1884.89,423.82,195.68,67.74,1,-1,-1,-1
342,1,1484.18,586.03,438.74,373.49,1,-1,-1,-1
342,2,1884.89,423.82,195.66,67.74,1,-1,-1,-1
343,1,1483.88,585.88,439.08,373.74,1,-1,-1,-1
343,2,1884.89,423.82,195.64,67.74,1,-1,-1,-1
344,1,1483.50,585.74,439.52,373.98,1,-1,-1,-1
344,2,1884.89,423.82,195.62,67.74,1,-1,-1,-1
345,1,1483.04,585.63,440.14,374.24,1,-1,-1,-1
345,2,1884.89,423.83,195.60,67.73,1,-1,-1,-1
346,1,1482.46,585.54,440.95,374.52,1,-1,-1,-1
346,2,1884.89,423.83,195.58,67.73,1,-1,-1,-1
347,1,1481.79,585.48,441.96,374.78,1,-1,-1,-1
347,2,1884.89,423.83,195.56,67.73,1,-1,-1,-1
348,1,1481.06,585.45,443.07,374.97,1,-1,-1,-1
348,2,1884.89,423.84,195.54,67.73,1,-1,-1,-1
349,1,1480.34,585.45,444.18,375.06,1,-1,-1,-1
349,2,1884.89,423.84,195.52,67.73,1,-1,-1,-1
350,1,1479.68,585.47,445.20,375.02,1,-1,-1,-1
350,2,1884.89,423.84,195.50,67.73,1,-1,-1,-1
351,1,1479.12,585.52,446.08,374.82,1,-1,-1,-1
351,2,1884.89,423.85,195.48,67.73,1,-1,-1,-1
352,1,1478.71,585.59,446.84,374.48,1,-1,-1,-1
352,2,1884.89,423.85,195.46,67.72,1,-1,-1,-1
353,1,1478.47,585.68,447.57,374.01,1,-1,-1,-1
353,2,1884.89,423.85,195.44,67.72,1,-1,-1,-1
354,1,1478.41,585.79,448.31,373.45,1,-1,-1,-1
354,2,1884.89,423.86,195.42,67.72,1,-1,-1,-1
355,1,1478.54,585.90,448.94,372.81,1,-1,-1,-1
355,2,1884.89,423.86,195.40,67.72,1,-1,-1,-1
356,1,1478.82,586.02,449.15,372.17,1,-1,-1,-1
356,2,1884.88,423.86,195.38,67.72,1,-1,-1,-1
357,1,1479.24,586.14,448.62,371.57,1,-1,-1,-1
357,2,1884.88,423.87,195.36,67.71,1,-1,-1,-1
358,1,1479.74,586.25,447.25,371.06,1,-1,-1,-1
358,2,1884.88,423.87,195.34,67.71,1,-1,-1,-1
359,1,1480.28,586.35,445.30,370.67,1,-1,-1,-1
359,2,1884.88,423.87,195.33,67.71,1,-1,-1,-1
360,1,1480.78,586.44,443.25,370.40,1,-1,-1,-1
360,2,1884.87,423.88,195.31,67.71,1,-1,-1,-1
361,1,1481.21,586.50,441.58,370.23,1,-1,-1,-1
361,2,1884.87,423.88,195.29,67.71,1,-1,-1,-1
362,1,1481.50,586.54,440.56,370.16,1,-1,-1,-1
362,2,1884.87,423.89,195.28,67.70,1,-1,-1,-1
363,1,1481.60,586.55,440.25,370.18,1,-1,-1,-1
363,2,1884.87,423.89,195.26,67.70,1,-1,-1,-1
364,1,1481.50,586.53,440.56,370.29,1,-1,-1,-1
364,2,1884.86,423.89,195.25,67.70,1,-1,-1,-1
365,1,1481.20,586.48,441.29,370.49,1,-1,-1,-1
365,2,1884.86,423.90,195.24,67.70,1,-1,-1,-1
366,1,1480.73,586.39,442.20,370.75,1,-1,-1,-1
366,2,1884.85,423.90,195.22,67.69,1,-1,-1,-1
367,1,1480.18,586.27,443.12,371.06,1,-1,-1,-1
367,2,1884.85,423.91,195.21,67.69,1,-1,-1,-1
368,1,1479.61,586.10,443.89,371.39,1,-1,-1,-1
368,2,1884.84,423.91,195.21,67.69,1,-1,-1,-1
369,1,1479.10,585.90,444.49,371.74,1,-1,-1,-1
369,2,1884.84,423.91,195.20,67.69,1,-1,-1,-1
370,1,1478.72,585.66,444.94,372.07,1,-1,-1,-1
370,2,1884.83,423.92,195.19,67.68,1,-1,-1,-1
371,1,1478.49,585.39,445.26,372.40,1,-1,-1,-1
371,2,1884.83,423.92,195.18,67.68,1,-1,-1,-1
372,1,1478.44,585.08,445.40,372.73,1,-1,-1,-1
372,2,1884.82,423.93,195.18,67.68,1,-1,-1,-1
373,1,1478.53,584.75,445.34,373.08,1,-1,-1,-1
373,2,1884.81,423.93,195.18,67.68,1,-1,-1,-1
374,1,1478.73,584.40,445.05,373.44,1,-1,-1,-1
374,2,1884.81,423.94,195.18,67.67,1,-1,-1,-1
375,1,1479.01,584.04,444.63,373.84,1,-1,-1,-1
375,2,1884.80,423.94,195.18,67.67,1,-1,-1,-1
376,1,1479.30,583.68,444.23,374.24,1,-1,-1,-1
376,2,1884.79,423.94,195.18,67.67,1,-1,-1,-1
377,1,1479.55,583.35,444.04,374.64,1,-1,-1,-1
377,2,1884.79,423.95,195.18,67.67,1,-1,-1,-1
378,1,1479.71,583.05,444.19,374.99,1,-1,-1,-1
378,2,1884.78,423.95,195.19,67.66,1,-1,-1,-1
379,1,1479.75,582.82,444.72,375.28,1,-1,-1,-1
379,2,1884.77,423.96,195.20,67.66,1,-1,-1,-1
380,1,1479.62,582.67,445.58,375.46,1,-1,-1,-1
380,2,1884.76,423.96,195.21,67.66,1,-1,-1,-1
381,1,1479.34,582.64,446.64,375.52,1,-1,-1,-1
381,2,1884.75,423.97,195.22,67.65,1,-1,-1,-1
381,6,1911.44,1036.71,906.75,430.31,1,-1,-1,-1
382,1,1478.91,582.76,447.75,375.47,1,-1,-1,-1
382,2,1884.74,423.97,195.23,67.65,1,-1,-1,-1
382,6,1674.41,1009.68,908.22,428.75,1,-1,-1,-1
383,1,1478.41,583.05,448.89,375.33,1,-1,-1,-1
383,2,1884.73,423.97,195.24,67.65,1,-1,-1,-1
383,6,1437.38,982.66,909.70,427.19,1,-1,-1,-1
384,1,1477.92,583.55,450.25,375.15,1,-1,-1,-1
384,2,1884.72,423.98,195.26,67.65,1,-1,-1,-1
384,6,1200.35,955.64,911.18,425.64,1,-1,-1,-1
385,1,1477.58,584.30,452.34,375.03,1,-1,-1,-1
385,2,1884.71,423.98,195.28,67.64,1,-1,-1,-1
385,6,963.32,928.61,912.66,424.08,1,-1,-1,-1
386,1,1477.55,585.34,455.68,375.07,1,-1,-1,-1
386,2,1884.70,423.99,195.30,67.64,1,-1,-1,-1
386,6,726.28,901.59,914.14,422.52,1,-1,-1,-1
387,1,1478.06,586.70,460.50,375.44,1,-1,-1,-1
387,2,1884.69,423.99,195.32,67.64,1,-1,-1,-1
387,6,489.25,874.56,915.62,420.96,1,-1,-1,-1
388,1,1479.37,588.42,466.47,376.34,1,-1,-1,-1
388,2,1884.68,423.99,195.34,67.64,1,-1,-1,-1
388,6,252.22,847.54,917.10,419.41,1,-1,-1,-1
389,1,1481.71,590.54,472.75,377.99,1,-1,-1,-1
389,2,1884.67,424.00,195.37,67.64,1,-1,-1,-1
389,6,15.19,820.52,918.58,417.85,1,-1,-1,-1
390,1,1485.29,593.08,478.21,380.57,1,-1,-1,-1
390,2,1884.66,424.00,195.39,67.63,1,-1,-1,-1
390,6,-221.84,793.49,920.05,416.29,1,-1,-1,-1
391,1,1490.23,596.07,481.85,384.16,1,-1,-1,-1
391,2,1884.64,424.01,195.42,67.63,1,-1,-1,-1
392,1,1496.55,599.55,483.16,388.71,1,-1,-1,-1
392,2,1884.63,424.01,195.45,67.63,1,-1,-1,-1
393,1,1504.13,603.53,482.69,394.07,1,-1,-1,-1
393,2,1884.62,424.01,195.48,67.63,1,-1,-1,-1
394,1,1512.75,608.02,482.53,399.94,1,-1,-1,-1
394,2,1884.60,424.02,195.52,67.63,1,-1,-1,-1
395,1,1522.13,613.05,486.22,406.00,1,-1,-1,-1
395,2,1884.59,424.02,195.55,67.62,1,-1,-1,-1
396,1,1532.01,618.62,497.68,411.99,1,-1,-1,-1
396,2,1884.58,424.02,195.59,67.62,1,-1,-1,-1
397,1,1542.29,624.73,519.68,417.88,1,-1,-1,-1
397,2,1884.56,424.03,195.62,67.62,1,-1,-1,-1
398,1,1553.08,631.38,553.05,423.91,1,-1,-1,-1
398,2,1884.55,424.03,195.66,67.62,1,-1,-1,-1
399,1,1564.77,638.57,596.40,430.51,1,-1,-1,-1
399,2,1884.53,424.03,195.70,67.62,1,-1,-1,-1
400,1,1577.99,646.28,646.34,438.13,1,-1,-1,-1
400,2,1884.52,424.03,195.74,67.62,1,-1,-1,-1
401,1,1593.52,654.52,698.11,447.06,1,-1,-1,-1
401,2,1884.50,424.04,195.78,67.62,1,-1,-1,-1
402,1,1612.19,663.28,746.47,457.35,1,-1,-1,-1
402,2,1884.49,424.04,195.83,67.61,1,-1,-1,-1
403,1,1634.75,672.55,786.10,468.71,1,-1,-1,-1
403,2,1884.47,424.04,195.87,67.61,1,-1,-1,-1
404,1,1661.90,682.33,811.82,480.50,1,-1,-1,-1
404,2,1884.45,424.04,195.91,67.61,1,-1,-1,-1
405,1,1694.19,692.62,819.40,491.74,1,-1,-1,-1
405,2,1884.44,424.05,195.96,67.61,1,-1,-1,-1
406,1,1731.97,703.41,806.87,501.16,1,-1,-1,-1
406,2,1884.42,424.05,196.00,67.61,1,-1,-1,-1
407,1,1775.31,714.70,775.45,507.38,1,-1,-1,-1
407,2,1884.40,424.05,196.05,67.61,1,-1,-1,-1
408,1,1823.95,726.47,729.10,509.13,1,-1,-1,-1
408,2,1884.39,424.05,196.09,67.61,1,-1,-1,-1
409,1,1877.37,738.73,673.00,505.36,1,-1,-1,-1
409,2,1884.37,424.05,196.14,67.61,1,-1,-1,-1
410,1,1934.88,751.44,611.78,495.47,1,-1,-1,-1
410,2,1884.35,424.06,196.19,67.61,1,-1,-1,-1
411,1,1995.77,764.60,548.37,479.50,1,-1,-1,-1
411,2,1884.34,424.06,196.23,67.61,1,-1,-1,-1
412,1,2059.37,778.17,483.84,458.22,1,-1,-1,-1
412,2,1884.32,424.06,196.28,67.61,1,-1,-1,-1
413,1,2125.08,792.13,418.09,432.91,1,-1,-1,-1
413,2,1884.30,424.06,196.33,67.61,1,-1,-1,-1
414,2,1884.28,424.06,196.37,67.61,1,-1,-1,-1
415,2,1884.27,424.06,196.42,67.62,1,-1,-1,-1
416,2,1884.25,424.06,196.47,67.62,1,-1,-1,-1
417,2,1884.23,424.06,196.51,67.62,1,-1,-1,-1
418,2,1884.21,424.06,196.56,67.62,1,-1,-1,-1
419,2,1884.20,424.06,196.60,67.62,1,-1,-1,-1
420,2,1884.18,424.06,196.65,67.62,1,-1,-1,-1
421,2,1884.16,424.06,196.69,67.63,1,-1,-1,-1
422,2,1884.14,424.06,196.74,67.63,1,-1,-1,-1
423,2,1884.12,424.06,196.78,67.63,1,-1,-1,-1
424,2,1884.11,424.06,196.82,67.63,1,-1,-1,-1
425,2,1884.09,424.06,196.86,67.64,1,-1,-1,-1
426,2,1884.07,424.06,196.90,67.64,1,-1,-1,-1
427,2,1884.05,424.05,196.94,67.64,1,-1,-1,-1
428,2,1884.03,424.05,196.98,67.65,1,-1,-1,-1
429,2,1884.02,424.05,197.02,67.65,1,-1,-1,-1
430,2,1884.00,424.05,197.05,67.65,1,-1,-1,-1
431,2,1883.98,424.04,197.09,67.66,1,-1,-1,-1
432,2,1883.97,424.04,197.12,67.66,1,-1,-1,-1
433,2,1883.95,424.04,197.15,67.67,1,-1,-1,-1
434,2,1883.94,424.04,197.18,67.67,1,-1,-1,-1
435,2,1883.92,424.03,197.21,67.68,1,-1,-1,-1
436,2,1883.90,424.03,197.24,67.68,1,-1,-1,-1
437,2,1883.89,424.03,197.26,67.69,1,-1,-1,-1
438,2,1883.88,424.02,197.29,67.69,1,-1,-1,-1
439,2,1883.86,424.02,197.31,67.70,1,-1,-1,-1
440,2,1883.85,424.01,197.33,67.70,1,-1,-1,-1
441,2,1883.84,424.01,197.35,67.71,1,-1,-1,-1
442,2,1883.83,424.00,197.36,67.72,1,-1,-1,-1
443,2,1883.81,424.00,197.38,67.72,1,-1,-1,-1
444,2,1883.80,423.99,197.39,67.73,1,-1,-1,-1
445,2,1883.79,423.99,197.40,67.74,1,-1,-1,-1
446,2,1883.78,423.98,197.41,67.74,1,-1,-1,-1
447,2,1883.78,423.98,197.42,67.75,1,-1,-1,-1
448,2,1883.77,423.97,197.42,67.76,1,-1,-1,-1
449,2,1883.76,423.97,197.43,67.77,1,-1,-1,-1
450,2,1883.75,423.96,197.43,67.77,1,-1,-1,-1
451,2,1883.75,423.95,197.43,67.78,1,-1,-1,-1
452,2,1883.74,423.95,197.43,67.79,1,-1,-1,-1
453,2,1883.74,423.94,197.42,67.80,1,-1,-1,-1
454,2,1883.74,423.93,197.42,67.81,1,-1,-1,-1
455,2,1883.73,423.93,197.41,67.81,1,-1,-1,-1
456,2,1883.73,423.92,197.40,67.82,1,-1,-1,-1
457,2,1883.73,423.91,197.39,67.83,1,-1,-1,-1
458,2,1883.73,423.91,197.38,67.84,1,-1,-1,-1
459,2,1883.73,423.90,197.37,67.85,1,-1,-1,-1
460,2,1883.73,423.89,197.35,67.86,1,-1,-1,-1
