1,1,1879.878,405.288,200.131,82.008,1,-1,-1,-1
2,1,1885.903,428.799,198.248,62.297,1,-1,-1,-1
3,1,1885.773,428.750,198.414,62.354,1,-1,-1,-1
4,1,1885.737,428.721,198.456,62.405,1,-1,-1,-1
5,1,1885.698,428.686,198.493,62.456,1,-1,-1,-1
6,1,1885.675,428.677,198.508,62.471,1,-1,-1,-1
7,1,1885.659,428.682,198.531,62.463,1,-1,-1,-1
8,1,1885.650,428.688,198.584,62.458,1,-1,-1,-1
9,1,1885.652,428.690,198.619,62.456,1,-1,-1,-1
10,1,1885.659,428.666,198.621,62.481,1,-1,-1,-1
11,1,1885.654,428.649,198.617,62.498,1,-1,-1,-1
12,1,1885.634,428.638,198.603,62.497,1,-1,-1,-1
13,1,1885.612,428.634,198.597,62.489,1,-1,-1,-1
14,1,1885.603,428.628,198.572,62.485,1,-1,-1,-1
15,1,1885.612,428.612,198.560,62.505,1,-1,-1,-1
16,1,1885.617,428.619,198.532,62.492,1,-1,-1,-1
17,1,1885.623,428.623,198.507,62.488,1,-1,-1,-1
18,1,1885.623,428.630,198.508,62.474,1,-1,-1,-1
19,1,1885.627,428.621,198.511,62.482,1,-1,-1,-1
20,1,1885.629,428.618,198.520,62.480,1,-1,-1,-1
21,1,1885.639,428.575,198.532,62.528,1,-1,-1,-1
22,1,1885.579,428.565,198.668,62.551,1,-1,-1,-1
23,1,1885.526,428.543,198.732,62.596,1,-1,-1,-1
24,1,1885.494,428.560,198.744,62.581,1,-1,-1,-1
25,1,1885.536,428.554,198.633,62.573,1,-1,-1,-1
26,1,1885.572,428.569,198.623,62.530,1,-1,-1,-1
27,1,1885.575,428.665,198.497,62.386,1,-1,-1,-1
28,1,1885.542,428.746,198.362,62.267,1,-1,-1,-1
29,1,1885.524,428.796,198.144,62.210,1,-1,-1,-1
30,1,1885.533,428.778,198.008,62.258,1,-1,-1,-1
31,1,1885.570,428.765,197.893,62.298,1,-1,-1,-1
32,1,1885.586,428.773,197.828,62.288,1,-1,-1,-1
33,1,1885.586,428.768,197.819,62.288,1,-1,-1,-1
34,1,1885.631,428.767,197.798,62.261,1,-1,-1,-1
35,1,1885.748,428.744,197.487,62.285,1,-1,-1,-1
36,1,1885.979,428.672,196.915,62.382,1,-1,-1,-1
37,1,1886.214,428.516,196.185,62.635,1,-1,-1,-1
38,1,1886.341,428.417,195.838,62.802,1,-1,-1,-1
38,2,2350.125,458.077,187.070,79.969,1,-1,-1,-1
39,1,1886.349,428.369,195.741,62.875,1,-1,-1,-1
39,2,2352.344,461.409,188.080,78.732,1,-1,-1,-1
40,1,1886.330,428.376,195.762,62.881,1,-1,-1,-1
40,3,2352.936,460.965,190.439,79.047,1,-1,-1,-1
41,1,1886.395,428.352,195.643,62.937,1,-1,-1,-1
41,3,2353.869,459.206,188.061,81.576,1,-1,-1,-1
42,1,1886.471,428.397,195.411,62.905,1,-1,-1,-1
42,3,2354.752,458.108,188.043,83.987,1,-1,-1,-1
43,1,1886.593,428.447,195.070,62.857,1,-1,-1,-1
43,3,2347.665,455.591,195.850,87.317,1,-1,-1,-1
44,3,2332.659,455.353,216.598,87.846,1,-1,-1,-1
44,1,1886.737,428.577,194.765,62.699,1,-1,-1,-1
45,3,2318.651,454.816,231.759,85.818,1,-1,-1,-1
45,1,1886.924,428.779,194.452,62.475,1,-1,-1,-1
46,3,2315.600,455.056,230.693,83.248,1,-1,-1,-1
46,1,1886.715,428.011,196.353,63.268,1,-1,-1,-1
47,3,2261.271,447.666,259.491,88.321,1,-1,-1,-1
47,1,1886.197,427.199,198.045,64.280,1,-1,-1,-1
48,3,2249.493,445.448,268.961,90.331,1,-1,-1,-1
48,1,1885.302,426.222,200.573,65.629,1,-1,-1,-1
49,3,2210.941,442.084,269.988,91.843,1,-1,-1,-1
49,1,1884.906,426.226,200.931,65.945,1,-1,-1,-1
50,1,1885.248,426.332,200.326,66.038,1,-1,-1,-1
50,3,2186.163,441.184,306.172,92.197,1,-1,-1,-1
51,1,1885.574,426.327,200.146,66.307,1,-1,-1,-1
51,3,2156.952,439.651,268.777,89.094,1,-1,-1,-1
52,3,2133.871,438.007,305.975,89.434,1,-1,-1,-1
52,1,1885.633,426.373,199.826,66.361,1,-1,-1,-1
53,1,1884.747,426.043,203.035,66.579,1,-1,-1,-1
53,3,2104.841,434.075,286.425,92.937,1,-1,-1,-1
54,1,1883.933,426.304,203.142,66.488,1,-1,-1,-1
54,3,2092.204,432.470,292.950,92.878,1,-1,-1,-1
55,3,2054.440,430.134,282.842,92.140,1,-1,-1,-1
55,1,1885.935,427.059,195.698,65.241,1,-1,-1,-1
56,3,2043.158,427.884,285.798,93.538,1,-1,-1,-1
56,1,1888.999,428.106,185.286,63.985,1,-1,-1,-1
57,3,1995.302,427.606,295.628,90.553,1,-1,-1,-1
57,1,1891.204,427.069,184.966,63.934,1,-1,-1,-1
58,1,1926.624,412.210,335.959,99.928,1,-1,-1,-1
59,1,1929.768,410.653,317.863,102.092,1,-1,-1,-1
60,3,1939.091,420.166,294.837,91.860,1,-1,-1,-1
61,3,1898.450,408.726,311.488,102.034,1,-1,-1,-1
62,3,1889.972,408.247,307.295,102.559,1,-1,-1,-1
63,3,1882.325,406.135,300.960,102.503,1,-1,-1,-1
64,3,1856.167,405.079,294.053,103.233,1,-1,-1,-1
65,3,1848.198,400.067,287.183,106.930,1,-1,-1,-1
66,3,1811.581,398.298,281.935,102.168,1,-1,-1,-1
67,3,1800.342,397.389,285.328,102.324,1,-1,-1,-1
68,3,1791.979,395.378,284.157,103.452,1,-1,-1,-1
69,3,1785.406,398.066,288.614,97.899,1,-1,-1,-1
70,3,1763.894,400.253,287.675,90.466,1,-1,-1,-1
71,3,1760.171,401.405,285.859,88.013,1,-1,-1,-1
72,3,1754.139,399.749,285.844,88.758,1,-1,-1,-1
73,3,1743.300,401.530,296.379,86.124,1,-1,-1,-1
74,3,1727.087,403.154,325.350,84.266,1,-1,-1,-1
75,3,1682.988,397.482,330.048,86.300,1,-1,-1,-1
76,5,1891.806,422.550,188.413,68.093,1,-1,-1,-1
76,3,1667.703,388.645,260.374,87.177,1,-1,-1,-1
77,5,1889.149,423.798,189.782,66.641,1,-1,-1,-1
77,3,1660.411,386.488,265.837,87.476,1,-1,-1,-1
78,3,1656.402,386.287,263.805,86.142,1,-1,-1,-1
78,5,1882.882,424.696,196.829,66.756,1,-1,-1,-1
79,3,1616.654,384.314,277.055,88.187,1,-1,-1,-1
79,5,1882.629,424.931,196.900,67.287,1,-1,-1,-1
80,3,1612.306,383.684,278.639,90.169,1,-1,-1,-1
80,5,1880.582,425.517,200.557,67.213,1,-1,-1,-1
81,5,1879.533,426.187,202.450,66.001,1,-1,-1,-1
81,3,1603.327,382.813,284.476,91.262,1,-1,-1,-1
82,3,1595.940,381.916,288.299,92.451,1,-1,-1,-1
82,5,1877.769,426.927,205.558,65.083,1,-1,-1,-1
83,5,1878.501,427.299,204.888,64.658,1,-1,-1,-1
83,3,1577.675,376.342,254.507,94.358,1,-1,-1,-1
84,3,1569.771,376.153,262.043,96.290,1,-1,-1,-1
84,5,1879.994,427.366,202.551,64.912,1,-1,-1,-1
85,3,1560.558,379.439,270.524,93.094,1,-1,-1,-1
85,5,1880.534,427.352,201.888,65.058,1,-1,-1,-1
86,3,1551.939,381.656,277.523,90.826,1,-1,-1,-1
86,5,1880.264,427.180,202.429,65.354,1,-1,-1,-1
87,3,1545.851,381.883,284.043,89.879,1,-1,-1,-1
87,5,1880.461,427.291,202.495,65.207,1,-1,-1,-1
88,3,1532.637,379.156,263.764,88.797,1,-1,-1,-1
88,5,1880.732,427.187,202.078,65.341,1,-1,-1,-1
89,3,1526.320,378.763,271.778,89.225,1,-1,-1,-1
89,5,1881.062,427.305,201.915,65.254,1,-1,-1,-1
90,5,1881.112,427.197,202.293,65.427,1,-1,-1,-1
90,3,1520.321,377.535,275.373,91.000,1,-1,-1,-1
91,5,1880.503,427.196,203.875,65.464,1,-1,-1,-1
91,3,1515.037,376.925,274.663,93.107,1,-1,-1,-1
92,5,1880.312,427.133,204.508,65.519,1,-1,-1,-1
92,3,1508.497,377.146,276.029,92.677,1,-1,-1,-1
93,5,1880.142,427.124,204.638,65.471,1,-1,-1,-1
93,3,1499.034,375.360,285.435,95.734,1,-1,-1,-1
94,5,1880.317,427.142,204.480,65.455,1,-1,-1,-1
94,3,1490.266,374.280,292.620,97.407,1,-1,-1,-1
95,5,1880.238,427.132,204.743,65.504,1,-1,-1,-1
95,3,1485.214,373.635,295.901,99.065,1,-1,-1,-1
96,3,1475.865,373.647,277.799,101.555,1,-1,-1,-1
96,5,1880.324,427.102,205.048,65.514,1,-1,-1,-1
97,3,1471.201,373.733,277.318,101.539,1,-1,-1,-1
97,5,1880.455,427.071,204.917,65.453,1,-1,-1,-1
98,3,1465.428,374.685,274.176,100.148,1,-1,-1,-1
98,5,1880.716,427.109,204.450,65.295,1,-1,-1,-1
99,5,1880.727,427.033,204.108,65.420,1,-1,-1,-1
99,3,1460.686,375.889,272.456,98.790,1,-1,-1,-1
100,5,1880.573,427.075,204.052,65.424,1,-1,-1,-1
100,3,1456.340,376.968,268.105,97.872,1,-1,-1,-1
101,5,1880.521,426.996,203.693,65.602,1,-1,-1,-1
101,3,1451.075,376.961,270.412,97.814,1,-1,-1,-1
102,5,1880.777,427.035,203.205,65.504,1,-1,-1,-1
102,3,1426.271,375.793,273.315,99.343,1,-1,-1,-1
103,3,1416.770,375.478,279.552,99.263,1,-1,-1,-1
103,5,1881.095,426.975,202.596,65.507,1,-1,-1,-1
104,3,1406.460,377.309,284.797,97.504,1,-1,-1,-1
104,5,1881.102,427.030,202.739,65.356,1,-1,-1,-1
105,3,1402.652,376.237,279.722,99.009,1,-1,-1,-1
105,5,1880.955,427.015,202.819,65.379,1,-1,-1,-1
106,3,1409.786,377.068,256.568,97.847,1,-1,-1,-1
106,5,1881.495,427.198,202.727,65.062,1,-1,-1,-1
107,3,1399.495,376.966,229.092,101.418,1,-1,-1,-1
107,5,1882.288,427.368,202.422,64.688,1,-1,-1,-1
108,3,1394.238,378.811,226.996,100.090,1,-1,-1,-1
108,5,1883.128,427.571,201.960,64.266,1,-1,-1,-1
109,5,1883.316,427.603,201.647,64.163,1,-1,-1,-1
109,3,1388.563,379.802,229.484,101.401,1,-1,-1,-1
110,6,2362.714,466.014,134.525,56.975,1,-1,-1,-1
110,3,1384.750,379.760,227.805,103.380,1,-1,-1,-1
110,5,1883.352,427.632,201.394,64.129,1,-1,-1,-1
111,3,1386.912,380.875,218.533,102.709,1,-1,-1,-1
111,5,1883.295,427.682,201.474,64.034,1,-1,-1,-1
111,6,2362.666,466.031,134.588,56.946,1,-1,-1,-1
112,3,1389.960,381.131,204.764,102.388,1,-1,-1,-1
112,5,1883.188,427.653,201.589,64.032,1,-1,-1,-1
112,6,2362.631,466.051,134.648,56.915,1,-1,-1,-1
113,3,1396.909,382.836,186.833,101.971,1,-1,-1,-1
113,5,1883.329,427.641,201.134,64.037,1,-1,-1,-1
113,6,2362.569,466.076,134.759,56.893,1,-1,-1,-1
114,6,2362.604,466.041,134.687,56.942,1,-1,-1,-1
114,3,1395.996,383.031,181.851,103.276,1,-1,-1,-1
114,5,1883.353,427.543,201.022,64.220,1,-1,-1,-1
115,3,1371.814,386.147,182.529,102.360,1,-1,-1,-1
115,5,1883.498,427.505,200.661,64.301,1,-1,-1,-1
115,6,2323.061,458.861,133.664,55.499,1,-1,-1,-1
116,3,1370.271,387.515,178.736,101.121,1,-1,-1,-1
116,6,2349.764,464.610,133.664,55.499,1,-1,-1,-1
116,5,1883.624,427.458,200.384,64.381,1,-1,-1,-1
117,3,1373.120,388.568,169.735,101.032,1,-1,-1,-1
117,6,2376.467,470.358,133.664,55.499,1,-1,-1,-1
117,5,1883.625,427.418,200.263,64.446,1,-1,-1,-1
118,6,2362.556,466.146,134.803,56.842,1,-1,-1,-1
118,3,1372.434,388.618,168.675,103.674,1,-1,-1,-1
118,5,1883.572,427.416,200.326,64.469,1,-1,-1,-1
119,6,2362.550,466.183,134.844,56.820,1,-1,-1,-1
119,3,1370.803,388.642,167.783,106.361,1,-1,-1,-1
119,5,1883.435,427.437,200.503,64.447,1,-1,-1,-1
120,5,1883.412,427.529,200.450,64.277,1,-1,-1,-1
120,3,1370.453,390.239,159.932,108.454,1,-1,-1,-1
120,6,2362.446,466.293,135.054,56.726,1,-1,-1,-1
121,5,1883.285,427.563,200.674,64.205,1,-1,-1,-1
121,3,1370.238,392.015,153.295,110.029,1,-1,-1,-1
121,6,2362.485,466.333,135.029,56.681,1,-1,-1,-1
122,5,1883.173,427.595,200.903,64.125,1,-1,-1,-1
122,3,1369.572,393.912,147.653,112.182,1,-1,-1,-1
122,6,2362.494,466.365,135.030,56.649,1,-1,-1,-1
123,3,1370.820,394.136,142.609,116.277,1,-1,-1,-1
123,5,1883.068,427.555,201.110,64.192,1,-1,-1,-1
123,6,2362.553,466.344,134.939,56.674,1,-1,-1,-1
124,3,1372.018,396.229,136.802,117.432,1,-1,-1,-1
124,5,1882.977,427.510,201.121,64.256,1,-1,-1,-1
124,6,2362.512,466.352,134.987,56.690,1,-1,-1,-1
125,3,1373.320,396.562,131.952,120.829,1,-1,-1,-1
125,5,1882.839,427.491,201.314,64.238,1,-1,-1,-1
125,6,2362.503,466.363,134.979,56.677,1,-1,-1,-1
126,3,1372.277,403.274,133.461,113.898,1,-1,-1,-1
126,5,1882.814,427.498,201.291,64.188,1,-1,-1,-1
126,6,2362.460,466.389,135.038,56.642,1,-1,-1,-1
127,5,1882.813,427.588,201.277,63.982,1,-1,-1,-1
127,6,2362.438,466.417,135.059,56.567,1,-1,-1,-1
127,3,1372.289,403.900,133.151,115.202,1,-1,-1,-1
128,5,1882.846,427.601,201.146,63.997,1,-1,-1,-1
128,6,2362.387,466.424,135.126,56.560,1,-1,-1,-1
128,3,1373.735,404.035,131.128,116.597,1,-1,-1,-1
129,5,1882.880,427.669,201.037,63.932,1,-1,-1,-1
129,3,1375.373,404.196,130.118,118.197,1,-1,-1,-1
129,6,2362.357,466.429,135.168,56.544,1,-1,-1,-1
130,5,1882.699,427.392,202.131,64.348,1,-1,-1,-1
130,7,5.518,827.580,652.593,1055.071,1,-1,-1,-1
130,3,1376.878,403.024,129.088,122.136,1,-1,-1,-1
131,7,32.216,1060.853,924.287,854.399,1,-1,-1,-1
131,3,1378.745,408.772,128.764,130.169,1,-1,-1,-1
131,5,1882.552,427.106,203.150,64.738,1,-1,-1,-1
132,5,1882.574,426.652,203.328,65.343,1,-1,-1,-1
132,7,25.957,1104.942,1334.798,783.273,1,-1,-1,-1
132,3,1380.035,410.426,129.978,129.999,1,-1,-1,-1
133,7,61.549,1129.633,1292.387,762.322,1,-1,-1,-1
133,3,1382.904,415.894,130.325,124.608,1,-1,-1,-1
133,5,1882.702,426.337,202.260,65.844,1,-1,-1,-1
134,7,331.956,1127.725,1544.874,774.565,1,-1,-1,-1
134,3,1382.670,414.625,135.289,131.417,1,-1,-1,-1
134,5,1882.839,426.009,201.093,66.280,1,-1,-1,-1
135,7,932.069,1157.889,1492.900,737.178,1,-1,-1,-1
135,5,1882.928,425.753,200.561,66.605,1,-1,-1,-1
135,3,1383.671,418.391,138.574,130.106,1,-1,-1,-1
136,3,1383.772,418.276,143.008,134.688,1,-1,-1,-1
136,7,881.278,1155.988,1621.039,762.030,1,-1,-1,-1
136,5,1883.102,425.679,200.311,66.677,1,-1,-1,-1
137,7,1035.635,1186.614,1523.365,732.386,1,-1,-1,-1
137,3,1385.710,419.339,147.695,138.009,1,-1,-1,-1
137,5,1883.212,425.810,200.312,66.516,1,-1,-1,-1
138,3,1387.191,420.706,150.565,140.451,1,-1,-1,-1
138,7,1931.507,1279.592,619.857,577.405,1,-1,-1,-1
138,5,1883.159,426.071,200.827,66.167,1,-1,-1,-1
139,3,1388.754,423.350,154.074,141.188,1,-1,-1,-1
139,5,1883.078,426.440,201.291,65.614,1,-1,-1,-1
139,7,1940.087,1300.651,596.154,563.285,1,-1,-1,-1
140,5,1882.631,427.026,201.497,65.002,1,-1,-1,-1
140,3,1389.212,423.610,155.575,145.181,1,-1,-1,-1
141,3,1391.025,424.044,155.953,149.508,1,-1,-1,-1
141,5,1882.048,427.564,201.490,64.508,1,-1,-1,-1
142,3,1392.563,423.442,155.239,155.145,1,-1,-1,-1
142,5,1881.476,427.912,201.324,64.309,1,-1,-1,-1
143,3,1393.238,424.757,156.232,158.693,1,-1,-1,-1
143,5,1881.331,427.878,201.219,64.378,1,-1,-1,-1
144,5,1881.237,427.804,201.558,64.409,1,-1,-1,-1
144,3,1392.519,425.225,158.221,162.481,1,-1,-1,-1
145,5,1881.236,427.766,201.834,64.380,1,-1,-1,-1
145,3,1391.409,424.994,160.903,167.138,1,-1,-1,-1
146,5,1881.040,427.807,202.676,64.332,1,-1,-1,-1
146,3,1392.942,444.973,161.671,157.784,1,-1,-1,-1
147,5,1880.948,427.855,203.018,64.351,1,-1,-1,-1
147,3,1390.658,441.385,167.311,166.135,1,-1,-1,-1
148,5,1880.912,427.833,203.153,64.441,1,-1,-1,-1
148,3,1389.752,441.580,182.547,172.664,1,-1,-1,-1
149,3,1388.927,443.583,186.387,174.017,1,-1,-1,-1
149,5,1880.982,427.759,202.939,64.519,1,-1,-1,-1
150,3,1390.996,449.131,187.915,172.119,1,-1,-1,-1
150,5,1881.655,427.594,202.419,64.533,1,-1,-1,-1
151,3,1394.999,450.327,187.082,178.105,1,-1,-1,-1
151,5,1882.145,427.444,202.540,64.534,1,-1,-1,-1
152,3,1398.930,452.563,185.883,184.165,1,-1,-1,-1
152,5,1882.822,427.242,202.195,64.581,1,-1,-1,-1
153,3,1400.854,452.853,186.102,190.993,1,-1,-1,-1
153,5,1882.870,427.165,202.026,64.590,1,-1,-1,-1
154,3,1401.426,456.433,189.066,190.434,1,-1,-1,-1
154,5,1883.008,427.148,201.452,64.580,1,-1,-1,-1
155,3,1401.510,457.949,192.402,191.569,1,-1,-1,-1
155,5,1882.991,427.088,201.260,64.646,1,-1,-1,-1
156,5,1883.173,426.918,200.900,64.913,1,-1,-1,-1
156,3,1402.769,458.562,196.538,196.555,1,-1,-1,-1
157,5,1883.448,426.619,200.224,65.247,1,-1,-1,-1
157,3,1404.286,477.596,201.637,192.538,1,-1,-1,-1
158,3,1406.891,478.294,202.604,196.293,1,-1,-1,-1
158,5,1883.985,426.334,198.851,65.588,1,-1,-1,-1
159,5,1884.129,426.094,198.096,65.849,1,-1,-1,-1
159,3,1409.082,480.841,205.566,198.030,1,-1,-1,-1
160,3,1411.964,479.718,206.185,204.889,1,-1,-1,-1
160,5,1884.360,426.358,197.569,65.568,1,-1,-1,-1
161,3,1414.701,479.306,207.056,211.999,1,-1,-1,-1
161,5,1884.513,426.537,197.278,65.471,1,-1,-1,-1
162,8,1176.512,793.762,1378.935,736.811,1,-1,-1,-1
162,3,1415.470,479.037,208.463,218.245,1,-1,-1,-1
162,5,1884.686,426.928,197.047,65.085,1,-1,-1,-1
163,3,1414.000,484.866,212.899,215.134,1,-1,-1,-1
163,5,1884.813,426.715,196.596,65.353,1,-1,-1,-1
163,8,1154.323,791.705,1369.236,724.559,1,-1,-1,-1
164,5,1885.062,426.641,196.321,65.360,1,-1,-1,-1
164,3,1398.039,484.988,242.736,236.775,1,-1,-1,-1
164,8,715.560,769.275,1522.769,730.000,1,-1,-1,-1
165,3,1401.360,488.596,241.246,237.758,1,-1,-1,-1
165,5,1885.783,426.397,195.240,65.637,1,-1,-1,-1
165,8,183.471,725.298,1431.868,747.638,1,-1,-1,-1
166,5,1886.259,426.465,194.775,65.546,1,-1,-1,-1
166,8,143.807,684.789,1461.984,809.752,1,-1,-1,-1
166,3,1404.664,491.980,246.070,238.127,1,-1,-1,-1
167,3,1407.708,495.226,251.762,239.500,1,-1,-1,-1
167,8,19.582,703.737,955.498,593.184,1,-1,-1,-1
167,5,1886.489,426.514,194.551,65.488,1,-1,-1,-1
168,5,1886.683,426.465,194.242,65.596,1,-1,-1,-1
168,8,0.000,686.555,957.768,616.929,1,-1,-1,-1
168,3,1410.277,498.368,259.414,240.603,1,-1,-1,-1
169,5,1886.941,426.371,193.786,65.788,1,-1,-1,-1
169,8,21.949,690.377,616.106,587.474,1,-1,-1,-1
169,3,1411.446,500.157,265.694,244.532,1,-1,-1,-1
170,5,1886.144,426.192,194.524,66.260,1,-1,-1,-1
170,3,1412.302,502.654,274.181,248.159,1,-1,-1,-1
171,5,1885.200,426.020,195.600,66.655,1,-1,-1,-1
171,3,1413.730,507.051,280.417,251.625,1,-1,-1,-1
172,5,1884.154,425.834,196.733,67.017,1,-1,-1,-1
172,3,1415.495,510.363,285.163,256.910,1,-1,-1,-1
173,5,1884.076,425.716,196.794,67.164,1,-1,-1,-1
173,3,1415.695,512.099,289.548,263.500,1,-1,-1,-1
174,3,1415.284,513.574,295.512,269.213,1,-1,-1,-1
174,5,1884.045,425.635,196.701,67.230,1,-1,-1,-1
175,3,1415.126,513.805,301.007,276.490,1,-1,-1,-1
175,5,1884.125,425.446,196.460,67.525,1,-1,-1,-1
176,5,1883.890,425.266,196.520,67.849,1,-1,-1,-1
176,3,1415.275,513.103,306.014,283.777,1,-1,-1,-1
177,3,1436.129,508.903,293.815,296.012,1,-1,-1,-1
177,5,1883.696,425.146,196.645,68.128,1,-1,-1,-1
178,5,1883.506,425.223,196.590,68.153,1,-1,-1,-1
178,3,1435.709,505.903,299.325,305.390,1,-1,-1,-1
179,5,1883.745,425.284,195.912,68.142,1,-1,-1,-1
179,3,1433.783,502.851,309.231,314.198,1,-1,-1,-1
180,5,1884.266,425.510,194.719,67.924,1,-1,-1,-1
180,3,1433.030,524.002,322.426,303.925,1,-1,-1,-1
181,5,1884.760,425.534,193.964,67.911,1,-1,-1,-1
181,3,1431.305,526.486,334.274,304.760,1,-1,-1,-1
182,5,1885.273,425.500,193.203,67.922,1,-1,-1,-1
182,3,1434.387,530.506,337.490,303.582,1,-1,-1,-1
183,3,1437.706,535.426,343.346,301.680,1,-1,-1,-1
183,5,1885.199,425.340,193.494,68.060,1,-1,-1,-1
184,3,1442.612,541.532,343.582,299.514,1,-1,-1,-1
184,5,1885.014,425.170,193.560,68.293,1,-1,-1,-1
185,3,1442.409,544.635,352.436,303.074,1,-1,-1,-1
185,5,1884.797,424.990,193.986,68.551,1,-1,-1,-1
186,3,1442.504,544.116,361.957,312.741,1,-1,-1,-1
186,5,1884.707,424.847,194.014,68.767,1,-1,-1,-1
186,9,1534.953,1305.180,993.628,609.540,1,-1,-1,-1
187,9,1339.872,1269.287,1145.230,619.742,1,-1,-1,-1
187,3,1444.552,541.898,368.836,323.417,1,-1,-1,-1
187,5,1884.593,424.873,194.123,68.713,1,-1,-1,-1
188,5,1884.785,425.046,193.741,68.420,1,-1,-1,-1
188,9,1179.720,1200.345,1365.517,710.765,1,-1,-1,-1
188,3,1449.759,542.361,371.647,330.330,1,-1,-1,-1
189,5,1884.846,425.003,193.954,68.412,1,-1,-1,-1
189,9,973.394,1166.845,1516.943,736.303,1,-1,-1,-1
189,3,1454.808,543.718,372.267,336.448,1,-1,-1,-1
190,3,1459.431,547.274,376.362,341.158,1,-1,-1,-1
190,5,1885.440,424.781,192.681,68.830,1,-1,-1,-1
190,9,901.733,1145.921,1547.536,751.372,1,-1,-1,-1
191,9,728.267,1119.556,1529.206,766.838,1,-1,-1,-1
191,3,1463.220,549.241,380.422,347.398,1,-1,-1,-1
191,5,1885.581,424.522,191.778,69.371,1,-1,-1,-1
192,9,588.974,1090.080,1420.813,782.847,1,-1,-1,-1
192,5,1885.806,424.275,190.477,69.969,1,-1,-1,-1
192,3,1465.388,553.070,386.530,350.755,1,-1,-1,-1
193,9,518.583,1040.894,1487.200,730.837,1,-1,-1,-1
193,5,1885.880,424.025,190.115,70.344,1,-1,-1,-1
193,3,1466.206,555.860,392.813,356.851,1,-1,-1,-1
194,5,1885.953,423.803,190.076,70.718,1,-1,-1,-1
194,3,1465.860,560.714,400.396,359.378,1,-1,-1,-1
194,9,334.985,1017.198,1460.897,697.702,1,-1,-1,-1
195,3,1464.557,563.159,406.339,364.121,1,-1,-1,-1
195,9,187.615,980.965,1386.162,689.688,1,-1,-1,-1
195,5,1885.986,423.704,190.162,70.893,1,-1,-1,-1
196,5,1885.808,423.829,190.662,70.771,1,-1,-1,-1
196,3,1472.017,566.906,415.262,367.354,1,-1,-1,-1
196,9,58.734,958.164,1279.496,681.106,1,-1,-1,-1
197,5,1885.939,423.921,190.556,70.587,1,-1,-1,-1
197,3,1473.922,565.559,413.269,375.436,1,-1,-1,-1
197,9,77.742,956.857,1135.529,515.727,1,-1,-1,-1
198,5,1886.043,424.010,190.401,70.403,1,-1,-1,-1
198,9,2.723,918.019,1013.120,552.689,1,-1,-1,-1
198,3,1475.656,564.014,411.859,380.167,1,-1,-1,-1
199,5,1886.179,424.061,190.024,70.333,1,-1,-1,-1
199,9,19.054,881.001,862.305,555.302,1,-1,-1,-1
199,3,1476.298,561.245,412.673,387.484,1,-1,-1,-1
200,9,12.231,847.706,646.259,551.436,1,-1,-1,-1
200,5,1887.048,424.121,189.421,69.968,1,-1,-1,-1
200,3,1476.311,561.184,415.675,388.659,1,-1,-1,-1
201,3,1475.883,561.666,419.093,390.195,1,-1,-1,-1
201,9,6.047,833.853,571.459,526.294,1,-1,-1,-1
201,5,1888.065,424.146,188.398,69.572,1,-1,-1,-1
202,9,4.296,776.185,443.524,615.603,1,-1,-1,-1
202,5,1888.980,424.044,187.753,69.262,1,-1,-1,-1
202,10,2360.577,467.016,137.560,54.442,1,-1,-1,-1
202,3,1476.975,587.057,429.353,366.506,1,-1,-1,-1
203,5,1888.861,423.986,187.741,69.329,1,-1,-1,-1
203,3,1474.342,585.384,434.684,370.670,1,-1,-1,-1
203,10,2360.385,467.051,137.808,54.381,1,-1,-1,-1
203,9,12.148,686.806,288.785,664.170,1,-1,-1,-1
204,10,2359.814,467.111,138.413,54.347,1,-1,-1,-1
204,3,1471.503,583.647,440.846,374.433,1,-1,-1,-1
204,9,13.687,784.165,199.172,476.591,1,-1,-1,-1
204,5,1888.799,423.746,187.560,69.663,1,-1,-1,-1
205,3,1472.584,581.892,442.011,378.689,1,-1,-1,-1
205,5,1888.930,423.590,187.144,69.876,1,-1,-1,-1
205,10,2359.433,467.241,138.691,54.285,1,-1,-1,-1
206,5,1889.127,423.395,186.818,70.033,1,-1,-1,-1
206,10,2359.103,467.425,138.897,54.253,1,-1,-1,-1
206,3,1475.650,584.256,442.606,375.906,1,-1,-1,-1
207,5,1889.030,423.605,186.771,69.704,1,-1,-1,-1
207,3,1479.407,586.062,441.336,373.543,1,-1,-1,-1
207,10,2359.332,467.360,138.639,54.361,1,-1,-1,-1
208,3,1479.359,584.815,441.574,375.867,1,-1,-1,-1
208,10,2359.263,467.156,138.938,54.643,1,-1,-1,-1
208,5,1888.909,423.820,186.490,69.375,1,-1,-1,-1
209,3,1480.003,582.942,441.192,379.252,1,-1,-1,-1
209,10,2359.438,466.939,138.914,54.852,1,-1,-1,-1
209,5,1888.706,424.080,185.844,68.983,1,-1,-1,-1
210,3,1481.431,582.965,440.034,379.582,1,-1,-1,-1
210,5,1888.109,424.127,188.310,68.917,1,-1,-1,-1
211,3,1482.068,583.653,440.796,378.362,1,-1,-1,-1
211,5,1887.347,424.033,191.185,69.068,1,-1,-1,-1
212,5,1886.678,423.809,194.232,69.385,1,-1,-1,-1
212,3,1482.117,585.014,441.914,375.360,1,-1,-1,-1
213,5,1886.643,423.617,194.286,69.562,1,-1,-1,-1
213,3,1481.395,585.386,443.094,374.033,1,-1,-1,-1
214,5,1886.615,423.522,194.381,69.653,1,-1,-1,-1
214,3,1481.480,585.800,442.922,372.953,1,-1,-1,-1
215,3,1481.493,585.880,441.844,372.736,1,-1,-1,-1
215,5,1886.560,423.534,194.505,69.647,1,-1,-1,-1
216,5,1886.564,423.492,194.460,69.890,1,-1,-1,-1
216,3,1481.700,586.239,441.286,372.128,1,-1,-1,-1
217,5,1886.623,423.521,194.354,70.046,1,-1,-1,-1
217,3,1481.491,586.600,441.279,371.520,1,-1,-1,-1
218,5,1886.730,423.466,194.139,70.283,1,-1,-1,-1
218,3,1481.226,586.737,441.931,371.269,1,-1,-1,-1
219,3,1480.877,586.629,442.714,371.342,1,-1,-1,-1
219,5,1886.756,423.467,194.080,70.309,1,-1,-1,-1
220,3,1480.669,586.631,443.819,371.340,1,-1,-1,-1
220,5,1886.777,423.716,192.778,69.897,1,-1,-1,-1
221,3,1480.522,586.767,444.945,371.157,1,-1,-1,-1
221,5,1886.677,423.896,191.722,69.497,1,-1,-1,-1
222,3,1480.254,586.883,445.927,371.104,1,-1,-1,-1
222,5,1886.650,424.068,190.560,69.093,1,-1,-1,-1
223,3,1479.996,586.590,446.127,371.640,1,-1,-1,-1
223,5,1886.651,423.907,190.594,69.189,1,-1,-1,-1
224,3,1479.705,586.157,446.187,372.356,1,-1,-1,-1
224,5,1886.737,423.876,190.524,69.205,1,-1,-1,-1
225,3,1479.681,585.768,445.962,372.984,1,-1,-1,-1
225,5,1886.808,423.832,190.427,69.242,1,-1,-1,-1
226,5,1886.876,423.802,190.356,69.273,1,-1,-1,-1
226,3,1479.738,585.903,445.920,372.685,1,-1,-1,-1
227,5,1887.009,423.750,190.130,69.343,1,-1,-1,-1
227,3,1479.896,586.072,446.011,372.325,1,-1,-1,-1
228,5,1887.268,423.666,189.612,69.312,1,-1,-1,-1
228,3,1479.661,585.951,446.070,372.479,1,-1,-1,-1
229,5,1887.539,423.585,188.921,69.283,1,-1,-1,-1
229,3,1479.449,585.634,446.013,373.019,1,-1,-1,-1
230,3,1480.925,585.558,444.533,373.512,1,-1,-1,-1
230,5,1886.955,423.536,190.380,69.419,1,-1,-1,-1
231,3,1482.700,585.884,443.099,373.276,1,-1,-1,-1
231,5,1886.237,423.481,192.077,69.688,1,-1,-1,-1
232,3,1484.486,586.265,441.597,372.974,1,-1,-1,-1
232,11,2362.015,466.898,136.044,55.589,1,-1,-1,-1
232,5,1885.476,423.433,193.941,69.942,1,-1,-1,-1
233,3,1484.721,586.646,441.305,372.366,1,-1,-1,-1
233,11,2362.106,466.850,136.047,55.589,1,-1,-1,-1
233,5,1885.490,423.433,193.788,69.935,1,-1,-1,-1
234,5,1885.479,423.503,193.629,69.891,1,-1,-1,-1
234,3,1484.950,586.761,441.245,372.144,1,-1,-1,-1
234,11,2362.258,466.857,135.929,55.567,1,-1,-1,-1
235,11,2362.338,466.878,135.842,55.552,1,-1,-1,-1
235,3,1485.238,586.950,441.200,371.788,1,-1,-1,-1
235,5,1885.489,423.560,193.430,69.852,1,-1,-1,-1
236,11,2362.369,466.892,135.791,55.550,1,-1,-1,-1
236,3,1485.226,586.911,441.354,371.785,1,-1,-1,-1
236,5,1885.571,423.574,193.161,69.894,1,-1,-1,-1
237,11,2362.384,466.869,135.772,55.582,1,-1,-1,-1
237,3,1484.975,586.808,441.537,371.952,1,-1,-1,-1
237,5,1885.631,423.593,193.093,69.884,1,-1,-1,-1
238,3,1484.522,586.675,441.646,372.172,1,-1,-1,-1
238,5,1885.675,423.612,193.061,69.879,1,-1,-1,-1
239,3,1484.162,586.664,441.694,372.186,1,-1,-1,-1
239,5,1885.701,423.627,193.034,69.850,1,-1,-1,-1
240,3,1482.921,587.104,442.200,371.388,1,-1,-1,-1
240,5,1887.043,423.750,191.533,69.312,1,-1,-1,-1
241,3,1481.683,587.510,443.137,370.583,1,-1,-1,-1
241,5,1888.223,423.893,190.283,68.717,1,-1,-1,-1
242,3,1480.729,588.093,443.830,369.463,1,-1,-1,-1
242,5,1889.252,424.024,189.179,68.149,1,-1,-1,-1
243,5,1889.094,424.047,189.370,68.104,1,-1,-1,-1
243,3,1480.732,588.341,444.115,368.924,1,-1,-1,-1
244,5,1889.070,424.046,189.395,68.126,1,-1,-1,-1
244,3,1480.787,588.544,444.261,368.524,1,-1,-1,-1
245,3,1480.540,588.472,444.629,368.652,1,-1,-1,-1
245,5,1889.205,424.074,189.312,68.105,1,-1,-1,-1
246,12,2363.683,467.583,134.389,54.438,1,-1,-1,-1
246,3,1480.315,588.263,444.801,369.063,1,-1,-1,-1
246,5,1889.216,424.080,189.363,68.103,1,-1,-1,-1
247,12,2363.485,467.596,134.673,54.455,1,-1,-1,-1
247,3,1480.019,587.978,444.982,369.625,1,-1,-1,-1
247,5,1889.239,424.070,189.261,68.050,1,-1,-1,-1
248,12,2363.298,467.642,134.971,54.457,1,-1,-1,-1
248,3,1479.760,587.734,445.244,370.103,1,-1,-1,-1
248,5,1889.242,424.030,189.087,68.031,1,-1,-1,-1
249,12,2363.274,467.656,135.022,54.460,1,-1,-1,-1
249,3,1479.656,587.775,445.536,369.983,1,-1,-1,-1
249,5,1889.233,424.002,188.963,68.006,1,-1,-1,-1
250,3,1479.384,587.950,446.054,369.596,1,-1,-1,-1
250,5,1889.237,424.002,188.898,67.990,1,-1,-1,-1
250,12,2363.269,467.676,135.046,54.456,1,-1,-1,-1
251,12,2363.333,467.686,134.979,54.370,1,-1,-1,-1
251,5,1889.409,424.034,188.548,67.911,1,-1,-1,-1
251,3,1479.065,588.220,446.533,368.981,1,-1,-1,-1
252,5,1889.679,424.052,188.055,67.803,1,-1,-1,-1
252,3,1478.522,588.294,447.067,368.749,1,-1,-1,-1
253,5,1889.846,424.039,187.748,67.767,1,-1,-1,-1
253,3,1478.405,588.284,446.851,368.743,1,-1,-1,-1
254,5,1889.854,424.016,187.741,67.766,1,-1,-1,-1
254,3,1478.332,588.191,446.617,368.919,1,-1,-1,-1
255,3,1478.510,588.269,446.234,368.855,1,-1,-1,-1
255,5,1889.802,423.995,187.808,67.824,1,-1,-1,-1
256,3,1478.711,588.467,446.054,368.511,1,-1,-1,-1
256,5,1889.789,423.991,187.825,67.849,1,-1,-1,-1
257,5,1889.746,423.978,187.919,67.893,1,-1,-1,-1
257,3,1479.017,588.743,445.694,368.080,1,-1,-1,-1
258,5,1889.684,423.966,188.068,67.917,1,-1,-1,-1
258,3,1479.262,589.029,445.491,367.610,1,-1,-1,-1
259,5,1889.604,423.980,188.206,67.932,1,-1,-1,-1
259,3,1479.346,589.267,445.470,367.201,1,-1,-1,-1
260,3,1479.440,589.465,445.453,366.693,1,-1,-1,-1
260,5,1889.560,423.979,188.237,67.971,1,-1,-1,-1
261,5,1889.699,423.913,187.888,68.043,1,-1,-1,-1
261,3,1479.458,589.407,445.418,366.450,1,-1,-1,-1
262,5,1889.004,423.797,187.777,68.469,1,-1,-1,-1
262,3,1480.671,589.177,444.387,366.849,1,-1,-1,-1
263,5,1888.127,423.662,187.979,68.880,1,-1,-1,-1
263,3,1481.678,587.974,443.992,369.670,1,-1,-1,-1
264,5,1886.778,423.731,188.954,69.114,1,-1,-1,-1
264,3,1481.678,589.028,441.097,367.993,1,-1,-1,-1
264,13,1611.766,899.021,914.484,519.866,1,-1,-1,-1
265,5,1886.185,423.998,189.845,68.773,1,-1,-1,-1
265,13,1563.349,905.941,979.262,488.013,1,-1,-1,-1
265,3,1490.292,571.720,419.541,359.233,1,-1,-1,-1
266,13,1267.958,904.261,1167.810,473.016,1,-1,-1,-1
266,3,1498.500,579.053,411.365,328.075,1,-1,-1,-1
266,5,1885.957,424.383,190.196,68.405,1,-1,-1,-1
267,3,1504.423,579.650,410.436,325.503,1,-1,-1,-1
267,13,748.640,884.463,1099.050,432.586,1,-1,-1,-1
267,5,1886.454,424.411,189.413,68.391,1,-1,-1,-1
268,5,1886.903,424.243,188.882,68.702,1,-1,-1,-1
268,13,640.792,883.821,1256.086,429.736,1,-1,-1,-1
268,3,1498.614,572.674,418.942,354.587,1,-1,-1,-1
269,5,1887.214,424.048,188.463,68.959,1,-1,-1,-1
269,13,162.899,786.076,1065.648,437.700,1,-1,-1,-1
269,3,1488.223,588.373,439.847,371.949,1,-1,-1,-1
270,5,1887.026,424.121,188.907,68.950,1,-1,-1,-1
270,13,40.820,765.957,927.303,466.031,1,-1,-1,-1
270,3,1487.012,587.792,437.643,371.070,1,-1,-1,-1
271,3,1486.290,587.873,438.757,371.242,1,-1,-1,-1
271,13,28.669,732.058,909.144,509.698,1,-1,-1,-1
271,5,1887.025,424.212,188.853,68.845,1,-1,-1,-1
272,3,1487.442,589.299,438.127,368.851,1,-1,-1,-1
272,13,31.209,698.852,601.837,521.192,1,-1,-1,-1
272,5,1886.920,424.585,189.923,68.490,1,-1,-1,-1
273,3,1487.793,590.276,438.618,367.071,1,-1,-1,-1
273,13,19.373,700.160,591.973,478.633,1,-1,-1,-1
273,5,1886.894,424.916,190.834,68.159,1,-1,-1,-1
274,3,1488.337,591.105,438.563,365.356,1,-1,-1,-1
274,5,1886.841,425.264,191.798,67.776,1,-1,-1,-1
275,3,1487.858,590.963,439.313,365.622,1,-1,-1,-1
275,5,1886.801,425.265,191.870,67.738,1,-1,-1,-1
276,3,1487.851,590.881,438.963,365.707,1,-1,-1,-1
276,5,1887.094,425.081,192.093,67.948,1,-1,-1,-1
277,5,1887.400,424.893,192.302,68.201,1,-1,-1,-1
277,3,1488.072,590.928,438.364,365.702,1,-1,-1,-1
278,3,1488.226,590.965,437.818,365.718,1,-1,-1,-1
278,5,1887.735,424.692,192.487,68.448,1,-1,-1,-1
279,3,1488.223,591.045,437.973,365.667,1,-1,-1,-1
279,5,1887.753,424.679,192.492,68.461,1,-1,-1,-1
280,5,1887.776,424.665,192.470,68.477,1,-1,-1,-1
280,3,1488.046,591.019,438.364,365.686,1,-1,-1,-1
281,3,1488.059,590.868,438.470,365.899,1,-1,-1,-1
281,5,1887.766,424.674,192.503,68.479,1,-1,-1,-1
282,3,1487.017,590.059,438.956,367.053,1,-1,-1,-1
282,5,1887.189,424.269,193.794,68.889,1,-1,-1,-1
283,3,1485.952,589.209,439.210,368.352,1,-1,-1,-1
283,5,1886.644,423.877,195.015,69.289,1,-1,-1,-1
284,3,1484.976,588.294,439.476,369.836,1,-1,-1,-1
284,5,1886.137,423.516,196.146,69.637,1,-1,-1,-1
285,5,1886.182,423.573,196.041,69.557,1,-1,-1,-1
285,3,1485.060,587.996,439.149,370.435,1,-1,-1,-1
286,5,1886.197,423.586,196.007,69.553,1,-1,-1,-1
286,3,1485.195,587.801,439.054,370.810,1,-1,-1,-1
287,3,1485.036,587.762,439.347,370.771,1,-1,-1,-1
287,5,1886.173,423.562,196.268,69.602,1,-1,-1,-1
288,3,1484.526,587.774,440.097,370.684,1,-1,-1,-1
288,5,1885.933,423.510,196.864,69.616,1,-1,-1,-1
289,5,1885.673,423.489,197.510,69.563,1,-1,-1,-1
289,3,1484.115,587.849,440.715,370.462,1,-1,-1,-1
290,5,1885.443,423.472,197.876,69.501,1,-1,-1,-1
290,3,1483.880,587.968,441.057,370.258,1,-1,-1,-1
291,5,1885.439,423.501,197.848,69.463,1,-1,-1,-1
291,3,1483.940,588.027,440.793,370.117,1,-1,-1,-1
292,5,1885.444,423.526,197.806,69.426,1,-1,-1,-1
292,3,1484.057,588.159,440.393,369.880,1,-1,-1,-1
293,5,1885.463,423.571,197.729,69.374,1,-1,-1,-1
293,3,1484.127,588.197,440.006,369.812,1,-1,-1,-1
294,5,1885.476,423.584,197.694,69.363,1,-1,-1,-1
294,3,1484.263,588.352,439.935,369.529,1,-1,-1,-1
295,3,1484.411,588.544,440.033,369.183,1,-1,-1,-1
295,5,1885.476,423.598,197.685,69.351,1,-1,-1,-1
296,5,1885.486,423.599,197.677,69.347,1,-1,-1,-1
296,3,1484.547,588.717,440.146,368.886,1,-1,-1,-1
297,5,1885.504,423.592,197.647,69.348,1,-1,-1,-1
297,3,1484.670,588.829,440.175,368.742,1,-1,-1,-1
298,5,1885.501,423.595,197.643,69.337,1,-1,-1,-1
298,3,1484.401,588.752,440.205,368.889,1,-1,-1,-1
299,5,1885.459,423.583,197.722,69.344,1,-1,-1,-1
299,3,1484.288,588.715,440.037,368.979,1,-1,-1,-1
300,5,1885.376,423.580,197.821,69.355,1,-1,-1,-1
300,3,1484.172,588.689,439.763,369.123,1,-1,-1,-1
301,3,1484.315,588.681,439.592,369.285,1,-1,-1,-1
301,5,1885.320,423.556,197.878,69.392,1,-1,-1,-1
302,3,1484.468,588.932,439.728,368.982,1,-1,-1,-1
302,5,1885.282,423.545,197.886,69.414,1,-1,-1,-1
303,3,1484.345,589.141,440.106,368.609,1,-1,-1,-1
303,5,1885.274,423.543,197.905,69.421,1,-1,-1,-1
304,3,1484.148,589.397,440.436,368.123,1,-1,-1,-1
304,5,1885.250,423.561,197.944,69.403,1,-1,-1,-1
305,3,1483.956,589.446,440.472,368.002,1,-1,-1,-1
305,5,1885.238,423.564,197.959,69.405,1,-1,-1,-1
306,3,1483.954,589.370,440.280,368.127,1,-1,-1,-1
306,5,1885.219,423.558,197.979,69.418,1,-1,-1,-1
307,3,1484.036,589.204,439.955,368.433,1,-1,-1,-1
307,5,1885.212,423.538,197.980,69.449,1,-1,-1,-1
308,3,1484.067,589.093,439.797,368.649,1,-1,-1,-1
308,5,1885.198,423.530,198.005,69.463,1,-1,-1,-1
309,5,1885.195,423.521,198.019,69.477,1,-1,-1,-1
309,3,1484.298,589.176,439.604,368.584,1,-1,-1,-1
310,5,1885.184,423.515,198.037,69.487,1,-1,-1,-1
310,3,1484.594,589.431,439.472,368.201,1,-1,-1,-1
311,5,1885.157,423.546,198.119,69.425,1,-1,-1,-1
311,3,1484.870,589.604,439.346,367.920,1,-1,-1,-1
312,5,1885.132,423.593,198.217,69.341,1,-1,-1,-1
312,3,1485.202,589.750,439.205,367.665,1,-1,-1,-1
313,5,1885.087,423.571,198.329,69.325,1,-1,-1,-1
313,3,1485.393,589.788,439.143,367.579,1,-1,-1,-1
314,5,1885.034,423.498,198.441,69.400,1,-1,-1,-1
314,3,1485.643,590.058,438.926,367.149,1,-1,-1,-1
315,5,1884.989,423.404,198.519,69.495,1,-1,-1,-1
315,3,1485.767,590.207,438.808,366.947,1,-1,-1,-1
316,5,1885.624,424.023,197.039,68.631,1,-1,-1,-1
316,3,1484.178,589.232,440.985,368.114,1,-1,-1,-1
317,5,1886.269,424.687,195.351,67.717,1,-1,-1,-1
317,3,1482.211,587.707,443.593,370.010,1,-1,-1,-1
318,3,1479.641,586.418,447.253,371.160,1,-1,-1,-1
318,5,1886.920,425.261,193.442,66.931,1,-1,-1,-1
319,3,1478.293,585.507,448.651,372.452,1,-1,-1,-1
319,14,39.372,1110.294,1328.803,797.507,1,-1,-1,-1
319,5,1886.982,425.125,192.881,67.097,1,-1,-1,-1
320,3,1477.604,584.696,449.119,374.127,1,-1,-1,-1
320,5,1886.915,424.744,192.478,67.586,1,-1,-1,-1
320,14,120.964,1107.895,1555.764,798.525,1,-1,-1,-1
321,3,1477.553,584.382,448.688,375.386,1,-1,-1,-1
321,14,875.784,1150.596,1568.391,745.785,1,-1,-1,-1
321,5,1886.798,424.610,192.333,67.759,1,-1,-1,-1
322,3,1478.464,585.358,447.711,373.950,1,-1,-1,-1
322,14,1172.469,1183.580,1384.882,710.480,1,-1,-1,-1
322,5,1886.735,424.672,192.464,67.735,1,-1,-1,-1
323,14,1632.718,1285.323,880.255,570.209,1,-1,-1,-1
323,3,1480.155,587.950,446.058,369.171,1,-1,-1,-1
323,5,1886.853,424.612,192.949,67.833,1,-1,-1,-1
324,3,1481.844,590.027,444.639,365.439,1,-1,-1,-1
324,5,1886.651,424.494,193.813,68.188,1,-1,-1,-1
324,14,1627.523,1271.366,900.504,625.775,1,-1,-1,-1
325,5,1885.979,424.172,195.030,68.879,1,-1,-1,-1
325,14,1925.756,1283.093,619.520,568.912,1,-1,-1,-1
325,3,1483.436,591.035,442.983,363.956,1,-1,-1,-1
326,5,1885.523,424.599,196.434,68.342,1,-1,-1,-1
326,3,1483.726,590.840,443.515,364.553,1,-1,-1,-1
327,3,1483.960,590.350,443.658,365.403,1,-1,-1,-1
327,5,1885.485,424.882,197.415,67.831,1,-1,-1,-1
328,5,1885.977,425.118,197.848,67.208,1,-1,-1,-1
328,3,1483.096,589.924,445.155,365.538,1,-1,-1,-1
329,3,1482.218,589.346,445.713,366.136,1,-1,-1,-1
329,5,1886.173,424.949,197.821,67.374,1,-1,-1,-1
330,3,1481.222,589.031,445.868,366.422,1,-1,-1,-1
330,5,1886.487,424.805,197.390,67.461,1,-1,-1,-1
331,3,1481.986,589.446,444.669,366.053,1,-1,-1,-1
331,5,1886.570,424.893,197.129,67.302,1,-1,-1,-1
332,3,1484.044,590.270,441.912,364.942,1,-1,-1,-1
332,5,1886.819,424.920,196.387,67.237,1,-1,-1,-1
333,3,1486.339,590.564,439.718,364.465,1,-1,-1,-1
333,5,1887.243,424.931,195.403,67.216,1,-1,-1,-1
334,3,1488.717,591.050,436.636,363.700,1,-1,-1,-1
334,5,1887.455,424.873,194.070,67.511,1,-1,-1,-1
335,3,1489.540,590.182,434.636,365.316,1,-1,-1,-1
335,5,1887.470,424.900,193.392,67.660,1,-1,-1,-1
336,5,1886.498,425.157,194.754,67.672,1,-1,-1,-1
336,3,1488.572,588.884,435.062,368.439,1,-1,-1,-1
337,3,1486.107,586.924,437.375,372.523,1,-1,-1,-1
337,5,1885.846,425.345,196.297,67.576,1,-1,-1,-1
338,3,1484.260,586.007,439.954,374.850,1,-1,-1,-1
338,5,1885.318,425.463,197.281,67.588,1,-1,-1,-1
339,3,1484.095,585.995,439.841,374.941,1,-1,-1,-1
339,5,1885.425,425.379,196.894,67.698,1,-1,-1,-1
340,3,1484.405,586.376,439.515,374.319,1,-1,-1,-1
340,5,1885.419,425.345,196.706,67.726,1,-1,-1,-1
341,3,1484.507,586.666,439.494,373.734,1,-1,-1,-1
341,5,1885.360,425.351,196.796,67.715,1,-1,-1,-1
342,5,1885.343,425.340,196.738,67.744,1,-1,-1,-1
342,3,1484.744,586.971,439.495,373.161,1,-1,-1,-1
343,5,1885.012,425.304,197.150,67.782,1,-1,-1,-1
343,3,1485.037,587.102,439.132,372.946,1,-1,-1,-1
344,5,1884.595,425.182,197.680,67.942,1,-1,-1,-1
344,3,1485.454,587.257,438.535,372.697,1,-1,-1,-1
345,5,1884.125,425.055,198.373,68.083,1,-1,-1,-1
345,3,1485.857,587.413,437.908,372.476,1,-1,-1,-1
346,3,1484.837,586.651,439.221,373.963,1,-1,-1,-1
346,5,1884.730,424.465,197.973,68.813,1,-1,-1,-1
347,3,1483.651,585.692,440.954,375.815,1,-1,-1,-1
347,5,1885.488,423.922,197.420,69.478,1,-1,-1,-1
348,3,1481.430,584.730,443.946,377.455,1,-1,-1,-1
348,5,1886.811,423.398,195.866,70.004,1,-1,-1,-1
349,3,1480.482,584.727,445.379,377.316,1,-1,-1,-1
349,5,1887.425,423.353,194.881,69.934,1,-1,-1,-1
350,3,1479.603,584.839,446.623,376.976,1,-1,-1,-1
350,5,1887.933,423.356,194.025,69.805,1,-1,-1,-1
351,3,1479.810,585.115,446.695,376.328,1,-1,-1,-1
351,5,1887.853,423.314,194.176,69.881,1,-1,-1,-1
352,3,1479.945,585.654,446.671,375.111,1,-1,-1,-1
352,5,1888.018,423.276,193.839,69.937,1,-1,-1,-1
353,5,1888.097,423.198,193.457,70.065,1,-1,-1,-1
353,3,1480.212,586.025,445.949,374.177,1,-1,-1,-1
354,3,1479.441,585.096,446.168,375.933,1,-1,-1,-1
354,5,1888.049,423.154,193.191,70.130,1,-1,-1,-1
355,3,1479.385,585.293,447.890,376.850,1,-1,-1,-1
355,5,1887.541,423.144,193.673,70.165,1,-1,-1,-1
356,3,1478.936,589.050,451.714,369.102,1,-1,-1,-1
356,15,1572.186,986.076,968.960,398.828,1,-1,-1,-1
356,5,1886.724,423.281,194.406,69.837,1,-1,-1,-1
357,3,1480.487,590.723,451.785,367.061,1,-1,-1,-1
357,15,1314.245,971.495,1111.879,400.338,1,-1,-1,-1
357,5,1886.196,423.490,194.688,69.527,1,-1,-1,-1
358,15,1054.855,953.653,1201.151,402.295,1,-1,-1,-1
358,3,1481.570,592.047,448.165,363.243,1,-1,-1,-1
358,5,1886.153,423.603,194.193,69.392,1,-1,-1,-1
359,15,546.993,898.263,1099.655,406.617,1,-1,-1,-1
359,3,1481.156,587.699,444.278,371.579,1,-1,-1,-1
359,5,1886.419,423.553,193.676,69.611,1,-1,-1,-1
360,15,409.260,899.669,1317.381,399.734,1,-1,-1,-1
360,5,1886.488,423.488,193.705,69.662,1,-1,-1,-1
360,3,1480.676,586.746,442.278,371.231,1,-1,-1,-1
361,3,1481.040,585.253,441.539,373.546,1,-1,-1,-1
361,5,1886.306,423.587,194.282,69.500,1,-1,-1,-1
361,15,69.715,867.007,935.194,418.187,1,-1,-1,-1
362,15,42.220,790.480,899.584,457.715,1,-1,-1,-1
362,5,1886.245,423.714,194.623,69.304,1,-1,-1,-1
362,3,1483.113,586.402,439.803,371.482,1,-1,-1,-1
363,15,39.548,757.019,850.502,463.351,1,-1,-1,-1
363,3,1483.895,587.110,439.200,370.653,1,-1,-1,-1
363,5,1886.305,423.808,194.621,69.205,1,-1,-1,-1
364,15,34.950,734.996,549.125,464.959,1,-1,-1,-1
364,3,1483.803,587.274,439.489,370.425,1,-1,-1,-1
364,5,1886.337,423.786,194.576,69.218,1,-1,-1,-1
365,3,1483.622,587.211,439.797,370.523,1,-1,-1,-1
365,5,1886.363,423.791,194.529,69.197,1,-1,-1,-1
366,5,1886.160,424.176,194.985,68.834,1,-1,-1,-1
366,3,1482.119,586.817,441.967,371.362,1,-1,-1,-1
367,3,1480.677,586.448,443.796,372.229,1,-1,-1,-1
367,5,1885.877,424.542,195.506,68.514,1,-1,-1,-1
368,3,1479.290,586.041,445.511,373.176,1,-1,-1,-1
368,5,1885.612,425.014,196.014,68.006,1,-1,-1,-1
369,3,1479.238,585.984,445.286,373.407,1,-1,-1,-1
369,5,1885.534,425.102,196.203,67.860,1,-1,-1,-1
370,5,1885.587,425.184,196.161,67.688,1,-1,-1,-1
370,3,1479.201,585.983,445.265,373.461,1,-1,-1,-1
371,5,1885.688,425.158,195.983,67.696,1,-1,-1,-1
371,3,1479.056,586.283,445.472,372.973,1,-1,-1,-1
372,5,1885.753,425.024,195.449,67.941,1,-1,-1,-1
372,3,1479.448,586.903,445.503,372.084,1,-1,-1,-1
373,5,1885.834,424.912,194.943,68.169,1,-1,-1,-1
373,3,1479.667,587.338,445.615,371.478,1,-1,-1,-1
374,5,1885.842,424.814,194.608,68.385,1,-1,-1,-1
374,3,1480.110,587.562,445.329,371.281,1,-1,-1,-1
375,5,1885.849,424.826,194.570,68.369,1,-1,-1,-1
375,3,1480.109,587.429,445.069,371.484,1,-1,-1,-1
376,5,1885.714,424.733,194.252,68.127,1,-1,-1,-1
376,3,1480.280,586.704,444.414,372.354,1,-1,-1,-1
377,5,1885.463,424.655,194.114,67.864,1,-1,-1,-1
377,3,1480.415,585.909,444.016,373.396,1,-1,-1,-1
378,3,1480.580,585.352,443.817,374.016,1,-1,-1,-1
378,5,1885.283,424.568,193.826,67.602,1,-1,-1,-1
379,3,1480.618,585.399,444.190,373.794,1,-1,-1,-1
379,5,1885.193,424.580,193.986,67.567,1,-1,-1,-1
380,3,1480.999,585.606,444.050,373.266,1,-1,-1,-1
380,5,1885.321,424.498,193.697,67.638,1,-1,-1,-1
381,5,1885.435,424.277,193.330,67.880,1,-1,-1,-1
381,3,1480.633,585.017,445.671,374.631,1,-1,-1,-1
381,16,1957.053,973.460,596.294,472.624,1,-1,-1,-1
382,5,1885.203,424.221,193.489,67.886,1,-1,-1,-1
382,3,1479.055,585.747,450.289,373.787,1,-1,-1,-1
382,16,1633.695,989.093,894.302,441.178,1,-1,-1,-1
383,16,1625.195,1017.658,895.984,397.132,1,-1,-1,-1
383,5,1885.039,424.314,193.525,67.725,1,-1,-1,-1
383,3,1478.762,588.620,451.791,369.181,1,-1,-1,-1
384,3,1480.038,589.915,452.082,369.375,1,-1,-1,-1
384,16,1333.310,993.274,1038.259,405.359,1,-1,-1,-1
384,5,1885.415,424.279,192.896,67.710,1,-1,-1,-1
385,5,1886.244,423.953,191.435,68.157,1,-1,-1,-1
385,3,1482.395,588.755,446.623,373.219,1,-1,-1,-1
385,16,738.047,955.548,1114.809,400.886,1,-1,-1,-1
386,3,1480.992,585.171,450.167,380.012,1,-1,-1,-1
386,16,670.345,933.555,1215.475,415.122,1,-1,-1,-1
386,5,1887.415,424.103,190.862,68.223,1,-1,-1,-1
387,3,1480.947,583.910,454.602,380.512,1,-1,-1,-1
387,16,641.084,947.327,1205.758,411.355,1,-1,-1,-1
387,5,1887.920,424.658,191.298,67.765,1,-1,-1,-1
388,5,1888.184,425.375,192.300,67.060,1,-1,-1,-1
388,3,1479.611,586.427,466.725,378.047,1,-1,-1,-1
388,16,176.449,879.785,1025.099,425.268,1,-1,-1,-1
389,5,1888.057,425.447,192.597,66.903,1,-1,-1,-1
389,3,1481.565,586.990,473.406,381.327,1,-1,-1,-1
389,16,44.344,782.478,875.763,431.902,1,-1,-1,-1
390,5,1888.035,425.426,192.724,66.817,1,-1,-1,-1
390,16,16.500,754.985,611.053,431.958,1,-1,-1,-1
390,3,1482.259,592.740,479.823,379.691,1,-1,-1,-1
391,5,1888.193,425.356,192.394,66.899,1,-1,-1,-1
391,3,1485.756,595.826,487.134,382.130,1,-1,-1,-1
392,3,1491.525,600.562,494.599,383.608,1,-1,-1,-1
392,5,1888.077,425.437,192.634,66.835,1,-1,-1,-1
393,5,1887.988,425.491,192.803,66.928,1,-1,-1,-1
393,3,1498.671,599.529,500.350,393.240,1,-1,-1,-1
394,3,1504.506,598.806,504.027,401.737,1,-1,-1,-1
394,5,1887.842,425.591,193.009,66.713,1,-1,-1,-1
395,3,1528.582,597.030,460.269,438.336,1,-1,-1,-1
395,5,1887.900,425.553,192.574,66.657,1,-1,-1,-1
396,3,1544.992,609.526,485.648,435.976,1,-1,-1,-1
396,5,1887.193,425.772,192.846,66.112,1,-1,-1,-1
397,3,1552.984,627.006,504.012,425.069,1,-1,-1,-1
397,5,1886.239,426.039,193.373,65.609,1,-1,-1,-1
398,5,1885.178,426.243,194.501,65.376,1,-1,-1,-1
398,3,1563.823,637.170,538.051,418.240,1,-1,-1,-1
398,17,2363.099,467.869,135.583,54.896,1,-1,-1,-1
399,17,2362.722,467.901,136.160,54.869,1,-1,-1,-1
399,5,1884.638,426.261,195.227,65.335,1,-1,-1,-1
399,3,1581.984,638.022,574.159,421.482,1,-1,-1,-1
400,5,1884.040,426.256,196.179,65.378,1,-1,-1,-1
400,3,1565.514,661.129,669.699,426.232,1,-1,-1,-1
400,17,2362.569,467.922,136.242,54.778,1,-1,-1,-1
401,5,1883.193,426.486,197.328,64.942,1,-1,-1,-1
401,3,1571.796,670.531,721.007,426.457,1,-1,-1,-1
402,5,1882.442,426.660,198.822,64.651,1,-1,-1,-1
402,3,1633.202,676.981,719.168,439.901,1,-1,-1,-1
403,5,1882.414,426.532,199.545,64.907,1,-1,-1,-1
403,3,1635.410,681.196,779.644,453.220,1,-1,-1,-1
404,3,1662.944,685.757,815.854,468.970,1,-1,-1,-1
404,5,1882.855,426.298,199.859,65.362,1,-1,-1,-1
405,5,1883.474,426.009,199.910,65.906,1,-1,-1,-1
405,3,1690.307,692.298,842.547,490.781,1,-1,-1,-1
406,3,1720.496,705.738,835.356,502.034,1,-1,-1,-1
406,5,1884.042,425.954,199.347,66.090,1,-1,-1,-1
407,3,1750.345,712.473,800.829,514.653,1,-1,-1,-1
407,5,1884.386,426.090,198.851,65.908,1,-1,-1,-1
408,3,1833.633,722.922,714.106,505.004,1,-1,-1,-1
408,5,1885.283,426.024,197.714,65.943,1,-1,-1,-1
409,3,1885.438,720.464,653.381,537.139,1,-1,-1,-1
409,5,1886.065,425.945,196.993,65.845,1,-1,-1,-1
410,3,1944.197,719.056,594.547,559.605,1,-1,-1,-1
410,5,1887.028,425.564,195.501,66.232,1,-1,-1,-1
411,5,1887.096,425.348,194.314,66.813,1,-1,-1,-1
411,3,2004.719,720.643,535.178,571.424,1,-1,-1,-1
412,3,2063.619,817.839,490.553,377.699,1,-1,-1,-1
412,5,1886.621,425.128,194.548,67.247,1,-1,-1,-1
413,3,2121.304,834.628,425.910,367.216,1,-1,-1,-1
413,5,1885.773,425.157,195.515,67.268,1,-1,-1,-1
414,5,1884.933,425.334,197.101,66.721,1,-1,-1,-1
414,3,2148.617,791.133,410.383,394.594,1,-1,-1,-1
415,5,1884.542,425.696,197.780,66.168,1,-1,-1,-1
415,3,2242.913,843.691,315.089,354.422,1,-1,-1,-1
416,5,1885.210,425.985,197.325,66.013,1,-1,-1,-1
416,3,2343.942,811.717,206.745,411.580,1,-1,-1,-1
417,5,1886.047,426.152,196.431,66.097,1,-1,-1,-1
418,5,1886.714,426.204,195.656,66.298,1,-1,-1,-1
419,5,1886.642,426.296,195.903,66.202,1,-1,-1,-1
420,5,1886.481,426.446,195.631,66.117,1,-1,-1,-1
421,5,1886.446,426.781,195.053,65.695,1,-1,-1,-1
422,5,1886.356,426.822,194.407,65.586,1,-1,-1,-1
423,5,1886.729,426.911,193.171,65.278,1,-1,-1,-1
424,5,1887.265,426.597,191.997,65.565,1,-1,-1,-1
425,5,1887.270,426.674,192.030,65.347,1,-1,-1,-1
426,5,1886.704,426.795,194.795,64.943,1,-1,-1,-1
427,5,1885.587,427.146,198.264,64.223,1,-1,-1,-1
428,5,1885.072,427.282,200.380,63.847,1,-1,-1,-1
429,5,1884.957,427.321,200.391,63.805,1,-1,-1,-1
430,5,1885.111,427.325,199.919,63.830,1,-1,-1,-1
431,5,1885.199,427.348,199.588,63.829,1,-1,-1,-1
432,5,1885.343,427.058,199.124,64.122,1,-1,-1,-1
433,5,1885.464,426.731,198.719,64.458,1,-1,-1,-1
434,5,1885.494,426.440,198.563,64.750,1,-1,-1,-1
435,5,1885.269,426.447,199.020,64.767,1,-1,-1,-1
436,5,1884.503,426.522,199.124,64.896,1,-1,-1,-1
437,5,1883.740,426.507,199.180,65.112,1,-1,-1,-1
438,5,1883.036,426.527,199.251,65.250,1,-1,-1,-1
439,5,1882.927,426.510,199.550,65.239,1,-1,-1,-1
440,5,1882.897,426.543,199.626,65.193,1,-1,-1,-1
441,5,1882.924,426.506,199.529,65.256,1,-1,-1,-1
442,5,1882.935,426.472,199.489,65.305,1,-1,-1,-1
443,5,1882.886,426.433,199.678,65.348,1,-1,-1,-1
444,5,1882.805,426.351,199.770,65.409,1,-1,-1,-1
445,5,1882.696,426.221,199.899,65.545,1,-1,-1,-1
446,5,1882.648,426.100,199.826,65.681,1,-1,-1,-1
447,5,1882.629,426.070,199.830,65.730,1,-1,-1,-1
448,5,1882.615,426.085,199.851,65.711,1,-1,-1,-1
449,5,1882.585,426.087,199.922,65.708,1,-1,-1,-1
450,5,1882.587,426.079,199.958,65.712,1,-1,-1,-1
451,5,1882.596,426.066,199.969,65.721,1,-1,-1,-1
452,5,1882.666,426.066,199.818,65.716,1,-1,-1,-1
453,5,1882.721,426.035,199.846,65.729,1,-1,-1,-1
454,5,1882.785,426.019,199.776,65.731,1,-1,-1,-1
455,5,1882.797,425.987,199.938,65.743,1,-1,-1,-1
456,5,1882.827,425.975,199.922,65.848,1,-1,-1,-1
457,5,1882.844,425.937,200.039,65.976,1,-1,-1,-1
458,5,1882.887,425.895,200.087,66.097,1,-1,-1,-1
459,5,1882.917,425.892,200.049,66.082,1,-1,-1,-1
460,5,1882.946,425.901,199.986,66.054,1,-1,-1,-1
