3,1,1908.13,429.02,153.82,62.13,1,-1,-1,-1
4,1,1907.97,429.57,154.35,61.69,1,-1,-1,-1
5,1,1906.92,429.51,156.42,61.76,1,-1,-1,-1
6,1,1905.66,429.37,158.85,61.89,1,-1,-1,-1
7,1,1904.37,429.24,161.34,62.00,1,-1,-1,-1
8,1,1903.10,429.14,163.85,62.08,1,-1,-1,-1
9,1,1901.86,429.07,166.34,62.14,1,-1,-1,-1
10,1,1900.63,428.99,168.81,62.21,1,-1,-1,-1
11,1,1899.43,428.93,171.19,62.27,1,-1,-1,-1
12,1,1898.28,428.88,173.42,62.30,1,-1,-1,-1
13,1,1897.21,428.84,175.52,62.33,1,-1,-1,-1
14,1,1896.20,428.80,177.48,62.34,1,-1,-1,-1
15,1,1895.25,428.77,179.34,62.38,1,-1,-1,-1
16,1,1894.39,428.75,181.03,62.39,1,-1,-1,-1
17,1,1893.60,428.73,182.59,62.40,1,-1,-1,-1
18,1,1892.89,428.73,184.01,62.40,1,-1,-1,-1
19,1,1892.23,428.71,185.34,62.41,1,-1,-1,-1
20,1,1891.62,428.70,186.55,62.42,1,-1,-1,-1
21,1,1891.04,428.66,187.75,62.46,1,-1,-1,-1
22,1,1890.50,428.63,188.84,62.49,1,-1,-1,-1
23,1,1889.97,428.60,189.87,62.53,1,-1,-1,-1
24,1,1889.53,428.60,190.72,62.54,1,-1,-1,-1
25,1,1889.14,428.59,191.45,62.55,1,-1,-1,-1
26,1,1888.85,428.60,192.05,62.52,1,-1,-1,-1
27,1,1888.66,428.66,192.38,62.42,1,-1,-1,-1
28,1,1888.45,428.74,192.63,62.30,1,-1,-1,-1
29,1,1888.18,428.79,192.94,62.22,1,-1,-1,-1
30,1,1887.86,428.80,193.42,62.22,1,-1,-1,-1
31,1,1887.57,428.80,193.92,62.26,1,-1,-1,-1
32,1,1887.35,428.80,194.30,62.26,1,-1,-1,-1
33,1,1887.17,428.79,194.64,62.27,1,-1,-1,-1
34,1,1887.06,428.79,194.89,62.25,1,-1,-1,-1
35,1,1886.91,428.77,195.17,62.26,1,-1,-1,-1
36,1,1886.69,428.71,195.51,62.33,1,-1,-1,-1
37,1,1886.30,428.59,196.10,62.53,1,-1,-1,-1
38,1,1885.99,428.48,196.57,62.71,1,-1,-1,-1
39,1,1885.82,428.40,196.81,62.83,1,-1,-1,-1
40,1,1885.78,428.38,196.84,62.88,1,-1,-1,-1
40,2,2355.35,461.11,184.94,78.96,1,-1,-1,-1
41,1,1885.76,428.35,196.88,62.93,1,-1,-1,-1
41,2,2353.41,459.76,189.45,80.93,1,-1,-1,-1
42,1,1885.80,428.38,196.74,62.93,1,-1,-1,-1
42,2,2351.48,458.51,194.67,83.33,1,-1,-1,-1
43,1,1885.89,428.42,196.49,62.89,1,-1,-1,-1
43,2,2346.00,456.32,201.57,86.46,1,-1,-1,-1
44,1,1886.10,428.52,196.02,62.77,1,-1,-1,-1
44,2,2340.05,455.39,205.62,87.90,1,-1,-1,-1
45,1,1886.45,428.69,195.35,62.58,1,-1,-1,-1
45,2,2334.29,454.72,205.52,86.99,1,-1,-1,-1
46,1,1886.30,428.25,196.65,63.03,1,-1,-1,-1
46,2,2331.06,454.68,202.82,84.84,1,-1,-1,-1
47,1,1885.51,427.55,199.03,63.87,1,-1,-1,-1
47,2,2297.54,449.70,212.48,87.41,1,-1,-1,-1
48,1,1884.22,426.64,202.39,65.07,1,-1,-1,-1
48,2,2277.92,446.44,221.72,89.66,1,-1,-1,-1
49,1,1883.40,426.30,204.04,65.73,1,-1,-1,-1
49,2,2243.47,443.04,229.61,91.47,1,-1,-1,-1
50,1,1883.18,426.25,204.54,66.03,1,-1,-1,-1
50,2,2223.46,441.21,238.01,92.36,1,-1,-1,-1
51,1,1883.15,426.24,204.91,66.31,1,-1,-1,-1
51,2,2186.91,439.57,236.90,90.62,1,-1,-1,-1
52,1,1883.19,426.27,204.82,66.44,1,-1,-1,-1
52,2,2167.65,437.93,241.88,90.11,1,-1,-1,-1
53,1,1883.48,426.07,205.17,66.63,1,-1,-1,-1
53,2,2131.75,434.79,250.74,92.21,1,-1,-1,-1
54,1,1883.23,426.17,205.02,66.62,1,-1,-1,-1
54,2,2111.45,432.61,256.32,92.94,1,-1,-1,-1
55,1,1883.49,426.71,201.98,65.79,1,-1,-1,-1
55,2,2076.30,430.32,258.28,92.70,1,-1,-1,-1
56,1,1883.90,427.62,197.36,64.64,1,-1,-1,-1
56,2,2055.16,428.04,262.79,93.50,1,-1,-1,-1
57,1,1885.76,427.27,194.93,64.16,1,-1,-1,-1
57,2,2020.91,427.06,261.89,91.81,1,-1,-1,-1
58,1,1885.70,427.27,194.72,64.09,1,-1,-1,-1
58,2,1966.11,416.58,282.26,97.35,1,-1,-1,-1
59,2,1940.18,411.75,294.18,100.77,1,-1,-1,-1
60,2,1922.03,408.05,306.68,105.01,1,-1,-1,-1
61,2,1902.15,407.37,304.03,103.66,1,-1,-1,-1
62,2,1887.99,406.94,303.85,103.39,1,-1,-1,-1
63,2,1876.51,405.50,303.28,103.20,1,-1,-1,-1
64,2,1853.28,404.35,303.47,103.57,1,-1,-1,-1
65,2,1835.23,400.72,308.42,106.09,1,-1,-1,-1
66,2,1808.27,398.27,300.68,103.93,1,-1,-1,-1
67,2,1792.59,396.84,297.35,103.13,1,-1,-1,-1
68,2,1780.97,395.06,297.21,103.55,1,-1,-1,-1
69,2,1779.09,396.24,287.86,100.03,1,-1,-1,-1
70,2,1770.67,398.27,272.29,93.69,1,-1,-1,-1
71,2,1766.88,399.93,263.42,89.64,1,-1,-1,-1
72,2,1760.69,399.45,263.09,88.72,1,-1,-1,-1
73,2,1756.31,400.52,260.86,86.64,1,-1,-1,-1
74,2,1753.37,402.06,261.75,84.67,1,-1,-1,-1
75,2,1720.68,398.80,269.88,85.37,1,-1,-1,-1
76,1,1884.64,422.59,202.63,68.05,1,-1,-1,-1
76,2,1676.50,391.73,271.24,86.25,1,-1,-1,-1
77,1,1885.53,423.33,198.36,67.16,1,-1,-1,-1
77,2,1657.43,387.70,272.13,86.82,1,-1,-1,-1
78,1,1883.65,424.18,197.61,66.93,1,-1,-1,-1
78,2,1649.14,386.12,269.51,86.17,1,-1,-1,-1
79,1,1882.41,424.66,198.11,67.19,1,-1,-1,-1
79,2,1622.38,384.29,273.21,87.31,1,-1,-1,-1
80,1,1881.67,425.23,198.57,67.23,1,-1,-1,-1
80,2,1608.77,383.26,278.37,89.07,1,-1,-1,-1
81,1,1882.10,425.89,197.22,66.45,1,-1,-1,-1
81,2,1599.11,382.36,282.64,90.46,1,-1,-1,-1
82,1,1882.48,426.63,196.03,65.53,1,-1,-1,-1
82,2,1591.26,381.49,286.69,91.77,1,-1,-1,-1
83,1,1882.94,427.15,195.50,64.91,1,-1,-1,-1
83,2,1565.75,377.57,288.36,93.52,1,-1,-1,-1
84,1,1882.93,427.38,196.12,64.85,1,-1,-1,-1
84,2,1552.85,376.01,291.00,95.44,1,-1,-1,-1
85,1,1882.79,427.44,196.92,64.93,1,-1,-1,-1
85,2,1548.44,377.61,285.58,94.08,1,-1,-1,-1
86,1,1882.31,427.34,198.08,65.17,1,-1,-1,-1
86,2,1546.06,379.78,279.55,92.04,1,-1,-1,-1
87,1,1882.29,427.37,198.51,65.16,1,-1,-1,-1
87,2,1544.37,380.81,276.31,90.62,1,-1,-1,-1
88,1,1882.12,427.31,199.10,65.25,1,-1,-1,-1
88,2,1530.37,379.42,271.84,89.38,1,-1,-1,-1
89,1,1882.22,427.35,199.32,65.23,1,-1,-1,-1
89,2,1523.52,378.68,271.34,89.20,1,-1,-1,-1
90,1,1882.18,427.30,199.89,65.34,1,-1,-1,-1
90,2,1516.92,377.62,274.62,90.32,1,-1,-1,-1
91,1,1882.11,427.27,200.46,65.41,1,-1,-1,-1
91,2,1509.39,376.85,279.34,92.13,1,-1,-1,-1
92,1,1881.99,427.21,201.01,65.47,1,-1,-1,-1
92,2,1503.61,376.73,280.10,92.54,1,-1,-1,-1
93,1,1881.81,427.18,201.35,65.47,1,-1,-1,-1
93,2,1495.78,375.55,286.23,94.70,1,-1,-1,-1
94,1,1881.74,427.18,201.62,65.45,1,-1,-1,-1
94,2,1488.12,374.43,291.81,96.60,1,-1,-1,-1
95,1,1881.60,427.17,201.99,65.48,1,-1,-1,-1
95,2,1481.82,373.60,296.92,98.40,1,-1,-1,-1
96,1,1881.61,427.14,202.33,65.50,1,-1,-1,-1
96,2,1466.61,373.33,301.13,100.69,1,-1,-1,-1
97,1,1881.64,427.11,202.49,65.47,1,-1,-1,-1
97,2,1458.67,373.30,301.15,101.53,1,-1,-1,-1
98,1,1881.76,427.12,202.37,65.35,1,-1,-1,-1
98,2,1453.17,373.95,297.14,100.92,1,-1,-1,-1
99,1,1881.54,427.07,202.64,65.39,1,-1,-1,-1
99,2,1449.57,375.02,291.96,99.76,1,-1,-1,-1
100,1,1881.29,427.08,202.82,65.41,1,-1,-1,-1
100,2,1445.71,376.16,287.06,98.69,1,-1,-1,-1
101,1,1880.87,427.03,203.24,65.53,1,-1,-1,-1
101,2,1442.28,376.60,284.36,98.23,1,-1,-1,-1
102,1,1880.82,427.04,203.19,65.51,1,-1,-1,-1
102,2,1424.85,376.00,285.40,99.05,1,-1,-1,-1
103,1,1880.84,427.00,203.12,65.51,1,-1,-1,-1
103,2,1414.51,375.58,285.50,99.30,1,-1,-1,-1
104,1,1881.03,427.02,202.81,65.41,1,-1,-1,-1
104,2,1407.22,376.63,282.83,98.22,1,-1,-1,-1
105,1,1881.01,427.02,202.75,65.39,1,-1,-1,-1
105,2,1399.55,376.33,283.97,98.80,1,-1,-1,-1
106,1,1881.61,427.14,202.17,65.17,1,-1,-1,-1
106,2,1396.24,376.77,280.02,98.24,1,-1,-1,-1
107,1,1882.58,427.30,201.32,64.84,1,-1,-1,-1
107,2,1378.47,376.88,280.47,100.38,1,-1,-1,-1
108,1,1883.69,427.49,200.30,64.44,1,-1,-1,-1
108,2,1370.65,378.13,275.25,100.31,1,-1,-1,-1
109,1,1884.17,427.58,199.84,64.22,1,-1,-1,-1
109,2,1365.31,379.26,272.87,101.13,1,-1,-1,-1
110,1,1884.26,427.63,199.70,64.12,1,-1,-1,-1
110,2,1360.38,379.66,272.35,102.73,1,-1,-1,-1
111,1,1884.31,427.69,199.60,64.02,1,-1,-1,-1
111,2,1359.46,380.53,267.63,102.89,1,-1,-1,-1
112,1,1884.22,427.68,199.68,63.99,1,-1,-1,-1
112,2,1359.20,381.03,261.31,102.71,1,-1,-1,-1
112,4,2362.75,466.05,134.41,56.92,1,-1,-1,-1
113,1,1884.09,427.67,199.79,63.99,1,-1,-1,-1
113,2,1360.80,382.32,253.46,102.36,1,-1,-1,-1
113,4,2362.77,466.07,134.36,56.90,1,-1,-1,-1
114,1,1883.82,427.60,200.23,64.11,1,-1,-1,-1
114,2,1360.61,382.93,248.20,103.07,1,-1,-1,-1
114,4,2362.73,466.05,134.44,56.93,1,-1,-1,-1
115,1,1883.62,427.55,200.53,64.21,1,-1,-1,-1
115,2,1347.58,385.20,241.26,102.72,1,-1,-1,-1
115,4,2362.73,466.06,134.43,56.92,1,-1,-1,-1
116,1,1883.48,427.50,200.76,64.31,1,-1,-1,-1
116,2,1343.25,386.94,233.36,101.76,1,-1,-1,-1
117,1,1883.34,427.45,200.93,64.39,1,-1,-1,-1
117,2,1342.79,388.27,226.45,101.33,1,-1,-1,-1
118,1,1883.28,427.43,200.99,64.43,1,-1,-1,-1
118,2,1342.02,388.78,224.03,102.91,1,-1,-1,-1
118,4,2362.81,466.14,134.30,56.85,1,-1,-1,-1
119,1,1883.25,427.44,200.95,64.44,1,-1,-1,-1
119,2,1340.58,388.96,223.14,105.26,1,-1,-1,-1
119,4,2362.82,466.17,134.30,56.82,1,-1,-1,-1
120,1,1883.37,427.50,200.61,64.33,1,-1,-1,-1
120,2,1338.21,390.04,221.30,107.51,1,-1,-1,-1
120,4,2362.87,466.26,134.21,56.75,1,-1,-1,-1
121,1,1883.46,427.54,200.38,64.24,1,-1,-1,-1
121,2,1336.40,391.59,218.23,109.38,1,-1,-1,-1
121,4,2362.91,466.32,134.16,56.70,1,-1,-1,-1
122,1,1883.54,427.58,200.19,64.15,1,-1,-1,-1
122,2,1334.57,393.40,215.20,111.48,1,-1,-1,-1
122,4,2362.93,466.36,134.15,56.66,1,-1,-1,-1
123,1,1883.47,427.57,200.31,64.17,1,-1,-1,-1
123,2,1333.18,394.20,214.14,114.92,1,-1,-1,-1
123,4,2362.91,466.36,134.22,56.66,1,-1,-1,-1
124,1,1883.31,427.53,200.51,64.22,1,-1,-1,-1
124,2,1333.49,395.84,210.15,116.96,1,-1,-1,-1
124,4,2362.85,466.36,134.32,56.67,1,-1,-1,-1
125,1,1883.22,427.51,200.61,64.22,1,-1,-1,-1
125,2,1333.68,396.66,207.40,119.91,1,-1,-1,-1
125,4,2362.82,466.37,134.37,56.67,1,-1,-1,-1
126,1,1883.18,427.50,200.59,64.19,1,-1,-1,-1
126,2,1339.20,401.28,195.35,116.53,1,-1,-1,-1
126,4,2362.80,466.39,134.38,56.64,1,-1,-1,-1
127,1,1883.32,427.56,200.26,64.05,1,-1,-1,-1
127,2,1342.48,403.46,188.68,115.98,1,-1,-1,-1
127,4,2362.81,466.42,134.32,56.59,1,-1,-1,-1
128,1,1883.32,427.59,200.22,64.00,1,-1,-1,-1
128,2,1345.11,404.32,184.20,116.66,1,-1,-1,-1
128,4,2362.79,466.43,134.34,56.56,1,-1,-1,-1
129,1,1883.33,427.65,200.14,63.94,1,-1,-1,-1
129,2,1347.80,404.71,180.85,117.94,1,-1,-1,-1
129,4,2362.76,466.44,134.38,56.54,1,-1,-1,-1
130,1,1883.13,427.48,201.01,64.20,1,-1,-1,-1
130,2,1349.36,404.04,180.01,120.98,1,-1,-1,-1
130,4,2362.78,466.46,134.32,56.52,1,-1,-1,-1
131,1,1882.88,427.23,202.16,64.55,1,-1,-1,-1
131,2,1349.29,407.48,183.40,127.33,1,-1,-1,-1
132,1,1882.31,426.84,203.70,65.09,1,-1,-1,-1
132,2,1352.26,409.84,181.25,129.62,1,-1,-1,-1
132,5,401.80,1100.56,521.90,792.47,1,-1,-1,-1
133,1,1881.47,426.48,205.00,65.62,1,-1,-1,-1
133,2,1359.04,414.25,173.28,126.98,1,-1,-1,-1
133,5,454.20,1134.69,527.60,756.69,1,-1,-1,-1
134,1,1880.62,426.14,205.94,66.10,1,-1,-1,-1
134,2,1361.49,415.08,173.68,130.33,1,-1,-1,-1
134,5,752.32,1139.58,574.20,759.67,1,-1,-1,-1
135,1,1880.09,425.84,206.50,66.49,1,-1,-1,-1
135,2,1365.64,417.79,170.84,130.70,1,-1,-1,-1
135,5,1254.01,1161.79,603.92,734.50,1,-1,-1,-1
136,1,1880.05,425.68,206.45,66.68,1,-1,-1,-1
136,2,1367.80,418.70,171.72,133.78,1,-1,-1,-1
136,5,1390.00,1165.69,670.82,746.39,1,-1,-1,-1
137,1,1880.43,425.72,205.79,66.64,1,-1,-1,-1
137,2,1370.88,419.69,173.14,137.06,1,-1,-1,-1
137,5,1639.28,1189.91,652.04,725.50,1,-1,-1,-1
138,1,1881.14,425.91,204.67,66.39,1,-1,-1,-1
138,2,1373.74,420.90,174.11,139.86,1,-1,-1,-1
139,1,1882.07,426.23,203.13,65.92,1,-1,-1,-1
139,2,1377.28,423.03,173.90,141.36,1,-1,-1,-1
140,1,1882.75,426.74,201.44,65.33,1,-1,-1,-1
140,2,1378.57,423.96,175.52,144.47,1,-1,-1,-1
141,1,1883.02,427.29,199.99,64.78,1,-1,-1,-1
141,2,1379.47,424.56,177.86,148.41,1,-1,-1,-1
142,1,1882.80,427.73,199.22,64.45,1,-1,-1,-1
142,2,1379.40,424.35,181.06,153.50,1,-1,-1,-1
143,1,1882.47,427.87,199.19,64.37,1,-1,-1,-1
143,2,1379.72,425.07,183.06,157.70,1,-1,-1,-1
144,1,1882.29,427.86,199.39,64.36,1,-1,-1,-1
144,2,1379.50,425.61,184.80,161.69,1,-1,-1,-1
145,1,1882.27,427.83,199.56,64.34,1,-1,-1,-1
145,2,1378.75,425.63,187.03,166.16,1,-1,-1,-1
146,1,1882.35,427.85,199.75,64.31,1,-1,-1,-1
146,2,1383.33,438.43,180.56,161.80,1,-1,-1,-1
147,1,1882.32,427.88,200.06,64.31,1,-1,-1,-1
147,2,1383.01,441.10,182.84,165.40,1,-1,-1,-1
148,1,1882.17,427.87,200.51,64.38,1,-1,-1,-1
148,2,1385.00,442.18,188.14,170.93,1,-1,-1,-1
149,1,1881.95,427.82,200.94,64.45,1,-1,-1,-1
149,2,1386.10,443.82,190.86,173.86,1,-1,-1,-1
150,1,1882.11,427.69,201.19,64.49,1,-1,-1,-1
150,2,1389.00,447.97,190.54,173.68,1,-1,-1,-1
151,1,1882.49,427.54,201.36,64.51,1,-1,-1,-1
151,2,1390.71,450.29,193.81,177.40,1,-1,-1,-1
152,1,1882.91,427.35,201.54,64.55,1,-1,-1,-1
152,2,1391.94,452.55,198.10,182.67,1,-1,-1,-1
153,1,1883.03,427.22,201.64,64.57,1,-1,-1,-1
153,2,1392.06,453.55,202.99,189.03,1,-1,-1,-1
154,1,1883.00,427.17,201.63,64.57,1,-1,-1,-1
154,2,1393.98,456.16,203.67,191.06,1,-1,-1,-1
155,1,1882.86,427.11,201.71,64.62,1,-1,-1,-1
155,2,1395.75,458.08,204.01,192.46,1,-1,-1,-1
156,1,1882.60,426.97,202.15,64.81,1,-1,-1,-1
156,2,1397.21,459.15,206.76,196.13,1,-1,-1,-1
157,1,1882.24,426.72,202.75,65.10,1,-1,-1,-1
157,2,1401.62,471.80,205.26,194.85,1,-1,-1,-1
158,1,1881.86,426.45,203.28,65.44,1,-1,-1,-1
158,2,1404.22,477.11,206.76,196.68,1,-1,-1,-1
159,1,1881.50,426.18,203.59,65.74,1,-1,-1,-1
159,2,1407.04,480.69,208.32,198.42,1,-1,-1,-1
160,1,1881.78,426.26,202.83,65.66,1,-1,-1,-1
160,2,1408.20,481.21,212.75,203.47,1,-1,-1,-1
161,1,1882.13,426.41,202.06,65.56,1,-1,-1,-1
161,2,1408.79,481.05,218.11,209.94,1,-1,-1,-1
162,1,1882.78,426.73,200.81,65.27,1,-1,-1,-1
162,2,1408.46,480.72,223.04,216.38,1,-1,-1,-1
163,1,1882.84,426.71,200.58,65.33,1,-1,-1,-1
163,2,1409.91,484.25,222.58,216.78,1,-1,-1,-1
164,1,1883.06,426.66,200.26,65.36,1,-1,-1,-1
164,2,1402.41,485.61,236.97,230.86,1,-1,-1,-1
164,8,870.40,774.08,1368.37,728.63,1,-1,-1,-1
165,1,1883.19,426.48,200.29,65.55,1,-1,-1,-1
165,2,1401.02,488.39,242.73,236.76,1,-1,-1,-1
165,8,326.83,735.00,1396.47,743.04,1,-1,-1,-1
166,1,1883.64,426.46,199.80,65.56,1,-1,-1,-1
166,2,1403.87,491.57,245.37,239.19,1,-1,-1,-1
166,8,99.78,693.27,1487.86,793.08,1,-1,-1,-1
167,1,1884.09,426.48,199.21,65.53,1,-1,-1,-1
167,2,1408.09,494.82,247.64,240.86,1,-1,-1,-1
167,8,-85.41,692.74,1229.79,660.40,1,-1,-1,-1
168,1,1884.34,426.46,198.89,65.58,1,-1,-1,-1
168,2,1413.05,498.03,250.01,242.07,1,-1,-1,-1
168,8,-148.38,683.15,1150.82,624.08,1,-1,-1,-1
169,1,1884.44,426.39,198.79,65.73,1,-1,-1,-1
169,2,1416.03,500.34,254.21,244.96,1,-1,-1,-1
169,8,-236.19,683.53,1061.80,592.21,1,-1,-1,-1
170,1,1883.90,426.25,199.34,66.10,1,-1,-1,-1
170,2,1418.68,502.76,259.23,248.29,1,-1,-1,-1
170,8,-422.91,669.53,1022.48,570.28,1,-1,-1,-1
171,1,1883.19,426.08,200.02,66.49,1,-1,-1,-1
171,2,1420.90,506.45,264.45,251.71,1,-1,-1,-1
172,1,1882.39,425.90,200.71,66.88,1,-1,-1,-1
172,2,1422.20,509.94,270.72,256.33,1,-1,-1,-1
173,1,1882.05,425.75,200.97,67.12,1,-1,-1,-1
173,2,1421.69,512.32,278.02,262.26,1,-1,-1,-1
174,1,1881.96,425.65,200.92,67.24,1,-1,-1,-1
174,2,1420.88,514.10,285.17,268.13,1,-1,-1,-1
175,1,1881.79,425.49,201.12,67.48,1,-1,-1,-1
175,2,1419.55,514.84,293.07,274.97,1,-1,-1,-1
176,1,1881.45,425.31,201.46,67.78,1,-1,-1,-1
176,2,1418.17,514.60,301.07,282.19,1,-1,-1,-1
177,1,1881.16,425.17,201.77,68.07,1,-1,-1,-1
177,2,1424.00,511.71,310.21,292.73,1,-1,-1,-1
178,1,1881.05,425.17,201.60,68.19,1,-1,-1,-1
178,2,1425.33,508.61,318.44,302.70,1,-1,-1,-1
179,1,1881.13,425.21,201.17,68.22,1,-1,-1,-1
179,2,1425.36,505.38,326.25,312.08,1,-1,-1,-1
180,1,1881.51,425.38,200.22,68.08,1,-1,-1,-1
180,2,1431.92,517.61,323.45,309.00,1,-1,-1,-1
181,1,1881.92,425.46,199.47,68.01,1,-1,-1,-1
181,2,1436.29,524.04,323.88,308.05,1,-1,-1,-1
182,1,1882.35,425.48,198.83,67.99,1,-1,-1,-1
182,2,1440.78,529.06,324.22,306.73,1,-1,-1,-1
183,1,1882.59,425.37,198.53,68.07,1,-1,-1,-1
183,2,1446.35,534.11,324.52,304.82,1,-1,-1,-1
184,1,1882.54,425.23,198.52,68.25,1,-1,-1,-1
184,2,1451.73,539.95,324.40,302.52,1,-1,-1,-1
185,1,1882.43,425.05,198.69,68.48,1,-1,-1,-1
185,2,1454.35,544.10,328.42,303.85,1,-1,-1,-1
186,1,1882.31,424.89,198.82,68.71,1,-1,-1,-1
186,2,1454.37,545.23,337.94,310.60,1,-1,-1,-1
187,1,1882.41,424.85,198.50,68.76,1,-1,-1,-1
187,2,1453.71,544.11,349.76,320.03,1,-1,-1,-1
188,1,1882.83,424.96,197.62,68.58,1,-1,-1,-1
188,2,1455.01,543.88,359.47,328.03,1,-1,-1,-1
188,9,1304.67,1215.27,1134.15,690.44,1,-1,-1,-1
189,1,1883.20,424.97,197.09,68.50,1,-1,-1,-1
189,2,1456.76,544.59,367.36,334.96,1,-1,-1,-1
189,9,1153.81,1172.49,1213.88,732.04,1,-1,-1,-1
190,1,1883.12,424.83,197.27,68.74,1,-1,-1,-1
190,2,1459.97,547.08,373.66,340.55,1,-1,-1,-1
190,9,1049.22,1143.96,1267.11,755.87,1,-1,-1,-1
191,1,1882.63,424.61,197.86,69.19,1,-1,-1,-1
191,2,1462.77,549.24,380.19,346.60,1,-1,-1,-1
191,9,877.58,1117.17,1309.34,773.39,1,-1,-1,-1
192,1,1881.93,424.36,198.54,69.75,1,-1,-1,-1
192,2,1465.87,552.49,385.09,350.96,1,-1,-1,-1
192,9,677.86,1088.82,1341.77,789.22,1,-1,-1,-1
193,1,1881.57,424.11,198.86,70.20,1,-1,-1,-1
193,2,1467.36,555.47,391.17,356.43,1,-1,-1,-1
193,9,604.43,1046.73,1307.35,759.37,1,-1,-1,-1
194,1,1881.44,423.87,199.05,70.61,1,-1,-1,-1
194,2,1468.94,559.70,395.64,360.02,1,-1,-1,-1
194,9,464.00,1016.33,1264.53,723.68,1,-1,-1,-1
195,1,1881.57,423.72,198.87,70.87,1,-1,-1,-1
195,2,1468.68,562.83,400.91,364.31,1,-1,-1,-1
195,9,293.61,982.05,1243.68,704.00,1,-1,-1,-1
196,1,1882.00,423.75,198.14,70.89,1,-1,-1,-1
196,2,1474.68,566.39,405.87,367.90,1,-1,-1,-1
196,9,117.68,955.46,1225.93,690.59,1,-1,-1,-1
197,1,1882.57,423.82,197.14,70.76,1,-1,-1,-1
197,2,1474.87,566.79,412.88,374.38,1,-1,-1,-1
197,9,113.19,946.21,1037.81,573.60,1,-1,-1,-1
198,1,1883.15,423.92,196.10,70.58,1,-1,-1,-1
198,2,1474.18,565.85,418.10,379.79,1,-1,-1,-1
198,9,6.80,917.96,1005.06,554.89,1,-1,-1,-1
199,1,1883.56,423.99,195.25,70.46,1,-1,-1,-1
199,2,1472.43,563.60,424.08,386.46,1,-1,-1,-1
199,9,-61.87,883.57,986.02,551.04,1,-1,-1,-1
200,1,1884.54,424.06,194.02,70.17,1,-1,-1,-1
200,2,1472.54,562.63,426.48,389.63,1,-1,-1,-1
200,9,-145.99,849.73,950.49,547.52,1,-1,-1,-1
201,1,1885.73,424.10,192.60,69.80,1,-1,-1,-1
201,2,1473.01,562.50,427.90,391.67,1,-1,-1,-1
201,9,-176.68,829.37,889.04,529.58,1,-1,-1,-1
202,1,1886.94,424.05,191.31,69.45,1,-1,-1,-1
202,2,1484.08,578.95,414.48,376.83,1,-1,-1,-1
202,9,-259.91,783.83,932.24,585.13,1,-1,-1,-1
203,1,1887.35,424.00,190.75,69.36,1,-1,-1,-1
203,2,1486.10,584.16,413.47,373.60,1,-1,-1,-1
203,9,-334.01,709.84,946.50,635.83,1,-1,-1,-1
204,1,1887.23,423.82,190.89,69.55,1,-1,-1,-1
204,2,1484.79,584.85,417.29,374.82,1,-1,-1,-1
204,9,-283.91,744.40,744.71,535.37,1,-1,-1,-1
204,10,2360.39,467.10,137.38,54.35,1,-1,-1,-1
205,1,1887.08,423.65,191.03,69.76,1,-1,-1,-1
205,2,1483.27,583.85,422.74,378.01,1,-1,-1,-1
205,9,-369.53,715.62,735.22,528.56,1,-1,-1,-1
205,10,2360.18,467.21,137.29,54.30,1,-1,-1,-1
206,1,1887.05,423.46,191.06,69.95,1,-1,-1,-1
206,2,1485.16,584.93,424.05,377.32,1,-1,-1,-1
206,10,2359.95,467.38,137.26,54.26,1,-1,-1,-1
207,1,1887.34,423.53,190.30,69.80,1,-1,-1,-1
207,2,1488.13,586.44,423.93,375.42,1,-1,-1,-1
207,10,2359.84,467.39,137.48,54.32,1,-1,-1,-1
208,1,1887.64,423.70,189.30,69.52,1,-1,-1,-1
208,2,1487.95,586.09,426.37,376.17,1,-1,-1,-1
208,10,2359.60,467.25,138.08,54.54,1,-1,-1,-1
209,1,1887.80,423.94,188.11,69.16,1,-1,-1,-1
209,2,1486.61,584.65,430.20,378.63,1,-1,-1,-1
209,10,2359.46,467.04,138.65,54.77,1,-1,-1,-1
210,1,1888.27,424.06,187.70,68.98,1,-1,-1,-1
210,2,1486.27,584.06,432.24,379.73,1,-1,-1,-1
210,10,2359.32,467.03,138.82,54.83,1,-1,-1,-1
211,1,1888.61,424.05,188.10,69.02,1,-1,-1,-1
211,2,1486.89,584.23,432.67,379.30,1,-1,-1,-1
212,1,1888.83,423.89,189.20,69.24,1,-1,-1,-1
212,2,1488.14,585.14,431.43,377.10,1,-1,-1,-1
213,1,1888.64,423.71,190.15,69.44,1,-1,-1,-1
213,2,1488.51,585.69,430.83,375.34,1,-1,-1,-1
214,1,1888.39,423.57,190.88,69.58,1,-1,-1,-1
214,2,1488.57,586.12,430.59,373.94,1,-1,-1,-1
215,1,1888.20,423.53,191.33,69.63,1,-1,-1,-1
215,2,1487.96,586.30,430.96,373.25,1,-1,-1,-1
216,1,1887.84,423.49,192.05,69.81,1,-1,-1,-1
216,2,1487.54,586.57,431.25,372.57,1,-1,-1,-1
217,1,1887.53,423.50,192.67,69.98,1,-1,-1,-1
217,2,1487.12,586.87,431.51,371.91,1,-1,-1,-1
218,1,1887.20,423.46,193.33,70.20,1,-1,-1,-1
218,2,1486.74,587.04,432.05,371.49,1,-1,-1,-1
219,1,1887.03,423.45,193.64,70.29,1,-1,-1,-1
219,2,1486.25,587.01,432.92,371.38,1,-1,-1,-1
220,1,1886.93,423.62,193.00,70.06,1,-1,-1,-1
220,2,1485.95,586.97,433.87,371.34,1,-1,-1,-1
221,1,1886.83,423.80,192.04,69.70,1,-1,-1,-1
221,2,1485.82,587.02,434.75,371.20,1,-1,-1,-1
222,1,1886.76,423.98,190.94,69.30,1,-1,-1,-1
222,2,1485.59,587.10,435.69,371.12,1,-1,-1,-1
223,1,1886.66,423.94,190.69,69.21,1,-1,-1,-1
223,2,1484.91,586.91,436.96,371.44,1,-1,-1,-1
224,1,1886.66,423.90,190.62,69.19,1,-1,-1,-1
224,2,1483.98,586.54,438.40,372.04,1,-1,-1,-1
225,1,1886.65,423.86,190.64,69.21,1,-1,-1,-1
225,2,1483.13,586.13,439.73,372.68,1,-1,-1,-1
226,1,1886.66,423.82,190.67,69.24,1,-1,-1,-1
226,2,1482.77,586.05,440.33,372.72,1,-1,-1,-1
227,1,1886.65,423.78,190.75,69.30,1,-1,-1,-1
227,2,1482.72,586.13,440.61,372.50,1,-1,-1,-1
228,1,1886.71,423.70,190.64,69.30,1,-1,-1,-1
228,2,1482.36,586.07,441.11,372.51,1,-1,-1,-1
229,1,1886.78,423.62,190.43,69.28,1,-1,-1,-1
229,2,1481.75,585.83,441.90,372.87,1,-1,-1,-1
230,1,1886.76,423.56,190.62,69.37,1,-1,-1,-1
230,2,1481.80,585.69,442.58,373.33,1,-1,-1,-1
231,1,1886.57,423.50,191.25,69.58,1,-1,-1,-1
231,2,1482.63,585.84,442.62,373.34,1,-1,-1,-1
232,1,1886.31,423.45,192.08,69.82,1,-1,-1,-1
232,2,1483.79,586.15,442.28,373.14,1,-1,-1,-1
232,10,2360.19,466.90,139.68,55.59,1,-1,-1,-1
233,1,1886.14,423.43,192.45,69.91,1,-1,-1,-1
233,2,1484.52,586.52,441.67,372.66,1,-1,-1,-1
233,10,2360.61,466.86,139.00,55.60,1,-1,-1,-1
234,1,1886.03,423.47,192.58,69.91,1,-1,-1,-1
234,2,1485.00,586.72,441.25,372.33,1,-1,-1,-1
234,10,2360.97,466.86,138.47,55.59,1,-1,-1,-1
235,1,1885.94,423.52,192.60,69.89,1,-1,-1,-1
235,2,1485.47,586.92,440.84,371.97,1,-1,-1,-1
235,10,2361.24,466.87,138.05,55.57,1,-1,-1,-1
236,1,1885.83,423.55,192.69,69.90,1,-1,-1,-1
236,2,1485.67,586.97,440.71,371.83,1,-1,-1,-1
236,10,2361.42,466.88,137.72,55.57,1,-1,-1,-1
237,1,1885.81,423.58,192.73,69.90,1,-1,-1,-1
237,2,1485.55,586.91,440.81,371.89,1,-1,-1,-1
237,10,2361.54,466.87,137.51,55.58,1,-1,-1,-1
238,1,1885.81,423.60,192.75,69.90,1,-1,-1,-1
238,2,1485.14,586.79,441.02,372.06,1,-1,-1,-1
238,10,2361.57,466.87,137.55,55.60,1,-1,-1,-1
239,1,1885.84,423.62,192.72,69.87,1,-1,-1,-1
239,2,1484.74,586.74,441.12,372.14,1,-1,-1,-1
240,1,1886.73,423.70,191.75,69.51,1,-1,-1,-1
240,2,1484.17,587.01,440.68,371.64,1,-1,-1,-1
241,1,1887.95,423.83,190.34,68.98,1,-1,-1,-1
241,2,1483.63,587.37,440.14,370.92,1,-1,-1,-1
242,1,1889.20,423.97,188.86,68.40,1,-1,-1,-1
242,2,1483.28,587.89,439.42,369.91,1,-1,-1,-1
243,1,1889.62,424.03,188.31,68.16,1,-1,-1,-1
243,2,1483.28,588.25,439.07,369.18,1,-1,-1,-1
244,1,1889.70,424.05,188.23,68.09,1,-1,-1,-1
244,2,1483.36,588.51,438.97,368.65,1,-1,-1,-1
245,1,1889.78,424.08,188.22,68.05,1,-1,-1,-1
245,2,1483.14,588.55,439.35,368.54,1,-1,-1,-1
246,1,1889.79,424.09,188.29,68.04,1,-1,-1,-1
246,2,1482.69,588.42,440.06,368.79,1,-1,-1,-1
246,10,2363.50,467.56,134.74,54.48,1,-1,-1,-1
247,1,1889.79,424.09,188.29,68.01,1,-1,-1,-1
247,2,1482.07,588.18,440.96,369.26,1,-1,-1,-1
247,10,2363.54,467.60,134.63,54.44,1,-1,-1,-1
248,1,1889.72,424.06,188.29,67.99,1,-1,-1,-1
248,2,1481.48,587.92,441.84,369.77,1,-1,-1,-1
248,10,2363.50,467.64,134.64,54.43,1,-1,-1,-1
249,1,1889.65,424.03,188.29,67.97,1,-1,-1,-1
249,2,1481.25,587.85,442.27,369.88,1,-1,-1,-1
249,10,2363.47,467.67,134.68,54.43,1,-1,-1,-1
250,1,1889.59,424.02,188.30,67.95,1,-1,-1,-1
250,2,1481.18,587.93,442.37,369.67,1,-1,-1,-1
250,10,2363.45,467.69,134.72,54.43,1,-1,-1,-1
251,1,1889.63,424.03,188.18,67.90,1,-1,-1,-1
251,2,1481.20,588.14,442.23,369.19,1,-1,-1,-1
251,10,2363.52,467.70,134.63,54.37,1,-1,-1,-1
252,1,1889.75,424.05,187.95,67.81,1,-1,-1,-1
252,2,1480.96,588.27,442.31,368.86,1,-1,-1,-1
252,10,2363.61,467.74,134.50,54.32,1,-1,-1,-1
253,1,1889.84,424.05,187.78,67.76,1,-1,-1,-1
253,2,1480.61,588.30,442.57,368.73,1,-1,-1,-1
254,1,1889.88,424.03,187.72,67.74,1,-1,-1,-1
254,2,1480.20,588.25,442.98,368.81,1,-1,-1,-1
255,1,1889.83,424.01,187.80,67.77,1,-1,-1,-1
255,2,1479.99,588.28,443.24,368.80,1,-1,-1,-1
255,10,2363.81,467.83,134.24,54.22,1,-1,-1,-1
256,1,1889.79,424.00,187.87,67.80,1,-1,-1,-1
256,2,1480.04,588.42,443.23,368.57,1,-1,-1,-1
256,10,2363.82,467.83,134.21,54.21,1,-1,-1,-1
257,1,1889.73,423.99,187.97,67.85,1,-1,-1,-1
257,2,1480.24,588.66,443.04,368.21,1,-1,-1,-1
257,10,2363.90,467.86,134.10,54.17,1,-1,-1,-1
258,1,1889.70,423.97,188.05,67.88,1,-1,-1,-1
258,2,1480.51,588.93,442.77,367.76,1,-1,-1,-1
259,1,1889.66,423.98,188.11,67.90,1,-1,-1,-1
259,2,1480.73,589.19,442.54,367.33,1,-1,-1,-1
260,1,1889.60,423.98,188.20,67.94,1,-1,-1,-1
260,2,1480.97,589.41,442.26,366.84,1,-1,-1,-1
261,1,1889.51,423.94,188.32,68.00,1,-1,-1,-1
261,2,1481.06,589.45,442.16,366.50,1,-1,-1,-1
262,1,1888.66,423.84,188.98,68.31,1,-1,-1,-1
262,2,1481.38,589.31,442.47,366.65,1,-1,-1,-1
263,1,1887.55,423.72,189.80,68.69,1,-1,-1,-1
263,2,1481.05,588.46,444.56,368.58,1,-1,-1,-1
264,1,1886.40,423.72,190.44,68.99,1,-1,-1,-1
264,2,1480.74,588.83,443.81,368.20,1,-1,-1,-1
265,1,1886.16,423.89,190.12,68.88,1,-1,-1,-1
265,2,1483.28,577.53,435.33,362.27,1,-1,-1,-1
266,1,1886.31,424.22,189.45,68.59,1,-1,-1,-1
266,2,1498.35,578.14,409.39,339.30,1,-1,-1,-1
266,12,1468.12,904.71,848.52,475.58,1,-1,-1,-1
267,1,1886.46,424.36,189.16,68.47,1,-1,-1,-1
267,2,1508.31,578.84,398.51,328.90,1,-1,-1,-1
267,12,1012.90,888.99,796.61,439.53,1,-1,-1,-1
268,1,1886.42,424.30,189.51,68.63,1,-1,-1,-1
268,2,1499.61,574.40,417.00,345.01,1,-1,-1,-1
268,12,852.99,883.78,796.14,427.43,1,-1,-1,-1
269,1,1886.33,424.14,189.95,68.86,1,-1,-1,-1
269,2,1489.93,583.15,436.84,362.20,1,-1,-1,-1
269,12,378.17,809.65,814.87,430.58,1,-1,-1,-1
270,1,1886.35,424.13,190.04,68.94,1,-1,-1,-1
270,2,1485.35,586.14,443.12,368.21,1,-1,-1,-1
270,12,77.73,771.76,858.85,452.45,1,-1,-1,-1
271,1,1886.47,424.19,189.84,68.89,1,-1,-1,-1
271,2,1483.60,587.36,445.24,370.64,1,-1,-1,-1
271,12,-58.67,736.22,926.85,490.18,1,-1,-1,-1
272,1,1887.06,424.46,189.25,68.64,1,-1,-1,-1
272,2,1484.54,588.76,443.90,369.95,1,-1,-1,-1
272,12,-196.27,701.99,941.42,511.64,1,-1,-1,-1
273,1,1887.75,424.77,188.66,68.33,1,-1,-1,-1
273,2,1486.02,589.92,441.90,368.46,1,-1,-1,-1
273,12,-217.95,690.81,883.37,491.92,1,-1,-1,-1
274,1,1888.48,425.12,188.07,67.95,1,-1,-1,-1
274,2,1487.58,590.89,439.82,366.72,1,-1,-1,-1
274,12,-423.49,664.07,887.70,494.33,1,-1,-1,-1
275,1,1888.66,425.25,188.03,67.79,1,-1,-1,-1
275,2,1487.99,591.14,439.24,366.21,1,-1,-1,-1
276,1,1888.71,425.17,188.60,67.87,1,-1,-1,-1
276,2,1488.00,591.16,439.04,366.05,1,-1,-1,-1
277,1,1888.69,425.02,189.41,68.07,1,-1,-1,-1
277,2,1487.98,591.17,438.88,365.97,1,-1,-1,-1
278,1,1888.69,424.82,190.27,68.31,1,-1,-1,-1
278,2,1487.94,591.19,438.73,365.93,1,-1,-1,-1
279,1,1888.63,424.74,190.72,68.41,1,-1,-1,-1
279,2,1488.01,591.23,438.57,365.87,1,-1,-1,-1
280,1,1888.56,424.70,191.00,68.46,1,-1,-1,-1
280,2,1488.05,591.21,438.51,365.85,1,-1,-1,-1
281,1,1888.49,424.69,191.19,68.48,1,-1,-1,-1
281,2,1488.04,591.09,438.61,365.97,1,-1,-1,-1
282,1,1888.08,424.41,192.10,68.75,1,-1,-1,-1
282,2,1487.10,590.50,439.44,366.77,1,-1,-1,-1
283,1,1887.56,424.05,193.26,69.12,1,-1,-1,-1
283,2,1485.72,589.71,440.57,367.91,1,-1,-1,-1
284,1,1887.03,423.68,194.42,69.49,1,-1,-1,-1
284,2,1484.19,588.80,441.89,369.32,1,-1,-1,-1
285,1,1886.86,423.58,194.79,69.57,1,-1,-1,-1
285,2,1483.48,588.26,442.55,370.23,1,-1,-1,-1
286,1,1886.77,423.55,194.97,69.60,1,-1,-1,-1
286,2,1483.28,587.92,442.80,370.80,1,-1,-1,-1
287,1,1886.72,423.53,195.20,69.63,1,-1,-1,-1
287,2,1483.33,587.78,442.64,370.97,1,-1,-1,-1
288,1,1886.67,423.49,195.42,69.65,1,-1,-1,-1
288,2,1483.37,587.73,442.37,370.95,1,-1,-1,-1
289,1,1886.66,423.46,195.55,69.62,1,-1,-1,-1
289,2,1483.44,587.77,442.03,370.78,1,-1,-1,-1
290,1,1886.61,423.45,195.65,69.57,1,-1,-1,-1
290,2,1483.53,587.87,441.70,370.57,1,-1,-1,-1
291,1,1886.54,423.46,195.74,69.52,1,-1,-1,-1
291,2,1483.61,587.95,441.40,370.38,1,-1,-1,-1
292,1,1886.47,423.48,195.84,69.47,1,-1,-1,-1
292,2,1483.71,588.07,441.04,370.14,1,-1,-1,-1
293,1,1886.42,423.53,195.89,69.42,1,-1,-1,-1
293,2,1483.74,588.14,440.76,369.99,1,-1,-1,-1
294,1,1886.35,423.55,196.00,69.39,1,-1,-1,-1
294,2,1483.96,588.27,440.40,369.74,1,-1,-1,-1
295,1,1886.29,423.57,196.11,69.37,1,-1,-1,-1
295,2,1484.30,588.45,440.00,369.41,1,-1,-1,-1
296,1,1886.22,423.58,196.23,69.36,1,-1,-1,-1
296,2,1484.66,588.63,439.65,369.09,1,-1,-1,-1
297,1,1886.16,423.58,196.36,69.36,1,-1,-1,-1
297,2,1484.93,588.77,439.44,368.87,1,-1,-1,-1
298,1,1886.11,423.58,196.46,69.35,1,-1,-1,-1
298,2,1484.80,588.77,439.49,368.88,1,-1,-1,-1
299,1,1886.04,423.58,196.58,69.35,1,-1,-1,-1
299,2,1484.59,588.75,439.57,368.95,1,-1,-1,-1
300,1,1885.95,423.57,196.72,69.36,1,-1,-1,-1
300,2,1484.31,588.72,439.67,369.07,1,-1,-1,-1
301,1,1885.84,423.56,196.89,69.38,1,-1,-1,-1
301,2,1484.21,588.70,439.78,369.22,1,-1,-1,-1
302,1,1885.73,423.54,197.04,69.41,1,-1,-1,-1
302,2,1484.44,588.86,439.59,369.07,1,-1,-1,-1
303,1,1885.66,423.54,197.16,69.42,1,-1,-1,-1
303,2,1484.68,589.06,439.30,368.77,1,-1,-1,-1
304,1,1885.62,423.55,197.22,69.41,1,-1,-1,-1
304,2,1484.88,589.30,438.92,368.34,1,-1,-1,-1
305,1,1885.58,423.56,197.28,69.41,1,-1,-1,-1
305,2,1484.85,589.42,438.78,368.09,1,-1,-1,-1
306,1,1885.53,423.55,197.37,69.42,1,-1,-1,-1
306,2,1484.69,589.41,438.87,368.09,1,-1,-1,-1
307,1,1885.47,423.54,197.48,69.44,1,-1,-1,-1
307,2,1484.47,589.30,439.14,368.29,1,-1,-1,-1
308,1,1885.42,423.53,197.57,69.46,1,-1,-1,-1
308,2,1484.28,589.18,439.39,368.51,1,-1,-1,-1
309,1,1885.38,423.52,197.65,69.47,1,-1,-1,-1
309,2,1484.33,589.19,439.42,368.55,1,-1,-1,-1
310,1,1885.34,423.51,197.72,69.49,1,-1,-1,-1
310,2,1484.65,589.36,439.14,368.32,1,-1,-1,-1
311,1,1885.38,423.53,197.67,69.45,1,-1,-1,-1
311,2,1485.01,589.54,438.84,368.04,1,-1,-1,-1
312,1,1885.46,423.57,197.55,69.38,1,-1,-1,-1
312,2,1485.40,589.70,438.56,367.77,1,-1,-1,-1
313,1,1885.48,423.57,197.53,69.34,1,-1,-1,-1
313,2,1485.68,589.78,438.41,367.62,1,-1,-1,-1
314,1,1885.40,423.52,197.70,69.38,1,-1,-1,-1
314,2,1486.01,589.99,438.07,367.28,1,-1,-1,-1
315,1,1885.27,423.44,197.96,69.45,1,-1,-1,-1
315,2,1486.24,590.16,437.83,367.02,1,-1,-1,-1
316,1,1885.90,423.82,196.55,68.91,1,-1,-1,-1
316,2,1485.47,589.58,438.78,367.70,1,-1,-1,-1
317,1,1886.80,424.40,194.45,68.10,1,-1,-1,-1
317,2,1483.94,588.35,440.74,369.21,1,-1,-1,-1
318,1,1887.60,425.00,192.32,67.28,1,-1,-1,-1
318,2,1482.26,587.04,442.69,370.54,1,-1,-1,-1
319,1,1887.58,425.13,191.87,67.09,1,-1,-1,-1
319,2,1480.61,585.94,444.62,371.89,1,-1,-1,-1
320,1,1886.98,424.92,192.54,67.35,1,-1,-1,-1
320,2,1479.03,585.00,446.67,373.49,1,-1,-1,-1
321,1,1886.51,424.75,193.03,67.57,1,-1,-1,-1
321,2,1477.83,584.46,448.31,374.91,1,-1,-1,-1
321,13,857.30,1141.13,1275.64,757.45,1,-1,-1,-1
322,1,1886.38,424.72,193.14,67.64,1,-1,-1,-1
322,2,1478.22,584.91,447.81,374.49,1,-1,-1,-1
322,13,1238.34,1177.28,1214.61,717.00,1,-1,-1,-1
323,1,1886.49,424.67,193.34,67.74,1,-1,-1,-1
323,2,1480.65,586.80,444.22,371.15,1,-1,-1,-1
323,13,1586.21,1265.11,1009.96,598.59,1,-1,-1,-1
324,1,1886.38,424.57,194.05,68.01,1,-1,-1,-1
324,2,1483.46,588.91,440.39,367.40,1,-1,-1,-1
324,13,1629.01,1278.53,1020.26,609.38,1,-1,-1,-1
325,1,1885.70,424.32,195.51,68.57,1,-1,-1,-1
325,2,1485.44,590.37,438.12,365.00,1,-1,-1,-1
325,13,1801.34,1290.93,935.30,570.33,1,-1,-1,-1
326,1,1886.00,424.50,195.26,68.43,1,-1,-1,-1
326,2,1486.15,590.78,438.07,364.51,1,-1,-1,-1
326,13,2029.36,1319.35,875.99,534.16,1,-1,-1,-1
327,1,1886.75,424.76,194.51,68.04,1,-1,-1,-1
327,2,1486.17,590.60,438.94,364.91,1,-1,-1,-1
328,1,1887.89,425.01,193.45,67.48,1,-1,-1,-1
328,2,1485.86,590.24,439.74,365.17,1,-1,-1,-1
329,1,1888.15,424.99,193.61,67.38,1,-1,-1,-1
329,2,1484.97,589.71,440.78,365.69,1,-1,-1,-1
330,1,1888.14,424.89,194.01,67.40,1,-1,-1,-1
330,2,1483.80,589.30,441.62,366.08,1,-1,-1,-1
331,1,1888.15,424.91,194.07,67.31,1,-1,-1,-1
331,2,1483.54,589.41,441.77,366.00,1,-1,-1,-1
332,1,1888.07,424.93,194.09,67.23,1,-1,-1,-1
332,2,1484.33,590.00,440.96,365.24,1,-1,-1,-1
333,1,1887.98,424.94,194.11,67.20,1,-1,-1,-1
333,2,1485.66,590.41,440.17,364.64,1,-1,-1,-1
334,1,1887.43,424.91,194.55,67.38,1,-1,-1,-1
334,2,1487.13,590.88,439.04,363.92,1,-1,-1,-1
335,1,1886.93,424.91,194.85,67.55,1,-1,-1,-1
335,2,1487.16,590.48,439.40,364.73,1,-1,-1,-1
336,1,1886.53,425.08,195.02,67.62,1,-1,-1,-1
336,2,1485.74,589.47,441.39,367.11,1,-1,-1,-1
337,1,1886.47,425.27,195.05,67.59,1,-1,-1,-1
337,2,1483.07,587.79,444.68,370.71,1,-1,-1,-1
338,1,1886.33,425.42,195.25,67.58,1,-1,-1,-1
338,2,1481.05,586.55,447.18,373.59,1,-1,-1,-1
339,1,1886.10,425.41,195.58,67.65,1,-1,-1,-1
339,2,1480.39,586.08,447.65,374.73,1,-1,-1,-1
340,1,1885.90,425.39,195.80,67.70,1,-1,-1,-1
340,2,1480.71,586.17,446.88,374.72,1,-1,-1,-1
341,1,1885.79,425.38,195.92,67.71,1,-1,-1,-1
341,2,1481.31,586.40,445.75,374.31,1,-1,-1,-1
342,1,1885.68,425.37,196.06,67.73,1,-1,-1,-1
342,2,1482.07,586.70,444.58,373.74,1,-1,-1,-1
343,1,1885.49,425.34,196.24,67.77,1,-1,-1,-1
343,2,1482.67,586.91,443.66,373.37,1,-1,-1,-1
344,1,1885.14,425.25,196.67,67.89,1,-1,-1,-1
344,2,1483.22,587.10,442.83,373.05,1,-1,-1,-1
345,1,1884.76,425.13,197.18,68.02,1,-1,-1,-1
345,2,1483.72,587.27,442.05,372.77,1,-1,-1,-1
346,1,1884.28,424.69,198.58,68.56,1,-1,-1,-1
346,2,1483.23,586.84,442.63,373.63,1,-1,-1,-1
347,1,1883.94,424.17,200.06,69.19,1,-1,-1,-1
347,2,1482.26,586.05,444.01,375.17,1,-1,-1,-1
348,1,1883.92,423.63,201.13,69.78,1,-1,-1,-1
348,2,1480.85,585.12,445.66,376.82,1,-1,-1,-1
349,1,1884.27,423.40,200.98,69.95,1,-1,-1,-1
349,2,1480.23,584.77,446.15,377.34,1,-1,-1,-1
350,1,1884.78,423.32,200.27,69.92,1,-1,-1,-1
350,2,1479.93,584.72,446.14,377.29,1,-1,-1,-1
351,1,1885.07,423.27,199.79,69.95,1,-1,-1,-1
351,2,1480.20,584.90,445.71,376.82,1,-1,-1,-1
352,1,1885.30,423.23,199.35,69.99,1,-1,-1,-1
352,2,1480.77,585.33,444.78,375.82,1,-1,-1,-1
353,1,1885.39,423.16,199.03,70.09,1,-1,-1,-1
353,2,1481.22,585.74,443.84,374.82,1,-1,-1,-1
354,1,1885.42,423.12,198.67,70.16,1,-1,-1,-1
354,2,1480.29,585.29,444.81,375.59,1,-1,-1,-1
355,1,1885.36,423.10,198.32,70.21,1,-1,-1,-1
355,2,1480.08,585.25,445.98,376.48,1,-1,-1,-1
356,1,1885.40,423.18,197.47,70.00,1,-1,-1,-1
356,2,1483.35,587.72,441.67,371.70,1,-1,-1,-1
357,1,1885.47,423.36,196.52,69.72,1,-1,-1,-1
357,2,1485.98,589.77,439.35,368.52,1,-1,-1,-1
358,1,1885.48,423.50,195.82,69.52,1,-1,-1,-1
358,2,1487.56,591.41,436.33,364.81,1,-1,-1,-1
358,15,1207.19,957.37,985.48,401.89,1,-1,-1,-1
359,1,1885.38,423.53,195.78,69.59,1,-1,-1,-1
359,2,1483.53,589.12,441.28,368.99,1,-1,-1,-1
359,15,716.96,910.38,998.66,405.70,1,-1,-1,-1
360,1,1885.42,423.49,195.72,69.64,1,-1,-1,-1
360,2,1481.26,587.62,442.70,370.34,1,-1,-1,-1
360,15,542.72,896.72,1004.28,401.84,1,-1,-1,-1
361,1,1885.67,423.55,195.38,69.56,1,-1,-1,-1
361,2,1479.70,586.06,444.64,372.39,1,-1,-1,-1
361,15,105.27,869.89,1028.14,413.66,1,-1,-1,-1
362,1,1886.01,423.65,194.92,69.40,1,-1,-1,-1
362,2,1480.82,586.23,443.56,371.81,1,-1,-1,-1
362,15,-96.77,808.49,1092.45,444.99,1,-1,-1,-1
363,1,1886.26,423.75,194.58,69.27,1,-1,-1,-1
363,2,1481.99,586.77,442.32,371.04,1,-1,-1,-1
363,15,-179.09,764.65,1110.93,459.97,1,-1,-1,-1
364,1,1886.35,423.78,194.48,69.23,1,-1,-1,-1
364,2,1482.61,587.09,441.55,370.60,1,-1,-1,-1
364,15,-285.87,734.47,1086.80,466.46,1,-1,-1,-1
365,1,1886.40,423.79,194.41,69.20,1,-1,-1,-1
365,2,1482.85,587.17,441.24,370.51,1,-1,-1,-1
365,15,-502.28,703.42,1107.75,475.45,1,-1,-1,-1
366,1,1886.70,424.05,193.86,68.95,1,-1,-1,-1
366,2,1482.32,586.93,441.80,371.03,1,-1,-1,-1
367,1,1886.99,424.39,193.27,68.65,1,-1,-1,-1
367,2,1481.41,586.60,442.74,371.80,1,-1,-1,-1
368,1,1887.39,424.83,192.44,68.20,1,-1,-1,-1
368,2,1480.31,586.21,443.90,372.72,1,-1,-1,-1
369,1,1887.55,425.05,192.15,67.93,1,-1,-1,-1
369,2,1479.71,586.03,444.51,373.22,1,-1,-1,-1
370,1,1887.64,425.18,192.01,67.73,1,-1,-1,-1
370,2,1479.44,585.96,444.78,373.44,1,-1,-1,-1
371,1,1887.57,425.21,192.20,67.66,1,-1,-1,-1
371,2,1479.47,586.14,444.57,373.19,1,-1,-1,-1
372,1,1887.12,425.12,192.84,67.80,1,-1,-1,-1
372,2,1480.04,586.62,443.93,372.50,1,-1,-1,-1
373,1,1886.61,425.02,193.53,68.01,1,-1,-1,-1
373,2,1480.59,587.09,443.37,371.84,1,-1,-1,-1
374,1,1886.13,424.91,194.17,68.23,1,-1,-1,-1
374,2,1481.02,587.42,443.13,371.46,1,-1,-1,-1
375,1,1885.95,424.87,194.39,68.31,1,-1,-1,-1
375,2,1480.99,587.45,443.27,371.45,1,-1,-1,-1
376,1,1885.90,424.79,194.06,68.18,1,-1,-1,-1
376,2,1480.57,586.98,443.92,372.03,1,-1,-1,-1
377,1,1885.88,424.71,193.51,67.96,1,-1,-1,-1
377,2,1480.04,586.28,444.82,372.93,1,-1,-1,-1
378,1,1885.86,424.62,192.91,67.70,1,-1,-1,-1
378,2,1479.74,585.64,445.46,373.68,1,-1,-1,-1
379,1,1885.83,424.60,192.72,67.59,1,-1,-1,-1
379,2,1479.90,585.44,445.45,373.82,1,-1,-1,-1
380,1,1885.73,424.53,192.81,67.59,1,-1,-1,-1
380,2,1480.40,585.50,444.97,373.51,1,-1,-1,-1
381,1,1885.45,424.36,193.25,67.76,1,-1,-1,-1
381,2,1480.38,585.14,445.81,374.29,1,-1,-1,-1
382,1,1885.24,424.26,193.44,67.83,1,-1,-1,-1
382,2,1480.94,585.49,445.93,374.02,1,-1,-1,-1
383,1,1885.19,424.28,193.25,67.75,1,-1,-1,-1
383,2,1482.82,587.53,443.25,370.87,1,-1,-1,-1
383,17,1807.55,1012.15,529.14,405.52,1,-1,-1,-1
384,1,1885.25,424.27,193.11,67.71,1,-1,-1,-1
384,2,1484.11,589.16,442.96,369.81,1,-1,-1,-1
384,17,1616.82,999.32,542.59,401.40,1,-1,-1,-1
385,1,1885.06,424.05,193.64,67.99,1,-1,-1,-1
385,2,1483.03,589.00,445.46,371.96,1,-1,-1,-1
385,17,1134.38,966.76,563.05,397.56,1,-1,-1,-1
386,1,1885.62,424.07,193.74,68.14,1,-1,-1,-1
386,2,1480.41,586.56,451.30,377.26,1,-1,-1,-1
386,17,954.28,940.23,609.33,407.49,1,-1,-1,-1
387,1,1886.75,424.44,192.91,67.90,1,-1,-1,-1
387,2,1480.59,584.80,453.99,379.59,1,-1,-1,-1
387,17,492.38,894.89,626.48,409.20,1,-1,-1,-1
388,1,1888.23,425.06,191.49,67.34,1,-1,-1,-1
388,2,1484.05,585.79,454.44,378.83,1,-1,-1,-1
388,17,315.54,878.41,665.25,419.05,1,-1,-1,-1
389,1,1888.87,425.34,190.82,67.02,1,-1,-1,-1
389,2,1487.08,586.55,458.14,380.68,1,-1,-1,-1
389,17,114.96,807.21,691.22,427.23,1,-1,-1,-1
390,1,1889.13,425.43,190.56,66.85,1,-1,-1,-1
390,2,1490.62,590.62,459.80,380.27,1,-1,-1,-1
390,17,-51.74,763.21,689.87,430.36,1,-1,-1,-1
391,1,1889.10,425.41,190.71,66.85,1,-1,-1,-1
391,2,1494.91,594.20,463.89,381.70,1,-1,-1,-1
391,17,-269.83,733.62,690.39,430.68,1,-1,-1,-1
392,1,1889.08,425.46,190.78,66.81,1,-1,-1,-1
392,2,1501.26,598.66,468.37,383.19,1,-1,-1,-1
393,1,1888.92,425.51,191.08,66.86,1,-1,-1,-1
393,2,1505.91,599.63,478.61,390.07,1,-1,-1,-1
394,1,1888.95,425.59,190.96,66.74,1,-1,-1,-1
394,2,1509.03,599.49,489.60,398.20,1,-1,-1,-1
395,1,1888.85,425.59,190.90,66.66,1,-1,-1,-1
395,2,1500.74,598.24,515.39,425.13,1,-1,-1,-1
396,1,1888.81,425.73,190.13,66.27,1,-1,-1,-1
396,2,1517.84,605.74,521.75,433.77,1,-1,-1,-1
397,1,1888.63,425.96,189.25,65.79,1,-1,-1,-1
397,2,1539.49,619.98,516.42,429.96,1,-1,-1,-1
398,1,1888.23,426.18,188.92,65.46,1,-1,-1,-1
398,2,1566.87,632.13,512.41,423.78,1,-1,-1,-1
399,1,1887.79,426.27,189.14,65.32,1,-1,-1,-1
399,2,1597.27,637.23,518.07,423.38,1,-1,-1,-1
400,1,1887.29,426.30,189.74,65.30,1,-1,-1,-1
400,2,1621.25,654.20,535.67,426.24,1,-1,-1,-1
400,18,2363.02,467.92,135.38,54.80,1,-1,-1,-1
401,1,1887.05,426.45,189.72,65.01,1,-1,-1,-1
401,2,1644.66,666.66,554.76,427.37,1,-1,-1,-1
401,18,2363.01,467.93,135.29,54.76,1,-1,-1,-1
402,1,1886.91,426.63,189.83,64.72,1,-1,-1,-1
402,2,1683.48,675.45,580.63,436.52,1,-1,-1,-1
403,1,1886.57,426.60,190.90,64.78,1,-1,-1,-1
403,2,1707.37,681.34,613.34,448.58,1,-1,-1,-1
404,1,1886.21,426.43,192.57,65.11,1,-1,-1,-1
404,2,1733.49,686.37,649.93,463.31,1,-1,-1,-1
405,1,1885.85,426.17,194.49,65.60,1,-1,-1,-1
405,2,1755.24,692.33,691.92,482.94,1,-1,-1,-1
406,1,1885.65,426.04,195.73,65.91,1,-1,-1,-1
406,2,1772.17,703.09,723.90,497.61,1,-1,-1,-1
407,1,1885.72,426.08,196.03,65.91,1,-1,-1,-1
407,2,1779.90,711.43,748.66,511.24,1,-1,-1,-1
408,1,1885.91,426.05,196.25,65.93,1,-1,-1,-1
408,2,1814.60,721.19,744.55,510.11,1,-1,-1,-1
409,1,1886.33,425.98,196.18,65.88,1,-1,-1,-1
409,2,1831.75,723.15,761.55,530.20,1,-1,-1,-1
410,1,1886.35,425.71,196.71,66.11,1,-1,-1,-1
410,2,1853.90,722.84,773.28,552.09,1,-1,-1,-1
411,1,1885.62,425.46,197.69,66.58,1,-1,-1,-1
411,2,1885.25,723.54,770.31,567.94,1,-1,-1,-1
412,1,1884.84,425.22,198.58,67.04,1,-1,-1,-1
412,2,2000.95,785.89,607.48,449.72,1,-1,-1,-1
413,1,1884.37,425.15,198.77,67.23,1,-1,-1,-1
413,2,2073.30,823.53,520.70,390.77,1,-1,-1,-1
414,1,1884.64,425.25,197.89,66.94,1,-1,-1,-1
414,2,2106.23,837.14,510.12,382.84,1,-1,-1,-1
415,1,1885.15,425.53,196.67,66.46,1,-1,-1,-1
416,1,1885.73,425.82,196.01,66.17,1,-1,-1,-1
417,1,1886.13,426.05,195.92,66.12,1,-1,-1,-1
418,1,1886.32,426.16,196.18,66.23,1,-1,-1,-1
419,1,1886.51,426.27,196.10,66.21,1,-1,-1,-1
420,1,1886.47,426.40,195.90,66.15,1,-1,-1,-1
421,1,1886.62,426.67,195.05,65.84,1,-1,-1,-1
422,1,1886.51,426.80,194.51,65.66,1,-1,-1,-1
423,1,1886.62,426.90,193.69,65.39,1,-1,-1,-1
424,1,1886.44,426.73,193.74,65.48,1,-1,-1,-1
425,1,1886.62,426.71,193.30,65.37,1,-1,-1,-1
426,1,1887.47,426.79,192.66,65.06,1,-1,-1,-1
427,1,1888.57,427.04,191.69,64.47,1,-1,-1,-1
428,1,1889.34,427.23,191.31,64.01,1,-1,-1,-1
429,1,1889.32,427.32,191.65,63.81,1,-1,-1,-1
430,1,1889.00,427.35,192.29,63.76,1,-1,-1,-1
431,1,1888.62,427.38,192.93,63.75,1,-1,-1,-1
432,1,1888.00,427.19,194.01,63.94,1,-1,-1,-1
433,1,1887.30,426.90,195.22,64.25,1,-1,-1,-1
434,1,1886.67,426.60,196.34,64.56,1,-1,-1,-1
435,1,1886.35,426.49,196.93,64.69,1,-1,-1,-1
436,1,1885.58,426.50,197.50,64.82,1,-1,-1,-1
437,1,1884.58,426.49,198.17,65.02,1,-1,-1,-1
438,1,1883.62,426.51,198.71,65.18,1,-1,-1,-1
439,1,1883.27,426.50,198.94,65.23,1,-1,-1,-1
440,1,1883.17,426.52,198.98,65.22,1,-1,-1,-1
441,1,1883.06,426.51,199.13,65.26,1,-1,-1,-1
442,1,1882.97,426.48,199.29,65.30,1,-1,-1,-1
443,1,1882.92,426.44,199.45,65.35,1,-1,-1,-1
444,1,1882.82,426.38,199.64,65.40,1,-1,-1,-1
445,1,1882.63,426.27,199.96,65.51,1,-1,-1,-1
446,1,1882.40,426.14,200.29,65.64,1,-1,-1,-1
447,1,1882.28,426.08,200.47,65.72,1,-1,-1,-1
448,1,1882.27,426.07,200.46,65.73,1,-1,-1,-1
449,1,1882.29,426.07,200.42,65.74,1,-1,-1,-1
450,1,1882.33,426.06,200.39,65.74,1,-1,-1,-1
451,1,1882.36,426.05,200.37,65.74,1,-1,-1,-1
452,1,1882.39,426.05,200.32,65.74,1,-1,-1,-1
453,1,1882.45,426.03,200.30,65.74,1,-1,-1,-1
454,1,1882.50,426.01,200.26,65.75,1,-1,-1,-1
455,1,1882.58,425.99,200.26,65.75,1,-1,-1,-1
456,1,1882.55,425.97,200.42,65.82,1,-1,-1,-1
457,1,1882.49,425.94,200.68,65.94,1,-1,-1,-1
458,1,1882.42,425.90,200.94,66.06,1,-1,-1,-1
459,1,1882.45,425.89,200.96,66.09,1,-1,-1,-1
460,1,1882.51,425.89,200.85,66.08,1,-1,-1,-1
