1,2,1891.448,416.802,189.670,65.540,1,-1,-1,-1
1,1,1799.409,423.737,48.865,35.074,1,-1,-1,-1
2,2,1891.696,416.719,189.442,65.628,1,-1,-1,-1
2,1,1799.422,423.769,48.477,35.187,1,-1,-1,-1
3,2,1891.673,416.699,189.436,65.631,1,-1,-1,-1
3,1,1799.401,423.751,48.411,35.179,1,-1,-1,-1
4,2,1891.648,416.719,189.429,65.649,1,-1,-1,-1
4,1,1799.372,423.726,48.459,35.211,1,-1,-1,-1
5,2,1891.630,416.756,189.477,65.620,1,-1,-1,-1
5,1,1799.365,423.722,48.521,35.220,1,-1,-1,-1
6,2,1891.612,416.756,189.473,65.589,1,-1,-1,-1
6,1,1799.380,423.725,48.554,35.209,1,-1,-1,-1
7,1,1799.372,423.733,48.554,35.202,1,-1,-1,-1
7,2,1891.590,416.786,189.509,65.571,1,-1,-1,-1
8,2,1891.587,416.786,189.554,65.565,1,-1,-1,-1
8,1,1799.374,423.731,48.561,35.203,1,-1,-1,-1
9,1,1799.372,423.732,48.549,35.200,1,-1,-1,-1
9,2,1891.589,416.784,189.545,65.567,1,-1,-1,-1
10,1,1799.374,423.731,48.550,35.201,1,-1,-1,-1
10,2,1891.588,416.783,189.550,65.568,1,-1,-1,-1
11,2,1891.604,416.784,189.535,65.568,1,-1,-1,-1
11,1,1799.369,423.749,48.507,35.211,1,-1,-1,-1
12,2,1891.626,416.787,189.517,65.567,1,-1,-1,-1
12,1,1799.366,423.749,48.502,35.227,1,-1,-1,-1
13,2,1891.770,416.800,189.372,65.546,1,-1,-1,-1
13,1,1799.276,423.727,48.646,35.359,1,-1,-1,-1
14,1,1799.281,423.724,48.657,35.362,1,-1,-1,-1
14,2,1891.791,416.765,189.351,65.564,1,-1,-1,-1
15,1,1799.282,423.724,48.657,35.359,1,-1,-1,-1
15,2,1891.791,416.766,189.350,65.565,1,-1,-1,-1
16,2,1891.791,416.761,189.354,65.566,1,-1,-1,-1
16,1,1799.281,423.723,48.661,35.354,1,-1,-1,-1
17,2,1891.783,416.754,189.362,65.578,1,-1,-1,-1
17,1,1799.284,423.716,48.624,35.360,1,-1,-1,-1
18,2,1891.784,416.759,189.362,65.576,1,-1,-1,-1
18,1,1799.284,423.715,48.628,35.359,1,-1,-1,-1
19,2,1891.794,416.756,189.349,65.577,1,-1,-1,-1
19,1,1799.281,423.716,48.624,35.357,1,-1,-1,-1
20,2,1891.793,416.759,189.351,65.580,1,-1,-1,-1
20,1,1799.280,423.716,48.624,35.357,1,-1,-1,-1
21,2,1891.785,416.754,189.365,65.580,1,-1,-1,-1
21,1,1799.276,423.715,48.641,35.368,1,-1,-1,-1
22,2,1891.753,416.711,189.374,65.611,1,-1,-1,-1
22,1,1799.282,423.716,48.621,35.366,1,-1,-1,-1
23,2,1891.711,416.675,189.386,65.649,1,-1,-1,-1
23,1,1799.280,423.720,48.626,35.361,1,-1,-1,-1
24,2,1891.718,416.664,189.352,65.653,1,-1,-1,-1
24,1,1799.295,423.740,48.685,35.350,1,-1,-1,-1
25,2,1891.730,416.690,189.268,65.607,1,-1,-1,-1
25,1,1799.262,423.731,48.673,35.375,1,-1,-1,-1
26,2,1891.704,416.666,189.288,65.628,1,-1,-1,-1
26,1,1799.266,423.733,48.665,35.359,1,-1,-1,-1
27,1,1799.246,423.728,48.714,35.367,1,-1,-1,-1
27,2,1891.705,416.664,189.329,65.636,1,-1,-1,-1
28,2,1891.789,416.675,189.299,65.619,1,-1,-1,-1
28,1,1799.212,423.732,48.768,35.396,1,-1,-1,-1
29,2,1891.810,416.685,189.280,65.626,1,-1,-1,-1
29,1,1799.178,423.725,48.817,35.418,1,-1,-1,-1
30,2,1891.818,416.652,189.232,65.657,1,-1,-1,-1
30,1,1799.181,423.727,48.821,35.414,1,-1,-1,-1
31,2,1891.813,416.653,189.232,65.653,1,-1,-1,-1
31,1,1799.181,423.720,48.810,35.420,1,-1,-1,-1
32,2,1891.819,416.653,189.227,65.653,1,-1,-1,-1
32,1,1799.158,423.713,48.847,35.455,1,-1,-1,-1
33,2,1891.715,416.634,189.344,65.691,1,-1,-1,-1
33,1,1799.271,423.749,48.369,35.424,1,-1,-1,-1
34,1,1799.198,423.724,48.466,35.548,1,-1,-1,-1
34,2,1891.709,416.635,189.358,65.702,1,-1,-1,-1
35,1,1799.187,423.720,48.487,35.553,1,-1,-1,-1
35,2,1891.685,416.725,189.382,65.601,1,-1,-1,-1
36,1,1799.190,423.727,48.450,35.542,1,-1,-1,-1
36,2,1891.673,416.707,189.365,65.611,1,-1,-1,-1
37,1,1799.219,423.752,48.080,35.446,1,-1,-1,-1
37,2,1891.654,416.772,189.433,65.541,1,-1,-1,-1
37,3,2512.613,476.864,44.772,66.012,1,-1,-1,-1
38,3,2488.038,478.972,71.014,65.665,1,-1,-1,-1
38,2,1891.667,416.788,189.458,65.535,1,-1,-1,-1
38,1,1799.228,423.750,48.201,35.349,1,-1,-1,-1
39,3,2461.728,478.384,89.728,63.468,1,-1,-1,-1
39,1,1799.226,423.752,48.206,35.349,1,-1,-1,-1
39,2,1891.658,416.805,189.463,65.521,1,-1,-1,-1
40,3,2469.693,457.826,85.696,85.565,1,-1,-1,-1
40,1,1799.218,423.757,48.176,35.348,1,-1,-1,-1
40,2,1891.663,416.790,189.459,65.537,1,-1,-1,-1
41,3,2444.772,459.473,110.365,81.827,1,-1,-1,-1
41,1,1799.206,423.751,48.218,35.361,1,-1,-1,-1
41,2,1891.685,416.802,189.424,65.528,1,-1,-1,-1
42,1,1799.187,423.756,48.207,35.322,1,-1,-1,-1
42,3,2441.423,462.337,115.298,79.737,1,-1,-1,-1
42,2,1891.687,416.808,189.432,65.534,1,-1,-1,-1
43,1,1799.186,423.755,48.226,35.330,1,-1,-1,-1
43,2,1891.686,416.817,189.446,65.536,1,-1,-1,-1
44,1,1799.197,423.759,48.200,35.325,1,-1,-1,-1
44,2,1891.668,416.812,189.439,65.533,1,-1,-1,-1
45,1,1799.197,423.757,48.202,35.327,1,-1,-1,-1
45,2,1891.670,416.817,189.420,65.550,1,-1,-1,-1
46,4,2287.323,434.545,240.160,106.345,1,-1,-1,-1
46,1,1799.189,423.753,48.230,35.338,1,-1,-1,-1
46,2,1891.706,416.804,189.447,65.510,1,-1,-1,-1
47,1,1800.090,423.847,47.461,31.747,1,-1,-1,-1
47,4,2259.410,430.486,259.114,100.596,1,-1,-1,-1
47,2,1891.914,416.364,190.322,65.819,1,-1,-1,-1
48,4,2228.992,429.634,257.173,96.831,1,-1,-1,-1
48,1,1800.103,423.831,47.480,31.784,1,-1,-1,-1
48,2,1891.992,416.394,190.100,65.757,1,-1,-1,-1
49,4,2204.788,431.629,280.279,93.762,1,-1,-1,-1
49,2,1891.922,416.323,190.468,65.982,1,-1,-1,-1
50,2,1892.038,416.367,190.614,66.040,1,-1,-1,-1
50,4,2185.907,432.703,218.149,90.007,1,-1,-1,-1
51,2,1892.092,416.389,190.784,65.983,1,-1,-1,-1
51,4,2161.478,431.380,318.893,91.106,1,-1,-1,-1
52,2,1891.897,416.354,190.199,66.087,1,-1,-1,-1
52,4,2144.570,429.448,228.943,90.984,1,-1,-1,-1
53,2,1891.631,416.689,188.181,65.718,1,-1,-1,-1
53,4,2114.657,426.124,342.164,98.312,1,-1,-1,-1
54,2,1892.081,417.437,188.126,64.845,1,-1,-1,-1
54,4,2091.547,426.726,271.533,97.568,1,-1,-1,-1
55,4,2071.256,423.694,271.552,100.447,1,-1,-1,-1
55,2,1891.534,417.089,187.596,64.782,1,-1,-1,-1
56,4,2047.350,421.520,266.096,100.565,1,-1,-1,-1
56,2,1892.509,416.571,172.198,63.799,1,-1,-1,-1
57,4,2033.866,409.242,258.505,113.425,1,-1,-1,-1
57,2,1893.814,417.091,155.406,61.082,1,-1,-1,-1
58,4,2008.211,410.099,251.375,107.069,1,-1,-1,-1
58,2,1889.098,417.537,166.730,57.824,1,-1,-1,-1
59,4,1991.649,412.715,244.660,101.998,1,-1,-1,-1
59,2,1889.253,414.233,158.924,59.534,1,-1,-1,-1
60,4,1954.835,408.475,247.624,102.209,1,-1,-1,-1
60,2,1879.285,412.540,164.179,62.168,1,-1,-1,-1
61,4,1938.121,406.693,255.205,103.867,1,-1,-1,-1
61,2,1869.316,410.847,169.433,64.802,1,-1,-1,-1
62,4,1906.231,404.536,268.569,104.542,1,-1,-1,-1
62,2,1859.348,409.154,174.688,67.436,1,-1,-1,-1
63,4,1893.432,400.522,266.437,108.197,1,-1,-1,-1
63,2,1849.379,407.461,179.943,70.070,1,-1,-1,-1
64,4,1878.933,397.738,261.658,110.708,1,-1,-1,-1
64,2,1839.411,405.768,185.198,72.704,1,-1,-1,-1
65,4,1849.996,397.903,269.889,104.410,1,-1,-1,-1
65,2,1829.442,404.075,190.452,75.338,1,-1,-1,-1
66,2,1819.474,402.382,195.707,77.971,1,-1,-1,-1
67,2,1809.506,400.689,200.962,80.605,1,-1,-1,-1
68,4,1795.542,388.997,283.820,103.958,1,-1,-1,-1
69,2,1789.569,397.303,211.471,85.873,1,-1,-1,-1
70,2,1779.600,395.610,216.726,88.507,1,-1,-1,-1
71,5,1990.312,424.995,93.810,57.225,1,-1,-1,-1
71,2,1769.632,393.917,221.981,91.141,1,-1,-1,-1
72,5,1974.328,419.890,107.477,60.556,1,-1,-1,-1
72,2,1759.663,392.224,227.235,93.775,1,-1,-1,-1
73,5,1963.984,419.867,115.745,61.611,1,-1,-1,-1
73,2,1749.695,390.531,232.490,96.409,1,-1,-1,-1
74,5,1950.444,418.326,131.484,64.889,1,-1,-1,-1
74,2,1687.866,386.864,276.565,94.044,1,-1,-1,-1
75,5,1940.838,416.824,143.666,65.535,1,-1,-1,-1
75,2,1679.867,389.032,275.099,88.225,1,-1,-1,-1
76,2,1661.833,377.884,219.778,92.744,1,-1,-1,-1
76,5,1921.371,418.065,161.910,64.545,1,-1,-1,-1
77,2,1645.545,384.460,268.064,92.720,1,-1,-1,-1
77,5,1915.382,417.670,165.300,64.896,1,-1,-1,-1
78,5,1897.434,416.444,183.971,65.776,1,-1,-1,-1
78,2,1634.203,381.390,263.370,96.211,1,-1,-1,-1
79,2,1621.570,382.497,269.996,93.872,1,-1,-1,-1
79,5,1894.204,416.056,186.926,66.064,1,-1,-1,-1
80,2,1611.373,378.623,271.569,93.566,1,-1,-1,-1
80,5,1894.268,416.681,186.963,65.482,1,-1,-1,-1
81,2,1606.213,376.876,263.914,92.483,1,-1,-1,-1
81,5,1894.215,416.701,187.294,65.469,1,-1,-1,-1
82,2,1595.136,374.949,268.466,94.135,1,-1,-1,-1
82,5,1892.441,416.540,188.935,65.718,1,-1,-1,-1
83,5,1892.453,416.638,189.058,65.939,1,-1,-1,-1
83,2,1584.059,373.022,273.017,95.787,1,-1,-1,-1
84,5,1891.117,416.500,190.335,65.962,1,-1,-1,-1
84,2,1572.982,371.095,277.569,97.439,1,-1,-1,-1
85,5,1891.610,416.247,189.855,66.149,1,-1,-1,-1
85,2,1575.172,373.170,270.320,94.265,1,-1,-1,-1
86,5,1891.378,416.408,190.160,66.056,1,-1,-1,-1
86,2,1563.788,372.734,273.589,94.744,1,-1,-1,-1
87,5,1891.778,416.470,189.755,66.091,1,-1,-1,-1
87,2,1553.425,371.798,279.249,97.542,1,-1,-1,-1
88,2,1545.336,371.759,275.527,98.356,1,-1,-1,-1
88,5,1891.708,416.487,189.763,66.092,1,-1,-1,-1
89,2,1538.261,369.845,268.529,94.061,1,-1,-1,-1
89,5,1892.038,416.470,189.409,66.112,1,-1,-1,-1
90,2,1532.489,368.854,289.535,98.993,1,-1,-1,-1
90,5,1892.126,416.472,189.215,66.076,1,-1,-1,-1
91,5,1891.940,416.524,189.498,66.045,1,-1,-1,-1
91,2,1526.847,370.101,263.764,94.731,1,-1,-1,-1
92,2,1516.631,369.832,254.119,95.254,1,-1,-1,-1
92,5,1891.984,416.562,189.488,66.055,1,-1,-1,-1
93,5,1892.076,416.720,189.393,65.878,1,-1,-1,-1
93,2,1508.736,370.239,266.934,95.184,1,-1,-1,-1
94,5,1891.897,416.690,189.600,65.901,1,-1,-1,-1
94,2,1502.261,368.827,263.406,97.006,1,-1,-1,-1
95,5,1891.888,416.720,189.625,65.894,1,-1,-1,-1
95,2,1496.618,370.038,263.803,97.059,1,-1,-1,-1
96,2,1490.974,371.250,264.199,97.113,1,-1,-1,-1
96,5,1891.833,416.688,189.686,65.915,1,-1,-1,-1
97,5,1891.768,416.652,189.667,65.930,1,-1,-1,-1
97,2,1485.331,372.461,264.596,97.166,1,-1,-1,-1
98,5,1892.019,416.658,189.380,65.929,1,-1,-1,-1
98,2,1463.438,366.451,281.099,101.755,1,-1,-1,-1
99,2,1453.717,370.949,273.854,97.687,1,-1,-1,-1
99,5,1891.857,416.675,189.523,65.891,1,-1,-1,-1
100,2,1451.001,371.930,256.863,94.557,1,-1,-1,-1
100,5,1891.568,416.714,189.798,65.832,1,-1,-1,-1
101,5,1891.263,416.665,190.096,65.802,1,-1,-1,-1
101,2,1440.756,370.563,259.558,99.903,1,-1,-1,-1
102,2,1430.122,371.753,257.214,96.321,1,-1,-1,-1
102,5,1891.186,416.715,190.198,65.735,1,-1,-1,-1
103,2,1417.054,369.176,271.900,105.151,1,-1,-1,-1
103,5,1891.092,416.721,190.300,65.718,1,-1,-1,-1
104,2,1414.850,368.697,253.247,102.298,1,-1,-1,-1
104,5,1891.128,416.718,190.276,65.713,1,-1,-1,-1
105,2,1407.263,370.508,255.933,100.726,1,-1,-1,-1
105,5,1891.062,416.718,190.348,65.708,1,-1,-1,-1
106,5,1891.031,416.738,190.367,65.692,1,-1,-1,-1
106,2,1398.872,370.187,254.628,103.401,1,-1,-1,-1
106,6,1702.107,389.099,37.675,33.450,1,-1,-1,-1
107,7,1799.785,423.534,46.461,34.815,1,-1,-1,-1
107,5,1892.535,416.893,189.351,65.686,1,-1,-1,-1
107,6,1703.255,389.246,35.743,31.904,1,-1,-1,-1
107,2,1394.172,370.995,248.017,103.518,1,-1,-1,-1
108,6,1702.952,389.164,36.132,33.001,1,-1,-1,-1
108,7,1795.688,422.328,51.768,35.732,1,-1,-1,-1
108,5,1892.511,416.863,189.346,65.699,1,-1,-1,-1
108,2,1388.318,371.945,235.660,103.016,1,-1,-1,-1
109,7,1796.718,422.276,50.630,35.479,1,-1,-1,-1
109,2,1378.680,372.931,246.051,103.207,1,-1,-1,-1
109,5,1892.345,417.125,189.673,65.536,1,-1,-1,-1
110,7,1796.466,422.293,51.047,35.514,1,-1,-1,-1
110,2,1375.350,372.786,242.220,104.078,1,-1,-1,-1
110,5,1892.336,417.151,189.709,65.510,1,-1,-1,-1
111,5,1892.341,417.141,189.733,65.500,1,-1,-1,-1
111,2,1369.048,375.320,237.244,105.155,1,-1,-1,-1
111,7,1796.546,422.305,51.048,35.568,1,-1,-1,-1
112,2,1365.339,376.321,228.938,104.428,1,-1,-1,-1
112,5,1892.362,417.137,189.708,65.512,1,-1,-1,-1
112,7,1796.607,422.326,50.943,35.447,1,-1,-1,-1
113,5,1892.491,417.165,189.572,65.472,1,-1,-1,-1
113,2,1365.590,376.731,219.655,105.723,1,-1,-1,-1
113,7,1796.622,422.345,50.757,35.229,1,-1,-1,-1
114,5,1892.509,417.124,189.556,65.511,1,-1,-1,-1
114,7,1796.561,422.377,50.907,35.049,1,-1,-1,-1
114,2,1361.692,376.366,216.738,107.943,1,-1,-1,-1
115,5,1892.526,417.118,189.541,65.522,1,-1,-1,-1
115,2,1355.798,378.109,209.632,105.914,1,-1,-1,-1
115,7,1796.526,422.369,50.975,35.027,1,-1,-1,-1
116,7,1796.564,422.374,50.894,35.009,1,-1,-1,-1
116,2,1360.800,381.620,194.446,107.173,1,-1,-1,-1
116,5,1892.527,417.118,189.531,65.528,1,-1,-1,-1
117,5,1892.552,417.117,189.516,65.507,1,-1,-1,-1
117,2,1360.570,383.520,187.684,103.616,1,-1,-1,-1
117,7,1796.598,422.402,50.717,34.930,1,-1,-1,-1
118,7,1796.576,422.417,50.758,34.921,1,-1,-1,-1
118,5,1892.552,417.126,189.524,65.497,1,-1,-1,-1
118,2,1361.691,380.102,177.174,111.900,1,-1,-1,-1
119,7,1796.533,422.418,50.829,34.917,1,-1,-1,-1
119,5,1892.550,417.131,189.531,65.494,1,-1,-1,-1
119,2,1358.162,381.823,178.188,111.348,1,-1,-1,-1
120,7,1796.498,422.417,50.896,34.920,1,-1,-1,-1
120,5,1892.539,417.127,189.549,65.495,1,-1,-1,-1
120,2,1362.322,383.109,171.195,110.467,1,-1,-1,-1
121,5,1892.474,417.117,189.569,65.506,1,-1,-1,-1
121,2,1363.542,384.015,163.838,111.381,1,-1,-1,-1
121,7,1796.468,422.413,50.999,34.931,1,-1,-1,-1
122,7,1796.438,422.392,51.097,35.003,1,-1,-1,-1
122,5,1892.470,417.153,189.568,65.476,1,-1,-1,-1
122,2,1362.461,382.698,159.902,118.700,1,-1,-1,-1
123,7,1796.367,422.383,51.216,35.047,1,-1,-1,-1
123,2,1363.239,384.864,153.638,120.594,1,-1,-1,-1
123,5,1892.471,417.154,189.568,65.476,1,-1,-1,-1
124,7,1796.335,422.383,51.301,35.033,1,-1,-1,-1
124,5,1892.462,417.154,189.576,65.475,1,-1,-1,-1
124,2,1365.560,385.176,148.952,123.726,1,-1,-1,-1
125,7,1796.439,422.389,51.198,34.986,1,-1,-1,-1
125,5,1892.455,417.153,189.585,65.477,1,-1,-1,-1
125,2,1367.237,387.589,142.548,125.524,1,-1,-1,-1
126,5,1892.449,417.149,189.588,65.482,1,-1,-1,-1
126,7,1796.452,422.393,51.133,34.968,1,-1,-1,-1
126,2,1368.274,389.606,137.004,124.390,1,-1,-1,-1
127,5,1892.447,417.148,189.590,65.480,1,-1,-1,-1
127,2,1367.435,393.216,140.583,124.843,1,-1,-1,-1
127,7,1796.456,422.391,51.133,34.973,1,-1,-1,-1
128,7,1796.472,422.399,51.073,34.948,1,-1,-1,-1
128,5,1892.465,417.120,189.578,65.514,1,-1,-1,-1
128,2,1369.450,395.701,134.110,124.563,1,-1,-1,-1
129,2,1370.859,397.558,132.062,126.287,1,-1,-1,-1
129,5,1892.461,417.120,189.577,65.515,1,-1,-1,-1
129,7,1796.470,422.398,51.060,34.958,1,-1,-1,-1
130,2,1371.340,402.422,130.039,124.525,1,-1,-1,-1
130,5,1892.462,417.118,189.574,65.522,1,-1,-1,-1
130,7,1796.480,422.398,51.038,34.957,1,-1,-1,-1
130,8,3.053,1151.479,368.195,564.282,1,-1,-1,-1
131,5,1891.553,417.220,190.677,65.130,1,-1,-1,-1
131,2,1374.265,400.016,139.460,129.043,1,-1,-1,-1
131,7,1799.431,423.488,48.111,35.881,1,-1,-1,-1
131,8,21.007,1085.259,777.994,763.939,1,-1,-1,-1
132,2,1375.357,401.579,143.578,133.476,1,-1,-1,-1
132,8,14.746,1043.275,1215.002,839.024,1,-1,-1,-1
132,5,1891.577,417.260,190.671,65.037,1,-1,-1,-1
132,7,1799.417,423.512,47.910,35.885,1,-1,-1,-1
133,8,21.519,1138.203,1659.241,741.693,1,-1,-1,-1
133,2,1375.373,403.630,143.604,135.258,1,-1,-1,-1
133,5,1891.374,417.338,190.765,64.910,1,-1,-1,-1
133,7,1798.367,423.725,50.692,32.986,1,-1,-1,-1
134,5,1891.416,417.375,190.746,64.906,1,-1,-1,-1
134,2,1377.349,404.689,143.730,135.630,1,-1,-1,-1
134,7,1798.443,423.698,50.608,33.140,1,-1,-1,-1
134,8,183.352,1157.734,1997.413,727.138,1,-1,-1,-1
135,2,1380.396,404.730,140.621,140.663,1,-1,-1,-1
135,5,1891.374,417.467,190.701,64.803,1,-1,-1,-1
135,8,695.628,1204.174,1846.316,702.600,1,-1,-1,-1
135,7,1798.419,423.720,50.698,33.135,1,-1,-1,-1
136,2,1380.339,405.544,146.646,144.093,1,-1,-1,-1
136,7,1798.347,423.711,50.839,33.089,1,-1,-1,-1
136,5,1891.272,417.376,190.781,64.920,1,-1,-1,-1
136,8,665.450,1219.734,1855.896,699.266,1,-1,-1,-1
137,8,1608.253,1257.616,948.453,647.620,1,-1,-1,-1
137,2,1377.669,409.100,151.351,144.580,1,-1,-1,-1
137,5,1891.225,417.331,190.614,64.967,1,-1,-1,-1
137,7,1798.361,423.755,50.792,33.101,1,-1,-1,-1
138,5,1891.228,417.234,190.703,65.063,1,-1,-1,-1
138,2,1380.771,412.858,151.898,147.124,1,-1,-1,-1
138,7,1798.216,423.699,51.106,33.085,1,-1,-1,-1
139,5,1891.195,417.230,190.773,65.066,1,-1,-1,-1
139,7,1798.255,423.746,50.980,33.074,1,-1,-1,-1
139,2,1381.352,412.153,155.488,153.917,1,-1,-1,-1
140,2,1383.865,412.187,155.758,161.259,1,-1,-1,-1
140,5,1891.184,417.218,190.782,65.087,1,-1,-1,-1
140,7,1798.167,423.682,51.159,33.142,1,-1,-1,-1
141,5,1890.702,416.336,190.920,66.014,1,-1,-1,-1
141,7,1796.882,424.071,49.530,33.760,1,-1,-1,-1
141,2,1381.703,415.323,158.804,154.590,1,-1,-1,-1
142,5,1891.161,416.623,189.683,64.461,1,-1,-1,-1
142,2,1384.140,416.123,164.447,163.553,1,-1,-1,-1
142,7,1796.873,424.102,49.459,33.637,1,-1,-1,-1
143,5,1891.157,416.634,189.631,64.440,1,-1,-1,-1
143,7,1796.907,424.080,49.410,33.674,1,-1,-1,-1
143,2,1384.131,417.723,168.009,167.299,1,-1,-1,-1
144,2,1385.947,421.124,168.657,167.731,1,-1,-1,-1
144,5,1891.167,416.637,189.641,64.440,1,-1,-1,-1
144,7,1796.927,424.065,49.299,33.709,1,-1,-1,-1
145,7,1798.905,422.490,49.521,33.654,1,-1,-1,-1
145,5,1890.825,416.748,190.080,64.349,1,-1,-1,-1
145,2,1386.133,423.225,170.247,172.522,1,-1,-1,-1
146,7,1798.900,422.491,49.572,33.664,1,-1,-1,-1
146,5,1890.812,416.765,190.124,64.332,1,-1,-1,-1
146,2,1388.564,428.605,167.960,168.721,1,-1,-1,-1
147,2,1387.361,431.676,178.131,175.538,1,-1,-1,-1
147,7,1798.900,422.509,49.637,33.655,1,-1,-1,-1
147,5,1890.793,416.800,190.139,64.348,1,-1,-1,-1
148,7,1798.914,422.548,49.604,33.584,1,-1,-1,-1
148,2,1387.267,433.752,181.576,179.713,1,-1,-1,-1
148,5,1890.804,416.802,190.137,64.348,1,-1,-1,-1
149,5,1890.801,416.855,190.120,64.287,1,-1,-1,-1
149,7,1798.872,422.564,49.755,33.745,1,-1,-1,-1
149,2,1387.461,437.330,186.276,181.912,1,-1,-1,-1
150,2,1386.471,440.988,191.652,178.891,1,-1,-1,-1
150,5,1890.820,416.843,190.027,64.321,1,-1,-1,-1
150,7,1798.948,422.580,49.604,33.691,1,-1,-1,-1
151,7,1797.317,422.373,50.231,35.168,1,-1,-1,-1
151,5,1890.393,416.598,190.993,65.591,1,-1,-1,-1
151,2,1390.836,444.413,187.181,181.348,1,-1,-1,-1
152,7,1797.486,422.464,50.133,34.880,1,-1,-1,-1
152,5,1890.412,416.615,191.041,65.610,1,-1,-1,-1
152,2,1394.552,447.376,191.141,182.099,1,-1,-1,-1
153,7,1797.488,422.494,50.071,34.787,1,-1,-1,-1
153,5,1890.413,416.619,191.070,65.587,1,-1,-1,-1
153,2,1390.447,450.812,198.049,188.199,1,-1,-1,-1
154,7,1797.576,422.504,49.997,34.759,1,-1,-1,-1
154,5,1890.420,416.617,191.037,65.606,1,-1,-1,-1
154,2,1390.685,451.989,201.946,194.045,1,-1,-1,-1
155,2,1396.084,455.010,198.749,197.438,1,-1,-1,-1
155,7,1797.617,422.530,49.906,34.735,1,-1,-1,-1
155,5,1890.474,416.615,190.983,65.591,1,-1,-1,-1
156,2,1399.199,458.222,200.380,201.751,1,-1,-1,-1
156,7,1797.619,422.527,49.874,34.760,1,-1,-1,-1
156,5,1890.472,416.613,190.992,65.610,1,-1,-1,-1
157,2,1398.605,461.602,207.371,205.485,1,-1,-1,-1
157,7,1797.740,422.712,50.118,34.554,1,-1,-1,-1
157,5,1890.625,416.499,190.709,65.889,1,-1,-1,-1
158,7,1797.791,422.684,50.020,34.574,1,-1,-1,-1
158,5,1890.619,416.501,190.728,65.894,1,-1,-1,-1
158,2,1400.867,462.363,211.637,210.496,1,-1,-1,-1
159,7,1797.932,422.732,50.069,34.674,1,-1,-1,-1
159,5,1890.627,416.503,190.721,65.900,1,-1,-1,-1
159,2,1403.381,465.701,212.752,215.040,1,-1,-1,-1
159,9,2198.358,1004.597,350.104,501.055,1,-1,-1,-1
160,5,1890.615,416.500,190.740,65.910,1,-1,-1,-1
160,2,1408.311,466.720,216.252,215.885,1,-1,-1,-1
160,9,1899.533,909.454,655.935,598.991,1,-1,-1,-1
160,7,1797.953,422.737,50.031,34.651,1,-1,-1,-1
161,7,1796.156,422.738,52.203,35.755,1,-1,-1,-1
161,2,1407.108,476.312,218.650,210.659,1,-1,-1,-1
161,5,1889.594,416.352,192.024,65.827,1,-1,-1,-1
161,9,1584.718,887.649,974.561,593.219,1,-1,-1,-1
162,7,1796.154,422.740,52.421,35.721,1,-1,-1,-1
162,9,1306.159,865.157,1244.232,633.050,1,-1,-1,-1
162,5,1889.591,416.354,192.021,65.880,1,-1,-1,-1
162,2,1406.680,475.824,230.207,217.682,1,-1,-1,-1
163,7,1796.190,422.755,52.278,35.659,1,-1,-1,-1
163,5,1889.636,416.382,192.015,65.895,1,-1,-1,-1
163,9,943.108,823.295,1588.541,667.534,1,-1,-1,-1
163,2,1408.268,478.225,234.531,222.589,1,-1,-1,-1
164,7,1796.331,422.800,52.050,35.437,1,-1,-1,-1
164,9,508.974,784.061,1796.222,692.619,1,-1,-1,-1
164,5,1889.680,416.336,191.969,65.955,1,-1,-1,-1
164,2,1409.183,479.808,238.884,225.164,1,-1,-1,-1
165,7,1796.414,422.807,52.042,35.417,1,-1,-1,-1
165,9,142.391,764.203,1803.144,696.680,1,-1,-1,-1
165,2,1418.931,479.395,231.965,234.831,1,-1,-1,-1
165,5,1889.671,416.245,191.958,66.069,1,-1,-1,-1
166,7,1796.362,422.810,52.103,35.395,1,-1,-1,-1
166,2,1417.672,484.216,241.221,239.107,1,-1,-1,-1
166,9,22.168,720.189,1529.883,703.952,1,-1,-1,-1
166,5,1889.582,416.238,191.972,66.078,1,-1,-1,-1
167,2,1418.536,482.982,243.347,240.136,1,-1,-1,-1
167,9,9.806,678.195,1118.845,710.524,1,-1,-1,-1
167,5,1889.679,416.242,191.896,66.095,1,-1,-1,-1
167,7,1796.454,422.817,51.897,35.245,1,-1,-1,-1
168,7,1796.531,422.824,51.714,35.131,1,-1,-1,-1
168,2,1416.981,482.120,252.467,247.707,1,-1,-1,-1
168,9,0.000,691.812,1153.568,687.425,1,-1,-1,-1
168,5,1889.614,416.227,191.938,66.139,1,-1,-1,-1
169,9,4.494,744.666,478.320,537.963,1,-1,-1,-1
169,7,1796.610,422.739,50.975,34.770,1,-1,-1,-1
169,5,1890.006,416.299,191.612,65.965,1,-1,-1,-1
169,2,1426.007,493.182,252.016,244.850,1,-1,-1,-1
170,7,1800.373,423.963,46.876,33.867,1,-1,-1,-1
170,5,1890.086,416.231,191.655,66.016,1,-1,-1,-1
170,2,1422.183,497.950,261.822,246.416,1,-1,-1,-1
171,2,1423.334,497.877,268.896,255.682,1,-1,-1,-1
171,5,1891.256,417.004,190.589,65.346,1,-1,-1,-1
171,7,1799.794,423.558,47.245,34.111,1,-1,-1,-1
172,2,1424.350,505.345,276.492,248.989,1,-1,-1,-1
172,5,1891.333,417.002,190.426,65.268,1,-1,-1,-1
172,7,1799.933,423.492,47.245,34.111,1,-1,-1,-1
173,2,1426.599,507.396,278.343,252.638,1,-1,-1,-1
173,5,1891.411,417.035,190.412,65.153,1,-1,-1,-1
173,7,1800.072,423.426,47.245,34.111,1,-1,-1,-1
174,5,1891.278,417.043,190.592,65.139,1,-1,-1,-1
174,2,1426.990,507.698,282.650,257.922,1,-1,-1,-1
174,7,1800.211,423.359,47.245,34.111,1,-1,-1,-1
175,5,1891.322,417.037,190.569,65.134,1,-1,-1,-1
175,7,1800.350,423.293,47.245,34.111,1,-1,-1,-1
175,2,1432.535,509.072,283.397,266.500,1,-1,-1,-1
176,2,1430.834,513.071,292.642,271.910,1,-1,-1,-1
176,5,1891.350,417.036,190.548,65.144,1,-1,-1,-1
176,7,1800.489,423.227,47.245,34.111,1,-1,-1,-1
177,2,1433.982,507.101,299.404,282.447,1,-1,-1,-1
177,7,1796.967,423.693,48.993,34.213,1,-1,-1,-1
177,5,1891.257,416.988,190.640,65.151,1,-1,-1,-1
178,7,1797.109,422.316,49.655,34.773,1,-1,-1,-1
178,5,1891.288,416.949,190.606,65.180,1,-1,-1,-1
178,2,1435.376,511.480,300.521,283.513,1,-1,-1,-1
179,7,1796.948,423.629,48.800,34.371,1,-1,-1,-1
179,5,1891.295,416.890,190.732,65.226,1,-1,-1,-1
179,2,1443.028,521.118,295.872,277.509,1,-1,-1,-1
180,2,1446.512,523.352,300.273,282.391,1,-1,-1,-1
180,5,1891.229,416.899,190.770,65.281,1,-1,-1,-1
180,7,1796.970,423.640,48.803,34.334,1,-1,-1,-1
181,10,2263.496,1608.758,290.208,290.072,1,-1,-1,-1
181,2,1441.952,535.318,311.500,277.962,1,-1,-1,-1
181,5,1890.568,416.633,190.386,65.799,1,-1,-1,-1
181,7,1797.670,424.464,44.571,33.334,1,-1,-1,-1
182,7,1797.610,424.438,44.717,33.431,1,-1,-1,-1
182,10,2102.153,1524.870,456.703,385.998,1,-1,-1,-1
182,5,1890.288,416.724,190.715,65.705,1,-1,-1,-1
182,2,1447.663,532.918,314.138,284.363,1,-1,-1,-1
183,7,1797.586,424.388,44.986,33.545,1,-1,-1,-1
183,10,1939.712,1470.081,613.391,435.317,1,-1,-1,-1
183,5,1890.417,416.774,190.594,65.694,1,-1,-1,-1
183,2,1452.856,531.376,320.985,291.505,1,-1,-1,-1
184,7,1797.609,424.377,44.763,33.542,1,-1,-1,-1
184,10,1783.433,1416.424,756.026,492.760,1,-1,-1,-1
184,5,1890.423,416.807,190.472,65.703,1,-1,-1,-1
184,2,1452.207,535.654,327.417,300.058,1,-1,-1,-1
185,10,1643.740,1354.931,897.134,557.006,1,-1,-1,-1
185,2,1452.547,538.949,332.517,303.353,1,-1,-1,-1
185,7,1797.652,424.375,44.697,33.555,1,-1,-1,-1
185,5,1890.428,416.676,190.439,65.852,1,-1,-1,-1
186,2,1455.834,542.474,332.333,303.500,1,-1,-1,-1
186,5,1890.512,416.783,190.584,65.715,1,-1,-1,-1
186,7,1797.680,424.360,44.745,33.594,1,-1,-1,-1
186,10,1629.458,1354.388,879.514,525.580,1,-1,-1,-1
187,7,1797.709,424.404,44.500,33.573,1,-1,-1,-1
187,10,1325.886,1271.804,1192.688,638.923,1,-1,-1,-1
187,5,1890.570,416.789,190.649,65.725,1,-1,-1,-1
187,2,1467.469,545.542,330.455,305.478,1,-1,-1,-1
188,10,1378.902,1325.654,1165.125,593.346,1,-1,-1,-1
188,5,1890.440,416.807,190.823,65.808,1,-1,-1,-1
188,7,1797.589,422.867,44.445,34.430,1,-1,-1,-1
188,2,1462.006,544.444,343.009,311.784,1,-1,-1,-1
189,7,1800.724,424.348,36.645,35.195,1,-1,-1,-1
189,2,1467.597,554.467,346.112,312.051,1,-1,-1,-1
189,5,1890.220,416.770,190.911,65.808,1,-1,-1,-1
189,10,1369.690,1357.933,1165.373,561.067,1,-1,-1,-1
190,10,869.279,1134.282,1651.030,777.420,1,-1,-1,-1
190,7,1802.020,423.080,34.412,37.303,1,-1,-1,-1
190,5,1890.387,416.883,190.711,65.736,1,-1,-1,-1
190,2,1471.278,560.976,353.032,311.491,1,-1,-1,-1
191,5,1890.592,416.686,189.735,65.618,1,-1,-1,-1
191,10,739.592,1113.263,1544.236,795.693,1,-1,-1,-1
191,7,1798.166,423.766,43.851,34.800,1,-1,-1,-1
191,2,1476.726,563.109,349.466,318.560,1,-1,-1,-1
192,5,1890.512,416.729,189.780,65.513,1,-1,-1,-1
192,7,1798.160,423.738,43.967,34.778,1,-1,-1,-1
192,10,577.622,1092.239,1541.681,773.978,1,-1,-1,-1
192,2,1474.605,566.323,357.450,320.342,1,-1,-1,-1
193,5,1890.408,416.736,190.043,65.472,1,-1,-1,-1
193,2,1480.051,566.250,361.335,323.149,1,-1,-1,-1
193,7,1798.120,423.720,44.566,34.992,1,-1,-1,-1
193,10,443.218,1039.787,1430.624,759.356,1,-1,-1,-1
194,5,1890.445,416.648,190.254,65.585,1,-1,-1,-1
194,7,1798.075,423.693,44.708,34.967,1,-1,-1,-1
194,2,1481.270,564.989,367.224,333.743,1,-1,-1,-1
194,10,330.189,1009.947,1382.731,722.315,1,-1,-1,-1
195,7,1798.055,423.686,44.740,34.979,1,-1,-1,-1
195,2,1488.326,566.905,367.003,336.730,1,-1,-1,-1
195,10,186.097,963.818,1320.725,707.621,1,-1,-1,-1
195,5,1890.486,416.641,190.210,65.618,1,-1,-1,-1
196,5,1890.425,416.628,190.241,65.637,1,-1,-1,-1
196,7,1798.027,423.692,44.874,34.873,1,-1,-1,-1
196,10,64.306,942.707,1302.667,671.018,1,-1,-1,-1
196,2,1484.356,568.067,379.489,340.554,1,-1,-1,-1
197,5,1890.393,416.635,190.240,65.679,1,-1,-1,-1
197,7,1798.068,423.688,44.689,34.840,1,-1,-1,-1
197,10,50.645,903.810,1130.474,648.960,1,-1,-1,-1
197,2,1488.693,570.900,382.413,342.471,1,-1,-1,-1
198,5,1890.453,416.629,190.216,65.678,1,-1,-1,-1
198,10,18.653,896.515,1005.408,612.358,1,-1,-1,-1
198,7,1798.101,423.702,44.541,34.726,1,-1,-1,-1
198,2,1489.204,572.697,387.174,346.262,1,-1,-1,-1
199,5,1890.428,416.623,190.204,65.688,1,-1,-1,-1
199,2,1486.982,575.228,391.900,349.155,1,-1,-1,-1
199,7,1798.091,423.703,44.538,34.696,1,-1,-1,-1
199,10,28.902,871.584,814.022,575.601,1,-1,-1,-1
200,5,1890.464,416.649,190.034,65.654,1,-1,-1,-1
200,2,1492.717,579.182,392.979,349.646,1,-1,-1,-1
200,7,1798.053,423.679,44.677,34.762,1,-1,-1,-1
200,10,8.111,863.675,686.820,547.920,1,-1,-1,-1
201,10,8.469,837.172,522.149,516.159,1,-1,-1,-1
201,5,1891.465,417.140,189.317,65.108,1,-1,-1,-1
201,2,1501.542,580.797,389.697,352.558,1,-1,-1,-1
201,7,1797.796,422.025,52.004,34.884,1,-1,-1,-1
202,10,4.652,826.065,370.694,451.903,1,-1,-1,-1
202,5,1891.567,417.043,189.233,65.099,1,-1,-1,-1
202,2,1501.476,583.319,396.722,353.159,1,-1,-1,-1
202,7,1797.833,421.955,51.764,35.101,1,-1,-1,-1
203,10,2.243,862.058,216.657,354.442,1,-1,-1,-1
203,2,1500.443,585.880,402.673,355.143,1,-1,-1,-1
203,5,1891.510,417.014,189.343,65.139,1,-1,-1,-1
203,7,1797.867,421.991,51.677,35.052,1,-1,-1,-1
204,2,1497.309,588.406,399.063,355.589,1,-1,-1,-1
204,7,1797.902,422.012,51.567,34.954,1,-1,-1,-1
204,5,1891.524,417.006,189.315,65.133,1,-1,-1,-1
205,5,1890.792,417.022,190.355,65.054,1,-1,-1,-1
205,7,1797.364,421.686,52.324,35.638,1,-1,-1,-1
205,2,1496.995,590.811,403.877,354.156,1,-1,-1,-1
206,2,1497.510,591.891,406.275,352.924,1,-1,-1,-1
206,7,1797.176,421.601,52.430,35.688,1,-1,-1,-1
206,5,1890.917,417.045,190.284,65.035,1,-1,-1,-1
207,2,1497.841,590.081,405.445,355.652,1,-1,-1,-1
207,7,1797.225,421.506,52.366,35.868,1,-1,-1,-1
207,5,1890.485,417.049,190.400,65.003,1,-1,-1,-1
208,2,1492.282,588.947,424.646,356.907,1,-1,-1,-1
208,7,1797.170,421.535,52.181,35.539,1,-1,-1,-1
208,5,1890.602,417.070,190.123,64.917,1,-1,-1,-1
209,2,1499.760,591.505,407.150,355.271,1,-1,-1,-1
209,5,1890.715,417.111,189.986,65.078,1,-1,-1,-1
209,7,1797.062,421.523,52.548,35.734,1,-1,-1,-1
210,5,1890.590,417.056,190.152,65.122,1,-1,-1,-1
210,2,1499.429,591.127,407.409,356.267,1,-1,-1,-1
210,7,1797.011,421.456,52.546,35.911,1,-1,-1,-1
211,5,1890.132,417.024,191.618,65.517,1,-1,-1,-1
211,2,1499.339,593.808,406.545,354.259,1,-1,-1,-1
211,7,1796.802,423.521,52.894,31.302,1,-1,-1,-1
212,2,1493.191,591.818,425.357,356.013,1,-1,-1,-1
212,5,1889.995,416.955,191.814,65.558,1,-1,-1,-1
212,7,1795.324,422.949,50.240,35.967,1,-1,-1,-1
213,7,1795.395,422.946,50.057,36.009,1,-1,-1,-1
213,5,1889.736,416.931,192.006,65.562,1,-1,-1,-1
213,2,1492.360,591.895,426.320,355.280,1,-1,-1,-1
214,7,1796.728,423.630,53.020,31.198,1,-1,-1,-1
214,5,1889.727,416.929,192.013,65.600,1,-1,-1,-1
214,2,1492.512,591.613,425.465,355.186,1,-1,-1,-1
215,5,1889.714,416.931,192.025,65.596,1,-1,-1,-1
215,2,1492.975,591.729,425.053,355.106,1,-1,-1,-1
215,7,1796.708,423.612,53.053,31.235,1,-1,-1,-1
216,5,1889.733,416.935,192.013,65.592,1,-1,-1,-1
216,2,1493.168,590.974,424.705,355.803,1,-1,-1,-1
216,7,1796.740,423.616,53.009,31.186,1,-1,-1,-1
217,5,1889.988,417.069,192.042,65.574,1,-1,-1,-1
217,2,1492.599,590.991,425.629,356.009,1,-1,-1,-1
217,7,1796.343,423.201,50.297,35.692,1,-1,-1,-1
218,5,1889.990,417.102,192.081,65.528,1,-1,-1,-1
218,2,1492.322,591.317,425.862,355.846,1,-1,-1,-1
218,7,1796.406,423.201,50.294,35.720,1,-1,-1,-1
219,5,1889.978,417.094,192.023,65.566,1,-1,-1,-1
219,2,1492.371,591.464,425.755,355.821,1,-1,-1,-1
219,7,1796.416,423.200,50.194,35.674,1,-1,-1,-1
220,7,1796.444,423.212,50.131,35.669,1,-1,-1,-1
220,5,1889.981,417.097,192.022,65.563,1,-1,-1,-1
220,2,1492.168,591.504,425.965,355.667,1,-1,-1,-1
221,2,1492.043,592.027,425.489,355.171,1,-1,-1,-1
221,5,1890.565,417.133,191.588,65.209,1,-1,-1,-1
221,7,1797.707,422.824,50.227,33.645,1,-1,-1,-1
222,2,1491.912,591.631,425.490,355.401,1,-1,-1,-1
222,5,1890.564,417.067,191.497,65.227,1,-1,-1,-1
222,7,1797.813,422.893,50.008,33.463,1,-1,-1,-1
223,2,1491.846,591.759,425.590,355.278,1,-1,-1,-1
223,5,1890.576,417.061,191.485,65.226,1,-1,-1,-1
223,7,1797.860,422.882,49.912,33.380,1,-1,-1,-1
224,2,1491.816,591.549,425.519,355.418,1,-1,-1,-1
224,5,1890.565,417.038,191.486,65.258,1,-1,-1,-1
224,7,1797.828,422.853,49.982,33.397,1,-1,-1,-1
225,2,1491.797,591.670,425.388,355.305,1,-1,-1,-1
225,7,1797.711,422.813,50.231,33.411,1,-1,-1,-1
225,5,1890.592,417.033,191.450,65.280,1,-1,-1,-1
226,2,1492.021,591.584,425.106,355.381,1,-1,-1,-1
226,7,1797.728,422.841,50.224,33.403,1,-1,-1,-1
226,5,1890.610,417.042,191.471,65.250,1,-1,-1,-1
227,2,1492.408,591.380,424.583,355.586,1,-1,-1,-1
227,7,1797.737,422.848,50.249,33.406,1,-1,-1,-1
227,5,1890.645,417.036,191.413,65.256,1,-1,-1,-1
228,7,1797.737,422.806,50.259,33.483,1,-1,-1,-1
228,2,1496.470,588.331,419.062,358.133,1,-1,-1,-1
228,5,1890.621,417.013,191.409,65.269,1,-1,-1,-1
229,2,1496.143,588.145,419.362,357.975,1,-1,-1,-1
229,7,1795.032,423.268,48.266,34.817,1,-1,-1,-1
229,5,1890.701,416.958,191.342,65.304,1,-1,-1,-1
230,7,1795.040,423.267,48.260,34.816,1,-1,-1,-1
230,5,1890.708,416.961,191.331,65.313,1,-1,-1,-1
230,2,1496.211,588.221,419.268,357.885,1,-1,-1,-1
231,5,1890.287,416.807,191.143,65.986,1,-1,-1,-1
231,2,1496.423,588.103,419.270,357.760,1,-1,-1,-1
231,7,1794.995,423.804,49.456,33.560,1,-1,-1,-1
232,2,1499.520,593.597,406.062,354.083,1,-1,-1,-1
232,5,1890.136,416.810,191.303,65.947,1,-1,-1,-1
232,7,1794.963,423.772,49.268,33.516,1,-1,-1,-1
233,7,1794.972,423.758,49.276,33.516,1,-1,-1,-1
233,2,1499.499,593.656,405.979,353.988,1,-1,-1,-1
233,5,1890.179,416.807,191.260,65.941,1,-1,-1,-1
234,7,1794.953,423.764,49.306,33.507,1,-1,-1,-1
234,2,1499.698,593.605,405.720,354.051,1,-1,-1,-1
234,5,1890.150,416.762,191.367,66.016,1,-1,-1,-1
235,7,1794.904,423.752,49.278,33.596,1,-1,-1,-1
235,2,1499.301,593.883,405.753,354.146,1,-1,-1,-1
235,11,1862.843,712.252,31.447,35.375,1,-1,-1,-1
235,5,1890.113,416.758,191.387,66.013,1,-1,-1,-1
236,7,1794.912,423.753,49.271,33.592,1,-1,-1,-1
236,5,1890.104,416.767,191.364,66.014,1,-1,-1,-1
236,2,1498.957,594.171,405.753,354.146,1,-1,-1,-1
237,2,1498.612,594.458,405.753,354.146,1,-1,-1,-1
237,5,1889.981,416.738,191.490,66.079,1,-1,-1,-1
237,11,1862.847,712.241,31.443,35.422,1,-1,-1,-1
237,7,1794.913,423.749,49.331,33.657,1,-1,-1,-1
238,2,1498.268,594.745,405.753,354.146,1,-1,-1,-1
238,11,1862.858,712.217,31.445,35.463,1,-1,-1,-1
238,5,1889.822,416.731,191.691,66.044,1,-1,-1,-1
238,7,1794.832,423.724,49.574,33.671,1,-1,-1,-1
239,5,1889.781,416.735,191.694,66.048,1,-1,-1,-1
239,2,1499.584,594.187,406.263,353.305,1,-1,-1,-1
239,7,1794.849,423.724,49.638,33.670,1,-1,-1,-1
240,5,1889.783,416.732,191.672,66.044,1,-1,-1,-1
240,7,1794.688,423.731,49.788,33.690,1,-1,-1,-1
240,2,1498.870,593.995,406.218,353.653,1,-1,-1,-1
241,5,1889.823,416.414,192.194,65.605,1,-1,-1,-1
241,7,1798.363,421.448,50.331,36.390,1,-1,-1,-1
241,2,1499.470,594.106,406.767,352.333,1,-1,-1,-1
242,5,1889.564,416.436,192.560,65.562,1,-1,-1,-1
242,7,1798.224,421.389,50.472,36.258,1,-1,-1,-1
242,2,1499.359,594.519,407.047,351.902,1,-1,-1,-1
243,7,1798.272,421.508,49.953,35.953,1,-1,-1,-1
243,5,1889.406,416.438,192.692,65.558,1,-1,-1,-1
243,2,1499.257,594.413,406.989,352.053,1,-1,-1,-1
244,2,1499.276,594.503,406.940,352.023,1,-1,-1,-1
244,7,1798.308,421.487,49.888,36.010,1,-1,-1,-1
244,5,1889.464,416.446,192.642,65.554,1,-1,-1,-1
245,5,1889.457,416.441,192.653,65.559,1,-1,-1,-1
245,7,1798.313,421.491,49.874,36.003,1,-1,-1,-1
245,2,1499.285,594.554,406.715,351.985,1,-1,-1,-1
246,5,1889.441,416.467,192.662,65.510,1,-1,-1,-1
246,7,1798.258,421.487,49.984,36.015,1,-1,-1,-1
246,2,1499.396,594.688,406.869,351.866,1,-1,-1,-1
247,5,1889.395,416.462,192.687,65.517,1,-1,-1,-1
247,2,1499.340,594.687,407.023,351.840,1,-1,-1,-1
247,7,1798.271,421.448,49.989,36.092,1,-1,-1,-1
248,5,1889.366,416.451,192.739,65.498,1,-1,-1,-1
248,7,1798.281,421.445,49.981,36.102,1,-1,-1,-1
248,2,1499.377,594.430,406.978,352.141,1,-1,-1,-1
249,7,1798.339,421.482,49.900,36.042,1,-1,-1,-1
249,2,1492.482,592.164,424.326,353.560,1,-1,-1,-1
249,5,1889.391,416.449,192.680,65.513,1,-1,-1,-1
250,7,1798.351,421.476,49.871,36.051,1,-1,-1,-1
250,2,1499.400,594.653,406.781,351.915,1,-1,-1,-1
250,5,1889.378,416.449,192.686,65.510,1,-1,-1,-1
251,7,1798.393,421.475,49.863,36.149,1,-1,-1,-1
251,2,1499.401,594.832,406.787,351.738,1,-1,-1,-1
251,5,1889.342,416.448,192.700,65.480,1,-1,-1,-1
252,5,1889.347,416.449,192.696,65.480,1,-1,-1,-1
252,2,1499.472,594.762,406.715,351.778,1,-1,-1,-1
252,7,1798.402,421.475,49.850,36.147,1,-1,-1,-1
253,2,1499.739,594.346,406.331,352.116,1,-1,-1,-1
253,7,1798.425,421.433,50.028,36.321,1,-1,-1,-1
253,5,1889.327,416.443,192.779,65.542,1,-1,-1,-1
254,5,1889.330,416.443,192.773,65.536,1,-1,-1,-1
254,2,1492.956,591.766,423.373,354.005,1,-1,-1,-1
254,7,1798.429,421.429,50.026,36.327,1,-1,-1,-1
255,2,1492.963,591.725,423.510,354.011,1,-1,-1,-1
255,5,1889.326,416.441,192.781,65.535,1,-1,-1,-1
255,7,1798.428,421.430,50.026,36.328,1,-1,-1,-1
256,2,1492.835,591.891,423.653,353.851,1,-1,-1,-1
256,5,1889.301,416.435,192.798,65.543,1,-1,-1,-1
256,7,1798.416,421.429,50.039,36.320,1,-1,-1,-1
257,2,1492.969,591.833,423.430,353.846,1,-1,-1,-1
257,7,1798.421,421.428,50.030,36.319,1,-1,-1,-1
257,5,1889.309,416.434,192.802,65.548,1,-1,-1,-1
258,7,1798.423,421.429,50.023,36.319,1,-1,-1,-1
258,2,1492.958,591.953,423.128,353.846,1,-1,-1,-1
258,5,1889.323,416.434,192.793,65.555,1,-1,-1,-1
259,7,1798.421,421.432,50.028,36.308,1,-1,-1,-1
259,2,1493.104,591.903,422.772,353.841,1,-1,-1,-1
259,5,1889.331,416.430,192.783,65.559,1,-1,-1,-1
260,2,1493.172,591.784,423.140,354.099,1,-1,-1,-1
260,5,1889.330,416.480,192.742,65.518,1,-1,-1,-1
260,7,1798.447,421.434,49.988,36.289,1,-1,-1,-1
261,7,1798.441,421.435,49.989,36.280,1,-1,-1,-1
261,5,1889.309,416.480,192.762,65.514,1,-1,-1,-1
261,2,1493.154,591.828,423.256,354.022,1,-1,-1,-1
262,7,1798.443,421.434,49.988,36.281,1,-1,-1,-1
262,2,1492.922,592.054,423.638,353.808,1,-1,-1,-1
262,5,1889.310,416.480,192.760,65.516,1,-1,-1,-1
263,2,1491.678,592.383,425.978,353.880,1,-1,-1,-1
263,7,1795.880,423.566,45.434,34.638,1,-1,-1,-1
263,5,1888.963,416.643,192.141,65.740,1,-1,-1,-1
264,2,1491.333,593.134,427.750,352.916,1,-1,-1,-1
264,7,1795.800,423.557,45.499,34.629,1,-1,-1,-1
264,5,1889.109,416.629,192.021,65.771,1,-1,-1,-1
265,2,1490.124,593.426,427.455,348.558,1,-1,-1,-1
265,7,1795.465,423.527,45.537,34.797,1,-1,-1,-1
265,5,1889.883,416.602,191.217,65.974,1,-1,-1,-1
266,5,1889.923,416.589,191.126,65.971,1,-1,-1,-1
266,12,1096.915,856.580,1290.181,548.901,1,-1,-1,-1
266,7,1794.812,423.655,45.537,34.797,1,-1,-1,-1
266,2,1490.476,591.288,427.517,350.422,1,-1,-1,-1
267,12,786.307,824.188,1254.751,548.678,1,-1,-1,-1
267,5,1889.941,416.580,191.030,65.980,1,-1,-1,-1
267,7,1794.160,423.783,45.537,34.797,1,-1,-1,-1
267,2,1504.870,595.014,409.467,285.938,1,-1,-1,-1
268,12,448.375,799.194,1325.592,554.001,1,-1,-1,-1
268,5,1889.947,416.575,191.024,65.981,1,-1,-1,-1
268,7,1793.507,423.911,45.537,34.797,1,-1,-1,-1
268,2,1497.549,594.997,410.664,350.757,1,-1,-1,-1
269,7,1792.855,424.039,45.537,34.797,1,-1,-1,-1
269,5,1889.940,416.576,191.002,65.990,1,-1,-1,-1
269,2,1498.227,595.164,407.651,352.311,1,-1,-1,-1
269,12,130.883,770.102,1300.639,559.894,1,-1,-1,-1
270,5,1889.909,416.589,191.244,65.981,1,-1,-1,-1
270,7,1792.202,424.167,45.537,34.797,1,-1,-1,-1
270,12,8.635,750.807,1118.676,550.764,1,-1,-1,-1
270,2,1491.866,592.991,424.664,353.342,1,-1,-1,-1
271,7,1793.106,423.842,46.943,34.537,1,-1,-1,-1
271,5,1889.934,416.588,191.171,65.998,1,-1,-1,-1
271,12,23.913,729.682,789.070,533.555,1,-1,-1,-1
271,2,1492.082,592.972,424.412,353.456,1,-1,-1,-1
272,7,1794.009,423.517,48.349,34.276,1,-1,-1,-1
272,5,1889.940,416.570,191.023,66.039,1,-1,-1,-1
272,2,1492.021,592.913,424.478,353.502,1,-1,-1,-1
272,12,4.900,707.549,527.918,521.969,1,-1,-1,-1
273,2,1498.876,593.884,406.231,353.519,1,-1,-1,-1
273,12,4.314,698.929,245.949,437.871,1,-1,-1,-1
273,7,1794.913,423.191,49.754,34.016,1,-1,-1,-1
273,5,1889.927,416.683,191.863,65.960,1,-1,-1,-1
274,2,1498.972,594.132,406.179,353.262,1,-1,-1,-1
274,7,1795.816,422.866,51.160,33.755,1,-1,-1,-1
274,5,1889.981,416.680,191.844,65.973,1,-1,-1,-1
275,5,1889.990,416.674,191.824,65.997,1,-1,-1,-1
275,2,1499.013,594.481,406.078,352.846,1,-1,-1,-1
275,7,1796.720,422.541,52.566,33.495,1,-1,-1,-1
276,7,1796.756,422.551,52.479,33.462,1,-1,-1,-1
276,2,1499.054,594.556,405.912,352.778,1,-1,-1,-1
276,5,1890.053,416.651,191.791,66.053,1,-1,-1,-1
277,7,1796.553,422.402,52.951,33.587,1,-1,-1,-1
277,2,1499.766,595.017,404.768,352.173,1,-1,-1,-1
277,5,1890.039,416.833,191.628,66.050,1,-1,-1,-1
278,7,1796.550,422.402,52.955,33.585,1,-1,-1,-1
278,5,1890.044,416.837,191.646,66.050,1,-1,-1,-1
278,2,1499.845,595.284,404.692,351.931,1,-1,-1,-1
279,7,1796.552,422.406,52.953,33.633,1,-1,-1,-1
279,5,1890.031,416.825,191.617,66.067,1,-1,-1,-1
279,2,1499.830,595.231,404.558,352.046,1,-1,-1,-1
280,7,1796.548,422.372,52.917,33.675,1,-1,-1,-1
280,5,1890.035,416.831,191.622,66.054,1,-1,-1,-1
280,2,1499.917,595.181,404.492,352.146,1,-1,-1,-1
281,2,1499.825,595.146,404.785,352.202,1,-1,-1,-1
281,7,1796.539,422.372,52.947,33.699,1,-1,-1,-1
281,5,1890.021,416.835,191.693,66.037,1,-1,-1,-1
282,7,1796.518,422.392,53.031,33.685,1,-1,-1,-1
282,5,1890.028,416.848,191.751,66.013,1,-1,-1,-1
282,2,1499.721,595.357,404.825,351.955,1,-1,-1,-1
283,5,1890.344,416.893,191.198,65.917,1,-1,-1,-1
283,7,1796.478,422.261,51.754,34.640,1,-1,-1,-1
283,2,1490.543,592.397,427.218,354.691,1,-1,-1,-1
284,2,1490.585,592.110,427.269,354.984,1,-1,-1,-1
284,5,1890.291,416.889,191.180,65.945,1,-1,-1,-1
284,7,1796.701,422.257,50.978,34.579,1,-1,-1,-1
285,5,1890.332,416.896,191.154,65.977,1,-1,-1,-1
285,2,1490.832,591.814,426.537,354.908,1,-1,-1,-1
285,7,1796.592,422.240,51.216,34.587,1,-1,-1,-1
286,5,1890.353,416.894,191.141,65.972,1,-1,-1,-1
286,2,1490.836,591.600,426.549,354.979,1,-1,-1,-1
286,7,1796.557,422.231,51.347,34.588,1,-1,-1,-1
287,5,1890.320,416.871,191.207,65.972,1,-1,-1,-1
287,2,1490.763,591.680,426.609,354.870,1,-1,-1,-1
287,7,1796.627,422.205,51.230,34.548,1,-1,-1,-1
288,2,1490.836,591.799,426.560,354.725,1,-1,-1,-1
288,7,1796.655,422.204,51.230,34.566,1,-1,-1,-1
288,5,1890.449,416.852,191.048,66.018,1,-1,-1,-1
289,7,1797.006,422.304,49.766,34.312,1,-1,-1,-1
289,5,1889.897,416.850,191.703,65.884,1,-1,-1,-1
289,2,1491.569,591.929,426.176,354.893,1,-1,-1,-1
290,5,1889.894,416.851,191.698,65.883,1,-1,-1,-1
290,2,1491.646,591.944,426.105,354.857,1,-1,-1,-1
290,7,1796.995,422.300,49.801,34.305,1,-1,-1,-1
291,2,1491.496,592.043,426.320,354.786,1,-1,-1,-1
291,5,1889.890,416.852,191.707,65.883,1,-1,-1,-1
291,7,1796.979,422.304,49.850,34.302,1,-1,-1,-1
292,2,1491.066,592.004,426.744,354.867,1,-1,-1,-1
292,5,1889.907,416.847,191.681,65.905,1,-1,-1,-1
292,7,1797.027,422.310,49.719,34.278,1,-1,-1,-1
293,2,1490.914,592.042,427.006,355.038,1,-1,-1,-1
293,5,1889.901,416.849,191.690,65.905,1,-1,-1,-1
293,7,1797.036,422.316,49.658,34.271,1,-1,-1,-1
294,2,1491.060,591.997,426.858,355.111,1,-1,-1,-1
294,5,1889.916,416.851,191.672,65.911,1,-1,-1,-1
294,7,1797.028,422.315,49.687,34.274,1,-1,-1,-1
295,2,1491.235,592.009,426.548,354.945,1,-1,-1,-1
295,5,1889.914,416.852,191.670,65.914,1,-1,-1,-1
295,7,1797.025,422.317,49.673,34.269,1,-1,-1,-1
296,5,1889.916,416.851,191.675,65.911,1,-1,-1,-1
296,2,1490.967,592.093,427.039,354.928,1,-1,-1,-1
296,7,1797.026,422.318,49.672,34.270,1,-1,-1,-1
297,2,1490.854,592.160,427.174,355.104,1,-1,-1,-1
297,7,1797.028,422.317,49.670,34.269,1,-1,-1,-1
297,5,1889.915,416.850,191.678,65.911,1,-1,-1,-1
298,7,1797.013,422.314,49.717,34.278,1,-1,-1,-1
298,2,1490.858,592.174,427.187,355.124,1,-1,-1,-1
298,5,1889.913,416.848,191.675,65.917,1,-1,-1,-1
299,7,1797.016,422.313,49.705,34.282,1,-1,-1,-1
299,2,1490.823,592.194,427.209,355.064,1,-1,-1,-1
299,5,1889.911,416.848,191.680,65.918,1,-1,-1,-1
300,2,1490.737,592.170,427.251,355.026,1,-1,-1,-1
300,7,1797.004,422.310,49.718,34.287,1,-1,-1,-1
300,5,1889.893,416.850,191.692,65.897,1,-1,-1,-1
301,5,1889.870,416.850,191.711,65.927,1,-1,-1,-1
301,7,1796.995,422.304,49.817,34.280,1,-1,-1,-1
301,2,1491.153,591.946,426.806,355.222,1,-1,-1,-1
302,7,1796.998,422.305,49.805,34.278,1,-1,-1,-1
302,5,1889.843,416.829,191.766,65.961,1,-1,-1,-1
302,2,1491.177,591.917,426.744,355.178,1,-1,-1,-1
303,7,1796.997,422.304,49.808,34.276,1,-1,-1,-1
303,5,1889.839,416.831,191.771,65.958,1,-1,-1,-1
303,2,1491.343,591.846,426.544,355.148,1,-1,-1,-1
304,7,1796.994,422.303,49.817,34.280,1,-1,-1,-1
304,5,1889.840,416.831,191.768,65.958,1,-1,-1,-1
304,2,1491.317,591.862,426.459,355.014,1,-1,-1,-1
305,7,1796.999,422.304,49.808,34.279,1,-1,-1,-1
305,2,1491.379,591.814,426.461,355.035,1,-1,-1,-1
305,5,1889.837,416.832,191.774,65.958,1,-1,-1,-1
306,2,1491.592,591.781,426.050,355.034,1,-1,-1,-1
306,5,1889.834,416.833,191.777,65.959,1,-1,-1,-1
306,7,1797.002,422.306,49.813,34.273,1,-1,-1,-1
307,2,1491.322,591.816,426.476,355.076,1,-1,-1,-1
307,7,1797.002,422.307,49.800,34.271,1,-1,-1,-1
307,5,1889.836,416.833,191.777,65.957,1,-1,-1,-1
308,7,1796.998,422.307,49.808,34.269,1,-1,-1,-1
308,2,1491.348,591.789,426.546,355.125,1,-1,-1,-1
308,5,1889.836,416.833,191.774,65.956,1,-1,-1,-1
309,7,1796.999,422.304,49.821,34.277,1,-1,-1,-1
309,5,1889.838,416.833,191.775,65.955,1,-1,-1,-1
309,2,1491.336,591.941,426.618,355.016,1,-1,-1,-1
310,2,1491.264,592.017,426.668,354.942,1,-1,-1,-1
310,5,1889.838,416.834,191.775,65.953,1,-1,-1,-1
310,7,1796.998,422.303,49.822,34.277,1,-1,-1,-1
311,2,1491.277,591.978,426.579,354.954,1,-1,-1,-1
311,7,1797.004,422.304,49.799,34.278,1,-1,-1,-1
311,5,1889.834,416.834,191.772,65.951,1,-1,-1,-1
312,7,1797.005,422.305,49.803,34.279,1,-1,-1,-1
312,5,1889.781,416.844,191.826,65.940,1,-1,-1,-1
312,2,1491.495,591.963,426.170,354.797,1,-1,-1,-1
313,7,1796.997,422.304,49.843,34.271,1,-1,-1,-1
313,2,1491.218,592.185,426.689,354.777,1,-1,-1,-1
313,5,1889.753,416.850,191.866,65.939,1,-1,-1,-1
314,7,1797.014,422.308,49.782,34.267,1,-1,-1,-1
314,2,1491.166,592.106,426.760,354.943,1,-1,-1,-1
314,5,1889.779,416.853,191.802,65.935,1,-1,-1,-1
315,2,1491.389,592.000,426.611,355.162,1,-1,-1,-1
315,7,1797.028,422.321,49.729,34.258,1,-1,-1,-1
315,5,1889.789,416.844,191.809,65.935,1,-1,-1,-1
316,2,1491.365,592.030,426.794,355.213,1,-1,-1,-1
316,13,0.000,1202.502,286.669,565.976,1,-1,-1,-1
316,5,1889.793,416.844,191.806,65.932,1,-1,-1,-1
316,7,1797.015,422.319,49.770,34.265,1,-1,-1,-1
317,2,1491.924,592.193,425.550,354.494,1,-1,-1,-1
317,5,1888.972,416.799,191.610,65.608,1,-1,-1,-1
317,13,9.816,1099.764,705.890,792.194,1,-1,-1,-1
317,7,1797.066,423.333,46.680,34.988,1,-1,-1,-1
318,5,1888.959,416.813,191.643,65.579,1,-1,-1,-1
318,13,5.481,984.238,1139.530,917.633,1,-1,-1,-1
318,2,1491.210,592.687,426.905,353.989,1,-1,-1,-1
318,7,1797.037,423.372,46.349,34.929,1,-1,-1,-1
319,5,1889.078,416.803,191.473,65.566,1,-1,-1,-1
319,7,1797.050,423.387,45.745,35.025,1,-1,-1,-1
319,2,1498.904,593.930,407.327,353.664,1,-1,-1,-1
319,13,0.000,1074.375,1621.658,823.113,1,-1,-1,-1
320,7,1797.032,423.365,45.856,35.079,1,-1,-1,-1
320,5,1889.074,416.798,191.537,65.572,1,-1,-1,-1
320,2,1491.797,592.564,426.346,354.382,1,-1,-1,-1
320,13,13.064,1124.823,2042.679,777.823,1,-1,-1,-1
321,5,1889.125,416.847,191.540,65.411,1,-1,-1,-1
321,2,1492.062,592.217,426.392,355.054,1,-1,-1,-1
321,13,437.879,1158.612,1683.242,732.721,1,-1,-1,-1
321,7,1797.165,423.386,45.646,35.012,1,-1,-1,-1
322,7,1796.874,423.590,45.658,35.009,1,-1,-1,-1
322,5,1889.099,416.802,191.493,65.538,1,-1,-1,-1
322,2,1499.165,594.487,407.284,354.068,1,-1,-1,-1
322,13,926.782,1204.077,705.436,709.839,1,-1,-1,-1
323,5,1888.862,416.699,191.719,65.823,1,-1,-1,-1
323,2,1493.095,590.907,424.506,356.861,1,-1,-1,-1
323,7,1796.688,423.708,45.658,35.009,1,-1,-1,-1
323,14,1402.951,1234.417,1133.350,674.677,1,-1,-1,-1
324,5,1889.121,416.818,191.800,65.605,1,-1,-1,-1
324,7,1796.503,423.826,45.658,35.009,1,-1,-1,-1
324,14,1807.723,1264.548,748.158,648.421,1,-1,-1,-1
324,15,1863.270,713.139,29.684,33.245,1,-1,-1,-1
324,2,1493.210,591.893,423.144,356.223,1,-1,-1,-1
325,2,1493.274,592.039,423.144,356.223,1,-1,-1,-1
325,15,1863.226,712.954,31.302,34.472,1,-1,-1,-1
325,5,1888.828,417.338,192.059,65.196,1,-1,-1,-1
325,14,2185.741,1317.469,366.097,583.418,1,-1,-1,-1
325,7,1796.317,423.943,45.658,35.009,1,-1,-1,-1
326,5,1888.970,417.167,192.465,65.373,1,-1,-1,-1
326,2,1493.338,592.186,423.144,356.223,1,-1,-1,-1
326,7,1796.132,424.061,45.658,35.009,1,-1,-1,-1
327,2,1498.741,595.467,406.022,351.756,1,-1,-1,-1
327,5,1890.083,416.411,191.448,66.634,1,-1,-1,-1
327,7,1797.309,422.713,53.809,32.565,1,-1,-1,-1
328,2,1498.341,595.548,406.523,351.677,1,-1,-1,-1
328,5,1890.152,416.392,191.384,66.621,1,-1,-1,-1
328,7,1797.322,422.620,53.705,32.360,1,-1,-1,-1
329,2,1490.242,592.234,427.794,354.028,1,-1,-1,-1
329,7,1797.205,422.610,53.641,32.314,1,-1,-1,-1
329,5,1890.447,416.371,191.074,66.458,1,-1,-1,-1
330,7,1797.825,421.371,53.670,32.546,1,-1,-1,-1
330,5,1890.296,416.360,191.238,66.435,1,-1,-1,-1
330,2,1490.256,592.190,427.809,354.210,1,-1,-1,-1
331,2,1490.786,592.032,427.211,354.559,1,-1,-1,-1
331,7,1797.007,422.591,54.043,32.349,1,-1,-1,-1
331,5,1890.115,416.369,191.326,66.417,1,-1,-1,-1
332,5,1889.752,416.334,191.597,66.474,1,-1,-1,-1
332,7,1797.781,421.867,54.038,32.429,1,-1,-1,-1
332,2,1491.211,591.851,426.723,354.387,1,-1,-1,-1
333,7,1796.897,422.713,54.195,32.559,1,-1,-1,-1
333,2,1492.379,591.049,425.378,354.833,1,-1,-1,-1
333,5,1889.964,416.495,192.048,66.512,1,-1,-1,-1
334,7,1797.547,422.617,54.194,32.509,1,-1,-1,-1
334,2,1499.960,595.348,404.994,351.580,1,-1,-1,-1
334,5,1889.908,416.510,192.010,66.303,1,-1,-1,-1
335,7,1796.870,421.861,50.213,34.282,1,-1,-1,-1
335,5,1889.679,416.200,192.605,66.424,1,-1,-1,-1
335,2,1498.810,594.713,406.995,352.238,1,-1,-1,-1
336,7,1798.530,422.161,47.031,34.388,1,-1,-1,-1
336,5,1889.904,416.266,191.545,66.481,1,-1,-1,-1
336,2,1494.124,592.302,423.617,353.569,1,-1,-1,-1
337,5,1890.280,416.850,191.386,65.693,1,-1,-1,-1
337,7,1799.063,423.839,46.846,34.421,1,-1,-1,-1
337,2,1492.674,593.313,424.914,352.916,1,-1,-1,-1
338,5,1890.341,416.862,191.402,65.718,1,-1,-1,-1
338,7,1798.752,423.754,47.938,34.699,1,-1,-1,-1
338,2,1492.784,592.617,424.262,353.402,1,-1,-1,-1
339,7,1798.669,423.740,48.342,34.835,1,-1,-1,-1
339,5,1890.237,416.850,191.577,65.661,1,-1,-1,-1
339,2,1497.297,588.926,418.015,356.653,1,-1,-1,-1
340,5,1890.309,416.866,191.438,65.646,1,-1,-1,-1
340,2,1497.517,589.025,417.729,356.487,1,-1,-1,-1
340,7,1798.129,422.414,51.334,34.880,1,-1,-1,-1
341,5,1890.405,416.895,191.372,65.594,1,-1,-1,-1
341,2,1497.531,588.886,417.834,356.468,1,-1,-1,-1
341,7,1798.139,422.415,51.303,34.911,1,-1,-1,-1
342,7,1798.123,422.409,51.354,34.924,1,-1,-1,-1
342,2,1497.633,588.880,417.746,356.490,1,-1,-1,-1
342,5,1890.420,416.887,191.380,65.616,1,-1,-1,-1
343,7,1798.583,423.722,49.443,34.801,1,-1,-1,-1
343,5,1890.413,416.888,191.387,65.598,1,-1,-1,-1
343,2,1497.262,588.932,418.355,356.425,1,-1,-1,-1
344,7,1798.716,423.775,49.346,34.774,1,-1,-1,-1
344,2,1497.124,589.010,418.494,356.174,1,-1,-1,-1
344,5,1890.425,416.883,191.360,65.583,1,-1,-1,-1
345,2,1497.075,588.960,418.464,356.238,1,-1,-1,-1
345,5,1890.488,416.871,191.303,65.608,1,-1,-1,-1
345,7,1798.787,423.804,49.181,34.798,1,-1,-1,-1
346,2,1496.977,588.786,418.679,356.624,1,-1,-1,-1
346,5,1890.471,416.882,191.298,65.591,1,-1,-1,-1
346,7,1798.790,423.817,49.059,34.767,1,-1,-1,-1
347,2,1495.726,589.689,419.985,355.989,1,-1,-1,-1
347,5,1889.965,416.813,191.262,65.561,1,-1,-1,-1
347,7,1799.521,422.205,49.767,34.832,1,-1,-1,-1
348,2,1495.628,589.635,420.168,355.929,1,-1,-1,-1
348,5,1890.024,416.840,191.284,65.546,1,-1,-1,-1
348,7,1799.654,422.168,49.720,34.900,1,-1,-1,-1
349,2,1496.177,589.436,419.454,356.671,1,-1,-1,-1
349,7,1799.059,422.057,50.377,34.787,1,-1,-1,-1
349,5,1889.623,416.887,191.527,65.510,1,-1,-1,-1
350,7,1799.076,422.053,50.375,34.805,1,-1,-1,-1
350,2,1496.310,589.076,419.493,357.010,1,-1,-1,-1
350,5,1889.616,416.882,191.524,65.523,1,-1,-1,-1
351,7,1799.057,422.054,50.397,34.802,1,-1,-1,-1
351,2,1496.191,589.343,419.659,356.763,1,-1,-1,-1
351,5,1889.637,416.896,191.547,65.494,1,-1,-1,-1
352,7,1799.065,422.059,50.382,34.794,1,-1,-1,-1
352,2,1492.046,592.657,426.044,353.870,1,-1,-1,-1
352,5,1889.630,416.894,191.564,65.498,1,-1,-1,-1
353,7,1799.102,422.057,50.341,34.797,1,-1,-1,-1
353,2,1492.083,592.641,426.182,353.930,1,-1,-1,-1
353,5,1889.642,416.911,191.543,65.477,1,-1,-1,-1
354,2,1491.968,592.709,426.315,353.862,1,-1,-1,-1
354,5,1889.634,416.911,191.528,65.482,1,-1,-1,-1
354,7,1799.101,422.031,50.365,34.826,1,-1,-1,-1
355,5,1889.582,416.908,191.577,65.484,1,-1,-1,-1
355,2,1495.684,589.756,420.730,355.780,1,-1,-1,-1
355,7,1799.310,422.021,50.069,34.794,1,-1,-1,-1
356,16,1458.592,950.976,1094.946,465.083,1,-1,-1,-1
356,2,1495.034,589.539,421.746,354.739,1,-1,-1,-1
356,5,1889.620,416.901,191.571,65.489,1,-1,-1,-1
356,7,1799.328,422.026,50.036,34.778,1,-1,-1,-1
357,7,1798.490,423.908,43.577,34.924,1,-1,-1,-1
357,5,1889.133,416.731,191.675,65.637,1,-1,-1,-1
357,16,1135.047,931.320,1323.024,479.824,1,-1,-1,-1
357,2,1490.510,591.568,425.163,352.503,1,-1,-1,-1
358,5,1889.225,416.778,191.555,65.577,1,-1,-1,-1
358,7,1798.647,423.913,43.542,34.767,1,-1,-1,-1
358,16,830.594,919.757,1366.651,475.177,1,-1,-1,-1
358,2,1490.858,591.424,429.014,350.999,1,-1,-1,-1
359,2,1491.862,589.805,424.593,355.717,1,-1,-1,-1
359,5,1889.244,416.763,191.635,65.580,1,-1,-1,-1
359,7,1798.630,423.909,43.599,34.775,1,-1,-1,-1
359,16,524.028,892.553,1365.235,469.234,1,-1,-1,-1
360,2,1498.409,594.297,408.074,353.816,1,-1,-1,-1
360,5,1889.264,416.760,191.613,65.585,1,-1,-1,-1
360,7,1798.631,423.911,43.617,34.749,1,-1,-1,-1
360,16,193.032,865.129,1375.771,470.444,1,-1,-1,-1
361,2,1491.140,591.194,426.160,356.132,1,-1,-1,-1
361,5,1889.391,416.646,191.260,65.810,1,-1,-1,-1
361,7,1800.561,423.570,44.945,32.832,1,-1,-1,-1
361,16,25.164,831.649,1248.015,481.343,1,-1,-1,-1
362,16,16.570,800.916,959.924,482.820,1,-1,-1,-1
362,2,1491.587,591.037,425.385,356.039,1,-1,-1,-1
362,5,1889.389,416.645,191.253,65.814,1,-1,-1,-1
362,7,1800.564,423.566,44.949,32.843,1,-1,-1,-1
363,2,1491.657,591.121,425.351,355.916,1,-1,-1,-1
363,7,1800.557,423.572,44.974,32.829,1,-1,-1,-1
363,16,21.006,780.653,676.945,469.694,1,-1,-1,-1
363,5,1889.382,416.629,191.275,65.833,1,-1,-1,-1
364,16,1.763,766.793,411.090,403.603,1,-1,-1,-1
364,2,1491.518,591.142,425.604,355.968,1,-1,-1,-1
364,5,1889.384,416.635,191.271,65.816,1,-1,-1,-1
364,7,1800.542,423.579,44.966,32.853,1,-1,-1,-1
365,5,1889.396,416.640,191.262,65.817,1,-1,-1,-1
365,2,1491.667,591.109,425.335,355.960,1,-1,-1,-1
365,7,1800.544,423.574,44.996,32.855,1,-1,-1,-1
366,7,1800.545,423.570,45.000,32.860,1,-1,-1,-1
366,2,1491.715,590.952,425.323,356.168,1,-1,-1,-1
366,5,1889.399,416.641,191.260,65.817,1,-1,-1,-1
367,7,1798.906,424.028,49.504,30.475,1,-1,-1,-1
367,5,1889.502,416.885,190.743,65.476,1,-1,-1,-1
367,2,1494.650,590.633,421.777,355.945,1,-1,-1,-1
368,7,1798.837,423.894,49.657,30.530,1,-1,-1,-1
368,5,1889.314,416.898,190.990,65.441,1,-1,-1,-1
368,2,1493.870,591.062,422.826,355.644,1,-1,-1,-1
369,7,1798.866,423.884,49.582,30.535,1,-1,-1,-1
369,5,1889.389,416.895,191.016,65.492,1,-1,-1,-1
369,2,1494.131,591.165,422.470,355.542,1,-1,-1,-1
370,7,1798.843,423.860,49.652,30.558,1,-1,-1,-1
370,2,1493.777,591.037,422.999,355.715,1,-1,-1,-1
370,5,1889.387,416.893,191.026,65.477,1,-1,-1,-1
371,5,1889.413,416.894,190.997,65.480,1,-1,-1,-1
371,7,1798.838,423.858,49.663,30.556,1,-1,-1,-1
371,2,1493.792,591.018,422.948,355.767,1,-1,-1,-1
372,5,1889.482,416.896,190.903,65.462,1,-1,-1,-1
372,2,1493.658,591.019,423.187,355.887,1,-1,-1,-1
372,7,1798.884,423.836,49.605,30.654,1,-1,-1,-1
373,7,1799.229,422.434,47.500,32.327,1,-1,-1,-1
373,2,1493.837,590.476,422.684,355.994,1,-1,-1,-1
373,5,1888.979,416.896,191.207,65.326,1,-1,-1,-1
374,2,1493.804,590.555,422.774,355.904,1,-1,-1,-1
374,5,1888.992,416.902,191.199,65.327,1,-1,-1,-1
374,7,1799.143,422.414,47.699,32.350,1,-1,-1,-1
375,5,1889.012,416.896,191.198,65.334,1,-1,-1,-1
375,2,1493.847,590.530,422.624,355.967,1,-1,-1,-1
375,7,1799.164,422.419,47.643,32.352,1,-1,-1,-1
376,5,1889.049,416.905,191.121,65.347,1,-1,-1,-1
376,2,1493.596,590.635,422.761,355.802,1,-1,-1,-1
376,7,1799.169,422.412,47.609,32.365,1,-1,-1,-1
377,2,1500.371,593.958,404.402,353.885,1,-1,-1,-1
377,5,1889.172,416.511,191.150,66.291,1,-1,-1,-1
377,7,1799.115,422.506,47.608,32.317,1,-1,-1,-1
378,2,1497.808,589.136,417.950,356.945,1,-1,-1,-1
378,7,1799.070,422.538,47.608,32.317,1,-1,-1,-1
378,5,1889.130,416.508,191.261,66.246,1,-1,-1,-1
379,7,1799.024,422.570,47.608,32.317,1,-1,-1,-1
379,5,1889.160,416.515,191.257,66.257,1,-1,-1,-1
379,2,1497.551,588.965,418.344,357.080,1,-1,-1,-1
380,5,1889.140,416.519,191.259,66.245,1,-1,-1,-1
380,7,1798.978,422.602,47.608,32.317,1,-1,-1,-1
380,17,2466.855,1142.631,91.092,222.824,1,-1,-1,-1
380,2,1497.727,588.738,418.130,357.206,1,-1,-1,-1
381,5,1889.164,416.526,191.243,66.243,1,-1,-1,-1
381,7,1798.932,422.634,47.608,32.317,1,-1,-1,-1
381,17,2166.463,1086.056,382.330,383.706,1,-1,-1,-1
381,2,1497.665,588.472,418.415,357.832,1,-1,-1,-1
382,5,1889.147,416.519,191.256,66.215,1,-1,-1,-1
382,17,1859.093,1001.968,691.825,443.781,1,-1,-1,-1
382,7,1798.886,422.666,47.608,32.317,1,-1,-1,-1
382,2,1498.264,588.993,417.734,357.851,1,-1,-1,-1
383,2,1500.953,597.169,406.206,349.642,1,-1,-1,-1
383,17,1859.093,1001.968,691.825,443.781,1,-1,-1,-1
383,5,1889.194,416.513,191.227,66.277,1,-1,-1,-1
383,7,1798.270,422.719,48.269,32.656,1,-1,-1,-1
384,2,1491.093,594.569,429.977,357.418,1,-1,-1,-1
384,17,1159.500,959.655,1255.289,461.354,1,-1,-1,-1
384,5,1889.173,416.532,191.217,66.252,1,-1,-1,-1
384,7,1797.654,422.772,48.931,32.995,1,-1,-1,-1
385,17,807.571,925.257,1242.031,476.412,1,-1,-1,-1
385,2,1494.298,596.536,424.667,350.487,1,-1,-1,-1
385,5,1889.039,416.326,191.453,66.418,1,-1,-1,-1
385,7,1797.038,422.825,49.592,33.333,1,-1,-1,-1
386,5,1888.959,416.377,191.422,66.367,1,-1,-1,-1
386,7,1796.422,422.878,50.254,33.672,1,-1,-1,-1
386,2,1500.381,593.154,421.007,355.481,1,-1,-1,-1
386,17,435.215,885.035,1250.053,495.951,1,-1,-1,-1
387,7,1795.806,422.931,50.915,34.011,1,-1,-1,-1
387,5,1888.229,416.741,192.690,65.586,1,-1,-1,-1
387,17,50.711,854.833,1272.027,488.935,1,-1,-1,-1
387,2,1501.193,595.565,425.210,356.056,1,-1,-1,-1
388,17,9.391,823.350,963.721,487.558,1,-1,-1,-1
388,2,1502.006,597.975,429.413,356.632,1,-1,-1,-1
388,5,1888.314,416.804,192.598,65.552,1,-1,-1,-1
388,7,1795.755,422.948,50.716,34.022,1,-1,-1,-1
389,2,1502.818,600.386,433.616,357.207,1,-1,-1,-1
389,17,7.910,790.142,634.502,478.582,1,-1,-1,-1
389,7,1795.728,422.950,50.789,34.029,1,-1,-1,-1
389,5,1888.286,416.829,192.673,65.515,1,-1,-1,-1
390,7,1795.517,422.771,51.241,34.332,1,-1,-1,-1
390,2,1507.741,602.854,444.852,362.266,1,-1,-1,-1
390,5,1888.294,416.819,192.758,65.571,1,-1,-1,-1
390,17,7.176,793.742,293.307,378.323,1,-1,-1,-1
391,7,1795.531,422.769,51.198,34.294,1,-1,-1,-1
391,2,1512.664,605.323,456.087,367.325,1,-1,-1,-1
391,5,1888.303,416.825,192.815,65.591,1,-1,-1,-1
392,5,1888.318,416.816,192.780,65.594,1,-1,-1,-1
392,2,1517.588,607.791,467.323,372.384,1,-1,-1,-1
392,7,1795.501,422.757,51.227,34.352,1,-1,-1,-1
393,7,1796.595,422.351,53.966,32.957,1,-1,-1,-1
393,5,1888.259,416.768,192.851,65.573,1,-1,-1,-1
393,2,1522.511,610.260,478.558,377.443,1,-1,-1,-1
394,5,1888.275,416.768,192.803,65.611,1,-1,-1,-1
394,7,1796.582,422.340,54.000,32.936,1,-1,-1,-1
394,2,1527.434,612.728,489.794,382.502,1,-1,-1,-1
395,5,1888.252,416.763,192.825,65.626,1,-1,-1,-1
395,7,1796.589,422.328,54.007,32.959,1,-1,-1,-1
395,2,1534.344,615.990,512.808,390.370,1,-1,-1,-1
396,5,1888.226,416.752,192.824,65.632,1,-1,-1,-1
396,2,1541.253,619.253,535.821,398.238,1,-1,-1,-1
396,7,1795.427,422.746,51.460,34.309,1,-1,-1,-1
397,5,1890.009,416.828,191.792,65.515,1,-1,-1,-1
397,2,1548.163,622.515,558.835,406.106,1,-1,-1,-1
398,5,1889.934,416.831,191.897,65.480,1,-1,-1,-1
398,2,1548.422,629.271,591.706,412.404,1,-1,-1,-1
399,5,1890.092,416.920,192.039,65.351,1,-1,-1,-1
399,2,1548.680,636.028,624.576,418.702,1,-1,-1,-1
400,5,1890.012,416.951,192.048,65.352,1,-1,-1,-1
400,2,1572.571,657.001,658.272,411.221,1,-1,-1,-1
401,5,1890.303,416.868,191.887,65.463,1,-1,-1,-1
401,2,1594.144,656.759,686.391,431.795,1,-1,-1,-1
402,2,1617.998,668.919,729.452,441.919,1,-1,-1,-1
402,5,1890.291,416.845,191.871,65.685,1,-1,-1,-1
403,2,1641.852,681.080,772.513,452.044,1,-1,-1,-1
403,5,1890.342,416.931,191.732,65.442,1,-1,-1,-1
404,2,1665.706,693.240,815.574,462.168,1,-1,-1,-1
404,5,1889.621,416.863,192.428,65.215,1,-1,-1,-1
405,2,1675.815,701.382,882.447,470.570,1,-1,-1,-1
405,5,1889.697,416.743,192.502,65.357,1,-1,-1,-1
406,5,1889.753,416.813,192.240,65.411,1,-1,-1,-1
406,2,1739.021,708.731,813.418,498.935,1,-1,-1,-1
407,2,1757.139,723.514,791.162,505.814,1,-1,-1,-1
407,18,1800.286,422.402,40.205,36.897,1,-1,-1,-1
407,5,1889.772,416.584,191.101,65.594,1,-1,-1,-1
408,2,1776.143,751.565,782.857,493.320,1,-1,-1,-1
408,18,1795.998,422.978,46.218,34.255,1,-1,-1,-1
408,5,1889.945,416.550,191.002,65.694,1,-1,-1,-1
409,18,1795.178,422.789,49.917,35.431,1,-1,-1,-1
409,2,1836.472,760.307,723.042,454.902,1,-1,-1,-1
409,5,1889.876,416.451,190.766,65.841,1,-1,-1,-1
410,5,1889.929,416.455,190.908,65.914,1,-1,-1,-1
410,18,1797.666,422.791,51.241,33.700,1,-1,-1,-1
410,2,1900.075,767.034,657.428,431.817,1,-1,-1,-1
411,5,1890.200,416.294,190.812,65.840,1,-1,-1,-1
411,2,1930.614,763.817,628.386,443.137,1,-1,-1,-1
411,18,1795.150,422.781,50.245,35.753,1,-1,-1,-1
412,5,1889.427,416.718,190.503,65.670,1,-1,-1,-1
412,2,2021.080,782.511,536.195,385.431,1,-1,-1,-1
413,5,1889.947,416.665,190.787,65.794,1,-1,-1,-1
413,2,2124.464,810.575,429.471,366.196,1,-1,-1,-1
414,2,2218.546,828.838,337.208,373.378,1,-1,-1,-1
414,5,1890.022,416.640,190.567,65.913,1,-1,-1,-1
415,5,1890.182,416.601,190.339,65.950,1,-1,-1,-1
415,2,2298.143,803.756,253.143,426.545,1,-1,-1,-1
416,5,1890.136,416.550,190.375,65.959,1,-1,-1,-1
417,5,1889.694,417.281,190.246,65.336,1,-1,-1,-1
417,19,1799.840,421.881,47.385,35.764,1,-1,-1,-1
418,19,1799.782,421.825,47.183,35.896,1,-1,-1,-1
418,5,1889.764,417.268,190.221,65.331,1,-1,-1,-1
419,5,1889.565,417.266,190.437,65.336,1,-1,-1,-1
419,19,1796.250,423.610,49.183,35.733,1,-1,-1,-1
420,5,1889.470,417.383,190.678,65.241,1,-1,-1,-1
420,19,1796.430,423.687,48.833,35.526,1,-1,-1,-1
421,19,1800.089,421.675,47.228,36.381,1,-1,-1,-1
421,5,1889.877,417.265,190.255,65.054,1,-1,-1,-1
422,19,1799.816,421.511,47.373,36.510,1,-1,-1,-1
422,5,1889.515,417.175,190.566,65.024,1,-1,-1,-1
423,5,1889.288,417.200,191.158,64.943,1,-1,-1,-1
423,19,1799.865,421.556,47.351,36.636,1,-1,-1,-1
424,5,1889.101,417.136,191.344,65.004,1,-1,-1,-1
424,19,1799.482,421.464,47.527,37.105,1,-1,-1,-1
425,19,1799.670,421.287,47.871,37.904,1,-1,-1,-1
425,5,1889.530,417.281,190.698,65.160,1,-1,-1,-1
426,19,1823.103,424.881,47.765,37.546,1,-1,-1,-1
426,5,1889.033,417.338,192.687,65.292,1,-1,-1,-1
427,19,1798.756,422.628,51.317,34.271,1,-1,-1,-1
427,5,1890.342,416.800,190.535,65.319,1,-1,-1,-1
428,5,1890.618,416.801,190.285,65.285,1,-1,-1,-1
428,19,1798.643,422.620,51.294,34.187,1,-1,-1,-1
429,19,1798.664,422.613,51.273,34.134,1,-1,-1,-1
429,5,1890.710,416.787,190.193,65.296,1,-1,-1,-1
430,5,1890.645,416.760,190.159,65.278,1,-1,-1,-1
430,19,1798.629,422.614,51.308,34.102,1,-1,-1,-1
431,5,1890.702,416.765,190.158,65.304,1,-1,-1,-1
431,19,1798.917,422.555,50.527,34.265,1,-1,-1,-1
432,5,1890.685,416.748,190.163,65.315,1,-1,-1,-1
432,19,1798.875,422.559,50.611,34.249,1,-1,-1,-1
433,5,1890.616,416.581,190.281,65.263,1,-1,-1,-1
433,19,1798.384,422.559,51.792,33.980,1,-1,-1,-1
434,5,1890.632,416.583,190.319,65.267,1,-1,-1,-1
434,19,1798.376,422.573,51.801,33.937,1,-1,-1,-1
435,5,1890.607,416.588,190.406,65.274,1,-1,-1,-1
435,19,1798.381,422.546,51.773,34.003,1,-1,-1,-1
436,19,1798.456,422.563,51.709,34.018,1,-1,-1,-1
436,5,1890.740,416.530,190.472,65.357,1,-1,-1,-1
437,19,1796.944,422.277,49.580,34.875,1,-1,-1,-1
437,5,1889.114,416.834,191.911,65.117,1,-1,-1,-1
438,5,1889.253,416.803,191.785,65.103,1,-1,-1,-1
438,19,1797.057,422.271,49.252,34.790,1,-1,-1,-1
439,5,1889.182,416.790,191.802,65.077,1,-1,-1,-1
439,19,1797.027,422.281,49.281,34.798,1,-1,-1,-1
440,5,1889.189,416.781,191.760,65.067,1,-1,-1,-1
440,19,1797.043,422.323,49.145,34.731,1,-1,-1,-1
441,5,1889.199,416.782,191.744,65.055,1,-1,-1,-1
441,19,1797.031,422.333,49.227,34.743,1,-1,-1,-1
442,19,1797.040,422.343,49.187,34.731,1,-1,-1,-1
442,5,1889.170,416.750,191.775,65.081,1,-1,-1,-1
443,19,1797.062,422.352,49.155,34.707,1,-1,-1,-1
443,5,1889.168,416.753,191.773,65.082,1,-1,-1,-1
444,19,1797.056,422.349,49.166,34.703,1,-1,-1,-1
444,5,1889.176,416.755,191.801,65.084,1,-1,-1,-1
445,19,1798.426,422.475,47.700,34.593,1,-1,-1,-1
445,5,1889.091,416.687,191.714,65.253,1,-1,-1,-1
446,19,1798.440,422.477,47.651,34.588,1,-1,-1,-1
446,5,1889.064,416.690,191.734,65.248,1,-1,-1,-1
447,19,1798.435,422.482,47.630,34.579,1,-1,-1,-1
447,5,1889.069,416.685,191.728,65.249,1,-1,-1,-1
448,19,1798.396,422.501,47.552,34.482,1,-1,-1,-1
448,5,1889.061,416.682,191.729,65.250,1,-1,-1,-1
449,5,1889.062,416.682,191.729,65.251,1,-1,-1,-1
449,19,1798.396,422.499,47.566,34.489,1,-1,-1,-1
450,5,1889.027,416.678,191.755,65.254,1,-1,-1,-1
450,19,1798.400,422.499,47.559,34.488,1,-1,-1,-1
451,5,1889.017,416.686,191.747,65.245,1,-1,-1,-1
451,19,1798.431,422.545,47.514,34.472,1,-1,-1,-1
452,19,1798.432,422.550,47.486,34.466,1,-1,-1,-1
452,5,1889.012,416.687,191.753,65.245,1,-1,-1,-1
453,5,1889.023,416.685,191.723,65.233,1,-1,-1,-1
453,19,1798.426,422.550,47.513,34.466,1,-1,-1,-1
454,5,1889.023,416.684,191.720,65.250,1,-1,-1,-1
454,19,1798.426,422.547,47.512,34.471,1,-1,-1,-1
455,5,1889.056,416.697,191.690,65.259,1,-1,-1,-1
455,19,1798.450,422.551,47.446,34.480,1,-1,-1,-1
456,5,1889.043,416.703,191.718,65.253,1,-1,-1,-1
456,19,1798.458,422.552,47.434,34.482,1,-1,-1,-1
457,5,1889.115,416.724,191.611,65.165,1,-1,-1,-1
457,19,1798.443,422.546,47.587,34.448,1,-1,-1,-1
458,5,1889.123,416.765,191.563,65.141,1,-1,-1,-1
458,19,1798.284,422.447,48.255,34.547,1,-1,-1,-1
459,5,1889.136,416.767,191.481,65.145,1,-1,-1,-1
459,19,1798.152,422.384,48.804,34.481,1,-1,-1,-1
460,19,1798.146,422.385,48.786,34.480,1,-1,-1,-1
460,5,1889.167,416.766,191.415,65.137,1,-1,-1,-1
