3,1,1888.22,413.22,198.78,71.57,1,-1,-1,-1
4,1,1887.98,413.16,199.09,71.68,1,-1,-1,-1
5,1,1887.89,413.14,199.21,71.73,1,-1,-1,-1
6,1,1887.88,413.17,199.23,71.74,1,-1,-1,-1
7,1,1887.89,413.19,199.23,71.74,1,-1,-1,-1
8,1,1887.90,413.20,199.21,71.73,1,-1,-1,-1
9,1,1887.90,413.21,199.20,71.73,1,-1,-1,-1
10,1,1887.90,413.21,199.20,71.73,1,-1,-1,-1
11,1,1887.90,413.21,199.20,71.73,1,-1,-1,-1
12,1,1887.90,413.21,199.19,71.73,1,-1,-1,-1
13,1,1887.94,413.18,199.19,71.73,1,-1,-1,-1
14,1,1887.98,413.18,199.18,71.73,1,-1,-1,-1
15,1,1887.99,413.18,199.17,71.73,1,-1,-1,-1
16,1,1888.00,413.18,199.16,71.72,1,-1,-1,-1
17,1,1888.04,413.20,199.13,71.71,1,-1,-1,-1
18,1,1888.05,413.20,199.13,71.70,1,-1,-1,-1
19,1,1888.08,413.23,199.08,71.68,1,-1,-1,-1
20,1,1888.08,413.24,199.06,71.67,1,-1,-1,-1
21,1,1888.10,413.25,199.05,71.66,1,-1,-1,-1
22,1,1888.17,413.27,198.99,71.63,1,-1,-1,-1
23,1,1888.25,413.24,199.00,71.63,1,-1,-1,-1
24,1,1888.22,413.20,199.07,71.65,1,-1,-1,-1
25,1,1888.25,413.21,198.95,71.59,1,-1,-1,-1
26,1,1888.27,413.22,198.91,71.56,1,-1,-1,-1
27,1,1888.28,413.24,198.90,71.55,1,-1,-1,-1
28,1,1888.27,413.26,198.82,71.51,1,-1,-1,-1
29,1,1888.23,413.28,198.80,71.50,1,-1,-1,-1
30,1,1888.31,413.34,198.67,71.44,1,-1,-1,-1
31,1,1888.33,413.36,198.63,71.42,1,-1,-1,-1
32,1,1888.33,413.37,198.63,71.41,1,-1,-1,-1
33,1,1888.34,413.41,198.56,71.37,1,-1,-1,-1
34,1,1888.28,413.40,198.60,71.38,1,-1,-1,-1
35,1,1888.21,413.40,198.57,71.38,1,-1,-1,-1
36,1,1888.14,413.40,198.54,71.38,1,-1,-1,-1
37,1,1888.15,413.42,198.47,71.37,1,-1,-1,-1
38,1,1888.17,413.42,198.44,71.36,1,-1,-1,-1
39,1,1888.21,413.43,198.40,71.35,1,-1,-1,-1
40,1,1888.18,413.43,198.39,71.35,1,-1,-1,-1
41,1,1888.22,413.47,198.31,71.33,1,-1,-1,-1
42,1,1888.28,413.50,198.27,71.32,1,-1,-1,-1
43,1,1888.25,413.47,198.32,71.34,1,-1,-1,-1
44,1,1888.25,413.46,198.30,71.34,1,-1,-1,-1
45,1,1888.25,413.46,198.29,71.34,1,-1,-1,-1
46,1,1888.26,413.46,198.28,71.35,1,-1,-1,-1
47,1,1890.20,413.89,196.65,70.63,1,-1,-1,-1
47,3,2292.24,444.65,221.94,79.09,1,-1,-1,-1
48,1,1890.90,414.10,196.17,70.35,1,-1,-1,-1
48,3,2249.52,440.55,234.99,83.70,1,-1,-1,-1
49,1,1891.13,414.19,196.13,70.22,1,-1,-1,-1
49,3,2209.23,435.60,232.88,83.54,1,-1,-1,-1
50,1,1890.99,414.17,196.34,70.21,1,-1,-1,-1
50,3,2188.26,436.33,231.14,82.63,1,-1,-1,-1
51,1,1890.89,414.15,196.33,70.14,1,-1,-1,-1
51,3,2156.95,432.04,246.48,88.44,1,-1,-1,-1
52,1,1890.37,414.11,196.40,70.16,1,-1,-1,-1
52,3,2143.71,435.40,241.58,86.11,1,-1,-1,-1
53,1,1890.52,414.01,196.85,70.31,1,-1,-1,-1
53,3,2113.92,431.09,257.36,91.38,1,-1,-1,-1
54,1,1888.58,412.51,202.34,72.99,1,-1,-1,-1
54,3,2090.82,425.87,270.58,95.40,1,-1,-1,-1
55,1,1886.68,413.16,196.10,71.04,1,-1,-1,-1
55,3,2068.64,423.79,275.49,97.09,1,-1,-1,-1
56,1,1891.07,416.48,184.03,66.46,1,-1,-1,-1
56,3,2038.78,420.73,279.79,97.89,1,-1,-1,-1
57,1,1891.13,417.51,176.33,63.80,1,-1,-1,-1
57,3,2014.53,414.49,284.31,99.90,1,-1,-1,-1
58,1,1897.81,420.24,155.74,57.48,1,-1,-1,-1
58,3,1982.89,412.88,289.35,102.56,1,-1,-1,-1
59,1,1881.10,421.87,145.07,55.24,1,-1,-1,-1
59,3,1958.29,410.29,289.83,103.26,1,-1,-1,-1
60,1,1876.80,420.26,135.89,53.40,1,-1,-1,-1
60,3,1935.07,408.31,289.17,102.74,1,-1,-1,-1
61,1,1874.03,420.73,131.86,51.82,1,-1,-1,-1
61,3,1916.65,407.79,282.91,100.16,1,-1,-1,-1
62,3,1893.90,406.96,283.41,100.70,1,-1,-1,-1
63,3,1880.53,407.94,278.15,99.22,1,-1,-1,-1
64,3,1862.74,404.64,280.85,101.26,1,-1,-1,-1
65,3,1839.05,397.69,283.57,102.34,1,-1,-1,-1
66,3,1816.55,400.10,274.45,97.81,1,-1,-1,-1
67,3,1814.78,396.15,270.77,97.83,1,-1,-1,-1
68,3,1803.92,397.98,263.05,93.85,1,-1,-1,-1
69,3,1786.37,396.89,261.64,93.14,1,-1,-1,-1
70,3,1782.84,399.30,259.34,90.88,1,-1,-1,-1
71,3,1773.93,397.22,267.13,92.40,1,-1,-1,-1
72,3,1745.16,393.59,261.23,91.87,1,-1,-1,-1
73,3,1737.13,392.44,249.94,89.58,1,-1,-1,-1
74,3,1723.05,399.45,211.80,78.64,1,-1,-1,-1
75,3,1686.91,390.58,218.32,81.92,1,-1,-1,-1
75,8,1947.27,421.00,123.06,62.49,1,-1,-1,-1
75,9,1690.52,387.90,83.63,74.19,1,-1,-1,-1
76,3,1670.48,387.66,217.14,81.70,1,-1,-1,-1
76,8,1944.11,421.45,124.11,62.35,1,-1,-1,-1
76,9,1687.13,386.94,84.63,75.07,1,-1,-1,-1
77,3,1655.74,384.10,228.79,85.89,1,-1,-1,-1
77,8,1924.69,414.42,139.49,69.25,1,-1,-1,-1
77,10,1778.50,402.78,182.51,72.45,1,-1,-1,-1
78,3,1640.35,383.00,226.36,84.81,1,-1,-1,-1
78,8,1914.72,412.91,145.54,70.95,1,-1,-1,-1
78,10,1769.54,405.94,176.02,70.79,1,-1,-1,-1
79,3,1630.40,382.25,233.49,86.55,1,-1,-1,-1
79,8,1912.91,412.50,149.08,71.36,1,-1,-1,-1
79,10,1761.46,406.37,175.72,70.67,1,-1,-1,-1
80,3,1617.10,380.77,245.59,90.68,1,-1,-1,-1
80,8,1910.51,411.73,153.36,72.05,1,-1,-1,-1
81,3,1609.40,379.94,252.03,92.57,1,-1,-1,-1
81,8,1908.81,411.76,156.19,71.95,1,-1,-1,-1
82,3,1593.93,376.27,245.78,90.46,1,-1,-1,-1
82,8,1906.13,411.51,159.70,72.11,1,-1,-1,-1
83,3,1574.80,372.59,251.48,93.63,1,-1,-1,-1
83,8,1905.74,412.34,161.27,71.33,1,-1,-1,-1
84,3,1575.53,376.09,242.71,89.39,1,-1,-1,-1
84,8,1905.01,412.57,163.84,71.10,1,-1,-1,-1
85,3,1569.31,375.90,246.81,91.21,1,-1,-1,-1
85,8,1904.13,412.80,166.26,70.90,1,-1,-1,-1
85,11,1767.68,402.76,91.42,64.38,1,-1,-1,-1
86,3,1564.09,377.04,236.84,87.74,1,-1,-1,-1
86,8,1902.77,412.80,169.01,70.93,1,-1,-1,-1
86,11,1763.72,400.19,95.97,67.58,1,-1,-1,-1
87,3,1558.57,378.02,232.33,85.80,1,-1,-1,-1
87,8,1901.82,413.19,171.25,70.78,1,-1,-1,-1
88,3,1549.93,378.98,227.17,83.84,1,-1,-1,-1
88,8,1900.95,413.34,173.50,70.75,1,-1,-1,-1
89,3,1536.04,376.45,236.27,87.48,1,-1,-1,-1
89,8,1900.14,413.47,175.51,70.69,1,-1,-1,-1
89,12,1759.50,399.10,67.44,70.45,1,-1,-1,-1
90,3,1528.35,374.98,244.50,90.29,1,-1,-1,-1
90,8,1899.39,413.54,177.42,70.66,1,-1,-1,-1
90,12,1761.60,399.53,65.79,68.72,1,-1,-1,-1
91,3,1520.83,375.42,245.57,90.26,1,-1,-1,-1
91,8,1898.63,413.59,179.17,70.63,1,-1,-1,-1
92,3,1521.31,373.39,248.61,90.36,1,-1,-1,-1
92,8,1898.05,413.65,180.64,70.54,1,-1,-1,-1
93,3,1514.64,374.27,249.89,89.35,1,-1,-1,-1
93,8,1897.23,413.49,182.36,70.61,1,-1,-1,-1
94,3,1510.34,374.78,249.58,88.23,1,-1,-1,-1
94,8,1896.53,413.38,183.89,70.66,1,-1,-1,-1
95,3,1498.69,376.39,252.05,87.83,1,-1,-1,-1
95,8,1895.88,413.39,185.21,70.68,1,-1,-1,-1
96,3,1481.83,371.96,261.24,91.37,1,-1,-1,-1
96,8,1895.33,413.40,186.36,70.68,1,-1,-1,-1
97,3,1475.74,372.17,262.05,91.63,1,-1,-1,-1
97,8,1894.89,413.53,187.13,70.56,1,-1,-1,-1
98,3,1472.75,374.35,258.53,89.59,1,-1,-1,-1
98,8,1894.47,413.54,188.07,70.54,1,-1,-1,-1
99,3,1472.12,374.34,261.61,90.46,1,-1,-1,-1
99,8,1894.04,413.51,189.03,70.56,1,-1,-1,-1
100,3,1462.01,371.94,271.29,93.73,1,-1,-1,-1
100,8,1893.75,413.59,189.69,70.48,1,-1,-1,-1
101,3,1437.74,369.78,270.52,94.24,1,-1,-1,-1
101,8,1893.41,413.65,190.36,70.44,1,-1,-1,-1
102,3,1425.94,370.30,273.33,95.13,1,-1,-1,-1
102,8,1893.03,413.62,191.11,70.45,1,-1,-1,-1
103,3,1417.04,369.99,280.62,97.91,1,-1,-1,-1
103,8,1892.71,413.61,191.76,70.45,1,-1,-1,-1
104,3,1409.79,370.63,284.24,99.86,1,-1,-1,-1
104,8,1892.43,413.60,192.35,70.45,1,-1,-1,-1
105,3,1402.52,374.64,278.25,98.86,1,-1,-1,-1
105,8,1892.18,413.61,192.87,70.44,1,-1,-1,-1
106,3,1394.43,373.07,277.53,99.36,1,-1,-1,-1
106,8,1892.00,413.62,193.33,70.43,1,-1,-1,-1
107,3,1391.86,376.89,268.18,96.21,1,-1,-1,-1
107,8,1891.70,413.78,194.12,70.56,1,-1,-1,-1
108,3,1384.58,378.48,265.74,96.56,1,-1,-1,-1
108,8,1891.62,413.87,194.58,70.56,1,-1,-1,-1
109,3,1376.99,378.18,267.78,98.82,1,-1,-1,-1
109,8,1891.13,413.69,195.39,70.73,1,-1,-1,-1
110,3,1369.30,376.52,272.75,102.06,1,-1,-1,-1
110,8,1890.86,413.62,195.89,70.79,1,-1,-1,-1
111,3,1354.06,374.02,280.99,107.30,1,-1,-1,-1
111,8,1890.65,413.62,196.24,70.81,1,-1,-1,-1
112,3,1353.81,376.42,266.76,103.15,1,-1,-1,-1
112,8,1890.50,413.61,196.51,70.81,1,-1,-1,-1
113,3,1346.58,376.46,267.23,105.16,1,-1,-1,-1
113,8,1890.43,413.61,196.69,70.78,1,-1,-1,-1
114,3,1337.78,374.66,268.94,108.30,1,-1,-1,-1
114,8,1890.35,413.62,196.88,70.76,1,-1,-1,-1
115,3,1335.28,376.61,261.85,107.99,1,-1,-1,-1
115,8,1890.26,413.62,197.07,70.76,1,-1,-1,-1
116,3,1331.26,379.41,256.70,107.90,1,-1,-1,-1
116,8,1890.17,413.63,197.25,70.75,1,-1,-1,-1
117,3,1326.98,380.96,252.61,108.86,1,-1,-1,-1
117,8,1890.11,413.64,197.41,70.74,1,-1,-1,-1
118,3,1323.61,383.19,246.92,109.29,1,-1,-1,-1
118,8,1890.05,413.64,197.57,70.73,1,-1,-1,-1
119,3,1318.93,381.15,248.37,113.98,1,-1,-1,-1
119,8,1889.98,413.64,197.72,70.73,1,-1,-1,-1
120,3,1321.58,383.87,238.67,112.93,1,-1,-1,-1
120,8,1889.90,413.64,197.87,70.74,1,-1,-1,-1
121,3,1319.64,383.71,235.70,115.36,1,-1,-1,-1
121,8,1889.85,413.57,198.25,70.83,1,-1,-1,-1
122,3,1317.57,384.26,233.84,118.50,1,-1,-1,-1
122,8,1889.80,413.53,198.47,70.88,1,-1,-1,-1
123,3,1318.00,385.12,227.94,119.80,1,-1,-1,-1
123,8,1889.76,413.52,198.61,70.89,1,-1,-1,-1
124,3,1317.95,384.86,226.44,123.65,1,-1,-1,-1
124,8,1889.72,413.51,198.70,70.90,1,-1,-1,-1
125,3,1318.53,384.72,225.03,127.14,1,-1,-1,-1
125,8,1889.68,413.51,198.77,70.90,1,-1,-1,-1
126,3,1321.43,387.34,219.98,129.20,1,-1,-1,-1
126,8,1889.63,413.50,198.86,70.90,1,-1,-1,-1
127,3,1324.97,389.19,214.99,130.84,1,-1,-1,-1
127,8,1889.59,413.50,198.93,70.91,1,-1,-1,-1
128,3,1331.91,393.52,205.60,129.68,1,-1,-1,-1
128,8,1889.64,413.53,198.94,70.88,1,-1,-1,-1
129,3,1336.57,395.98,200.67,131.01,1,-1,-1,-1
129,8,1889.64,413.54,198.98,70.87,1,-1,-1,-1
130,3,1342.84,399.13,193.85,130.92,1,-1,-1,-1
130,8,1889.69,413.56,199.00,70.85,1,-1,-1,-1
131,3,1344.57,400.85,189.99,132.40,1,-1,-1,-1
131,8,1890.59,413.68,197.87,70.40,1,-1,-1,-1
132,3,1346.75,401.78,191.32,137.52,1,-1,-1,-1
132,8,1890.79,413.74,197.55,70.24,1,-1,-1,-1
132,17,276.76,1071.55,570.98,817.18,1,-1,-1,-1
133,3,1350.85,403.53,190.07,140.45,1,-1,-1,-1
133,8,1890.59,413.54,197.92,70.36,1,-1,-1,-1
133,17,517.86,1108.39,614.32,810.32,1,-1,-1,-1
134,3,1354.38,406.51,188.05,142.13,1,-1,-1,-1
134,8,1890.51,413.46,198.06,70.39,1,-1,-1,-1
134,17,637.83,1107.74,640.46,844.80,1,-1,-1,-1
135,3,1356.22,407.12,186.81,144.09,1,-1,-1,-1
135,8,1890.49,413.42,198.18,70.42,1,-1,-1,-1
136,3,1360.39,409.05,184.85,145.51,1,-1,-1,-1
136,8,1890.38,413.44,198.31,70.46,1,-1,-1,-1
137,3,1361.49,408.85,186.68,149.92,1,-1,-1,-1
137,8,1890.21,413.40,198.43,70.52,1,-1,-1,-1
138,3,1365.00,409.80,188.45,154.31,1,-1,-1,-1
138,8,1890.31,413.44,198.26,70.45,1,-1,-1,-1
139,3,1366.58,409.24,190.35,158.90,1,-1,-1,-1
139,8,1890.35,413.45,198.24,70.42,1,-1,-1,-1
140,3,1368.71,410.53,191.90,162.58,1,-1,-1,-1
140,8,1890.37,413.47,198.23,70.41,1,-1,-1,-1
141,3,1366.19,408.03,200.67,173.12,1,-1,-1,-1
141,8,1890.42,413.33,198.30,70.49,1,-1,-1,-1
142,3,1364.99,408.79,205.12,180.26,1,-1,-1,-1
142,8,1890.63,413.45,197.90,70.38,1,-1,-1,-1
143,3,1365.83,410.66,206.26,184.87,1,-1,-1,-1
143,8,1890.74,413.50,197.73,70.33,1,-1,-1,-1
144,3,1374.79,419.04,192.79,174.00,1,-1,-1,-1
144,8,1890.80,413.54,197.60,70.30,1,-1,-1,-1
145,3,1379.79,424.15,187.11,170.21,1,-1,-1,-1
145,8,1890.80,413.62,197.55,70.28,1,-1,-1,-1
146,3,1382.11,429.05,186.03,169.68,1,-1,-1,-1
146,8,1890.74,413.57,197.73,70.35,1,-1,-1,-1
147,3,1384.32,434.62,185.83,170.13,1,-1,-1,-1
147,8,1890.56,413.51,198.04,70.48,1,-1,-1,-1
148,3,1386.96,439.23,187.80,172.76,1,-1,-1,-1
148,8,1890.51,413.48,198.13,70.53,1,-1,-1,-1
149,3,1390.12,443.16,187.95,173.74,1,-1,-1,-1
149,8,1890.56,413.50,198.19,70.55,1,-1,-1,-1
150,3,1390.89,448.10,187.52,173.28,1,-1,-1,-1
150,8,1890.60,413.48,198.30,70.59,1,-1,-1,-1
151,3,1392.06,453.17,187.50,172.68,1,-1,-1,-1
151,8,1889.86,412.70,199.69,71.14,1,-1,-1,-1
152,3,1392.70,457.68,187.65,171.80,1,-1,-1,-1
152,8,1889.78,412.52,199.61,71.14,1,-1,-1,-1
153,3,1390.57,455.19,198.11,182.55,1,-1,-1,-1
153,8,1889.82,412.47,199.51,71.12,1,-1,-1,-1
154,3,1394.56,459.51,199.32,184.11,1,-1,-1,-1
154,8,1889.87,412.46,199.42,71.11,1,-1,-1,-1
155,3,1397.30,462.74,200.89,185.81,1,-1,-1,-1
155,8,1889.84,412.46,199.40,71.11,1,-1,-1,-1
156,3,1399.21,466.31,204.32,188.60,1,-1,-1,-1
156,8,1889.82,412.44,199.39,71.13,1,-1,-1,-1
157,3,1402.43,471.11,205.66,188.94,1,-1,-1,-1
157,8,1889.70,412.63,199.21,71.07,1,-1,-1,-1
158,3,1402.13,472.90,210.76,193.48,1,-1,-1,-1
158,8,1889.70,412.70,199.08,71.03,1,-1,-1,-1
159,3,1402.68,474.65,215.94,198.21,1,-1,-1,-1
159,8,1889.70,412.71,199.01,71.02,1,-1,-1,-1
160,3,1406.73,476.92,216.79,199.49,1,-1,-1,-1
160,8,1889.72,412.72,198.98,71.02,1,-1,-1,-1
161,3,1402.91,475.47,226.54,209.06,1,-1,-1,-1
161,8,1890.66,413.44,197.97,70.63,1,-1,-1,-1
161,21,1856.66,902.67,484.43,582.34,1,-1,-1,-1
162,3,1404.17,476.54,230.85,213.32,1,-1,-1,-1
162,8,1890.79,413.62,197.84,70.59,1,-1,-1,-1
162,21,1643.29,846.53,544.96,618.20,1,-1,-1,-1
163,3,1406.04,476.96,237.07,220.39,1,-1,-1,-1
163,8,1890.84,413.70,197.77,70.56,1,-1,-1,-1
163,21,1402.74,834.93,606.01,634.18,1,-1,-1,-1
164,3,1406.39,477.51,242.85,227.26,1,-1,-1,-1
164,8,1890.93,413.72,197.75,70.55,1,-1,-1,-1
164,21,1072.21,783.43,708.22,679.59,1,-1,-1,-1
165,3,1408.71,483.36,246.31,230.91,1,-1,-1,-1
165,8,1890.81,413.67,197.93,70.61,1,-1,-1,-1
165,21,677.08,754.92,788.48,686.46,1,-1,-1,-1
166,3,1414.03,489.04,245.42,229.84,1,-1,-1,-1
166,8,1890.68,413.60,198.20,70.73,1,-1,-1,-1
166,21,388.33,713.94,842.54,690.23,1,-1,-1,-1
167,3,1420.11,495.09,244.87,228.18,1,-1,-1,-1
167,8,1890.60,413.54,198.32,70.79,1,-1,-1,-1
167,21,159.67,696.67,849.52,677.48,1,-1,-1,-1
168,3,1422.21,499.43,249.06,231.17,1,-1,-1,-1
168,8,1890.57,413.56,198.31,70.81,1,-1,-1,-1
168,21,7.82,705.74,804.78,636.51,1,-1,-1,-1
169,3,1423.94,502.03,254.20,234.40,1,-1,-1,-1
169,8,1889.96,413.18,199.44,71.30,1,-1,-1,-1
169,21,-99.97,726.22,659.58,532.31,1,-1,-1,-1
170,3,1426.44,506.94,258.93,238.14,1,-1,-1,-1
170,8,1889.66,413.01,199.63,71.43,1,-1,-1,-1
170,21,-292.50,705.62,652.99,526.99,1,-1,-1,-1
171,3,1427.10,511.05,264.75,243.29,1,-1,-1,-1
171,8,1890.95,413.09,198.88,71.07,1,-1,-1,-1
172,3,1432.40,516.31,265.25,243.51,1,-1,-1,-1
172,8,1891.48,413.17,198.62,70.88,1,-1,-1,-1
173,3,1432.78,516.06,273.36,251.19,1,-1,-1,-1
173,8,1891.60,413.25,198.45,70.73,1,-1,-1,-1
174,3,1433.10,516.52,279.16,256.53,1,-1,-1,-1
174,8,1891.46,413.29,198.52,70.66,1,-1,-1,-1
175,3,1434.23,519.03,283.37,259.67,1,-1,-1,-1
175,8,1891.36,413.31,198.71,70.64,1,-1,-1,-1
176,3,1437.37,521.11,290.27,265.43,1,-1,-1,-1
176,8,1891.47,413.30,198.75,70.57,1,-1,-1,-1
177,3,1438.63,525.82,294.60,268.67,1,-1,-1,-1
177,8,1891.37,413.24,199.00,70.59,1,-1,-1,-1
178,3,1438.95,526.62,301.75,275.24,1,-1,-1,-1
178,8,1891.30,413.24,199.15,70.58,1,-1,-1,-1
179,3,1443.85,534.08,300.72,273.34,1,-1,-1,-1
179,8,1891.29,413.27,199.23,70.53,1,-1,-1,-1
180,3,1450.00,541.91,298.97,271.65,1,-1,-1,-1
180,8,1891.18,413.28,199.38,70.53,1,-1,-1,-1
181,3,1452.14,545.66,301.45,273.84,1,-1,-1,-1
181,8,1889.83,413.56,199.59,70.62,1,-1,-1,-1
182,3,1454.66,546.93,304.20,275.83,1,-1,-1,-1
182,8,1889.19,413.59,199.90,70.77,1,-1,-1,-1
183,3,1456.43,547.96,308.00,278.99,1,-1,-1,-1
183,8,1889.01,413.64,199.88,70.79,1,-1,-1,-1
184,3,1458.45,550.59,316.45,285.67,1,-1,-1,-1
184,8,1889.17,413.73,199.67,70.72,1,-1,-1,-1
185,3,1457.87,551.86,326.96,295.11,1,-1,-1,-1
185,8,1889.31,413.86,199.47,70.62,1,-1,-1,-1
186,3,1458.94,552.15,334.18,301.83,1,-1,-1,-1
186,8,1889.33,414.02,199.58,70.64,1,-1,-1,-1
186,23,1885.17,1424.23,523.17,479.29,1,-1,-1,-1
187,3,1461.41,551.95,340.64,308.25,1,-1,-1,-1
187,8,1889.19,413.96,199.70,70.69,1,-1,-1,-1
187,23,1785.22,1372.63,595.13,545.21,1,-1,-1,-1
188,3,1466.45,554.73,342.13,310.27,1,-1,-1,-1
188,8,1889.29,413.97,199.68,70.66,1,-1,-1,-1
189,3,1469.55,560.38,344.97,313.64,1,-1,-1,-1
189,8,1889.58,414.30,199.34,70.51,1,-1,-1,-1
190,3,1478.12,568.98,346.62,315.30,1,-1,-1,-1
190,8,1889.32,414.17,199.50,70.58,1,-1,-1,-1
191,3,1483.30,573.21,349.52,318.06,1,-1,-1,-1
191,8,1888.77,413.43,200.61,71.09,1,-1,-1,-1
192,3,1481.82,570.46,355.92,322.59,1,-1,-1,-1
192,8,1888.70,413.23,200.66,71.20,1,-1,-1,-1
193,3,1483.07,571.07,360.31,324.83,1,-1,-1,-1
193,8,1888.19,412.85,201.16,71.53,1,-1,-1,-1
194,3,1481.14,571.81,370.03,332.40,1,-1,-1,-1
194,8,1888.25,412.82,201.13,71.65,1,-1,-1,-1
194,25,371.81,1010.22,1367.67,699.64,1,-1,-1,-1
195,3,1481.61,576.19,378.47,338.55,1,-1,-1,-1
195,8,1888.37,412.79,200.94,71.71,1,-1,-1,-1
195,25,157.12,959.94,1403.24,717.51,1,-1,-1,-1
196,3,1480.43,577.76,386.69,344.51,1,-1,-1,-1
196,8,1888.48,412.75,200.74,71.75,1,-1,-1,-1
196,25,32.50,931.64,1345.87,686.73,1,-1,-1,-1
197,3,1482.00,581.52,391.73,348.22,1,-1,-1,-1
197,8,1888.56,412.70,200.40,71.74,1,-1,-1,-1
197,25,-26.31,914.95,1253.24,641.22,1,-1,-1,-1
198,3,1482.33,584.15,396.99,352.36,1,-1,-1,-1
198,8,1888.70,412.68,200.05,71.69,1,-1,-1,-1
198,25,-66.11,904.25,1145.51,588.98,1,-1,-1,-1
199,3,1484.88,585.72,401.03,355.39,1,-1,-1,-1
199,8,1888.82,412.66,199.79,71.68,1,-1,-1,-1
199,25,-123.77,877.92,1087.44,567.19,1,-1,-1,-1
200,3,1486.18,586.61,406.47,360.35,1,-1,-1,-1
200,8,1888.70,412.61,199.73,71.76,1,-1,-1,-1
200,25,-167.76,859.45,1019.32,544.51,1,-1,-1,-1
201,3,1490.26,584.81,409.41,363.95,1,-1,-1,-1
201,8,1889.42,412.99,198.18,71.12,1,-1,-1,-1
201,25,-213.53,832.36,950.36,525.00,1,-1,-1,-1
202,3,1496.83,586.61,408.13,361.91,1,-1,-1,-1
202,8,1889.61,413.06,197.86,70.94,1,-1,-1,-1
202,25,-233.99,801.85,841.11,484.98,1,-1,-1,-1
203,3,1501.83,589.82,405.57,358.64,1,-1,-1,-1
203,8,1889.84,413.30,197.34,70.66,1,-1,-1,-1
203,25,-221.35,837.70,660.72,401.75,1,-1,-1,-1
204,3,1501.57,590.20,410.64,361.74,1,-1,-1,-1
204,8,1889.81,413.39,197.29,70.56,1,-1,-1,-1
204,25,-283.43,823.33,598.29,363.79,1,-1,-1,-1
205,3,1504.18,589.51,410.07,360.54,1,-1,-1,-1
205,8,1889.81,413.57,197.15,70.39,1,-1,-1,-1
206,3,1506.96,588.33,412.35,361.77,1,-1,-1,-1
206,8,1889.83,413.60,197.36,70.35,1,-1,-1,-1
207,3,1505.41,590.89,412.47,360.99,1,-1,-1,-1
207,8,1889.54,413.43,197.99,70.49,1,-1,-1,-1
208,3,1503.83,597.75,408.70,355.13,1,-1,-1,-1
208,8,1889.23,413.44,198.14,70.47,1,-1,-1,-1
209,3,1504.91,595.22,412.81,358.37,1,-1,-1,-1
209,8,1888.64,413.09,198.97,70.75,1,-1,-1,-1
210,3,1503.16,599.11,411.74,355.44,1,-1,-1,-1
210,8,1889.05,413.23,198.57,70.56,1,-1,-1,-1
211,3,1501.97,601.78,410.88,352.67,1,-1,-1,-1
211,8,1888.37,412.82,203.98,73.07,1,-1,-1,-1
212,3,1500.36,602.73,411.54,351.30,1,-1,-1,-1
212,8,1888.68,412.70,204.84,73.92,1,-1,-1,-1
213,3,1499.08,601.70,413.44,351.30,1,-1,-1,-1
213,8,1889.12,412.62,204.41,74.27,1,-1,-1,-1
214,3,1498.31,601.34,415.18,351.24,1,-1,-1,-1
214,8,1889.66,412.58,203.53,74.40,1,-1,-1,-1
215,3,1497.09,601.17,417.01,351.35,1,-1,-1,-1
215,8,1890.25,412.56,202.45,74.42,1,-1,-1,-1
216,3,1496.53,601.56,417.84,350.71,1,-1,-1,-1
216,8,1890.78,412.56,201.42,74.42,1,-1,-1,-1
217,3,1495.95,601.91,418.99,350.57,1,-1,-1,-1
217,8,1891.21,412.58,200.42,74.39,1,-1,-1,-1
218,3,1495.03,601.90,420.50,350.93,1,-1,-1,-1
218,8,1891.65,412.58,199.48,74.34,1,-1,-1,-1
219,3,1494.31,601.72,421.75,351.21,1,-1,-1,-1
219,8,1892.12,412.58,198.54,74.26,1,-1,-1,-1
220,3,1493.97,601.64,422.45,351.03,1,-1,-1,-1
220,8,1892.49,412.58,197.74,74.21,1,-1,-1,-1
221,3,1494.13,600.80,422.97,350.62,1,-1,-1,-1
221,8,1893.07,412.35,195.97,73.73,1,-1,-1,-1
222,3,1493.98,600.49,423.75,350.52,1,-1,-1,-1
222,8,1894.42,412.93,191.16,71.56,1,-1,-1,-1
223,3,1493.51,600.31,424.77,350.72,1,-1,-1,-1
223,8,1894.67,413.14,189.85,70.74,1,-1,-1,-1
224,3,1492.99,600.11,425.67,350.91,1,-1,-1,-1
224,8,1894.52,413.24,189.87,70.46,1,-1,-1,-1
225,3,1492.67,600.01,426.32,350.96,1,-1,-1,-1
225,8,1894.29,413.29,190.28,70.34,1,-1,-1,-1
226,3,1492.29,599.80,426.95,351.06,1,-1,-1,-1
226,8,1893.97,413.30,190.86,70.31,1,-1,-1,-1
227,3,1492.07,600.00,427.12,350.80,1,-1,-1,-1
227,8,1893.72,413.37,191.31,70.26,1,-1,-1,-1
228,3,1491.62,599.72,427.79,351.07,1,-1,-1,-1
228,8,1893.46,413.36,191.88,70.26,1,-1,-1,-1
229,3,1490.94,599.47,428.61,351.48,1,-1,-1,-1
229,8,1893.17,413.36,192.33,70.21,1,-1,-1,-1
230,3,1490.53,599.32,429.19,351.75,1,-1,-1,-1
230,8,1892.94,413.36,192.84,70.20,1,-1,-1,-1
231,3,1489.80,600.14,428.48,350.47,1,-1,-1,-1
231,8,1891.82,413.26,193.44,70.34,1,-1,-1,-1
232,3,1489.24,600.44,428.72,350.07,1,-1,-1,-1
232,8,1891.26,413.13,194.01,70.49,1,-1,-1,-1
233,3,1488.91,600.64,428.93,349.68,1,-1,-1,-1
233,8,1890.98,413.08,194.29,70.54,1,-1,-1,-1
234,3,1488.53,600.73,429.38,349.52,1,-1,-1,-1
234,8,1890.75,413.01,194.61,70.62,1,-1,-1,-1
235,3,1488.26,600.76,430.02,349.60,1,-1,-1,-1
235,8,1890.64,412.98,194.82,70.66,1,-1,-1,-1
236,3,1488.24,600.94,430.50,349.55,1,-1,-1,-1
236,8,1890.57,412.97,194.92,70.65,1,-1,-1,-1
237,3,1488.17,601.07,430.98,349.56,1,-1,-1,-1
237,8,1890.56,412.97,194.98,70.64,1,-1,-1,-1
238,3,1488.18,601.24,431.11,349.32,1,-1,-1,-1
238,8,1890.57,412.98,195.03,70.63,1,-1,-1,-1
239,3,1488.02,601.39,431.34,349.22,1,-1,-1,-1
239,8,1890.54,412.96,195.14,70.64,1,-1,-1,-1
240,3,1487.89,601.50,431.64,349.23,1,-1,-1,-1
240,8,1890.52,412.96,195.21,70.65,1,-1,-1,-1
241,3,1489.37,595.24,437.14,355.12,1,-1,-1,-1
241,8,1892.83,414.10,193.25,69.80,1,-1,-1,-1
242,3,1489.22,599.16,433.36,351.71,1,-1,-1,-1
242,8,1893.56,414.50,192.81,69.52,1,-1,-1,-1
243,3,1490.36,594.32,436.90,355.91,1,-1,-1,-1
243,8,1893.76,414.60,192.95,69.46,1,-1,-1,-1
244,3,1491.26,592.50,437.32,357.48,1,-1,-1,-1
244,8,1893.78,414.68,193.10,69.41,1,-1,-1,-1
245,3,1491.84,591.81,436.73,358.10,1,-1,-1,-1
245,8,1893.71,414.69,193.31,69.40,1,-1,-1,-1
246,3,1491.44,598.27,430.67,352.38,1,-1,-1,-1
246,8,1893.72,414.79,193.34,69.32,1,-1,-1,-1
247,3,1491.93,594.32,433.99,356.20,1,-1,-1,-1
247,8,1893.66,414.81,193.55,69.31,1,-1,-1,-1
248,3,1492.53,592.74,434.60,357.70,1,-1,-1,-1
248,8,1893.53,414.79,193.83,69.34,1,-1,-1,-1
249,3,1492.10,598.64,429.14,352.40,1,-1,-1,-1
249,8,1893.51,414.87,193.82,69.26,1,-1,-1,-1
250,3,1491.72,600.92,427.44,350.26,1,-1,-1,-1
250,8,1893.45,414.90,193.94,69.23,1,-1,-1,-1
251,3,1492.35,595.24,432.43,355.37,1,-1,-1,-1
251,8,1893.32,414.91,194.11,69.24,1,-1,-1,-1
252,3,1493.12,593.52,433.33,357.05,1,-1,-1,-1
252,8,1893.23,414.91,194.27,69.24,1,-1,-1,-1
253,3,1493.75,593.04,432.89,357.63,1,-1,-1,-1
253,8,1893.03,414.88,194.62,69.33,1,-1,-1,-1
254,3,1494.25,592.90,432.01,357.76,1,-1,-1,-1
254,8,1892.90,414.86,194.83,69.37,1,-1,-1,-1
255,3,1494.75,592.84,431.03,357.75,1,-1,-1,-1
255,8,1892.84,414.85,194.95,69.38,1,-1,-1,-1
256,3,1495.20,592.86,430.10,357.72,1,-1,-1,-1
256,8,1892.81,414.86,195.02,69.37,1,-1,-1,-1
257,3,1495.73,592.94,429.13,357.58,1,-1,-1,-1
257,8,1892.77,414.85,195.09,69.37,1,-1,-1,-1
258,3,1496.25,592.93,428.28,357.47,1,-1,-1,-1
258,8,1892.74,414.86,195.15,69.37,1,-1,-1,-1
259,3,1496.73,592.83,427.60,357.41,1,-1,-1,-1
259,8,1892.71,414.85,195.22,69.37,1,-1,-1,-1
260,3,1497.18,592.71,427.04,357.41,1,-1,-1,-1
260,8,1892.65,414.84,195.32,69.39,1,-1,-1,-1
261,3,1497.39,592.54,426.82,357.69,1,-1,-1,-1
261,8,1892.60,414.83,195.39,69.40,1,-1,-1,-1
262,3,1495.52,599.21,421.70,352.39,1,-1,-1,-1
262,8,1892.57,414.83,195.43,69.40,1,-1,-1,-1
263,3,1495.57,601.08,417.38,347.96,1,-1,-1,-1
263,8,1890.23,414.09,197.02,70.06,1,-1,-1,-1
264,3,1494.33,600.84,418.17,348.34,1,-1,-1,-1
264,8,1889.51,413.86,197.36,70.27,1,-1,-1,-1
264,26,1966.18,935.71,387.24,459.21,1,-1,-1,-1
265,3,1497.18,601.32,416.09,345.42,1,-1,-1,-1
265,8,1889.26,413.90,197.13,70.24,1,-1,-1,-1
265,26,1899.64,915.89,394.82,468.20,1,-1,-1,-1
266,3,1520.17,595.36,372.19,303.07,1,-1,-1,-1
266,8,1889.16,413.89,197.02,70.25,1,-1,-1,-1
267,3,1536.66,593.82,357.79,284.54,1,-1,-1,-1
267,8,1889.17,413.89,196.91,70.26,1,-1,-1,-1
268,3,1491.07,589.30,420.65,335.57,1,-1,-1,-1
268,8,1889.19,413.85,196.92,70.31,1,-1,-1,-1
268,27,501.93,811.87,1358.44,561.50,1,-1,-1,-1
269,3,1490.35,595.59,431.27,344.30,1,-1,-1,-1
269,8,1889.25,413.84,196.84,70.32,1,-1,-1,-1
269,27,170.18,793.48,1320.05,545.31,1,-1,-1,-1
270,3,1486.34,599.12,437.54,349.79,1,-1,-1,-1
270,8,1889.25,413.85,196.72,70.31,1,-1,-1,-1
270,27,-54.25,778.97,1292.70,537.13,1,-1,-1,-1
271,3,1485.67,601.07,438.48,350.67,1,-1,-1,-1
271,8,1889.22,413.87,196.63,70.31,1,-1,-1,-1
271,27,-237.61,741.77,1277.86,541.35,1,-1,-1,-1
272,3,1485.72,601.83,438.43,350.72,1,-1,-1,-1
272,8,1889.21,413.87,196.56,70.32,1,-1,-1,-1
272,27,-359.36,715.55,1213.24,531.51,1,-1,-1,-1
273,3,1485.98,601.72,437.69,350.36,1,-1,-1,-1
273,8,1888.21,413.52,201.08,72.55,1,-1,-1,-1
273,27,-408.90,690.83,1023.02,471.03,1,-1,-1,-1
274,3,1486.31,601.67,437.14,350.15,1,-1,-1,-1
274,8,1888.34,413.35,201.83,73.39,1,-1,-1,-1
274,27,-588.08,668.57,991.87,456.68,1,-1,-1,-1
275,3,1486.43,601.74,436.72,350.02,1,-1,-1,-1
275,8,1888.86,413.28,201.20,73.68,1,-1,-1,-1
276,3,1486.58,601.79,436.43,349.97,1,-1,-1,-1
276,8,1889.43,413.26,200.17,73.78,1,-1,-1,-1
277,3,1487.41,602.19,435.63,349.47,1,-1,-1,-1
277,8,1889.64,413.36,199.18,73.84,1,-1,-1,-1
278,3,1487.62,602.25,435.46,349.51,1,-1,-1,-1
278,8,1890.04,413.40,198.14,73.86,1,-1,-1,-1
279,3,1487.78,602.26,435.22,349.47,1,-1,-1,-1
279,8,1890.48,413.42,197.16,73.85,1,-1,-1,-1
280,3,1487.86,602.24,435.04,349.46,1,-1,-1,-1
280,8,1890.92,413.42,196.26,73.84,1,-1,-1,-1
281,3,1488.00,602.24,434.77,349.37,1,-1,-1,-1
281,8,1891.28,413.41,195.48,73.85,1,-1,-1,-1
282,3,1488.12,602.18,434.59,349.36,1,-1,-1,-1
282,8,1891.66,413.43,194.73,73.85,1,-1,-1,-1
283,3,1489.50,595.87,439.55,355.14,1,-1,-1,-1
283,8,1892.55,413.49,189.67,71.72,1,-1,-1,-1
284,3,1490.63,593.37,440.37,357.47,1,-1,-1,-1
284,8,1892.76,413.57,187.86,70.85,1,-1,-1,-1
285,3,1489.76,597.72,435.77,353.74,1,-1,-1,-1
285,8,1892.72,413.60,187.46,70.53,1,-1,-1,-1
286,3,1489.49,599.55,433.85,352.19,1,-1,-1,-1
286,8,1892.63,413.64,187.51,70.40,1,-1,-1,-1
287,3,1491.23,594.59,436.99,356.29,1,-1,-1,-1
287,8,1892.48,413.65,187.74,70.35,1,-1,-1,-1
288,3,1490.76,598.31,433.16,353.05,1,-1,-1,-1
288,8,1892.41,413.60,188.21,70.41,1,-1,-1,-1
289,3,1490.34,599.25,432.38,352.30,1,-1,-1,-1
289,8,1892.02,413.52,188.82,70.54,1,-1,-1,-1
290,3,1490.08,599.56,432.27,352.10,1,-1,-1,-1
290,8,1891.82,413.48,189.19,70.60,1,-1,-1,-1
291,3,1489.89,599.62,432.36,352.07,1,-1,-1,-1
291,8,1891.68,413.48,189.45,70.62,1,-1,-1,-1
292,3,1489.64,599.64,432.60,352.23,1,-1,-1,-1
292,8,1891.58,413.48,189.66,70.64,1,-1,-1,-1
293,3,1489.42,599.67,432.86,352.41,1,-1,-1,-1
293,8,1891.49,413.48,189.84,70.65,1,-1,-1,-1
294,3,1489.39,599.65,433.01,352.51,1,-1,-1,-1
294,8,1891.36,413.50,189.99,70.64,1,-1,-1,-1
295,3,1489.34,599.62,433.04,352.52,1,-1,-1,-1
295,8,1891.26,413.50,190.14,70.65,1,-1,-1,-1
296,3,1489.37,599.68,433.09,352.52,1,-1,-1,-1
296,8,1891.19,413.50,190.28,70.65,1,-1,-1,-1
297,3,1489.39,599.77,433.07,352.49,1,-1,-1,-1
297,8,1891.13,413.50,190.40,70.66,1,-1,-1,-1
298,3,1489.33,599.76,433.21,352.57,1,-1,-1,-1
298,8,1891.08,413.50,190.50,70.66,1,-1,-1,-1
299,3,1489.27,599.76,433.26,352.58,1,-1,-1,-1
299,8,1891.04,413.50,190.60,70.66,1,-1,-1,-1
300,3,1489.22,599.79,433.29,352.57,1,-1,-1,-1
300,8,1891.01,413.50,190.66,70.65,1,-1,-1,-1
301,3,1489.49,600.00,433.00,352.25,1,-1,-1,-1
301,8,1891.05,413.51,190.67,70.62,1,-1,-1,-1
302,3,1489.57,600.29,432.80,351.98,1,-1,-1,-1
302,8,1891.11,413.58,190.56,70.54,1,-1,-1,-1
303,3,1489.68,600.52,432.64,351.73,1,-1,-1,-1
303,8,1891.10,413.61,190.57,70.51,1,-1,-1,-1
304,3,1489.65,600.60,432.61,351.61,1,-1,-1,-1
304,8,1891.08,413.62,190.63,70.50,1,-1,-1,-1
305,3,1489.59,600.57,432.64,351.55,1,-1,-1,-1
305,8,1891.04,413.62,190.70,70.50,1,-1,-1,-1
306,3,1489.58,600.63,432.64,351.46,1,-1,-1,-1
306,8,1891.01,413.62,190.77,70.50,1,-1,-1,-1
307,3,1489.59,600.81,432.55,351.30,1,-1,-1,-1
307,8,1890.98,413.62,190.84,70.50,1,-1,-1,-1
308,3,1489.62,600.91,432.55,351.24,1,-1,-1,-1
308,8,1890.95,413.62,190.89,70.51,1,-1,-1,-1
309,3,1489.55,600.88,432.75,351.33,1,-1,-1,-1
309,8,1890.93,413.62,190.95,70.51,1,-1,-1,-1
310,3,1489.62,601.04,432.83,351.36,1,-1,-1,-1
310,8,1890.91,413.62,190.99,70.51,1,-1,-1,-1
311,3,1491.87,595.35,436.69,356.05,1,-1,-1,-1
311,8,1890.88,413.62,191.04,70.51,1,-1,-1,-1
312,3,1493.36,593.22,437.07,357.79,1,-1,-1,-1
312,8,1890.89,413.62,191.06,70.51,1,-1,-1,-1
313,3,1494.44,592.50,436.18,358.34,1,-1,-1,-1
313,8,1890.89,413.63,191.09,70.50,1,-1,-1,-1
314,3,1494.96,592.10,435.14,358.66,1,-1,-1,-1
314,8,1890.89,413.62,191.13,70.51,1,-1,-1,-1
315,3,1495.29,591.90,434.33,359.08,1,-1,-1,-1
315,8,1890.88,413.62,191.16,70.51,1,-1,-1,-1
316,3,1495.85,591.86,433.13,359.04,1,-1,-1,-1
316,8,1890.87,413.62,191.18,70.50,1,-1,-1,-1
317,3,1496.20,591.53,430.78,357.73,1,-1,-1,-1
317,8,1892.07,414.28,190.00,69.91,1,-1,-1,-1
318,3,1496.84,591.93,429.11,356.91,1,-1,-1,-1
318,8,1892.26,414.50,189.83,69.72,1,-1,-1,-1
319,3,1497.10,592.24,427.94,356.37,1,-1,-1,-1
319,8,1892.01,414.44,190.18,69.75,1,-1,-1,-1
320,3,1496.61,591.60,428.70,357.61,1,-1,-1,-1
320,8,1891.85,414.41,190.46,69.75,1,-1,-1,-1
321,3,1496.20,591.85,429.64,359.20,1,-1,-1,-1
321,8,1891.79,414.45,190.56,69.69,1,-1,-1,-1
321,29,471.47,1114.11,1550.82,801.07,1,-1,-1,-1
322,3,1495.85,599.83,423.75,353.05,1,-1,-1,-1
322,8,1891.56,414.46,190.56,69.60,1,-1,-1,-1
322,29,598.96,1167.02,1427.70,752.33,1,-1,-1,-1
323,3,1494.75,600.52,423.12,351.55,1,-1,-1,-1
323,8,1890.94,414.24,191.18,69.77,1,-1,-1,-1
323,29,736.91,1194.84,1381.35,727.90,1,-1,-1,-1
324,3,1494.41,600.03,423.49,351.09,1,-1,-1,-1
324,8,1891.28,414.24,191.42,69.83,1,-1,-1,-1
325,3,1493.83,600.66,423.22,349.96,1,-1,-1,-1
325,8,1891.96,414.29,191.64,69.83,1,-1,-1,-1
326,3,1493.64,600.86,423.48,349.50,1,-1,-1,-1
326,8,1892.11,414.50,191.43,69.63,1,-1,-1,-1
327,3,1491.83,600.66,426.44,351.34,1,-1,-1,-1
327,8,1889.82,414.10,195.47,71.59,1,-1,-1,-1
328,3,1490.89,600.82,428.10,352.28,1,-1,-1,-1
328,8,1889.25,413.90,196.39,72.39,1,-1,-1,-1
329,3,1490.26,601.64,427.90,351.58,1,-1,-1,-1
329,8,1889.16,413.65,196.22,72.74,1,-1,-1,-1
330,3,1489.89,601.91,427.90,351.06,1,-1,-1,-1
330,8,1889.45,413.55,195.46,72.84,1,-1,-1,-1
331,3,1489.81,601.72,428.41,351.11,1,-1,-1,-1
331,8,1891.49,414.30,189.54,70.47,1,-1,-1,-1
332,3,1489.93,602.26,428.09,350.38,1,-1,-1,-1
332,8,1890.45,413.90,192.82,72.05,1,-1,-1,-1
333,3,1490.18,602.36,428.06,349.79,1,-1,-1,-1
333,8,1890.38,413.90,193.22,72.54,1,-1,-1,-1
334,3,1491.12,596.82,432.18,354.03,1,-1,-1,-1
334,8,1890.48,413.90,193.08,72.79,1,-1,-1,-1
335,3,1491.90,594.39,433.86,356.15,1,-1,-1,-1
335,8,1890.57,413.82,192.89,73.03,1,-1,-1,-1
336,3,1491.82,592.98,433.84,356.94,1,-1,-1,-1
336,8,1891.55,413.61,192.15,72.95,1,-1,-1,-1
337,3,1493.11,592.30,432.89,357.14,1,-1,-1,-1
337,8,1893.01,413.70,188.92,71.50,1,-1,-1,-1
338,3,1494.17,592.13,431.60,356.97,1,-1,-1,-1
338,8,1893.35,413.67,188.01,70.95,1,-1,-1,-1
339,3,1494.85,592.25,430.40,356.71,1,-1,-1,-1
339,8,1893.19,413.61,188.08,70.80,1,-1,-1,-1
340,3,1495.39,592.31,429.57,356.75,1,-1,-1,-1
340,8,1892.94,413.58,188.44,70.79,1,-1,-1,-1
341,3,1495.99,592.43,428.57,356.56,1,-1,-1,-1
341,8,1892.76,413.60,188.73,70.76,1,-1,-1,-1
342,3,1496.43,592.52,427.89,356.59,1,-1,-1,-1
342,8,1892.60,413.61,189.03,70.74,1,-1,-1,-1
343,3,1496.84,592.57,427.29,356.64,1,-1,-1,-1
343,8,1892.31,413.64,189.30,70.73,1,-1,-1,-1
344,3,1497.11,592.47,426.79,356.73,1,-1,-1,-1
344,8,1891.95,413.58,189.67,70.76,1,-1,-1,-1
345,3,1497.55,592.29,426.46,356.96,1,-1,-1,-1
345,8,1891.72,413.50,190.00,70.80,1,-1,-1,-1
346,3,1497.74,592.11,426.17,357.21,1,-1,-1,-1
346,8,1891.56,413.47,190.26,70.81,1,-1,-1,-1
347,3,1496.71,591.37,426.52,357.98,1,-1,-1,-1
347,8,1891.71,413.94,190.06,70.62,1,-1,-1,-1
348,3,1496.72,591.22,425.98,357.93,1,-1,-1,-1
348,8,1891.68,414.07,190.13,70.54,1,-1,-1,-1
349,3,1496.59,590.89,425.74,358.03,1,-1,-1,-1
349,8,1891.62,414.07,190.36,70.51,1,-1,-1,-1
350,3,1496.71,590.73,425.40,358.02,1,-1,-1,-1
350,8,1891.51,414.06,190.62,70.51,1,-1,-1,-1
351,3,1496.81,590.69,425.15,358.05,1,-1,-1,-1
351,8,1891.43,414.08,190.80,70.48,1,-1,-1,-1
352,3,1496.79,590.39,425.36,358.52,1,-1,-1,-1
352,8,1891.33,414.09,191.01,70.47,1,-1,-1,-1
353,3,1495.05,597.61,420.82,353.25,1,-1,-1,-1
353,8,1891.14,414.08,191.28,70.49,1,-1,-1,-1
354,3,1496.86,593.65,421.21,353.97,1,-1,-1,-1
354,8,1891.01,414.07,191.51,70.51,1,-1,-1,-1
355,3,1496.89,591.60,423.26,356.28,1,-1,-1,-1
355,8,1890.94,414.06,191.67,70.51,1,-1,-1,-1
355,31,1919.24,997.90,482.55,410.50,1,-1,-1,-1
356,3,1493.65,595.85,420.59,353.23,1,-1,-1,-1
356,8,1890.84,414.03,191.79,70.50,1,-1,-1,-1
356,31,1848.97,980.67,508.14,432.27,1,-1,-1,-1
357,3,1496.97,595.77,418.48,350.28,1,-1,-1,-1
357,8,1891.30,414.05,191.36,70.27,1,-1,-1,-1
358,3,1489.84,588.36,430.57,361.71,1,-1,-1,-1
358,8,1891.43,414.07,191.13,70.12,1,-1,-1,-1
359,3,1483.92,588.11,438.53,368.83,1,-1,-1,-1
359,8,1891.42,414.11,191.13,70.05,1,-1,-1,-1
359,32,589.74,908.04,1345.89,448.13,1,-1,-1,-1
360,3,1488.88,593.67,432.57,363.05,1,-1,-1,-1
360,8,1891.36,414.12,191.21,70.03,1,-1,-1,-1
360,32,251.79,872.48,1387.63,461.65,1,-1,-1,-1
361,3,1489.06,597.34,430.13,360.53,1,-1,-1,-1
361,8,1891.08,414.10,191.32,70.04,1,-1,-1,-1
361,32,-24.30,833.17,1406.64,469.93,1,-1,-1,-1
362,3,1491.21,598.90,426.06,355.97,1,-1,-1,-1
362,8,1890.96,414.10,191.39,70.05,1,-1,-1,-1
362,32,-205.75,800.62,1391.03,471.94,1,-1,-1,-1
363,3,1491.35,599.31,425.60,354.53,1,-1,-1,-1
363,8,1890.91,414.12,191.44,70.05,1,-1,-1,-1
363,32,-344.48,775.20,1353.14,472.73,1,-1,-1,-1
364,3,1490.96,599.36,426.20,354.05,1,-1,-1,-1
364,8,1890.85,414.12,191.51,70.06,1,-1,-1,-1
364,32,-423.67,742.91,1224.61,446.39,1,-1,-1,-1
365,3,1490.48,599.23,427.12,353.95,1,-1,-1,-1
365,8,1889.39,413.25,196.68,72.48,1,-1,-1,-1
365,32,-619.83,714.85,1225.23,446.62,1,-1,-1,-1
366,3,1490.12,599.38,427.89,353.78,1,-1,-1,-1
366,8,1889.25,412.93,197.81,73.38,1,-1,-1,-1
367,3,1491.47,600.05,425.74,351.41,1,-1,-1,-1
367,8,1891.76,413.99,191.48,70.80,1,-1,-1,-1
368,3,1491.90,600.27,425.46,350.66,1,-1,-1,-1
368,8,1892.84,414.60,188.75,69.57,1,-1,-1,-1
369,3,1491.76,600.32,425.84,350.53,1,-1,-1,-1
369,8,1893.02,414.81,188.17,69.15,1,-1,-1,-1
370,3,1491.55,600.43,426.24,350.45,1,-1,-1,-1
370,8,1892.93,414.88,188.25,68.99,1,-1,-1,-1
371,3,1491.18,600.32,426.99,350.72,1,-1,-1,-1
371,8,1892.76,414.90,188.59,68.95,1,-1,-1,-1
372,3,1490.86,600.27,427.59,350.89,1,-1,-1,-1
372,8,1892.54,414.88,188.99,68.95,1,-1,-1,-1
373,3,1490.76,600.58,427.35,350.34,1,-1,-1,-1
373,8,1892.42,414.87,189.58,69.01,1,-1,-1,-1
374,3,1490.69,600.68,427.36,350.03,1,-1,-1,-1
374,8,1892.24,414.87,190.02,69.04,1,-1,-1,-1
375,3,1490.57,600.69,427.64,349.97,1,-1,-1,-1
375,8,1892.11,414.89,190.36,69.04,1,-1,-1,-1
376,3,1490.28,600.43,428.07,350.06,1,-1,-1,-1
376,8,1892.02,414.95,190.59,69.00,1,-1,-1,-1
377,3,1490.18,600.24,428.25,349.94,1,-1,-1,-1
377,8,1889.91,414.03,193.12,69.98,1,-1,-1,-1
378,3,1489.74,599.97,429.05,350.39,1,-1,-1,-1
378,8,1889.28,413.77,193.90,70.31,1,-1,-1,-1
379,3,1489.64,599.69,429.40,350.46,1,-1,-1,-1
379,8,1889.09,413.66,194.14,70.44,1,-1,-1,-1
380,3,1489.46,599.40,430.04,350.89,1,-1,-1,-1
380,8,1888.99,413.61,194.20,70.50,1,-1,-1,-1
381,3,1488.26,599.81,430.50,351.23,1,-1,-1,-1
381,8,1888.99,413.59,194.15,70.52,1,-1,-1,-1
382,3,1490.31,594.81,432.29,353.85,1,-1,-1,-1
382,8,1889.17,413.62,194.03,70.51,1,-1,-1,-1
382,34,2141.53,1030.91,181.34,421.51,1,-1,-1,-1
383,3,1487.11,588.37,439.25,362.17,1,-1,-1,-1
383,8,1889.22,413.62,193.95,70.51,1,-1,-1,-1
383,34,2066.96,1010.70,195.34,454.06,1,-1,-1,-1
384,3,1489.53,586.25,443.26,366.42,1,-1,-1,-1
384,8,1889.19,413.56,194.03,70.58,1,-1,-1,-1
385,3,1484.82,582.09,447.63,370.50,1,-1,-1,-1
385,8,1888.83,413.19,194.74,70.91,1,-1,-1,-1
386,3,1492.93,593.14,437.72,362.82,1,-1,-1,-1
386,8,1888.53,413.03,194.91,71.06,1,-1,-1,-1
386,35,455.01,893.54,1388.04,484.41,1,-1,-1,-1
387,3,1492.95,589.01,442.30,366.71,1,-1,-1,-1
387,8,1889.39,413.98,192.11,70.06,1,-1,-1,-1
387,35,79.10,864.72,1373.67,480.22,1,-1,-1,-1
388,3,1495.64,586.19,444.71,368.90,1,-1,-1,-1
388,8,1887.79,413.30,196.84,72.31,1,-1,-1,-1
388,35,-137.63,828.33,1300.13,459.32,1,-1,-1,-1
389,3,1495.47,591.12,445.65,369.06,1,-1,-1,-1
389,8,1887.65,413.22,197.47,73.02,1,-1,-1,-1
389,35,-315.49,798.32,1259.09,456.38,1,-1,-1,-1
390,3,1496.69,593.94,451.85,373.60,1,-1,-1,-1
390,8,1888.02,413.19,196.94,73.27,1,-1,-1,-1
390,35,-435.57,770.28,1133.70,429.40,1,-1,-1,-1
391,3,1500.47,596.09,455.71,375.45,1,-1,-1,-1
391,8,1888.45,413.11,196.31,73.45,1,-1,-1,-1
391,35,-651.92,743.32,1112.81,421.49,1,-1,-1,-1
392,3,1511.95,601.63,457.89,374.63,1,-1,-1,-1
392,8,1888.90,413.08,195.45,73.50,1,-1,-1,-1
393,3,1510.31,598.47,474.76,385.60,1,-1,-1,-1
393,8,1889.27,413.14,194.49,73.47,1,-1,-1,-1
394,3,1513.54,602.48,485.79,391.15,1,-1,-1,-1
394,8,1889.64,413.16,193.66,73.46,1,-1,-1,-1
395,3,1518.98,604.28,505.36,403.41,1,-1,-1,-1
395,8,1890.00,413.17,192.90,73.45,1,-1,-1,-1
396,3,1537.04,614.72,506.24,399.20,1,-1,-1,-1
396,8,1890.32,413.17,192.22,73.44,1,-1,-1,-1
397,3,1548.78,629.70,509.81,396.60,1,-1,-1,-1
397,8,1892.95,414.02,186.24,70.85,1,-1,-1,-1
398,3,1562.21,645.45,518.93,394.49,1,-1,-1,-1
398,8,1893.78,414.39,184.30,69.84,1,-1,-1,-1
399,3,1584.03,656.14,537.57,401.10,1,-1,-1,-1
399,8,1893.90,414.54,183.96,69.46,1,-1,-1,-1
400,3,1595.38,659.59,574.14,420.28,1,-1,-1,-1
400,8,1893.73,414.63,184.15,69.32,1,-1,-1,-1
401,3,1607.48,653.63,616.29,444.08,1,-1,-1,-1
401,8,1893.61,414.70,184.45,69.23,1,-1,-1,-1
402,3,1645.17,671.90,618.04,433.22,1,-1,-1,-1
402,8,1893.19,414.70,185.19,69.35,1,-1,-1,-1
403,3,1674.62,678.01,638.74,432.58,1,-1,-1,-1
403,8,1892.81,414.67,185.77,69.43,1,-1,-1,-1
404,3,1695.96,676.75,687.76,452.57,1,-1,-1,-1
404,8,1892.45,414.64,186.07,69.42,1,-1,-1,-1
405,3,1725.24,691.08,719.36,459.58,1,-1,-1,-1
405,8,1892.00,414.50,186.81,69.61,1,-1,-1,-1
406,3,1744.85,713.32,743.13,466.72,1,-1,-1,-1
406,8,1891.42,414.32,187.43,69.78,1,-1,-1,-1
407,3,1752.40,734.13,772.53,484.14,1,-1,-1,-1
407,8,1891.03,413.77,189.48,70.51,1,-1,-1,-1
408,3,1766.90,746.77,797.32,502.35,1,-1,-1,-1
408,8,1890.65,413.44,190.60,70.92,1,-1,-1,-1
409,3,1785.36,755.69,810.12,510.40,1,-1,-1,-1
409,8,1890.24,413.32,191.28,71.14,1,-1,-1,-1
410,8,1890.04,413.25,191.71,71.27,1,-1,-1,-1
411,8,1889.12,412.95,192.35,71.56,1,-1,-1,-1
412,8,1890.13,413.38,191.14,70.94,1,-1,-1,-1
412,36,2029.24,799.49,513.80,374.68,1,-1,-1,-1
413,8,1890.48,413.61,191.04,70.79,1,-1,-1,-1
413,36,2077.62,801.78,524.79,386.07,1,-1,-1,-1
414,8,1890.38,413.71,191.10,70.71,1,-1,-1,-1
414,36,2130.44,830.09,500.59,373.93,1,-1,-1,-1
415,8,1890.43,413.73,191.42,70.73,1,-1,-1,-1
415,36,2184.00,866.08,471.71,360.75,1,-1,-1,-1
416,8,1890.62,413.82,191.47,70.63,1,-1,-1,-1
416,36,2268.99,846.83,431.22,344.34,1,-1,-1,-1
417,8,1890.86,412.00,194.05,71.59,1,-1,-1,-1
417,36,2320.13,858.72,414.61,331.08,1,-1,-1,-1
418,8,1890.85,411.30,194.94,71.91,1,-1,-1,-1
419,8,1890.92,411.12,195.12,71.95,1,-1,-1,-1
420,8,1891.06,411.07,195.32,72.00,1,-1,-1,-1
421,8,1891.10,411.01,195.43,72.00,1,-1,-1,-1
422,8,1891.00,410.86,195.68,72.09,1,-1,-1,-1
423,8,1890.60,410.67,195.84,72.16,1,-1,-1,-1
424,8,1890.91,410.90,195.10,71.85,1,-1,-1,-1
425,8,1890.57,410.90,195.51,71.95,1,-1,-1,-1
426,8,1890.68,411.00,196.43,72.29,1,-1,-1,-1
427,8,1891.25,412.53,193.22,71.10,1,-1,-1,-1
428,8,1891.39,412.99,192.25,70.72,1,-1,-1,-1
429,8,1891.36,413.17,191.96,70.59,1,-1,-1,-1
430,8,1891.41,413.26,191.82,70.52,1,-1,-1,-1
431,8,1891.39,413.30,191.79,70.48,1,-1,-1,-1
432,8,1891.42,413.32,191.83,70.47,1,-1,-1,-1
433,8,1891.02,413.24,192.25,70.65,1,-1,-1,-1
434,8,1890.88,413.21,192.39,70.71,1,-1,-1,-1
435,8,1890.84,413.17,192.54,70.78,1,-1,-1,-1
436,8,1890.80,413.19,192.56,70.80,1,-1,-1,-1
437,8,1889.98,413.27,192.59,70.78,1,-1,-1,-1
438,8,1889.64,413.31,192.60,70.75,1,-1,-1,-1
439,8,1889.53,413.33,192.74,70.76,1,-1,-1,-1
440,8,1889.50,413.36,192.78,70.74,1,-1,-1,-1
441,8,1889.46,413.36,192.87,70.74,1,-1,-1,-1
442,8,1889.55,413.41,192.76,70.67,1,-1,-1,-1
443,8,1889.54,413.42,192.80,70.65,1,-1,-1,-1
444,8,1889.49,413.39,192.93,70.67,1,-1,-1,-1
445,8,1889.31,413.35,193.26,70.75,1,-1,-1,-1
446,8,1889.21,413.31,193.47,70.79,1,-1,-1,-1
447,8,1889.14,413.29,193.62,70.82,1,-1,-1,-1
448,8,1889.10,413.28,193.73,70.83,1,-1,-1,-1
449,8,1889.06,413.28,193.80,70.83,1,-1,-1,-1
450,8,1889.00,413.26,193.93,70.86,1,-1,-1,-1
451,8,1888.96,413.25,194.01,70.87,1,-1,-1,-1
452,8,1888.93,413.24,194.06,70.87,1,-1,-1,-1
453,8,1888.92,413.25,194.09,70.87,1,-1,-1,-1
454,8,1888.95,413.24,194.15,70.87,1,-1,-1,-1
455,8,1889.01,413.27,194.15,70.85,1,-1,-1,-1
456,8,1889.04,413.30,194.16,70.84,1,-1,-1,-1
457,8,1889.11,413.29,194.11,70.80,1,-1,-1,-1
458,8,1889.12,413.29,194.12,70.79,1,-1,-1,-1
459,8,1889.04,413.24,194.35,70.87,1,-1,-1,-1
460,8,1889.01,413.21,194.49,70.91,1,-1,-1,-1
