1,1,1888.264,413.370,198.752,71.567,1,-1,-1,-1
2,1,1888.075,413.178,199.104,71.620,1,-1,-1,-1
3,1,1888.075,413.240,199.067,71.556,1,-1,-1,-1
4,1,1887.951,413.145,199.083,71.723,1,-1,-1,-1
5,1,1887.932,413.148,199.120,71.733,1,-1,-1,-1
6,1,1887.935,413.197,199.152,71.726,1,-1,-1,-1
7,1,1887.933,413.201,199.161,71.725,1,-1,-1,-1
8,1,1887.933,413.214,199.157,71.720,1,-1,-1,-1
9,1,1887.938,413.212,199.145,71.720,1,-1,-1,-1
10,1,1887.939,413.211,199.129,71.722,1,-1,-1,-1
11,1,1887.935,413.206,199.129,71.725,1,-1,-1,-1
12,1,1887.934,413.207,199.131,71.725,1,-1,-1,-1
13,1,1888.004,413.170,199.105,71.729,1,-1,-1,-1
14,1,1888.009,413.178,199.143,71.721,1,-1,-1,-1
15,1,1888.009,413.178,199.142,71.721,1,-1,-1,-1
16,1,1888.009,413.179,199.141,71.721,1,-1,-1,-1
17,1,1888.017,413.208,199.195,71.701,1,-1,-1,-1
18,1,1888.015,413.209,199.201,71.700,1,-1,-1,-1
19,1,1888.004,413.241,199.214,71.667,1,-1,-1,-1
20,1,1888.002,413.243,199.220,71.664,1,-1,-1,-1
21,1,1888.013,413.253,199.214,71.652,1,-1,-1,-1
22,1,1888.156,413.272,199.064,71.622,1,-1,-1,-1
23,1,1888.170,413.219,199.236,71.627,1,-1,-1,-1
24,1,1888.121,413.177,199.254,71.658,1,-1,-1,-1
25,1,1888.075,413.223,199.258,71.562,1,-1,-1,-1
26,1,1888.119,413.229,199.192,71.557,1,-1,-1,-1
27,1,1888.125,413.245,199.212,71.542,1,-1,-1,-1
28,1,1888.153,413.272,198.995,71.502,1,-1,-1,-1
29,1,1888.120,413.280,198.971,71.500,1,-1,-1,-1
30,1,1888.197,413.372,198.896,71.416,1,-1,-1,-1
31,1,1888.222,413.371,198.853,71.415,1,-1,-1,-1
32,1,1888.222,413.371,198.853,71.415,1,-1,-1,-1
33,1,1888.202,413.421,198.793,71.365,1,-1,-1,-1
34,1,1888.193,413.380,198.740,71.400,1,-1,-1,-1
35,1,1888.266,413.391,198.378,71.389,1,-1,-1,-1
36,1,1888.252,413.399,198.248,71.390,1,-1,-1,-1
37,1,1888.259,413.426,198.255,71.365,1,-1,-1,-1
38,1,1888.286,413.419,198.240,71.366,1,-1,-1,-1
39,1,1888.275,413.430,198.318,71.354,1,-1,-1,-1
40,1,1888.248,413.427,198.246,71.362,1,-1,-1,-1
41,1,1888.306,413.479,198.148,71.327,1,-1,-1,-1
42,1,1888.337,413.506,198.213,71.317,1,-1,-1,-1
43,1,1888.302,413.448,198.206,71.360,1,-1,-1,-1
44,1,1888.330,413.453,198.146,71.348,1,-1,-1,-1
45,1,1888.330,413.452,198.147,71.349,1,-1,-1,-1
45,2,2337.762,460.535,95.214,64.295,1,-1,-1,-1
46,2,2321.637,448.432,228.811,81.819,1,-1,-1,-1
46,1,1888.330,413.452,198.147,71.349,1,-1,-1,-1
47,2,2340.113,465.260,195.114,66.380,1,-1,-1,-1
47,1,1889.612,414.117,199.009,70.270,1,-1,-1,-1
48,1,1889.718,414.172,198.859,70.243,1,-1,-1,-1
48,2,2239.557,439.967,242.770,85.327,1,-1,-1,-1
49,1,1889.716,414.199,199.010,70.212,1,-1,-1,-1
49,2,2220.032,434.765,196.710,83.097,1,-1,-1,-1
50,1,1889.705,414.131,198.723,70.265,1,-1,-1,-1
50,2,2184.480,437.997,243.492,81.992,1,-1,-1,-1
51,1,1889.857,414.108,198.150,70.157,1,-1,-1,-1
51,2,2162.255,431.261,238.261,90.785,1,-1,-1,-1
52,1,1889.915,414.068,196.703,70.218,1,-1,-1,-1
52,2,2140.119,438.488,258.949,84.268,1,-1,-1,-1
53,2,2124.892,430.898,105.872,74.006,1,-1,-1,-1
53,1,1890.310,413.933,197.602,70.422,1,-1,-1,-1
54,2,2092.394,430.943,105.600,73.082,1,-1,-1,-1
54,1,1896.727,411.732,186.789,74.389,1,-1,-1,-1
55,1,1889.454,413.589,185.008,69.862,1,-1,-1,-1
55,2,2069.801,424.060,276.616,97.047,1,-1,-1,-1
56,1,1891.068,418.186,182.770,64.141,1,-1,-1,-1
56,2,2025.172,420.444,301.529,97.376,1,-1,-1,-1
57,1,1892.543,417.845,170.431,62.770,1,-1,-1,-1
57,2,2021.597,412.549,271.392,100.077,1,-1,-1,-1
58,1,1914.343,421.339,120.119,54.851,1,-1,-1,-1
58,2,1992.613,413.625,263.302,103.073,1,-1,-1,-1
59,1,1894.293,422.271,100.891,54.887,1,-1,-1,-1
59,2,1966.635,410.421,272.371,102.666,1,-1,-1,-1
60,2,1932.683,408.755,294.142,101.548,1,-1,-1,-1
61,2,1922.927,406.845,292.267,102.656,1,-1,-1,-1
62,2,1899.861,407.810,272.496,100.438,1,-1,-1,-1
63,2,1887.023,406.258,274.170,100.570,1,-1,-1,-1
64,2,1880.006,403.950,252.575,101.934,1,-1,-1,-1
65,2,1867.465,401.046,246.457,100.519,1,-1,-1,-1
66,2,1854.925,398.142,240.340,99.103,1,-1,-1,-1
67,2,1842.384,395.238,234.222,97.688,1,-1,-1,-1
68,2,1842.384,395.238,234.222,97.688,1,-1,-1,-1
69,2,1784.513,397.251,266.794,92.889,1,-1,-1,-1
70,2,1772.423,401.366,294.947,89.890,1,-1,-1,-1
71,2,1761.955,396.814,303.531,93.382,1,-1,-1,-1
72,2,1785.828,403.741,302.538,93.341,1,-1,-1,-1
73,2,1763.195,392.675,202.211,88.566,1,-1,-1,-1
73,3,1960.957,415.734,120.819,62.144,1,-1,-1,-1
74,2,1756.412,403.659,129.788,73.543,1,-1,-1,-1
74,3,1935.009,421.991,152.096,61.702,1,-1,-1,-1
75,2,1689.677,387.073,201.397,84.042,1,-1,-1,-1
75,4,1843.894,408.772,114.233,66.336,1,-1,-1,-1
75,3,1930.948,420.596,154.868,62.724,1,-1,-1,-1
76,3,1927.144,421.369,158.120,62.225,1,-1,-1,-1
76,2,1674.830,387.036,212.593,82.131,1,-1,-1,-1
77,4,1901.073,411.704,180.291,71.671,1,-1,-1,-1
77,3,1655.589,383.250,240.619,88.419,1,-1,-1,-1
78,2,1797.615,407.393,115.601,69.961,1,-1,-1,-1
78,4,1890.322,412.907,192.690,70.813,1,-1,-1,-1
78,3,1640.565,390.656,119.740,70.550,1,-1,-1,-1
79,4,1894.873,413.029,190.459,70.634,1,-1,-1,-1
79,3,1623.194,382.847,260.432,87.625,1,-1,-1,-1
80,3,1614.702,380.940,260.962,92.903,1,-1,-1,-1
80,4,1892.627,411.996,193.347,71.576,1,-1,-1,-1
80,2,1807.076,410.070,79.449,58.595,1,-1,-1,-1
81,3,1609.100,376.155,101.335,72.400,1,-1,-1,-1
81,4,1891.237,412.400,195.001,71.143,1,-1,-1,-1
82,3,1596.233,375.189,237.374,89.066,1,-1,-1,-1
82,4,1888.154,411.908,198.181,71.537,1,-1,-1,-1
83,3,1586.489,371.666,227.225,95.147,1,-1,-1,-1
83,4,1889.077,413.256,198.153,70.347,1,-1,-1,-1
84,3,1573.226,379.087,260.090,86.817,1,-1,-1,-1
84,4,1889.707,413.050,197.701,70.532,1,-1,-1,-1
85,3,1577.162,376.540,241.199,92.092,1,-1,-1,-1
85,4,1890.117,413.226,196.909,70.412,1,-1,-1,-1
86,3,1571.080,378.348,225.995,85.805,1,-1,-1,-1
86,4,1889.702,413.058,197.167,70.612,1,-1,-1,-1
87,4,1889.653,413.617,197.529,70.417,1,-1,-1,-1
87,3,1558.847,379.039,236.832,84.923,1,-1,-1,-1
88,3,1550.863,379.880,226.388,83.056,1,-1,-1,-1
88,4,1890.192,413.591,196.806,70.488,1,-1,-1,-1
89,4,1890.226,413.683,196.883,70.442,1,-1,-1,-1
89,3,1538.399,375.519,234.339,89.536,1,-1,-1,-1
90,3,1527.524,374.671,254.873,91.798,1,-1,-1,-1
90,4,1890.375,413.703,196.803,70.455,1,-1,-1,-1
91,3,1517.673,376.155,256.056,90.101,1,-1,-1,-1
91,4,1890.345,413.727,196.878,70.451,1,-1,-1,-1
92,3,1514.688,372.746,274.834,90.282,1,-1,-1,-1
92,4,1890.428,413.778,196.908,70.344,1,-1,-1,-1
93,3,1498.105,375.198,286.193,88.717,1,-1,-1,-1
93,4,1890.193,413.486,197.238,70.519,1,-1,-1,-1
94,4,1890.221,413.403,197.239,70.576,1,-1,-1,-1
94,3,1500.034,375.420,274.660,87.608,1,-1,-1,-1
95,3,1493.033,374.420,275.573,88.178,1,-1,-1,-1
95,4,1890.152,413.465,197.261,70.589,1,-1,-1,-1
96,3,1482.075,369.887,257.001,93.212,1,-1,-1,-1
96,4,1890.138,413.475,197.307,70.584,1,-1,-1,-1
97,4,1890.086,413.662,197.141,70.414,1,-1,-1,-1
97,3,1477.242,372.717,262.581,91.596,1,-1,-1,-1
98,4,1889.966,413.587,197.534,70.458,1,-1,-1,-1
98,3,1465.659,375.846,276.775,88.351,1,-1,-1,-1
99,4,1889.951,413.530,197.645,70.507,1,-1,-1,-1
99,3,1473.427,374.540,268.238,90.860,1,-1,-1,-1
100,4,1889.944,413.673,197.650,70.391,1,-1,-1,-1
100,3,1459.607,370.867,278.133,95.341,1,-1,-1,-1
101,4,1889.890,413.711,197.689,70.373,1,-1,-1,-1
101,3,1438.946,368.937,249.147,94.244,1,-1,-1,-1
102,4,1889.760,413.620,197.891,70.420,1,-1,-1,-1
102,3,1423.636,370.956,276.331,95.336,1,-1,-1,-1
103,4,1889.760,413.621,197.888,70.419,1,-1,-1,-1
103,3,1420.697,370.150,277.295,99.093,1,-1,-1,-1
104,4,1889.760,413.621,197.889,70.419,1,-1,-1,-1
104,3,1420.017,371.287,267.245,100.494,1,-1,-1,-1
105,3,1417.786,377.048,245.614,97.845,1,-1,-1,-1
105,4,1889.754,413.627,197.906,70.414,1,-1,-1,-1
106,3,1404.734,372.255,256.970,99.260,1,-1,-1,-1
106,4,1889.707,413.638,198.116,70.394,1,-1,-1,-1
107,3,1397.839,378.994,257.551,94.191,1,-1,-1,-1
107,4,1889.706,413.869,198.352,70.603,1,-1,-1,-1
108,3,1400.779,379.152,233.209,96.597,1,-1,-1,-1
108,4,1889.671,413.922,198.722,70.539,1,-1,-1,-1
109,3,1396.557,377.832,230.512,99.832,1,-1,-1,-1
109,4,1889.357,413.600,198.917,70.789,1,-1,-1,-1
110,3,1387.267,375.470,239.991,103.504,1,-1,-1,-1
110,4,1889.372,413.590,198.917,70.797,1,-1,-1,-1
111,3,1377.249,372.622,231.115,109.705,1,-1,-1,-1
111,4,1889.277,413.623,199.024,70.793,1,-1,-1,-1
112,3,1373.657,377.843,228.000,100.131,1,-1,-1,-1
112,4,1889.287,413.622,199.002,70.787,1,-1,-1,-1
113,3,1369.502,397.615,113.897,79.441,1,-1,-1,-1
113,4,1889.282,413.624,199.075,70.741,1,-1,-1,-1
114,3,1367.145,394.294,119.818,87.383,1,-1,-1,-1
114,4,1889.287,413.631,199.071,70.734,1,-1,-1,-1
115,3,1367.070,377.737,200.407,107.227,1,-1,-1,-1
115,4,1889.287,413.631,199.071,70.734,1,-1,-1,-1
116,3,1355.895,380.838,208.723,107.351,1,-1,-1,-1
116,4,1889.287,413.634,199.054,70.732,1,-1,-1,-1
117,3,1357.889,381.580,192.214,108.912,1,-1,-1,-1
117,4,1889.260,413.652,199.172,70.717,1,-1,-1,-1
118,4,1889.265,413.644,199.175,70.722,1,-1,-1,-1
118,3,1356.296,384.104,182.943,109.066,1,-1,-1,-1
119,4,1889.264,413.644,199.177,70.722,1,-1,-1,-1
119,3,1362.811,379.727,164.254,116.023,1,-1,-1,-1
120,4,1889.264,413.640,199.174,70.730,1,-1,-1,-1
120,3,1360.302,385.148,166.527,111.679,1,-1,-1,-1
121,3,1359.287,383.295,159.718,116.118,1,-1,-1,-1
121,4,1889.355,413.537,199.417,70.875,1,-1,-1,-1
122,3,1357.925,384.259,156.604,119.574,1,-1,-1,-1
122,4,1889.348,413.518,199.437,70.886,1,-1,-1,-1
123,3,1360.096,385.295,147.429,119.781,1,-1,-1,-1
123,4,1889.347,413.519,199.438,70.886,1,-1,-1,-1
124,3,1361.598,384.410,144.275,124.996,1,-1,-1,-1
124,4,1889.349,413.520,199.437,70.885,1,-1,-1,-1
125,3,1357.751,384.369,152.082,128.194,1,-1,-1,-1
125,4,1889.348,413.519,199.437,70.885,1,-1,-1,-1
126,3,1365.394,388.546,137.570,129.366,1,-1,-1,-1
126,4,1889.319,413.503,199.465,70.899,1,-1,-1,-1
127,3,1364.719,389.859,141.157,130.745,1,-1,-1,-1
127,4,1889.319,413.503,199.465,70.899,1,-1,-1,-1
128,3,1371.522,395.467,132.779,128.090,1,-1,-1,-1
128,4,1889.347,413.549,199.586,70.863,1,-1,-1,-1
129,3,1372.836,396.692,133.741,130.923,1,-1,-1,-1
129,4,1889.347,413.549,199.586,70.863,1,-1,-1,-1
130,3,1377.863,400.153,129.607,130.080,1,-1,-1,-1
130,4,1889.359,413.568,199.702,70.837,1,-1,-1,-1
130,5,6.183,1166.776,363.033,544.900,1,-1,-1,-1
131,3,1374.223,401.015,132.609,132.485,1,-1,-1,-1
131,4,1890.404,413.749,198.560,70.165,1,-1,-1,-1
131,5,0.000,1041.660,822.196,826.458,1,-1,-1,-1
132,3,1376.737,401.493,136.334,139.524,1,-1,-1,-1
132,4,1890.291,413.763,198.539,70.185,1,-1,-1,-1
132,5,0.000,1092.003,1264.947,801.407,1,-1,-1,-1
133,5,0.000,1130.194,1800.997,786.268,1,-1,-1,-1
133,3,1378.448,403.728,140.197,141.110,1,-1,-1,-1
133,4,1890.229,413.426,198.566,70.445,1,-1,-1,-1
134,3,1376.647,407.351,147.222,142.047,1,-1,-1,-1
134,4,1890.228,413.428,198.559,70.431,1,-1,-1,-1
135,3,1375.300,406.600,150.557,144.161,1,-1,-1,-1
135,4,1890.258,413.400,198.654,70.449,1,-1,-1,-1
136,3,1380.387,409.290,148.698,145.279,1,-1,-1,-1
136,4,1890.231,413.463,198.522,70.494,1,-1,-1,-1
137,3,1379.750,407.921,152.362,151.322,1,-1,-1,-1
137,4,1890.246,413.386,198.206,70.552,1,-1,-1,-1
138,3,1384.220,409.564,154.649,155.598,1,-1,-1,-1
138,4,1890.192,413.474,198.519,70.413,1,-1,-1,-1
139,4,1890.191,413.464,198.585,70.420,1,-1,-1,-1
139,3,1384.491,408.210,156.652,160.163,1,-1,-1,-1
140,4,1890.182,413.476,198.586,70.405,1,-1,-1,-1
140,3,1383.046,410.611,165.608,163.227,1,-1,-1,-1
141,4,1891.177,413.264,196.865,70.541,1,-1,-1,-1
141,3,1381.988,406.005,170.065,177.505,1,-1,-1,-1
142,4,1891.066,413.526,197.023,70.319,1,-1,-1,-1
142,3,1382.046,408.765,170.969,182.440,1,-1,-1,-1
143,3,1385.193,411.260,167.938,185.403,1,-1,-1,-1
143,4,1890.992,413.533,197.214,70.317,1,-1,-1,-1
144,3,1385.975,423.258,171.709,165.725,1,-1,-1,-1
144,4,1890.986,413.554,197.217,70.295,1,-1,-1,-1
145,3,1388.901,425.984,169.880,166.982,1,-1,-1,-1
145,4,1890.742,413.656,197.628,70.279,1,-1,-1,-1
146,4,1890.761,413.544,197.696,70.397,1,-1,-1,-1
146,3,1385.302,430.606,180.173,168.427,1,-1,-1,-1
147,4,1890.693,413.475,197.736,70.548,1,-1,-1,-1
147,3,1388.288,436.378,178.710,169.500,1,-1,-1,-1
148,3,1391.971,440.301,180.077,173.331,1,-1,-1,-1
148,4,1890.697,413.471,197.730,70.552,1,-1,-1,-1
149,3,1395.398,443.778,179.090,173.382,1,-1,-1,-1
149,4,1890.632,413.507,198.117,70.560,1,-1,-1,-1
150,3,1390.399,449.177,187.169,172.212,1,-1,-1,-1
150,4,1890.611,413.466,198.349,70.601,1,-1,-1,-1
151,3,1389.289,454.178,192.485,171.663,1,-1,-1,-1
151,4,1890.194,412.301,198.961,71.417,1,-1,-1,-1
152,3,1387.451,458.296,197.190,170.741,1,-1,-1,-1
152,4,1890.102,412.479,198.831,71.100,1,-1,-1,-1
153,3,1394.826,452.121,191.225,187.619,1,-1,-1,-1
153,4,1890.150,412.498,198.831,71.081,1,-1,-1,-1
154,4,1890.128,412.501,198.909,71.069,1,-1,-1,-1
154,3,1398.449,460.345,194.743,183.858,1,-1,-1,-1
155,3,1399.384,462.881,198.357,185.674,1,-1,-1,-1
155,4,1890.054,412.496,198.932,71.090,1,-1,-1,-1
156,3,1397.668,466.620,208.985,189.059,1,-1,-1,-1
156,4,1890.034,412.477,198.930,71.112,1,-1,-1,-1
157,3,1399.093,472.050,214.047,188.041,1,-1,-1,-1
157,4,1889.810,412.766,198.776,71.023,1,-1,-1,-1
158,3,1400.375,472.143,214.022,194.903,1,-1,-1,-1
158,4,1889.855,412.750,198.719,71.000,1,-1,-1,-1
159,3,1402.006,473.929,218.049,199.616,1,-1,-1,-1
159,6,2190.723,1029.769,366.849,481.533,1,-1,-1,-1
159,4,1889.848,412.739,198.725,71.000,1,-1,-1,-1
160,3,1410.630,476.551,211.119,198.889,1,-1,-1,-1
160,4,1889.854,412.733,198.766,71.005,1,-1,-1,-1
160,6,1889.298,920.191,668.286,591.852,1,-1,-1,-1
161,4,1890.909,413.826,197.943,70.429,1,-1,-1,-1
161,3,1402.938,473.144,224.723,212.973,1,-1,-1,-1
161,6,1546.685,898.823,1010.369,574.406,1,-1,-1,-1
162,4,1890.905,413.675,197.656,70.588,1,-1,-1,-1
162,3,1405.582,475.779,228.994,214.020,1,-1,-1,-1
162,6,1220.659,867.674,1317.753,619.143,1,-1,-1,-1
163,4,1890.791,413.702,197.845,70.564,1,-1,-1,-1
163,3,1407.511,479.022,233.421,219.621,1,-1,-1,-1
163,6,864.775,845.211,1589.161,630.398,1,-1,-1,-1
164,6,433.625,801.428,1760.740,653.226,1,-1,-1,-1
164,4,1890.799,413.689,198.055,70.551,1,-1,-1,-1
164,3,1409.441,482.265,237.849,225.221,1,-1,-1,-1
165,4,1890.762,413.613,197.966,70.663,1,-1,-1,-1
165,3,1411.370,485.508,242.276,230.822,1,-1,-1,-1
165,6,2.474,757.646,1932.318,676.054,1,-1,-1,-1
166,4,1890.848,413.537,197.849,70.798,1,-1,-1,-1
166,3,1415.240,490.874,245.088,227.167,1,-1,-1,-1
166,6,0.000,710.665,1103.576,596.155,1,-1,-1,-1
167,4,1890.811,413.487,197.837,70.828,1,-1,-1,-1
167,6,8.639,705.301,1123.711,660.085,1,-1,-1,-1
167,3,1417.105,496.926,253.718,225.494,1,-1,-1,-1
168,3,1417.766,500.157,258.788,231.230,1,-1,-1,-1
168,6,0.000,726.384,847.983,607.449,1,-1,-1,-1
168,4,1890.766,413.553,197.865,70.815,1,-1,-1,-1
169,6,14.402,748.616,447.691,478.435,1,-1,-1,-1
169,3,1420.527,506.518,261.807,226.681,1,-1,-1,-1
169,4,1890.717,412.966,197.879,71.545,1,-1,-1,-1
170,4,1890.406,412.938,197.907,71.475,1,-1,-1,-1
170,3,1423.561,507.937,266.077,238.578,1,-1,-1,-1
171,4,1890.461,413.145,200.841,70.845,1,-1,-1,-1
171,3,1425.196,511.512,268.404,244.452,1,-1,-1,-1
172,4,1890.588,413.215,200.732,70.778,1,-1,-1,-1
172,3,1432.970,517.363,266.148,241.891,1,-1,-1,-1
173,4,1890.445,413.300,200.670,70.656,1,-1,-1,-1
173,3,1432.743,514.051,274.027,253.724,1,-1,-1,-1
174,4,1890.154,413.315,200.921,70.636,1,-1,-1,-1
174,3,1432.074,515.046,280.449,257.597,1,-1,-1,-1
175,4,1890.149,413.323,201.045,70.646,1,-1,-1,-1
175,3,1430.115,518.827,290.905,259.429,1,-1,-1,-1
176,4,1890.439,413.291,200.852,70.551,1,-1,-1,-1
176,3,1435.129,520.693,297.760,266.625,1,-1,-1,-1
177,4,1890.340,413.208,201.004,70.614,1,-1,-1,-1
177,3,1434.534,526.888,302.100,268.382,1,-1,-1,-1
178,4,1890.333,413.239,201.000,70.582,1,-1,-1,-1
178,3,1438.172,525.441,303.165,276.796,1,-1,-1,-1
179,4,1890.334,413.282,201.099,70.525,1,-1,-1,-1
179,3,1440.759,536.665,307.332,270.112,1,-1,-1,-1
180,4,1890.300,413.279,201.048,70.536,1,-1,-1,-1
180,3,1451.483,544.361,297.338,268.943,1,-1,-1,-1
181,4,1889.371,413.702,199.167,70.684,1,-1,-1,-1
181,3,1451.442,545.717,302.028,273.453,1,-1,-1,-1
182,4,1889.430,413.583,199.020,70.854,1,-1,-1,-1
182,3,1451.996,545.653,309.330,275.380,1,-1,-1,-1
183,4,1889.358,413.647,199.118,70.799,1,-1,-1,-1
183,3,1454.496,546.685,311.447,279.207,1,-1,-1,-1
184,7,2403.968,1690.865,146.926,138.199,1,-1,-1,-1
184,4,1889.280,413.764,199.651,70.673,1,-1,-1,-1
184,3,1453.208,550.297,329.289,287.745,1,-1,-1,-1
185,3,1457.313,552.056,331.908,293.545,1,-1,-1,-1
185,7,2060.731,1566.825,497.305,333.906,1,-1,-1,-1
185,4,1889.117,413.899,200.018,70.572,1,-1,-1,-1
186,3,1461.419,553.815,334.528,299.345,1,-1,-1,-1
186,7,1497.750,1311.244,1043.617,590.133,1,-1,-1,-1
186,4,1889.201,414.078,200.029,70.659,1,-1,-1,-1
187,3,1465.524,555.574,337.147,305.145,1,-1,-1,-1
187,4,1889.214,413.898,199.646,70.719,1,-1,-1,-1
187,7,1497.750,1311.244,1043.617,590.133,1,-1,-1,-1
188,3,1471.221,554.942,334.040,309.003,1,-1,-1,-1
188,4,1889.173,413.954,200.081,70.652,1,-1,-1,-1
188,7,1361.591,1192.040,948.743,536.485,1,-1,-1,-1
189,3,1473.684,562.123,336.619,313.237,1,-1,-1,-1
189,4,1889.270,414.448,200.156,70.429,1,-1,-1,-1
189,7,1361.591,1192.040,948.743,536.485,1,-1,-1,-1
190,7,1361.591,1192.040,948.743,536.485,1,-1,-1,-1
190,4,1889.347,414.063,199.322,70.622,1,-1,-1,-1
190,3,1482.116,572.143,343.822,314.019,1,-1,-1,-1
191,7,1361.591,1192.040,948.743,536.485,1,-1,-1,-1
191,4,1890.076,413.023,198.045,71.358,1,-1,-1,-1
191,3,1484.859,573.703,348.079,317.492,1,-1,-1,-1
192,7,601.209,1082.392,1514.517,775.888,1,-1,-1,-1
192,4,1889.851,413.137,198.354,71.227,1,-1,-1,-1
192,3,1472.821,567.161,370.193,323.040,1,-1,-1,-1
193,4,1890.016,412.686,197.280,71.678,1,-1,-1,-1
193,3,1473.463,569.899,377.992,323.998,1,-1,-1,-1
193,7,468.889,1042.967,1437.848,764.095,1,-1,-1,-1
194,4,1890.034,412.842,197.690,71.672,1,-1,-1,-1
194,3,1472.498,570.826,385.401,334.493,1,-1,-1,-1
194,7,307.424,1002.002,1430.581,682.112,1,-1,-1,-1
195,7,109.461,952.525,1442.743,729.175,1,-1,-1,-1
195,4,1890.040,412.820,197.673,71.687,1,-1,-1,-1
195,3,1473.306,577.273,395.250,339.698,1,-1,-1,-1
196,4,1890.107,412.769,197.541,71.731,1,-1,-1,-1
196,3,1471.426,577.216,402.956,345.447,1,-1,-1,-1
196,7,0.000,932.783,1392.139,680.036,1,-1,-1,-1
197,3,1477.717,582.215,399.961,347.845,1,-1,-1,-1
197,7,24.683,919.886,1172.006,631.192,1,-1,-1,-1
197,4,1890.008,412.715,197.473,71.686,1,-1,-1,-1
198,4,1889.889,412.703,197.693,71.636,1,-1,-1,-1
198,3,1483.292,586.073,395.579,342.385,1,-1,-1,-1
198,7,0.000,910.163,1037.310,578.913,1,-1,-1,-1
199,4,1889.917,412.686,197.628,71.642,1,-1,-1,-1
199,7,0.000,876.907,863.454,570.291,1,-1,-1,-1
199,3,1487.634,584.907,396.623,349.451,1,-1,-1,-1
200,3,1491.976,583.740,397.667,356.518,1,-1,-1,-1
200,7,10.234,861.636,690.248,546.831,1,-1,-1,-1
200,4,1889.956,412.612,197.095,71.771,1,-1,-1,-1
201,3,1496.318,582.574,398.711,363.584,1,-1,-1,-1
201,4,1888.883,413.214,199.272,70.767,1,-1,-1,-1
201,7,0.000,830.722,543.763,528.167,1,-1,-1,-1
202,3,1494.575,586.536,414.313,358.563,1,-1,-1,-1
202,4,1888.882,413.109,199.412,70.859,1,-1,-1,-1
202,7,0.000,799.086,394.460,479.246,1,-1,-1,-1
203,7,0.000,861.342,232.841,380.442,1,-1,-1,-1
203,3,1496.306,588.250,420.003,360.089,1,-1,-1,-1
203,4,1888.754,413.417,199.506,70.532,1,-1,-1,-1
204,4,1888.748,413.420,199.405,70.543,1,-1,-1,-1
204,3,1498.037,589.965,425.693,361.616,1,-1,-1,-1
205,4,1888.293,413.650,200.163,70.341,1,-1,-1,-1
205,3,1506.023,589.508,413.806,359.810,1,-1,-1,-1
206,4,1888.352,413.586,200.496,70.368,1,-1,-1,-1
206,3,1504.714,589.768,417.209,361.760,1,-1,-1,-1
207,3,1503.405,590.028,420.612,363.710,1,-1,-1,-1
207,4,1888.295,413.320,200.531,70.599,1,-1,-1,-1
208,3,1504.041,590.150,420.561,364.605,1,-1,-1,-1
208,4,1888.175,413.431,200.029,70.492,1,-1,-1,-1
209,3,1505.112,590.013,420.435,365.034,1,-1,-1,-1
209,4,1888.122,412.896,199.861,70.918,1,-1,-1,-1
210,3,1506.183,589.876,420.310,365.463,1,-1,-1,-1
210,4,1888.622,413.315,199.714,70.462,1,-1,-1,-1
211,3,1504.522,589.809,422.007,363.807,1,-1,-1,-1
211,4,1895.646,412.607,191.540,74.373,1,-1,-1,-1
212,4,1895.788,412.670,191.190,74.247,1,-1,-1,-1
212,3,1503.969,589.745,421.646,363.434,1,-1,-1,-1
213,4,1895.672,412.611,191.297,74.288,1,-1,-1,-1
213,3,1503.417,589.682,421.286,363.060,1,-1,-1,-1
214,4,1895.648,412.583,191.390,74.306,1,-1,-1,-1
214,3,1503.252,589.470,422.341,363.610,1,-1,-1,-1
215,4,1895.711,412.573,191.326,74.280,1,-1,-1,-1
215,3,1503.324,589.673,422.062,363.399,1,-1,-1,-1
216,4,1895.722,412.585,191.312,74.277,1,-1,-1,-1
216,3,1503.396,589.877,421.782,363.189,1,-1,-1,-1
217,4,1895.624,412.614,191.327,74.250,1,-1,-1,-1
217,3,1503.753,589.827,421.016,364.359,1,-1,-1,-1
218,4,1895.593,412.600,191.373,74.211,1,-1,-1,-1
218,3,1503.834,589.635,420.944,364.726,1,-1,-1,-1
219,3,1503.915,589.443,420.872,365.092,1,-1,-1,-1
219,4,1895.665,412.598,191.297,74.128,1,-1,-1,-1
220,4,1895.635,412.600,191.295,74.102,1,-1,-1,-1
220,3,1503.989,589.559,421.085,364.979,1,-1,-1,-1
221,4,1895.635,412.252,190.417,73.421,1,-1,-1,-1
221,3,1503.968,589.459,421.632,365.354,1,-1,-1,-1
222,4,1890.820,413.256,197.218,70.410,1,-1,-1,-1
222,3,1503.947,589.360,422.179,365.728,1,-1,-1,-1
223,4,1890.806,413.237,197.227,70.428,1,-1,-1,-1
223,3,1503.915,589.318,422.180,365.708,1,-1,-1,-1
224,3,1503.959,589.273,422.079,365.724,1,-1,-1,-1
224,4,1890.816,413.270,197.245,70.443,1,-1,-1,-1
225,4,1890.759,413.294,197.423,70.406,1,-1,-1,-1
225,3,1504.004,589.228,421.978,365.740,1,-1,-1,-1
226,4,1890.742,413.282,197.381,70.419,1,-1,-1,-1
226,3,1503.954,589.266,421.779,365.758,1,-1,-1,-1
227,4,1890.794,413.383,197.243,70.340,1,-1,-1,-1
227,3,1504.007,589.364,421.823,365.613,1,-1,-1,-1
228,3,1504.060,589.461,421.866,365.468,1,-1,-1,-1
228,4,1890.749,413.337,197.400,70.363,1,-1,-1,-1
229,3,1504.011,589.441,421.710,365.361,1,-1,-1,-1
229,4,1890.258,413.335,198.143,70.273,1,-1,-1,-1
230,3,1502.578,589.841,423.069,364.451,1,-1,-1,-1
230,4,1890.267,413.341,198.273,70.271,1,-1,-1,-1
231,3,1501.145,590.241,424.428,363.541,1,-1,-1,-1
231,4,1890.208,413.188,195.887,70.481,1,-1,-1,-1
232,3,1501.484,590.278,424.038,363.827,1,-1,-1,-1
232,4,1890.257,413.058,195.886,70.621,1,-1,-1,-1
233,4,1890.240,413.060,195.802,70.606,1,-1,-1,-1
233,3,1501.384,590.213,424.158,363.792,1,-1,-1,-1
234,3,1501.283,590.148,424.277,363.758,1,-1,-1,-1
234,4,1890.196,412.977,195.817,70.692,1,-1,-1,-1
235,3,1502.022,590.060,423.749,363.815,1,-1,-1,-1
235,4,1890.155,412.967,195.922,70.702,1,-1,-1,-1
236,4,1890.108,412.968,195.958,70.672,1,-1,-1,-1
236,3,1502.210,589.990,423.733,363.948,1,-1,-1,-1
237,4,1890.133,412.979,195.969,70.651,1,-1,-1,-1
237,3,1502.398,589.919,423.718,364.081,1,-1,-1,-1
238,4,1890.234,412.992,195.859,70.636,1,-1,-1,-1
238,3,1502.625,590.059,423.439,363.844,1,-1,-1,-1
239,4,1890.256,412.960,195.822,70.666,1,-1,-1,-1
239,3,1502.667,590.047,423.171,363.849,1,-1,-1,-1
240,4,1890.254,412.964,195.847,70.662,1,-1,-1,-1
240,3,1502.709,590.035,422.902,363.855,1,-1,-1,-1
241,4,1892.353,414.690,195.630,69.380,1,-1,-1,-1
241,3,1505.148,589.543,421.113,363.568,1,-1,-1,-1
242,3,1505.233,589.625,421.116,363.357,1,-1,-1,-1
242,4,1892.309,414.638,195.739,69.434,1,-1,-1,-1
243,4,1892.316,414.582,195.960,69.497,1,-1,-1,-1
243,3,1505.318,589.707,421.118,363.146,1,-1,-1,-1
244,4,1892.370,414.641,195.872,69.452,1,-1,-1,-1
244,3,1505.417,589.746,420.835,363.053,1,-1,-1,-1
245,3,1505.374,589.830,421.045,363.026,1,-1,-1,-1
245,4,1892.380,414.634,195.853,69.446,1,-1,-1,-1
246,3,1505.331,589.914,421.255,362.998,1,-1,-1,-1
246,4,1892.442,414.784,195.803,69.329,1,-1,-1,-1
247,3,1505.315,589.958,421.139,363.024,1,-1,-1,-1
247,4,1892.476,414.752,195.826,69.357,1,-1,-1,-1
248,4,1892.456,414.725,195.868,69.403,1,-1,-1,-1
248,3,1505.437,589.838,420.982,363.091,1,-1,-1,-1
249,4,1892.441,414.865,195.836,69.258,1,-1,-1,-1
249,3,1505.559,589.718,420.825,363.158,1,-1,-1,-1
250,4,1892.447,414.868,195.843,69.260,1,-1,-1,-1
250,3,1505.428,589.864,421.074,363.085,1,-1,-1,-1
251,3,1505.606,589.954,421.121,362.995,1,-1,-1,-1
251,4,1892.448,414.871,195.737,69.276,1,-1,-1,-1
252,3,1505.784,590.044,421.168,362.906,1,-1,-1,-1
252,4,1892.451,414.872,195.732,69.276,1,-1,-1,-1
253,3,1506.502,590.119,420.390,362.790,1,-1,-1,-1
253,4,1892.370,414.825,195.850,69.400,1,-1,-1,-1
254,4,1892.370,414.821,195.833,69.411,1,-1,-1,-1
254,3,1506.602,590.092,420.097,362.738,1,-1,-1,-1
255,4,1892.370,414.822,195.843,69.404,1,-1,-1,-1
255,3,1506.702,590.064,419.804,362.686,1,-1,-1,-1
256,4,1892.371,414.837,195.867,69.385,1,-1,-1,-1
256,3,1506.657,590.213,419.704,362.653,1,-1,-1,-1
257,3,1506.700,590.240,419.643,362.547,1,-1,-1,-1
257,4,1892.372,414.832,195.854,69.385,1,-1,-1,-1
258,3,1506.744,590.268,419.581,362.440,1,-1,-1,-1
258,4,1892.371,414.840,195.857,69.376,1,-1,-1,-1
259,3,1506.738,590.115,419.678,362.514,1,-1,-1,-1
259,4,1892.393,414.832,195.833,69.381,1,-1,-1,-1
260,4,1892.389,414.823,195.793,69.407,1,-1,-1,-1
260,3,1506.740,589.918,419.790,362.715,1,-1,-1,-1
261,3,1506.742,589.722,419.902,362.916,1,-1,-1,-1
261,4,1892.378,414.816,195.797,69.411,1,-1,-1,-1
262,3,1506.632,590.339,421.739,362.597,1,-1,-1,-1
262,4,1892.377,414.816,195.798,69.411,1,-1,-1,-1
262,8,2239.696,1034.162,317.473,394.477,1,-1,-1,-1
263,4,1890.273,413.703,195.320,70.408,1,-1,-1,-1
263,8,1974.507,947.040,576.337,472.433,1,-1,-1,-1
263,3,1505.433,590.478,425.545,363.852,1,-1,-1,-1
264,3,1504.235,590.616,429.351,365.108,1,-1,-1,-1
264,8,1702.719,933.885,844.393,452.052,1,-1,-1,-1
264,4,1890.368,413.778,195.229,70.346,1,-1,-1,-1
265,3,1492.802,585.735,422.569,364.148,1,-1,-1,-1
265,8,1702.719,933.885,844.393,452.052,1,-1,-1,-1
265,4,1889.917,413.964,195.645,70.183,1,-1,-1,-1
266,3,1502.059,592.059,409.756,282.199,1,-1,-1,-1
266,8,1095.023,875.680,1306.593,539.411,1,-1,-1,-1
266,4,1889.907,413.924,195.596,70.225,1,-1,-1,-1
267,3,1505.159,593.241,428.863,279.028,1,-1,-1,-1
267,8,772.410,827.281,1319.014,569.569,1,-1,-1,-1
267,4,1889.917,413.921,195.597,70.227,1,-1,-1,-1
268,8,443.527,808.217,1334.781,558.307,1,-1,-1,-1
268,4,1889.896,413.857,195.732,70.303,1,-1,-1,-1
268,3,1502.811,592.855,429.529,306.810,1,-1,-1,-1
269,4,1889.912,413.857,195.710,70.296,1,-1,-1,-1
269,8,106.184,792.334,1325.353,539.544,1,-1,-1,-1
269,3,1500.464,592.470,430.195,334.591,1,-1,-1,-1
270,8,21.487,779.465,1130.527,535.733,1,-1,-1,-1
270,3,1498.116,592.084,430.861,362.373,1,-1,-1,-1
270,4,1889.830,413.887,195.652,70.283,1,-1,-1,-1
271,4,1889.743,413.903,195.669,70.292,1,-1,-1,-1
271,8,0.000,733.514,830.143,544.963,1,-1,-1,-1
271,3,1502.486,590.030,425.351,364.273,1,-1,-1,-1
272,8,1.735,713.164,545.767,528.610,1,-1,-1,-1
272,4,1889.745,413.892,195.575,70.305,1,-1,-1,-1
272,3,1502.849,590.347,423.891,364.371,1,-1,-1,-1
273,8,4.268,689.537,249.608,446.661,1,-1,-1,-1
273,4,1895.566,413.356,187.792,73.673,1,-1,-1,-1
273,3,1503.213,590.663,422.430,364.469,1,-1,-1,-1
274,4,1895.695,413.295,187.644,73.689,1,-1,-1,-1
274,3,1503.627,590.687,421.861,364.484,1,-1,-1,-1
275,3,1503.717,590.649,421.698,364.570,1,-1,-1,-1
275,4,1895.711,413.282,187.609,73.650,1,-1,-1,-1
276,4,1895.736,413.290,187.538,73.654,1,-1,-1,-1
276,3,1503.807,590.611,421.535,364.656,1,-1,-1,-1
277,4,1895.193,413.454,187.658,73.718,1,-1,-1,-1
277,3,1504.577,591.244,421.492,363.682,1,-1,-1,-1
278,4,1895.198,413.454,187.641,73.715,1,-1,-1,-1
278,3,1504.500,591.217,421.540,363.771,1,-1,-1,-1
279,4,1895.216,413.451,187.615,73.716,1,-1,-1,-1
279,3,1504.422,591.189,421.588,363.860,1,-1,-1,-1
280,3,1504.269,591.251,421.651,363.721,1,-1,-1,-1
280,4,1895.222,413.443,187.611,73.723,1,-1,-1,-1
281,4,1895.208,413.417,187.587,73.756,1,-1,-1,-1
281,3,1504.342,591.198,421.617,363.838,1,-1,-1,-1
282,3,1504.414,591.144,421.583,363.955,1,-1,-1,-1
282,4,1895.230,413.453,187.581,73.751,1,-1,-1,-1
283,3,1507.563,590.447,419.678,363.871,1,-1,-1,-1
283,4,1890.745,413.533,191.574,70.545,1,-1,-1,-1
284,4,1890.659,413.617,191.539,70.464,1,-1,-1,-1
284,3,1507.490,590.334,419.704,363.960,1,-1,-1,-1
285,3,1507.416,590.221,419.730,364.049,1,-1,-1,-1
285,4,1890.681,413.611,191.521,70.456,1,-1,-1,-1
286,4,1890.736,413.661,191.457,70.430,1,-1,-1,-1
286,3,1507.532,590.336,419.474,363.921,1,-1,-1,-1
287,3,1507.623,590.352,419.426,363.839,1,-1,-1,-1
287,4,1890.754,413.650,191.380,70.419,1,-1,-1,-1
288,4,1890.899,413.574,191.580,70.520,1,-1,-1,-1
288,3,1507.713,590.368,419.377,363.757,1,-1,-1,-1
289,4,1890.732,413.475,191.476,70.688,1,-1,-1,-1
289,3,1507.654,590.102,420.231,364.381,1,-1,-1,-1
290,3,1507.572,590.044,420.345,364.470,1,-1,-1,-1
290,4,1890.734,413.474,191.482,70.688,1,-1,-1,-1
291,3,1507.490,589.986,420.459,364.559,1,-1,-1,-1
291,4,1890.733,413.479,191.476,70.684,1,-1,-1,-1
292,3,1507.592,589.882,420.214,364.636,1,-1,-1,-1
292,4,1890.725,413.491,191.480,70.684,1,-1,-1,-1
293,3,1507.501,589.872,420.330,364.701,1,-1,-1,-1
293,4,1890.725,413.491,191.476,70.686,1,-1,-1,-1
294,3,1507.411,589.861,420.446,364.766,1,-1,-1,-1
294,4,1890.600,413.509,191.550,70.674,1,-1,-1,-1
295,4,1890.601,413.504,191.514,70.680,1,-1,-1,-1
295,3,1507.376,589.927,420.400,364.719,1,-1,-1,-1
296,4,1890.596,413.505,191.546,70.680,1,-1,-1,-1
296,3,1507.457,589.987,420.173,364.635,1,-1,-1,-1
297,4,1890.596,413.505,191.538,70.679,1,-1,-1,-1
297,3,1507.538,590.046,419.947,364.552,1,-1,-1,-1
298,4,1890.594,413.502,191.553,70.675,1,-1,-1,-1
298,3,1507.381,590.045,420.214,364.592,1,-1,-1,-1
299,4,1890.595,413.502,191.547,70.674,1,-1,-1,-1
299,3,1507.313,590.058,420.382,364.615,1,-1,-1,-1
300,4,1890.596,413.501,191.561,70.658,1,-1,-1,-1
300,3,1507.245,590.072,420.549,364.637,1,-1,-1,-1
301,4,1890.666,413.524,191.518,70.615,1,-1,-1,-1
301,3,1507.294,590.270,420.692,364.465,1,-1,-1,-1
302,4,1890.689,413.615,191.437,70.513,1,-1,-1,-1
302,3,1507.368,590.385,420.618,364.477,1,-1,-1,-1
303,4,1890.678,413.619,191.452,70.513,1,-1,-1,-1
303,3,1507.443,590.499,420.545,364.490,1,-1,-1,-1
304,3,1507.343,590.599,420.546,364.346,1,-1,-1,-1
304,4,1890.679,413.618,191.459,70.513,1,-1,-1,-1
305,4,1890.678,413.619,191.451,70.513,1,-1,-1,-1
305,3,1507.371,590.559,420.444,364.413,1,-1,-1,-1
306,4,1890.694,413.616,191.435,70.517,1,-1,-1,-1
306,3,1507.399,590.519,420.343,364.479,1,-1,-1,-1
307,4,1890.694,413.616,191.427,70.517,1,-1,-1,-1
307,3,1507.402,590.599,420.594,364.405,1,-1,-1,-1
308,4,1890.694,413.616,191.435,70.517,1,-1,-1,-1
308,3,1507.396,590.479,420.598,364.525,1,-1,-1,-1
309,4,1890.694,413.616,191.427,70.517,1,-1,-1,-1
309,3,1507.391,590.360,420.601,364.645,1,-1,-1,-1
310,3,1507.687,590.402,420.190,364.623,1,-1,-1,-1
310,4,1890.694,413.616,191.435,70.517,1,-1,-1,-1
311,3,1507.710,590.356,420.258,364.714,1,-1,-1,-1
311,4,1890.696,413.614,191.421,70.521,1,-1,-1,-1
312,3,1507.734,590.310,420.325,364.805,1,-1,-1,-1
312,4,1890.711,413.626,191.440,70.508,1,-1,-1,-1
313,3,1507.794,590.524,420.201,364.527,1,-1,-1,-1
313,4,1890.719,413.629,191.463,70.505,1,-1,-1,-1
314,3,1507.595,590.339,420.572,364.776,1,-1,-1,-1
314,4,1890.734,413.612,191.465,70.515,1,-1,-1,-1
315,4,1890.741,413.616,191.442,70.511,1,-1,-1,-1
315,3,1507.396,590.154,420.943,365.024,1,-1,-1,-1
316,4,1890.743,413.616,191.452,70.508,1,-1,-1,-1
316,3,1507.848,590.206,420.380,364.760,1,-1,-1,-1
317,4,1890.791,414.618,193.182,69.609,1,-1,-1,-1
317,3,1506.607,589.639,420.167,364.929,1,-1,-1,-1
318,4,1890.682,414.574,193.017,69.662,1,-1,-1,-1
318,3,1505.366,589.072,419.953,365.098,1,-1,-1,-1
319,9,0.000,1062.038,1598.014,831.094,1,-1,-1,-1
319,3,1504.855,589.533,419.606,365.157,1,-1,-1,-1
319,4,1890.562,414.358,192.946,69.806,1,-1,-1,-1
320,9,23.543,1094.066,1919.346,824.911,1,-1,-1,-1
320,4,1890.515,414.358,193.026,69.793,1,-1,-1,-1
320,3,1504.954,589.396,421.370,365.864,1,-1,-1,-1
321,4,1890.502,414.439,193.072,69.697,1,-1,-1,-1
321,3,1505.053,589.260,423.133,366.570,1,-1,-1,-1
321,9,477.524,1119.048,1678.346,794.546,1,-1,-1,-1
322,3,1505.688,589.882,422.449,365.547,1,-1,-1,-1
322,4,1890.234,414.427,192.941,69.587,1,-1,-1,-1
322,9,952.891,1178.254,676.098,741.430,1,-1,-1,-1
323,4,1889.902,414.098,192.936,69.895,1,-1,-1,-1
323,3,1506.324,590.504,421.766,364.523,1,-1,-1,-1
324,4,1891.028,414.232,192.430,69.878,1,-1,-1,-1
324,3,1504.919,589.673,420.396,366.307,1,-1,-1,-1
325,4,1891.266,414.311,193.817,69.842,1,-1,-1,-1
325,3,1505.229,589.999,420.625,365.305,1,-1,-1,-1
326,4,1890.644,414.592,194.285,69.541,1,-1,-1,-1
326,3,1505.539,590.325,420.854,364.304,1,-1,-1,-1
327,4,1894.681,413.873,185.357,72.609,1,-1,-1,-1
327,3,1504.346,588.343,419.152,365.138,1,-1,-1,-1
328,3,1488.001,600.704,434.134,352.900,1,-1,-1,-1
328,4,1894.693,413.799,185.317,72.716,1,-1,-1,-1
329,3,1494.633,595.139,428.065,358.585,1,-1,-1,-1
329,4,1894.369,413.533,185.561,72.802,1,-1,-1,-1
330,3,1501.264,589.574,421.996,364.269,1,-1,-1,-1
330,4,1894.334,413.520,185.573,72.758,1,-1,-1,-1
331,3,1502.007,589.418,420.945,364.590,1,-1,-1,-1
331,4,1890.781,414.722,189.996,69.108,1,-1,-1,-1
332,3,1502.001,589.925,420.748,364.309,1,-1,-1,-1
332,4,1894.456,413.691,185.485,72.865,1,-1,-1,-1
333,4,1894.453,413.913,185.238,72.718,1,-1,-1,-1
333,3,1501.996,590.432,420.551,364.027,1,-1,-1,-1
334,4,1894.303,413.912,185.460,72.832,1,-1,-1,-1
334,3,1501.675,591.221,422.044,362.936,1,-1,-1,-1
335,4,1894.448,413.778,185.131,73.056,1,-1,-1,-1
335,3,1501.279,590.085,421.947,363.748,1,-1,-1,-1
336,4,1894.572,413.515,186.733,72.813,1,-1,-1,-1
336,3,1500.882,588.949,421.850,364.560,1,-1,-1,-1
337,4,1891.186,413.761,192.339,70.665,1,-1,-1,-1
337,3,1502.912,591.028,422.163,364.532,1,-1,-1,-1
338,4,1891.053,413.675,192.431,70.677,1,-1,-1,-1
338,3,1503.065,591.250,421.960,364.261,1,-1,-1,-1
339,3,1503.218,591.471,421.756,363.990,1,-1,-1,-1
339,4,1890.963,413.596,192.384,70.764,1,-1,-1,-1
340,3,1503.369,591.441,421.573,364.054,1,-1,-1,-1
340,4,1890.971,413.581,192.290,70.822,1,-1,-1,-1
341,3,1503.588,591.455,421.333,364.002,1,-1,-1,-1
341,4,1890.942,413.621,192.326,70.782,1,-1,-1,-1
342,4,1890.949,413.631,192.307,70.768,1,-1,-1,-1
342,3,1503.806,591.470,421.092,363.950,1,-1,-1,-1
343,4,1890.743,413.665,192.279,70.755,1,-1,-1,-1
343,3,1504.012,591.495,420.974,364.003,1,-1,-1,-1
344,3,1504.219,591.333,420.812,364.127,1,-1,-1,-1
344,4,1890.463,413.564,192.489,70.810,1,-1,-1,-1
345,3,1504.426,591.172,420.651,364.251,1,-1,-1,-1
345,4,1890.479,413.460,192.470,70.836,1,-1,-1,-1
346,3,1504.156,590.848,421.094,364.610,1,-1,-1,-1
346,4,1890.449,413.466,192.478,70.830,1,-1,-1,-1
347,3,1503.130,590.427,421.779,364.615,1,-1,-1,-1
347,4,1890.429,414.190,192.709,70.539,1,-1,-1,-1
348,3,1502.105,590.006,422.464,364.620,1,-1,-1,-1
348,4,1890.333,414.132,192.880,70.523,1,-1,-1,-1
349,3,1501.645,589.952,423.246,364.860,1,-1,-1,-1
349,4,1890.209,414.045,193.267,70.523,1,-1,-1,-1
350,4,1890.194,414.041,193.295,70.530,1,-1,-1,-1
350,3,1501.696,589.970,423.201,364.906,1,-1,-1,-1
351,3,1501.746,589.988,423.155,364.952,1,-1,-1,-1
351,4,1890.193,414.080,193.303,70.484,1,-1,-1,-1
352,3,1501.902,589.581,423.355,365.449,1,-1,-1,-1
352,4,1890.193,414.080,193.303,70.483,1,-1,-1,-1
353,3,1501.941,591.261,422.611,364.249,1,-1,-1,-1
353,10,2213.633,1083.213,341.764,298.635,1,-1,-1,-1
353,4,1890.112,414.058,193.292,70.523,1,-1,-1,-1
354,4,1890.140,414.049,193.262,70.538,1,-1,-1,-1
354,10,1971.639,1008.807,582.704,401.177,1,-1,-1,-1
354,3,1501.980,592.942,421.867,363.049,1,-1,-1,-1
355,10,1703.367,995.515,831.328,411.253,1,-1,-1,-1
355,4,1890.149,414.041,193.286,70.521,1,-1,-1,-1
355,3,1503.745,591.334,426.099,364.566,1,-1,-1,-1
356,10,1703.367,995.515,831.328,411.253,1,-1,-1,-1
356,4,1890.140,414.013,193.156,70.509,1,-1,-1,-1
356,3,1498.963,587.027,432.771,368.844,1,-1,-1,-1
357,3,1494.180,582.721,439.442,373.123,1,-1,-1,-1
357,4,1890.694,414.049,192.818,70.167,1,-1,-1,-1
357,10,1146.856,947.441,1313.463,437.767,1,-1,-1,-1
358,10,844.736,938.659,1326.312,437.258,1,-1,-1,-1
358,4,1890.613,414.083,192.783,70.068,1,-1,-1,-1
358,3,1491.138,589.427,436.279,368.975,1,-1,-1,-1
359,3,1488.096,596.133,433.116,364.828,1,-1,-1,-1
359,10,504.220,899.587,1390.941,451.205,1,-1,-1,-1
359,4,1890.551,414.115,192.830,70.046,1,-1,-1,-1
360,3,1487.443,597.655,433.479,361.862,1,-1,-1,-1
360,10,179.214,865.495,1425.771,464.634,1,-1,-1,-1
360,4,1890.561,414.122,192.781,70.041,1,-1,-1,-1
361,4,1890.631,414.086,191.964,70.078,1,-1,-1,-1
361,3,1486.791,599.176,433.842,358.895,1,-1,-1,-1
361,10,15.412,826.352,1283.491,470.211,1,-1,-1,-1
362,4,1890.632,414.087,191.966,70.076,1,-1,-1,-1
362,10,7.858,797.972,993.890,469.517,1,-1,-1,-1
362,3,1494.286,593.971,428.010,363.813,1,-1,-1,-1
363,10,6.941,776.203,703.397,470.191,1,-1,-1,-1
363,3,1501.780,588.766,422.178,368.732,1,-1,-1,-1
363,4,1890.619,414.128,192.019,70.066,1,-1,-1,-1
364,10,0.000,740.560,435.561,431.611,1,-1,-1,-1
364,4,1890.596,414.115,192.013,70.081,1,-1,-1,-1
364,3,1501.459,588.678,422.446,368.539,1,-1,-1,-1
365,4,1895.236,412.806,186.184,73.731,1,-1,-1,-1
365,3,1501.505,588.791,422.339,368.367,1,-1,-1,-1
366,3,1501.551,588.904,422.232,368.194,1,-1,-1,-1
366,4,1895.236,412.807,186.184,73.730,1,-1,-1,-1
367,3,1505.587,589.696,418.712,365.356,1,-1,-1,-1
367,4,1890.550,414.608,193.042,69.276,1,-1,-1,-1
368,3,1505.483,589.664,418.716,365.581,1,-1,-1,-1
368,4,1890.674,414.905,192.749,68.951,1,-1,-1,-1
369,3,1505.378,589.632,418.721,365.805,1,-1,-1,-1
369,4,1890.499,414.876,193.069,68.999,1,-1,-1,-1
370,4,1890.480,414.873,193.115,68.993,1,-1,-1,-1
370,3,1505.413,589.617,418.711,365.848,1,-1,-1,-1
371,3,1505.356,589.595,418.723,365.886,1,-1,-1,-1
371,4,1890.506,414.862,193.087,69.003,1,-1,-1,-1
372,4,1890.516,414.831,193.029,69.021,1,-1,-1,-1
372,3,1505.299,589.573,418.735,365.925,1,-1,-1,-1
373,4,1890.422,414.832,193.762,69.113,1,-1,-1,-1
373,3,1505.662,589.628,418.396,364.932,1,-1,-1,-1
374,3,1505.637,589.656,418.329,364.871,1,-1,-1,-1
374,4,1890.426,414.842,193.675,69.103,1,-1,-1,-1
375,4,1890.419,414.870,193.752,69.083,1,-1,-1,-1
375,3,1505.612,589.684,418.263,364.810,1,-1,-1,-1
376,4,1890.393,414.951,193.860,69.021,1,-1,-1,-1
376,3,1505.419,589.682,418.324,364.641,1,-1,-1,-1
377,4,1889.619,413.536,192.828,70.525,1,-1,-1,-1
377,3,1504.214,589.848,420.109,364.604,1,-1,-1,-1
378,3,1503.010,590.014,421.894,364.566,1,-1,-1,-1
378,4,1889.602,413.657,193.069,70.458,1,-1,-1,-1
379,4,1889.613,413.653,193.114,70.468,1,-1,-1,-1
379,3,1502.956,590.044,421.972,364.552,1,-1,-1,-1
380,4,1889.528,413.622,193.129,70.491,1,-1,-1,-1
380,11,2453.044,1109.522,102.232,267.619,1,-1,-1,-1
380,3,1503.626,590.720,422.734,363.819,1,-1,-1,-1
381,11,2158.198,1071.937,398.886,390.201,1,-1,-1,-1
381,4,1889.536,413.627,193.127,70.488,1,-1,-1,-1
381,3,1504.296,591.397,423.496,363.086,1,-1,-1,-1
382,11,1821.897,1011.953,707.002,432.509,1,-1,-1,-1
382,4,1889.746,413.669,193.082,70.466,1,-1,-1,-1
382,3,1502.511,590.375,421.750,363.803,1,-1,-1,-1
383,3,1499.273,588.058,428.223,365.939,1,-1,-1,-1
383,4,1889.713,413.652,193.050,70.481,1,-1,-1,-1
383,11,1821.897,1011.953,707.002,432.509,1,-1,-1,-1
384,4,1889.749,413.552,192.981,70.589,1,-1,-1,-1
384,11,1147.869,967.735,1301.460,452.798,1,-1,-1,-1
384,3,1496.035,585.741,434.695,368.074,1,-1,-1,-1
385,4,1889.571,413.031,193.286,71.046,1,-1,-1,-1
385,11,784.810,916.450,1317.152,477.871,1,-1,-1,-1
385,3,1489.082,591.741,442.696,362.996,1,-1,-1,-1
386,11,423.498,887.645,1285.563,485.849,1,-1,-1,-1
386,4,1889.499,413.000,192.785,71.087,1,-1,-1,-1
386,3,1500.206,599.792,426.156,357.847,1,-1,-1,-1
387,11,47.178,861.182,1302.164,476.447,1,-1,-1,-1
387,3,1498.583,598.729,434.917,362.229,1,-1,-1,-1
387,4,1890.214,414.526,189.973,69.491,1,-1,-1,-1
388,11,15.614,823.035,989.832,450.540,1,-1,-1,-1
388,4,1893.681,412.940,185.926,73.469,1,-1,-1,-1
388,3,1496.961,597.667,443.677,366.612,1,-1,-1,-1
389,4,1893.643,413.215,185.697,73.283,1,-1,-1,-1
389,3,1495.339,596.604,452.438,370.994,1,-1,-1,-1
389,11,0.000,796.703,666.423,456.465,1,-1,-1,-1
390,3,1493.716,595.542,461.198,375.376,1,-1,-1,-1
390,4,1893.709,413.212,185.670,73.251,1,-1,-1,-1
390,11,0.000,769.729,308.399,419.468,1,-1,-1,-1
391,3,1494.774,597.194,471.641,375.657,1,-1,-1,-1
391,4,1893.837,413.097,185.622,73.396,1,-1,-1,-1
392,3,1495.911,588.769,490.095,389.941,1,-1,-1,-1
392,4,1893.805,413.098,185.651,73.396,1,-1,-1,-1
393,3,1497.504,600.598,504.505,386.286,1,-1,-1,-1
393,4,1893.542,413.195,185.792,73.331,1,-1,-1,-1
394,3,1499.097,612.427,518.915,382.630,1,-1,-1,-1
394,4,1893.548,413.201,185.777,73.347,1,-1,-1,-1
395,4,1893.545,413.200,185.778,73.346,1,-1,-1,-1
395,3,1511.132,615.521,536.304,391.690,1,-1,-1,-1
396,4,1893.537,413.192,185.756,73.352,1,-1,-1,-1
396,3,1517.989,619.908,558.882,394.942,1,-1,-1,-1
397,3,1528.091,614.389,571.982,415.989,1,-1,-1,-1
397,4,1890.906,414.476,189.962,69.439,1,-1,-1,-1
398,4,1890.876,414.539,190.019,69.412,1,-1,-1,-1
398,3,1537.365,636.866,603.995,409.779,1,-1,-1,-1
399,4,1890.842,414.563,190.065,69.392,1,-1,-1,-1
399,3,1546.640,659.343,636.008,403.568,1,-1,-1,-1
400,4,1890.904,414.619,189.800,69.375,1,-1,-1,-1
400,3,1546.595,658.693,691.704,429.182,1,-1,-1,-1
401,4,1891.054,414.682,189.640,69.315,1,-1,-1,-1
401,3,1564.323,647.614,725.131,454.904,1,-1,-1,-1
402,4,1890.968,414.646,189.625,69.530,1,-1,-1,-1
402,3,1587.434,680.033,760.335,423.656,1,-1,-1,-1
403,4,1890.860,414.612,189.630,69.571,1,-1,-1,-1
403,3,1618.625,688.804,813.790,433.537,1,-1,-1,-1
404,4,1890.709,414.587,189.393,69.498,1,-1,-1,-1
404,3,1640.654,687.855,862.124,465.946,1,-1,-1,-1
405,4,1890.594,414.390,189.613,69.773,1,-1,-1,-1
405,12,1638.055,696.443,919.358,460.370,1,-1,-1,-1
406,3,1696.027,723.934,840.930,476.683,1,-1,-1,-1
406,4,1890.370,414.214,189.309,69.921,1,-1,-1,-1
407,4,1890.466,413.479,191.368,70.927,1,-1,-1,-1
407,3,1738.132,741.495,798.184,490.416,1,-1,-1,-1
408,4,1890.316,413.289,191.457,71.120,1,-1,-1,-1
408,3,1783.709,749.046,766.187,508.572,1,-1,-1,-1
409,4,1889.678,413.293,192.333,71.223,1,-1,-1,-1
409,3,1822.513,787.665,736.487,496.935,1,-1,-1,-1
410,4,1889.677,413.264,192.445,71.301,1,-1,-1,-1
410,3,1891.996,773.717,663.747,460.412,1,-1,-1,-1
411,3,1938.166,782.430,609.571,413.463,1,-1,-1,-1
411,4,1889.240,412.829,191.503,71.661,1,-1,-1,-1
412,3,2029.563,805.349,525.572,364.630,1,-1,-1,-1
412,4,1888.774,413.666,194.336,70.568,1,-1,-1,-1
413,3,2137.658,798.594,411.372,389.583,1,-1,-1,-1
413,4,1889.312,413.754,193.698,70.695,1,-1,-1,-1
414,4,1889.142,413.767,193.478,70.674,1,-1,-1,-1
414,3,2214.239,836.289,337.923,373.895,1,-1,-1,-1
415,4,1889.199,413.748,194.071,70.738,1,-1,-1,-1
415,3,2287.139,873.218,267.860,360.358,1,-1,-1,-1
416,3,2432.592,831.834,125.119,342.819,1,-1,-1,-1
416,4,1889.281,413.868,194.330,70.580,1,-1,-1,-1
417,4,1890.987,411.059,195.305,72.080,1,-1,-1,-1
418,4,1890.676,411.032,195.517,72.023,1,-1,-1,-1
419,4,1890.673,411.160,195.542,71.912,1,-1,-1,-1
420,4,1890.763,411.172,195.912,71.963,1,-1,-1,-1
421,4,1890.582,411.095,196.319,71.947,1,-1,-1,-1
422,4,1890.944,410.886,195.585,72.093,1,-1,-1,-1
423,4,1890.437,410.680,195.629,72.144,1,-1,-1,-1
424,4,1890.541,411.123,195.653,71.637,1,-1,-1,-1
425,4,1889.811,410.974,196.764,71.978,1,-1,-1,-1
426,4,1890.692,411.124,196.912,72.431,1,-1,-1,-1
427,4,1891.418,413.374,191.672,70.438,1,-1,-1,-1
428,4,1891.142,413.192,192.377,70.551,1,-1,-1,-1
429,4,1891.067,413.207,192.388,70.571,1,-1,-1,-1
430,4,1891.118,413.245,192.422,70.526,1,-1,-1,-1
431,4,1891.065,413.258,192.448,70.512,1,-1,-1,-1
432,4,1891.100,413.269,192.547,70.512,1,-1,-1,-1
433,4,1890.993,413.152,192.157,70.776,1,-1,-1,-1
434,4,1890.993,413.155,192.143,70.772,1,-1,-1,-1
435,4,1890.987,413.109,192.344,70.835,1,-1,-1,-1
436,4,1890.899,413.181,192.371,70.818,1,-1,-1,-1
437,4,1889.228,413.283,193.323,70.784,1,-1,-1,-1
438,4,1889.057,413.306,193.533,70.740,1,-1,-1,-1
439,4,1889.091,413.319,193.724,70.784,1,-1,-1,-1
440,4,1889.105,413.349,193.698,70.741,1,-1,-1,-1
441,4,1889.104,413.340,193.719,70.750,1,-1,-1,-1
442,4,1889.182,413.413,193.639,70.635,1,-1,-1,-1
443,4,1889.177,413.399,193.637,70.651,1,-1,-1,-1
444,4,1889.184,413.357,193.641,70.692,1,-1,-1,-1
445,4,1888.735,413.316,194.460,70.799,1,-1,-1,-1
446,4,1888.757,413.277,194.444,70.820,1,-1,-1,-1
447,4,1888.768,413.270,194.440,70.831,1,-1,-1,-1
448,4,1888.769,413.270,194.438,70.833,1,-1,-1,-1
449,4,1888.769,413.270,194.438,70.833,1,-1,-1,-1
450,4,1888.747,413.244,194.495,70.872,1,-1,-1,-1
451,4,1888.744,413.240,194.460,70.873,1,-1,-1,-1
452,4,1888.744,413.240,194.460,70.873,1,-1,-1,-1
453,4,1888.716,413.244,194.526,70.862,1,-1,-1,-1
454,4,1888.783,413.239,194.582,70.873,1,-1,-1,-1
455,4,1888.843,413.285,194.556,70.843,1,-1,-1,-1
456,4,1888.852,413.311,194.587,70.833,1,-1,-1,-1
457,4,1888.935,413.287,194.511,70.786,1,-1,-1,-1
458,4,1888.918,413.282,194.514,70.786,1,-1,-1,-1
459,4,1888.880,413.211,194.721,70.907,1,-1,-1,-1
460,4,1888.882,413.200,194.761,70.929,1,-1,-1,-1
