1,-1,1720.309,1167.572,208.666,132.737,0.298,-1,-1,-1
1,-1,2469.639,1363.790,81.859,58.930,0.266,-1,-1,-1
1,-1,1713.580,1178.180,217.937,119.389,0.420,-1,-1,-1
2,-1,1720.467,1167.652,208.522,132.755,0.298,-1,-1,-1
2,-1,2469.472,1363.508,82.333,59.342,0.257,-1,-1,-1
2,-1,1713.741,1178.176,217.953,119.423,0.421,-1,-1,-1
3,-1,1720.481,1167.689,208.478,132.798,0.297,-1,-1,-1
3,-1,2469.605,1363.586,82.266,59.297,0.255,-1,-1,-1
3,-1,1713.718,1178.184,217.892,119.425,0.421,-1,-1,-1
4,-1,1720.304,1167.835,208.555,132.706,0.297,-1,-1,-1
4,-1,2469.626,1363.597,82.206,59.281,0.256,-1,-1,-1
4,-1,1713.641,1178.184,217.959,119.475,0.420,-1,-1,-1
5,-1,1720.364,1167.732,208.621,132.831,0.298,-1,-1,-1
5,-1,2469.819,1363.421,82.179,59.411,0.252,-1,-1,-1
5,-1,1713.663,1178.173,217.959,119.488,0.420,-1,-1,-1
6,-1,1720.316,1167.678,208.559,132.923,0.299,-1,-1,-1
6,-1,2469.681,1363.698,82.060,59.018,0.261,-1,-1,-1
6,-1,1713.694,1178.176,217.940,119.483,0.421,-1,-1,-1
7,-1,1720.347,1167.666,208.609,132.945,0.299,-1,-1,-1
7,-1,2469.356,1363.782,82.458,58.888,0.262,-1,-1,-1
7,-1,1713.726,1178.145,217.906,119.529,0.421,-1,-1,-1
8,-1,1720.208,1167.703,208.782,132.883,0.302,-1,-1,-1
8,-1,2469.162,1363.742,82.689,58.959,0.263,-1,-1,-1
8,-1,1713.738,1178.161,217.912,119.480,0.419,-1,-1,-1
9,-1,1720.280,1167.744,208.744,132.839,0.304,-1,-1,-1
9,-1,2469.181,1363.730,82.662,58.901,0.262,-1,-1,-1
9,-1,1713.730,1178.137,217.966,119.516,0.420,-1,-1,-1
10,-1,1720.229,1167.581,208.959,133.069,0.310,-1,-1,-1
10,-1,2469.447,1363.721,82.485,58.984,0.260,-1,-1,-1
10,-1,1713.742,1178.100,218.064,119.581,0.420,-1,-1,-1
11,-1,1720.200,1167.844,208.830,132.831,0.308,-1,-1,-1
11,-1,2469.664,1363.421,82.431,59.352,0.257,-1,-1,-1
11,-1,1713.747,1178.102,218.063,119.596,0.420,-1,-1,-1
12,-1,1720.237,1167.847,208.903,132.841,0.307,-1,-1,-1
12,-1,2469.611,1363.225,82.525,59.623,0.255,-1,-1,-1
12,-1,1713.802,1178.101,218.003,119.584,0.421,-1,-1,-1
13,-1,1720.059,1167.891,208.982,132.921,0.309,-1,-1,-1
13,-1,2469.600,1363.340,82.428,59.417,0.265,-1,-1,-1
13,-1,1713.841,1178.075,217.855,119.642,0.418,-1,-1,-1
14,-1,1720.025,1167.936,209.097,132.876,0.312,-1,-1,-1
14,-1,2469.289,1363.564,82.759,59.117,0.268,-1,-1,-1
14,-1,1713.728,1178.114,218.025,119.506,0.418,-1,-1,-1
15,-1,1719.975,1167.875,209.240,132.874,0.311,-1,-1,-1
15,-1,2469.340,1363.551,82.669,59.068,0.266,-1,-1,-1
15,-1,1713.759,1178.106,217.956,119.504,0.418,-1,-1,-1
16,-1,1720.010,1167.780,209.279,133.012,0.310,-1,-1,-1
16,-1,2469.335,1363.552,82.678,59.069,0.266,-1,-1,-1
16,-1,1713.778,1178.102,217.945,119.524,0.418,-1,-1,-1
17,-1,1720.099,1167.733,209.211,133.092,0.313,-1,-1,-1
17,-1,2468.700,1364.110,83.296,58.448,0.276,-1,-1,-1
17,-1,1713.777,1178.104,217.945,119.520,0.417,-1,-1,-1
18,-1,1720.075,1167.744,209.228,133.065,0.313,-1,-1,-1
18,-1,2468.713,1364.118,83.249,58.443,0.277,-1,-1,-1
18,-1,1713.734,1178.103,218.020,119.556,0.417,-1,-1,-1
19,-1,1719.931,1167.770,209.433,133.065,0.310,-1,-1,-1
19,-1,2468.741,1364.125,83.204,58.431,0.277,-1,-1,-1
19,-1,1713.716,1178.140,217.989,119.503,0.418,-1,-1,-1
20,-1,1720.016,1167.726,209.396,133.052,0.305,-1,-1,-1
20,-1,2468.771,1364.166,83.270,58.364,0.280,-1,-1,-1
20,-1,1713.818,1178.137,217.916,119.533,0.418,-1,-1,-1
21,-1,1720.143,1167.750,209.263,133.016,0.307,-1,-1,-1
21,-1,2468.801,1364.130,83.286,58.354,0.277,-1,-1,-1
21,-1,1713.828,1178.141,217.920,119.532,0.418,-1,-1,-1
22,-1,1720.117,1167.788,209.197,132.947,0.302,-1,-1,-1
22,-1,2468.825,1364.142,83.229,58.328,0.277,-1,-1,-1
22,-1,1713.796,1178.164,217.907,119.490,0.418,-1,-1,-1
23,-1,1720.192,1167.729,209.106,132.935,0.302,-1,-1,-1
23,-1,2468.831,1364.138,83.224,58.342,0.277,-1,-1,-1
23,-1,1713.824,1178.131,217.850,119.520,0.417,-1,-1,-1
24,-1,1720.270,1167.758,208.977,132.919,0.302,-1,-1,-1
24,-1,2468.469,1364.256,83.592,58.148,0.287,-1,-1,-1
24,-1,1713.827,1178.124,217.835,119.532,0.418,-1,-1,-1
25,-1,1720.354,1167.811,208.742,132.798,0.303,-1,-1,-1
25,-1,2468.562,1364.202,83.556,58.222,0.288,-1,-1,-1
25,-1,1713.837,1178.188,217.852,119.471,0.419,-1,-1,-1
26,-1,1720.323,1167.814,208.762,132.783,0.304,-1,-1,-1
26,-1,2468.563,1364.202,83.555,58.221,0.288,-1,-1,-1
26,-1,1713.828,1178.184,217.878,119.480,0.419,-1,-1,-1
27,-1,1720.533,1167.677,208.495,132.904,0.304,-1,-1,-1
27,-1,2468.319,1364.266,83.882,58.221,0.282,-1,-1,-1
27,-1,1713.845,1178.040,217.698,119.586,0.417,-1,-1,-1
28,-1,1720.450,1167.766,208.655,132.831,0.304,-1,-1,-1
28,-1,2468.287,1364.256,84.056,58.223,0.285,-1,-1,-1
28,-1,1713.834,1178.073,217.786,119.574,0.418,-1,-1,-1
29,-1,1720.451,1167.815,208.622,132.785,0.304,-1,-1,-1
29,-1,2468.432,1364.253,83.791,58.139,0.286,-1,-1,-1
29,-1,1713.831,1178.080,217.749,119.542,0.418,-1,-1,-1
30,-1,1720.343,1167.765,208.804,132.838,0.304,-1,-1,-1
30,-1,2468.457,1364.286,83.744,58.095,0.286,-1,-1,-1
30,-1,1713.808,1178.084,217.740,119.531,0.418,-1,-1,-1
31,-1,1720.304,1167.760,208.773,132.805,0.302,-1,-1,-1
31,-1,2468.460,1364.288,83.738,58.090,0.286,-1,-1,-1
31,-1,1713.753,1178.126,217.757,119.458,0.419,-1,-1,-1
32,-1,1720.292,1167.744,208.758,132.802,0.302,-1,-1,-1
32,-1,2468.444,1364.276,83.769,58.106,0.286,-1,-1,-1
32,-1,1713.759,1178.138,217.758,119.447,0.419,-1,-1,-1
33,-1,1720.245,1167.611,208.843,132.967,0.306,-1,-1,-1
33,-1,2468.416,1364.231,83.836,58.177,0.285,-1,-1,-1
33,-1,1713.692,1178.151,217.823,119.427,0.419,-1,-1,-1
34,-1,1720.250,1167.637,208.788,132.906,0.304,-1,-1,-1
34,-1,2468.316,1364.190,83.979,58.226,0.284,-1,-1,-1
34,-1,1713.709,1178.188,217.857,119.386,0.419,-1,-1,-1
35,-1,1720.351,1167.745,208.749,132.737,0.304,-1,-1,-1
35,-1,2468.323,1364.181,83.982,58.243,0.285,-1,-1,-1
35,-1,1713.682,1178.175,218.241,119.361,0.421,-1,-1,-1
36,-1,1720.359,1167.714,208.709,132.749,0.304,-1,-1,-1
36,-1,2468.368,1363.970,84.041,58.402,0.281,-1,-1,-1
36,-1,1713.682,1178.175,218.245,119.354,0.421,-1,-1,-1
37,-1,1720.288,1167.641,208.827,132.780,0.300,-1,-1,-1
37,-1,2468.280,1363.778,84.288,58.616,0.282,-1,-1,-1
37,-1,1713.646,1178.199,218.256,119.363,0.420,-1,-1,-1
38,-1,1720.291,1167.625,208.755,132.797,0.299,-1,-1,-1
38,-1,2468.082,1363.823,84.497,58.571,0.283,-1,-1,-1
38,-1,1713.648,1178.199,218.270,119.358,0.420,-1,-1,-1
39,-1,1720.258,1167.601,208.735,132.838,0.298,-1,-1,-1
39,-1,2468.374,1363.745,84.186,58.593,0.281,-1,-1,-1
39,-1,1713.591,1178.207,218.299,119.367,0.420,-1,-1,-1
40,-1,1720.236,1167.611,208.735,132.806,0.298,-1,-1,-1
40,-1,2468.650,1363.885,83.668,58.392,0.285,-1,-1,-1
40,-1,1713.618,1178.217,218.217,119.326,0.420,-1,-1,-1
41,-1,1720.289,1167.546,208.689,132.926,0.301,-1,-1,-1
41,-1,2468.653,1363.873,83.664,58.404,0.284,-1,-1,-1
41,-1,1713.688,1178.194,218.152,119.332,0.422,-1,-1,-1
42,-1,1720.280,1167.651,208.635,132.876,0.301,-1,-1,-1
42,-1,2468.306,1363.783,84.351,58.671,0.277,-1,-1,-1
42,-1,1713.691,1178.180,218.100,119.355,0.422,-1,-1,-1
43,-1,1720.358,1167.701,208.597,132.802,0.302,-1,-1,-1
43,-1,2468.229,1363.775,84.516,58.686,0.279,-1,-1,-1
43,-1,1713.678,1178.190,218.130,119.347,0.422,-1,-1,-1
44,-1,1720.315,1167.658,208.713,132.789,0.306,-1,-1,-1
44,-1,2468.483,1363.690,84.369,58.807,0.279,-1,-1,-1
44,-1,1713.673,1178.175,218.401,119.357,0.421,-1,-1,-1
45,-1,1720.245,1167.782,208.711,132.672,0.307,-1,-1,-1
45,-1,2468.524,1363.560,84.028,58.763,0.275,-1,-1,-1
45,-1,1713.656,1178.205,218.296,119.306,0.422,-1,-1,-1
46,-1,1720.252,1167.785,208.695,132.673,0.309,-1,-1,-1
46,-1,2468.505,1363.524,84.093,58.821,0.274,-1,-1,-1
46,-1,1713.641,1178.226,218.271,119.257,0.422,-1,-1,-1
47,-1,1720.221,1167.808,208.759,132.724,0.309,-1,-1,-1
47,-1,2468.539,1363.532,84.052,58.794,0.274,-1,-1,-1
47,-1,1713.601,1178.201,218.327,119.315,0.422,-1,-1,-1
48,-1,1720.175,1167.842,208.876,132.715,0.309,-1,-1,-1
48,-1,2468.540,1363.534,84.050,58.792,0.274,-1,-1,-1
48,-1,1713.587,1178.228,218.327,119.292,0.422,-1,-1,-1
49,-1,1720.218,1167.931,208.903,132.684,0.311,-1,-1,-1
49,-1,2468.257,1363.391,84.434,59.010,0.277,-1,-1,-1
49,-1,1713.593,1178.219,218.282,119.320,0.421,-1,-1,-1
50,-1,1720.235,1167.928,208.722,132.716,0.310,-1,-1,-1
50,-1,2468.707,1363.705,83.617,58.613,0.268,-1,-1,-1
50,-1,1713.584,1178.207,218.331,119.332,0.421,-1,-1,-1
51,-1,1720.215,1167.931,208.797,132.714,0.310,-1,-1,-1
51,-1,2468.954,1363.917,83.349,58.369,0.270,-1,-1,-1
51,-1,1713.590,1178.202,218.325,119.340,0.421,-1,-1,-1
52,-1,1720.186,1167.999,208.838,132.627,0.308,-1,-1,-1
52,-1,2469.361,1363.928,82.496,58.053,0.267,-1,-1,-1
52,-1,1713.618,1178.212,218.271,119.347,0.421,-1,-1,-1
53,-1,1720.172,1167.954,208.862,132.716,0.309,-1,-1,-1
53,-1,2469.551,1363.786,82.350,58.192,0.266,-1,-1,-1
53,-1,1713.611,1178.214,218.281,119.347,0.421,-1,-1,-1
54,-1,1720.223,1168.022,208.794,132.672,0.313,-1,-1,-1
54,-1,2469.339,1363.945,82.610,58.074,0.260,-1,-1,-1
54,-1,1713.608,1178.216,218.281,119.338,0.420,-1,-1,-1
55,-1,1720.209,1167.973,208.747,132.730,0.314,-1,-1,-1
55,-1,2469.225,1363.948,82.826,58.176,0.261,-1,-1,-1
55,-1,1713.662,1178.252,218.118,119.280,0.419,-1,-1,-1
56,-1,1720.247,1167.907,208.690,132.803,0.313,-1,-1,-1
56,-1,2469.162,1363.975,82.973,58.173,0.264,-1,-1,-1
56,-1,1713.662,1178.249,218.114,119.286,0.419,-1,-1,-1
57,-1,1720.293,1167.924,208.722,132.796,0.313,-1,-1,-1
57,-1,2469.260,1364.023,82.777,58.115,0.269,-1,-1,-1
57,-1,1713.662,1178.249,218.114,119.286,0.419,-1,-1,-1
58,-1,1720.353,1167.900,208.578,132.779,0.313,-1,-1,-1
58,-1,2469.240,1364.011,82.831,58.142,0.269,-1,-1,-1
58,-1,1713.617,1178.271,218.162,119.259,0.419,-1,-1,-1
59,-1,1720.306,1167.923,208.658,132.723,0.308,-1,-1,-1
59,-1,2469.259,1364.013,82.793,58.132,0.270,-1,-1,-1
59,-1,1713.590,1178.313,218.339,119.220,0.421,-1,-1,-1
60,-1,1720.265,1167.963,208.608,132.735,0.309,-1,-1,-1
60,-1,2469.275,1363.957,82.739,58.212,0.265,-1,-1,-1
60,-1,1713.576,1178.305,218.364,119.249,0.420,-1,-1,-1
61,-1,1720.224,1168.067,208.662,132.646,0.309,-1,-1,-1
61,-1,2469.336,1363.761,82.810,58.252,0.268,-1,-1,-1
61,-1,1713.612,1178.276,218.376,119.290,0.421,-1,-1,-1
62,-1,1720.371,1168.026,208.547,132.614,0.315,-1,-1,-1
62,-1,2469.111,1363.336,83.310,58.835,0.259,-1,-1,-1
62,-1,1713.651,1178.225,218.314,119.316,0.420,-1,-1,-1
63,-1,1720.266,1167.950,208.685,132.701,0.314,-1,-1,-1
63,-1,2469.128,1363.350,83.281,58.806,0.260,-1,-1,-1
63,-1,1713.657,1178.223,218.398,119.318,0.420,-1,-1,-1
64,-1,1720.260,1167.975,208.640,132.718,0.316,-1,-1,-1
64,-1,2469.111,1363.359,83.303,58.811,0.256,-1,-1,-1
64,-1,1713.651,1178.219,218.322,119.331,0.420,-1,-1,-1
65,-1,1720.314,1168.042,208.600,132.668,0.316,-1,-1,-1
65,-1,2468.435,1363.272,84.752,59.466,0.257,-1,-1,-1
65,-1,1713.645,1178.215,218.346,119.336,0.420,-1,-1,-1
66,-1,1720.295,1168.090,208.563,132.662,0.315,-1,-1,-1
66,-1,2469.440,1364.009,82.683,58.332,0.278,-1,-1,-1
66,-1,1713.645,1178.215,218.345,119.336,0.420,-1,-1,-1
67,-1,1720.359,1167.991,208.482,132.749,0.317,-1,-1,-1
67,-1,2469.703,1364.156,82.115,58.458,0.278,-1,-1,-1
67,-1,1713.656,1178.215,218.338,119.336,0.420,-1,-1,-1
68,-1,1720.412,1167.897,208.305,132.868,0.317,-1,-1,-1
68,-1,2471.111,1365.042,78.821,58.779,0.267,-1,-1,-1
68,-1,1713.652,1178.213,218.344,119.338,0.420,-1,-1,-1
69,-1,1720.335,1167.797,208.322,132.959,0.315,-1,-1,-1
69,-1,2470.057,1363.237,80.322,64.083,0.225,-1,-1,-1
69,-1,1713.652,1178.222,218.346,119.327,0.420,-1,-1,-1
70,-1,1720.376,1167.765,208.460,132.932,0.316,-1,-1,-1
70,-1,1713.709,1178.261,218.390,119.236,0.421,-1,-1,-1
71,-1,1720.382,1169.301,209.744,131.401,0.359,-1,-1,-1
71,-1,2476.865,1371.665,66.498,51.669,0.220,-1,-1,-1
71,-1,1712.399,1178.257,222.165,119.793,0.393,-1,-1,-1
72,-1,1720.693,1169.302,209.514,131.424,0.354,-1,-1,-1
72,-1,2476.492,1369.929,66.601,55.741,0.219,-1,-1,-1
72,-1,1712.409,1178.262,222.001,119.846,0.392,-1,-1,-1
73,-1,1720.404,1169.248,209.464,131.559,0.354,-1,-1,-1
73,-1,2476.618,1367.952,67.708,59.284,0.235,-1,-1,-1
73,-1,1712.076,1178.307,222.566,120.024,0.381,-1,-1,-1
74,-1,1720.393,1169.280,209.423,131.577,0.348,-1,-1,-1
74,-1,1712.066,1178.325,222.467,119.979,0.380,-1,-1,-1
75,-1,1720.230,1169.149,209.883,131.719,0.353,-1,-1,-1
75,-1,1712.055,1178.325,222.541,120.007,0.380,-1,-1,-1
76,-1,1720.206,1169.252,209.812,131.430,0.346,-1,-1,-1
76,-1,1712.010,1178.341,222.719,119.962,0.380,-1,-1,-1
77,-1,1720.146,1169.424,209.690,131.271,0.339,-1,-1,-1
77,-1,1712.066,1178.355,222.708,119.921,0.379,-1,-1,-1
78,-1,1720.030,1169.494,209.920,131.281,0.341,-1,-1,-1
78,-1,1712.074,1178.376,222.638,119.886,0.380,-1,-1,-1
79,-1,2440.466,1363.341,116.499,86.276,0.633,-1,-1,-1
79,-1,1720.163,1169.586,210.037,131.287,0.338,-1,-1,-1
79,-1,1712.056,1178.375,222.671,119.870,0.380,-1,-1,-1
80,-1,2431.187,1362.627,118.040,82.158,0.683,-1,-1,-1
80,-1,1720.405,1169.691,209.430,131.301,0.334,-1,-1,-1
80,-1,1712.068,1178.371,222.652,119.885,0.380,-1,-1,-1
81,-1,2428.971,1357.186,113.372,81.965,0.495,-1,-1,-1
81,-1,1720.244,1169.749,209.276,131.238,0.338,-1,-1,-1
81,-1,1712.048,1178.380,222.594,119.811,0.378,-1,-1,-1
82,-1,2408.510,1359.927,112.353,76.591,0.682,-1,-1,-1
82,-1,1720.180,1169.798,209.439,131.138,0.332,-1,-1,-1
82,-1,1711.994,1178.391,222.625,119.800,0.378,-1,-1,-1
83,-1,2399.368,1357.043,119.900,77.509,0.521,-1,-1,-1
83,-1,1720.457,1169.347,209.006,131.142,0.345,-1,-1,-1
83,-1,1711.927,1178.386,222.680,119.797,0.378,-1,-1,-1
84,-1,2374.159,1354.358,108.499,76.997,0.430,-1,-1,-1
84,-1,2464.103,1364.218,80.008,63.366,0.379,-1,-1,-1
84,-1,1720.728,1169.440,208.574,130.944,0.336,-1,-1,-1
84,-1,1711.896,1178.347,222.794,119.874,0.377,-1,-1,-1
85,-1,2355.776,1340.028,127.725,90.463,0.496,-1,-1,-1
85,-1,2478.228,1366.851,68.236,56.928,0.406,-1,-1,-1
85,-1,1721.087,1169.368,207.991,131.265,0.322,-1,-1,-1
85,-1,1711.974,1178.404,222.927,119.924,0.380,-1,-1,-1
86,-1,2476.204,1368.801,76.451,54.001,0.433,-1,-1,-1
86,-1,2342.113,1336.424,132.447,93.284,0.398,-1,-1,-1
86,-1,1721.545,1169.479,207.225,131.272,0.312,-1,-1,-1
86,-1,1711.975,1178.404,222.902,119.915,0.379,-1,-1,-1
87,-1,2321.716,1333.922,136.043,91.307,0.545,-1,-1,-1
87,-1,2476.600,1368.423,76.836,52.264,0.446,-1,-1,-1
87,-1,1720.924,1169.242,207.588,131.308,0.308,-1,-1,-1
87,-1,1712.073,1178.453,222.778,119.823,0.377,-1,-1,-1
88,-1,2305.852,1332.812,134.922,90.821,0.612,-1,-1,-1
88,-1,2472.482,1366.183,82.423,53.934,0.356,-1,-1,-1
88,-1,1721.188,1169.247,208.033,131.173,0.318,-1,-1,-1
88,-1,1712.067,1178.482,222.783,119.770,0.376,-1,-1,-1
89,-1,2293.563,1329.650,138.098,88.603,0.650,-1,-1,-1
89,-1,2473.770,1365.904,78.949,53.271,0.369,-1,-1,-1
89,-1,1721.558,1169.241,207.298,131.249,0.304,-1,-1,-1
89,-1,1712.160,1178.455,222.665,119.798,0.376,-1,-1,-1
90,-1,2272.171,1328.823,139.594,87.173,0.739,-1,-1,-1
90,-1,2470.756,1365.202,81.938,54.212,0.358,-1,-1,-1
90,-1,1717.062,1177.289,203.037,105.901,0.288,-1,-1,-1
90,-1,1712.175,1178.447,222.657,119.814,0.376,-1,-1,-1
91,-1,2251.617,1324.564,150.897,92.866,0.770,-1,-1,-1
91,-1,2468.589,1364.741,84.199,56.350,0.339,-1,-1,-1
91,-1,1717.038,1177.282,203.054,105.900,0.288,-1,-1,-1
91,-1,2328.982,1333.237,89.232,76.325,0.204,-1,-1,-1
91,-1,1712.156,1178.450,222.684,119.795,0.376,-1,-1,-1
92,-1,2246.903,1320.123,146.389,97.739,0.719,-1,-1,-1
92,-1,2466.962,1365.568,84.896,56.844,0.301,-1,-1,-1
92,-1,1717.044,1177.310,203.093,105.892,0.288,-1,-1,-1
92,-1,1712.161,1178.450,222.683,119.801,0.376,-1,-1,-1
93,-1,2239.919,1312.103,126.980,101.956,0.570,-1,-1,-1
93,-1,2470.045,1366.427,80.514,55.231,0.297,-1,-1,-1
93,-1,1717.056,1177.288,203.067,105.919,0.288,-1,-1,-1
93,-1,1712.169,1178.439,222.658,119.808,0.376,-1,-1,-1
94,-1,2242.653,1313.445,114.488,97.018,0.471,-1,-1,-1
94,-1,2471.018,1366.604,80.033,55.459,0.295,-1,-1,-1
94,-1,1717.072,1177.285,203.031,105.925,0.287,-1,-1,-1
94,-1,2290.331,1332.540,76.313,70.955,0.218,-1,-1,-1
94,-1,1712.200,1178.494,222.648,119.785,0.377,-1,-1,-1
95,-1,1722.984,1169.462,205.665,131.433,0.295,-1,-1,-1
95,-1,2470.690,1366.336,81.544,55.952,0.287,-1,-1,-1
95,-1,2249.673,1324.143,86.197,82.058,0.258,-1,-1,-1
95,-1,1712.203,1178.495,222.649,119.768,0.376,-1,-1,-1
96,-1,2139.104,1292.712,89.351,82.049,0.421,-1,-1,-1
96,-1,2244.564,1321.926,81.298,80.454,0.373,-1,-1,-1
96,-1,2138.362,1284.995,159.398,101.533,0.297,-1,-1,-1
96,-1,1717.067,1177.283,203.061,105.923,0.287,-1,-1,-1
96,-1,2469.902,1366.429,82.481,56.208,0.285,-1,-1,-1
96,-1,1712.200,1178.498,222.664,119.777,0.376,-1,-1,-1
97,-1,2117.960,1277.366,137.806,100.612,0.444,-1,-1,-1
97,-1,1723.153,1169.025,207.797,131.520,0.279,-1,-1,-1
97,-1,2469.316,1366.378,82.962,56.581,0.276,-1,-1,-1
97,-1,1712.348,1178.664,222.075,119.744,0.377,-1,-1,-1
98,-1,2088.139,1272.007,137.440,110.162,0.512,-1,-1,-1
98,-1,1717.054,1177.359,203.197,105.996,0.278,-1,-1,-1
98,-1,2469.246,1365.845,83.134,57.402,0.268,-1,-1,-1
98,-1,1712.354,1178.547,222.043,119.835,0.379,-1,-1,-1
99,-1,2063.209,1268.409,151.940,113.485,0.754,-1,-1,-1
99,-1,1717.051,1177.344,203.153,106.020,0.278,-1,-1,-1
99,-1,2469.180,1365.848,83.188,57.403,0.268,-1,-1,-1
99,-1,1712.354,1178.522,221.713,119.846,0.380,-1,-1,-1
100,-1,2033.156,1262.837,173.625,113.214,0.656,-1,-1,-1
100,-1,1716.818,1177.558,203.608,105.402,0.285,-1,-1,-1
100,-1,2469.206,1365.931,83.200,57.337,0.268,-1,-1,-1
100,-1,1712.321,1178.602,222.269,119.369,0.378,-1,-1,-1
101,-1,2003.971,1257.101,186.452,115.871,0.762,-1,-1,-1
101,-1,1717.800,1178.070,196.814,105.263,0.262,-1,-1,-1
101,-1,1714.592,1178.854,210.845,118.738,0.441,-1,-1,-1
102,-1,1978.845,1249.000,203.040,126.964,0.587,-1,-1,-1
102,-1,1717.965,1177.924,195.404,105.281,0.263,-1,-1,-1
102,-1,1714.842,1179.023,210.284,117.633,0.450,-1,-1,-1
102,-1,1971.673,1254.347,214.108,132.139,0.252,-1,-1,-1
103,-1,1947.606,1251.059,214.419,128.405,0.770,-1,-1,-1
103,-1,1719.427,1178.132,194.456,103.256,0.244,-1,-1,-1
103,-1,1717.045,1179.940,212.755,115.140,0.425,-1,-1,-1
103,-1,1926.827,1242.572,237.551,129.944,0.292,-1,-1,-1
104,-1,1919.337,1241.210,222.877,128.328,0.704,-1,-1,-1
104,-1,1721.753,1178.283,184.223,100.471,0.245,-1,-1,-1
104,-1,1720.455,1180.353,198.065,110.870,0.368,-1,-1,-1
104,-1,1905.678,1235.937,220.762,131.639,0.298,-1,-1,-1
105,-1,1878.448,1229.589,214.846,136.954,0.715,-1,-1,-1
105,-1,1725.127,1177.794,176.193,99.376,0.348,-1,-1,-1
105,-1,1721.475,1177.625,184.239,108.902,0.312,-1,-1,-1
105,-1,1870.990,1231.218,234.036,133.343,0.241,-1,-1,-1
106,-1,1849.252,1220.368,230.216,139.054,0.852,-1,-1,-1
106,-1,0.831,1466.977,346.974,452.459,0.756,-1,-1,-1
106,-1,1725.174,1176.525,162.112,100.013,0.407,-1,-1,-1
106,-1,1719.544,1176.113,170.773,113.993,0.201,-1,-1,-1
107,-1,5.966,1344.959,628.054,559.422,0.991,-1,-1,-1
107,-1,1795.350,1210.675,260.282,147.250,0.791,-1,-1,-1
107,-1,1724.369,1177.217,147.724,98.618,0.321,-1,-1,-1
107,-1,1770.358,1197.714,201.021,118.123,0.230,-1,-1,-1
107,-1,1790.958,1209.170,264.405,152.390,0.208,-1,-1,-1
108,-1,0.000,1291.879,830.669,608.796,0.997,-1,-1,-1
108,-1,1743.357,1182.276,262.304,169.929,0.668,-1,-1,-1
108,-1,1746.195,1185.874,256.925,163.802,0.355,-1,-1,-1
109,-1,5.086,1305.323,984.007,590.530,0.997,-1,-1,-1
109,-1,1720.730,1183.219,267.714,167.761,0.827,-1,-1,-1
110,-1,63.385,1301.872,1082.793,509.901,0.997,-1,-1,-1
110,-1,1673.741,1173.219,271.407,173.447,0.890,-1,-1,-1
110,-1,1675.585,1170.234,268.911,172.195,0.213,-1,-1,-1
111,-1,350.685,1269.779,925.464,462.894,0.997,-1,-1,-1
111,-1,1623.423,1165.906,298.368,168.620,0.784,-1,-1,-1
111,-1,2468.935,1363.855,84.034,58.611,0.224,-1,-1,-1
111,-1,1642.514,1167.877,283.422,166.485,0.237,-1,-1,-1
112,-1,590.749,1270.985,759.935,439.476,0.996,-1,-1,-1
112,-1,1595.527,1156.830,329.093,177.583,0.835,-1,-1,-1
112,-1,2469.081,1363.808,83.788,58.636,0.223,-1,-1,-1
112,-1,1581.389,1155.234,343.215,176.339,0.227,-1,-1,-1
113,-1,748.627,1270.063,693.855,387.641,0.976,-1,-1,-1
113,-1,1533.125,1141.702,327.682,183.143,0.651,-1,-1,-1
113,-1,2468.838,1363.773,84.106,58.697,0.223,-1,-1,-1
113,-1,1531.480,1143.177,359.610,183.415,0.417,-1,-1,-1
114,-1,905.552,1267.198,620.136,347.601,0.954,-1,-1,-1
114,-1,1476.329,1136.915,325.514,188.220,0.611,-1,-1,-1
114,-1,2468.872,1363.830,84.061,58.662,0.224,-1,-1,-1
114,-1,1485.815,1134.537,319.975,191.009,0.391,-1,-1,-1
114,-1,1776.105,1194.507,157.808,105.286,0.333,-1,-1,-1
115,-1,1035.948,1264.579,550.819,318.730,0.988,-1,-1,-1
115,-1,1436.841,1126.207,310.365,196.182,0.608,-1,-1,-1
115,-1,2468.850,1363.820,84.075,58.682,0.224,-1,-1,-1
115,-1,1408.598,1128.599,345.583,194.718,0.454,-1,-1,-1
115,-1,1736.609,1185.482,185.185,108.084,0.395,-1,-1,-1
116,-1,1133.113,1264.767,494.267,293.678,0.974,-1,-1,-1
116,-1,1362.710,1112.590,344.250,214.028,0.417,-1,-1,-1
116,-1,1717.616,1160.685,219.315,141.853,0.416,-1,-1,-1
116,-1,2468.823,1363.821,84.083,58.654,0.223,-1,-1,-1
116,-1,1367.692,1116.348,349.962,205.679,0.627,-1,-1,-1
116,-1,1730.476,1179.726,193.963,118.152,0.416,-1,-1,-1
117,-1,1231.586,1273.144,447.352,252.766,0.986,-1,-1,-1
117,-1,1277.695,1180.188,380.778,213.253,0.586,-1,-1,-1
117,-1,1707.552,1165.317,217.991,135.761,0.465,-1,-1,-1
117,-1,1311.475,1108.825,358.413,207.849,0.400,-1,-1,-1
117,-1,2468.859,1363.825,84.018,58.629,0.223,-1,-1,-1
117,-1,1314.567,1118.558,355.770,205.261,0.625,-1,-1,-1
117,-1,1707.336,1179.108,220.312,118.393,0.377,-1,-1,-1
118,-1,1311.038,1261.559,412.384,254.659,0.912,-1,-1,-1
118,-1,1250.598,1090.484,356.400,210.588,0.484,-1,-1,-1
118,-1,1717.925,1166.297,210.768,133.552,0.397,-1,-1,-1
118,-1,1277.318,1186.714,394.042,218.958,0.242,-1,-1,-1
118,-1,2468.890,1363.805,83.956,58.612,0.222,-1,-1,-1
118,-1,1253.042,1105.568,355.789,200.559,0.505,-1,-1,-1
118,-1,1711.732,1179.022,219.430,119.324,0.378,-1,-1,-1
119,-1,1387.005,1263.845,384.351,244.113,0.907,-1,-1,-1
119,-1,1720.059,1166.850,215.032,131.106,0.409,-1,-1,-1
119,-1,1187.570,1098.066,400.912,222.051,0.347,-1,-1,-1
119,-1,2469.209,1363.952,83.475,58.308,0.220,-1,-1,-1
119,-1,1184.694,1094.734,396.471,219.167,0.675,-1,-1,-1
119,-1,1711.624,1179.055,221.021,119.632,0.375,-1,-1,-1
120,-1,1456.015,1274.405,350.528,227.968,0.950,-1,-1,-1
120,-1,1717.927,1165.468,214.137,131.210,0.436,-1,-1,-1
120,-1,1104.020,1059.678,443.891,265.871,0.250,-1,-1,-1
120,-1,2469.317,1364.017,83.365,58.216,0.224,-1,-1,-1
120,-1,1114.467,1069.810,444.867,259.479,0.820,-1,-1,-1
120,-1,1712.327,1178.923,220.576,119.890,0.357,-1,-1,-1
121,-1,1511.775,1277.680,319.446,190.571,0.915,-1,-1,-1
121,-1,1720.614,1160.055,206.947,132.753,0.314,-1,-1,-1
121,-1,2470.392,1361.695,82.908,61.030,0.224,-1,-1,-1
121,-1,1026.503,1060.704,491.812,278.417,0.908,-1,-1,-1
121,-1,1713.925,1180.035,218.259,115.740,0.389,-1,-1,-1
122,-1,1578.831,1289.107,284.755,161.885,0.894,-1,-1,-1
122,-1,1718.640,1176.700,199.714,105.732,0.244,-1,-1,-1
122,-1,2470.309,1361.843,83.162,60.796,0.232,-1,-1,-1
122,-1,925.669,1048.131,505.834,296.811,0.935,-1,-1,-1
122,-1,1713.303,1179.975,217.918,115.144,0.404,-1,-1,-1
123,-1,1628.720,1290.114,286.536,147.304,0.814,-1,-1,-1
123,-1,828.316,1037.160,549.876,319.835,0.267,-1,-1,-1
123,-1,2470.285,1361.839,83.155,60.762,0.232,-1,-1,-1
123,-1,1719.085,1176.815,199.915,105.040,0.222,-1,-1,-1
123,-1,814.217,1040.340,585.261,318.867,0.898,-1,-1,-1
123,-1,1715.489,1180.231,216.815,113.327,0.371,-1,-1,-1
124,-1,1672.432,1297.292,274.795,135.158,0.734,-1,-1,-1
124,-1,719.650,1024.655,614.485,334.254,0.720,-1,-1,-1
124,-1,2470.158,1361.792,83.373,60.759,0.232,-1,-1,-1
124,-1,1720.171,1177.207,198.341,103.151,0.223,-1,-1,-1
124,-1,699.835,1030.379,648.301,336.121,0.608,-1,-1,-1
124,-1,1718.022,1181.252,215.485,112.123,0.339,-1,-1,-1
124,-1,1676.140,1296.141,265.742,133.364,0.201,-1,-1,-1
125,-1,1721.777,1299.894,274.855,150.502,0.842,-1,-1,-1
125,-1,572.945,1039.632,691.280,337.674,0.634,-1,-1,-1
125,-1,2470.179,1361.813,83.352,60.729,0.232,-1,-1,-1
125,-1,1717.759,1363.134,283.682,167.610,0.229,-1,-1,-1
125,-1,1719.510,1177.446,197.731,101.635,0.203,-1,-1,-1
125,-1,579.979,1024.053,685.058,357.028,0.661,-1,-1,-1
125,-1,1716.683,1180.387,213.954,111.817,0.277,-1,-1,-1
126,-1,1750.816,1300.414,265.998,156.622,0.887,-1,-1,-1
126,-1,1732.418,1360.807,282.004,177.344,0.464,-1,-1,-1
126,-1,411.490,1016.545,785.690,394.588,0.312,-1,-1,-1
126,-1,2470.293,1362.129,82.813,60.228,0.241,-1,-1,-1
126,-1,1718.000,1177.230,199.455,103.224,0.221,-1,-1,-1
126,-1,409.691,1018.869,803.766,393.339,0.889,-1,-1,-1
126,-1,1714.376,1180.113,214.289,111.563,0.297,-1,-1,-1
127,-1,1811.283,1299.135,251.177,159.967,0.911,-1,-1,-1
127,-1,1747.022,1361.379,270.591,187.299,0.305,-1,-1,-1
127,-1,211.735,999.136,903.853,440.189,0.278,-1,-1,-1
127,-1,2470.544,1362.116,82.481,60.273,0.233,-1,-1,-1
127,-1,1718.750,1176.976,199.334,102.992,0.207,-1,-1,-1
127,-1,226.638,1001.909,901.427,425.576,0.924,-1,-1,-1
127,-1,1714.604,1180.365,217.942,112.280,0.263,-1,-1,-1
128,-1,1839.892,1304.754,244.923,152.075,0.942,-1,-1,-1
128,-1,1719.090,1177.061,199.735,104.994,0.233,-1,-1,-1
128,-1,2470.249,1362.078,82.921,60.363,0.232,-1,-1,-1
128,-1,16.090,979.622,1007.630,475.942,0.964,-1,-1,-1
128,-1,1714.371,1179.838,218.144,117.441,0.345,-1,-1,-1
129,-1,1874.652,1308.844,245.292,147.881,0.945,-1,-1,-1
129,-1,1718.753,1176.992,200.225,104.889,0.234,-1,-1,-1
129,-1,2470.136,1361.996,82.995,60.448,0.229,-1,-1,-1
129,-1,8.046,951.319,918.488,534.283,0.966,-1,-1,-1
129,-1,1712.880,1179.701,220.036,117.475,0.360,-1,-1,-1
130,-1,1904.165,1307.585,240.031,143.918,0.942,-1,-1,-1
130,-1,1718.740,1177.007,199.607,104.993,0.236,-1,-1,-1
130,-1,2470.136,1361.988,83.001,60.461,0.229,-1,-1,-1
130,-1,0.000,927.477,786.487,507.317,0.206,-1,-1,-1
130,-1,15.805,935.525,786.152,497.837,0.968,-1,-1,-1
130,-1,1712.568,1179.585,221.523,118.619,0.372,-1,-1,-1
131,-1,1936.316,1313.787,224.820,135.146,0.910,-1,-1,-1
131,-1,1717.025,1176.751,197.685,106.221,0.287,-1,-1,-1
131,-1,2468.465,1363.323,84.462,59.657,0.241,-1,-1,-1
131,-1,5.206,931.716,623.015,522.790,0.954,-1,-1,-1
131,-1,1711.656,1178.400,219.419,119.458,0.388,-1,-1,-1
132,-1,1975.720,1323.103,209.680,131.564,0.642,-1,-1,-1
132,-1,1717.257,1176.721,196.954,105.985,0.289,-1,-1,-1
132,-1,2468.361,1363.237,84.818,59.857,0.235,-1,-1,-1
132,-1,12.503,1004.004,426.405,490.796,0.686,-1,-1,-1
132,-1,1711.984,1178.452,217.667,119.011,0.391,-1,-1,-1
133,-1,2006.076,1325.485,180.264,128.141,0.747,-1,-1,-1
133,-1,1716.935,1176.911,197.154,105.826,0.297,-1,-1,-1
133,-1,2467.907,1363.845,85.510,59.291,0.229,-1,-1,-1
133,-1,1711.880,1178.404,216.829,118.977,0.392,-1,-1,-1
134,-1,2035.021,1327.059,168.823,121.375,0.607,-1,-1,-1
134,-1,1716.793,1176.912,197.179,105.810,0.298,-1,-1,-1
134,-1,2468.154,1363.955,85.001,59.144,0.228,-1,-1,-1
134,-1,1711.689,1178.419,217.079,119.001,0.390,-1,-1,-1
135,-1,2071.417,1334.551,168.092,105.940,0.605,-1,-1,-1
135,-1,1716.891,1176.906,197.107,105.822,0.297,-1,-1,-1
135,-1,2468.172,1363.969,84.988,59.125,0.229,-1,-1,-1
135,-1,1711.744,1178.416,217.138,119.009,0.390,-1,-1,-1
136,-1,2092.668,1337.341,173.037,106.252,0.622,-1,-1,-1
136,-1,1716.962,1176.898,197.072,105.840,0.297,-1,-1,-1
136,-1,2468.311,1364.005,84.742,59.039,0.232,-1,-1,-1
136,-1,1711.807,1178.417,217.144,119.010,0.390,-1,-1,-1
137,-1,2127.463,1347.774,167.809,102.054,0.406,-1,-1,-1
137,-1,1716.955,1176.903,197.092,105.847,0.298,-1,-1,-1
137,-1,2113.778,1341.793,113.904,91.100,0.284,-1,-1,-1
137,-1,2468.376,1364.066,84.733,58.944,0.232,-1,-1,-1
137,-1,2197.650,1376.958,103.702,85.952,0.227,-1,-1,-1
137,-1,1711.790,1178.410,217.226,119.035,0.389,-1,-1,-1
138,-1,2167.864,1363.099,152.854,97.732,0.362,-1,-1,-1
138,-1,1716.917,1176.913,197.125,105.842,0.299,-1,-1,-1
138,-1,2136.037,1349.243,78.021,79.158,0.257,-1,-1,-1
138,-1,2468.223,1363.966,84.951,59.038,0.234,-1,-1,-1
138,-1,1711.787,1178.409,217.266,118.997,0.388,-1,-1,-1
139,-1,2191.823,1362.360,148.550,101.603,0.455,-1,-1,-1
139,-1,1717.202,1176.940,196.934,105.794,0.294,-1,-1,-1
139,-1,2467.914,1363.788,85.026,59.153,0.238,-1,-1,-1
139,-1,1711.947,1178.467,217.063,119.014,0.390,-1,-1,-1
140,-1,2205.189,1364.766,154.563,100.020,0.475,-1,-1,-1
140,-1,1717.117,1176.907,196.981,105.800,0.296,-1,-1,-1
140,-1,2468.592,1364.490,83.704,57.521,0.258,-1,-1,-1
140,-1,1711.899,1178.463,217.089,118.984,0.389,-1,-1,-1
141,-1,2216.951,1364.836,162.859,100.058,0.608,-1,-1,-1
141,-1,1718.753,1177.262,197.991,104.615,0.298,-1,-1,-1
141,-1,2472.309,1365.670,78.014,54.903,0.286,-1,-1,-1
141,-1,1714.116,1178.550,216.962,118.035,0.368,-1,-1,-1
142,-1,2230.540,1364.184,175.097,102.185,0.593,-1,-1,-1
142,-1,2474.254,1366.554,75.543,53.613,0.330,-1,-1,-1
142,-1,1718.959,1177.255,197.522,104.540,0.300,-1,-1,-1
142,-1,1714.160,1178.605,216.879,117.927,0.368,-1,-1,-1
143,-1,2262.252,1368.640,160.382,100.423,0.738,-1,-1,-1
143,-1,2475.840,1368.237,73.486,50.805,0.325,-1,-1,-1
143,-1,1718.945,1177.224,197.660,104.613,0.298,-1,-1,-1
143,-1,1714.189,1178.571,216.932,117.898,0.369,-1,-1,-1
144,-1,2283.656,1371.074,150.635,99.582,0.624,-1,-1,-1
144,-1,2479.979,1369.513,68.202,49.463,0.344,-1,-1,-1
144,-1,1719.019,1177.209,197.479,104.568,0.299,-1,-1,-1
144,-1,1714.286,1178.553,216.695,117.917,0.367,-1,-1,-1
145,-1,2303.651,1372.753,144.523,100.480,0.417,-1,-1,-1
145,-1,2479.081,1368.879,68.830,49.818,0.350,-1,-1,-1
145,-1,1718.631,1177.345,198.133,104.224,0.287,-1,-1,-1
145,-1,1713.851,1178.727,217.377,117.484,0.362,-1,-1,-1
146,-1,2320.585,1373.786,147.233,104.730,0.339,-1,-1,-1
146,-1,2478.000,1368.480,70.431,49.607,0.333,-1,-1,-1
146,-1,1718.630,1177.276,198.119,104.279,0.286,-1,-1,-1
146,-1,1713.869,1178.714,217.313,117.573,0.361,-1,-1,-1
147,-1,2346.908,1383.375,138.437,96.509,0.527,-1,-1,-1
147,-1,2479.364,1369.118,68.423,50.319,0.320,-1,-1,-1
147,-1,1718.691,1177.308,198.029,104.273,0.288,-1,-1,-1
147,-1,1713.873,1178.678,217.135,117.558,0.362,-1,-1,-1
148,-1,2364.871,1384.810,132.612,99.005,0.368,-1,-1,-1
148,-1,2475.354,1368.112,76.043,55.228,0.287,-1,-1,-1
148,-1,1718.515,1177.374,198.295,104.290,0.286,-1,-1,-1
148,-1,1713.710,1178.680,217.345,117.643,0.362,-1,-1,-1
149,-1,2380.764,1386.826,139.868,100.974,0.447,-1,-1,-1
149,-1,1718.475,1177.389,198.226,104.242,0.288,-1,-1,-1
149,-1,2473.248,1366.089,79.679,58.899,0.236,-1,-1,-1
149,-1,1713.643,1178.719,217.459,117.565,0.362,-1,-1,-1
150,-1,2393.273,1388.729,144.076,102.538,0.387,-1,-1,-1
150,-1,1718.498,1177.360,198.173,104.234,0.287,-1,-1,-1
150,-1,1713.674,1178.693,217.460,117.639,0.361,-1,-1,-1
151,-1,2414.607,1377.670,128.697,111.256,0.332,-1,-1,-1
151,-1,1719.827,1177.478,198.917,104.991,0.285,-1,-1,-1
151,-1,1714.689,1178.962,217.447,118.303,0.372,-1,-1,-1
152,-1,2424.937,1374.777,123.878,112.690,0.442,-1,-1,-1
152,-1,1719.695,1177.657,199.059,104.905,0.290,-1,-1,-1
152,-1,1714.499,1178.933,217.548,118.420,0.372,-1,-1,-1
153,-1,0.000,1481.068,1277.278,425.503,0.806,-1,-1,-1
153,-1,2444.612,1373.885,113.938,116.056,0.336,-1,-1,-1
153,-1,1719.748,1177.635,198.851,104.870,0.292,-1,-1,-1
153,-1,1714.546,1178.940,217.459,118.383,0.371,-1,-1,-1
154,-1,0.000,1440.894,1180.214,472.785,0.913,-1,-1,-1
154,-1,1719.705,1177.629,198.895,104.882,0.292,-1,-1,-1
154,-1,1714.485,1178.951,217.528,118.372,0.371,-1,-1,-1
155,-1,0.000,1378.088,1033.135,535.969,0.955,-1,-1,-1
155,-1,1719.626,1177.633,199.120,104.923,0.292,-1,-1,-1
155,-1,1714.381,1178.921,217.737,118.419,0.372,-1,-1,-1
156,-1,1.192,1340.891,869.195,569.586,0.925,-1,-1,-1
156,-1,1719.648,1177.606,199.163,104.974,0.292,-1,-1,-1
156,-1,1714.418,1178.905,217.764,118.415,0.372,-1,-1,-1
157,-1,23.806,1348.951,619.558,563.313,0.925,-1,-1,-1
157,-1,1720.148,1177.115,198.926,105.371,0.287,-1,-1,-1
157,-1,1714.773,1178.596,217.881,118.664,0.369,-1,-1,-1
158,-1,0.000,1308.092,458.431,590.013,0.453,-1,-1,-1
158,-1,1720.188,1177.085,198.671,105.413,0.287,-1,-1,-1
158,-1,1714.815,1178.574,217.378,118.705,0.369,-1,-1,-1
159,-1,0.282,1512.995,230.033,400.671,0.357,-1,-1,-1
159,-1,1720.369,1177.281,198.449,105.177,0.291,-1,-1,-1
159,-1,2464.111,1366.409,83.857,56.430,0.223,-1,-1,-1
159,-1,1715.044,1178.710,217.042,118.514,0.370,-1,-1,-1
160,-1,1720.444,1177.083,198.395,105.329,0.286,-1,-1,-1
160,-1,2469.040,1368.976,74.695,49.608,0.207,-1,-1,-1
160,-1,1715.113,1178.638,216.988,118.521,0.369,-1,-1,-1
161,-1,1720.284,1169.701,207.691,131.394,0.335,-1,-1,-1
161,-1,2470.533,1365.082,78.310,54.694,0.230,-1,-1,-1
161,-1,1711.279,1178.317,221.817,119.884,0.389,-1,-1,-1
162,-1,1720.114,1169.659,208.154,131.239,0.357,-1,-1,-1
162,-1,2466.770,1362.975,86.923,59.683,0.208,-1,-1,-1
162,-1,1711.370,1178.308,221.664,119.795,0.390,-1,-1,-1
163,-1,1720.219,1169.586,208.132,131.347,0.350,-1,-1,-1
163,-1,1711.382,1178.300,221.770,119.886,0.390,-1,-1,-1
164,-1,1720.154,1169.533,208.216,131.379,0.349,-1,-1,-1
164,-1,1711.399,1178.283,221.764,119.928,0.391,-1,-1,-1
165,-1,1720.077,1169.633,208.178,131.290,0.346,-1,-1,-1
165,-1,2467.950,1363.578,85.995,59.795,0.228,-1,-1,-1
165,-1,1711.426,1178.294,221.656,119.894,0.390,-1,-1,-1
166,-1,1720.346,1169.851,208.068,131.073,0.355,-1,-1,-1
166,-1,2468.299,1364.148,84.875,59.591,0.219,-1,-1,-1
166,-1,1711.632,1178.260,221.393,119.753,0.388,-1,-1,-1
167,-1,1720.413,1169.623,207.960,131.304,0.351,-1,-1,-1
167,-1,2468.758,1363.336,84.156,62.842,0.227,-1,-1,-1
167,-1,1711.557,1178.296,221.593,119.751,0.388,-1,-1,-1
168,-1,1720.522,1169.599,207.723,131.355,0.349,-1,-1,-1
168,-1,2468.267,1362.168,83.588,65.004,0.216,-1,-1,-1
168,-1,1711.498,1178.305,221.610,119.743,0.388,-1,-1,-1
169,-1,1720.205,1169.581,207.706,131.784,0.341,-1,-1,-1
169,-1,1711.328,1178.161,221.488,119.902,0.392,-1,-1,-1
170,-1,1720.204,1169.589,207.718,131.817,0.342,-1,-1,-1
170,-1,1711.315,1178.170,221.526,119.925,0.393,-1,-1,-1
171,-1,1717.478,1177.932,199.447,104.130,0.312,-1,-1,-1
171,-1,2472.287,1367.598,71.359,59.773,0.227,-1,-1,-1
171,-1,1712.993,1178.970,217.841,117.641,0.392,-1,-1,-1
172,-1,1717.516,1177.886,199.418,104.211,0.312,-1,-1,-1
172,-1,1713.131,1178.894,217.678,117.777,0.391,-1,-1,-1
173,-1,1717.479,1177.885,199.394,104.174,0.313,-1,-1,-1
173,-1,1713.124,1178.871,217.604,117.791,0.388,-1,-1,-1
174,-1,1717.521,1177.831,199.214,104.209,0.311,-1,-1,-1
174,-1,1713.147,1178.881,217.497,117.786,0.389,-1,-1,-1
175,-1,1717.460,1177.852,199.250,104.180,0.313,-1,-1,-1
175,-1,1713.105,1178.884,217.471,117.750,0.389,-1,-1,-1
176,-1,1717.574,1177.847,199.187,104.173,0.311,-1,-1,-1
176,-1,1713.199,1178.889,217.484,117.743,0.390,-1,-1,-1
177,-1,1717.568,1177.803,199.231,104.207,0.309,-1,-1,-1
177,-1,1713.176,1178.910,217.565,117.741,0.391,-1,-1,-1
178,-1,2445.588,1363.344,108.370,82.010,0.562,-1,-1,-1
178,-1,1717.542,1177.828,199.261,104.196,0.310,-1,-1,-1
178,-1,1713.146,1178.932,217.627,117.721,0.390,-1,-1,-1
179,-1,2434.733,1363.486,117.595,79.552,0.455,-1,-1,-1
179,-1,1717.524,1177.850,199.349,104.194,0.309,-1,-1,-1
179,-1,1713.133,1178.935,217.689,117.732,0.390,-1,-1,-1
180,-1,2421.802,1362.671,128.481,74.957,0.481,-1,-1,-1
180,-1,1717.550,1177.845,199.340,104.195,0.309,-1,-1,-1
180,-1,1713.147,1178.946,217.655,117.728,0.390,-1,-1,-1
181,-1,2410.042,1362.422,123.933,72.863,0.496,-1,-1,-1
181,-1,1717.763,1177.661,197.911,104.043,0.316,-1,-1,-1
181,-1,1713.425,1178.694,216.592,117.814,0.378,-1,-1,-1
182,-1,2398.416,1358.520,118.333,76.662,0.539,-1,-1,-1
182,-1,1717.778,1177.656,197.901,104.060,0.316,-1,-1,-1
182,-1,2444.449,1365.412,98.735,62.581,0.231,-1,-1,-1
182,-1,1713.435,1178.685,216.623,117.827,0.379,-1,-1,-1
183,-1,2388.066,1353.453,110.902,78.376,0.385,-1,-1,-1
183,-1,1717.744,1177.713,198.023,104.039,0.318,-1,-1,-1
183,-1,2473.931,1369.264,69.522,52.910,0.267,-1,-1,-1
183,-1,1713.390,1178.682,216.883,117.838,0.378,-1,-1,-1
184,-1,2370.797,1348.458,121.330,81.849,0.437,-1,-1,-1
184,-1,1717.795,1177.675,197.915,104.065,0.319,-1,-1,-1
184,-1,2475.715,1367.400,74.608,56.316,0.295,-1,-1,-1
184,-1,1713.420,1178.660,216.721,117.864,0.378,-1,-1,-1
185,-1,2353.941,1344.057,123.817,84.696,0.514,-1,-1,-1
185,-1,2474.950,1369.554,76.990,51.444,0.398,-1,-1,-1
185,-1,1717.805,1177.671,197.908,104.070,0.319,-1,-1,-1
185,-1,1713.439,1178.664,216.706,117.839,0.379,-1,-1,-1
186,-1,1717.845,1177.647,197.902,104.084,0.319,-1,-1,-1
186,-1,2341.458,1340.498,126.380,85.161,0.312,-1,-1,-1
186,-1,2470.424,1368.189,84.658,50.784,0.311,-1,-1,-1
186,-1,1713.503,1178.672,216.684,117.841,0.377,-1,-1,-1
187,-1,2334.779,1340.844,116.948,81.031,0.358,-1,-1,-1
187,-1,2472.166,1364.148,80.884,54.154,0.352,-1,-1,-1
187,-1,1717.840,1177.648,197.931,104.085,0.318,-1,-1,-1
187,-1,1713.495,1178.669,216.718,117.834,0.378,-1,-1,-1
188,-1,2317.661,1339.156,122.100,82.618,0.552,-1,-1,-1
188,-1,2470.481,1363.142,83.545,56.373,0.341,-1,-1,-1
188,-1,1717.918,1177.642,197.859,104.084,0.319,-1,-1,-1
188,-1,1713.589,1178.663,216.633,117.824,0.378,-1,-1,-1
189,-1,2304.334,1333.857,129.531,81.504,0.511,-1,-1,-1
189,-1,2471.404,1364.081,80.765,55.264,0.320,-1,-1,-1
189,-1,1717.979,1177.642,197.775,104.077,0.319,-1,-1,-1
189,-1,1713.651,1178.646,216.546,117.861,0.378,-1,-1,-1
190,-1,2289.452,1332.750,120.607,81.291,0.633,-1,-1,-1
190,-1,1718.017,1177.635,197.732,104.106,0.320,-1,-1,-1
190,-1,2470.625,1365.287,80.039,55.096,0.282,-1,-1,-1
190,-1,1713.679,1178.607,216.475,117.921,0.378,-1,-1,-1
191,-1,2264.743,1328.034,132.577,84.906,0.693,-1,-1,-1
191,-1,1717.962,1177.606,197.750,104.123,0.319,-1,-1,-1
191,-1,2465.641,1364.460,85.792,57.003,0.258,-1,-1,-1
191,-1,2323.052,1336.731,84.065,65.981,0.231,-1,-1,-1
191,-1,1713.641,1178.609,216.539,117.925,0.378,-1,-1,-1
192,-1,2253.457,1322.445,131.432,87.117,0.575,-1,-1,-1
192,-1,1717.949,1177.636,197.847,104.109,0.320,-1,-1,-1
192,-1,2467.662,1364.402,83.341,57.421,0.251,-1,-1,-1
192,-1,1713.582,1178.603,216.677,117.947,0.378,-1,-1,-1
193,-1,2249.201,1324.256,121.556,84.538,0.718,-1,-1,-1
193,-1,1717.953,1177.617,197.749,104.096,0.322,-1,-1,-1
193,-1,2468.549,1364.366,82.970,57.743,0.236,-1,-1,-1
193,-1,1713.681,1178.606,216.414,117.875,0.377,-1,-1,-1
194,-1,2237.820,1318.326,115.845,89.902,0.617,-1,-1,-1
194,-1,1717.985,1177.615,197.716,104.106,0.322,-1,-1,-1
194,-1,2469.845,1364.552,81.483,57.811,0.258,-1,-1,-1
194,-1,1713.707,1178.598,216.383,117.893,0.377,-1,-1,-1
195,-1,2232.650,1323.259,106.214,80.563,0.347,-1,-1,-1
195,-1,1718.004,1177.629,197.664,104.035,0.321,-1,-1,-1
195,-1,2469.599,1364.623,82.143,57.931,0.250,-1,-1,-1
195,-1,1713.721,1178.630,216.415,117.847,0.376,-1,-1,-1
196,-1,1717.998,1177.621,197.672,104.047,0.321,-1,-1,-1
196,-1,2238.943,1330.889,92.841,65.913,0.307,-1,-1,-1
196,-1,2261.638,1325.401,67.267,38.699,0.248,-1,-1,-1
196,-1,2469.554,1364.658,82.465,58.025,0.240,-1,-1,-1
196,-1,1713.707,1178.623,216.427,117.856,0.376,-1,-1,-1
197,-1,2146.153,1301.138,86.521,78.222,0.358,-1,-1,-1
197,-1,1718.020,1177.619,197.594,104.060,0.322,-1,-1,-1
197,-1,2468.997,1364.461,83.025,58.531,0.237,-1,-1,-1
197,-1,2225.232,1319.281,79.481,49.965,0.227,-1,-1,-1
197,-1,1713.749,1178.616,216.317,117.855,0.377,-1,-1,-1
198,-1,2128.545,1297.639,99.287,81.740,0.576,-1,-1,-1
198,-1,1718.165,1177.608,197.286,103.952,0.321,-1,-1,-1
198,-1,2469.588,1364.345,82.936,58.878,0.233,-1,-1,-1
198,-1,2161.544,1303.269,96.699,69.702,0.213,-1,-1,-1
198,-1,1713.946,1178.695,216.281,117.788,0.374,-1,-1,-1
199,-1,2099.109,1290.247,119.092,87.324,0.367,-1,-1,-1
199,-1,1717.998,1177.759,197.897,104.099,0.310,-1,-1,-1
199,-1,2469.142,1364.092,83.912,59.370,0.229,-1,-1,-1
199,-1,1713.695,1178.687,215.954,117.965,0.383,-1,-1,-1
200,-1,2080.907,1281.308,137.696,100.781,0.631,-1,-1,-1
200,-1,1717.856,1177.674,198.493,104.092,0.319,-1,-1,-1
200,-1,2469.202,1364.073,83.849,59.445,0.227,-1,-1,-1
200,-1,1713.520,1178.625,217.308,117.885,0.378,-1,-1,-1
201,-1,2058.383,1279.847,146.947,99.211,0.687,-1,-1,-1
201,-1,1717.835,1177.537,198.756,104.073,0.292,-1,-1,-1
201,-1,2466.986,1365.436,86.014,57.164,0.216,-1,-1,-1
201,-1,1713.463,1178.531,217.537,117.701,0.346,-1,-1,-1
202,-1,2034.049,1272.665,176.667,110.766,0.697,-1,-1,-1
202,-1,1717.931,1177.648,197.997,103.765,0.288,-1,-1,-1
202,-1,2466.591,1365.391,86.663,57.205,0.220,-1,-1,-1
202,-1,1713.862,1178.792,215.491,117.259,0.350,-1,-1,-1
203,-1,2007.386,1267.039,178.407,103.936,0.676,-1,-1,-1
203,-1,1718.080,1177.505,197.157,103.597,0.273,-1,-1,-1
203,-1,2466.574,1365.390,86.603,57.185,0.222,-1,-1,-1
203,-1,1713.990,1178.901,214.380,117.367,0.352,-1,-1,-1
204,-1,1984.007,1259.973,187.146,107.689,0.721,-1,-1,-1
204,-1,1717.762,1177.647,196.624,103.698,0.287,-1,-1,-1
204,-1,2466.561,1365.364,86.631,57.203,0.221,-1,-1,-1
204,-1,1714.252,1178.632,212.339,116.673,0.361,-1,-1,-1
205,-1,1954.279,1257.231,184.741,106.046,0.800,-1,-1,-1
205,-1,1718.132,1177.515,196.438,103.822,0.293,-1,-1,-1
205,-1,2465.616,1365.473,88.024,57.292,0.208,-1,-1,-1
205,-1,1714.867,1178.935,213.962,115.523,0.359,-1,-1,-1
206,-1,1919.184,1248.327,201.248,114.313,0.776,-1,-1,-1
206,-1,1719.761,1177.488,188.415,102.404,0.270,-1,-1,-1
206,-1,2465.465,1365.532,88.191,57.249,0.211,-1,-1,-1
206,-1,1717.381,1179.520,201.938,114.205,0.342,-1,-1,-1
207,-1,1889.539,1242.463,209.128,118.476,0.740,-1,-1,-1
207,-1,1721.699,1177.436,186.710,99.222,0.299,-1,-1,-1
207,-1,2465.480,1365.546,88.166,57.239,0.211,-1,-1,-1
207,-1,1718.388,1178.953,198.334,106.646,0.284,-1,-1,-1
208,-1,1850.865,1240.144,224.038,117.830,0.685,-1,-1,-1
208,-1,1724.048,1177.761,169.766,97.576,0.363,-1,-1,-1
208,-1,2465.633,1365.540,87.957,57.243,0.213,-1,-1,-1
208,-1,1719.866,1177.749,176.940,102.761,0.257,-1,-1,-1
209,-1,1834.168,1225.019,210.756,134.440,0.656,-1,-1,-1
209,-1,1722.585,1175.634,159.908,100.167,0.277,-1,-1,-1
209,-1,2465.658,1365.548,87.935,57.239,0.213,-1,-1,-1
210,-1,1784.163,1214.323,224.445,135.839,0.794,-1,-1,-1
210,-1,1722.229,1174.667,147.491,96.164,0.232,-1,-1,-1
210,-1,2465.682,1365.551,87.908,57.228,0.213,-1,-1,-1
211,-1,1744.073,1205.716,239.290,141.103,0.944,-1,-1,-1
211,-1,2465.648,1365.571,87.953,57.198,0.213,-1,-1,-1
212,-1,1707.645,1185.824,237.892,159.255,0.810,-1,-1,-1
212,-1,2465.605,1365.535,88.067,57.238,0.215,-1,-1,-1
213,-1,1670.788,1180.484,251.558,149.821,0.886,-1,-1,-1
213,-1,2465.427,1365.455,88.375,57.297,0.212,-1,-1,-1
214,-1,1633.125,1177.575,285.229,151.718,0.864,-1,-1,-1
214,-1,2465.427,1365.456,88.375,57.297,0.212,-1,-1,-1
215,-1,1588.055,1173.760,303.925,153.151,0.905,-1,-1,-1
215,-1,2465.541,1365.058,87.761,57.523,0.212,-1,-1,-1
216,-1,1541.584,1164.448,312.724,161.986,0.928,-1,-1,-1
216,-1,2465.302,1365.326,88.092,57.287,0.212,-1,-1,-1
216,-1,1767.838,1188.435,165.372,108.415,0.202,-1,-1,-1
217,-1,1486.378,1166.763,289.474,152.221,0.974,-1,-1,-1
217,-1,1753.425,1175.325,158.236,104.942,0.251,-1,-1,-1
217,-1,2465.555,1365.410,87.776,57.102,0.214,-1,-1,-1
217,-1,1757.150,1187.063,177.234,111.278,0.402,-1,-1,-1
218,-1,1457.737,1148.629,291.272,171.724,0.979,-1,-1,-1
218,-1,1731.544,1163.793,219.252,139.162,0.481,-1,-1,-1
218,-1,2465.798,1365.511,87.254,56.937,0.216,-1,-1,-1
218,-1,1728.514,1177.741,193.993,117.916,0.363,-1,-1,-1
219,-1,1383.856,1141.215,310.710,174.127,0.933,-1,-1,-1
219,-1,1706.203,1168.939,214.293,129.270,0.435,-1,-1,-1
219,-1,2465.722,1365.475,87.374,57.094,0.218,-1,-1,-1
219,-1,1710.533,1178.352,214.400,118.556,0.361,-1,-1,-1
220,-1,1322.374,1134.011,339.177,180.683,0.923,-1,-1,-1
220,-1,1704.317,1173.053,207.665,126.883,0.419,-1,-1,-1
220,-1,2465.673,1365.455,87.454,57.096,0.217,-1,-1,-1
220,-1,1713.832,1178.757,212.711,118.713,0.365,-1,-1,-1
221,-1,1249.028,1116.847,360.867,195.976,0.844,-1,-1,-1
221,-1,1706.846,1168.833,214.158,129.997,0.443,-1,-1,-1
221,-1,2467.185,1364.098,86.043,59.286,0.217,-1,-1,-1
221,-1,1715.223,1178.487,215.744,118.684,0.393,-1,-1,-1
222,-1,1187.127,1112.997,374.176,200.421,0.804,-1,-1,-1
222,-1,1714.245,1167.460,216.561,129.451,0.415,-1,-1,-1
222,-1,2466.979,1364.161,86.330,59.298,0.222,-1,-1,-1
222,-1,1714.817,1178.435,216.418,118.905,0.393,-1,-1,-1
223,-1,1098.792,1096.190,407.154,220.763,0.857,-1,-1,-1
223,-1,1718.393,1167.431,214.399,130.800,0.419,-1,-1,-1
223,-1,2467.024,1364.112,86.286,59.288,0.221,-1,-1,-1
223,-1,1714.852,1178.404,216.078,118.958,0.394,-1,-1,-1
224,-1,1023.223,1095.396,418.470,230.181,0.883,-1,-1,-1
224,-1,1718.699,1166.744,213.705,132.245,0.427,-1,-1,-1
224,-1,2467.420,1364.086,85.775,59.257,0.222,-1,-1,-1
224,-1,1714.874,1178.385,216.218,119.024,0.394,-1,-1,-1
225,-1,926.649,1083.749,456.342,247.452,0.958,-1,-1,-1
225,-1,1716.380,1167.223,212.713,132.538,0.425,-1,-1,-1
225,-1,2468.102,1364.203,85.088,58.982,0.222,-1,-1,-1
225,-1,1714.928,1178.397,216.190,119.008,0.395,-1,-1,-1
226,-1,814.135,1072.738,511.459,262.423,0.900,-1,-1,-1
226,-1,1719.879,1167.662,210.324,131.589,0.403,-1,-1,-1
226,-1,2467.394,1364.099,85.797,59.201,0.222,-1,-1,-1
226,-1,1715.009,1178.388,216.413,119.022,0.393,-1,-1,-1
227,-1,693.867,1064.508,567.482,278.513,0.954,-1,-1,-1
227,-1,1718.492,1167.595,208.733,131.673,0.356,-1,-1,-1
227,-1,2467.400,1364.098,85.787,59.204,0.222,-1,-1,-1
227,-1,1714.971,1178.398,216.386,119.030,0.394,-1,-1,-1
228,-1,539.384,1050.149,638.488,303.496,0.919,-1,-1,-1
228,-1,1719.172,1167.620,209.895,131.812,0.303,-1,-1,-1
228,-1,2467.300,1364.063,85.922,59.267,0.220,-1,-1,-1
228,-1,1714.978,1178.433,216.238,118.964,0.392,-1,-1,-1
229,-1,405.503,1036.611,669.186,327.869,0.934,-1,-1,-1
229,-1,1719.316,1177.599,199.449,104.905,0.290,-1,-1,-1
229,-1,2468.340,1364.234,84.654,59.031,0.242,-1,-1,-1
229,-1,1715.255,1178.553,216.481,118.749,0.381,-1,-1,-1
230,-1,203.818,1024.806,776.203,351.946,0.974,-1,-1,-1
230,-1,1719.312,1177.592,199.486,104.939,0.289,-1,-1,-1
230,-1,2468.346,1364.243,84.656,59.028,0.242,-1,-1,-1
230,-1,1715.350,1178.537,216.315,118.795,0.383,-1,-1,-1
231,-1,29.062,1008.446,836.894,398.652,0.989,-1,-1,-1
231,-1,1720.308,1167.027,210.449,133.492,0.276,-1,-1,-1
231,-1,2467.366,1363.167,87.441,59.122,0.220,-1,-1,-1
231,-1,1713.071,1178.697,218.847,118.902,0.383,-1,-1,-1
232,-1,0.000,1014.640,760.948,408.984,0.994,-1,-1,-1
232,-1,1720.070,1166.968,210.820,133.554,0.273,-1,-1,-1
232,-1,2467.927,1363.589,86.330,58.510,0.224,-1,-1,-1
232,-1,1713.092,1178.775,219.036,118.739,0.382,-1,-1,-1
233,-1,7.338,1001.267,600.044,406.181,0.947,-1,-1,-1
233,-1,1719.958,1167.095,210.668,133.389,0.271,-1,-1,-1
233,-1,2468.327,1363.705,85.570,58.242,0.229,-1,-1,-1
233,-1,1712.870,1178.818,219.080,118.621,0.382,-1,-1,-1
234,-1,3.605,954.455,425.511,474.285,0.855,-1,-1,-1
234,-1,1720.139,1166.690,210.795,133.645,0.267,-1,-1,-1
234,-1,2468.234,1363.730,85.673,58.196,0.223,-1,-1,-1
234,-1,1712.976,1178.807,219.038,118.636,0.382,-1,-1,-1
235,-1,9.725,992.550,175.355,433.151,0.527,-1,-1,-1
235,-1,1720.050,1166.929,210.716,133.415,0.268,-1,-1,-1
235,-1,2468.402,1363.672,85.507,58.238,0.224,-1,-1,-1
235,-1,1712.949,1178.788,219.123,118.671,0.381,-1,-1,-1
236,-1,1720.001,1166.881,210.729,133.499,0.268,-1,-1,-1
236,-1,2468.699,1363.689,85.172,58.213,0.223,-1,-1,-1
236,-1,1712.867,1178.803,219.227,118.696,0.382,-1,-1,-1
237,-1,1720.035,1166.857,210.692,133.542,0.268,-1,-1,-1
237,-1,2468.371,1363.702,85.747,58.404,0.224,-1,-1,-1
237,-1,1712.905,1178.797,219.155,118.744,0.382,-1,-1,-1
238,-1,1719.963,1166.836,210.745,133.441,0.273,-1,-1,-1
238,-1,2468.719,1363.777,85.033,58.118,0.229,-1,-1,-1
238,-1,1712.767,1178.876,219.426,118.606,0.381,-1,-1,-1
239,-1,1719.908,1166.772,210.737,133.527,0.271,-1,-1,-1
239,-1,2468.801,1363.763,84.990,58.154,0.229,-1,-1,-1
239,-1,1712.844,1178.833,219.296,118.640,0.381,-1,-1,-1
240,-1,1719.798,1166.799,210.713,133.470,0.270,-1,-1,-1
240,-1,2468.644,1363.734,84.949,58.227,0.232,-1,-1,-1
240,-1,1712.746,1178.825,219.366,118.651,0.382,-1,-1,-1
241,-1,1720.115,1166.883,210.373,133.678,0.264,-1,-1,-1
241,-1,2469.009,1363.427,84.742,58.637,0.236,-1,-1,-1
241,-1,1713.096,1178.851,219.144,118.614,0.381,-1,-1,-1
242,-1,1720.102,1166.963,210.398,133.666,0.264,-1,-1,-1
242,-1,2468.930,1363.403,84.846,58.678,0.235,-1,-1,-1
242,-1,1713.113,1178.929,219.215,118.518,0.380,-1,-1,-1
243,-1,1720.059,1167.008,210.427,133.658,0.264,-1,-1,-1
243,-1,2469.222,1363.438,84.365,58.480,0.238,-1,-1,-1
243,-1,1713.120,1178.926,219.185,118.524,0.380,-1,-1,-1
244,-1,1719.916,1167.130,210.501,133.674,0.263,-1,-1,-1
244,-1,2469.256,1363.486,84.393,58.444,0.241,-1,-1,-1
244,-1,1713.115,1178.928,219.282,118.538,0.380,-1,-1,-1
245,-1,1719.857,1167.133,210.508,133.749,0.262,-1,-1,-1
245,-1,2469.648,1363.901,83.702,57.976,0.243,-1,-1,-1
245,-1,1713.152,1178.919,219.211,118.528,0.381,-1,-1,-1
246,-1,1719.808,1167.094,210.628,133.823,0.263,-1,-1,-1
246,-1,2469.719,1363.892,83.545,57.952,0.245,-1,-1,-1
246,-1,1713.185,1178.911,219.172,118.548,0.381,-1,-1,-1
247,-1,1719.876,1167.129,210.531,133.719,0.261,-1,-1,-1
247,-1,2469.956,1363.964,83.174,57.796,0.245,-1,-1,-1
247,-1,1713.111,1178.875,219.358,118.620,0.382,-1,-1,-1
248,-1,1719.872,1167.018,210.525,133.732,0.259,-1,-1,-1
248,-1,2469.989,1363.971,83.112,57.779,0.245,-1,-1,-1
248,-1,1713.174,1178.878,219.237,118.580,0.382,-1,-1,-1
249,-1,1719.847,1167.068,210.450,133.684,0.259,-1,-1,-1
249,-1,2470.170,1363.973,82.747,57.658,0.244,-1,-1,-1
249,-1,1713.167,1178.874,219.254,118.616,0.383,-1,-1,-1
250,-1,1719.836,1167.062,210.462,133.690,0.258,-1,-1,-1
250,-1,2470.094,1363.927,82.890,57.738,0.244,-1,-1,-1
250,-1,1713.206,1178.873,219.210,118.600,0.383,-1,-1,-1
251,-1,1719.816,1167.082,210.460,133.592,0.259,-1,-1,-1
251,-1,2470.108,1363.951,82.888,57.844,0.246,-1,-1,-1
251,-1,1713.181,1178.867,219.240,118.608,0.383,-1,-1,-1
252,-1,1719.878,1167.052,210.298,133.586,0.259,-1,-1,-1
252,-1,2470.670,1364.510,81.631,57.110,0.258,-1,-1,-1
252,-1,1713.223,1178.875,219.170,118.571,0.384,-1,-1,-1
253,-1,2470.932,1364.651,81.210,57.002,0.264,-1,-1,-1
253,-1,1719.946,1167.221,210.168,133.407,0.260,-1,-1,-1
253,-1,1713.108,1178.918,219.223,118.525,0.383,-1,-1,-1
254,-1,2470.757,1364.762,81.266,57.094,0.269,-1,-1,-1
254,-1,1720.066,1167.227,210.160,133.471,0.260,-1,-1,-1
254,-1,1713.103,1178.924,219.207,118.515,0.382,-1,-1,-1
255,-1,1720.144,1167.176,210.036,133.481,0.261,-1,-1,-1
255,-1,2471.657,1364.950,78.955,58.103,0.246,-1,-1,-1
255,-1,1713.109,1178.923,219.180,118.510,0.382,-1,-1,-1
256,-1,1720.313,1167.189,209.980,133.467,0.258,-1,-1,-1
256,-1,2473.563,1365.111,75.417,59.497,0.229,-1,-1,-1
256,-1,1713.056,1178.907,219.289,118.552,0.383,-1,-1,-1
257,-1,1720.278,1167.229,209.998,133.407,0.256,-1,-1,-1
257,-1,2471.437,1362.944,79.158,63.524,0.215,-1,-1,-1
257,-1,1713.110,1178.884,219.264,118.608,0.384,-1,-1,-1
258,-1,1720.157,1167.118,210.207,133.485,0.257,-1,-1,-1
258,-1,1713.116,1178.882,219.264,118.617,0.384,-1,-1,-1
259,-1,1720.155,1167.175,210.054,133.399,0.255,-1,-1,-1
259,-1,2473.132,1367.816,72.203,56.221,0.210,-1,-1,-1
259,-1,1713.069,1178.881,219.369,118.601,0.383,-1,-1,-1
260,-1,1720.192,1167.174,209.971,133.423,0.253,-1,-1,-1
260,-1,1713.075,1178.880,219.369,118.610,0.383,-1,-1,-1
261,-1,1720.063,1167.172,210.260,133.431,0.257,-1,-1,-1
261,-1,1713.069,1178.881,219.369,118.601,0.383,-1,-1,-1
262,-1,1720.199,1167.396,210.085,133.288,0.258,-1,-1,-1
262,-1,1712.796,1178.948,219.796,118.534,0.382,-1,-1,-1
263,-1,1720.061,1167.493,210.241,133.227,0.260,-1,-1,-1
263,-1,1712.791,1178.948,219.793,118.527,0.383,-1,-1,-1
264,-1,1720.171,1167.284,210.328,133.357,0.260,-1,-1,-1
264,-1,1712.828,1178.943,219.744,118.537,0.383,-1,-1,-1
265,-1,1719.961,1167.208,210.582,133.403,0.258,-1,-1,-1
265,-1,1712.785,1178.931,219.900,118.589,0.384,-1,-1,-1
266,-1,1719.779,1167.265,210.803,133.324,0.263,-1,-1,-1
266,-1,2459.784,1363.680,97.477,78.596,0.251,-1,-1,-1
266,-1,1712.755,1178.936,219.687,118.510,0.383,-1,-1,-1
267,-1,2449.199,1367.655,106.798,73.803,0.311,-1,-1,-1
267,-1,1720.040,1167.119,210.885,133.298,0.261,-1,-1,-1
267,-1,1712.755,1178.938,219.655,118.501,0.383,-1,-1,-1
268,-1,2435.318,1378.737,117.925,63.821,0.265,-1,-1,-1
268,-1,1719.991,1167.168,211.118,133.290,0.252,-1,-1,-1
268,-1,1712.980,1178.963,219.523,118.436,0.382,-1,-1,-1
269,-1,1719.643,1166.843,211.623,133.556,0.268,-1,-1,-1
269,-1,1712.859,1178.906,219.804,118.607,0.384,-1,-1,-1
270,-1,2452.339,1375.434,86.055,53.936,0.348,-1,-1,-1
270,-1,1720.046,1167.196,210.492,133.381,0.256,-1,-1,-1
270,-1,1712.869,1178.876,219.800,118.662,0.384,-1,-1,-1
271,-1,2411.604,1372.552,98.664,63.242,0.374,-1,-1,-1
271,-1,1718.606,1168.084,213.025,132.324,0.306,-1,-1,-1
271,-1,2461.424,1371.946,75.156,53.795,0.260,-1,-1,-1
271,-1,1711.049,1179.586,222.760,117.637,0.380,-1,-1,-1
272,-1,2405.386,1369.568,92.161,64.517,0.388,-1,-1,-1
272,-1,1718.507,1168.082,212.916,132.075,0.298,-1,-1,-1
272,-1,2473.637,1371.289,66.674,51.788,0.292,-1,-1,-1
272,-1,1710.916,1179.629,222.951,117.672,0.382,-1,-1,-1
273,-1,2380.494,1362.078,96.538,69.280,0.409,-1,-1,-1
273,-1,2474.235,1371.710,67.183,49.232,0.325,-1,-1,-1
273,-1,1718.795,1168.249,212.113,131.931,0.283,-1,-1,-1
273,-1,1710.919,1179.634,222.957,117.658,0.381,-1,-1,-1
274,-1,2361.958,1360.589,110.908,69.169,0.582,-1,-1,-1
274,-1,2475.715,1368.560,72.533,52.622,0.377,-1,-1,-1
274,-1,1718.667,1168.243,212.625,131.971,0.294,-1,-1,-1
274,-1,2418.845,1367.234,68.516,57.438,0.208,-1,-1,-1
274,-1,1710.948,1179.622,222.922,117.699,0.382,-1,-1,-1
275,-1,2356.428,1359.754,104.211,65.915,0.487,-1,-1,-1
275,-1,2474.707,1368.694,75.305,50.692,0.311,-1,-1,-1
275,-1,1718.846,1168.261,212.124,131.994,0.295,-1,-1,-1
275,-1,1710.998,1179.620,222.897,117.703,0.382,-1,-1,-1
276,-1,2335.739,1355.052,114.149,68.636,0.552,-1,-1,-1
276,-1,2475.535,1367.409,74.774,50.690,0.409,-1,-1,-1
276,-1,1718.843,1168.533,211.960,131.788,0.271,-1,-1,-1
276,-1,1711.091,1179.626,222.817,117.664,0.383,-1,-1,-1
277,-1,2325.215,1349.414,107.978,70.911,0.599,-1,-1,-1
277,-1,2477.098,1365.225,72.974,53.715,0.376,-1,-1,-1
277,-1,1720.022,1168.727,210.245,131.727,0.262,-1,-1,-1
277,-1,2374.372,1360.291,65.718,57.450,0.250,-1,-1,-1
277,-1,1711.338,1179.606,222.119,117.521,0.383,-1,-1,-1
278,-1,2317.165,1351.396,108.711,68.026,0.637,-1,-1,-1
278,-1,2473.026,1364.853,76.867,54.285,0.392,-1,-1,-1
278,-1,1720.436,1168.720,209.773,131.628,0.250,-1,-1,-1
278,-1,2379.564,1363.240,55.849,48.965,0.208,-1,-1,-1
278,-1,1711.320,1179.564,222.165,117.608,0.384,-1,-1,-1
279,-1,2291.299,1347.397,117.211,68.106,0.470,-1,-1,-1
279,-1,2471.160,1365.041,79.114,54.328,0.348,-1,-1,-1
279,-1,1720.883,1168.543,209.160,132.074,0.253,-1,-1,-1
279,-1,2280.934,1348.887,61.219,46.453,0.229,-1,-1,-1
279,-1,1711.226,1179.552,222.302,117.645,0.383,-1,-1,-1
280,-1,2276.599,1339.524,113.135,73.519,0.589,-1,-1,-1
280,-1,2470.068,1365.167,80.825,55.266,0.310,-1,-1,-1
280,-1,1720.796,1168.496,209.536,132.110,0.254,-1,-1,-1
280,-1,2341.637,1343.951,66.667,55.647,0.249,-1,-1,-1
280,-1,1711.208,1179.548,222.348,117.631,0.383,-1,-1,-1
281,-1,2270.494,1338.007,115.569,76.441,0.518,-1,-1,-1
281,-1,2469.837,1364.572,81.603,56.865,0.284,-1,-1,-1
281,-1,2348.429,1344.680,56.829,51.247,0.254,-1,-1,-1
281,-1,1720.856,1168.611,209.165,132.249,0.253,-1,-1,-1
281,-1,1711.142,1179.620,222.305,117.520,0.383,-1,-1,-1
282,-1,2243.951,1335.905,127.296,78.755,0.591,-1,-1,-1
282,-1,2469.349,1364.248,82.496,57.687,0.257,-1,-1,-1
282,-1,1720.953,1168.465,209.088,132.307,0.245,-1,-1,-1
282,-1,1711.236,1179.586,222.284,117.615,0.382,-1,-1,-1
283,-1,2235.417,1334.075,119.845,75.468,0.718,-1,-1,-1
283,-1,1720.882,1168.563,209.759,132.272,0.248,-1,-1,-1
283,-1,2469.555,1363.976,82.857,58.553,0.240,-1,-1,-1
283,-1,1711.244,1179.583,222.252,117.623,0.382,-1,-1,-1
284,-1,2232.764,1329.727,103.663,78.095,0.743,-1,-1,-1
284,-1,2469.551,1363.607,82.823,59.266,0.240,-1,-1,-1
284,-1,1721.597,1168.779,209.324,132.165,0.236,-1,-1,-1
284,-1,1711.249,1179.573,222.240,117.635,0.382,-1,-1,-1
285,-1,2240.687,1337.496,84.133,63.155,0.450,-1,-1,-1
285,-1,1721.035,1168.521,209.589,131.986,0.256,-1,-1,-1
285,-1,2469.898,1363.729,82.069,58.894,0.240,-1,-1,-1
285,-1,1711.204,1179.552,222.384,117.648,0.382,-1,-1,-1
286,-1,2225.791,1336.561,81.893,63.238,0.381,-1,-1,-1
286,-1,1721.708,1168.366,208.734,132.119,0.254,-1,-1,-1
286,-1,2149.056,1319.996,64.583,51.270,0.236,-1,-1,-1
286,-1,2469.496,1363.747,82.876,59.188,0.230,-1,-1,-1
286,-1,1711.116,1179.565,222.440,117.632,0.382,-1,-1,-1
287,-1,2131.869,1311.440,92.859,69.109,0.369,-1,-1,-1
287,-1,1721.464,1168.245,208.506,132.146,0.252,-1,-1,-1
287,-1,2227.410,1338.668,62.707,55.331,0.248,-1,-1,-1
287,-1,2469.014,1363.087,84.368,60.461,0.230,-1,-1,-1
287,-1,1711.044,1179.579,222.631,117.591,0.381,-1,-1,-1
288,-1,2108.522,1303.738,115.377,73.951,0.338,-1,-1,-1
288,-1,1720.979,1167.905,209.658,132.161,0.245,-1,-1,-1
288,-1,2469.202,1362.910,84.105,60.650,0.232,-1,-1,-1
288,-1,1711.046,1179.578,222.625,117.596,0.381,-1,-1,-1
289,-1,2080.207,1302.744,139.032,79.411,0.496,-1,-1,-1
289,-1,2468.537,1362.478,84.906,61.279,0.237,-1,-1,-1
289,-1,1721.080,1167.660,211.014,133.039,0.233,-1,-1,-1
289,-1,1711.167,1179.540,222.427,117.734,0.383,-1,-1,-1
290,-1,2061.016,1296.271,145.592,84.036,0.563,-1,-1,-1
290,-1,2468.687,1362.442,84.777,61.328,0.236,-1,-1,-1
290,-1,1716.137,1177.045,202.944,104.737,0.220,-1,-1,-1
290,-1,1711.079,1179.467,222.634,117.862,0.383,-1,-1,-1
291,-1,2041.049,1294.480,159.928,85.697,0.643,-1,-1,-1
291,-1,2468.850,1362.378,84.521,61.415,0.237,-1,-1,-1
291,-1,1716.096,1177.022,203.007,104.748,0.215,-1,-1,-1
291,-1,2026.053,1301.738,93.033,65.081,0.209,-1,-1,-1
291,-1,1711.109,1179.424,222.331,117.876,0.386,-1,-1,-1
292,-1,2005.733,1288.232,181.051,91.146,0.811,-1,-1,-1
292,-1,2469.284,1362.355,83.711,61.398,0.244,-1,-1,-1
292,-1,1715.941,1177.038,203.133,104.719,0.217,-1,-1,-1
292,-1,1722.509,1167.944,212.173,132.478,0.393,-1,-1,-1
293,-1,1.338,1345.697,574.427,562.512,0.995,-1,-1,-1
293,-1,1990.093,1284.063,180.116,93.029,0.756,-1,-1,-1
293,-1,2470.062,1364.698,79.485,58.980,0.267,-1,-1,-1
293,-1,1716.774,1178.256,201.455,104.157,0.247,-1,-1,-1
293,-1,1712.322,1179.277,216.107,117.102,0.410,-1,-1,-1
294,-1,3.532,1264.900,795.962,648.641,0.997,-1,-1,-1
294,-1,1964.109,1276.188,179.004,94.339,0.816,-1,-1,-1
294,-1,2471.219,1363.999,76.856,61.409,0.267,-1,-1,-1
294,-1,1716.651,1178.253,202.406,103.899,0.239,-1,-1,-1
294,-1,1956.307,1280.382,65.877,57.351,0.207,-1,-1,-1
294,-1,1712.541,1179.540,217.771,116.032,0.419,-1,-1,-1
295,-1,0.000,1275.626,988.447,628.377,0.999,-1,-1,-1
295,-1,1930.522,1270.384,183.225,94.834,0.875,-1,-1,-1
295,-1,1718.160,1178.286,197.695,102.585,0.225,-1,-1,-1
295,-1,2469.286,1363.053,80.246,64.178,0.205,-1,-1,-1
295,-1,1714.982,1180.161,217.379,115.899,0.403,-1,-1,-1
296,-1,6.671,1272.973,1083.849,601.826,0.998,-1,-1,-1
296,-1,1900.486,1263.738,193.360,97.426,0.846,-1,-1,-1
296,-1,1717.764,1178.916,202.756,100.999,0.245,-1,-1,-1
296,-1,1894.066,1268.689,114.734,73.631,0.208,-1,-1,-1
296,-1,1715.149,1179.985,213.906,109.432,0.427,-1,-1,-1
297,-1,189.200,1276.514,1022.988,508.283,0.999,-1,-1,-1
297,-1,1874.890,1254.401,189.504,102.408,0.886,-1,-1,-1
297,-1,2471.532,1365.329,69.216,58.679,0.301,-1,-1,-1
297,-1,1718.609,1178.602,195.607,101.023,0.277,-1,-1,-1
297,-1,1955.445,1270.700,111.264,79.597,0.210,-1,-1,-1
297,-1,1714.327,1178.490,204.975,108.845,0.409,-1,-1,-1
298,-1,433.460,1254.817,892.533,473.307,0.999,-1,-1,-1
298,-1,1841.978,1244.099,192.620,108.798,0.853,-1,-1,-1
298,-1,1721.943,1178.404,177.144,98.049,0.302,-1,-1,-1
298,-1,1719.936,1178.493,183.051,109.640,0.262,-1,-1,-1
299,-1,636.630,1248.727,758.307,442.208,0.995,-1,-1,-1
299,-1,1805.806,1237.493,200.723,109.688,0.812,-1,-1,-1
299,-1,1724.700,1176.453,158.734,97.758,0.222,-1,-1,-1
300,-1,790.183,1259.685,683.495,400.313,0.987,-1,-1,-1
300,-1,1763.509,1229.493,218.428,114.199,0.773,-1,-1,-1
301,-1,928.642,1264.014,602.708,361.935,0.984,-1,-1,-1
301,-1,1731.172,1211.864,219.225,127.470,0.669,-1,-1,-1
302,-1,1046.568,1243.355,559.396,349.625,0.987,-1,-1,-1
302,-1,1684.943,1185.812,238.136,150.084,0.919,-1,-1,-1
302,-1,1671.691,1249.254,257.728,137.783,0.223,-1,-1,-1
303,-1,1137.931,1246.344,519.010,317.025,0.996,-1,-1,-1
303,-1,1653.761,1194.542,263.401,137.793,0.874,-1,-1,-1
303,-1,2445.570,1366.828,109.403,76.564,0.323,-1,-1,-1
304,-1,1232.354,1254.053,461.308,291.432,0.997,-1,-1,-1
304,-1,1611.430,1186.520,273.625,139.724,0.893,-1,-1,-1
304,-1,2434.865,1366.690,113.289,71.714,0.336,-1,-1,-1
305,-1,1311.614,1272.162,416.605,255.798,0.983,-1,-1,-1
305,-1,1576.407,1186.243,295.191,132.405,0.870,-1,-1,-1
305,-1,2414.419,1368.864,114.848,68.703,0.394,-1,-1,-1
305,-1,1748.188,1188.066,190.993,112.114,0.263,-1,-1,-1
306,-1,1384.868,1270.788,384.904,243.209,0.986,-1,-1,-1
306,-1,1541.891,1178.937,267.116,136.343,0.759,-1,-1,-1
306,-1,2403.627,1365.238,106.639,72.091,0.476,-1,-1,-1
306,-1,2459.152,1367.040,80.288,59.882,0.248,-1,-1,-1
306,-1,1736.308,1187.845,202.063,111.514,0.294,-1,-1,-1
307,-1,1445.744,1271.482,370.226,231.692,0.986,-1,-1,-1
307,-1,1491.266,1174.573,258.309,120.896,0.782,-1,-1,-1
307,-1,2395.985,1365.057,95.176,68.030,0.407,-1,-1,-1
307,-1,1724.666,1171.886,211.588,127.254,0.344,-1,-1,-1
307,-1,2481.234,1370.645,61.721,50.845,0.326,-1,-1,-1
307,-1,1475.745,1217.157,298.285,154.432,0.209,-1,-1,-1
307,-1,1725.343,1180.458,207.954,116.793,0.399,-1,-1,-1
308,-1,1430.326,1167.535,283.350,133.720,0.954,-1,-1,-1
308,-1,1491.912,1268.634,343.336,197.179,0.897,-1,-1,-1
308,-1,2368.002,1359.691,109.708,68.061,0.477,-1,-1,-1
308,-1,1722.282,1164.574,207.519,131.998,0.338,-1,-1,-1
308,-1,2477.878,1368.695,74.395,52.898,0.318,-1,-1,-1
308,-1,1714.169,1178.462,218.016,120.733,0.414,-1,-1,-1
309,-1,1385.888,1159.523,284.727,150.977,0.990,-1,-1,-1
309,-1,1558.285,1269.947,309.885,189.146,0.951,-1,-1,-1
309,-1,2355.379,1356.162,105.445,69.928,0.491,-1,-1,-1
309,-1,2473.839,1368.201,76.755,51.942,0.387,-1,-1,-1
309,-1,1720.542,1177.755,198.865,105.785,0.247,-1,-1,-1
309,-1,1718.394,1179.231,211.539,118.375,0.458,-1,-1,-1
310,-1,1322.262,1149.092,309.508,161.369,0.995,-1,-1,-1
310,-1,1612.810,1278.844,297.951,181.291,0.947,-1,-1,-1
310,-1,2340.817,1349.116,107.408,72.332,0.454,-1,-1,-1
310,-1,2475.413,1365.481,76.458,53.060,0.388,-1,-1,-1
310,-1,1720.769,1177.749,201.395,105.649,0.228,-1,-1,-1
310,-1,1308.986,1165.830,197.087,113.692,0.226,-1,-1,-1
310,-1,1718.321,1179.741,214.417,117.468,0.423,-1,-1,-1
311,-1,1263.959,1140.265,335.369,168.385,0.991,-1,-1,-1
311,-1,1656.366,1293.880,293.178,154.456,0.949,-1,-1,-1
311,-1,2322.358,1346.708,113.678,72.883,0.643,-1,-1,-1
311,-1,2472.741,1362.071,79.372,58.200,0.384,-1,-1,-1
311,-1,1720.367,1177.708,202.437,103.776,0.234,-1,-1,-1
311,-1,1720.346,1179.442,213.953,116.129,0.367,-1,-1,-1
312,-1,1197.959,1128.098,349.065,175.660,0.990,-1,-1,-1
312,-1,1712.723,1294.538,287.093,166.328,0.785,-1,-1,-1
312,-1,2313.785,1345.194,108.806,74.757,0.500,-1,-1,-1
312,-1,2469.673,1363.328,81.423,57.887,0.342,-1,-1,-1
312,-1,1701.751,1174.115,227.861,119.278,0.223,-1,-1,-1
312,-1,1717.858,1179.041,215.035,114.371,0.288,-1,-1,-1
313,-1,1125.119,1130.501,374.718,174.776,0.993,-1,-1,-1
313,-1,1746.571,1301.541,286.868,180.970,0.830,-1,-1,-1
313,-1,2288.976,1341.046,115.298,73.439,0.538,-1,-1,-1
313,-1,2468.534,1361.518,81.214,58.790,0.354,-1,-1,-1
313,-1,1843.394,1330.273,174.074,130.118,0.312,-1,-1,-1
313,-1,1716.488,1177.997,203.383,101.786,0.241,-1,-1,-1
313,-1,2406.617,1348.224,41.451,44.888,0.214,-1,-1,-1
313,-1,1713.273,1179.026,217.038,112.433,0.280,-1,-1,-1
314,-1,1047.832,1111.672,407.097,196.855,0.983,-1,-1,-1
314,-1,1795.315,1296.568,263.363,184.786,0.890,-1,-1,-1
314,-1,2270.904,1336.792,117.601,79.098,0.603,-1,-1,-1
314,-1,2467.502,1361.439,83.470,59.651,0.323,-1,-1,-1
314,-1,1744.951,1344.685,288.623,205.690,0.262,-1,-1,-1
314,-1,1716.774,1177.903,202.072,102.651,0.251,-1,-1,-1
314,-1,2342.485,1343.022,63.240,55.132,0.247,-1,-1,-1
314,-1,2406.747,1344.511,44.627,48.129,0.220,-1,-1,-1
314,-1,1713.251,1179.735,214.779,113.289,0.301,-1,-1,-1
315,-1,954.678,1107.404,435.919,205.019,0.974,-1,-1,-1
315,-1,1836.017,1303.044,249.674,183.063,0.970,-1,-1,-1
315,-1,2250.553,1335.015,128.769,77.327,0.533,-1,-1,-1
315,-1,2468.798,1361.490,82.514,59.428,0.300,-1,-1,-1
315,-1,1696.525,1169.026,227.479,128.628,0.291,-1,-1,-1
315,-1,1713.647,1179.768,218.238,116.214,0.313,-1,-1,-1
316,-1,869.268,1100.134,483.362,221.787,0.990,-1,-1,-1
316,-1,1865.752,1303.776,251.605,178.400,0.973,-1,-1,-1
316,-1,2241.182,1333.189,119.522,77.407,0.771,-1,-1,-1
316,-1,2469.410,1361.160,82.201,60.309,0.287,-1,-1,-1
316,-1,1704.170,1170.112,222.726,128.473,0.278,-1,-1,-1
316,-1,1957.387,1337.414,156.092,129.897,0.265,-1,-1,-1
316,-1,1712.751,1179.163,218.604,117.239,0.356,-1,-1,-1
317,-1,765.694,1091.065,543.973,232.327,0.993,-1,-1,-1
317,-1,1887.813,1309.304,247.328,158.260,0.987,-1,-1,-1
317,-1,2233.814,1331.406,103.307,77.262,0.737,-1,-1,-1
317,-1,1717.310,1178.058,203.211,104.179,0.285,-1,-1,-1
317,-1,2470.052,1361.201,80.985,60.520,0.282,-1,-1,-1
317,-1,1711.655,1178.660,219.889,118.488,0.369,-1,-1,-1
318,-1,649.063,1087.645,580.257,241.357,0.986,-1,-1,-1
318,-1,1912.731,1314.395,245.702,158.432,0.984,-1,-1,-1
318,-1,2239.044,1335.602,84.956,64.771,0.480,-1,-1,-1
318,-1,1717.467,1178.070,202.561,103.966,0.288,-1,-1,-1
318,-1,2469.944,1361.385,80.952,60.398,0.277,-1,-1,-1
318,-1,1712.029,1178.423,219.125,118.659,0.370,-1,-1,-1
319,-1,1954.630,1323.760,231.178,140.486,0.975,-1,-1,-1
319,-1,526.305,1076.020,632.987,271.672,0.968,-1,-1,-1
319,-1,2223.562,1333.848,77.778,67.695,0.454,-1,-1,-1
319,-1,1717.476,1178.046,202.049,104.032,0.286,-1,-1,-1
319,-1,2469.498,1361.144,81.435,60.749,0.270,-1,-1,-1
319,-1,1712.388,1178.423,218.018,118.689,0.376,-1,-1,-1
320,-1,1982.347,1327.876,224.775,133.266,0.901,-1,-1,-1
320,-1,362.739,1065.984,695.384,285.194,0.663,-1,-1,-1
320,-1,1717.480,1178.045,202.008,104.008,0.285,-1,-1,-1
320,-1,2469.350,1360.964,81.568,61.058,0.265,-1,-1,-1
320,-1,1712.314,1178.442,217.961,118.724,0.378,-1,-1,-1
321,-1,167.078,1072.652,799.249,295.338,0.962,-1,-1,-1
321,-1,2009.901,1311.141,217.177,143.667,0.856,-1,-1,-1
321,-1,1717.465,1178.043,202.235,103.985,0.283,-1,-1,-1
321,-1,2469.168,1360.856,81.826,61.247,0.261,-1,-1,-1
321,-1,1712.320,1178.480,218.169,118.686,0.375,-1,-1,-1
322,-1,18.735,1049.719,846.706,339.046,0.990,-1,-1,-1
322,-1,2036.591,1303.602,194.211,157.096,0.819,-1,-1,-1
322,-1,1717.366,1178.089,202.873,103.970,0.279,-1,-1,-1
322,-1,2469.184,1360.946,81.793,61.144,0.262,-1,-1,-1
322,-1,1712.097,1178.573,219.405,118.803,0.372,-1,-1,-1
323,-1,0.000,1041.025,763.472,371.825,0.965,-1,-1,-1
323,-1,2039.688,1293.164,193.004,168.736,0.418,-1,-1,-1
323,-1,1716.554,1177.923,203.267,103.624,0.259,-1,-1,-1
323,-1,2469.854,1362.103,82.038,60.674,0.225,-1,-1,-1
323,-1,1711.463,1178.896,223.995,118.809,0.370,-1,-1,-1
324,-1,5.702,1012.021,608.979,389.052,0.948,-1,-1,-1
324,-1,2028.520,1282.674,143.463,105.761,0.528,-1,-1,-1
324,-1,2086.897,1326.325,146.272,124.749,0.436,-1,-1,-1
324,-1,1716.833,1177.866,201.887,103.151,0.253,-1,-1,-1
324,-1,2469.607,1362.064,82.310,60.625,0.225,-1,-1,-1
324,-1,1711.850,1179.208,222.247,118.047,0.375,-1,-1,-1
325,-1,0.488,1007.435,453.418,411.653,0.973,-1,-1,-1
325,-1,1997.641,1279.849,167.935,94.071,0.578,-1,-1,-1
325,-1,2186.270,1373.366,129.361,107.204,0.461,-1,-1,-1
325,-1,2111.471,1343.871,114.806,99.297,0.318,-1,-1,-1
325,-1,1716.892,1178.162,202.836,103.356,0.231,-1,-1,-1
325,-1,2470.835,1362.563,80.259,59.911,0.215,-1,-1,-1
325,-1,1712.322,1179.351,221.287,117.872,0.389,-1,-1,-1
326,-1,4.035,1087.774,243.786,298.954,0.849,-1,-1,-1
326,-1,2180.559,1371.730,150.219,109.005,0.776,-1,-1,-1
326,-1,1974.828,1275.625,163.787,92.905,0.732,-1,-1,-1
326,-1,2128.111,1346.966,95.525,96.159,0.264,-1,-1,-1
326,-1,1717.057,1177.958,202.377,103.847,0.225,-1,-1,-1
326,-1,2470.660,1362.484,80.541,59.809,0.217,-1,-1,-1
326,-1,1713.273,1179.295,219.749,117.549,0.404,-1,-1,-1
327,-1,1943.492,1271.498,164.716,94.761,0.826,-1,-1,-1
327,-1,2185.700,1371.718,159.370,112.068,0.793,-1,-1,-1
327,-1,1716.851,1178.314,201.108,102.815,0.240,-1,-1,-1
327,-1,2471.341,1362.558,79.439,59.305,0.222,-1,-1,-1
327,-1,1713.582,1179.891,220.329,116.227,0.394,-1,-1,-1
328,-1,1906.362,1260.625,185.276,99.109,0.834,-1,-1,-1
328,-1,2197.486,1368.166,161.908,113.034,0.738,-1,-1,-1
328,-1,1716.907,1178.190,201.780,102.296,0.229,-1,-1,-1
328,-1,1901.641,1268.410,105.760,75.008,0.228,-1,-1,-1
328,-1,2471.447,1362.815,79.555,58.599,0.228,-1,-1,-1
328,-1,1713.906,1180.746,217.050,111.140,0.408,-1,-1,-1
329,-1,1868.094,1251.624,181.660,106.405,0.860,-1,-1,-1
329,-1,2200.548,1363.695,177.501,119.340,0.824,-1,-1,-1
329,-1,1718.242,1178.126,194.697,101.718,0.297,-1,-1,-1
329,-1,2470.848,1363.117,80.393,57.923,0.257,-1,-1,-1
329,-1,1714.362,1178.515,203.910,107.223,0.393,-1,-1,-1
330,-1,1831.553,1241.392,189.371,112.869,0.836,-1,-1,-1
330,-1,2214.467,1365.930,186.618,114.821,0.808,-1,-1,-1
330,-1,2471.658,1363.095,80.228,57.976,0.268,-1,-1,-1
330,-1,1724.580,1177.237,168.860,96.092,0.264,-1,-1,-1
330,-1,1718.526,1177.872,177.422,110.638,0.206,-1,-1,-1
331,-1,1790.597,1233.199,199.498,117.543,0.820,-1,-1,-1
331,-1,2220.271,1365.843,194.951,117.154,0.711,-1,-1,-1
331,-1,2473.456,1364.750,77.724,55.872,0.286,-1,-1,-1
331,-1,1722.152,1177.356,155.874,94.471,0.266,-1,-1,-1
332,-1,1754.295,1222.725,200.561,119.146,0.725,-1,-1,-1
332,-1,2249.478,1366.356,166.585,117.288,0.601,-1,-1,-1
332,-1,2474.545,1364.970,76.477,55.788,0.265,-1,-1,-1
333,-1,1711.465,1215.733,218.308,122.283,0.734,-1,-1,-1
333,-1,2272.147,1367.831,161.494,111.861,0.694,-1,-1,-1
333,-1,2476.493,1366.201,74.232,54.103,0.290,-1,-1,-1
334,-1,1669.040,1194.684,238.846,137.149,0.763,-1,-1,-1
334,-1,2280.501,1370.378,162.634,114.198,0.689,-1,-1,-1
334,-1,2477.388,1366.348,72.367,53.576,0.311,-1,-1,-1
335,-1,1612.570,1207.626,240.431,124.036,0.730,-1,-1,-1
335,-1,2300.385,1374.883,154.784,110.593,0.549,-1,-1,-1
335,-1,2476.270,1366.514,73.325,53.453,0.347,-1,-1,-1
336,-1,2316.701,1375.386,149.873,110.231,0.666,-1,-1,-1
336,-1,1573.766,1193.865,241.905,130.023,0.586,-1,-1,-1
336,-1,2474.596,1367.124,73.546,53.115,0.387,-1,-1,-1
336,-1,1752.734,1191.084,184.208,108.184,0.271,-1,-1,-1
337,-1,1515.073,1190.485,252.603,133.428,0.967,-1,-1,-1
337,-1,2332.125,1384.483,143.413,104.069,0.579,-1,-1,-1
337,-1,2475.524,1367.850,72.589,51.323,0.366,-1,-1,-1
337,-1,1733.988,1171.143,218.463,130.187,0.290,-1,-1,-1
337,-1,1724.639,1186.542,212.178,113.152,0.315,-1,-1,-1
338,-1,1460.608,1183.431,267.938,143.310,0.879,-1,-1,-1
338,-1,2342.755,1384.173,143.964,103.134,0.590,-1,-1,-1
338,-1,1727.705,1172.085,220.158,130.585,0.470,-1,-1,-1
338,-1,2473.562,1365.929,77.573,54.807,0.346,-1,-1,-1
338,-1,1714.332,1178.381,217.101,118.511,0.370,-1,-1,-1
339,-1,1408.662,1176.104,282.132,143.573,0.982,-1,-1,-1
339,-1,2356.363,1386.570,138.141,100.321,0.465,-1,-1,-1
339,-1,1706.716,1169.708,210.752,130.526,0.420,-1,-1,-1
339,-1,2474.631,1366.791,75.951,54.689,0.350,-1,-1,-1
339,-1,1711.862,1178.654,220.281,118.762,0.389,-1,-1,-1
340,-1,1344.394,1161.942,284.145,158.081,0.982,-1,-1,-1
340,-1,1705.258,1173.320,209.249,128.350,0.372,-1,-1,-1
340,-1,2364.473,1392.691,151.576,104.940,0.355,-1,-1,-1
340,-1,2471.716,1363.743,80.774,59.769,0.280,-1,-1,-1
340,-1,1710.660,1178.931,222.103,118.556,0.372,-1,-1,-1
341,-1,1289.830,1153.262,304.715,166.141,0.981,-1,-1,-1
341,-1,1715.478,1172.265,208.996,125.802,0.451,-1,-1,-1
341,-1,2374.195,1391.424,151.959,106.291,0.433,-1,-1,-1
341,-1,2470.754,1364.766,80.757,59.297,0.214,-1,-1,-1
341,-1,1709.999,1178.773,223.067,118.670,0.370,-1,-1,-1
342,-1,1195.617,1146.129,333.147,174.113,0.974,-1,-1,-1
342,-1,1718.096,1170.874,212.373,127.533,0.443,-1,-1,-1
342,-1,2383.860,1394.258,149.360,100.704,0.414,-1,-1,-1
342,-1,1710.179,1178.752,222.985,118.674,0.371,-1,-1,-1
343,-1,1108.028,1140.585,361.948,184.359,0.941,-1,-1,-1
343,-1,2399.699,1386.766,146.301,110.046,0.346,-1,-1,-1
343,-1,1724.708,1168.196,208.040,130.905,0.326,-1,-1,-1
343,-1,1714.342,1179.174,215.112,117.628,0.393,-1,-1,-1
344,-1,998.054,1121.567,413.471,213.105,0.835,-1,-1,-1
344,-1,1722.282,1168.526,208.728,131.424,0.346,-1,-1,-1
344,-1,2399.030,1380.149,151.746,117.657,0.204,-1,-1,-1
344,-1,1714.534,1179.130,214.708,117.781,0.395,-1,-1,-1
345,-1,883.362,1123.332,462.223,219.124,0.979,-1,-1,-1
345,-1,1722.836,1168.468,205.916,131.687,0.316,-1,-1,-1
345,-1,2416.360,1378.434,132.689,115.361,0.239,-1,-1,-1
345,-1,1714.730,1179.188,214.227,117.594,0.397,-1,-1,-1
346,-1,769.159,1105.422,520.799,241.386,0.993,-1,-1,-1
346,-1,1721.565,1167.802,204.629,132.086,0.269,-1,-1,-1
346,-1,1715.052,1179.125,213.669,117.559,0.395,-1,-1,-1
347,-1,609.556,1102.520,585.524,255.921,0.994,-1,-1,-1
347,-1,2443.021,1374.121,115.805,118.181,0.246,-1,-1,-1
347,-1,1718.973,1176.955,197.169,104.862,0.231,-1,-1,-1
347,-1,1715.036,1179.139,213.712,117.545,0.395,-1,-1,-1
348,-1,414.873,1088.603,708.970,285.776,0.968,-1,-1,-1
348,-1,1718.962,1176.926,197.269,104.919,0.230,-1,-1,-1
348,-1,1714.908,1179.106,213.886,117.608,0.397,-1,-1,-1
349,-1,245.097,1084.646,726.827,313.341,0.988,-1,-1,-1
349,-1,1719.248,1176.843,196.241,104.664,0.245,-1,-1,-1
349,-1,1715.278,1178.965,212.712,117.415,0.394,-1,-1,-1
350,-1,18.185,1079.996,815.321,335.735,0.997,-1,-1,-1
350,-1,1719.288,1176.885,196.449,104.755,0.246,-1,-1,-1
350,-1,1715.308,1178.969,212.741,117.482,0.397,-1,-1,-1
351,-1,0.000,1069.053,696.812,377.568,0.997,-1,-1,-1
351,-1,1719.268,1176.895,196.479,104.751,0.246,-1,-1,-1
351,-1,1715.268,1178.968,212.796,117.493,0.396,-1,-1,-1
352,-1,0.691,1060.317,493.180,387.944,0.981,-1,-1,-1
352,-1,1719.147,1176.931,196.517,104.749,0.250,-1,-1,-1
352,-1,1715.182,1178.948,212.781,117.504,0.396,-1,-1,-1
353,-1,4.474,1076.795,251.679,382.279,0.548,-1,-1,-1
353,-1,1720.060,1168.858,209.000,131.862,0.302,-1,-1,-1
353,-1,1712.835,1178.695,219.052,118.076,0.374,-1,-1,-1
354,-1,1720.022,1168.924,208.835,131.687,0.285,-1,-1,-1
354,-1,1712.986,1178.788,218.799,118.082,0.381,-1,-1,-1
355,-1,1719.965,1169.008,208.901,131.628,0.293,-1,-1,-1
355,-1,1712.698,1178.798,219.120,117.994,0.375,-1,-1,-1
356,-1,1720.140,1169.071,208.781,131.483,0.288,-1,-1,-1
356,-1,2470.050,1363.988,76.482,57.039,0.233,-1,-1,-1
356,-1,1712.720,1178.787,219.073,118.002,0.375,-1,-1,-1
357,-1,1720.109,1168.850,209.137,131.672,0.294,-1,-1,-1
357,-1,1712.734,1178.763,218.990,118.054,0.375,-1,-1,-1
358,-1,1720.129,1168.928,209.023,131.539,0.294,-1,-1,-1
358,-1,2470.327,1364.587,75.048,54.889,0.218,-1,-1,-1
358,-1,1712.751,1178.742,218.957,118.085,0.376,-1,-1,-1
359,-1,1720.057,1169.072,208.898,131.469,0.293,-1,-1,-1
359,-1,2469.435,1363.899,78.018,56.203,0.246,-1,-1,-1
359,-1,1712.765,1178.741,218.859,118.087,0.377,-1,-1,-1
360,-1,1720.101,1168.972,208.921,131.491,0.294,-1,-1,-1
360,-1,2470.019,1364.178,78.051,56.238,0.242,-1,-1,-1
360,-1,1713.038,1178.739,218.591,118.011,0.377,-1,-1,-1
361,-1,1719.256,1168.882,209.643,131.310,0.307,-1,-1,-1
361,-1,2467.884,1363.789,81.717,57.452,0.249,-1,-1,-1
361,-1,1712.601,1178.837,219.561,117.804,0.368,-1,-1,-1
362,-1,1719.249,1168.837,209.800,131.339,0.309,-1,-1,-1
362,-1,2466.591,1363.164,85.178,59.700,0.253,-1,-1,-1
362,-1,1712.603,1178.838,219.558,117.804,0.368,-1,-1,-1
363,-1,1719.227,1168.864,209.859,131.364,0.310,-1,-1,-1
363,-1,2466.670,1362.998,85.387,59.921,0.240,-1,-1,-1
363,-1,1712.619,1178.841,219.585,117.819,0.368,-1,-1,-1
364,-1,1719.178,1168.828,209.927,131.346,0.311,-1,-1,-1
364,-1,2466.911,1363.000,85.384,59.870,0.238,-1,-1,-1
364,-1,1712.617,1178.841,219.592,117.818,0.368,-1,-1,-1
365,-1,1719.212,1168.721,209.892,131.390,0.313,-1,-1,-1
365,-1,2467.010,1362.867,85.438,60.055,0.231,-1,-1,-1
365,-1,1712.625,1178.833,219.554,117.825,0.368,-1,-1,-1
366,-1,1719.199,1168.742,209.880,131.386,0.312,-1,-1,-1
366,-1,2466.995,1362.863,85.520,60.133,0.231,-1,-1,-1
366,-1,1712.622,1178.842,219.557,117.821,0.368,-1,-1,-1
367,-1,1719.122,1168.794,210.007,131.371,0.311,-1,-1,-1
367,-1,2467.032,1362.884,85.542,60.138,0.232,-1,-1,-1
367,-1,1712.621,1178.843,219.559,117.821,0.368,-1,-1,-1
368,-1,1719.191,1168.763,209.839,131.394,0.312,-1,-1,-1
368,-1,2467.034,1362.862,85.517,60.157,0.231,-1,-1,-1
368,-1,1712.670,1178.870,219.456,117.744,0.367,-1,-1,-1
369,-1,1719.144,1168.721,209.875,131.444,0.312,-1,-1,-1
369,-1,2467.041,1362.849,85.487,60.162,0.230,-1,-1,-1
369,-1,1712.677,1178.870,219.446,117.743,0.367,-1,-1,-1
370,-1,1719.093,1168.740,209.861,131.459,0.311,-1,-1,-1
370,-1,2467.098,1362.712,85.328,60.268,0.232,-1,-1,-1
370,-1,1712.677,1178.870,219.446,117.743,0.367,-1,-1,-1
371,-1,1719.126,1168.747,209.859,131.432,0.310,-1,-1,-1
371,-1,2467.357,1362.826,84.984,60.069,0.235,-1,-1,-1
371,-1,1712.695,1178.864,219.449,117.742,0.367,-1,-1,-1
372,-1,1719.149,1168.735,209.803,131.421,0.308,-1,-1,-1
372,-1,2467.331,1362.705,85.068,60.196,0.235,-1,-1,-1
372,-1,1712.701,1178.862,219.424,117.743,0.367,-1,-1,-1
373,-1,1719.271,1168.884,209.665,131.289,0.304,-1,-1,-1
373,-1,2467.457,1362.746,84.884,60.071,0.239,-1,-1,-1
373,-1,1712.754,1178.896,219.401,117.707,0.367,-1,-1,-1
374,-1,1719.206,1168.955,209.909,131.251,0.304,-1,-1,-1
374,-1,2467.525,1362.802,84.783,59.987,0.239,-1,-1,-1
374,-1,1712.585,1178.909,219.533,117.711,0.367,-1,-1,-1
375,-1,1719.116,1169.030,209.881,131.261,0.302,-1,-1,-1
375,-1,2467.529,1362.805,84.777,59.981,0.239,-1,-1,-1
375,-1,1712.641,1178.905,219.599,117.722,0.367,-1,-1,-1
376,-1,1719.234,1169.017,209.691,131.253,0.301,-1,-1,-1
376,-1,2467.467,1362.716,84.929,60.114,0.237,-1,-1,-1
376,-1,1712.644,1178.904,219.619,117.725,0.367,-1,-1,-1
377,-1,2.029,932.782,173.946,266.901,0.470,-1,-1,-1
377,-1,1719.262,1168.984,209.654,131.309,0.301,-1,-1,-1
377,-1,2467.431,1362.805,84.970,60.052,0.235,-1,-1,-1
377,-1,1712.701,1178.909,219.550,117.730,0.368,-1,-1,-1
378,-1,2.978,913.762,250.013,305.814,0.776,-1,-1,-1
378,-1,1719.191,1168.949,209.812,131.250,0.304,-1,-1,-1
378,-1,2467.434,1362.830,84.936,59.990,0.235,-1,-1,-1
378,-1,1712.712,1178.887,219.597,117.733,0.368,-1,-1,-1
379,-1,11.776,811.052,319.906,446.983,0.762,-1,-1,-1
379,-1,1719.720,1168.026,210.097,131.717,0.283,-1,-1,-1
379,-1,2469.594,1362.991,81.664,59.913,0.256,-1,-1,-1
379,-1,1713.083,1179.403,219.172,117.185,0.382,-1,-1,-1
380,-1,1719.588,1168.129,210.098,131.616,0.286,-1,-1,-1
380,-1,2469.856,1362.779,81.232,60.068,0.260,-1,-1,-1
380,-1,1713.142,1179.394,219.049,117.257,0.384,-1,-1,-1
381,-1,0.000,819.351,487.595,477.322,0.929,-1,-1,-1
381,-1,1719.700,1168.018,210.173,131.788,0.287,-1,-1,-1
381,-1,2469.748,1362.765,81.383,60.160,0.258,-1,-1,-1
381,-1,1713.150,1179.392,218.990,117.240,0.385,-1,-1,-1
382,-1,0.000,817.898,572.265,504.199,0.985,-1,-1,-1
382,-1,1719.671,1167.985,210.273,131.891,0.289,-1,-1,-1
382,-1,2469.774,1362.897,81.367,60.041,0.255,-1,-1,-1
382,-1,1713.211,1179.388,218.980,117.252,0.386,-1,-1,-1
383,-1,0.000,823.396,655.938,505.905,0.963,-1,-1,-1
383,-1,1719.772,1168.097,210.229,131.975,0.287,-1,-1,-1
383,-1,2469.852,1362.908,81.267,59.971,0.252,-1,-1,-1
383,-1,1713.485,1179.406,218.825,117.249,0.386,-1,-1,-1
384,-1,3.142,846.748,727.074,477.067,0.881,-1,-1,-1
384,-1,1719.529,1168.026,210.450,132.021,0.289,-1,-1,-1
384,-1,2469.767,1362.933,81.363,59.976,0.251,-1,-1,-1
384,-1,1713.306,1179.394,218.945,117.258,0.385,-1,-1,-1
384,-1,0.000,848.224,731.697,466.084,0.212,-1,-1,-1
385,-1,0.741,868.861,810.374,459.214,0.753,-1,-1,-1
385,-1,1717.567,1177.784,199.942,103.626,0.279,-1,-1,-1
385,-1,2469.609,1363.417,81.503,59.372,0.250,-1,-1,-1
385,-1,0.000,870.551,803.793,455.064,0.398,-1,-1,-1
385,-1,1713.751,1179.444,217.828,117.302,0.388,-1,-1,-1
386,-1,41.340,892.325,848.033,452.897,0.843,-1,-1,-1
386,-1,1717.527,1177.783,199.944,103.649,0.279,-1,-1,-1
386,-1,2469.673,1363.420,81.467,59.330,0.250,-1,-1,-1
386,-1,30.425,891.485,849.878,431.089,0.464,-1,-1,-1
386,-1,1713.741,1179.463,217.795,117.273,0.389,-1,-1,-1
387,-1,22.947,906.695,947.563,443.703,0.570,-1,-1,-1
387,-1,1717.529,1177.795,199.865,103.668,0.284,-1,-1,-1
387,-1,2469.526,1363.463,81.625,59.312,0.251,-1,-1,-1
387,-1,16.096,906.442,936.204,431.213,0.835,-1,-1,-1
387,-1,1713.732,1179.437,217.748,117.297,0.387,-1,-1,-1
388,-1,114.485,932.477,920.964,430.343,0.823,-1,-1,-1
388,-1,1717.471,1177.948,199.742,103.396,0.286,-1,-1,-1
388,-1,2469.470,1363.398,81.708,59.411,0.251,-1,-1,-1
388,-1,85.930,927.148,962.098,408.999,0.588,-1,-1,-1
388,-1,1713.678,1179.529,217.650,117.120,0.384,-1,-1,-1
389,-1,199.100,954.074,900.947,397.028,0.648,-1,-1,-1
389,-1,1719.711,1167.812,209.239,132.369,0.333,-1,-1,-1
389,-1,2470.845,1363.484,79.994,59.392,0.227,-1,-1,-1
389,-1,181.125,955.834,902.834,391.235,0.655,-1,-1,-1
389,-1,1712.450,1179.166,221.079,117.632,0.385,-1,-1,-1
390,-1,309.544,985.884,857.448,381.408,0.827,-1,-1,-1
390,-1,1718.782,1167.152,210.224,132.698,0.361,-1,-1,-1
390,-1,2471.002,1363.422,79.794,59.405,0.229,-1,-1,-1
390,-1,296.672,982.243,861.758,374.176,0.466,-1,-1,-1
390,-1,1712.259,1179.163,221.410,117.594,0.380,-1,-1,-1
391,-1,411.593,1013.862,795.750,360.940,0.671,-1,-1,-1
391,-1,1717.877,1166.853,210.090,132.833,0.409,-1,-1,-1
391,-1,2470.924,1363.375,79.977,59.425,0.227,-1,-1,-1
391,-1,387.833,986.462,853.122,376.291,0.511,-1,-1,-1
391,-1,1712.215,1178.968,221.468,117.792,0.379,-1,-1,-1
392,-1,487.999,1025.513,773.380,336.529,0.691,-1,-1,-1
392,-1,1718.262,1167.019,210.042,132.353,0.467,-1,-1,-1
392,-1,2471.062,1363.439,79.785,59.296,0.229,-1,-1,-1
392,-1,505.169,1013.478,763.109,352.205,0.446,-1,-1,-1
392,-1,1712.211,1178.983,221.477,117.771,0.379,-1,-1,-1
393,-1,1719.740,1167.833,209.912,131.389,0.421,-1,-1,-1
393,-1,573.412,1031.687,754.473,341.871,0.276,-1,-1,-1
393,-1,2470.819,1363.276,80.149,59.477,0.227,-1,-1,-1
393,-1,582.835,1028.297,731.843,334.790,0.706,-1,-1,-1
393,-1,1712.177,1179.027,221.542,117.675,0.378,-1,-1,-1
394,-1,1718.218,1168.200,208.939,131.204,0.479,-1,-1,-1
394,-1,653.557,1057.808,729.545,308.598,0.288,-1,-1,-1
394,-1,2470.789,1363.278,80.176,59.471,0.227,-1,-1,-1
394,-1,669.086,1048.334,703.695,324.650,0.683,-1,-1,-1
394,-1,1712.152,1179.013,221.454,117.691,0.378,-1,-1,-1
395,-1,1719.564,1168.618,209.255,131.701,0.456,-1,-1,-1
395,-1,740.806,1059.796,683.551,320.502,0.310,-1,-1,-1
395,-1,2471.161,1363.243,79.694,59.404,0.231,-1,-1,-1
395,-1,761.654,1053.863,660.770,318.159,0.725,-1,-1,-1
395,-1,1712.195,1179.009,221.421,117.684,0.378,-1,-1,-1
396,-1,808.349,1061.373,645.748,320.421,0.440,-1,-1,-1
396,-1,1719.770,1169.238,210.269,131.598,0.438,-1,-1,-1
396,-1,2471.164,1363.246,79.683,59.396,0.231,-1,-1,-1
396,-1,851.447,1067.752,634.257,307.861,0.648,-1,-1,-1
396,-1,1712.222,1179.000,221.393,117.686,0.379,-1,-1,-1
397,-1,1718.309,1169.195,210.941,131.610,0.474,-1,-1,-1
397,-1,911.353,1072.138,611.610,315.836,0.281,-1,-1,-1
397,-1,2471.158,1362.827,80.036,60.094,0.223,-1,-1,-1
397,-1,908.900,1074.215,617.520,305.421,0.838,-1,-1,-1
397,-1,1712.616,1178.973,221.301,117.894,0.381,-1,-1,-1
398,-1,1715.533,1169.546,212.632,129.838,0.497,-1,-1,-1
398,-1,984.540,1081.833,583.653,308.095,0.409,-1,-1,-1
398,-1,2471.208,1362.875,79.905,60.032,0.224,-1,-1,-1
398,-1,986.099,1087.067,577.693,294.180,0.759,-1,-1,-1
398,-1,1712.650,1178.959,221.250,117.896,0.382,-1,-1,-1
399,-1,1716.854,1168.797,210.724,131.211,0.469,-1,-1,-1
399,-1,1066.717,1099.215,528.524,281.465,0.390,-1,-1,-1
399,-1,2472.598,1360.210,78.692,63.505,0.223,-1,-1,-1
399,-1,1056.269,1101.755,545.796,277.050,0.787,-1,-1,-1
399,-1,1714.289,1178.836,216.660,117.680,0.385,-1,-1,-1
400,-1,1135.857,1112.674,512.122,278.955,0.592,-1,-1,-1
400,-1,1718.679,1169.206,211.498,129.772,0.379,-1,-1,-1
400,-1,2472.530,1360.102,79.011,63.664,0.223,-1,-1,-1
400,-1,1125.962,1114.706,525.941,274.302,0.747,-1,-1,-1
400,-1,1714.584,1179.027,215.972,117.519,0.385,-1,-1,-1
401,-1,1716.531,1168.061,210.860,130.346,0.462,-1,-1,-1
401,-1,1185.168,1130.401,496.892,264.500,0.357,-1,-1,-1
401,-1,2472.267,1360.095,79.392,63.771,0.225,-1,-1,-1
401,-1,1196.006,1122.123,492.862,267.151,0.754,-1,-1,-1
401,-1,1716.564,1178.979,213.695,117.018,0.392,-1,-1,-1
402,-1,1257.901,1124.820,460.595,269.539,0.572,-1,-1,-1
402,-1,1716.371,1168.170,217.744,130.193,0.546,-1,-1,-1
402,-1,2472.244,1360.104,79.415,63.759,0.225,-1,-1,-1
402,-1,1265.556,1136.501,469.043,260.300,0.520,-1,-1,-1
402,-1,1715.242,1177.853,214.383,119.173,0.379,-1,-1,-1
403,-1,1333.445,1133.901,417.969,259.670,0.827,-1,-1,-1
403,-1,1728.214,1163.130,221.929,134.858,0.554,-1,-1,-1
403,-1,2472.241,1360.104,79.430,63.764,0.225,-1,-1,-1
403,-1,1718.320,1178.570,211.163,118.444,0.367,-1,-1,-1
403,-1,1337.161,1143.611,438.872,256.756,0.285,-1,-1,-1
404,-1,1376.397,1148.866,429.209,254.468,0.369,-1,-1,-1
404,-1,1722.889,1155.671,223.805,137.761,0.281,-1,-1,-1
404,-1,2472.272,1360.128,79.389,63.732,0.225,-1,-1,-1
404,-1,1366.029,1145.664,427.098,250.955,0.658,-1,-1,-1
404,-1,1723.131,1181.126,204.853,110.599,0.340,-1,-1,-1
405,-1,1436.497,1156.273,402.198,244.194,0.636,-1,-1,-1
405,-1,2472.442,1360.116,79.241,63.796,0.226,-1,-1,-1
405,-1,1704.442,1153.914,236.008,142.010,0.204,-1,-1,-1
405,-1,1430.576,1158.482,410.796,237.646,0.393,-1,-1,-1
405,-1,1733.738,1177.750,194.257,109.938,0.250,-1,-1,-1
406,-1,1477.214,1174.139,392.157,218.130,0.431,-1,-1,-1
406,-1,2472.297,1360.118,79.396,63.806,0.225,-1,-1,-1
406,-1,1483.761,1168.040,395.744,233.940,0.613,-1,-1,-1
407,-1,1526.259,1172.072,388.703,231.691,0.284,-1,-1,-1
407,-1,2472.297,1360.118,79.396,63.806,0.225,-1,-1,-1
407,-1,1531.932,1173.003,389.055,236.032,0.740,-1,-1,-1
408,-1,1610.822,1182.962,328.008,217.236,0.614,-1,-1,-1
408,-1,2472.258,1360.102,79.450,63.824,0.226,-1,-1,-1
408,-1,1574.491,1183.240,359.044,224.111,0.511,-1,-1,-1
409,-1,1638.597,1181.860,330.038,223.662,0.540,-1,-1,-1
409,-1,2469.750,1362.278,83.596,61.323,0.242,-1,-1,-1
409,-1,1628.459,1178.108,342.364,238.378,0.557,-1,-1,-1
410,-1,1684.792,1189.280,314.947,223.052,0.799,-1,-1,-1
410,-1,2469.780,1362.215,83.536,61.411,0.240,-1,-1,-1
410,-1,1675.654,1196.064,326.374,225.741,0.270,-1,-1,-1
411,-1,1720.783,1203.532,306.855,220.514,0.335,-1,-1,-1
411,-1,2470.134,1362.144,82.994,61.485,0.243,-1,-1,-1
411,-1,1703.673,1183.323,325.298,239.265,0.747,-1,-1,-1
412,-1,1741.277,1221.085,305.223,210.245,0.705,-1,-1,-1
412,-1,2469.970,1362.131,83.233,61.540,0.243,-1,-1,-1
412,-1,1747.928,1211.488,304.445,206.026,0.310,-1,-1,-1
413,-1,1791.402,1241.007,290.037,186.184,0.692,-1,-1,-1
413,-1,1720.248,1175.689,165.448,92.529,0.313,-1,-1,-1
413,-1,2470.011,1362.142,83.152,61.515,0.242,-1,-1,-1
413,-1,1782.025,1238.087,297.204,190.666,0.309,-1,-1,-1
414,-1,1830.501,1246.846,276.116,186.165,0.745,-1,-1,-1
414,-1,1721.750,1177.065,181.857,95.701,0.319,-1,-1,-1
414,-1,2469.982,1362.152,83.178,61.540,0.242,-1,-1,-1
414,-1,1820.880,1243.399,284.283,193.932,0.260,-1,-1,-1
414,-1,1714.862,1177.188,193.951,103.316,0.224,-1,-1,-1
415,-1,1876.669,1258.862,259.604,171.600,0.834,-1,-1,-1
415,-1,1718.926,1177.767,192.889,98.801,0.334,-1,-1,-1
415,-1,2469.897,1362.150,83.249,61.558,0.242,-1,-1,-1
415,-1,1713.087,1178.612,207.629,103.557,0.266,-1,-1,-1
416,-1,1910.643,1260.282,245.151,161.529,0.799,-1,-1,-1
416,-1,1716.633,1178.116,195.903,100.525,0.260,-1,-1,-1
416,-1,2469.893,1362.171,83.228,61.542,0.242,-1,-1,-1
416,-1,1711.364,1180.777,216.451,110.968,0.301,-1,-1,-1
416,-1,1908.535,1256.824,245.090,169.547,0.224,-1,-1,-1
417,-1,1942.362,1267.284,239.901,161.168,0.687,-1,-1,-1
417,-1,1715.202,1178.349,204.428,102.331,0.284,-1,-1,-1
417,-1,2469.889,1362.170,83.236,61.544,0.242,-1,-1,-1
417,-1,1950.927,1261.423,232.780,170.301,0.342,-1,-1,-1
417,-1,1710.064,1180.392,224.594,113.924,0.341,-1,-1,-1
418,-1,1966.649,1273.397,226.328,154.867,0.640,-1,-1,-1
418,-1,1714.922,1178.170,203.541,102.778,0.289,-1,-1,-1
418,-1,2469.980,1362.216,83.122,61.470,0.244,-1,-1,-1
418,-1,1710.151,1179.502,222.368,115.616,0.338,-1,-1,-1
418,-1,1967.644,1271.910,227.486,150.722,0.316,-1,-1,-1
