1,-1,1119.120,170.777,42.250,24.968,0.967,-1,-1,-1
1,-1,536.532,296.966,23.208,34.810,0.223,-1,-1,-1
1,-1,1083.582,180.753,28.023,13.529,0.212,-1,-1,-1
2,-1,1117.647,169.398,41.143,24.686,0.966,-1,-1,-1
3,-1,1116.364,169.610,45.921,25.910,0.977,-1,-1,-1
3,-1,1083.802,181.489,25.130,10.215,0.262,-1,-1,-1
4,-1,1121.865,170.980,41.546,24.395,0.976,-1,-1,-1
4,-1,1086.209,181.489,23.701,11.562,0.223,-1,-1,-1
5,-1,1121.267,170.306,41.141,25.477,0.974,-1,-1,-1
6,-1,1117.839,169.741,46.380,25.809,0.974,-1,-1,-1
7,-1,1117.383,169.639,41.930,24.982,0.972,-1,-1,-1
7,-1,1081.989,179.957,27.187,12.570,0.316,-1,-1,-1
8,-1,1117.893,169.543,40.812,24.537,0.969,-1,-1,-1
8,-1,1042.406,176.156,63.601,16.333,0.244,-1,-1,-1
8,-1,1079.013,180.073,27.269,12.396,0.260,-1,-1,-1
9,-1,1118.713,169.596,41.301,25.466,0.970,-1,-1,-1
10,-1,1121.644,170.894,43.078,24.651,0.965,-1,-1,-1
11,-1,1120.804,170.853,42.028,24.688,0.973,-1,-1,-1
11,-1,1085.776,181.772,23.929,11.446,0.206,-1,-1,-1
12,-1,1117.308,169.084,42.277,25.687,0.970,-1,-1,-1
13,-1,1117.141,170.021,42.409,24.859,0.975,-1,-1,-1
13,-1,1085.500,180.310,22.412,12.441,0.289,-1,-1,-1
14,-1,1121.076,171.255,42.612,24.290,0.970,-1,-1,-1
14,-1,1087.216,182.138,23.236,10.944,0.280,-1,-1,-1
15,-1,1121.151,171.029,42.908,24.739,0.966,-1,-1,-1
16,-1,1118.614,170.908,42.855,24.531,0.967,-1,-1,-1
17,-1,1116.076,168.985,43.690,25.775,0.972,-1,-1,-1
17,-1,1080.544,180.153,28.513,13.235,0.203,-1,-1,-1
18,-1,1116.871,169.781,43.371,25.025,0.969,-1,-1,-1
19,-1,1120.988,170.881,43.108,24.543,0.964,-1,-1,-1
20,-1,1121.867,171.079,41.404,24.471,0.975,-1,-1,-1
21,-1,1117.748,169.564,42.338,25.065,0.974,-1,-1,-1
21,-1,1082.613,181.407,25.231,11.788,0.206,-1,-1,-1
22,-1,1116.458,169.969,42.663,24.630,0.969,-1,-1,-1
23,-1,1118.329,169.712,41.498,25.280,0.980,-1,-1,-1
23,-1,1086.772,182.524,21.432,11.284,0.210,-1,-1,-1
24,-1,1121.716,171.172,41.490,24.500,0.977,-1,-1,-1
24,-1,538.541,298.792,22.928,33.112,0.332,-1,-1,-1
25,-1,1121.045,170.843,42.279,24.830,0.973,-1,-1,-1
25,-1,1083.824,180.596,28.957,13.245,0.325,-1,-1,-1
26,-1,1116.523,169.472,44.940,25.503,0.974,-1,-1,-1
27,-1,1116.140,169.306,45.107,25.443,0.963,-1,-1,-1
28,-1,1117.310,169.758,46.209,25.790,0.974,-1,-1,-1
28,-1,781.110,1020.292,343.940,55.922,0.978,-1,-1,-1
28,-1,1081.701,180.499,28.014,13.909,0.301,-1,-1,-1
29,-1,1120.984,170.245,41.117,25.312,0.969,-1,-1,-1
29,-1,751.386,963.743,426.323,111.802,0.956,-1,-1,-1
29,-1,1082.940,180.296,29.171,14.021,0.230,-1,-1,-1
30,-1,1121.526,171.827,41.644,23.803,0.975,-1,-1,-1
30,-1,1083.454,180.704,29.905,13.426,0.216,-1,-1,-1
30,-1,765.382,920.450,415.521,154.114,0.994,-1,-1,-1
31,-1,789.910,875.976,380.469,200.032,0.992,-1,-1,-1
31,-1,1119.641,170.694,41.774,25.062,0.967,-1,-1,-1
32,-1,1118.796,170.089,40.748,24.978,0.978,-1,-1,-1
32,-1,798.360,832.956,360.315,241.373,0.996,-1,-1,-1
32,-1,1082.126,180.262,26.755,12.298,0.292,-1,-1,-1
32,-1,1043.373,176.039,63.318,16.454,0.204,-1,-1,-1
33,-1,1117.192,169.582,41.108,24.685,0.971,-1,-1,-1
33,-1,1079.616,180.318,26.160,12.304,0.220,-1,-1,-1
33,-1,806.278,798.705,353.639,268.307,0.995,-1,-1,-1
34,-1,1117.826,168.945,41.345,25.572,0.962,-1,-1,-1
34,-1,1083.548,181.761,23.701,11.481,0.250,-1,-1,-1
34,-1,817.959,760.007,328.623,291.498,0.996,-1,-1,-1
35,-1,1119.222,171.170,41.430,24.024,0.971,-1,-1,-1
35,-1,1083.279,181.434,25.134,12.624,0.510,-1,-1,-1
35,-1,828.089,732.411,322.130,279.985,0.994,-1,-1,-1
36,-1,1121.479,170.803,40.539,24.685,0.974,-1,-1,-1
36,-1,1086.415,181.774,23.279,11.657,0.381,-1,-1,-1
36,-1,845.725,704.840,301.597,268.018,0.996,-1,-1,-1
37,-1,1122.548,170.820,40.987,24.495,0.976,-1,-1,-1
37,-1,1087.396,181.668,22.901,11.756,0.432,-1,-1,-1
37,-1,849.133,674.813,296.807,261.582,0.995,-1,-1,-1
38,-1,1119.859,171.804,40.446,23.658,0.976,-1,-1,-1
38,-1,1086.915,182.596,21.380,12.040,0.258,-1,-1,-1
38,-1,852.977,655.992,296.398,241.828,0.998,-1,-1,-1
39,-1,1118.053,170.325,41.070,24.543,0.978,-1,-1,-1
39,-1,1081.550,179.966,26.105,12.281,0.334,-1,-1,-1
39,-1,866.656,629.231,271.431,241.283,0.996,-1,-1,-1
40,-1,1117.270,168.627,41.333,25.872,0.971,-1,-1,-1
40,-1,872.090,609.965,265.309,227.307,0.997,-1,-1,-1
41,-1,1117.342,169.147,41.551,26.093,0.969,-1,-1,-1
41,-1,1084.535,181.800,23.626,10.470,0.297,-1,-1,-1
41,-1,876.274,587.978,260.851,223.171,0.996,-1,-1,-1
42,-1,1120.346,171.023,39.963,24.478,0.972,-1,-1,-1
42,-1,890.326,569.099,250.320,216.133,0.997,-1,-1,-1
43,-1,895.988,562.125,247.112,200.332,0.996,-1,-1,-1
43,-1,1121.156,171.013,42.007,24.706,0.976,-1,-1,-1
43,-1,1083.200,180.676,29.593,13.765,0.228,-1,-1,-1
44,-1,1120.944,170.947,42.253,24.806,0.974,-1,-1,-1
44,-1,538.990,296.382,21.380,33.699,0.317,-1,-1,-1
44,-1,1082.804,180.671,29.221,13.803,0.202,-1,-1,-1
44,-1,894.583,539.734,242.497,197.020,0.996,-1,-1,-1
45,-1,1120.812,169.481,40.582,25.454,0.978,-1,-1,-1
45,-1,905.894,525.890,225.861,191.388,0.997,-1,-1,-1
46,-1,906.583,510.384,223.511,186.785,0.995,-1,-1,-1
46,-1,1116.192,169.699,44.255,25.702,0.969,-1,-1,-1
47,-1,1116.883,169.305,41.375,24.588,0.962,-1,-1,-1
47,-1,1083.766,181.718,24.383,10.397,0.231,-1,-1,-1
47,-1,914.893,497.837,216.100,180.437,0.997,-1,-1,-1
48,-1,919.293,483.356,215.238,175.527,0.995,-1,-1,-1
48,-1,1117.595,169.798,43.689,25.173,0.972,-1,-1,-1
48,-1,1080.979,180.044,28.741,12.368,0.253,-1,-1,-1
49,-1,1119.299,171.029,41.235,24.483,0.972,-1,-1,-1
49,-1,1082.624,180.446,28.266,13.632,0.276,-1,-1,-1
49,-1,925.376,470.784,205.866,171.417,0.995,-1,-1,-1
50,-1,1121.757,170.572,40.840,24.776,0.968,-1,-1,-1
50,-1,538.956,296.599,21.878,33.182,0.245,-1,-1,-1
50,-1,1083.807,180.625,28.288,13.441,0.292,-1,-1,-1
50,-1,931.139,458.300,202.040,170.516,0.990,-1,-1,-1
51,-1,1119.970,170.253,42.432,25.257,0.972,-1,-1,-1
51,-1,1082.726,180.646,28.306,13.680,0.401,-1,-1,-1
51,-1,932.718,446.654,196.163,166.660,0.995,-1,-1,-1
52,-1,934.467,438.938,198.565,159.393,0.995,-1,-1,-1
52,-1,1119.063,169.762,40.869,25.089,0.971,-1,-1,-1
52,-1,1083.278,180.540,26.521,11.878,0.297,-1,-1,-1
53,-1,1117.096,169.512,41.453,24.659,0.967,-1,-1,-1
53,-1,1079.902,180.105,29.343,12.263,0.299,-1,-1,-1
53,-1,937.835,426.771,189.166,155.603,0.991,-1,-1,-1
54,-1,938.742,417.564,190.948,153.882,0.994,-1,-1,-1
54,-1,1116.489,169.411,41.411,24.814,0.967,-1,-1,-1
54,-1,1081.766,181.499,25.851,11.732,0.315,-1,-1,-1
55,-1,1117.496,169.332,44.970,25.575,0.973,-1,-1,-1
55,-1,1083.671,181.698,25.686,11.623,0.547,-1,-1,-1
55,-1,947.026,407.501,177.378,150.289,0.996,-1,-1,-1
56,-1,950.818,402.876,178.643,144.151,0.996,-1,-1,-1
56,-1,1120.092,170.936,41.318,24.524,0.966,-1,-1,-1
56,-1,1085.430,181.241,24.353,11.996,0.267,-1,-1,-1
57,-1,956.488,394.794,172.100,144.502,0.997,-1,-1,-1
57,-1,1121.385,170.498,41.661,25.188,0.971,-1,-1,-1
57,-1,538.745,296.177,21.839,33.485,0.222,-1,-1,-1
57,-1,1083.423,180.549,29.706,13.755,0.435,-1,-1,-1
58,-1,961.275,387.809,164.084,137.117,0.997,-1,-1,-1
58,-1,1119.794,170.691,43.562,24.727,0.973,-1,-1,-1
59,-1,1114.790,169.813,47.006,25.501,0.969,-1,-1,-1
59,-1,1083.272,180.891,23.663,11.805,0.534,-1,-1,-1
59,-1,962.098,375.625,158.483,137.286,0.996,-1,-1,-1
60,-1,1116.577,169.642,42.263,24.691,0.963,-1,-1,-1
60,-1,962.689,370.310,156.468,133.301,0.997,-1,-1,-1
61,-1,965.382,363.988,157.689,128.673,0.997,-1,-1,-1
61,-1,1117.154,169.818,41.535,24.907,0.971,-1,-1,-1
61,-1,1082.762,180.584,23.743,11.790,0.401,-1,-1,-1
62,-1,1118.983,170.749,40.677,24.470,0.966,-1,-1,-1
62,-1,1084.741,182.512,23.866,11.759,0.276,-1,-1,-1
62,-1,972.043,355.960,146.949,129.304,0.998,-1,-1,-1
63,-1,971.743,348.760,151.287,126.506,0.998,-1,-1,-1
63,-1,1121.627,170.325,40.249,25.445,0.963,-1,-1,-1
63,-1,1084.166,181.137,23.981,11.767,0.248,-1,-1,-1
64,-1,978.402,344.348,140.174,122.053,0.998,-1,-1,-1
64,-1,1121.517,170.874,39.821,24.953,0.967,-1,-1,-1
64,-1,1084.091,182.509,26.252,11.511,0.371,-1,-1,-1
65,-1,1120.271,169.922,41.508,25.976,0.973,-1,-1,-1
65,-1,978.357,334.642,141.618,123.123,0.995,-1,-1,-1
65,-1,1082.181,180.258,29.031,13.967,0.340,-1,-1,-1
66,-1,1117.379,170.012,41.829,25.556,0.975,-1,-1,-1
66,-1,1083.883,181.788,24.135,11.818,0.287,-1,-1,-1
66,-1,979.160,328.289,137.276,119.187,0.996,-1,-1,-1
67,-1,979.951,324.540,134.647,117.244,0.996,-1,-1,-1
67,-1,1116.874,169.156,41.635,26.259,0.970,-1,-1,-1
67,-1,1082.683,180.154,26.710,13.387,0.273,-1,-1,-1
68,-1,979.184,320.967,139.674,113.328,0.995,-1,-1,-1
68,-1,1117.713,169.784,42.112,25.262,0.974,-1,-1,-1
68,-1,1084.504,181.505,23.730,11.817,0.237,-1,-1,-1
69,-1,986.327,316.525,135.277,110.946,0.997,-1,-1,-1
69,-1,1119.624,170.806,42.279,25.165,0.963,-1,-1,-1
69,-1,1086.642,182.756,22.546,11.775,0.290,-1,-1,-1
70,-1,1120.819,172.065,40.241,23.576,0.971,-1,-1,-1
70,-1,539.272,299.621,21.917,31.108,0.233,-1,-1,-1
70,-1,1085.110,181.227,25.832,12.371,0.361,-1,-1,-1
70,-1,991.159,309.870,126.915,111.542,0.998,-1,-1,-1
71,-1,991.869,306.903,126.032,107.691,0.997,-1,-1,-1
71,-1,1120.995,170.882,41.863,24.473,0.966,-1,-1,-1
71,-1,1084.543,180.846,26.184,12.516,0.327,-1,-1,-1
72,-1,1118.367,170.977,41.190,24.632,0.974,-1,-1,-1
72,-1,1085.200,182.405,23.246,11.869,0.227,-1,-1,-1
72,-1,988.727,299.378,126.502,103.746,0.995,-1,-1,-1
73,-1,1116.455,168.557,42.914,26.760,0.976,-1,-1,-1
73,-1,1081.491,180.599,26.100,12.698,0.309,-1,-1,-1
73,-1,991.063,293.236,123.433,105.375,0.998,-1,-1,-1
74,-1,1114.234,169.441,46.182,25.751,0.969,-1,-1,-1
74,-1,992.634,289.048,117.544,104.077,0.996,-1,-1,-1
74,-1,1082.489,181.352,25.696,10.509,0.244,-1,-1,-1
75,-1,1116.630,169.850,43.303,25.682,0.971,-1,-1,-1
75,-1,1081.075,180.849,26.998,12.830,0.389,-1,-1,-1
75,-1,993.895,286.338,123.351,101.644,0.996,-1,-1,-1
76,-1,1117.844,169.806,44.054,26.064,0.957,-1,-1,-1
76,-1,996.074,278.494,117.550,101.299,0.986,-1,-1,-1
77,-1,997.387,277.480,119.025,99.541,0.992,-1,-1,-1
77,-1,1118.886,170.711,43.119,24.779,0.958,-1,-1,-1
77,-1,1082.933,180.401,29.706,14.329,0.314,-1,-1,-1
78,-1,1118.354,170.005,44.041,25.770,0.960,-1,-1,-1
78,-1,998.680,272.058,114.740,96.483,0.998,-1,-1,-1
79,-1,997.660,270.859,114.954,93.830,0.998,-1,-1,-1
79,-1,1117.289,169.740,42.558,25.654,0.970,-1,-1,-1
79,-1,1083.288,181.479,25.022,11.881,0.232,-1,-1,-1
80,-1,1117.078,169.766,42.004,25.102,0.954,-1,-1,-1
80,-1,996.281,264.206,112.391,93.481,0.997,-1,-1,-1
81,-1,1116.774,169.422,42.570,25.005,0.949,-1,-1,-1
81,-1,1083.098,181.146,24.917,11.966,0.277,-1,-1,-1
81,-1,1000.107,258.288,110.399,94.377,0.996,-1,-1,-1
82,-1,1000.353,256.663,111.034,91.690,0.993,-1,-1,-1
82,-1,1117.865,170.121,42.184,25.456,0.968,-1,-1,-1
82,-1,1083.050,181.096,25.866,12.741,0.323,-1,-1,-1
83,-1,1117.803,170.175,43.551,25.140,0.958,-1,-1,-1
83,-1,1004.289,251.874,105.689,91.185,0.997,-1,-1,-1
83,-1,1085.846,182.219,23.709,11.856,0.268,-1,-1,-1
84,-1,1120.350,169.790,41.640,25.543,0.956,-1,-1,-1
84,-1,1004.510,248.833,106.530,89.762,0.995,-1,-1,-1
84,-1,1085.513,182.099,24.274,12.054,0.287,-1,-1,-1
85,-1,1119.582,170.889,40.082,24.571,0.958,-1,-1,-1
85,-1,1083.483,181.507,26.115,12.753,0.447,-1,-1,-1
85,-1,1004.558,247.004,105.496,87.237,0.996,-1,-1,-1
86,-1,1118.019,169.326,41.443,24.843,0.960,-1,-1,-1
86,-1,1080.801,180.610,27.728,12.610,0.330,-1,-1,-1
86,-1,1004.706,241.249,102.691,86.450,0.996,-1,-1,-1
87,-1,1114.957,169.297,44.853,25.665,0.962,-1,-1,-1
87,-1,1081.424,180.975,26.164,12.533,0.204,-1,-1,-1
87,-1,1001.948,238.613,104.456,85.781,0.994,-1,-1,-1
88,-1,1116.605,169.079,43.185,25.963,0.959,-1,-1,-1
88,-1,1003.931,238.113,100.623,81.061,0.997,-1,-1,-1
88,-1,1083.177,181.526,25.473,10.414,0.305,-1,-1,-1
89,-1,1006.668,233.662,97.768,82.559,0.993,-1,-1,-1
89,-1,1120.204,169.922,40.675,25.687,0.962,-1,-1,-1
89,-1,1082.484,180.491,26.776,12.843,0.261,-1,-1,-1
90,-1,1009.899,231.603,94.423,80.203,0.996,-1,-1,-1
90,-1,1120.552,170.547,41.281,25.312,0.952,-1,-1,-1
91,-1,1121.208,170.779,41.208,24.970,0.958,-1,-1,-1
91,-1,1011.499,228.340,97.352,80.612,0.996,-1,-1,-1
91,-1,1081.968,180.066,29.247,14.599,0.257,-1,-1,-1
92,-1,1118.597,170.354,41.396,25.364,0.961,-1,-1,-1
92,-1,1010.512,224.931,93.869,76.729,0.997,-1,-1,-1
92,-1,1081.495,179.878,28.691,14.509,0.290,-1,-1,-1
93,-1,1114.090,169.487,46.671,26.047,0.965,-1,-1,-1
93,-1,1081.399,179.776,26.032,13.254,0.376,-1,-1,-1
93,-1,1008.309,221.826,92.782,76.189,0.998,-1,-1,-1
94,-1,1115.862,169.205,45.829,25.714,0.960,-1,-1,-1
94,-1,1010.388,218.369,88.831,78.605,0.999,-1,-1,-1
94,-1,1080.580,179.363,27.646,12.923,0.290,-1,-1,-1
95,-1,1116.585,170.371,42.827,24.957,0.966,-1,-1,-1
95,-1,1007.835,216.714,90.560,75.302,0.998,-1,-1,-1
95,-1,1080.236,179.797,27.522,13.278,0.487,-1,-1,-1
96,-1,1118.707,170.302,42.419,25.410,0.949,-1,-1,-1
96,-1,1083.744,180.791,25.404,12.707,0.243,-1,-1,-1
96,-1,1011.859,212.929,86.408,76.360,0.996,-1,-1,-1
97,-1,1119.750,171.415,41.303,24.475,0.958,-1,-1,-1
97,-1,1013.879,210.965,87.413,75.062,0.994,-1,-1,-1
97,-1,1081.198,179.501,29.179,14.064,0.203,-1,-1,-1
98,-1,1119.425,169.846,42.429,26.195,0.956,-1,-1,-1
98,-1,1084.755,182.132,24.310,12.178,0.682,-1,-1,-1
98,-1,1013.367,206.649,85.996,75.912,0.996,-1,-1,-1
99,-1,1010.970,205.130,88.808,72.696,0.996,-1,-1,-1
99,-1,1117.351,169.559,44.396,25.326,0.962,-1,-1,-1
99,-1,1077.955,179.047,30.749,13.739,0.640,-1,-1,-1
99,-1,1055.047,174.764,52.881,18.887,0.247,-1,-1,-1
100,-1,1116.366,169.760,44.253,25.368,0.957,-1,-1,-1
100,-1,1076.751,179.233,29.617,13.801,0.718,-1,-1,-1
100,-1,1054.942,175.008,51.085,18.606,0.498,-1,-1,-1
100,-1,1011.233,202.915,84.550,71.568,0.996,-1,-1,-1
101,-1,1117.237,169.744,43.260,25.161,0.953,-1,-1,-1
101,-1,1075.551,179.488,30.647,13.494,0.698,-1,-1,-1
101,-1,1057.624,176.295,49.802,17.543,0.590,-1,-1,-1
101,-1,1012.906,201.517,82.922,70.857,0.996,-1,-1,-1
102,-1,1119.158,170.546,39.589,24.331,0.963,-1,-1,-1
102,-1,1079.386,180.564,27.616,12.749,0.686,-1,-1,-1
102,-1,1014.084,199.519,81.675,69.740,0.998,-1,-1,-1
102,-1,1051.819,177.321,54.148,16.640,0.455,-1,-1,-1
103,-1,1118.814,170.413,40.784,25.396,0.961,-1,-1,-1
103,-1,1016.000,197.967,80.393,69.943,0.998,-1,-1,-1
103,-1,1081.801,181.361,25.900,13.246,0.762,-1,-1,-1
104,-1,1119.034,170.528,41.346,25.143,0.957,-1,-1,-1
104,-1,1016.527,195.343,80.325,69.421,0.998,-1,-1,-1
104,-1,1080.739,182.218,26.380,12.530,0.739,-1,-1,-1
105,-1,1118.786,169.841,40.391,25.827,0.960,-1,-1,-1
105,-1,760.924,993.040,416.702,82.134,0.971,-1,-1,-1
105,-1,1084.094,183.075,24.089,11.639,0.748,-1,-1,-1
105,-1,1077.334,197.376,19.665,28.332,0.233,-1,-1,-1
105,-1,1014.731,195.050,79.752,67.728,0.997,-1,-1,-1
106,-1,1079.819,193.993,19.160,19.595,0.451,-1,-1,-1
106,-1,1118.140,169.805,42.277,25.583,0.956,-1,-1,-1
106,-1,746.243,939.567,437.627,131.248,0.934,-1,-1,-1
106,-1,1081.101,180.941,23.306,11.949,0.880,-1,-1,-1
106,-1,1014.234,193.575,78.526,65.184,0.996,-1,-1,-1
107,-1,1117.329,169.759,42.946,25.358,0.958,-1,-1,-1
107,-1,941.907,183.861,39.733,10.760,0.528,-1,-1,-1
107,-1,1080.671,181.197,23.670,11.592,0.938,-1,-1,-1
107,-1,1014.917,188.349,77.134,66.286,0.996,-1,-1,-1
107,-1,772.966,889.113,399.990,185.163,0.990,-1,-1,-1
108,-1,1116.685,169.982,43.895,25.962,0.965,-1,-1,-1
108,-1,940.253,183.739,41.102,11.301,0.808,-1,-1,-1
108,-1,1080.312,184.429,23.292,15.593,0.294,-1,-1,-1
108,-1,1079.092,186.581,20.951,20.783,0.280,-1,-1,-1
108,-1,1083.301,181.429,21.357,11.196,0.899,-1,-1,-1
108,-1,1014.254,187.265,79.144,65.271,0.988,-1,-1,-1
108,-1,785.484,843.415,381.990,232.063,0.984,-1,-1,-1
109,-1,1118.237,171.142,41.708,24.414,0.968,-1,-1,-1
109,-1,939.578,182.908,43.008,12.418,0.883,-1,-1,-1
109,-1,1080.736,183.253,25.070,17.396,0.297,-1,-1,-1
109,-1,1017.597,184.115,75.948,66.595,0.991,-1,-1,-1
109,-1,1085.171,181.668,21.761,11.693,0.761,-1,-1,-1
109,-1,1080.502,188.085,18.966,16.638,0.354,-1,-1,-1
109,-1,1008.957,193.071,16.244,12.750,0.220,-1,-1,-1
109,-1,792.441,800.526,369.786,277.109,0.990,-1,-1,-1
110,-1,1117.444,170.276,45.273,25.784,0.962,-1,-1,-1
110,-1,1081.938,181.849,24.959,14.067,0.679,-1,-1,-1
110,-1,1018.315,181.090,75.825,68.488,0.985,-1,-1,-1
110,-1,938.999,182.725,45.428,13.660,0.936,-1,-1,-1
110,-1,1082.241,186.947,18.670,17.597,0.452,-1,-1,-1
110,-1,1010.758,192.362,15.177,12.478,0.209,-1,-1,-1
110,-1,808.579,762.441,347.659,286.735,0.996,-1,-1,-1
111,-1,936.426,180.414,48.830,15.376,0.956,-1,-1,-1
111,-1,1117.628,170.297,42.975,25.571,0.955,-1,-1,-1
111,-1,1081.644,181.899,23.753,15.189,0.621,-1,-1,-1
111,-1,1018.380,181.625,74.429,65.432,0.977,-1,-1,-1
111,-1,823.046,737.675,329.003,269.032,0.995,-1,-1,-1
112,-1,934.902,179.411,47.436,15.407,0.961,-1,-1,-1
112,-1,1118.522,170.090,41.453,25.249,0.969,-1,-1,-1
112,-1,831.411,701.335,315.977,260.234,0.995,-1,-1,-1
112,-1,1080.773,180.703,25.215,15.104,0.590,-1,-1,-1
112,-1,1018.321,179.217,73.350,63.671,0.981,-1,-1,-1
113,-1,930.856,179.165,51.207,14.629,0.977,-1,-1,-1
113,-1,1016.539,178.688,73.732,61.194,0.988,-1,-1,-1
113,-1,1116.224,169.835,43.485,25.778,0.963,-1,-1,-1
113,-1,1081.577,180.095,25.749,14.595,0.883,-1,-1,-1
113,-1,836.022,667.764,309.445,260.586,0.995,-1,-1,-1
114,-1,929.551,177.046,55.247,16.077,0.964,-1,-1,-1
114,-1,1018.445,176.907,70.713,60.145,0.991,-1,-1,-1
114,-1,1116.052,169.808,43.952,25.567,0.966,-1,-1,-1
114,-1,1081.134,178.774,26.929,14.863,0.886,-1,-1,-1
114,-1,849.495,645.869,293.266,240.678,0.997,-1,-1,-1
115,-1,929.171,175.461,53.968,18.450,0.971,-1,-1,-1
115,-1,855.491,626.309,288.931,228.258,0.995,-1,-1,-1
115,-1,1118.815,170.792,40.620,24.579,0.970,-1,-1,-1
115,-1,1079.952,177.424,28.291,15.502,0.822,-1,-1,-1
115,-1,1018.430,174.645,72.565,62.442,0.996,-1,-1,-1
115,-1,986.722,177.273,25.327,15.500,0.222,-1,-1,-1
116,-1,928.895,174.887,54.287,21.488,0.976,-1,-1,-1
116,-1,1019.493,174.969,69.661,59.180,0.995,-1,-1,-1
116,-1,1119.108,170.589,42.499,25.235,0.958,-1,-1,-1
116,-1,1084.548,179.487,26.060,15.365,0.678,-1,-1,-1
116,-1,865.561,592.797,276.737,226.963,0.998,-1,-1,-1
117,-1,927.708,173.978,58.389,21.974,0.980,-1,-1,-1
117,-1,1119.018,170.189,40.984,25.524,0.968,-1,-1,-1
117,-1,1082.496,177.200,27.564,16.733,0.550,-1,-1,-1
117,-1,1021.034,172.974,68.171,58.934,0.995,-1,-1,-1
117,-1,871.668,580.146,269.894,213.674,0.995,-1,-1,-1
118,-1,926.725,171.396,54.840,24.503,0.988,-1,-1,-1
118,-1,1119.346,170.332,42.328,25.594,0.970,-1,-1,-1
118,-1,1083.813,178.706,26.536,16.601,0.634,-1,-1,-1
118,-1,1022.135,171.108,67.566,59.838,0.992,-1,-1,-1
118,-1,880.445,560.328,253.209,206.004,0.998,-1,-1,-1
119,-1,922.342,169.062,57.029,26.810,0.966,-1,-1,-1
119,-1,1085.778,179.068,24.128,15.790,0.864,-1,-1,-1
119,-1,1118.468,169.517,41.225,26.174,0.975,-1,-1,-1
119,-1,1022.038,169.300,64.758,58.782,0.993,-1,-1,-1
119,-1,884.024,542.159,248.982,197.984,0.990,-1,-1,-1
120,-1,890.636,524.989,240.627,193.479,0.996,-1,-1,-1
120,-1,919.730,168.282,58.936,27.171,0.967,-1,-1,-1
120,-1,1085.971,177.420,24.234,16.317,0.879,-1,-1,-1
120,-1,1117.054,169.300,43.718,25.402,0.973,-1,-1,-1
120,-1,1019.883,166.296,66.579,59.877,0.993,-1,-1,-1
121,-1,1020.885,169.648,64.399,55.059,0.990,-1,-1,-1
121,-1,1084.912,178.199,24.209,16.766,0.951,-1,-1,-1
121,-1,1117.930,169.220,41.025,25.840,0.976,-1,-1,-1
121,-1,1022.367,166.044,55.710,35.187,0.370,-1,-1,-1
121,-1,918.717,166.272,59.127,30.598,0.931,-1,-1,-1
121,-1,897.039,509.706,231.065,185.810,0.996,-1,-1,-1
122,-1,901.327,497.938,229.765,177.270,0.987,-1,-1,-1
122,-1,1085.367,177.607,26.783,17.890,0.870,-1,-1,-1
122,-1,1118.528,169.803,42.693,25.957,0.976,-1,-1,-1
122,-1,1021.696,162.782,65.560,60.406,0.990,-1,-1,-1
122,-1,917.910,165.047,59.522,30.468,0.942,-1,-1,-1
123,-1,910.376,480.372,221.033,172.923,0.996,-1,-1,-1
123,-1,1119.098,170.182,42.791,25.269,0.970,-1,-1,-1
123,-1,1085.338,177.205,26.949,18.401,0.888,-1,-1,-1
123,-1,919.448,164.476,57.597,30.756,0.939,-1,-1,-1
123,-1,1022.867,164.484,64.704,56.876,0.984,-1,-1,-1
124,-1,915.766,468.217,213.651,163.630,0.996,-1,-1,-1
124,-1,1118.727,170.051,41.445,25.456,0.974,-1,-1,-1
124,-1,1085.250,174.852,28.109,20.400,0.739,-1,-1,-1
124,-1,1023.198,161.363,64.244,57.370,0.968,-1,-1,-1
124,-1,916.618,162.457,58.419,32.851,0.918,-1,-1,-1
125,-1,914.118,455.944,217.473,165.077,0.993,-1,-1,-1
125,-1,1118.260,169.948,43.380,25.357,0.976,-1,-1,-1
125,-1,1086.402,175.014,26.633,19.011,0.603,-1,-1,-1
125,-1,1023.060,159.069,64.088,56.261,0.971,-1,-1,-1
125,-1,915.384,160.358,60.585,34.367,0.865,-1,-1,-1
125,-1,919.276,159.640,58.793,36.081,0.253,-1,-1,-1
126,-1,919.443,443.170,208.837,159.753,0.998,-1,-1,-1
126,-1,1118.344,170.742,40.756,24.777,0.972,-1,-1,-1
126,-1,1084.215,176.557,25.813,17.671,0.827,-1,-1,-1
126,-1,911.162,157.613,63.956,38.074,0.751,-1,-1,-1
126,-1,1022.705,159.120,62.320,54.199,0.954,-1,-1,-1
126,-1,914.597,158.146,63.057,37.241,0.303,-1,-1,-1
126,-1,1022.922,158.754,63.094,53.550,0.320,-1,-1,-1
127,-1,1117.808,170.523,41.393,24.839,0.975,-1,-1,-1
127,-1,1022.518,158.048,63.386,54.605,0.958,-1,-1,-1
127,-1,969.571,163.057,20.465,24.850,0.239,-1,-1,-1
127,-1,1083.422,174.055,26.796,18.871,0.724,-1,-1,-1
127,-1,909.647,155.486,63.078,39.607,0.738,-1,-1,-1
127,-1,925.983,431.185,197.466,153.372,0.997,-1,-1,-1
127,-1,1022.973,158.205,63.814,51.131,0.232,-1,-1,-1
127,-1,914.951,155.565,59.229,39.464,0.405,-1,-1,-1
128,-1,1118.343,170.448,40.798,24.957,0.975,-1,-1,-1
128,-1,1081.922,169.142,29.786,24.097,0.611,-1,-1,-1
128,-1,1022.751,158.210,62.393,51.968,0.976,-1,-1,-1
128,-1,909.763,153.685,63.961,39.865,0.823,-1,-1,-1
128,-1,929.654,415.760,194.218,155.044,0.987,-1,-1,-1
128,-1,912.204,153.018,63.127,41.008,0.298,-1,-1,-1
128,-1,1022.854,156.647,63.234,52.922,0.318,-1,-1,-1
129,-1,930.710,412.420,194.414,146.144,0.996,-1,-1,-1
129,-1,1118.404,170.348,41.002,25.151,0.972,-1,-1,-1
129,-1,909.639,152.418,61.630,41.439,0.795,-1,-1,-1
129,-1,1083.880,174.585,26.778,19.260,0.601,-1,-1,-1
129,-1,1023.615,157.087,61.703,51.717,0.958,-1,-1,-1
129,-1,911.854,151.619,62.131,42.567,0.262,-1,-1,-1
129,-1,1024.243,155.542,63.455,52.922,0.306,-1,-1,-1
130,-1,936.683,404.183,190.390,142.503,0.997,-1,-1,-1
130,-1,1118.006,170.464,42.763,24.997,0.956,-1,-1,-1
130,-1,1086.770,170.481,27.533,23.793,0.265,-1,-1,-1
130,-1,1025.491,154.901,62.022,53.505,0.909,-1,-1,-1
130,-1,909.240,150.677,63.490,42.542,0.763,-1,-1,-1
130,-1,912.082,150.339,62.018,43.733,0.278,-1,-1,-1
130,-1,1025.380,154.743,62.835,52.759,0.253,-1,-1,-1
131,-1,940.300,392.285,182.930,140.666,0.997,-1,-1,-1
131,-1,908.468,148.633,63.288,43.835,0.834,-1,-1,-1
131,-1,1118.278,170.474,42.459,24.950,0.954,-1,-1,-1
131,-1,1025.936,154.002,61.868,51.552,0.941,-1,-1,-1
131,-1,1026.951,154.418,63.953,49.660,0.330,-1,-1,-1
132,-1,943.632,385.524,174.890,135.897,0.998,-1,-1,-1
132,-1,1119.486,169.216,41.329,26.177,0.959,-1,-1,-1
132,-1,909.317,145.562,59.603,45.234,0.771,-1,-1,-1
132,-1,1025.044,150.899,61.150,53.037,0.933,-1,-1,-1
132,-1,1025.320,151.877,61.553,51.810,0.252,-1,-1,-1
132,-1,907.364,144.592,66.930,48.409,0.319,-1,-1,-1
133,-1,945.234,376.635,172.299,130.580,0.998,-1,-1,-1
133,-1,1118.061,169.641,40.694,25.144,0.962,-1,-1,-1
133,-1,1081.629,165.525,29.551,27.266,0.323,-1,-1,-1
133,-1,1025.597,151.816,61.010,51.718,0.949,-1,-1,-1
133,-1,902.518,142.585,66.053,49.393,0.794,-1,-1,-1
133,-1,904.588,141.831,68.160,51.093,0.309,-1,-1,-1
134,-1,1116.920,169.726,43.385,25.535,0.961,-1,-1,-1
134,-1,1024.086,150.725,60.985,50.865,0.963,-1,-1,-1
134,-1,1083.484,168.391,26.826,25.047,0.290,-1,-1,-1
134,-1,900.776,142.100,67.226,50.028,0.794,-1,-1,-1
134,-1,949.699,364.670,166.991,130.443,0.997,-1,-1,-1
134,-1,902.914,141.016,70.053,52.208,0.289,-1,-1,-1
135,-1,948.080,361.959,165.555,126.344,0.998,-1,-1,-1
135,-1,1119.360,170.259,39.855,25.072,0.967,-1,-1,-1
135,-1,1025.035,152.258,61.823,48.163,0.981,-1,-1,-1
135,-1,903.227,140.749,67.238,51.251,0.773,-1,-1,-1
135,-1,1082.545,164.416,30.593,28.852,0.495,-1,-1,-1
135,-1,899.879,141.221,71.963,51.064,0.328,-1,-1,-1
136,-1,953.228,353.448,160.187,124.053,0.998,-1,-1,-1
136,-1,1025.699,151.826,61.592,47.849,0.976,-1,-1,-1
136,-1,1119.627,169.576,41.667,25.623,0.963,-1,-1,-1
136,-1,1083.659,163.366,30.499,31.165,0.472,-1,-1,-1
136,-1,901.577,140.048,68.015,52.668,0.614,-1,-1,-1
136,-1,901.045,138.683,69.353,56.439,0.478,-1,-1,-1
137,-1,1026.413,148.388,60.658,50.663,0.973,-1,-1,-1
137,-1,960.563,345.947,150.262,119.064,0.997,-1,-1,-1
137,-1,1119.454,169.802,42.400,25.532,0.963,-1,-1,-1
137,-1,1083.736,164.769,30.169,30.492,0.466,-1,-1,-1
137,-1,898.942,138.289,69.923,54.894,0.636,-1,-1,-1
137,-1,898.689,137.734,71.051,57.764,0.446,-1,-1,-1
138,-1,956.612,339.003,155.732,118.826,0.998,-1,-1,-1
138,-1,1116.532,169.594,46.076,25.908,0.962,-1,-1,-1
138,-1,1027.354,150.452,59.241,46.893,0.956,-1,-1,-1
138,-1,1083.907,168.382,29.790,25.815,0.394,-1,-1,-1
138,-1,896.264,139.189,72.864,55.812,0.698,-1,-1,-1
138,-1,897.578,137.114,71.480,58.371,0.461,-1,-1,-1
139,-1,1025.219,153.486,60.217,43.329,0.973,-1,-1,-1
139,-1,895.585,134.714,69.950,58.714,0.649,-1,-1,-1
139,-1,1117.699,169.594,43.967,25.758,0.964,-1,-1,-1
139,-1,1082.292,165.501,30.141,28.660,0.562,-1,-1,-1
139,-1,961.665,330.713,150.251,116.898,0.998,-1,-1,-1
139,-1,893.072,134.775,74.354,60.635,0.521,-1,-1,-1
140,-1,1025.391,152.908,59.066,43.010,0.963,-1,-1,-1
140,-1,895.012,134.541,70.149,58.311,0.735,-1,-1,-1
140,-1,1117.210,169.245,43.884,25.516,0.957,-1,-1,-1
140,-1,1081.014,165.080,30.223,28.841,0.585,-1,-1,-1
140,-1,960.949,325.260,147.651,116.284,0.997,-1,-1,-1
140,-1,894.047,134.788,73.708,60.131,0.444,-1,-1,-1
141,-1,963.743,320.633,142.109,112.082,0.999,-1,-1,-1
141,-1,1026.337,152.686,58.132,42.487,0.948,-1,-1,-1
141,-1,1117.059,169.399,44.122,25.471,0.958,-1,-1,-1
141,-1,1080.812,164.859,30.316,29.099,0.610,-1,-1,-1
141,-1,894.139,136.858,71.200,56.520,0.659,-1,-1,-1
141,-1,892.865,133.605,73.552,60.970,0.542,-1,-1,-1
142,-1,967.053,316.076,139.356,109.299,0.998,-1,-1,-1
142,-1,1026.427,149.167,56.654,46.344,0.949,-1,-1,-1
142,-1,1117.413,169.568,44.217,25.785,0.962,-1,-1,-1
142,-1,1080.847,162.916,31.621,30.978,0.554,-1,-1,-1
142,-1,894.438,133.345,70.618,58.840,0.655,-1,-1,-1
142,-1,892.465,132.599,73.137,62.644,0.511,-1,-1,-1
143,-1,970.273,312.225,136.822,105.851,0.997,-1,-1,-1
143,-1,1028.774,153.122,56.481,41.355,0.932,-1,-1,-1
143,-1,1116.619,169.860,45.051,25.502,0.969,-1,-1,-1
143,-1,1080.887,163.434,31.832,30.002,0.388,-1,-1,-1
143,-1,893.357,132.628,71.128,62.979,0.620,-1,-1,-1
143,-1,891.587,131.869,74.379,65.152,0.567,-1,-1,-1
144,-1,971.088,302.942,134.440,105.160,0.998,-1,-1,-1
144,-1,1118.846,170.901,40.864,24.704,0.958,-1,-1,-1
144,-1,1030.081,152.305,54.484,41.858,0.920,-1,-1,-1
144,-1,1083.539,172.967,28.845,20.790,0.419,-1,-1,-1
144,-1,891.563,132.525,71.835,64.518,0.760,-1,-1,-1
144,-1,889.930,131.856,74.976,66.474,0.456,-1,-1,-1
145,-1,971.773,297.334,132.237,106.405,0.998,-1,-1,-1
145,-1,889.002,132.731,72.017,63.061,0.769,-1,-1,-1
145,-1,1116.329,169.506,45.177,25.943,0.967,-1,-1,-1
145,-1,1081.916,165.481,31.717,28.046,0.577,-1,-1,-1
145,-1,1028.897,149.337,54.302,43.591,0.887,-1,-1,-1
145,-1,889.357,132.545,73.761,66.439,0.426,-1,-1,-1
146,-1,1028.109,152.782,53.476,39.641,0.908,-1,-1,-1
146,-1,1117.196,169.284,43.372,25.648,0.960,-1,-1,-1
146,-1,1080.729,165.210,32.156,28.224,0.622,-1,-1,-1
146,-1,887.299,132.830,72.521,65.827,0.766,-1,-1,-1
146,-1,971.468,291.804,133.637,101.107,0.997,-1,-1,-1
146,-1,885.550,132.299,76.402,67.665,0.453,-1,-1,-1
147,-1,1026.898,149.458,54.364,43.686,0.890,-1,-1,-1
147,-1,1116.420,169.630,43.815,25.563,0.960,-1,-1,-1
147,-1,1080.265,169.769,30.699,23.712,0.552,-1,-1,-1
147,-1,884.254,133.400,74.118,64.718,0.844,-1,-1,-1
147,-1,974.604,286.728,129.184,101.409,0.997,-1,-1,-1
147,-1,882.720,132.146,77.649,68.791,0.357,-1,-1,-1
148,-1,1116.749,169.348,44.958,25.571,0.960,-1,-1,-1
148,-1,1080.309,168.296,31.711,25.191,0.531,-1,-1,-1
148,-1,1028.618,152.010,52.771,41.659,0.879,-1,-1,-1
148,-1,974.319,281.468,128.518,101.200,0.997,-1,-1,-1
148,-1,884.406,133.167,75.306,68.173,0.753,-1,-1,-1
148,-1,882.375,132.871,77.302,69.775,0.433,-1,-1,-1
149,-1,1116.566,170.201,45.057,25.121,0.948,-1,-1,-1
149,-1,1081.204,170.547,30.707,23.516,0.514,-1,-1,-1
149,-1,1030.621,151.836,51.625,41.867,0.861,-1,-1,-1
149,-1,978.622,277.159,122.285,98.849,0.998,-1,-1,-1
149,-1,881.207,135.230,77.741,67.063,0.698,-1,-1,-1
149,-1,881.358,135.378,78.235,69.395,0.502,-1,-1,-1
150,-1,974.795,274.675,126.749,95.420,0.998,-1,-1,-1
150,-1,1116.399,170.174,46.210,25.345,0.948,-1,-1,-1
150,-1,1081.080,168.488,32.824,25.509,0.498,-1,-1,-1
150,-1,1028.856,151.624,53.667,41.739,0.850,-1,-1,-1
150,-1,879.996,135.926,77.362,68.792,0.607,-1,-1,-1
150,-1,880.663,136.804,78.796,69.770,0.607,-1,-1,-1
151,-1,977.913,271.003,123.209,91.818,0.998,-1,-1,-1
151,-1,1115.791,169.687,46.006,25.724,0.955,-1,-1,-1
151,-1,1079.635,166.734,32.591,26.961,0.404,-1,-1,-1
151,-1,1028.448,152.530,53.929,40.712,0.867,-1,-1,-1
151,-1,877.993,138.405,79.516,69.222,0.542,-1,-1,-1
151,-1,878.657,136.226,81.277,73.589,0.704,-1,-1,-1
152,-1,876.878,136.607,77.005,75.464,0.669,-1,-1,-1
152,-1,1116.625,169.647,44.507,25.419,0.952,-1,-1,-1
152,-1,1027.607,153.929,54.119,39.332,0.881,-1,-1,-1
152,-1,1080.437,169.234,30.373,24.124,0.509,-1,-1,-1
152,-1,977.909,264.948,122.731,91.489,0.998,-1,-1,-1
152,-1,875.825,137.087,79.320,75.053,0.500,-1,-1,-1
153,-1,981.440,261.199,115.146,89.204,0.997,-1,-1,-1
153,-1,1116.858,169.329,44.226,25.510,0.948,-1,-1,-1
153,-1,1078.676,167.091,31.865,25.493,0.441,-1,-1,-1
153,-1,1028.914,154.908,52.255,37.891,0.841,-1,-1,-1
153,-1,873.512,139.126,81.080,71.729,0.685,-1,-1,-1
153,-1,872.643,137.521,80.473,75.660,0.477,-1,-1,-1
154,-1,980.028,256.932,115.607,90.015,0.998,-1,-1,-1
154,-1,1116.821,169.388,44.051,25.510,0.954,-1,-1,-1
154,-1,1027.116,155.327,55.049,37.586,0.775,-1,-1,-1
154,-1,871.772,140.359,81.745,73.428,0.678,-1,-1,-1
154,-1,1078.917,172.608,30.581,19.130,0.470,-1,-1,-1
154,-1,1027.812,154.969,54.741,38.135,0.242,-1,-1,-1
154,-1,872.185,139.374,82.005,76.028,0.556,-1,-1,-1
155,-1,1117.011,169.705,43.792,25.307,0.951,-1,-1,-1
155,-1,1076.626,168.878,34.156,24.720,0.572,-1,-1,-1
155,-1,1028.529,159.067,52.363,33.832,0.797,-1,-1,-1
155,-1,875.129,140.902,78.692,77.103,0.610,-1,-1,-1
155,-1,979.367,252.242,118.411,87.849,0.998,-1,-1,-1
155,-1,873.567,140.665,81.087,77.962,0.588,-1,-1,-1
156,-1,1116.421,169.498,45.073,25.729,0.954,-1,-1,-1
156,-1,1029.523,159.014,52.952,33.933,0.761,-1,-1,-1
156,-1,872.484,142.703,81.390,76.545,0.655,-1,-1,-1
156,-1,1079.041,173.047,31.827,19.170,0.361,-1,-1,-1
156,-1,986.076,249.822,110.759,85.266,0.999,-1,-1,-1
156,-1,1028.986,157.581,54.549,35.684,0.203,-1,-1,-1
156,-1,873.326,142.580,81.526,78.071,0.496,-1,-1,-1
157,-1,985.938,246.423,111.125,87.922,0.998,-1,-1,-1
157,-1,731.540,1007.534,403.946,66.792,0.988,-1,-1,-1
157,-1,1115.804,170.208,44.926,25.494,0.951,-1,-1,-1
157,-1,1077.024,168.885,33.862,24.904,0.414,-1,-1,-1
157,-1,1030.280,160.658,51.134,32.914,0.825,-1,-1,-1
157,-1,946.661,159.246,17.436,32.362,0.327,-1,-1,-1
157,-1,871.118,146.863,81.444,76.541,0.863,-1,-1,-1
157,-1,869.935,146.540,83.875,77.309,0.286,-1,-1,-1
158,-1,985.827,241.000,109.610,84.351,0.998,-1,-1,-1
158,-1,719.771,947.595,447.679,125.836,0.979,-1,-1,-1
158,-1,1115.333,169.578,45.416,25.734,0.944,-1,-1,-1
158,-1,1030.584,158.502,48.914,34.377,0.763,-1,-1,-1
158,-1,1078.118,174.888,31.671,17.129,0.340,-1,-1,-1
158,-1,868.999,147.104,83.474,78.451,0.812,-1,-1,-1
158,-1,1028.378,159.314,52.479,33.551,0.208,-1,-1,-1
158,-1,867.832,146.933,85.837,81.146,0.350,-1,-1,-1
159,-1,1115.417,169.597,45.234,25.300,0.945,-1,-1,-1
159,-1,943.090,162.351,18.314,28.629,0.222,-1,-1,-1
159,-1,867.045,149.048,83.391,79.219,0.827,-1,-1,-1
159,-1,1028.981,160.812,52.847,33.025,0.802,-1,-1,-1
159,-1,1076.743,174.797,31.590,16.944,0.475,-1,-1,-1
159,-1,988.834,237.252,104.616,85.010,0.998,-1,-1,-1
159,-1,733.947,892.907,422.102,179.247,0.995,-1,-1,-1
159,-1,865.774,147.483,84.744,81.816,0.342,-1,-1,-1
160,-1,1115.017,169.655,45.126,25.122,0.953,-1,-1,-1
160,-1,1075.974,175.861,31.105,15.822,0.620,-1,-1,-1
160,-1,1026.972,160.876,51.360,31.861,0.727,-1,-1,-1
160,-1,986.221,235.387,108.118,82.556,0.998,-1,-1,-1
160,-1,864.836,151.234,82.829,79.952,0.901,-1,-1,-1
160,-1,756.949,849.565,395.037,225.886,0.986,-1,-1,-1
160,-1,1027.349,160.356,52.127,32.656,0.274,-1,-1,-1
160,-1,862.009,150.141,87.580,82.453,0.223,-1,-1,-1
161,-1,1117.001,169.517,43.810,25.353,0.952,-1,-1,-1
161,-1,1027.663,162.733,50.353,29.930,0.796,-1,-1,-1
161,-1,863.077,153.195,85.828,81.944,0.818,-1,-1,-1
161,-1,1076.708,176.127,31.195,15.645,0.701,-1,-1,-1
161,-1,847.767,174.396,16.075,18.361,0.225,-1,-1,-1
161,-1,991.147,231.108,103.079,82.247,0.998,-1,-1,-1
161,-1,759.669,808.143,393.758,268.500,0.994,-1,-1,-1
161,-1,860.650,152.166,88.573,82.425,0.287,-1,-1,-1
162,-1,991.649,229.105,102.260,80.777,0.998,-1,-1,-1
162,-1,773.717,767.373,376.176,300.971,0.993,-1,-1,-1
162,-1,1075.392,175.514,34.498,18.071,0.675,-1,-1,-1
162,-1,1117.016,169.773,44.236,25.345,0.958,-1,-1,-1
162,-1,1029.248,163.932,48.062,29.383,0.839,-1,-1,-1
162,-1,861.371,154.715,86.309,82.381,0.791,-1,-1,-1
162,-1,846.786,176.682,15.532,16.371,0.299,-1,-1,-1
162,-1,858.729,152.949,89.633,85.861,0.382,-1,-1,-1
163,-1,993.867,227.117,100.766,78.607,0.998,-1,-1,-1
163,-1,1075.891,177.481,33.726,16.522,0.830,-1,-1,-1
163,-1,1119.106,170.103,42.970,25.467,0.954,-1,-1,-1
163,-1,845.854,177.102,15.385,17.362,0.301,-1,-1,-1
163,-1,1029.783,167.084,46.941,27.120,0.797,-1,-1,-1
163,-1,795.361,738.288,350.957,288.053,0.994,-1,-1,-1
163,-1,859.045,155.424,89.616,83.286,0.798,-1,-1,-1
163,-1,856.558,154.120,92.320,86.882,0.349,-1,-1,-1
164,-1,995.428,223.576,98.065,76.155,0.999,-1,-1,-1
164,-1,806.636,700.431,341.709,268.277,0.994,-1,-1,-1
164,-1,1034.620,168.106,43.123,25.380,0.912,-1,-1,-1
164,-1,1119.631,169.394,40.867,26.323,0.960,-1,-1,-1
164,-1,1077.406,177.970,32.056,15.891,0.837,-1,-1,-1
164,-1,844.751,177.673,15.371,16.806,0.465,-1,-1,-1
164,-1,939.873,175.922,17.271,16.940,0.211,-1,-1,-1
164,-1,856.141,156.428,90.036,86.045,0.722,-1,-1,-1
164,-1,854.873,155.004,90.550,89.378,0.423,-1,-1,-1
165,-1,994.931,219.336,96.431,77.798,0.998,-1,-1,-1
165,-1,816.451,668.665,326.487,260.232,0.997,-1,-1,-1
165,-1,1032.339,168.494,41.848,24.871,0.898,-1,-1,-1
165,-1,1076.272,177.311,32.653,16.121,0.849,-1,-1,-1
165,-1,1119.030,169.318,40.396,25.870,0.963,-1,-1,-1
165,-1,839.603,178.235,16.426,17.897,0.308,-1,-1,-1
165,-1,853.050,158.248,91.289,87.398,0.819,-1,-1,-1
165,-1,852.969,158.020,92.932,90.380,0.386,-1,-1,-1
166,-1,1033.196,169.719,43.662,23.444,0.925,-1,-1,-1
166,-1,1075.376,176.431,33.233,16.691,0.866,-1,-1,-1
166,-1,835.983,179.042,17.813,16.584,0.353,-1,-1,-1
166,-1,1118.353,169.628,42.070,25.198,0.963,-1,-1,-1
166,-1,995.765,215.855,94.515,76.225,0.999,-1,-1,-1
166,-1,827.135,644.235,308.942,242.386,0.995,-1,-1,-1
166,-1,850.160,159.001,93.627,89.193,0.691,-1,-1,-1
166,-1,850.731,158.166,92.830,90.872,0.473,-1,-1,-1
167,-1,1033.614,171.220,41.457,22.241,0.942,-1,-1,-1
167,-1,1075.949,178.212,32.010,15.377,0.832,-1,-1,-1
167,-1,835.087,180.813,16.964,17.934,0.505,-1,-1,-1
167,-1,1116.890,169.290,41.435,25.820,0.963,-1,-1,-1
167,-1,849.687,162.166,93.283,89.109,0.866,-1,-1,-1
167,-1,996.897,213.230,92.198,75.356,0.999,-1,-1,-1
167,-1,837.097,618.584,300.539,232.413,0.997,-1,-1,-1
167,-1,848.186,161.781,96.078,89.606,0.326,-1,-1,-1
168,-1,1034.580,172.887,41.231,21.279,0.950,-1,-1,-1
168,-1,1118.305,171.095,40.880,24.314,0.959,-1,-1,-1
168,-1,1076.664,178.856,31.505,15.041,0.862,-1,-1,-1
168,-1,931.724,177.849,18.963,19.453,0.291,-1,-1,-1
168,-1,834.578,185.987,15.641,15.655,0.513,-1,-1,-1
168,-1,999.152,208.996,91.837,76.734,0.998,-1,-1,-1
168,-1,847.144,164.451,95.319,91.105,0.784,-1,-1,-1
168,-1,847.118,595.136,283.701,224.942,0.995,-1,-1,-1
168,-1,845.299,164.162,97.405,92.008,0.466,-1,-1,-1
169,-1,1036.313,173.740,39.100,20.790,0.967,-1,-1,-1
169,-1,1077.933,178.352,31.138,15.465,0.854,-1,-1,-1
169,-1,853.583,575.630,280.723,219.288,0.991,-1,-1,-1
169,-1,1117.127,169.872,44.313,25.748,0.968,-1,-1,-1
169,-1,931.495,180.733,19.116,20.467,0.314,-1,-1,-1
169,-1,833.644,189.587,15.522,15.607,0.546,-1,-1,-1
169,-1,1001.327,208.672,89.848,73.059,0.998,-1,-1,-1
169,-1,842.452,167.302,100.176,93.664,0.703,-1,-1,-1
169,-1,843.988,165.323,97.755,95.930,0.503,-1,-1,-1
170,-1,999.916,207.195,90.620,71.805,0.999,-1,-1,-1
170,-1,1036.778,174.716,38.566,20.126,0.961,-1,-1,-1
170,-1,1078.545,179.119,29.672,15.055,0.867,-1,-1,-1
170,-1,1118.885,169.940,42.978,25.732,0.960,-1,-1,-1
170,-1,831.790,178.337,22.281,29.256,0.297,-1,-1,-1
170,-1,929.267,181.499,18.266,22.561,0.320,-1,-1,-1
170,-1,838.916,171.356,104.670,90.546,0.870,-1,-1,-1
170,-1,867.904,555.972,260.637,206.755,0.990,-1,-1,-1
170,-1,841.845,170.774,100.736,93.025,0.308,-1,-1,-1
171,-1,827.973,194.108,14.580,16.489,0.752,-1,-1,-1
171,-1,1077.866,179.136,30.279,14.826,0.873,-1,-1,-1
171,-1,1116.473,169.898,44.882,25.756,0.970,-1,-1,-1
171,-1,807.008,185.663,12.548,12.401,0.318,-1,-1,-1
171,-1,1036.409,175.571,38.851,19.648,0.964,-1,-1,-1
171,-1,1003.136,204.050,87.608,71.268,0.999,-1,-1,-1
171,-1,926.539,182.387,19.278,23.528,0.305,-1,-1,-1
171,-1,871.989,535.033,260.500,198.557,0.995,-1,-1,-1
171,-1,837.781,174.259,101.078,89.959,0.844,-1,-1,-1
171,-1,835.040,174.484,106.830,92.322,0.313,-1,-1,-1
172,-1,1036.870,175.628,37.181,19.982,0.952,-1,-1,-1
172,-1,1078.004,178.977,29.762,14.172,0.888,-1,-1,-1
172,-1,831.192,175.714,109.393,91.385,0.875,-1,-1,-1
172,-1,1117.062,169.555,43.865,25.239,0.969,-1,-1,-1
172,-1,824.582,196.103,14.813,16.818,0.413,-1,-1,-1
172,-1,924.468,189.345,19.312,20.154,0.258,-1,-1,-1
172,-1,1000.394,200.808,88.365,71.089,0.999,-1,-1,-1
172,-1,875.050,519.656,250.286,191.169,0.996,-1,-1,-1
172,-1,830.949,173.869,110.780,95.247,0.229,-1,-1,-1
173,-1,883.691,503.503,243.894,186.322,0.996,-1,-1,-1
173,-1,1000.772,200.092,87.972,70.250,0.999,-1,-1,-1
173,-1,1036.033,176.859,36.058,17.744,0.967,-1,-1,-1
173,-1,1078.274,178.312,29.506,14.943,0.859,-1,-1,-1
173,-1,1117.616,169.711,42.480,25.469,0.972,-1,-1,-1
173,-1,821.390,198.946,14.461,17.822,0.600,-1,-1,-1
173,-1,920.432,190.373,22.340,20.222,0.587,-1,-1,-1
173,-1,829.422,176.774,108.025,97.020,0.777,-1,-1,-1
173,-1,827.879,176.533,110.259,97.022,0.381,-1,-1,-1
174,-1,1002.009,196.056,87.236,70.051,0.999,-1,-1,-1
174,-1,1037.815,177.058,36.036,17.993,0.970,-1,-1,-1
174,-1,1118.036,170.299,41.345,24.538,0.969,-1,-1,-1
174,-1,818.330,200.178,16.066,19.068,0.388,-1,-1,-1
174,-1,922.922,194.625,17.891,21.179,0.804,-1,-1,-1
174,-1,1078.104,178.238,30.639,15.202,0.864,-1,-1,-1
174,-1,1072.673,179.544,25.667,13.236,0.293,-1,-1,-1
174,-1,823.934,179.939,111.978,94.876,0.889,-1,-1,-1
174,-1,891.654,490.257,230.542,173.861,0.997,-1,-1,-1
174,-1,825.051,176.954,110.281,101.420,0.257,-1,-1,-1
175,-1,1002.779,195.266,86.547,68.495,0.999,-1,-1,-1
175,-1,1038.955,178.090,36.261,18.427,0.930,-1,-1,-1
175,-1,1118.820,170.014,40.459,24.892,0.968,-1,-1,-1
175,-1,815.338,194.630,23.612,27.849,0.678,-1,-1,-1
175,-1,924.915,199.354,16.186,18.899,0.807,-1,-1,-1
175,-1,1081.527,179.007,27.927,15.105,0.775,-1,-1,-1
175,-1,1037.780,179.251,48.364,36.137,0.765,-1,-1,-1
175,-1,816.233,203.665,17.132,18.914,0.575,-1,-1,-1
175,-1,1071.187,179.613,23.104,13.257,0.266,-1,-1,-1
175,-1,828.839,181.925,106.114,101.163,0.889,-1,-1,-1
175,-1,899.960,472.144,223.242,174.442,0.995,-1,-1,-1
175,-1,826.197,180.579,111.782,102.491,0.319,-1,-1,-1
176,-1,1004.982,194.972,84.568,66.745,0.999,-1,-1,-1
176,-1,1119.084,170.671,42.001,24.677,0.961,-1,-1,-1
176,-1,812.823,196.461,28.068,29.056,0.729,-1,-1,-1
176,-1,1040.317,180.709,36.915,15.492,0.879,-1,-1,-1
176,-1,814.044,205.494,18.953,19.285,0.335,-1,-1,-1
176,-1,1040.050,181.299,50.261,33.661,0.869,-1,-1,-1
176,-1,1078.544,178.779,30.587,15.517,0.713,-1,-1,-1
176,-1,924.865,204.105,17.358,17.942,0.355,-1,-1,-1
176,-1,1068.756,180.057,27.018,13.142,0.288,-1,-1,-1
176,-1,1044.281,176.920,61.091,18.029,0.352,-1,-1,-1
176,-1,825.561,183.580,109.122,101.081,0.905,-1,-1,-1
176,-1,904.393,458.255,220.403,170.749,0.991,-1,-1,-1
176,-1,821.898,182.331,115.522,105.161,0.374,-1,-1,-1
177,-1,1008.256,189.392,82.565,68.157,0.996,-1,-1,-1
177,-1,1042.782,183.601,44.393,29.209,0.814,-1,-1,-1
177,-1,1115.199,170.075,46.997,25.500,0.966,-1,-1,-1
177,-1,917.452,200.019,22.695,24.570,0.773,-1,-1,-1
177,-1,1079.711,180.118,27.843,14.211,0.698,-1,-1,-1
177,-1,1041.180,181.899,36.619,13.298,0.676,-1,-1,-1
177,-1,811.035,197.569,27.558,31.590,0.218,-1,-1,-1
177,-1,1064.053,182.380,33.171,12.807,0.201,-1,-1,-1
177,-1,1047.035,179.844,52.292,16.612,0.398,-1,-1,-1
177,-1,818.127,189.125,116.471,98.965,0.917,-1,-1,-1
177,-1,913.226,447.425,211.481,163.346,0.997,-1,-1,-1
177,-1,816.957,187.481,119.292,102.807,0.230,-1,-1,-1
178,-1,1117.727,170.238,45.085,25.279,0.967,-1,-1,-1
178,-1,1067.525,185.265,26.523,25.985,0.264,-1,-1,-1
178,-1,1042.165,185.568,42.592,25.308,0.319,-1,-1,-1
178,-1,912.755,200.251,24.895,28.453,0.695,-1,-1,-1
178,-1,1081.221,181.582,27.280,12.485,0.790,-1,-1,-1
178,-1,921.594,210.286,16.048,18.529,0.242,-1,-1,-1
178,-1,1077.290,193.473,16.774,18.753,0.258,-1,-1,-1
178,-1,814.091,192.237,116.399,100.747,0.851,-1,-1,-1
178,-1,1003.851,197.706,14.304,11.534,0.422,-1,-1,-1
178,-1,1018.702,186.425,58.415,21.451,0.223,-1,-1,-1
178,-1,1074.802,181.223,20.513,11.719,0.291,-1,-1,-1
178,-1,1006.330,188.100,82.229,67.109,0.996,-1,-1,-1
178,-1,913.891,430.643,211.588,159.847,0.996,-1,-1,-1
178,-1,813.809,188.596,117.543,110.841,0.330,-1,-1,-1
179,-1,1117.979,170.619,41.272,24.178,0.962,-1,-1,-1
179,-1,1074.598,179.887,29.180,14.921,0.439,-1,-1,-1
179,-1,1072.052,184.915,23.568,24.982,0.372,-1,-1,-1
179,-1,909.087,203.216,25.814,28.062,0.502,-1,-1,-1
179,-1,915.951,211.193,19.791,21.468,0.271,-1,-1,-1
179,-1,1084.373,180.408,24.247,12.406,0.749,-1,-1,-1
179,-1,1007.305,186.162,81.233,64.693,0.989,-1,-1,-1
179,-1,812.693,195.515,115.211,104.037,0.815,-1,-1,-1
179,-1,917.385,423.248,208.853,154.198,0.990,-1,-1,-1
179,-1,812.908,192.846,119.196,105.539,0.421,-1,-1,-1
180,-1,1116.916,170.012,44.170,24.939,0.965,-1,-1,-1
180,-1,808.579,199.383,116.599,103.412,0.900,-1,-1,-1
180,-1,1075.822,182.770,22.515,21.297,0.292,-1,-1,-1
180,-1,1007.707,183.107,79.150,65.966,0.986,-1,-1,-1
180,-1,1083.086,180.293,25.175,12.652,0.777,-1,-1,-1
180,-1,1073.945,180.871,21.627,12.917,0.277,-1,-1,-1
180,-1,1002.444,193.434,15.754,11.517,0.479,-1,-1,-1
180,-1,922.137,413.691,202.248,146.054,0.995,-1,-1,-1
180,-1,807.890,195.543,123.358,109.151,0.344,-1,-1,-1
181,-1,1009.571,184.622,77.749,62.057,0.993,-1,-1,-1
181,-1,1117.904,169.681,41.813,25.115,0.965,-1,-1,-1
181,-1,925.910,184.639,34.975,11.413,0.286,-1,-1,-1
181,-1,1077.322,182.197,21.722,20.883,0.317,-1,-1,-1
181,-1,1080.102,180.298,27.390,13.570,0.758,-1,-1,-1
181,-1,1003.126,192.687,14.726,10.515,0.381,-1,-1,-1
181,-1,804.304,200.991,119.895,106.605,0.817,-1,-1,-1
181,-1,924.762,402.077,196.047,147.032,0.993,-1,-1,-1
181,-1,803.532,199.686,125.153,109.096,0.384,-1,-1,-1
182,-1,1119.032,169.381,42.468,25.408,0.964,-1,-1,-1
182,-1,1077.655,179.269,29.077,18.114,0.568,-1,-1,-1
182,-1,925.116,184.504,36.391,11.980,0.296,-1,-1,-1
182,-1,793.641,230.854,14.759,17.292,0.256,-1,-1,-1
182,-1,906.874,215.870,23.535,26.602,0.295,-1,-1,-1
182,-1,1012.528,180.573,75.066,63.325,0.997,-1,-1,-1
182,-1,806.389,201.728,116.239,109.070,0.944,-1,-1,-1
182,-1,931.390,393.240,188.314,139.911,0.993,-1,-1,-1
182,-1,805.798,195.896,120.073,118.423,0.218,-1,-1,-1
183,-1,937.334,387.029,184.658,134.823,0.995,-1,-1,-1
183,-1,1116.514,170.366,46.331,25.501,0.964,-1,-1,-1
183,-1,799.755,204.773,123.796,114.792,0.893,-1,-1,-1
183,-1,1079.583,180.319,28.205,16.641,0.772,-1,-1,-1
183,-1,901.146,217.720,28.468,30.183,0.211,-1,-1,-1
183,-1,1012.849,178.972,73.657,62.366,0.997,-1,-1,-1
183,-1,925.251,183.432,35.866,12.601,0.451,-1,-1,-1
183,-1,800.327,201.819,123.816,119.688,0.316,-1,-1,-1
184,-1,941.826,375.756,180.461,134.210,0.993,-1,-1,-1
184,-1,922.529,182.747,41.601,13.949,0.823,-1,-1,-1
184,-1,1118.412,169.797,42.682,25.307,0.966,-1,-1,-1
184,-1,1079.652,178.384,28.515,17.989,0.673,-1,-1,-1
184,-1,1013.192,177.593,73.671,60.732,0.996,-1,-1,-1
184,-1,794.925,207.697,126.843,120.156,0.745,-1,-1,-1
184,-1,791.869,210.245,132.339,115.649,0.433,-1,-1,-1
185,-1,920.836,180.966,41.606,14.526,0.750,-1,-1,-1
185,-1,1119.245,169.578,40.523,25.089,0.967,-1,-1,-1
185,-1,1080.205,178.545,27.701,16.693,0.844,-1,-1,-1
185,-1,792.762,213.783,127.118,119.295,0.855,-1,-1,-1
185,-1,1012.546,175.114,73.136,62.325,0.996,-1,-1,-1
185,-1,946.349,368.911,173.069,126.944,0.993,-1,-1,-1
185,-1,791.276,212.262,128.111,117.368,0.500,-1,-1,-1
186,-1,1011.556,174.726,74.765,58.217,0.995,-1,-1,-1
186,-1,919.145,180.849,42.576,14.435,0.808,-1,-1,-1
186,-1,1116.107,170.004,44.798,25.088,0.964,-1,-1,-1
186,-1,783.517,216.613,135.100,115.916,0.796,-1,-1,-1
186,-1,1079.370,177.236,29.906,16.182,0.846,-1,-1,-1
186,-1,951.748,359.667,166.151,126.354,0.995,-1,-1,-1
186,-1,785.555,214.326,132.475,120.798,0.443,-1,-1,-1
187,-1,1012.438,174.108,73.060,56.061,0.996,-1,-1,-1
187,-1,916.897,179.074,46.125,14.506,0.885,-1,-1,-1
187,-1,1078.145,177.299,29.595,16.633,0.846,-1,-1,-1
187,-1,1115.342,169.827,45.486,24.988,0.962,-1,-1,-1
187,-1,778.199,221.386,139.358,117.005,0.886,-1,-1,-1
187,-1,951.687,349.269,166.182,126.476,0.995,-1,-1,-1
187,-1,781.209,222.600,138.718,118.916,0.270,-1,-1,-1
188,-1,1014.512,172.345,72.225,56.373,0.996,-1,-1,-1
188,-1,915.808,177.512,46.604,15.824,0.913,-1,-1,-1
188,-1,1078.225,176.861,29.828,17.335,0.689,-1,-1,-1
188,-1,1114.634,169.988,46.433,25.126,0.965,-1,-1,-1
188,-1,893.856,238.961,24.636,30.349,0.434,-1,-1,-1
188,-1,956.308,344.396,161.960,120.862,0.997,-1,-1,-1
188,-1,776.278,225.329,136.596,122.987,0.844,-1,-1,-1
188,-1,777.507,226.579,134.582,122.295,0.326,-1,-1,-1
189,-1,1015.346,171.423,73.286,55.680,0.992,-1,-1,-1
189,-1,1117.243,170.109,45.806,25.429,0.959,-1,-1,-1
189,-1,1081.740,177.897,28.643,17.230,0.700,-1,-1,-1
189,-1,916.148,177.479,49.411,17.586,0.934,-1,-1,-1
189,-1,888.646,240.476,19.859,30.598,0.240,-1,-1,-1
189,-1,955.852,336.845,162.661,120.494,0.997,-1,-1,-1
189,-1,773.670,230.697,136.403,124.031,0.861,-1,-1,-1
189,-1,773.846,226.542,138.809,130.755,0.319,-1,-1,-1
190,-1,1117.908,170.462,43.183,24.743,0.959,-1,-1,-1
190,-1,1016.672,170.413,71.379,54.773,0.990,-1,-1,-1
190,-1,895.854,258.316,19.908,22.356,0.310,-1,-1,-1
190,-1,1084.402,178.463,26.940,16.070,0.755,-1,-1,-1
190,-1,917.031,175.929,47.028,20.320,0.958,-1,-1,-1
190,-1,887.768,245.616,17.004,28.529,0.414,-1,-1,-1
190,-1,769.788,234.002,139.261,123.357,0.886,-1,-1,-1
190,-1,963.771,328.427,153.286,116.261,0.995,-1,-1,-1
190,-1,770.538,230.346,138.549,130.308,0.370,-1,-1,-1
191,-1,1016.358,167.787,71.407,54.295,0.989,-1,-1,-1
191,-1,1118.552,169.870,42.824,25.408,0.962,-1,-1,-1
191,-1,1082.255,177.561,28.772,17.201,0.785,-1,-1,-1
191,-1,915.870,174.850,46.477,21.843,0.958,-1,-1,-1
191,-1,961.754,324.525,156.940,112.774,0.997,-1,-1,-1
191,-1,764.693,240.077,143.981,124.976,0.924,-1,-1,-1
191,-1,765.804,238.988,136.737,129.318,0.319,-1,-1,-1
192,-1,1016.424,165.946,69.936,53.948,0.975,-1,-1,-1
192,-1,914.343,172.977,47.924,23.415,0.945,-1,-1,-1
192,-1,1114.885,169.717,46.495,25.465,0.964,-1,-1,-1
192,-1,1084.289,176.536,26.866,16.792,0.769,-1,-1,-1
192,-1,964.922,316.099,152.075,108.727,0.997,-1,-1,-1
192,-1,751.875,242.124,155.906,132.053,0.792,-1,-1,-1
192,-1,760.929,244.260,145.707,131.245,0.560,-1,-1,-1
193,-1,1114.834,169.896,46.004,25.097,0.962,-1,-1,-1
193,-1,1016.292,162.120,70.180,55.749,0.981,-1,-1,-1
193,-1,1082.011,176.102,26.690,16.070,0.894,-1,-1,-1
193,-1,911.230,170.490,48.233,25.311,0.956,-1,-1,-1
193,-1,752.962,251.678,151.939,124.560,0.675,-1,-1,-1
193,-1,967.703,308.675,146.070,109.602,0.996,-1,-1,-1
193,-1,753.813,249.134,150.701,130.018,0.677,-1,-1,-1
194,-1,972.066,304.050,139.866,105.193,0.997,-1,-1,-1
194,-1,1114.798,169.858,45.656,25.082,0.961,-1,-1,-1
194,-1,1081.949,176.393,27.102,16.212,0.845,-1,-1,-1
194,-1,1015.756,161.404,69.728,53.932,0.962,-1,-1,-1
194,-1,911.377,169.559,47.988,25.748,0.963,-1,-1,-1
194,-1,874.264,263.787,19.349,35.464,0.238,-1,-1,-1
194,-1,747.599,252.681,152.054,134.651,0.885,-1,-1,-1
194,-1,749.214,251.155,151.739,136.781,0.398,-1,-1,-1
195,-1,1115.934,169.925,45.883,25.192,0.966,-1,-1,-1
195,-1,872.629,269.678,22.150,35.389,0.352,-1,-1,-1
195,-1,1083.302,174.908,27.859,19.112,0.535,-1,-1,-1
195,-1,911.598,168.662,48.236,26.386,0.966,-1,-1,-1
195,-1,740.277,258.378,156.432,139.682,0.883,-1,-1,-1
195,-1,974.245,297.087,140.207,105.150,0.997,-1,-1,-1
195,-1,1017.423,161.252,67.073,53.050,0.952,-1,-1,-1
195,-1,744.617,247.948,148.905,149.938,0.348,-1,-1,-1
196,-1,735.081,262.759,161.806,141.315,0.910,-1,-1,-1
196,-1,1118.620,170.056,42.572,25.435,0.961,-1,-1,-1
196,-1,1017.755,158.684,69.319,52.587,0.943,-1,-1,-1
196,-1,1083.612,177.396,27.356,17.078,0.536,-1,-1,-1
196,-1,910.458,168.056,48.628,26.870,0.939,-1,-1,-1
196,-1,868.643,275.854,23.410,37.791,0.226,-1,-1,-1
196,-1,974.219,291.462,139.333,102.821,0.996,-1,-1,-1
197,-1,908.342,166.212,48.744,29.862,0.965,-1,-1,-1
197,-1,1115.275,170.282,47.466,25.201,0.967,-1,-1,-1
197,-1,730.600,267.243,160.864,144.036,0.821,-1,-1,-1
197,-1,1084.318,176.229,27.176,18.171,0.488,-1,-1,-1
197,-1,866.002,280.795,21.763,38.194,0.253,-1,-1,-1
197,-1,977.971,287.994,135.381,98.029,0.992,-1,-1,-1
197,-1,1018.262,158.448,67.821,52.157,0.924,-1,-1,-1
197,-1,731.346,268.004,160.159,140.505,0.324,-1,-1,-1
198,-1,1017.565,158.540,69.166,49.624,0.934,-1,-1,-1
198,-1,1116.870,169.653,44.223,25.857,0.960,-1,-1,-1
198,-1,906.913,164.407,49.430,31.538,0.967,-1,-1,-1
198,-1,1083.187,174.270,27.891,19.904,0.430,-1,-1,-1
198,-1,722.714,271.380,168.216,151.130,0.685,-1,-1,-1
198,-1,977.627,281.008,133.921,98.979,0.993,-1,-1,-1
198,-1,722.440,272.543,167.066,149.994,0.597,-1,-1,-1
199,-1,1017.441,157.149,67.564,48.661,0.947,-1,-1,-1
199,-1,906.007,161.954,48.343,33.519,0.969,-1,-1,-1
199,-1,1114.967,169.639,47.081,25.729,0.959,-1,-1,-1
199,-1,1080.042,166.184,31.214,27.156,0.414,-1,-1,-1
199,-1,978.200,276.114,130.182,96.936,0.995,-1,-1,-1
199,-1,711.808,278.601,173.785,148.693,0.632,-1,-1,-1
199,-1,714.400,279.685,168.456,147.220,0.628,-1,-1,-1
200,-1,978.372,273.044,129.334,93.459,0.992,-1,-1,-1
200,-1,1116.192,169.164,44.293,25.739,0.954,-1,-1,-1
200,-1,905.189,159.809,49.445,33.539,0.977,-1,-1,-1
200,-1,1083.138,172.532,26.455,20.051,0.386,-1,-1,-1
200,-1,1017.209,153.915,67.294,49.967,0.962,-1,-1,-1
200,-1,707.799,283.775,176.822,154.934,0.824,-1,-1,-1
200,-1,701.283,286.933,177.972,152.884,0.279,-1,-1,-1
201,-1,1017.441,153.484,67.379,49.314,0.970,-1,-1,-1
201,-1,903.293,158.464,50.734,35.576,0.963,-1,-1,-1
201,-1,1080.812,167.570,29.658,26.550,0.280,-1,-1,-1
201,-1,1115.316,169.350,44.681,26.106,0.954,-1,-1,-1
201,-1,978.531,268.017,128.021,92.448,0.994,-1,-1,-1
201,-1,698.948,288.688,183.969,160.539,0.909,-1,-1,-1
201,-1,694.536,294.993,184.627,151.798,0.248,-1,-1,-1
202,-1,1019.416,153.296,65.067,48.260,0.960,-1,-1,-1
202,-1,903.383,157.239,50.501,37.092,0.975,-1,-1,-1
202,-1,1114.811,169.864,48.015,25.515,0.956,-1,-1,-1
202,-1,1081.339,164.532,32.663,30.130,0.398,-1,-1,-1
202,-1,980.379,265.304,125.803,88.412,0.992,-1,-1,-1
202,-1,692.171,299.026,186.076,158.858,0.799,-1,-1,-1
202,-1,688.694,295.771,192.325,165.761,0.359,-1,-1,-1
203,-1,1019.710,153.044,65.403,47.791,0.960,-1,-1,-1
203,-1,1114.348,170.124,48.287,25.478,0.956,-1,-1,-1
203,-1,899.964,158.144,54.287,36.446,0.968,-1,-1,-1
203,-1,1082.014,164.635,31.894,30.522,0.246,-1,-1,-1
203,-1,982.618,259.105,121.751,89.867,0.994,-1,-1,-1
203,-1,682.055,303.829,190.729,170.651,0.852,-1,-1,-1
203,-1,684.748,301.242,186.246,173.326,0.230,-1,-1,-1
204,-1,902.172,156.158,50.877,38.388,0.979,-1,-1,-1
204,-1,1115.079,170.335,48.099,25.397,0.939,-1,-1,-1
204,-1,1084.080,173.714,28.362,21.371,0.247,-1,-1,-1
204,-1,1019.202,150.436,66.322,48.110,0.947,-1,-1,-1
204,-1,987.522,252.286,115.402,91.439,0.994,-1,-1,-1
204,-1,678.701,310.454,190.559,171.426,0.668,-1,-1,-1
204,-1,677.615,312.026,194.919,170.440,0.479,-1,-1,-1
205,-1,1020.361,150.329,63.558,47.090,0.973,-1,-1,-1
205,-1,899.485,155.102,51.744,39.237,0.987,-1,-1,-1
205,-1,1116.135,169.372,46.993,26.061,0.953,-1,-1,-1
205,-1,1082.245,165.631,31.756,28.831,0.233,-1,-1,-1
205,-1,987.237,249.702,116.409,87.560,0.991,-1,-1,-1
205,-1,668.699,316.248,196.827,182.825,0.724,-1,-1,-1
205,-1,665.137,316.569,201.254,181.033,0.432,-1,-1,-1
206,-1,1019.844,149.687,62.263,46.534,0.962,-1,-1,-1
206,-1,1117.146,169.181,42.105,25.868,0.953,-1,-1,-1
206,-1,897.660,154.904,54.088,39.008,0.984,-1,-1,-1
206,-1,1080.678,173.312,29.083,19.749,0.392,-1,-1,-1
206,-1,984.440,247.041,116.751,84.767,0.991,-1,-1,-1
206,-1,659.747,330.129,203.459,170.721,0.753,-1,-1,-1
206,-1,654.059,326.092,207.510,179.071,0.444,-1,-1,-1
207,-1,1019.043,150.082,62.379,45.388,0.915,-1,-1,-1
207,-1,894.236,153.180,55.674,39.677,0.979,-1,-1,-1
207,-1,1116.810,169.033,42.570,26.245,0.944,-1,-1,-1
207,-1,1079.269,172.627,30.398,20.445,0.310,-1,-1,-1
207,-1,644.091,336.127,215.740,187.876,0.804,-1,-1,-1
207,-1,982.800,242.574,114.848,83.533,0.992,-1,-1,-1
207,-1,642.648,336.113,214.918,185.434,0.470,-1,-1,-1
208,-1,1019.818,150.446,61.504,44.206,0.912,-1,-1,-1
208,-1,893.863,150.980,54.538,43.114,0.963,-1,-1,-1
208,-1,1115.077,169.322,46.550,25.628,0.941,-1,-1,-1
208,-1,1079.312,173.225,31.249,19.325,0.361,-1,-1,-1
208,-1,634.835,342.446,222.687,194.950,0.749,-1,-1,-1
208,-1,989.273,237.923,107.901,82.542,0.995,-1,-1,-1
208,-1,636.427,342.046,215.062,196.543,0.367,-1,-1,-1
209,-1,1021.245,151.598,60.604,42.825,0.841,-1,-1,-1
209,-1,893.515,150.744,55.014,44.204,0.956,-1,-1,-1
209,-1,1116.240,170.133,45.695,25.343,0.940,-1,-1,-1
209,-1,1079.694,170.401,32.774,24.050,0.377,-1,-1,-1
209,-1,622.554,351.397,228.258,200.334,0.808,-1,-1,-1
209,-1,988.256,235.785,109.643,81.439,0.993,-1,-1,-1
209,-1,1020.654,148.710,62.284,46.827,0.302,-1,-1,-1
209,-1,624.442,350.762,224.397,198.880,0.290,-1,-1,-1
210,-1,1114.121,170.000,48.567,25.672,0.931,-1,-1,-1
210,-1,892.445,150.174,56.793,45.288,0.934,-1,-1,-1
210,-1,1080.637,174.440,31.936,19.237,0.360,-1,-1,-1
210,-1,1021.769,150.260,61.787,43.953,0.863,-1,-1,-1
210,-1,990.719,232.439,107.070,80.008,0.991,-1,-1,-1
210,-1,609.442,359.824,236.884,213.517,0.774,-1,-1,-1
210,-1,1021.651,148.528,62.498,46.381,0.312,-1,-1,-1
210,-1,612.281,361.572,230.347,205.740,0.401,-1,-1,-1
211,-1,1114.544,170.140,48.188,25.511,0.937,-1,-1,-1
211,-1,595.809,375.628,245.849,208.952,0.877,-1,-1,-1
211,-1,891.247,149.849,56.345,45.191,0.930,-1,-1,-1
211,-1,1079.943,174.333,32.312,19.755,0.344,-1,-1,-1
211,-1,1021.358,150.795,61.284,43.269,0.887,-1,-1,-1
211,-1,990.035,228.287,107.693,79.023,0.993,-1,-1,-1
211,-1,1020.962,149.139,62.617,45.826,0.285,-1,-1,-1
211,-1,593.312,371.258,243.490,210.681,0.322,-1,-1,-1
212,-1,1021.702,151.028,59.429,41.615,0.779,-1,-1,-1
212,-1,1115.280,169.672,46.617,25.990,0.953,-1,-1,-1
212,-1,587.376,383.589,248.197,215.449,0.802,-1,-1,-1
212,-1,889.018,149.664,57.589,45.074,0.891,-1,-1,-1
212,-1,1078.709,176.521,31.735,17.668,0.546,-1,-1,-1
212,-1,1075.755,164.240,42.024,29.912,0.334,-1,-1,-1
212,-1,987.384,227.456,109.815,76.722,0.994,-1,-1,-1
212,-1,1021.158,148.795,60.724,45.161,0.292,-1,-1,-1
212,-1,581.869,381.861,248.577,218.476,0.494,-1,-1,-1
213,-1,993.148,221.651,100.847,73.850,0.997,-1,-1,-1
213,-1,1020.942,151.104,59.522,40.646,0.861,-1,-1,-1
213,-1,1114.670,169.641,46.414,25.245,0.953,-1,-1,-1
213,-1,573.288,390.638,248.405,226.329,0.734,-1,-1,-1
213,-1,1079.391,176.118,30.565,16.391,0.557,-1,-1,-1
213,-1,1075.419,166.206,42.333,26.652,0.258,-1,-1,-1
213,-1,887.512,148.579,57.009,45.906,0.897,-1,-1,-1
213,-1,1020.686,148.696,60.773,44.279,0.216,-1,-1,-1
213,-1,564.685,395.468,257.832,221.990,0.645,-1,-1,-1
214,-1,1020.689,151.700,58.741,40.505,0.899,-1,-1,-1
214,-1,1116.628,168.998,42.622,26.545,0.959,-1,-1,-1
214,-1,884.591,148.794,58.595,47.279,0.903,-1,-1,-1
214,-1,1079.335,177.941,29.148,15.219,0.580,-1,-1,-1
214,-1,990.664,218.321,103.294,76.047,0.996,-1,-1,-1
214,-1,554.984,411.322,257.699,230.392,0.794,-1,-1,-1
214,-1,882.534,147.922,64.172,48.805,0.204,-1,-1,-1
214,-1,555.656,397.360,258.443,243.941,0.588,-1,-1,-1
215,-1,1021.687,152.307,57.560,40.242,0.932,-1,-1,-1
215,-1,1115.988,169.373,45.044,25.834,0.958,-1,-1,-1
215,-1,883.031,149.045,62.203,47.591,0.883,-1,-1,-1
215,-1,1078.962,177.744,30.423,15.461,0.588,-1,-1,-1
215,-1,1076.184,165.019,41.366,28.310,0.250,-1,-1,-1
215,-1,993.208,214.965,99.855,74.760,0.995,-1,-1,-1
215,-1,533.825,420.932,272.103,248.307,0.777,-1,-1,-1
215,-1,881.937,147.698,63.791,49.372,0.240,-1,-1,-1
215,-1,540.163,417.960,269.359,239.347,0.622,-1,-1,-1
216,-1,1022.688,153.746,57.285,40.382,0.851,-1,-1,-1
216,-1,1117.988,169.669,42.573,25.641,0.947,-1,-1,-1
216,-1,882.715,149.331,60.708,48.205,0.875,-1,-1,-1
216,-1,996.385,212.853,96.106,72.785,0.996,-1,-1,-1
216,-1,1079.021,177.140,31.303,16.829,0.418,-1,-1,-1
216,-1,520.816,430.852,279.102,246.382,0.745,-1,-1,-1
216,-1,883.124,147.443,60.744,50.516,0.235,-1,-1,-1
216,-1,1022.758,151.276,57.748,41.322,0.203,-1,-1,-1
216,-1,512.578,431.409,291.098,249.788,0.606,-1,-1,-1
217,-1,1022.829,155.101,57.568,39.554,0.880,-1,-1,-1
217,-1,1116.222,170.383,46.279,25.043,0.957,-1,-1,-1
217,-1,1079.003,171.836,34.177,22.722,0.579,-1,-1,-1
217,-1,881.745,149.570,61.136,49.135,0.902,-1,-1,-1
217,-1,997.954,210.216,92.699,72.397,0.995,-1,-1,-1
217,-1,498.755,438.731,291.780,266.383,0.756,-1,-1,-1
217,-1,880.395,148.397,63.216,51.455,0.212,-1,-1,-1
217,-1,497.859,445.564,294.634,259.609,0.548,-1,-1,-1
218,-1,997.148,206.562,94.856,71.406,0.997,-1,-1,-1
218,-1,1024.327,154.565,56.257,39.798,0.882,-1,-1,-1
218,-1,1115.825,169.774,46.365,25.391,0.958,-1,-1,-1
218,-1,1079.380,171.987,33.309,21.990,0.551,-1,-1,-1
218,-1,879.939,149.403,62.252,49.480,0.898,-1,-1,-1
218,-1,477.594,462.581,302.205,272.999,0.752,-1,-1,-1
218,-1,877.828,148.231,65.052,51.671,0.241,-1,-1,-1
218,-1,477.517,455.464,307.237,283.638,0.672,-1,-1,-1
219,-1,997.312,203.317,94.552,70.109,0.996,-1,-1,-1
219,-1,1024.074,156.113,54.663,38.350,0.920,-1,-1,-1
219,-1,1118.279,170.141,41.419,25.270,0.961,-1,-1,-1
219,-1,1078.939,176.116,31.504,17.681,0.602,-1,-1,-1
219,-1,876.887,149.149,63.286,50.945,0.943,-1,-1,-1
219,-1,458.028,475.767,311.846,283.069,0.750,-1,-1,-1
219,-1,453.933,470.736,318.501,296.450,0.616,-1,-1,-1
220,-1,1023.284,156.446,54.243,38.170,0.889,-1,-1,-1
220,-1,874.158,150.298,64.011,50.026,0.960,-1,-1,-1
220,-1,1078.389,177.098,31.323,16.444,0.624,-1,-1,-1
220,-1,1115.701,169.304,44.971,25.807,0.960,-1,-1,-1
220,-1,998.826,199.295,91.342,72.160,0.994,-1,-1,-1
220,-1,436.517,492.785,316.255,291.444,0.677,-1,-1,-1
220,-1,429.421,487.122,340.859,301.555,0.629,-1,-1,-1
221,-1,1024.047,157.688,52.843,35.983,0.877,-1,-1,-1
221,-1,1118.168,169.745,40.875,25.438,0.955,-1,-1,-1
221,-1,1078.225,176.208,31.927,17.337,0.608,-1,-1,-1
221,-1,875.576,150.134,62.057,52.302,0.964,-1,-1,-1
221,-1,998.527,196.543,93.493,70.679,0.997,-1,-1,-1
221,-1,407.557,508.768,340.763,310.785,0.654,-1,-1,-1
221,-1,417.419,506.533,332.053,317.425,0.805,-1,-1,-1
222,-1,1118.207,170.128,41.444,25.182,0.957,-1,-1,-1
222,-1,1077.969,176.192,31.465,18.116,0.564,-1,-1,-1
222,-1,1000.914,195.285,89.430,70.152,0.995,-1,-1,-1
222,-1,873.908,151.109,63.775,52.597,0.925,-1,-1,-1
222,-1,1023.093,159.227,55.509,33.841,0.827,-1,-1,-1
222,-1,375.848,529.565,356.863,330.563,0.665,-1,-1,-1
222,-1,1024.019,157.920,54.050,35.423,0.205,-1,-1,-1
222,-1,370.590,533.463,370.394,325.330,0.788,-1,-1,-1
223,-1,1023.994,159.240,55.430,34.537,0.819,-1,-1,-1
223,-1,1117.550,169.778,45.772,25.652,0.950,-1,-1,-1
223,-1,1003.209,196.432,88.293,64.452,0.996,-1,-1,-1
223,-1,1079.913,177.914,29.237,15.567,0.320,-1,-1,-1
223,-1,873.617,151.716,64.169,53.844,0.932,-1,-1,-1
223,-1,337.969,552.763,371.910,340.202,0.673,-1,-1,-1
223,-1,333.369,552.564,386.524,339.232,0.777,-1,-1,-1
224,-1,1023.814,160.979,57.407,33.631,0.798,-1,-1,-1
224,-1,1119.021,170.599,40.880,24.834,0.937,-1,-1,-1
224,-1,1003.695,196.041,87.547,60.719,0.983,-1,-1,-1
224,-1,1079.359,177.052,30.921,17.582,0.417,-1,-1,-1
224,-1,870.169,153.571,65.161,53.784,0.928,-1,-1,-1
224,-1,306.745,578.223,409.393,351.967,0.433,-1,-1,-1
224,-1,305.296,576.036,402.537,353.128,0.868,-1,-1,-1
225,-1,1023.734,162.554,55.402,28.439,0.749,-1,-1,-1
225,-1,1114.842,170.062,47.297,25.599,0.943,-1,-1,-1
225,-1,1079.480,178.015,30.763,16.758,0.460,-1,-1,-1
225,-1,1005.633,189.410,84.958,64.006,0.924,-1,-1,-1
225,-1,869.009,154.397,64.141,54.470,0.903,-1,-1,-1
225,-1,1019.628,164.722,69.978,41.428,0.238,-1,-1,-1
225,-1,268.873,604.137,425.930,367.670,0.498,-1,-1,-1
225,-1,1020.259,162.822,61.804,41.100,0.222,-1,-1,-1
225,-1,265.154,602.018,424.585,372.706,0.805,-1,-1,-1
226,-1,1118.703,170.374,40.918,25.056,0.957,-1,-1,-1
226,-1,1027.484,164.406,47.207,20.715,0.798,-1,-1,-1
226,-1,1078.418,177.110,30.464,17.540,0.533,-1,-1,-1
226,-1,1022.643,164.116,64.650,33.191,0.731,-1,-1,-1
226,-1,868.473,155.603,64.592,54.578,0.945,-1,-1,-1
226,-1,233.487,640.962,439.471,383.883,0.551,-1,-1,-1
226,-1,1008.739,181.930,78.414,27.815,0.210,-1,-1,-1
226,-1,1007.021,185.833,83.712,64.171,0.963,-1,-1,-1
226,-1,233.511,630.934,440.146,396.088,0.759,-1,-1,-1
227,-1,866.475,156.105,63.695,55.378,0.968,-1,-1,-1
227,-1,1117.693,171.167,41.100,24.372,0.960,-1,-1,-1
227,-1,1005.700,183.998,84.604,62.546,0.922,-1,-1,-1
227,-1,1079.047,178.012,29.026,15.310,0.739,-1,-1,-1
227,-1,1015.820,167.902,70.271,36.812,0.765,-1,-1,-1
227,-1,1024.991,165.985,52.312,18.913,0.836,-1,-1,-1
227,-1,190.162,664.645,467.465,389.380,0.386,-1,-1,-1
227,-1,194.687,661.520,455.841,401.795,0.882,-1,-1,-1
228,-1,1119.773,169.428,40.534,25.899,0.956,-1,-1,-1
228,-1,1026.451,167.154,44.729,14.537,0.509,-1,-1,-1
228,-1,1080.182,179.232,29.296,16.326,0.544,-1,-1,-1
228,-1,1014.738,173.546,72.427,43.382,0.500,-1,-1,-1
228,-1,1018.158,168.834,63.840,25.875,0.311,-1,-1,-1
228,-1,138.698,700.612,497.698,379.117,0.433,-1,-1,-1
228,-1,1008.698,180.888,79.954,62.991,0.910,-1,-1,-1
228,-1,865.582,157.751,65.545,54.950,0.977,-1,-1,-1
228,-1,142.269,698.084,490.619,370.819,0.867,-1,-1,-1
228,-1,1007.258,179.450,83.591,65.473,0.205,-1,-1,-1
229,-1,864.210,160.266,68.814,54.389,0.966,-1,-1,-1
229,-1,1119.747,169.633,40.581,25.773,0.957,-1,-1,-1
229,-1,1081.238,178.688,28.447,18.255,0.389,-1,-1,-1
229,-1,1010.117,174.900,79.731,67.155,0.932,-1,-1,-1
229,-1,1029.389,167.936,41.478,14.090,0.422,-1,-1,-1
229,-1,105.201,746.148,500.858,329.913,0.453,-1,-1,-1
229,-1,96.258,739.830,514.016,333.447,0.728,-1,-1,-1
230,-1,1119.054,170.031,41.644,25.651,0.954,-1,-1,-1
230,-1,1080.268,178.443,29.213,18.498,0.357,-1,-1,-1
230,-1,862.324,161.719,70.047,55.305,0.960,-1,-1,-1
230,-1,1012.340,176.038,77.863,64.429,0.977,-1,-1,-1
230,-1,26.171,794.615,544.238,275.696,0.624,-1,-1,-1
230,-1,45.543,779.561,544.244,297.192,0.792,-1,-1,-1
231,-1,1119.387,169.654,41.164,26.048,0.960,-1,-1,-1
231,-1,1080.814,178.114,30.149,17.350,0.682,-1,-1,-1
231,-1,1010.708,173.792,79.509,65.053,0.995,-1,-1,-1
231,-1,861.243,161.639,70.354,59.059,0.963,-1,-1,-1
231,-1,21.482,835.736,526.149,243.174,0.807,-1,-1,-1
231,-1,11.694,827.213,554.548,241.965,0.893,-1,-1,-1
232,-1,1116.179,170.208,45.462,25.464,0.968,-1,-1,-1
232,-1,1082.217,178.246,28.304,16.339,0.687,-1,-1,-1
232,-1,1010.578,173.775,78.068,61.969,0.995,-1,-1,-1
232,-1,8.159,879.560,458.977,194.424,0.601,-1,-1,-1
232,-1,859.337,163.253,71.424,58.201,0.967,-1,-1,-1
232,-1,400.047,861.425,129.495,211.921,0.322,-1,-1,-1
232,-1,0.000,879.896,504.471,196.581,0.918,-1,-1,-1
233,-1,860.015,164.802,67.499,57.072,0.976,-1,-1,-1
233,-1,1115.789,169.755,45.671,25.568,0.962,-1,-1,-1
233,-1,1082.781,177.964,27.592,15.850,0.739,-1,-1,-1
233,-1,1011.479,173.003,76.828,59.025,0.995,-1,-1,-1
233,-1,0.000,952.874,419.466,119.512,0.686,-1,-1,-1
233,-1,0.000,940.782,433.048,133.526,0.880,-1,-1,-1
234,-1,1082.300,176.098,28.387,17.582,0.847,-1,-1,-1
234,-1,1118.112,169.833,42.781,25.593,0.972,-1,-1,-1
234,-1,1011.954,169.862,75.887,58.271,0.980,-1,-1,-1
234,-1,857.319,166.469,70.333,59.405,0.969,-1,-1,-1
234,-1,4.602,995.174,434.737,81.378,0.549,-1,-1,-1
235,-1,1119.404,169.774,40.735,25.680,0.968,-1,-1,-1
235,-1,1084.899,178.143,25.394,16.076,0.864,-1,-1,-1
235,-1,967.064,169.386,25.450,21.935,0.231,-1,-1,-1
235,-1,854.804,167.410,72.824,60.717,0.974,-1,-1,-1
235,-1,1012.188,169.629,75.977,56.091,0.988,-1,-1,-1
236,-1,1120.046,169.758,39.997,25.723,0.972,-1,-1,-1
236,-1,1086.067,178.069,25.338,16.696,0.877,-1,-1,-1
236,-1,924.286,183.775,42.848,13.428,0.649,-1,-1,-1
236,-1,1015.309,167.253,72.280,57.493,0.962,-1,-1,-1
236,-1,966.956,170.005,25.388,21.444,0.405,-1,-1,-1
236,-1,853.580,168.024,73.002,62.617,0.976,-1,-1,-1
237,-1,1119.326,169.924,42.083,25.579,0.968,-1,-1,-1
237,-1,1086.825,177.331,25.362,17.939,0.855,-1,-1,-1
237,-1,923.226,182.207,43.688,15.224,0.478,-1,-1,-1
237,-1,967.214,169.005,24.665,22.733,0.373,-1,-1,-1
237,-1,1015.472,164.076,72.108,57.491,0.939,-1,-1,-1
237,-1,852.039,170.149,72.624,61.979,0.988,-1,-1,-1
238,-1,1119.121,169.898,41.443,25.881,0.972,-1,-1,-1
238,-1,1085.416,177.582,26.108,17.539,0.862,-1,-1,-1
238,-1,1014.885,163.313,70.723,56.392,0.770,-1,-1,-1
238,-1,920.136,181.984,45.082,14.769,0.714,-1,-1,-1
238,-1,849.109,171.345,74.364,62.033,0.980,-1,-1,-1
238,-1,1013.273,161.775,74.739,58.867,0.367,-1,-1,-1
239,-1,1117.798,170.886,42.209,24.336,0.970,-1,-1,-1
239,-1,1083.679,177.164,26.472,16.486,0.908,-1,-1,-1
239,-1,1012.848,162.445,73.758,54.581,0.824,-1,-1,-1
239,-1,919.834,180.418,44.795,17.812,0.857,-1,-1,-1
239,-1,846.752,173.319,75.856,64.276,0.954,-1,-1,-1
239,-1,1012.700,159.415,74.586,58.338,0.398,-1,-1,-1
240,-1,1117.979,170.957,41.011,24.422,0.973,-1,-1,-1
240,-1,845.390,175.628,76.402,61.348,0.932,-1,-1,-1
240,-1,1084.055,177.639,25.774,15.967,0.900,-1,-1,-1
240,-1,918.074,179.401,46.232,18.215,0.881,-1,-1,-1
240,-1,1012.310,162.989,72.578,50.903,0.768,-1,-1,-1
240,-1,1011.409,159.750,73.481,54.830,0.485,-1,-1,-1
241,-1,1118.224,170.083,41.536,25.144,0.977,-1,-1,-1
241,-1,844.958,178.239,76.222,59.892,0.970,-1,-1,-1
241,-1,1013.168,159.348,71.733,53.073,0.729,-1,-1,-1
241,-1,1084.475,175.884,26.461,17.635,0.889,-1,-1,-1
241,-1,916.522,177.734,48.450,15.471,0.935,-1,-1,-1
241,-1,1014.493,158.070,69.756,52.647,0.413,-1,-1,-1
242,-1,1118.551,170.589,40.891,24.937,0.975,-1,-1,-1
242,-1,1083.475,174.433,28.238,19.509,0.765,-1,-1,-1
242,-1,915.817,177.330,48.539,20.325,0.927,-1,-1,-1
242,-1,843.367,179.421,76.220,63.091,0.965,-1,-1,-1
242,-1,1013.371,157.469,69.981,52.863,0.731,-1,-1,-1
242,-1,1014.205,156.668,70.602,52.866,0.437,-1,-1,-1
243,-1,1119.862,169.890,40.948,26.206,0.973,-1,-1,-1
243,-1,915.256,176.332,49.133,21.506,0.949,-1,-1,-1
243,-1,1084.805,176.304,26.767,17.947,0.763,-1,-1,-1
243,-1,840.252,181.440,80.489,63.661,0.970,-1,-1,-1
243,-1,1014.677,156.149,69.454,53.198,0.658,-1,-1,-1
243,-1,1015.973,155.569,67.174,52.834,0.567,-1,-1,-1
244,-1,1118.344,170.440,42.427,25.145,0.972,-1,-1,-1
244,-1,914.956,175.187,49.548,24.978,0.943,-1,-1,-1
244,-1,1085.454,175.217,26.975,19.247,0.575,-1,-1,-1
244,-1,1015.453,153.957,68.878,53.228,0.488,-1,-1,-1
244,-1,840.564,180.604,79.847,67.485,0.984,-1,-1,-1
244,-1,1014.684,152.451,70.533,54.183,0.657,-1,-1,-1
245,-1,1117.648,170.370,42.757,25.489,0.978,-1,-1,-1
245,-1,1015.347,153.538,67.824,51.425,0.831,-1,-1,-1
245,-1,914.767,173.230,50.762,24.534,0.947,-1,-1,-1
245,-1,965.971,170.951,24.168,20.044,0.238,-1,-1,-1
245,-1,1084.110,175.547,26.368,18.908,0.500,-1,-1,-1
245,-1,837.917,183.345,81.031,67.080,0.980,-1,-1,-1
245,-1,1014.301,152.728,67.523,51.723,0.314,-1,-1,-1
246,-1,914.874,170.877,48.646,26.465,0.922,-1,-1,-1
246,-1,1115.249,169.710,46.318,25.703,0.978,-1,-1,-1
246,-1,1081.508,170.684,28.635,23.057,0.369,-1,-1,-1
246,-1,1015.036,151.866,66.908,50.131,0.780,-1,-1,-1
246,-1,965.370,169.575,26.924,21.166,0.306,-1,-1,-1
246,-1,836.746,186.081,80.300,66.515,0.978,-1,-1,-1
246,-1,1015.311,151.814,67.513,50.389,0.436,-1,-1,-1
247,-1,1117.275,169.858,42.348,24.956,0.974,-1,-1,-1
247,-1,1013.944,151.075,67.915,49.680,0.812,-1,-1,-1
247,-1,1081.950,171.105,28.209,22.536,0.401,-1,-1,-1
247,-1,913.697,168.777,48.737,27.998,0.916,-1,-1,-1
247,-1,834.520,186.875,81.574,68.632,0.990,-1,-1,-1
247,-1,964.867,172.003,24.585,19.186,0.287,-1,-1,-1
247,-1,1014.089,150.004,68.314,51.063,0.370,-1,-1,-1
248,-1,1013.339,150.218,67.915,49.207,0.857,-1,-1,-1
248,-1,1116.173,169.676,45.630,25.511,0.973,-1,-1,-1
248,-1,1079.394,165.050,33.058,28.877,0.453,-1,-1,-1
248,-1,831.707,189.632,83.996,70.468,0.995,-1,-1,-1
248,-1,964.466,171.616,24.758,17.935,0.341,-1,-1,-1
248,-1,913.392,169.232,47.628,27.347,0.888,-1,-1,-1
248,-1,1013.053,149.224,69.988,50.898,0.278,-1,-1,-1
249,-1,1118.299,169.469,42.588,25.537,0.974,-1,-1,-1
249,-1,1014.831,149.765,67.378,48.040,0.900,-1,-1,-1
249,-1,1080.537,169.265,30.787,25.053,0.363,-1,-1,-1
249,-1,963.885,170.096,25.889,21.615,0.286,-1,-1,-1
249,-1,912.534,166.847,50.184,28.758,0.864,-1,-1,-1
249,-1,832.593,192.733,84.085,67.792,0.997,-1,-1,-1
249,-1,1014.767,149.348,66.951,48.345,0.269,-1,-1,-1
250,-1,1115.977,169.975,46.751,25.679,0.974,-1,-1,-1
250,-1,830.390,194.374,85.786,70.417,0.995,-1,-1,-1
250,-1,1080.011,171.913,30.718,22.846,0.413,-1,-1,-1
250,-1,963.605,172.157,24.156,19.477,0.492,-1,-1,-1
250,-1,910.396,164.298,51.189,31.214,0.810,-1,-1,-1
250,-1,1015.849,149.395,65.938,48.814,0.753,-1,-1,-1
250,-1,912.498,165.429,51.124,30.608,0.224,-1,-1,-1
250,-1,1015.184,148.717,65.658,48.417,0.414,-1,-1,-1
251,-1,1115.999,170.027,46.486,25.636,0.975,-1,-1,-1
251,-1,1078.365,162.708,36.025,31.439,0.251,-1,-1,-1
251,-1,829.748,196.966,85.560,69.598,0.996,-1,-1,-1
251,-1,1017.620,150.721,62.709,45.812,0.768,-1,-1,-1
251,-1,909.001,162.778,52.095,31.270,0.798,-1,-1,-1
251,-1,965.479,169.584,21.682,21.616,0.216,-1,-1,-1
251,-1,1079.816,175.731,30.513,18.465,0.474,-1,-1,-1
251,-1,911.116,162.648,52.264,31.839,0.231,-1,-1,-1
251,-1,1016.827,148.222,64.222,48.030,0.390,-1,-1,-1
252,-1,1116.446,169.479,46.153,25.737,0.975,-1,-1,-1
252,-1,908.772,161.751,52.658,31.840,0.721,-1,-1,-1
252,-1,1078.612,169.104,32.846,25.045,0.390,-1,-1,-1
252,-1,1017.095,150.452,62.761,45.145,0.698,-1,-1,-1
252,-1,831.144,199.993,82.800,69.052,0.997,-1,-1,-1
252,-1,908.800,160.937,54.156,33.128,0.340,-1,-1,-1
252,-1,1016.661,147.936,63.291,47.327,0.461,-1,-1,-1
253,-1,1115.648,169.524,45.621,25.533,0.975,-1,-1,-1
253,-1,1077.074,170.460,32.932,23.381,0.479,-1,-1,-1
253,-1,1014.852,150.601,64.498,44.164,0.839,-1,-1,-1
253,-1,908.218,159.999,53.107,33.888,0.705,-1,-1,-1
253,-1,824.497,200.517,88.573,72.165,0.994,-1,-1,-1
253,-1,908.488,159.645,54.959,34.525,0.303,-1,-1,-1
253,-1,1013.814,148.058,65.063,46.454,0.305,-1,-1,-1
254,-1,1117.107,169.322,42.291,25.216,0.976,-1,-1,-1
254,-1,1016.117,149.232,61.897,43.972,0.865,-1,-1,-1
254,-1,906.638,157.132,54.282,37.206,0.727,-1,-1,-1
254,-1,822.441,200.584,90.115,75.962,0.994,-1,-1,-1
254,-1,1074.172,162.699,43.458,29.953,0.460,-1,-1,-1
254,-1,1077.436,176.995,30.793,14.748,0.247,-1,-1,-1
254,-1,907.741,157.567,54.741,37.023,0.315,-1,-1,-1
254,-1,1013.401,147.926,65.773,45.612,0.267,-1,-1,-1
255,-1,905.949,154.969,53.107,40.947,0.826,-1,-1,-1
255,-1,1117.806,170.152,41.958,24.678,0.971,-1,-1,-1
255,-1,822.350,202.444,90.543,77.580,0.995,-1,-1,-1
255,-1,1074.240,162.837,42.888,30.087,0.543,-1,-1,-1
255,-1,1077.157,176.676,31.286,15.497,0.381,-1,-1,-1
255,-1,1016.831,150.516,61.565,42.796,0.876,-1,-1,-1
255,-1,905.734,155.800,54.970,39.152,0.216,-1,-1,-1
255,-1,1014.240,147.544,63.539,45.822,0.318,-1,-1,-1
256,-1,1114.551,170.174,48.487,25.156,0.966,-1,-1,-1
256,-1,1077.259,165.235,36.589,28.243,0.313,-1,-1,-1
256,-1,906.212,155.122,54.387,38.629,0.754,-1,-1,-1
256,-1,820.331,205.798,90.459,75.559,0.996,-1,-1,-1
256,-1,1016.227,151.313,62.460,42.247,0.894,-1,-1,-1
256,-1,1077.595,177.650,32.048,15.367,0.435,-1,-1,-1
256,-1,906.303,153.868,53.623,40.526,0.303,-1,-1,-1
256,-1,1016.146,148.802,62.397,45.081,0.243,-1,-1,-1
257,-1,905.746,151.867,54.010,42.465,0.794,-1,-1,-1
257,-1,1117.385,170.042,43.270,25.233,0.965,-1,-1,-1
257,-1,1077.840,164.780,37.292,28.648,0.299,-1,-1,-1
257,-1,1017.969,151.649,61.226,41.499,0.876,-1,-1,-1
257,-1,1077.802,177.664,32.494,15.545,0.448,-1,-1,-1
257,-1,819.085,207.492,92.549,77.732,0.996,-1,-1,-1
257,-1,1017.092,148.897,62.243,44.938,0.205,-1,-1,-1
257,-1,904.453,151.884,58.599,44.140,0.254,-1,-1,-1
258,-1,903.949,150.267,56.553,44.547,0.731,-1,-1,-1
258,-1,1114.913,170.248,47.673,25.085,0.965,-1,-1,-1
258,-1,1076.519,173.645,33.736,20.884,0.492,-1,-1,-1
258,-1,816.343,210.638,94.731,79.100,0.991,-1,-1,-1
258,-1,1016.565,151.629,62.070,41.862,0.870,-1,-1,-1
258,-1,903.044,150.829,59.882,44.636,0.329,-1,-1,-1
258,-1,1017.228,149.753,60.915,43.929,0.294,-1,-1,-1
259,-1,1117.236,170.028,42.975,25.235,0.966,-1,-1,-1
259,-1,1077.124,176.919,31.750,15.988,0.486,-1,-1,-1
259,-1,1073.506,163.042,43.936,30.411,0.618,-1,-1,-1
259,-1,1016.464,151.958,61.053,40.996,0.863,-1,-1,-1
259,-1,901.454,149.655,57.868,44.393,0.793,-1,-1,-1
259,-1,814.315,213.909,95.188,78.269,0.993,-1,-1,-1
259,-1,901.924,149.709,58.440,44.502,0.282,-1,-1,-1
259,-1,1016.325,150.035,61.026,43.175,0.259,-1,-1,-1
260,-1,1016.406,151.615,61.353,41.886,0.858,-1,-1,-1
260,-1,1115.504,169.493,45.653,25.325,0.969,-1,-1,-1
260,-1,1076.055,177.216,31.859,15.210,0.488,-1,-1,-1
260,-1,900.605,148.177,57.009,45.888,0.862,-1,-1,-1
260,-1,1072.556,164.836,44.574,28.348,0.531,-1,-1,-1
260,-1,811.887,216.020,97.200,79.052,0.996,-1,-1,-1
260,-1,899.390,147.242,57.599,46.748,0.236,-1,-1,-1
260,-1,1015.197,150.013,62.121,43.022,0.262,-1,-1,-1
261,-1,1115.457,169.441,45.521,25.360,0.974,-1,-1,-1
261,-1,811.724,218.396,95.252,77.611,0.996,-1,-1,-1
261,-1,1072.429,163.855,44.950,29.355,0.708,-1,-1,-1
261,-1,898.501,147.289,58.987,46.284,0.862,-1,-1,-1
261,-1,1078.403,176.433,30.236,16.523,0.424,-1,-1,-1
261,-1,1015.464,153.096,61.144,39.860,0.900,-1,-1,-1
261,-1,896.558,145.825,61.516,48.147,0.257,-1,-1,-1
261,-1,1015.160,150.274,61.781,43.118,0.216,-1,-1,-1
262,-1,1018.981,153.557,59.003,40.037,0.957,-1,-1,-1
262,-1,1117.638,169.677,42.476,25.072,0.967,-1,-1,-1
262,-1,808.838,220.672,97.994,81.249,0.996,-1,-1,-1
262,-1,1077.713,177.152,30.943,15.344,0.492,-1,-1,-1
262,-1,1073.119,166.174,45.097,27.044,0.518,-1,-1,-1
262,-1,899.665,146.332,56.651,46.661,0.844,-1,-1,-1
262,-1,897.249,144.639,60.020,49.237,0.335,-1,-1,-1
263,-1,1018.941,153.801,58.420,39.155,0.956,-1,-1,-1
263,-1,1117.194,170.453,43.266,24.803,0.968,-1,-1,-1
263,-1,1077.018,174.803,33.717,19.068,0.595,-1,-1,-1
263,-1,806.397,225.448,99.810,81.727,0.996,-1,-1,-1
263,-1,896.406,145.409,60.329,49.115,0.742,-1,-1,-1
263,-1,896.373,143.847,60.418,50.854,0.453,-1,-1,-1
264,-1,1020.126,155.358,57.222,38.256,0.965,-1,-1,-1
264,-1,1114.866,170.052,48.105,25.523,0.970,-1,-1,-1
264,-1,896.911,144.217,59.655,49.435,0.656,-1,-1,-1
264,-1,1078.243,177.873,31.103,15.693,0.530,-1,-1,-1
264,-1,1073.565,166.190,44.806,27.788,0.606,-1,-1,-1
264,-1,802.553,227.635,101.425,80.498,0.996,-1,-1,-1
264,-1,895.843,142.522,61.189,52.820,0.512,-1,-1,-1
265,-1,1019.394,157.110,56.569,36.746,0.965,-1,-1,-1
265,-1,1115.304,169.860,46.034,25.588,0.973,-1,-1,-1
265,-1,1077.881,175.372,31.921,18.929,0.565,-1,-1,-1
265,-1,1073.850,165.746,44.887,27.716,0.391,-1,-1,-1
265,-1,896.559,142.247,58.812,50.874,0.784,-1,-1,-1
265,-1,799.000,229.643,102.523,83.636,0.997,-1,-1,-1
265,-1,893.362,140.627,63.025,54.408,0.445,-1,-1,-1
266,-1,1020.653,158.582,55.410,34.887,0.953,-1,-1,-1
266,-1,1116.881,169.930,42.641,25.058,0.969,-1,-1,-1
266,-1,758.299,1028.192,326.336,48.102,0.753,-1,-1,-1
266,-1,1077.647,171.846,33.467,21.310,0.522,-1,-1,-1
266,-1,894.522,141.323,60.224,51.626,0.722,-1,-1,-1
266,-1,793.917,233.656,106.334,82.600,0.997,-1,-1,-1
266,-1,892.319,140.907,64.990,54.531,0.475,-1,-1,-1
267,-1,1020.817,158.361,55.010,34.566,0.910,-1,-1,-1
267,-1,1116.618,169.633,42.803,25.066,0.973,-1,-1,-1
267,-1,710.238,973.556,439.458,102.930,0.906,-1,-1,-1
267,-1,892.106,140.553,60.999,52.504,0.684,-1,-1,-1
267,-1,1078.025,171.744,32.904,20.944,0.486,-1,-1,-1
267,-1,792.814,235.835,102.925,84.510,0.996,-1,-1,-1
267,-1,708.466,974.859,432.230,98.673,0.231,-1,-1,-1
267,-1,890.824,139.801,65.347,55.568,0.504,-1,-1,-1
268,-1,1020.217,159.647,56.207,33.521,0.957,-1,-1,-1
268,-1,1116.408,169.480,43.008,25.645,0.973,-1,-1,-1
268,-1,1078.453,175.042,31.595,17.703,0.545,-1,-1,-1
268,-1,892.260,139.348,60.899,54.060,0.622,-1,-1,-1
268,-1,737.548,923.158,396.616,150.508,0.957,-1,-1,-1
268,-1,1073.516,166.264,45.436,26.398,0.250,-1,-1,-1
268,-1,788.233,238.859,105.425,88.436,0.995,-1,-1,-1
268,-1,955.307,161.594,60.896,30.397,0.316,-1,-1,-1
268,-1,889.763,139.141,63.370,54.029,0.597,-1,-1,-1
269,-1,1021.458,160.428,54.338,32.728,0.963,-1,-1,-1
269,-1,1117.895,169.883,41.565,25.357,0.967,-1,-1,-1
269,-1,1078.071,176.834,31.488,16.404,0.601,-1,-1,-1
269,-1,890.323,139.482,61.803,54.710,0.630,-1,-1,-1
269,-1,753.240,876.085,385.147,201.553,0.967,-1,-1,-1
269,-1,786.301,243.759,109.098,87.115,0.994,-1,-1,-1
269,-1,889.636,139.504,65.873,56.712,0.529,-1,-1,-1
270,-1,1117.174,170.198,42.961,24.791,0.966,-1,-1,-1
270,-1,1020.487,160.592,55.186,31.537,0.953,-1,-1,-1
270,-1,1077.662,178.991,31.120,14.530,0.735,-1,-1,-1
270,-1,785.153,244.963,107.912,93.645,0.994,-1,-1,-1
270,-1,888.687,138.477,64.555,56.270,0.714,-1,-1,-1
270,-1,888.301,138.867,66.190,57.757,0.484,-1,-1,-1
271,-1,1118.189,170.141,44.374,25.536,0.971,-1,-1,-1
271,-1,887.011,139.413,64.326,57.136,0.651,-1,-1,-1
271,-1,1021.406,162.166,55.199,30.339,0.939,-1,-1,-1
271,-1,1078.863,179.392,29.863,14.203,0.797,-1,-1,-1
271,-1,955.480,160.701,65.250,31.982,0.285,-1,-1,-1
271,-1,777.391,249.665,112.922,90.999,0.990,-1,-1,-1
271,-1,780.482,797.287,347.375,279.019,0.995,-1,-1,-1
271,-1,886.669,138.833,66.599,59.769,0.442,-1,-1,-1
272,-1,1021.562,165.136,54.895,28.763,0.963,-1,-1,-1
272,-1,1118.979,169.748,40.732,25.288,0.979,-1,-1,-1
272,-1,1078.649,179.209,29.548,14.153,0.797,-1,-1,-1
272,-1,775.589,251.604,112.070,94.097,0.995,-1,-1,-1
272,-1,885.526,138.697,65.194,58.768,0.798,-1,-1,-1
272,-1,799.054,758.144,320.791,287.754,0.999,-1,-1,-1
272,-1,882.985,137.988,69.573,61.416,0.382,-1,-1,-1
273,-1,769.902,255.021,118.179,95.329,0.993,-1,-1,-1
273,-1,1118.492,170.074,40.200,24.796,0.979,-1,-1,-1
273,-1,1021.363,166.978,56.497,26.223,0.943,-1,-1,-1
273,-1,1078.031,179.210,30.301,13.567,0.773,-1,-1,-1
273,-1,880.891,140.337,68.967,59.242,0.851,-1,-1,-1
273,-1,801.184,729.472,317.221,272.522,0.998,-1,-1,-1
273,-1,880.157,137.820,70.063,63.016,0.248,-1,-1,-1
274,-1,1021.427,168.776,52.527,25.130,0.902,-1,-1,-1
274,-1,1118.217,170.211,40.018,24.348,0.976,-1,-1,-1
274,-1,1077.253,179.175,30.525,13.837,0.816,-1,-1,-1
274,-1,814.241,697.516,303.773,258.849,0.998,-1,-1,-1
274,-1,766.573,258.615,117.282,95.255,0.993,-1,-1,-1
274,-1,880.034,139.290,68.556,61.262,0.833,-1,-1,-1
274,-1,877.391,137.875,72.261,65.665,0.314,-1,-1,-1
275,-1,1118.985,170.073,39.601,24.593,0.981,-1,-1,-1
275,-1,1077.826,179.503,30.359,13.441,0.808,-1,-1,-1
275,-1,1020.163,167.698,55.146,26.112,0.931,-1,-1,-1
275,-1,762.784,262.804,120.130,98.494,0.994,-1,-1,-1
275,-1,877.956,140.075,70.004,62.279,0.840,-1,-1,-1
275,-1,818.295,665.725,295.283,254.333,0.998,-1,-1,-1
275,-1,877.197,139.029,69.419,65.282,0.308,-1,-1,-1
276,-1,1118.594,169.965,40.127,25.143,0.975,-1,-1,-1
276,-1,838.634,641.209,276.585,244.254,0.998,-1,-1,-1
276,-1,876.726,140.419,70.287,64.273,0.655,-1,-1,-1
276,-1,1079.081,180.039,29.126,13.536,0.831,-1,-1,-1
276,-1,1023.376,170.598,54.712,23.889,0.952,-1,-1,-1
276,-1,759.235,267.698,124.038,97.135,0.996,-1,-1,-1
276,-1,876.533,139.624,70.275,65.990,0.530,-1,-1,-1
277,-1,756.311,273.631,123.901,100.820,0.995,-1,-1,-1
277,-1,1120.173,171.430,39.267,24.268,0.977,-1,-1,-1
277,-1,1079.237,179.895,29.323,13.968,0.872,-1,-1,-1
277,-1,1023.287,171.772,57.086,24.345,0.972,-1,-1,-1
277,-1,877.850,142.329,66.599,63.818,0.561,-1,-1,-1
277,-1,842.539,619.533,268.754,234.390,0.998,-1,-1,-1
277,-1,875.448,140.345,71.178,66.441,0.625,-1,-1,-1
278,-1,845.036,597.351,270.525,226.898,0.998,-1,-1,-1
278,-1,1120.320,171.248,39.150,24.311,0.976,-1,-1,-1
278,-1,873.867,142.700,71.473,68.053,0.721,-1,-1,-1
278,-1,1079.495,180.289,28.602,13.499,0.834,-1,-1,-1
278,-1,1023.882,173.079,58.413,22.874,0.974,-1,-1,-1
278,-1,753.712,275.757,123.327,102.641,0.993,-1,-1,-1
278,-1,875.444,141.834,69.138,69.988,0.454,-1,-1,-1
279,-1,1023.420,173.845,52.125,21.075,0.974,-1,-1,-1
279,-1,1118.823,170.038,39.744,25.194,0.979,-1,-1,-1
279,-1,1078.111,179.566,30.106,14.193,0.815,-1,-1,-1
279,-1,872.533,143.657,71.756,66.778,0.765,-1,-1,-1
279,-1,856.836,573.432,257.560,220.743,0.997,-1,-1,-1
279,-1,745.817,279.759,125.192,102.889,0.986,-1,-1,-1
279,-1,870.899,144.327,75.171,66.447,0.613,-1,-1,-1
280,-1,859.526,557.487,250.791,213.108,0.998,-1,-1,-1
280,-1,1119.178,169.804,38.956,24.730,0.978,-1,-1,-1
280,-1,1077.805,179.808,30.022,13.048,0.840,-1,-1,-1
280,-1,1024.127,175.170,51.236,18.166,0.978,-1,-1,-1
280,-1,870.867,144.659,71.271,66.625,0.654,-1,-1,-1
280,-1,742.694,283.801,124.408,106.230,0.990,-1,-1,-1
280,-1,868.739,144.010,74.194,70.360,0.627,-1,-1,-1
281,-1,737.097,289.402,130.025,108.045,0.993,-1,-1,-1
281,-1,1117.044,169.828,41.253,24.512,0.975,-1,-1,-1
281,-1,1077.013,179.313,29.865,13.201,0.746,-1,-1,-1
281,-1,1024.680,175.681,47.146,17.703,0.982,-1,-1,-1
281,-1,873.782,538.797,233.802,202.232,0.998,-1,-1,-1
281,-1,866.410,145.898,74.057,69.856,0.596,-1,-1,-1
281,-1,868.153,146.920,72.751,69.033,0.657,-1,-1,-1
282,-1,731.378,293.816,134.254,109.130,0.994,-1,-1,-1
282,-1,879.143,525.377,227.380,193.695,0.999,-1,-1,-1
282,-1,1023.546,176.424,51.013,16.872,0.981,-1,-1,-1
282,-1,1115.047,169.664,45.698,25.167,0.971,-1,-1,-1
282,-1,1070.453,178.064,31.155,14.809,0.250,-1,-1,-1
282,-1,1081.104,180.684,25.794,12.446,0.763,-1,-1,-1
282,-1,865.813,147.760,74.614,69.480,0.705,-1,-1,-1
282,-1,866.319,148.114,75.752,70.596,0.553,-1,-1,-1
283,-1,880.952,508.281,229.500,190.704,0.998,-1,-1,-1
283,-1,725.331,298.220,137.905,111.384,0.994,-1,-1,-1
283,-1,1025.220,178.561,50.163,15.095,0.974,-1,-1,-1
283,-1,1117.018,169.407,45.839,25.876,0.972,-1,-1,-1
283,-1,1076.460,179.446,31.678,13.216,0.710,-1,-1,-1
283,-1,867.198,151.267,74.311,68.355,0.635,-1,-1,-1
283,-1,865.390,150.915,75.272,69.946,0.549,-1,-1,-1
284,-1,886.309,494.599,221.375,182.992,0.996,-1,-1,-1
284,-1,1026.102,179.266,51.145,14.884,0.969,-1,-1,-1
284,-1,716.265,302.756,147.868,113.928,0.992,-1,-1,-1
284,-1,1116.858,169.590,45.412,25.740,0.975,-1,-1,-1
284,-1,1077.909,179.698,30.681,13.114,0.624,-1,-1,-1
284,-1,863.163,151.839,78.135,71.275,0.800,-1,-1,-1
284,-1,862.419,152.151,77.325,71.806,0.339,-1,-1,-1
285,-1,895.310,479.135,213.959,177.951,0.998,-1,-1,-1
285,-1,861.537,154.376,80.550,69.666,0.805,-1,-1,-1
285,-1,714.179,306.379,144.638,114.807,0.993,-1,-1,-1
285,-1,1117.354,169.529,45.608,25.678,0.974,-1,-1,-1
285,-1,1027.509,179.696,50.358,14.691,0.961,-1,-1,-1
285,-1,1077.038,179.456,31.316,13.218,0.550,-1,-1,-1
285,-1,860.807,154.284,80.698,70.898,0.290,-1,-1,-1
286,-1,898.291,465.521,210.749,169.122,0.998,-1,-1,-1
286,-1,1029.719,180.559,45.159,14.533,0.960,-1,-1,-1
286,-1,1117.455,169.765,42.028,25.014,0.972,-1,-1,-1
286,-1,1075.718,179.423,32.583,13.231,0.725,-1,-1,-1
286,-1,708.822,313.508,145.074,119.123,0.993,-1,-1,-1
286,-1,859.822,154.871,80.124,72.947,0.837,-1,-1,-1
286,-1,858.814,153.979,79.813,71.473,0.287,-1,-1,-1
287,-1,899.354,455.254,208.830,165.918,0.997,-1,-1,-1
287,-1,855.226,157.889,81.241,70.886,0.849,-1,-1,-1
287,-1,1029.787,181.169,44.533,15.032,0.927,-1,-1,-1
287,-1,1114.065,169.472,46.021,25.431,0.975,-1,-1,-1
287,-1,1076.556,179.539,31.398,12.926,0.594,-1,-1,-1
287,-1,700.433,318.239,146.320,116.952,0.992,-1,-1,-1
287,-1,855.958,155.853,80.092,72.887,0.234,-1,-1,-1
288,-1,908.845,439.532,199.163,164.536,0.998,-1,-1,-1
288,-1,1030.734,181.559,44.981,13.684,0.889,-1,-1,-1
288,-1,1114.403,169.471,46.262,25.275,0.974,-1,-1,-1
288,-1,1076.713,179.551,31.435,12.717,0.528,-1,-1,-1
288,-1,1033.242,178.884,69.227,16.013,0.202,-1,-1,-1
288,-1,856.469,157.260,77.854,75.570,0.858,-1,-1,-1
288,-1,696.943,329.871,145.779,113.400,0.994,-1,-1,-1
288,-1,855.012,157.265,79.723,75.549,0.269,-1,-1,-1
289,-1,911.635,431.971,194.893,157.403,0.998,-1,-1,-1
289,-1,689.397,329.972,154.615,126.315,0.995,-1,-1,-1
289,-1,1032.415,182.411,43.629,12.247,0.812,-1,-1,-1
289,-1,1078.254,180.020,29.677,12.403,0.543,-1,-1,-1
289,-1,1116.958,169.994,44.429,25.231,0.973,-1,-1,-1
289,-1,1033.663,179.747,66.172,15.854,0.392,-1,-1,-1
289,-1,853.428,159.311,81.363,77.590,0.900,-1,-1,-1
289,-1,852.352,157.985,87.122,80.065,0.233,-1,-1,-1
290,-1,916.067,418.674,191.545,154.168,0.997,-1,-1,-1
290,-1,1117.776,169.548,42.775,25.336,0.970,-1,-1,-1
290,-1,680.574,335.675,158.986,125.724,0.993,-1,-1,-1
290,-1,1033.464,178.667,68.352,15.233,0.668,-1,-1,-1
290,-1,1078.002,180.222,30.063,12.555,0.389,-1,-1,-1
290,-1,1035.073,182.587,42.887,12.525,0.790,-1,-1,-1
290,-1,849.962,159.298,84.627,78.188,0.938,-1,-1,-1
291,-1,920.364,410.936,181.890,149.061,0.998,-1,-1,-1
291,-1,673.967,342.764,161.403,128.795,0.995,-1,-1,-1
291,-1,1118.845,170.120,41.447,25.012,0.971,-1,-1,-1
291,-1,1037.679,176.983,68.708,16.301,0.439,-1,-1,-1
291,-1,849.331,163.520,81.927,77.893,0.944,-1,-1,-1
292,-1,922.794,402.987,178.040,144.875,0.998,-1,-1,-1
292,-1,667.694,347.256,162.822,129.958,0.995,-1,-1,-1
292,-1,1119.061,170.053,40.698,24.985,0.971,-1,-1,-1
292,-1,1076.095,179.964,31.775,12.746,0.238,-1,-1,-1
292,-1,1041.066,176.993,65.794,16.191,0.604,-1,-1,-1
292,-1,845.246,167.034,85.832,76.484,0.949,-1,-1,-1
293,-1,924.511,391.087,178.248,142.216,0.998,-1,-1,-1
293,-1,1118.922,170.361,40.742,24.676,0.974,-1,-1,-1
293,-1,1041.864,176.208,66.335,17.002,0.654,-1,-1,-1
293,-1,536.039,296.711,22.258,33.579,0.214,-1,-1,-1
293,-1,1075.135,179.623,34.734,13.591,0.243,-1,-1,-1
293,-1,843.203,166.542,86.625,79.954,0.938,-1,-1,-1
293,-1,665.556,354.274,154.170,133.013,0.993,-1,-1,-1
294,-1,934.096,385.455,166.249,136.481,0.998,-1,-1,-1
294,-1,646.702,363.449,174.724,137.163,0.996,-1,-1,-1
294,-1,1117.588,170.483,41.664,24.566,0.969,-1,-1,-1
294,-1,1043.705,176.359,63.991,16.636,0.568,-1,-1,-1
294,-1,1081.635,180.317,26.111,12.073,0.213,-1,-1,-1
294,-1,843.053,168.026,87.883,80.444,0.944,-1,-1,-1
295,-1,936.119,376.074,163.747,134.095,0.998,-1,-1,-1
295,-1,643.243,368.143,174.979,137.470,0.995,-1,-1,-1
295,-1,1117.640,170.454,41.799,24.625,0.968,-1,-1,-1
295,-1,1084.206,181.743,23.570,11.443,0.272,-1,-1,-1
295,-1,1045.214,178.239,61.131,15.459,0.460,-1,-1,-1
295,-1,838.173,170.395,90.369,81.178,0.959,-1,-1,-1
296,-1,633.526,374.860,180.489,145.857,0.995,-1,-1,-1
296,-1,940.429,367.333,159.156,132.342,0.998,-1,-1,-1
296,-1,1118.456,170.482,42.332,24.589,0.968,-1,-1,-1
296,-1,1084.644,182.034,23.699,11.332,0.247,-1,-1,-1
296,-1,1046.248,178.165,61.514,15.516,0.279,-1,-1,-1
296,-1,835.009,173.062,93.506,82.438,0.958,-1,-1,-1
297,-1,942.523,361.333,156.744,129.881,0.997,-1,-1,-1
297,-1,623.236,383.502,184.466,146.638,0.996,-1,-1,-1
297,-1,1118.859,171.059,41.540,24.280,0.963,-1,-1,-1
297,-1,1080.874,179.871,29.545,13.629,0.334,-1,-1,-1
297,-1,831.933,177.529,96.726,80.817,0.821,-1,-1,-1
297,-1,833.364,176.915,93.900,82.362,0.291,-1,-1,-1
298,-1,617.662,389.943,189.184,153.101,0.996,-1,-1,-1
298,-1,944.855,353.186,154.894,127.915,0.997,-1,-1,-1
298,-1,1113.690,169.814,49.601,25.542,0.953,-1,-1,-1
298,-1,1083.627,180.044,24.993,12.059,0.223,-1,-1,-1
298,-1,830.666,178.306,95.215,83.945,0.744,-1,-1,-1
298,-1,831.172,178.068,96.367,85.078,0.423,-1,-1,-1
299,-1,602.733,401.249,200.068,152.533,0.995,-1,-1,-1
299,-1,946.296,344.863,151.984,126.008,0.998,-1,-1,-1
299,-1,1118.245,170.666,42.387,24.615,0.963,-1,-1,-1
299,-1,1083.479,181.038,25.869,12.333,0.268,-1,-1,-1
299,-1,1045.763,178.028,59.525,15.614,0.218,-1,-1,-1
299,-1,828.231,181.120,94.360,85.330,0.801,-1,-1,-1
299,-1,828.321,181.001,94.997,83.243,0.309,-1,-1,-1
300,-1,592.571,407.174,201.234,160.148,0.993,-1,-1,-1
300,-1,949.759,337.779,147.081,121.767,0.998,-1,-1,-1
300,-1,1117.718,170.864,41.675,24.030,0.965,-1,-1,-1
300,-1,1082.748,181.527,24.902,11.793,0.285,-1,-1,-1
300,-1,1044.710,176.298,59.975,16.418,0.250,-1,-1,-1
300,-1,823.667,181.794,97.920,85.555,0.894,-1,-1,-1
300,-1,825.538,180.925,95.159,88.560,0.207,-1,-1,-1
301,-1,1118.028,169.745,41.473,25.126,0.978,-1,-1,-1
301,-1,1082.450,180.852,26.145,12.155,0.333,-1,-1,-1
301,-1,822.414,185.128,97.529,86.047,0.946,-1,-1,-1
301,-1,950.318,329.313,145.149,122.903,0.997,-1,-1,-1
301,-1,589.079,415.591,194.303,161.722,0.993,-1,-1,-1
302,-1,571.548,428.635,208.254,163.849,0.997,-1,-1,-1
302,-1,952.693,325.990,144.558,119.533,0.996,-1,-1,-1
302,-1,1117.574,169.880,42.667,25.273,0.968,-1,-1,-1
302,-1,1084.102,181.511,24.470,11.747,0.259,-1,-1,-1
302,-1,817.096,186.776,104.362,89.259,0.953,-1,-1,-1
303,-1,562.615,435.973,213.887,170.443,0.995,-1,-1,-1
303,-1,954.926,318.690,141.567,117.056,0.997,-1,-1,-1
303,-1,1118.299,170.288,42.897,25.173,0.970,-1,-1,-1
303,-1,814.883,187.666,104.793,92.364,0.950,-1,-1,-1
304,-1,551.853,449.694,219.662,174.275,0.994,-1,-1,-1
304,-1,960.017,316.372,136.452,109.273,0.997,-1,-1,-1
304,-1,1118.239,170.111,42.519,25.447,0.972,-1,-1,-1
304,-1,814.320,191.486,102.391,92.104,0.914,-1,-1,-1
304,-1,812.385,189.688,104.055,97.155,0.216,-1,-1,-1
305,-1,536.038,456.164,224.030,180.363,0.994,-1,-1,-1
305,-1,963.365,308.379,132.025,109.985,0.998,-1,-1,-1
305,-1,1118.447,170.275,41.889,25.361,0.971,-1,-1,-1
305,-1,1084.175,181.631,24.305,12.061,0.206,-1,-1,-1
305,-1,809.313,196.725,108.400,90.987,0.827,-1,-1,-1
305,-1,809.148,194.713,105.415,94.753,0.339,-1,-1,-1
306,-1,526.165,471.480,229.660,183.862,0.997,-1,-1,-1
306,-1,964.969,301.288,130.153,108.796,0.998,-1,-1,-1
306,-1,1118.220,169.420,42.527,25.775,0.970,-1,-1,-1
306,-1,1083.648,181.245,24.905,12.145,0.244,-1,-1,-1
306,-1,806.525,198.381,107.156,93.578,0.872,-1,-1,-1
306,-1,806.330,195.491,106.519,96.925,0.253,-1,-1,-1
307,-1,966.318,295.538,128.427,107.442,0.998,-1,-1,-1
307,-1,507.675,479.973,237.062,191.978,0.997,-1,-1,-1
307,-1,1117.488,169.644,42.581,25.658,0.969,-1,-1,-1
307,-1,1082.570,180.925,25.579,12.467,0.282,-1,-1,-1
307,-1,803.472,199.770,106.892,96.241,0.948,-1,-1,-1
308,-1,967.177,292.992,127.574,105.243,0.997,-1,-1,-1
308,-1,497.382,495.203,241.550,196.330,0.997,-1,-1,-1
308,-1,1117.414,169.734,42.587,25.518,0.968,-1,-1,-1
308,-1,1082.507,180.873,25.646,12.487,0.282,-1,-1,-1
308,-1,800.989,200.283,108.750,100.531,0.953,-1,-1,-1
309,-1,1117.888,169.461,42.852,25.937,0.970,-1,-1,-1
309,-1,1083.378,181.024,25.079,12.296,0.257,-1,-1,-1
309,-1,798.254,201.352,110.635,102.523,0.972,-1,-1,-1
309,-1,969.719,285.288,126.774,103.281,0.995,-1,-1,-1
309,-1,488.275,505.233,238.357,202.612,0.996,-1,-1,-1
310,-1,464.430,521.161,251.952,205.375,0.997,-1,-1,-1
310,-1,1117.880,169.835,42.585,25.700,0.966,-1,-1,-1
310,-1,1079.686,179.617,31.485,14.120,0.239,-1,-1,-1
310,-1,792.247,205.297,114.818,105.135,0.971,-1,-1,-1
310,-1,971.585,279.830,124.142,103.552,0.996,-1,-1,-1
