191,242,0,1133,968,580,1,-1,-1,-1
192,242,222,1136,867,508,1,-1,-1,-1
193,242,463,1139,766,437,1,-1,-1,-1
194,242,704,1143,665,366,1,-1,-1,-1
195,242,945,1146,564,295,1,-1,-1,-1
196,242,1044,1135,549,290,1,-1,-1,-1
197,242,1098,1132,478,272,1,-1,-1,-1
198,242,1236,1110,380,260,1,-1,-1,-1
199,242,1245,1097,405,261,1,-1,-1,-1
200,242,1362,1093,336,246,1,-1,-1,-1
201,242,1424,1111,270,203,1,-1,-1,-1
202,242,1475,1093,262,207,1,-1,-1,-1
203,242,1526,1089,239,191,1,-1,-1,-1
204,242,1547,1085,225,181,1,-1,-1,-1
205,242,1587,1081,210,175,1,-1,-1,-1
206,242,1608,1080,196,168,1,-1,-1,-1
207,242,1623,1068,187,163,1,-1,-1,-1
208,242,1645,1065,179,157,1,-1,-1,-1
209,242,1662,1061,166,151,1,-1,-1,-1
210,242,1676,1054,160,147,1,-1,-1,-1
211,242,1686,1050,155,143,1,-1,-1,-1
212,242,1700,1043,153,140,1,-1,-1,-1
213,242,1714,1042,139,139,1,-1,-1,-1
214,242,1717,1044,143,113,1,-1,-1,-1
215,242,1722,1042,141,110,1,-1,-1,-1
216,242,1727,1039,139,108,1,-1,-1,-1
217,242,1733,1035,135,106,1,-1,-1,-1
218,242,1738,1030,133,106,1,-1,-1,-1
599,243,1575,960,133,108,1,-1,-1,-1
600,243,1565,961,141,111,1,-1,-1,-1
601,243,1557,963,145,109,1,-1,-1,-1
602,243,1545,967,147,111,1,-1,-1,-1
603,243,1536,968,152,113,1,-1,-1,-1
604,243,1526,968,154,117,1,-1,-1,-1
605,243,1512,967,162,120,1,-1,-1,-1
606,243,1501,960,165,136,1,-1,-1,-1
607,243,1486,960,163,138,1,-1,-1,-1
608,243,1476,963,164,137,1,-1,-1,-1
609,243,1463,962,167,137,1,-1,-1,-1
610,243,1447,959,174,147,1,-1,-1,-1
611,243,1421,964,184,145,1,-1,-1,-1
612,243,1407,968,184,142,1,-1,-1,-1
613,243,1392,968,189,144,1,-1,-1,-1
614,243,1358,966,204,149,1,-1,-1,-1
615,243,1341,963,210,156,1,-1,-1,-1
616,243,1292,960,236,166,1,-1,-1,-1
617,243,1276,957,243,175,1,-1,-1,-1
618,243,1232,960,251,177,1,-1,-1,-1
619,243,1218,955,254,185,1,-1,-1,-1
620,243,1164,955,275,193,1,-1,-1,-1
621,243,1111,954,292,196,1,-1,-1,-1
622,243,1093,954,309,182,1,-1,-1,-1
623,243,960,933,364,226,1,-1,-1,-1
624,243,932,931,373,232,1,-1,-1,-1
625,243,850,927,373,242,1,-1,-1,-1
626,243,718,911,452,269,1,-1,-1,-1
627,243,671,907,508,270,1,-1,-1,-1
628,243,554,903,554,276,1,-1,-1,-1
629,243,397,894,592,294,1,-1,-1,-1
630,243,240,885,630,312,1,-1,-1,-1
631,243,83,876,669,331,1,-1,-1,-1
636,244,1581,960,134,106,1,-1,-1,-1
637,244,1571,959,141,109,1,-1,-1,-1
638,244,1560,958,150,113,1,-1,-1,-1
639,244,1551,959,155,114,1,-1,-1,-1
640,244,1544,961,150,118,1,-1,-1,-1
641,244,1536,963,153,119,1,-1,-1,-1
642,244,1523,964,158,120,1,-1,-1,-1
643,244,1509,964,165,121,1,-1,-1,-1
644,244,1498,958,168,136,1,-1,-1,-1
645,244,1484,959,163,138,1,-1,-1,-1
646,244,1472,960,166,138,1,-1,-1,-1
647,244,1452,959,177,145,1,-1,-1,-1
648,244,1440,959,184,147,1,-1,-1,-1
649,244,1411,962,194,146,1,-1,-1,-1
650,244,1394,963,199,147,1,-1,-1,-1
651,244,1356,964,217,148,1,-1,-1,-1
652,244,1342,963,219,153,1,-1,-1,-1
653,244,1324,960,229,159,1,-1,-1,-1
654,244,1281,956,245,169,1,-1,-1,-1
655,244,1228,960,273,170,1,-1,-1,-1
656,244,1215,957,273,179,1,-1,-1,-1
657,244,1160,958,290,184,1,-1,-1,-1
658,244,1103,957,312,187,1,-1,-1,-1
659,244,1047,936,353,220,1,-1,-1,-1
660,244,952,935,390,222,1,-1,-1,-1
661,244,923,934,397,223,1,-1,-1,-1
662,244,830,931,414,231,1,-1,-1,-1
663,244,703,919,483,252,1,-1,-1,-1
664,244,660,914,527,252,1,-1,-1,-1
665,244,501,899,582,275,1,-1,-1,-1
666,244,342,885,637,299,1,-1,-1,-1
667,244,183,870,692,323,1,-1,-1,-1
668,244,25,856,748,347,1,-1,-1,-1
673,246,1581,951,133,105,1,-1,-1,-1
674,246,1572,950,139,108,1,-1,-1,-1
675,246,1564,949,144,112,1,-1,-1,-1
676,246,1559,953,141,116,1,-1,-1,-1
677,246,1547,957,144,111,1,-1,-1,-1
678,246,1538,955,156,119,1,-1,-1,-1
679,246,1533,956,154,120,1,-1,-1,-1
680,246,1522,955,158,124,1,-1,-1,-1
681,246,1507,955,169,126,1,-1,-1,-1
682,246,1500,953,165,131,1,-1,-1,-1
683,246,1483,954,165,136,1,-1,-1,-1
684,246,1472,955,168,135,1,-1,-1,-1
685,246,1454,952,174,146,1,-1,-1,-1
686,246,1443,952,178,150,1,-1,-1,-1
687,246,1417,954,188,149,1,-1,-1,-1
688,246,1400,956,194,149,1,-1,-1,-1
689,246,1384,955,203,152,1,-1,-1,-1
690,246,1346,957,219,152,1,-1,-1,-1
691,246,1330,955,222,156,1,-1,-1,-1
692,246,1289,954,240,162,1,-1,-1,-1
693,246,1274,951,242,169,1,-1,-1,-1
694,246,1224,951,265,175,1,-1,-1,-1
695,246,1168,955,286,174,1,-1,-1,-1
696,246,1151,946,298,192,1,-1,-1,-1
697,246,1097,945,318,194,1,-1,-1,-1
698,246,1040,928,354,224,1,-1,-1,-1
699,246,955,935,380,218,1,-1,-1,-1
700,246,917,934,399,217,1,-1,-1,-1
701,246,829,930,419,226,1,-1,-1,-1
702,246,719,919,459,246,1,-1,-1,-1
703,246,681,909,490,256,1,-1,-1,-1
704,246,570,901,529,270,1,-1,-1,-1
705,246,408,885,597,297,1,-1,-1,-1
706,246,246,868,665,325,1,-1,-1,-1
707,246,85,852,734,353,1,-1,-1,-1
742,245,0,964,1115,626,1,-1,-1,-1
743,245,163,1010,1039,537,1,-1,-1,-1
744,245,361,1038,950,468,1,-1,-1,-1
745,245,481,1008,812,469,1,-1,-1,-1
746,245,630,1013,777,439,1,-1,-1,-1
747,245,733,1027,657,428,1,-1,-1,-1
748,245,813,1031,617,415,1,-1,-1,-1
749,245,913,1014,595,423,1,-1,-1,-1
750,245,957,1021,569,354,1,-1,-1,-1
751,245,1043,1019,546,341,1,-1,-1,-1
752,245,1088,1022,511,330,1,-1,-1,-1
753,245,1174,1023,458,313,1,-1,-1,-1
754,245,1204,1025,447,305,1,-1,-1,-1
755,245,1236,1030,432,288,1,-1,-1,-1
756,245,1312,1035,383,269,1,-1,-1,-1
757,245,1345,1040,361,255,1,-1,-1,-1
758,245,1376,1042,346,245,1,-1,-1,-1
759,245,1423,1038,326,249,1,-1,-1,-1
760,245,1440,1019,320,251,1,-1,-1,-1
761,245,1453,1034,317,230,1,-1,-1,-1
762,245,1490,1031,293,228,1,-1,-1,-1
763,245,1503,1032,288,222,1,-1,-1,-1
764,245,1523,1034,271,209,1,-1,-1,-1
765,245,1538,1035,255,200,1,-1,-1,-1
766,245,1566,1031,244,195,1,-1,-1,-1
767,245,1574,1029,241,193,1,-1,-1,-1
768,245,1585,1028,234,188,1,-1,-1,-1
769,245,1598,1027,223,186,1,-1,-1,-1
770,245,1611,1028,209,180,1,-1,-1,-1
771,245,1624,1017,206,191,1,-1,-1,-1
772,245,1632,1017,198,168,1,-1,-1,-1
773,245,1639,1015,194,169,1,-1,-1,-1
774,245,1646,1012,192,171,1,-1,-1,-1
775,245,1650,1010,191,169,1,-1,-1,-1
776,245,1657,1009,190,164,1,-1,-1,-1
777,245,1665,1005,184,163,1,-1,-1,-1
778,245,1670,1002,181,164,1,-1,-1,-1
779,245,1673,998,179,164,1,-1,-1,-1
780,245,1683,998,164,156,1,-1,-1,-1
781,245,1694,994,167,149,1,-1,-1,-1
782,245,1695,993,168,147,1,-1,-1,-1
783,245,1697,992,168,146,1,-1,-1,-1
784,245,1700,991,167,144,1,-1,-1,-1
785,245,1703,990,165,143,1,-1,-1,-1
786,245,1705,988,163,143,1,-1,-1,-1
787,245,1707,986,160,143,1,-1,-1,-1
788,245,1709,984,158,143,1,-1,-1,-1
789,245,1711,982,156,144,1,-1,-1,-1
790,245,1713,979,154,144,1,-1,-1,-1
791,245,1715,977,152,144,1,-1,-1,-1
792,245,1717,975,150,144,1,-1,-1,-1
793,245,1719,973,148,144,1,-1,-1,-1
794,245,1721,971,145,144,1,-1,-1,-1
795,245,1723,969,143,145,1,-1,-1,-1
796,245,1725,966,141,145,1,-1,-1,-1
797,245,1727,964,139,145,1,-1,-1,-1
798,245,1729,962,137,145,1,-1,-1,-1
799,245,1731,960,135,145,1,-1,-1,-1
800,245,1733,958,133,145,1,-1,-1,-1
801,245,1735,956,131,146,1,-1,-1,-1
943,247,78,1293,1192,609,1,-1,-1,-1
944,247,291,1319,1152,551,1,-1,-1,-1
945,247,374,1320,1051,553,1,-1,-1,-1
946,247,569,1341,1008,527,1,-1,-1,-1
946,248,1623,887,135,122,1,-1,-1,-1
947,247,683,1355,979,513,1,-1,-1,-1
947,248,1625,888,133,121,1,-1,-1,-1
948,247,797,1369,949,499,1,-1,-1,-1
948,248,1627,889,132,121,1,-1,-1,-1
949,247,959,1381,934,477,1,-1,-1,-1
949,248,1629,890,131,121,1,-1,-1,-1
950,247,1042,1396,870,466,1,-1,-1,-1
950,248,1632,892,130,121,1,-1,-1,-1
951,247,1161,1400,903,454,1,-1,-1,-1
951,248,1634,893,129,120,1,-1,-1,-1
952,247,1257,1422,869,441,1,-1,-1,-1
952,248,1636,894,128,120,1,-1,-1,-1
953,247,1353,1444,834,429,1,-1,-1,-1
953,248,1638,896,127,120,1,-1,-1,-1
954,247,1449,1465,800,417,1,-1,-1,-1
954,248,1641,897,126,120,1,-1,-1,-1
955,247,1505,1480,808,407,1,-1,-1,-1
955,248,1643,898,125,119,1,-1,-1,-1
956,247,1635,1489,809,412,1,-1,-1,-1
956,248,1645,900,124,119,1,-1,-1,-1
957,247,1705,1492,806,426,1,-1,-1,-1
957,248,1647,901,123,119,1,-1,-1,-1
958,247,1776,1496,783,423,1,-1,-1,-1
958,248,1650,902,122,119,1,-1,-1,-1
959,248,1652,903,121,118,1,-1,-1,-1
960,248,1654,905,120,118,1,-1,-1,-1
961,248,1656,906,119,118,1,-1,-1,-1
962,248,1659,907,118,118,1,-1,-1,-1
970,248,1665,914,117,118,1,-1,-1,-1
971,248,1664,914,118,118,1,-1,-1,-1
972,248,1664,915,119,119,1,-1,-1,-1
973,248,1663,915,119,119,1,-1,-1,-1
974,248,1663,915,120,120,1,-1,-1,-1
975,248,1662,916,121,120,1,-1,-1,-1
976,248,1661,916,122,120,1,-1,-1,-1
977,248,1661,916,123,121,1,-1,-1,-1
978,248,1660,917,124,121,1,-1,-1,-1
979,248,1660,917,124,122,1,-1,-1,-1
980,248,1659,917,125,122,1,-1,-1,-1
981,248,1658,918,126,122,1,-1,-1,-1
982,248,1658,918,127,123,1,-1,-1,-1
983,248,1657,918,128,123,1,-1,-1,-1
984,248,1657,919,129,124,1,-1,-1,-1
985,248,1655,920,129,123,1,-1,-1,-1
986,248,1653,922,130,122,1,-1,-1,-1
987,248,1652,923,130,121,1,-1,-1,-1
988,248,1650,925,131,120,1,-1,-1,-1
989,248,1648,926,131,119,1,-1,-1,-1
990,248,1647,928,132,118,1,-1,-1,-1
991,248,1645,929,132,117,1,-1,-1,-1
992,248,1643,931,133,116,1,-1,-1,-1
993,248,1642,932,134,115,1,-1,-1,-1
994,248,1640,934,134,114,1,-1,-1,-1
995,248,1638,935,135,113,1,-1,-1,-1
996,248,1637,937,135,112,1,-1,-1,-1
997,248,1635,938,136,111,1,-1,-1,-1
998,248,1633,940,136,111,1,-1,-1,-1
999,248,1632,941,137,110,1,-1,-1,-1
1000,248,1630,943,138,109,1,-1,-1,-1
1001,248,1628,944,138,108,1,-1,-1,-1
1002,248,1627,946,139,107,1,-1,-1,-1
1003,248,1623,946,141,109,1,-1,-1,-1
1004,248,1621,947,140,107,1,-1,-1,-1
1005,248,1617,946,144,111,1,-1,-1,-1
1006,248,1617,947,141,109,1,-1,-1,-1
1007,248,1614,945,144,111,1,-1,-1,-1
1008,248,1615,945,140,110,1,-1,-1,-1
1009,248,1589,957,159,115,1,-1,-1,-1
1010,248,1586,954,162,120,1,-1,-1,-1
1011,248,1582,951,165,124,1,-1,-1,-1
1012,248,1579,950,166,127,1,-1,-1,-1
1013,248,1576,950,164,127,1,-1,-1,-1
1014,248,1572,950,162,129,1,-1,-1,-1
1015,248,1569,946,160,135,1,-1,-1,-1
1016,248,1563,945,163,136,1,-1,-1,-1
1017,248,1557,946,166,136,1,-1,-1,-1
1018,248,1551,946,169,135,1,-1,-1,-1
1019,248,1546,947,170,135,1,-1,-1,-1
1020,248,1544,946,171,137,1,-1,-1,-1
1021,248,1533,943,169,148,1,-1,-1,-1
1022,248,1532,939,168,158,1,-1,-1,-1
1023,248,1525,940,169,158,1,-1,-1,-1
1024,248,1518,940,171,159,1,-1,-1,-1
1025,248,1510,941,171,161,1,-1,-1,-1
1026,248,1501,938,175,164,1,-1,-1,-1
1027,248,1492,936,181,168,1,-1,-1,-1
1028,248,1485,932,190,173,1,-1,-1,-1
1028,249,692,630,278,176,1,-1,-1,-1
1029,248,1469,944,195,164,1,-1,-1,-1
1029,249,697,632,277,175,1,-1,-1,-1
1030,248,1459,944,199,163,1,-1,-1,-1
1030,249,702,634,277,175,1,-1,-1,-1
1031,248,1446,945,205,163,1,-1,-1,-1
1031,249,707,636,276,175,1,-1,-1,-1
1032,248,1438,946,206,164,1,-1,-1,-1
1032,249,712,638,276,175,1,-1,-1,-1
1033,248,1430,944,209,168,1,-1,-1,-1
1033,249,717,640,275,175,1,-1,-1,-1
1034,248,1403,949,224,165,1,-1,-1,-1
1034,249,722,642,275,175,1,-1,-1,-1
1035,248,1391,946,233,170,1,-1,-1,-1
1035,249,727,644,274,175,1,-1,-1,-1
1036,248,1378,945,240,173,1,-1,-1,-1
1036,249,732,646,274,175,1,-1,-1,-1
1037,248,1368,943,244,178,1,-1,-1,-1
1037,249,737,648,273,175,1,-1,-1,-1
1038,248,1339,945,256,177,1,-1,-1,-1
1038,249,742,650,273,175,1,-1,-1,-1
1039,248,1325,943,266,184,1,-1,-1,-1
1039,249,748,652,272,175,1,-1,-1,-1
1040,248,1313,943,270,189,1,-1,-1,-1
1040,249,753,654,272,174,1,-1,-1,-1
1041,248,1301,938,276,199,1,-1,-1,-1
1041,249,758,656,271,174,1,-1,-1,-1
1042,248,1262,940,295,205,1,-1,-1,-1
1042,249,763,658,271,174,1,-1,-1,-1
1043,248,1243,937,310,211,1,-1,-1,-1
1043,249,768,660,270,174,1,-1,-1,-1
1044,248,1212,940,311,211,1,-1,-1,-1
1044,249,773,662,270,174,1,-1,-1,-1
1045,248,1193,937,325,215,1,-1,-1,-1
1045,249,778,664,269,174,1,-1,-1,-1
1046,248,1155,927,356,233,1,-1,-1,-1
1046,249,783,666,269,174,1,-1,-1,-1
1047,248,1127,924,367,238,1,-1,-1,-1
1047,249,788,668,268,174,1,-1,-1,-1
1048,248,1103,915,385,247,1,-1,-1,-1
1048,249,793,670,268,174,1,-1,-1,-1
1049,248,1051,918,383,252,1,-1,-1,-1
1049,249,798,672,267,174,1,-1,-1,-1
1050,248,1013,910,402,267,1,-1,-1,-1
1050,249,804,675,267,174,1,-1,-1,-1
1051,248,945,908,440,271,1,-1,-1,-1
1051,249,808,676,266,174,1,-1,-1,-1
1052,248,909,904,459,282,1,-1,-1,-1
1052,249,812,677,265,174,1,-1,-1,-1
1053,248,873,898,480,291,1,-1,-1,-1
1053,249,816,678,265,174,1,-1,-1,-1
1054,248,795,892,504,308,1,-1,-1,-1
1054,249,821,679,264,174,1,-1,-1,-1
1055,248,763,885,514,313,1,-1,-1,-1
1055,249,825,680,264,174,1,-1,-1,-1
1056,248,658,881,559,324,1,-1,-1,-1
1056,249,829,682,263,174,1,-1,-1,-1
1057,248,568,828,645,407,1,-1,-1,-1
1057,249,834,683,262,174,1,-1,-1,-1
1058,248,534,867,595,337,1,-1,-1,-1
1058,249,838,684,262,174,1,-1,-1,-1
1059,248,420,868,644,334,1,-1,-1,-1
1059,249,842,685,261,174,1,-1,-1,-1
1060,248,302,845,743,385,1,-1,-1,-1
1060,249,847,686,261,174,1,-1,-1,-1
1061,248,154,824,833,418,1,-1,-1,-1
1061,249,851,688,260,175,1,-1,-1,-1
1062,249,855,689,259,175,1,-1,-1,-1
1063,249,860,690,259,175,1,-1,-1,-1
1064,249,864,691,258,175,1,-1,-1,-1
1065,249,868,692,258,175,1,-1,-1,-1
1066,249,873,693,257,175,1,-1,-1,-1
1067,249,877,695,256,175,1,-1,-1,-1
1068,249,881,696,256,175,1,-1,-1,-1
1069,249,886,697,255,175,1,-1,-1,-1
1070,249,890,698,255,175,1,-1,-1,-1
1071,249,894,699,254,175,1,-1,-1,-1
1072,249,899,701,254,176,1,-1,-1,-1
1073,249,900,701,253,175,1,-1,-1,-1
1074,249,901,702,252,175,1,-1,-1,-1
1075,249,902,703,251,175,1,-1,-1,-1
1076,249,903,703,250,174,1,-1,-1,-1
1077,249,904,704,249,174,1,-1,-1,-1
1078,249,906,705,249,174,1,-1,-1,-1
1079,249,902,704,250,172,1,-1,-1,-1
1080,249,899,703,252,171,1,-1,-1,-1
1081,249,896,702,254,169,1,-1,-1,-1
1082,249,893,701,256,168,1,-1,-1,-1
1083,249,890,700,258,166,1,-1,-1,-1
1084,249,887,700,260,165,1,-1,-1,-1
1085,249,884,698,261,166,1,-1,-1,-1
1086,249,880,699,262,164,1,-1,-1,-1
1087,241,1906,1382,611,298,1,-1,-1,-1
1087,249,877,698,263,165,1,-1,-1,-1
1088,241,1868,1361,596,308,1,-1,-1,-1
1088,249,874,698,262,163,1,-1,-1,-1
1089,241,1830,1340,582,318,1,-1,-1,-1
1089,249,871,696,261,164,1,-1,-1,-1
1090,241,1726,1316,615,318,1,-1,-1,-1
1090,249,871,697,254,163,1,-1,-1,-1
1091,241,1710,1305,605,323,1,-1,-1,-1
1091,249,871,699,248,160,1,-1,-1,-1
1092,241,1632,1272,586,313,1,-1,-1,-1
1092,249,861,702,232,151,1,-1,-1,-1
1093,241,1581,1256,588,309,1,-1,-1,-1
1093,249,854,704,237,149,1,-1,-1,-1
1094,241,1529,1241,591,306,1,-1,-1,-1
1094,249,846,702,242,153,1,-1,-1,-1
1095,241,1426,1223,621,297,1,-1,-1,-1
1095,249,839,700,242,156,1,-1,-1,-1
1096,241,1410,1205,590,269,1,-1,-1,-1
1096,249,833,697,242,161,1,-1,-1,-1
1097,241,1318,1190,617,277,1,-1,-1,-1
1097,249,828,694,243,163,1,-1,-1,-1
1098,241,1235,1170,611,276,1,-1,-1,-1
1098,249,823,691,243,165,1,-1,-1,-1
1099,241,1171,1152,626,283,1,-1,-1,-1
1099,249,820,689,245,166,1,-1,-1,-1
1100,241,1108,1134,641,290,1,-1,-1,-1
1100,249,805,689,246,165,1,-1,-1,-1
1101,241,1005,1113,673,306,1,-1,-1,-1
1101,249,798,691,246,163,1,-1,-1,-1
1102,241,959,1101,652,295,1,-1,-1,-1
1102,249,790,691,250,163,1,-1,-1,-1
1103,241,912,1089,631,285,1,-1,-1,-1
1103,249,783,690,251,163,1,-1,-1,-1
1104,241,802,1077,661,285,1,-1,-1,-1
1104,249,776,667,267,177,1,-1,-1,-1
1105,241,707,1055,668,290,1,-1,-1,-1
1105,249,768,666,271,177,1,-1,-1,-1
1106,241,616,1041,674,298,1,-1,-1,-1
1106,249,763,668,275,172,1,-1,-1,-1
1107,241,495,1022,717,314,1,-1,-1,-1
1107,249,741,670,260,169,1,-1,-1,-1
1108,241,375,1002,760,331,1,-1,-1,-1
1108,249,730,668,263,170,1,-1,-1,-1
1109,241,254,983,803,347,1,-1,-1,-1
1109,249,722,666,261,172,1,-1,-1,-1
1110,241,134,964,846,364,1,-1,-1,-1
1110,249,719,666,254,170,1,-1,-1,-1
1111,241,14,945,889,381,1,-1,-1,-1
1111,249,692,667,269,172,1,-1,-1,-1
1112,249,680,666,274,171,1,-1,-1,-1
1113,249,670,664,273,174,1,-1,-1,-1
1114,249,666,663,264,173,1,-1,-1,-1
1115,249,639,668,275,167,1,-1,-1,-1
1116,249,630,666,278,167,1,-1,-1,-1
1117,249,622,664,275,170,1,-1,-1,-1
1118,249,619,661,265,173,1,-1,-1,-1
1119,249,584,659,285,173,1,-1,-1,-1
1120,249,571,657,295,176,1,-1,-1,-1
1121,249,559,654,298,177,1,-1,-1,-1
1122,249,557,653,288,177,1,-1,-1,-1
1123,249,531,649,292,179,1,-1,-1,-1
1124,249,522,650,296,176,1,-1,-1,-1
1125,249,514,646,294,178,1,-1,-1,-1
1126,249,511,644,286,182,1,-1,-1,-1
1127,249,489,636,286,193,1,-1,-1,-1
1128,249,484,638,289,189,1,-1,-1,-1
1129,249,477,640,288,187,1,-1,-1,-1
1130,249,472,641,284,187,1,-1,-1,-1
1131,249,466,639,281,191,1,-1,-1,-1
1132,249,462,638,281,194,1,-1,-1,-1
1133,249,458,637,284,198,1,-1,-1,-1
1134,249,458,636,281,202,1,-1,-1,-1
1135,249,437,638,290,214,1,-1,-1,-1
1136,249,436,636,286,222,1,-1,-1,-1
1137,249,434,636,282,226,1,-1,-1,-1
1138,249,433,637,276,225,1,-1,-1,-1
1139,249,432,641,270,222,1,-1,-1,-1
1140,249,430,664,250,209,1,-1,-1,-1
1141,249,430,665,248,211,1,-1,-1,-1
1142,249,431,666,246,214,1,-1,-1,-1
1143,249,433,667,242,218,1,-1,-1,-1
1144,249,433,669,239,222,1,-1,-1,-1
1145,249,433,670,236,228,1,-1,-1,-1
1146,249,432,673,237,230,1,-1,-1,-1
1147,249,431,676,237,234,1,-1,-1,-1
1148,249,429,677,239,239,1,-1,-1,-1
1149,249,429,678,241,242,1,-1,-1,-1
1150,249,429,680,244,244,1,-1,-1,-1
1151,249,431,682,246,243,1,-1,-1,-1
1152,249,430,692,245,254,1,-1,-1,-1
1153,249,433,694,246,255,1,-1,-1,-1
1154,249,435,697,248,255,1,-1,-1,-1
1155,249,436,699,250,257,1,-1,-1,-1
1156,249,438,701,252,260,1,-1,-1,-1
1157,249,440,702,254,264,1,-1,-1,-1
1158,249,443,704,254,269,1,-1,-1,-1
1159,249,444,705,254,275,1,-1,-1,-1
1160,249,445,706,254,279,1,-1,-1,-1
1161,249,446,726,263,282,1,-1,-1,-1
1162,249,444,724,267,292,1,-1,-1,-1
1163,249,440,722,272,306,1,-1,-1,-1
1164,249,434,722,276,318,1,-1,-1,-1
1165,249,417,732,300,315,1,-1,-1,-1
1166,249,405,740,309,315,1,-1,-1,-1
1167,249,394,748,314,316,1,-1,-1,-1
1168,249,382,755,319,315,1,-1,-1,-1
1169,249,364,761,332,317,1,-1,-1,-1
1170,249,341,765,352,322,1,-1,-1,-1
1171,249,318,766,378,329,1,-1,-1,-1
1172,249,266,775,415,331,1,-1,-1,-1
1173,249,232,771,447,346,1,-1,-1,-1
1174,249,197,769,468,357,1,-1,-1,-1
1175,249,109,766,529,370,1,-1,-1,-1
1176,249,58,793,575,356,1,-1,-1,-1
1177,249,18,792,602,362,1,-1,-1,-1
1265,250,166,1096,989,584,1,-1,-1,-1
1266,250,327,1091,895,543,1,-1,-1,-1
1267,250,489,1085,801,502,1,-1,-1,-1
1268,250,664,1081,757,464,1,-1,-1,-1
1269,250,779,1075,633,445,1,-1,-1,-1
1270,250,877,1079,584,409,1,-1,-1,-1
1271,250,976,1083,535,374,1,-1,-1,-1
1272,250,1063,1086,527,354,1,-1,-1,-1
1273,250,1111,1076,488,326,1,-1,-1,-1
1274,250,1208,1072,439,321,1,-1,-1,-1
1275,250,1237,1074,435,296,1,-1,-1,-1
1276,250,1329,1066,372,288,1,-1,-1,-1
1277,250,1371,1063,345,272,1,-1,-1,-1
1278,250,1396,1062,332,262,1,-1,-1,-1
1279,250,1439,1056,317,260,1,-1,-1,-1
1280,250,1469,1066,287,233,1,-1,-1,-1
1281,250,1507,1064,272,219,1,-1,-1,-1
1282,250,1524,1059,265,218,1,-1,-1,-1
1283,250,1552,1050,255,227,1,-1,-1,-1
1284,250,1564,1052,245,218,1,-1,-1,-1
1285,250,1584,1046,229,199,1,-1,-1,-1
1286,250,1595,1044,224,193,1,-1,-1,-1
1287,250,1605,1040,218,188,1,-1,-1,-1
1288,250,1625,1037,209,184,1,-1,-1,-1
1289,250,1634,1033,198,184,1,-1,-1,-1
1290,250,1642,1029,190,184,1,-1,-1,-1
1291,250,1650,1026,185,181,1,-1,-1,-1
1292,250,1658,1025,180,176,1,-1,-1,-1
1293,250,1669,1023,174,157,1,-1,-1,-1
1294,250,1674,1028,170,146,1,-1,-1,-1
1295,250,1677,1024,167,145,1,-1,-1,-1
1296,250,1682,1019,162,145,1,-1,-1,-1
1297,250,1685,1015,160,144,1,-1,-1,-1
1298,250,1687,1011,157,145,1,-1,-1,-1
1299,250,1689,1008,156,143,1,-1,-1,-1
1300,250,1691,1005,153,141,1,-1,-1,-1
1301,250,1697,996,158,145,1,-1,-1,-1
1302,250,1698,994,157,144,1,-1,-1,-1
1303,250,1700,995,154,137,1,-1,-1,-1
1304,250,1702,992,152,136,1,-1,-1,-1
1305,250,1703,990,150,135,1,-1,-1,-1
1306,250,1705,987,148,134,1,-1,-1,-1
1307,250,1707,984,146,133,1,-1,-1,-1
1308,250,1708,981,144,132,1,-1,-1,-1
1309,250,1710,978,142,132,1,-1,-1,-1
1310,250,1711,976,140,131,1,-1,-1,-1
1311,250,1713,973,138,130,1,-1,-1,-1
1312,250,1715,970,136,129,1,-1,-1,-1
1313,250,1716,967,134,128,1,-1,-1,-1
1314,250,1718,964,132,127,1,-1,-1,-1
1315,250,1720,962,131,127,1,-1,-1,-1
1368,251,1593,961,132,105,1,-1,-1,-1
1369,251,1586,959,132,110,1,-1,-1,-1
1370,251,1579,958,135,114,1,-1,-1,-1
1371,251,1566,957,144,119,1,-1,-1,-1
1372,251,1553,957,158,123,1,-1,-1,-1
1373,251,1542,962,153,126,1,-1,-1,-1
1374,251,1535,954,156,142,1,-1,-1,-1
1375,251,1521,957,161,142,1,-1,-1,-1
1376,251,1507,960,165,140,1,-1,-1,-1
1377,251,1500,962,164,136,1,-1,-1,-1
1378,251,1471,966,175,142,1,-1,-1,-1
1379,251,1455,965,179,146,1,-1,-1,-1
1380,251,1439,964,189,151,1,-1,-1,-1
1381,251,1403,967,202,152,1,-1,-1,-1
1382,251,1384,970,211,152,1,-1,-1,-1
1383,251,1344,967,225,159,1,-1,-1,-1
1384,251,1327,965,232,165,1,-1,-1,-1
1385,251,1278,961,252,180,1,-1,-1,-1
1386,251,1224,962,277,181,1,-1,-1,-1
1387,251,1212,958,278,190,1,-1,-1,-1
1388,251,1152,967,300,189,1,-1,-1,-1
1389,251,1071,939,341,219,1,-1,-1,-1
1390,251,1038,935,355,227,1,-1,-1,-1
1391,251,944,952,388,225,1,-1,-1,-1
1392,251,820,947,457,243,1,-1,-1,-1
1393,251,797,944,459,245,1,-1,-1,-1
1394,251,696,939,481,258,1,-1,-1,-1
1395,251,557,924,534,291,1,-1,-1,-1
1396,251,418,909,588,324,1,-1,-1,-1
1397,251,279,894,641,356,1,-1,-1,-1
1398,251,140,880,694,389,1,-1,-1,-1
1399,251,0,879,713,399,1,-1,-1,-1
1637,252,276,1084,820,463,1,-1,-1,-1
1638,252,504,1075,744,440,1,-1,-1,-1
1639,252,546,1072,728,433,1,-1,-1,-1
1640,252,761,1076,616,367,1,-1,-1,-1
1641,252,975,1080,504,301,1,-1,-1,-1
1642,252,1070,1071,498,294,1,-1,-1,-1
1643,252,1126,1066,432,286,1,-1,-1,-1
1644,252,1222,1062,395,260,1,-1,-1,-1
1645,252,1260,1061,376,249,1,-1,-1,-1
1646,252,1340,1055,342,247,1,-1,-1,-1
1647,252,1412,1061,277,220,1,-1,-1,-1
1648,252,1459,1061,262,212,1,-1,-1,-1
1649,252,1476,1059,256,208,1,-1,-1,-1
1650,252,1516,1067,239,188,1,-1,-1,-1
1651,252,1530,1051,235,186,1,-1,-1,-1
1652,252,1551,1047,221,181,1,-1,-1,-1
1653,252,1582,1045,204,172,1,-1,-1,-1
1654,252,1599,1040,191,170,1,-1,-1,-1
1655,252,1617,1036,180,166,1,-1,-1,-1
1656,252,1627,1033,176,164,1,-1,-1,-1
1657,252,1645,1028,166,165,1,-1,-1,-1
1658,252,1649,1032,172,142,1,-1,-1,-1
1659,252,1657,1030,169,139,1,-1,-1,-1
1660,252,1666,1025,164,139,1,-1,-1,-1
1661,252,1672,1021,160,137,1,-1,-1,-1
1662,252,1679,1014,155,138,1,-1,-1,-1
1663,252,1686,1009,151,138,1,-1,-1,-1
1664,252,1693,1011,144,127,1,-1,-1,-1
1665,252,1697,1007,139,125,1,-1,-1,-1
1666,252,1717,1003,124,124,1,-1,-1,-1
1667,252,1719,1001,122,125,1,-1,-1,-1
1668,252,1723,1002,118,121,1,-1,-1,-1
1669,252,1721,997,126,111,1,-1,-1,-1
1789,253,226,1064,914,595,1,-1,-1,-1
1790,253,400,1064,826,544,1,-1,-1,-1
1791,253,574,1065,739,493,1,-1,-1,-1
1792,253,748,1066,651,442,1,-1,-1,-1
1793,253,923,1067,564,391,1,-1,-1,-1
1794,253,1097,1068,476,340,1,-1,-1,-1
1795,253,1203,1067,428,318,1,-1,-1,-1
1796,253,1243,1066,401,300,1,-1,-1,-1
1797,253,1336,1061,350,283,1,-1,-1,-1
1798,253,1377,1060,328,269,1,-1,-1,-1
1799,253,1453,1059,283,247,1,-1,-1,-1
1800,253,1473,1058,269,235,1,-1,-1,-1
1801,253,1514,1057,260,224,1,-1,-1,-1
1802,253,1537,1057,242,214,1,-1,-1,-1
1803,253,1570,1045,228,202,1,-1,-1,-1
1804,253,1588,1043,217,196,1,-1,-1,-1
1805,253,1606,1040,206,190,1,-1,-1,-1
1806,253,1619,1036,196,185,1,-1,-1,-1
1807,253,1637,1030,185,185,1,-1,-1,-1
1808,253,1646,1027,180,180,1,-1,-1,-1
1809,253,1654,1019,180,166,1,-1,-1,-1
1810,253,1669,1025,169,152,1,-1,-1,-1
1811,253,1676,1025,167,150,1,-1,-1,-1
1812,253,1683,1021,162,149,1,-1,-1,-1
1813,253,1687,1015,158,151,1,-1,-1,-1
1814,253,1690,1009,155,152,1,-1,-1,-1
1815,253,1700,1001,156,150,1,-1,-1,-1
1816,253,1703,996,154,150,1,-1,-1,-1
1817,253,1707,991,152,151,1,-1,-1,-1
1818,253,1717,1000,136,131,1,-1,-1,-1
1819,253,1718,997,135,131,1,-1,-1,-1
1820,253,1719,994,134,130,1,-1,-1,-1
1821,253,1720,991,133,130,1,-1,-1,-1
1822,253,1721,988,132,129,1,-1,-1,-1
1823,253,1722,985,131,129,1,-1,-1,-1
1824,253,1723,981,130,129,1,-1,-1,-1
1825,253,1724,978,129,128,1,-1,-1,-1
1826,253,1725,975,128,128,1,-1,-1,-1
1827,253,1726,972,127,127,1,-1,-1,-1
1828,253,1727,969,126,127,1,-1,-1,-1
1829,253,1728,966,125,126,1,-1,-1,-1
1830,253,1729,963,124,126,1,-1,-1,-1
1831,253,1731,960,124,126,1,-1,-1,-1
1904,258,0,529,481,322,1,-1,-1,-1
1905,258,0,532,490,327,1,-1,-1,-1
1906,258,9,533,501,333,1,-1,-1,-1
1907,258,18,532,512,340,1,-1,-1,-1
1908,258,22,525,523,353,1,-1,-1,-1
1909,258,67,530,497,352,1,-1,-1,-1
1910,258,72,525,502,362,1,-1,-1,-1
1911,258,82,528,501,363,1,-1,-1,-1
1912,258,96,533,495,361,1,-1,-1,-1
1913,258,112,539,490,361,1,-1,-1,-1
1914,258,128,547,483,356,1,-1,-1,-1
1915,258,138,554,481,354,1,-1,-1,-1
1916,258,152,567,512,338,1,-1,-1,-1
1917,258,154,569,515,343,1,-1,-1,-1
1918,258,164,570,505,344,1,-1,-1,-1
1919,258,159,592,519,365,1,-1,-1,-1
1920,258,165,592,519,366,1,-1,-1,-1
1921,258,174,595,514,364,1,-1,-1,-1
1922,258,186,597,507,363,1,-1,-1,-1
1923,258,200,599,501,364,1,-1,-1,-1
1924,258,210,602,499,364,1,-1,-1,-1
1925,258,215,604,502,364,1,-1,-1,-1
1926,258,217,605,506,366,1,-1,-1,-1
1927,258,218,603,511,370,1,-1,-1,-1
1928,258,220,605,512,372,1,-1,-1,-1
1929,258,223,607,513,373,1,-1,-1,-1
1930,258,224,610,517,374,1,-1,-1,-1
1931,258,223,612,521,375,1,-1,-1,-1
1932,258,249,608,508,384,1,-1,-1,-1
1933,258,257,608,500,389,1,-1,-1,-1
1934,258,268,609,488,392,1,-1,-1,-1
1935,258,279,612,481,393,1,-1,-1,-1
1936,258,289,620,478,391,1,-1,-1,-1
1937,258,297,627,480,393,1,-1,-1,-1
1938,258,305,635,488,392,1,-1,-1,-1
1939,258,313,639,498,394,1,-1,-1,-1
1940,258,321,643,505,397,1,-1,-1,-1
1941,258,332,642,497,405,1,-1,-1,-1
1942,258,362,647,501,398,1,-1,-1,-1
1943,258,374,676,497,400,1,-1,-1,-1
1944,258,387,687,503,396,1,-1,-1,-1
1945,258,400,697,515,400,1,-1,-1,-1
1946,258,410,706,527,403,1,-1,-1,-1
1947,258,462,722,510,399,1,-1,-1,-1
1948,258,484,737,511,397,1,-1,-1,-1
1949,258,506,750,511,388,1,-1,-1,-1
1950,258,555,763,508,366,1,-1,-1,-1
1951,258,561,780,545,396,1,-1,-1,-1
1952,258,580,786,558,404,1,-1,-1,-1
1953,258,632,801,556,397,1,-1,-1,-1
1954,258,661,807,552,406,1,-1,-1,-1
1955,258,694,819,535,401,1,-1,-1,-1
1956,258,754,834,531,405,1,-1,-1,-1
1957,258,784,872,534,389,1,-1,-1,-1
1958,258,851,874,526,392,1,-1,-1,-1
1959,258,877,873,526,404,1,-1,-1,-1
1960,258,941,881,528,403,1,-1,-1,-1
1961,258,957,889,544,405,1,-1,-1,-1
1962,258,991,906,529,389,1,-1,-1,-1
1963,258,1050,924,538,378,1,-1,-1,-1
1964,258,1088,939,518,360,1,-1,-1,-1
1965,258,1150,959,513,343,1,-1,-1,-1
1966,258,1175,963,516,349,1,-1,-1,-1
1967,258,1210,969,495,340,1,-1,-1,-1
1968,258,1247,972,509,342,1,-1,-1,-1
1969,258,1271,996,509,342,1,-1,-1,-1
1970,258,1296,1002,499,333,1,-1,-1,-1
1971,258,1309,1010,499,322,1,-1,-1,-1
1972,258,1387,1019,434,310,1,-1,-1,-1
1973,258,1418,1027,416,302,1,-1,-1,-1
1974,258,1444,1036,407,292,1,-1,-1,-1
1975,258,1456,1044,409,285,1,-1,-1,-1
1976,258,1506,1044,377,275,1,-1,-1,-1
1977,258,1535,1046,351,271,1,-1,-1,-1
1978,258,1564,1049,329,265,1,-1,-1,-1
1979,258,1587,1053,315,258,1,-1,-1,-1
1980,258,1598,1072,312,234,1,-1,-1,-1
1981,258,1617,1073,289,234,1,-1,-1,-1
1982,258,1645,1067,273,232,1,-1,-1,-1
1983,258,1656,1065,261,236,1,-1,-1,-1
1984,258,1667,1063,252,236,1,-1,-1,-1
1985,258,1678,1060,244,231,1,-1,-1,-1
1986,258,1688,1055,237,230,1,-1,-1,-1
1987,258,1697,1052,226,227,1,-1,-1,-1
1988,258,1715,1054,224,221,1,-1,-1,-1
1989,258,1719,1056,217,213,1,-1,-1,-1
1990,258,1731,1046,206,201,1,-1,-1,-1
1991,258,1734,1046,203,199,1,-1,-1,-1
1992,258,1738,1045,199,196,1,-1,-1,-1
1993,258,1741,1045,194,193,1,-1,-1,-1
1994,258,1744,1045,190,188,1,-1,-1,-1
1995,258,1746,1044,189,184,1,-1,-1,-1
1996,258,1748,1043,188,178,1,-1,-1,-1
1997,258,1753,1041,186,174,1,-1,-1,-1
1998,254,1638,925,124,135,1,-1,-1,-1
1998,258,1766,1042,165,166,1,-1,-1,-1
1999,254,1635,926,125,136,1,-1,-1,-1
1999,258,1768,1037,165,166,1,-1,-1,-1
2000,254,1632,927,127,137,1,-1,-1,-1
2000,258,1768,1034,165,164,1,-1,-1,-1
2001,254,1629,928,128,139,1,-1,-1,-1
2001,258,1773,1011,164,166,1,-1,-1,-1
2002,254,1626,929,130,140,1,-1,-1,-1
2002,258,1773,1011,164,164,1,-1,-1,-1
2003,254,1624,930,132,141,1,-1,-1,-1
2003,258,1773,1012,163,160,1,-1,-1,-1
2004,254,1621,931,133,143,1,-1,-1,-1
2004,258,1774,1013,161,155,1,-1,-1,-1
2005,254,1618,932,135,144,1,-1,-1,-1
2005,258,1773,1010,160,152,1,-1,-1,-1
2006,254,1615,933,136,145,1,-1,-1,-1
2006,258,1771,1004,159,152,1,-1,-1,-1
2007,254,1613,934,138,147,1,-1,-1,-1
2007,258,1770,999,158,153,1,-1,-1,-1
2008,254,1610,935,140,148,1,-1,-1,-1
2008,258,1770,997,157,150,1,-1,-1,-1
2009,254,1607,936,141,149,1,-1,-1,-1
2009,258,1770,995,157,146,1,-1,-1,-1
2010,254,1604,937,143,151,1,-1,-1,-1
2010,258,1768,994,157,143,1,-1,-1,-1
2011,254,1601,938,144,152,1,-1,-1,-1
2011,258,1765,993,156,141,1,-1,-1,-1
2012,254,1599,939,146,153,1,-1,-1,-1
2012,258,1764,992,154,142,1,-1,-1,-1
2013,254,1596,940,148,155,1,-1,-1,-1
2013,258,1774,993,140,113,1,-1,-1,-1
2014,254,1593,941,149,156,1,-1,-1,-1
2014,258,1771,992,139,115,1,-1,-1,-1
2015,254,1590,942,151,157,1,-1,-1,-1
2015,258,1770,992,137,116,1,-1,-1,-1
2016,254,1588,943,153,159,1,-1,-1,-1
2016,258,1767,991,139,117,1,-1,-1,-1
2017,254,1582,943,155,160,1,-1,-1,-1
2017,258,1769,991,135,113,1,-1,-1,-1
2018,254,1576,944,157,161,1,-1,-1,-1
2018,258,1767,989,134,113,1,-1,-1,-1
2019,254,1570,945,159,162,1,-1,-1,-1
2019,258,1770,987,129,110,1,-1,-1,-1
2020,254,1564,946,162,164,1,-1,-1,-1
2020,258,1769,985,129,109,1,-1,-1,-1
2021,254,1558,947,164,165,1,-1,-1,-1
2021,258,1754,979,121,115,1,-1,-1,-1
2022,254,1552,947,166,166,1,-1,-1,-1
2022,258,1753,975,123,115,1,-1,-1,-1
2023,254,1546,948,169,168,1,-1,-1,-1
2023,258,1753,974,124,115,1,-1,-1,-1
2024,254,1540,949,171,169,1,-1,-1,-1
2024,258,1753,972,123,113,1,-1,-1,-1
2025,254,1534,950,173,170,1,-1,-1,-1
2026,254,1528,951,176,172,1,-1,-1,-1
2027,254,1375,949,249,217,1,-1,-1,-1
2028,254,1351,957,259,210,1,-1,-1,-1
2029,254,1328,965,270,204,1,-1,-1,-1
2030,254,1308,961,282,210,1,-1,-1,-1
2031,254,1281,966,273,206,1,-1,-1,-1
2032,254,1255,957,298,219,1,-1,-1,-1
2033,254,1241,954,301,223,1,-1,-1,-1
2034,254,1198,956,316,222,1,-1,-1,-1
2035,254,1149,958,360,220,1,-1,-1,-1
2036,254,1120,955,372,224,1,-1,-1,-1
2037,254,1066,953,389,234,1,-1,-1,-1
2038,254,1036,948,399,237,1,-1,-1,-1
2039,254,997,945,424,243,1,-1,-1,-1
2040,254,929,942,437,254,1,-1,-1,-1
2041,254,891,935,457,263,1,-1,-1,-1
2042,254,798,931,496,274,1,-1,-1,-1
2043,254,758,922,523,286,1,-1,-1,-1
2044,254,665,915,546,304,1,-1,-1,-1
2045,254,562,916,570,305,1,-1,-1,-1
2046,254,567,882,541,307,1,-1,-1,-1
2047,254,394,873,637,404,1,-1,-1,-1
2048,254,312,837,711,388,1,-1,-1,-1
2049,254,135,851,765,373,1,-1,-1,-1
2050,254,106,842,718,389,1,-1,-1,-1
2180,255,720,1137,625,442,1,-1,-1,-1
2180,256,1621,936,130,112,1,-1,-1,-1
2181,255,849,1142,568,384,1,-1,-1,-1
2181,256,1617,938,130,111,1,-1,-1,-1
2182,255,978,1147,511,326,1,-1,-1,-1
2182,256,1613,941,130,110,1,-1,-1,-1
2183,255,1088,1137,479,303,1,-1,-1,-1
2183,256,1609,944,130,110,1,-1,-1,-1
2184,255,1211,1136,407,273,1,-1,-1,-1
2184,256,1605,947,130,109,1,-1,-1,-1
2185,255,1227,1137,414,263,1,-1,-1,-1
2185,256,1601,950,130,109,1,-1,-1,-1
2186,255,1343,1106,346,260,1,-1,-1,-1
2186,256,1598,953,130,108,1,-1,-1,-1
2187,255,1411,1109,285,242,1,-1,-1,-1
2187,256,1594,955,130,107,1,-1,-1,-1
2188,255,1461,1099,271,237,1,-1,-1,-1
2188,256,1590,958,130,107,1,-1,-1,-1
2189,255,1477,1103,261,220,1,-1,-1,-1
2189,256,1583,957,133,110,1,-1,-1,-1
2190,255,1530,1092,245,210,1,-1,-1,-1
2190,256,1575,956,137,115,1,-1,-1,-1
2191,255,1542,1090,241,204,1,-1,-1,-1
2191,256,1565,956,142,119,1,-1,-1,-1
2192,255,1585,1082,225,196,1,-1,-1,-1
2192,256,1562,957,138,121,1,-1,-1,-1
2193,255,1604,1079,212,189,1,-1,-1,-1
2193,256,1536,963,154,119,1,-1,-1,-1
2194,255,1637,1075,190,185,1,-1,-1,-1
2194,256,1525,963,160,121,1,-1,-1,-1
2195,255,1653,1077,178,172,1,-1,-1,-1
2195,256,1514,965,162,122,1,-1,-1,-1
2196,255,1665,1066,179,162,1,-1,-1,-1
2196,256,1502,957,166,139,1,-1,-1,-1
2197,255,1678,1064,170,157,1,-1,-1,-1
2197,256,1484,958,165,140,1,-1,-1,-1
2198,255,1684,1057,167,158,1,-1,-1,-1
2198,256,1472,961,167,138,1,-1,-1,-1
2199,255,1702,1057,156,148,1,-1,-1,-1
2199,256,1448,959,179,146,1,-1,-1,-1
2200,255,1706,1050,156,146,1,-1,-1,-1
2200,256,1420,960,188,148,1,-1,-1,-1
2201,255,1710,1046,156,142,1,-1,-1,-1
2201,256,1404,963,195,148,1,-1,-1,-1
2202,255,1722,1050,149,130,1,-1,-1,-1
2202,256,1388,964,202,151,1,-1,-1,-1
2203,255,1728,1046,147,132,1,-1,-1,-1
2203,256,1344,966,218,152,1,-1,-1,-1
2204,255,1734,1039,138,122,1,-1,-1,-1
2204,256,1296,962,238,157,1,-1,-1,-1
2205,255,1736,1038,139,120,1,-1,-1,-1
2205,256,1277,956,250,174,1,-1,-1,-1
2206,255,1740,1036,136,117,1,-1,-1,-1
2206,256,1218,956,280,181,1,-1,-1,-1
2207,255,1744,1033,132,115,1,-1,-1,-1
2207,256,1162,957,298,183,1,-1,-1,-1
2208,255,1749,1027,129,115,1,-1,-1,-1
2208,256,1154,953,292,192,1,-1,-1,-1
2209,255,1753,1022,125,116,1,-1,-1,-1
2209,256,1058,934,348,223,1,-1,-1,-1
2210,255,1754,1018,124,115,1,-1,-1,-1
2210,256,945,927,409,230,1,-1,-1,-1
2211,255,1755,1016,123,113,1,-1,-1,-1
2211,256,933,933,384,226,1,-1,-1,-1
2212,256,825,930,425,235,1,-1,-1,-1
2213,256,704,918,480,253,1,-1,-1,-1
2214,256,568,901,530,274,1,-1,-1,-1
2215,256,432,885,580,294,1,-1,-1,-1
2216,255,1753,998,123,112,1,-1,-1,-1
2216,256,296,868,630,315,1,-1,-1,-1
2217,255,1752,994,123,113,1,-1,-1,-1
2217,256,161,852,681,336,1,-1,-1,-1
2218,255,1752,989,123,114,1,-1,-1,-1
2219,255,1751,985,124,115,1,-1,-1,-1
2220,255,1751,981,124,116,1,-1,-1,-1
2221,255,1750,977,124,117,1,-1,-1,-1
2222,255,1750,973,125,118,1,-1,-1,-1
