1,306,1341,744,285,190,1,-1,-1,-1
1,320,1990,894,213,175,1,-1,-1,-1
2,306,1296,755,340,196,1,-1,-1,-1
2,320,2012,905,198,171,1,-1,-1,-1
3,306,1284,754,345,197,1,-1,-1,-1
3,320,2016,905,196,169,1,-1,-1,-1
4,306,1275,752,344,199,1,-1,-1,-1
4,320,2019,904,194,168,1,-1,-1,-1
5,306,1244,741,365,218,1,-1,-1,-1
5,320,2023,904,192,166,1,-1,-1,-1
6,306,1226,741,368,217,1,-1,-1,-1
6,320,2027,904,190,164,1,-1,-1,-1
7,306,1208,742,380,216,1,-1,-1,-1
7,320,2030,903,188,162,1,-1,-1,-1
8,306,1197,743,386,215,1,-1,-1,-1
8,320,2034,903,186,160,1,-1,-1,-1
9,306,1170,739,389,222,1,-1,-1,-1
9,320,2038,903,184,158,1,-1,-1,-1
10,306,1162,736,389,227,1,-1,-1,-1
10,320,2041,902,182,156,1,-1,-1,-1
11,306,1147,733,391,230,1,-1,-1,-1
11,320,2045,902,180,154,1,-1,-1,-1
12,306,1129,730,391,236,1,-1,-1,-1
12,320,2049,902,178,152,1,-1,-1,-1
13,306,1105,728,403,239,1,-1,-1,-1
13,320,2052,901,176,151,1,-1,-1,-1
14,306,1086,725,417,243,1,-1,-1,-1
14,320,2056,901,174,149,1,-1,-1,-1
15,306,1053,725,438,245,1,-1,-1,-1
15,320,2060,901,172,147,1,-1,-1,-1
16,306,1043,725,446,244,1,-1,-1,-1
16,320,2063,900,170,145,1,-1,-1,-1
17,306,1028,723,456,244,1,-1,-1,-1
17,320,2067,900,168,143,1,-1,-1,-1
18,306,1013,720,458,247,1,-1,-1,-1
18,320,2070,900,166,141,1,-1,-1,-1
19,306,992,713,465,256,1,-1,-1,-1
19,320,2074,900,165,139,1,-1,-1,-1
20,306,976,708,465,265,1,-1,-1,-1
20,320,2078,899,163,137,1,-1,-1,-1
21,306,960,705,476,268,1,-1,-1,-1
21,320,2081,899,161,135,1,-1,-1,-1
22,306,948,706,488,264,1,-1,-1,-1
22,320,2085,899,159,133,1,-1,-1,-1
23,306,931,708,485,263,1,-1,-1,-1
23,320,2089,898,157,132,1,-1,-1,-1
24,306,918,708,502,261,1,-1,-1,-1
24,320,2092,898,155,130,1,-1,-1,-1
25,306,905,706,514,261,1,-1,-1,-1
25,320,2096,898,153,128,1,-1,-1,-1
26,306,894,701,513,267,1,-1,-1,-1
26,320,2100,897,151,126,1,-1,-1,-1
27,306,881,696,514,276,1,-1,-1,-1
27,320,2103,897,149,124,1,-1,-1,-1
28,306,867,695,518,278,1,-1,-1,-1
28,320,2107,897,147,122,1,-1,-1,-1
29,306,854,694,526,279,1,-1,-1,-1
29,320,2111,896,145,120,1,-1,-1,-1
30,306,845,692,531,281,1,-1,-1,-1
30,320,2114,896,143,118,1,-1,-1,-1
31,306,838,689,533,287,1,-1,-1,-1
31,320,2118,896,141,116,1,-1,-1,-1
32,306,829,688,540,289,1,-1,-1,-1
32,320,2121,895,139,115,1,-1,-1,-1
33,306,819,689,551,289,1,-1,-1,-1
34,306,792,690,566,287,1,-1,-1,-1
35,312,0,824,1445,770,1,-1,-1,-1
36,312,184,832,1384,753,1,-1,-1,-1
37,312,396,867,1240,678,1,-1,-1,-1
38,312,609,902,1096,603,1,-1,-1,-1
39,306,770,684,562,298,1,-1,-1,-1
39,312,821,937,952,529,1,-1,-1,-1
40,299,1729,798,151,117,1,-1,-1,-1
40,306,766,682,566,301,1,-1,-1,-1
40,312,1022,937,858,495,1,-1,-1,-1
41,299,1718,797,159,119,1,-1,-1,-1
41,306,766,680,565,304,1,-1,-1,-1
41,312,1133,934,756,477,1,-1,-1,-1
42,299,1709,796,159,121,1,-1,-1,-1
42,306,759,678,568,306,1,-1,-1,-1
42,312,1287,933,661,457,1,-1,-1,-1
43,299,1704,796,158,121,1,-1,-1,-1
43,306,755,675,571,309,1,-1,-1,-1
43,312,1371,936,587,446,1,-1,-1,-1
44,299,1693,797,138,115,1,-1,-1,-1
44,306,749,674,578,310,1,-1,-1,-1
44,312,1451,955,545,379,1,-1,-1,-1
45,299,1682,795,152,121,1,-1,-1,-1
45,306,741,672,582,311,1,-1,-1,-1
45,312,1498,961,508,352,1,-1,-1,-1
46,299,1672,795,156,123,1,-1,-1,-1
46,306,733,673,583,309,1,-1,-1,-1
46,312,1586,955,460,343,1,-1,-1,-1
47,299,1662,794,158,126,1,-1,-1,-1
47,306,727,672,583,308,1,-1,-1,-1
47,312,1629,955,432,320,1,-1,-1,-1
48,299,1654,794,158,125,1,-1,-1,-1
48,306,722,673,583,308,1,-1,-1,-1
48,312,1682,953,404,306,1,-1,-1,-1
49,299,1626,793,179,124,1,-1,-1,-1
49,306,714,673,588,307,1,-1,-1,-1
49,312,1711,950,377,296,1,-1,-1,-1
50,299,1620,793,184,123,1,-1,-1,-1
50,306,705,673,596,303,1,-1,-1,-1
50,312,1748,950,348,277,1,-1,-1,-1
51,299,1611,793,189,121,1,-1,-1,-1
51,306,695,674,606,297,1,-1,-1,-1
51,312,1779,950,329,262,1,-1,-1,-1
52,299,1600,792,191,120,1,-1,-1,-1
52,306,673,667,603,306,1,-1,-1,-1
52,312,1801,949,313,249,1,-1,-1,-1
53,299,1589,790,194,120,1,-1,-1,-1
53,306,671,667,602,305,1,-1,-1,-1
53,312,1830,946,304,243,1,-1,-1,-1
54,299,1557,792,199,121,1,-1,-1,-1
54,306,666,666,604,309,1,-1,-1,-1
54,312,1846,954,289,228,1,-1,-1,-1
55,299,1549,790,195,122,1,-1,-1,-1
55,306,661,664,604,311,1,-1,-1,-1
55,312,1859,954,279,221,1,-1,-1,-1
56,299,1540,788,194,124,1,-1,-1,-1
56,306,654,662,605,315,1,-1,-1,-1
56,312,1866,954,275,218,1,-1,-1,-1
57,299,1517,788,196,125,1,-1,-1,-1
57,306,646,663,607,315,1,-1,-1,-1
57,312,1903,954,252,213,1,-1,-1,-1
58,299,1505,783,201,130,1,-1,-1,-1
58,306,633,661,615,316,1,-1,-1,-1
58,312,1920,950,232,198,1,-1,-1,-1
59,299,1488,780,208,132,1,-1,-1,-1
59,306,617,659,624,317,1,-1,-1,-1
59,312,1927,947,232,197,1,-1,-1,-1
60,299,1460,776,213,136,1,-1,-1,-1
60,306,591,655,648,321,1,-1,-1,-1
60,312,1935,946,228,193,1,-1,-1,-1
61,299,1444,773,221,137,1,-1,-1,-1
61,306,569,652,670,323,1,-1,-1,-1
61,312,1946,945,221,190,1,-1,-1,-1
62,299,1429,768,224,141,1,-1,-1,-1
62,306,550,646,640,326,1,-1,-1,-1
62,312,1955,943,210,186,1,-1,-1,-1
63,299,1399,764,227,145,1,-1,-1,-1
63,306,527,644,654,330,1,-1,-1,-1
63,312,1974,940,201,180,1,-1,-1,-1
64,299,1382,761,235,148,1,-1,-1,-1
64,306,490,642,682,332,1,-1,-1,-1
64,312,1980,936,192,180,1,-1,-1,-1
65,299,1368,756,242,153,1,-1,-1,-1
65,306,477,619,672,379,1,-1,-1,-1
65,312,1985,933,188,179,1,-1,-1,-1
66,299,1329,752,252,157,1,-1,-1,-1
66,306,427,628,675,342,1,-1,-1,-1
66,312,1989,932,184,175,1,-1,-1,-1
67,299,1315,750,255,159,1,-1,-1,-1
67,306,424,593,668,405,1,-1,-1,-1
67,312,1994,931,184,171,1,-1,-1,-1
68,299,1277,749,264,159,1,-1,-1,-1
68,306,374,596,707,398,1,-1,-1,-1
68,312,1998,930,183,167,1,-1,-1,-1
69,299,1265,746,264,160,1,-1,-1,-1
69,306,314,603,752,388,1,-1,-1,-1
69,312,2004,930,182,164,1,-1,-1,-1
70,299,1218,740,284,168,1,-1,-1,-1
70,306,258,602,783,391,1,-1,-1,-1
70,312,2011,928,182,151,1,-1,-1,-1
71,299,1208,738,279,168,1,-1,-1,-1
71,306,210,593,823,401,1,-1,-1,-1
71,312,2018,928,176,151,1,-1,-1,-1
72,299,1159,731,300,175,1,-1,-1,-1
72,306,126,574,840,421,1,-1,-1,-1
72,312,2023,927,172,151,1,-1,-1,-1
73,299,1151,731,291,172,1,-1,-1,-1
73,306,68,567,874,426,1,-1,-1,-1
73,312,2024,928,174,148,1,-1,-1,-1
74,299,1095,712,321,191,1,-1,-1,-1
74,306,0,543,946,451,1,-1,-1,-1
74,312,2023,925,173,149,1,-1,-1,-1
75,299,1056,712,310,187,1,-1,-1,-1
75,312,2041,925,159,139,1,-1,-1,-1
76,299,1032,707,336,193,1,-1,-1,-1
76,312,2043,922,158,138,1,-1,-1,-1
77,299,990,701,336,199,1,-1,-1,-1
77,312,2045,919,157,139,1,-1,-1,-1
78,299,917,691,402,207,1,-1,-1,-1
78,312,2047,917,157,138,1,-1,-1,-1
79,299,851,686,428,208,1,-1,-1,-1
79,312,2053,918,153,125,1,-1,-1,-1
80,299,826,681,429,211,1,-1,-1,-1
80,312,2054,917,154,122,1,-1,-1,-1
81,299,785,676,456,215,1,-1,-1,-1
81,312,2057,915,150,122,1,-1,-1,-1
82,299,719,666,460,227,1,-1,-1,-1
82,312,2061,915,145,120,1,-1,-1,-1
83,299,683,664,476,225,1,-1,-1,-1
83,312,2065,915,140,119,1,-1,-1,-1
84,299,607,653,500,238,1,-1,-1,-1
84,312,2068,915,138,118,1,-1,-1,-1
85,299,578,636,497,236,1,-1,-1,-1
85,312,2070,915,139,117,1,-1,-1,-1
86,299,475,646,552,241,1,-1,-1,-1
87,299,448,617,555,261,1,-1,-1,-1
88,299,342,610,585,270,1,-1,-1,-1
89,299,258,601,580,273,1,-1,-1,-1
90,299,230,598,601,273,1,-1,-1,-1
91,299,115,584,638,282,1,-1,-1,-1
92,299,10,570,676,293,1,-1,-1,-1
97,313,53,677,1169,701,1,-1,-1,-1
98,313,275,708,1025,616,1,-1,-1,-1
99,313,498,740,881,532,1,-1,-1,-1
100,313,721,771,737,447,1,-1,-1,-1
101,313,899,772,675,418,1,-1,-1,-1
102,313,993,782,623,392,1,-1,-1,-1
103,313,1086,792,571,367,1,-1,-1,-1
104,313,1180,803,519,341,1,-1,-1,-1
105,313,1272,807,492,330,1,-1,-1,-1
106,313,1323,818,449,304,1,-1,-1,-1
107,313,1403,829,422,278,1,-1,-1,-1
108,313,1454,820,382,266,1,-1,-1,-1
109,313,1518,838,348,253,1,-1,-1,-1
110,313,1557,821,324,258,1,-1,-1,-1
111,313,1599,853,297,221,1,-1,-1,-1
112,313,1624,854,272,199,1,-1,-1,-1
113,313,1661,852,271,202,1,-1,-1,-1
114,313,1688,853,245,198,1,-1,-1,-1
115,309,1596,786,200,124,1,-1,-1,-1
115,313,1714,854,253,192,1,-1,-1,-1
116,309,1583,788,208,122,1,-1,-1,-1
116,313,1733,854,241,189,1,-1,-1,-1
117,309,1557,790,201,121,1,-1,-1,-1
117,313,1761,861,236,176,1,-1,-1,-1
118,309,1546,787,200,125,1,-1,-1,-1
118,313,1778,863,225,169,1,-1,-1,-1
119,309,1536,780,199,133,1,-1,-1,-1
119,313,1798,865,213,164,1,-1,-1,-1
119,315,79,746,1055,554,1,-1,-1,-1
120,309,1510,778,207,133,1,-1,-1,-1
120,313,1827,871,197,153,1,-1,-1,-1
120,315,264,769,978,486,1,-1,-1,-1
121,309,1492,774,216,136,1,-1,-1,-1
121,313,1840,872,184,149,1,-1,-1,-1
121,315,450,792,902,418,1,-1,-1,-1
122,309,1476,770,222,140,1,-1,-1,-1
122,313,1855,872,177,146,1,-1,-1,-1
122,315,771,808,638,397,1,-1,-1,-1
123,309,1447,765,225,143,1,-1,-1,-1
123,313,1867,872,167,142,1,-1,-1,-1
123,315,958,833,546,318,1,-1,-1,-1
124,313,1877,866,164,147,1,-1,-1,-1
124,315,1074,830,500,311,1,-1,-1,-1
125,313,1897,864,163,148,1,-1,-1,-1
125,315,1173,829,481,303,1,-1,-1,-1
126,313,1902,862,163,147,1,-1,-1,-1
126,315,1222,833,433,281,1,-1,-1,-1
127,313,1911,861,160,146,1,-1,-1,-1
127,315,1324,844,385,252,1,-1,-1,-1
128,309,1320,752,260,148,1,-1,-1,-1
128,313,1921,859,158,147,1,-1,-1,-1
128,315,1360,848,370,241,1,-1,-1,-1
129,309,1310,751,260,156,1,-1,-1,-1
129,313,1931,857,154,146,1,-1,-1,-1
129,315,1438,849,341,234,1,-1,-1,-1
130,309,1260,744,287,165,1,-1,-1,-1
130,313,1938,855,151,145,1,-1,-1,-1
130,315,1496,855,300,219,1,-1,-1,-1
131,309,1228,739,277,170,1,-1,-1,-1
131,313,1947,858,155,143,1,-1,-1,-1
131,315,1555,857,277,191,1,-1,-1,-1
132,309,1201,734,302,175,1,-1,-1,-1
132,313,1962,867,144,127,1,-1,-1,-1
132,315,1568,859,272,188,1,-1,-1,-1
133,309,1158,731,308,179,1,-1,-1,-1
133,313,1964,868,145,123,1,-1,-1,-1
133,315,1620,860,251,183,1,-1,-1,-1
134,309,1140,712,318,185,1,-1,-1,-1
134,313,1969,869,144,118,1,-1,-1,-1
134,315,1640,863,237,172,1,-1,-1,-1
134,316,57,718,949,513,1,-1,-1,-1
135,309,1094,708,329,187,1,-1,-1,-1
135,313,1977,870,140,116,1,-1,-1,-1
135,315,1679,866,227,167,1,-1,-1,-1
135,316,293,738,844,465,1,-1,-1,-1
136,315,1697,869,221,160,1,-1,-1,-1
136,316,530,759,739,417,1,-1,-1,-1
137,315,1732,876,211,148,1,-1,-1,-1
137,316,673,770,670,383,1,-1,-1,-1
138,315,1750,878,203,145,1,-1,-1,-1
138,316,817,781,601,349,1,-1,-1,-1
139,315,1767,877,193,142,1,-1,-1,-1
139,316,961,792,531,315,1,-1,-1,-1
140,309,843,675,438,220,1,-1,-1,-1
140,315,1794,881,179,137,1,-1,-1,-1
140,316,1105,803,462,281,1,-1,-1,-1
141,309,805,672,460,222,1,-1,-1,-1
141,315,1809,880,177,134,1,-1,-1,-1
141,316,1234,817,395,258,1,-1,-1,-1
142,309,770,665,479,228,1,-1,-1,-1
142,315,1821,878,177,136,1,-1,-1,-1
142,316,1314,825,386,237,1,-1,-1,-1
143,309,692,658,495,231,1,-1,-1,-1
143,315,1861,879,150,125,1,-1,-1,-1
143,316,1356,828,358,230,1,-1,-1,-1
144,309,586,648,552,245,1,-1,-1,-1
144,315,1859,878,162,126,1,-1,-1,-1
144,316,1456,833,289,209,1,-1,-1,-1
145,309,565,615,537,277,1,-1,-1,-1
145,315,1866,878,168,129,1,-1,-1,-1
145,316,1504,835,281,203,1,-1,-1,-1
145,317,3,982,1571,937,1,-1,-1,-1
146,309,488,603,536,295,1,-1,-1,-1
146,315,1876,875,165,132,1,-1,-1,-1
146,316,1519,842,274,193,1,-1,-1,-1
146,317,374,966,1293,816,1,-1,-1,-1
147,309,433,600,591,299,1,-1,-1,-1
147,315,1888,874,152,130,1,-1,-1,-1
147,317,745,950,1015,675,1,-1,-1,-1
148,309,334,593,615,302,1,-1,-1,-1
148,315,1904,871,150,122,1,-1,-1,-1
148,317,1117,934,737,534,1,-1,-1,-1
149,309,216,588,674,300,1,-1,-1,-1
149,315,1911,873,151,117,1,-1,-1,-1
149,317,1163,923,735,502,1,-1,-1,-1
150,309,148,553,715,362,1,-1,-1,-1
150,315,1921,874,150,114,1,-1,-1,-1
150,317,1386,916,559,469,1,-1,-1,-1
151,309,73,543,752,366,1,-1,-1,-1
151,315,1934,875,142,112,1,-1,-1,-1
151,317,1492,936,487,366,1,-1,-1,-1
152,309,0,511,757,366,1,-1,-1,-1
152,317,1595,933,422,334,1,-1,-1,-1
153,317,1639,933,391,303,1,-1,-1,-1
154,317,1710,935,353,276,1,-1,-1,-1
155,317,1742,915,331,260,1,-1,-1,-1
156,317,1768,915,324,258,1,-1,-1,-1
157,317,1810,938,277,212,1,-1,-1,-1
158,317,1847,930,265,206,1,-1,-1,-1
159,317,1861,928,251,203,1,-1,-1,-1
160,317,1879,924,237,200,1,-1,-1,-1
161,317,1894,923,227,194,1,-1,-1,-1
162,317,1924,927,213,181,1,-1,-1,-1
163,260,1726,809,144,111,1,-1,-1,-1
163,317,1940,932,203,167,1,-1,-1,-1
164,260,1715,798,153,116,1,-1,-1,-1
164,317,1955,919,195,162,1,-1,-1,-1
165,260,1712,797,151,116,1,-1,-1,-1
165,317,1967,916,189,160,1,-1,-1,-1
166,260,1682,797,150,114,1,-1,-1,-1
166,317,1986,919,173,156,1,-1,-1,-1
167,260,1659,793,191,125,1,-1,-1,-1
167,317,1994,920,169,151,1,-1,-1,-1
168,260,1651,792,184,127,1,-1,-1,-1
168,317,2000,918,169,148,1,-1,-1,-1
169,260,1643,791,181,129,1,-1,-1,-1
169,317,2012,920,167,135,1,-1,-1,-1
170,260,1618,790,191,130,1,-1,-1,-1
170,317,2024,915,159,136,1,-1,-1,-1
171,260,1605,789,199,130,1,-1,-1,-1
171,317,2035,909,152,138,1,-1,-1,-1
172,260,1588,786,210,131,1,-1,-1,-1
172,317,2038,902,151,141,1,-1,-1,-1
173,260,1554,788,216,125,1,-1,-1,-1
173,317,2050,913,151,126,1,-1,-1,-1
174,260,1547,783,210,132,1,-1,-1,-1
174,317,2052,912,153,121,1,-1,-1,-1
175,260,1537,779,206,136,1,-1,-1,-1
175,317,2060,911,146,120,1,-1,-1,-1
176,260,1504,777,215,137,1,-1,-1,-1
176,317,2068,910,141,117,1,-1,-1,-1
177,260,1487,772,221,142,1,-1,-1,-1
177,317,2073,911,139,115,1,-1,-1,-1
178,260,1473,766,226,149,1,-1,-1,-1
179,260,1435,764,236,151,1,-1,-1,-1
180,260,1421,757,239,157,1,-1,-1,-1
181,260,1380,755,250,159,1,-1,-1,-1
181,318,0,742,1126,567,1,-1,-1,-1
182,260,1368,751,250,162,1,-1,-1,-1
182,318,207,764,1025,496,1,-1,-1,-1
183,260,1323,744,270,168,1,-1,-1,-1
183,318,430,787,924,425,1,-1,-1,-1
184,318,751,796,685,403,1,-1,-1,-1
185,318,917,809,595,359,1,-1,-1,-1
186,318,1084,822,505,315,1,-1,-1,-1
187,318,1194,829,467,286,1,-1,-1,-1
188,260,1098,711,375,196,1,-1,-1,-1
188,318,1296,837,437,267,1,-1,-1,-1
189,260,1053,705,396,202,1,-1,-1,-1
189,318,1343,841,395,253,1,-1,-1,-1
190,260,1008,698,417,208,1,-1,-1,-1
190,318,1433,850,356,233,1,-1,-1,-1
191,260,947,692,422,213,1,-1,-1,-1
191,318,1503,856,293,217,1,-1,-1,-1
192,260,909,683,440,220,1,-1,-1,-1
192,318,1553,855,286,192,1,-1,-1,-1
193,260,869,675,473,230,1,-1,-1,-1
193,318,1571,851,271,195,1,-1,-1,-1
194,260,784,664,501,242,1,-1,-1,-1
194,318,1623,849,253,193,1,-1,-1,-1
195,260,697,653,522,249,1,-1,-1,-1
195,318,1665,855,245,184,1,-1,-1,-1
196,260,658,644,548,256,1,-1,-1,-1
196,318,1683,865,237,171,1,-1,-1,-1
197,260,546,635,594,268,1,-1,-1,-1
197,272,1628,811,155,111,1,-1,-1,-1
197,318,1721,870,221,159,1,-1,-1,-1
198,260,460,602,584,295,1,-1,-1,-1
198,272,1615,809,159,115,1,-1,-1,-1
198,318,1738,871,214,156,1,-1,-1,-1
199,260,368,581,688,349,1,-1,-1,-1
199,318,1756,872,206,151,1,-1,-1,-1
200,260,283,573,744,345,1,-1,-1,-1
200,272,1566,810,174,116,1,-1,-1,-1
200,318,1785,877,196,143,1,-1,-1,-1
201,260,179,578,733,313,1,-1,-1,-1
201,272,1549,796,181,120,1,-1,-1,-1
201,318,1803,878,188,139,1,-1,-1,-1
202,260,67,540,801,355,1,-1,-1,-1
202,272,1521,798,186,116,1,-1,-1,-1
202,318,1819,876,181,137,1,-1,-1,-1
203,272,1506,799,189,115,1,-1,-1,-1
203,318,1840,876,179,136,1,-1,-1,-1
204,272,1487,797,198,115,1,-1,-1,-1
204,318,1856,880,166,126,1,-1,-1,-1
205,272,1455,795,199,117,1,-1,-1,-1
205,318,1871,880,154,122,1,-1,-1,-1
206,272,1439,792,201,119,1,-1,-1,-1
206,318,1881,878,149,123,1,-1,-1,-1
207,272,1405,787,207,125,1,-1,-1,-1
207,318,1913,876,134,120,1,-1,-1,-1
208,272,1387,783,214,130,1,-1,-1,-1
208,318,1910,876,145,119,1,-1,-1,-1
209,272,1346,776,220,134,1,-1,-1,-1
209,318,1917,877,144,115,1,-1,-1,-1
210,272,1329,772,226,137,1,-1,-1,-1
210,318,1927,878,140,113,1,-1,-1,-1
211,272,1286,765,237,141,1,-1,-1,-1
212,272,1270,761,243,144,1,-1,-1,-1
213,272,1226,755,252,152,1,-1,-1,-1
214,272,1175,751,264,156,1,-1,-1,-1
215,272,1168,749,257,155,1,-1,-1,-1
216,272,1110,744,282,159,1,-1,-1,-1
217,272,1059,738,288,164,1,-1,-1,-1
218,272,1001,734,316,168,1,-1,-1,-1
219,272,957,720,307,174,1,-1,-1,-1
220,272,894,715,333,178,1,-1,-1,-1
221,272,805,697,437,197,1,-1,-1,-1
222,272,734,691,433,199,1,-1,-1,-1
223,272,693,683,466,206,1,-1,-1,-1
224,272,607,679,468,206,1,-1,-1,-1
225,272,489,671,533,214,1,-1,-1,-1
226,272,472,663,523,219,1,-1,-1,-1
227,272,373,655,536,228,1,-1,-1,-1
228,272,270,634,547,234,1,-1,-1,-1
229,272,144,611,612,262,1,-1,-1,-1
230,272,18,589,677,290,1,-1,-1,-1
256,273,1867,823,139,121,1,-1,-1,-1
257,273,1861,819,142,126,1,-1,-1,-1
258,273,1849,806,157,143,1,-1,-1,-1
259,273,1830,807,159,139,1,-1,-1,-1
260,273,1820,807,159,137,1,-1,-1,-1
261,273,1807,805,161,140,1,-1,-1,-1
262,273,1799,801,161,144,1,-1,-1,-1
263,273,1780,798,167,147,1,-1,-1,-1
264,273,1772,793,170,152,1,-1,-1,-1
265,273,1762,785,176,167,1,-1,-1,-1
266,273,1743,782,189,171,1,-1,-1,-1
267,273,1719,787,184,163,1,-1,-1,-1
268,273,1707,784,185,165,1,-1,-1,-1
269,273,1692,769,199,172,1,-1,-1,-1
270,273,1679,762,209,180,1,-1,-1,-1
271,273,1644,780,207,171,1,-1,-1,-1
271,307,1877,834,148,85,1,-1,-1,-1
272,273,1624,761,227,186,1,-1,-1,-1
272,307,1898,837,148,89,1,-1,-1,-1
273,273,1593,762,226,189,1,-1,-1,-1
273,307,1907,836,152,91,1,-1,-1,-1
274,273,1572,757,241,194,1,-1,-1,-1
274,307,1919,831,142,97,1,-1,-1,-1
275,273,1532,758,255,194,1,-1,-1,-1
275,307,1940,841,150,91,1,-1,-1,-1
276,273,1509,748,273,207,1,-1,-1,-1
276,307,1944,842,154,93,1,-1,-1,-1
277,273,1471,745,275,211,1,-1,-1,-1
277,307,1954,843,139,90,1,-1,-1,-1
278,273,1453,736,283,223,1,-1,-1,-1
278,307,1964,841,134,94,1,-1,-1,-1
279,273,1399,736,306,222,1,-1,-1,-1
279,307,1969,846,120,89,1,-1,-1,-1
280,273,1352,718,337,240,1,-1,-1,-1
280,307,2005,851,114,89,1,-1,-1,-1
281,273,1309,706,373,247,1,-1,-1,-1
281,307,2017,853,114,89,1,-1,-1,-1
282,273,1238,697,392,263,1,-1,-1,-1
282,307,2032,855,114,89,1,-1,-1,-1
283,273,1193,680,427,275,1,-1,-1,-1
283,307,2047,857,114,89,1,-1,-1,-1
284,273,1110,666,438,296,1,-1,-1,-1
285,273,1014,656,471,304,1,-1,-1,-1
286,273,979,636,488,328,1,-1,-1,-1
287,273,874,624,513,338,1,-1,-1,-1
288,273,741,570,631,395,1,-1,-1,-1
289,273,587,550,680,410,1,-1,-1,-1
290,322,690,936,1118,952,1,-1,-1,-1
291,322,932,935,940,802,1,-1,-1,-1
292,321,0,608,1264,740,1,-1,-1,-1
292,322,1175,934,763,652,1,-1,-1,-1
293,321,220,644,1105,661,1,-1,-1,-1
293,322,1418,933,586,502,1,-1,-1,-1
294,321,460,681,946,583,1,-1,-1,-1
294,322,1598,940,455,377,1,-1,-1,-1
295,321,700,718,787,505,1,-1,-1,-1
295,322,1683,934,424,350,1,-1,-1,-1
296,321,901,727,689,473,1,-1,-1,-1
296,322,1730,930,379,319,1,-1,-1,-1
297,321,1012,737,582,455,1,-1,-1,-1
297,322,1780,932,334,288,1,-1,-1,-1
298,321,1172,766,512,343,1,-1,-1,-1
298,322,1831,912,316,272,1,-1,-1,-1
299,321,1198,775,499,334,1,-1,-1,-1
299,322,1856,927,289,239,1,-1,-1,-1
300,321,1289,782,479,322,1,-1,-1,-1
300,322,1905,921,252,231,1,-1,-1,-1
301,321,1383,786,433,298,1,-1,-1,-1
301,322,1924,922,238,221,1,-1,-1,-1
302,321,1420,797,407,283,1,-1,-1,-1
302,322,1945,927,222,199,1,-1,-1,-1
303,321,1461,804,383,264,1,-1,-1,-1
303,322,1972,919,214,198,1,-1,-1,-1
304,321,1521,808,351,252,1,-1,-1,-1
304,322,1990,911,202,182,1,-1,-1,-1
305,321,1551,814,341,243,1,-1,-1,-1
305,322,2004,909,192,182,1,-1,-1,-1
306,321,1590,826,322,223,1,-1,-1,-1
306,322,2016,908,183,180,1,-1,-1,-1
307,321,1647,825,282,219,1,-1,-1,-1
307,322,2021,907,181,172,1,-1,-1,-1
308,321,1657,831,285,207,1,-1,-1,-1
308,322,2045,909,163,157,1,-1,-1,-1
309,321,1704,832,259,201,1,-1,-1,-1
309,322,2052,906,160,153,1,-1,-1,-1
310,321,1715,836,255,193,1,-1,-1,-1
310,322,2061,904,157,150,1,-1,-1,-1
311,321,1731,840,247,184,1,-1,-1,-1
311,322,2067,904,157,144,1,-1,-1,-1
312,321,1761,841,236,181,1,-1,-1,-1
312,322,2070,913,154,123,1,-1,-1,-1
313,321,1772,845,234,174,1,-1,-1,-1
313,322,2075,912,153,121,1,-1,-1,-1
313,323,323,915,1500,1004,1,-1,-1,-1
314,321,1790,847,222,169,1,-1,-1,-1
314,322,2080,912,150,118,1,-1,-1,-1
314,323,691,944,1180,830,1,-1,-1,-1
315,321,1808,849,207,164,1,-1,-1,-1
315,322,2088,911,140,115,1,-1,-1,-1
315,323,1059,973,861,636,1,-1,-1,-1
316,323,1370,921,604,547,1,-1,-1,-1
317,323,1446,909,558,511,1,-1,-1,-1
318,323,1585,930,473,386,1,-1,-1,-1
319,323,1621,932,446,361,1,-1,-1,-1
320,323,1713,920,396,331,1,-1,-1,-1
321,323,1758,923,357,303,1,-1,-1,-1
322,323,1821,926,322,280,1,-1,-1,-1
323,323,1847,933,296,224,1,-1,-1,-1
324,321,1911,853,166,131,1,-1,-1,-1
324,323,1867,940,275,215,1,-1,-1,-1
325,321,1919,856,164,126,1,-1,-1,-1
325,323,1910,934,250,212,1,-1,-1,-1
326,321,1926,858,162,122,1,-1,-1,-1
326,323,1921,942,243,193,1,-1,-1,-1
327,321,1934,860,151,120,1,-1,-1,-1
327,323,1941,943,225,180,1,-1,-1,-1
328,323,1970,935,213,180,1,-1,-1,-1
329,323,1981,935,204,173,1,-1,-1,-1
330,323,1993,934,199,168,1,-1,-1,-1
331,323,2007,915,196,173,1,-1,-1,-1
332,323,2015,913,189,172,1,-1,-1,-1
333,323,2034,914,181,165,1,-1,-1,-1
334,323,2046,915,168,156,1,-1,-1,-1
335,323,2053,916,163,150,1,-1,-1,-1
336,323,2060,915,158,145,1,-1,-1,-1
337,323,2068,912,155,144,1,-1,-1,-1
338,323,2076,908,151,145,1,-1,-1,-1
339,323,2083,905,148,143,1,-1,-1,-1
340,323,2083,910,151,131,1,-1,-1,-1
341,323,2086,908,148,130,1,-1,-1,-1
342,323,2091,908,139,126,1,-1,-1,-1
343,323,2107,908,135,120,1,-1,-1,-1
344,323,2111,907,133,120,1,-1,-1,-1
423,285,1714,800,154,111,1,-1,-1,-1
424,285,1712,798,151,112,1,-1,-1,-1
426,285,1681,797,145,114,1,-1,-1,-1
427,285,1674,796,144,114,1,-1,-1,-1
428,285,1664,793,149,117,1,-1,-1,-1
429,285,1639,795,145,117,1,-1,-1,-1
430,285,1627,791,159,123,1,-1,-1,-1
431,285,1623,790,154,121,1,-1,-1,-1
432,285,1623,790,144,116,1,-1,-1,-1
433,285,1582,792,141,114,1,-1,-1,-1
434,285,1553,781,201,127,1,-1,-1,-1
435,285,1545,778,201,131,1,-1,-1,-1
436,285,1537,774,202,137,1,-1,-1,-1
437,285,1510,777,206,132,1,-1,-1,-1
438,285,1498,774,209,134,1,-1,-1,-1
439,285,1485,769,211,140,1,-1,-1,-1
440,285,1476,765,213,145,1,-1,-1,-1
441,285,1438,762,231,145,1,-1,-1,-1
442,285,1426,760,230,147,1,-1,-1,-1
443,285,1389,757,238,148,1,-1,-1,-1
444,285,1376,754,243,152,1,-1,-1,-1
445,285,1369,753,239,152,1,-1,-1,-1
446,285,1320,749,262,158,1,-1,-1,-1
447,285,1309,745,261,161,1,-1,-1,-1
448,285,1264,741,282,166,1,-1,-1,-1
449,285,1254,738,278,167,1,-1,-1,-1
450,285,1203,733,309,176,1,-1,-1,-1
451,285,1193,733,303,170,1,-1,-1,-1
452,285,1150,728,318,178,1,-1,-1,-1
453,285,1131,711,330,187,1,-1,-1,-1
454,285,1084,706,344,194,1,-1,-1,-1
455,285,1052,702,322,191,1,-1,-1,-1
456,319,0,822,1493,1097,1,-1,-1,-1
457,319,66,841,1502,988,1,-1,-1,-1
