30,274,879,482,100,88,1,-1,-1,-1
32,274,868,485,102,88,1,-1,-1,-1
33,274,864,485,106,88,1,-1,-1,-1
34,274,859,487,107,88,1,-1,-1,-1
35,274,851,489,112,88,1,-1,-1,-1
36,274,845,488,114,89,1,-1,-1,-1
37,274,839,488,117,90,1,-1,-1,-1
38,274,839,488,114,89,1,-1,-1,-1
39,274,827,487,117,92,1,-1,-1,-1
40,274,822,488,117,93,1,-1,-1,-1
41,274,814,487,119,95,1,-1,-1,-1
42,274,808,482,120,102,1,-1,-1,-1
43,274,795,485,120,99,1,-1,-1,-1
44,274,786,486,125,100,1,-1,-1,-1
45,274,775,488,130,104,1,-1,-1,-1
46,274,764,486,140,108,1,-1,-1,-1
47,274,745,483,144,105,1,-1,-1,-1
48,274,732,480,152,109,1,-1,-1,-1
49,274,710,478,155,111,1,-1,-1,-1
50,274,698,476,162,113,1,-1,-1,-1
51,274,673,469,165,120,1,-1,-1,-1
52,274,663,466,169,123,1,-1,-1,-1
53,274,632,462,180,126,1,-1,-1,-1
54,274,603,460,183,125,1,-1,-1,-1
55,274,570,455,191,128,1,-1,-1,-1
56,274,561,452,195,131,1,-1,-1,-1
57,274,526,448,204,133,1,-1,-1,-1
58,274,490,445,216,134,1,-1,-1,-1
59,274,397,428,280,154,1,-1,-1,-1
60,274,387,425,269,153,1,-1,-1,-1
61,274,321,421,290,154,1,-1,-1,-1
62,274,245,411,325,161,1,-1,-1,-1
63,274,234,407,325,161,1,-1,-1,-1
64,271,37,678,764,517,1,-1,-1,-1
64,274,172,399,331,165,1,-1,-1,-1
65,271,184,670,670,472,1,-1,-1,-1
65,274,29,377,377,165,1,-1,-1,-1
66,271,331,662,576,427,1,-1,-1,-1
66,274,0,347,388,206,1,-1,-1,-1
67,271,478,654,482,382,1,-1,-1,-1
68,271,626,646,389,337,1,-1,-1,-1
69,271,673,646,363,316,1,-1,-1,-1
70,271,720,646,338,296,1,-1,-1,-1
71,271,768,647,313,276,1,-1,-1,-1
72,271,815,647,288,256,1,-1,-1,-1
73,271,862,647,263,236,1,-1,-1,-1
74,271,910,648,238,216,1,-1,-1,-1
75,271,929,641,231,213,1,-1,-1,-1
76,271,948,635,224,210,1,-1,-1,-1
77,271,967,629,217,207,1,-1,-1,-1
78,271,987,623,210,205,1,-1,-1,-1
79,271,995,619,203,200,1,-1,-1,-1
80,271,1003,616,196,195,1,-1,-1,-1
80,272,0,532,555,296,1,-1,-1,-1
81,271,1012,613,190,191,1,-1,-1,-1
81,272,171,559,513,265,1,-1,-1,-1
82,271,1020,610,183,186,1,-1,-1,-1
82,272,241,571,473,230,1,-1,-1,-1
83,271,1028,607,176,181,1,-1,-1,-1
83,272,311,582,434,194,1,-1,-1,-1
84,271,1037,604,170,177,1,-1,-1,-1
84,272,383,579,419,188,1,-1,-1,-1
85,271,1045,601,163,172,1,-1,-1,-1
85,272,544,574,325,190,1,-1,-1,-1
86,271,1053,598,156,167,1,-1,-1,-1
86,272,613,574,302,186,1,-1,-1,-1
87,271,1062,595,150,163,1,-1,-1,-1
87,272,635,580,285,174,1,-1,-1,-1
88,271,1070,592,143,158,1,-1,-1,-1
88,272,707,583,246,163,1,-1,-1,-1
89,271,1078,589,136,153,1,-1,-1,-1
89,272,770,586,209,138,1,-1,-1,-1
90,271,1087,586,130,149,1,-1,-1,-1
90,272,802,584,202,140,1,-1,-1,-1
91,271,1087,584,128,146,1,-1,-1,-1
91,272,813,581,195,146,1,-1,-1,-1
92,271,1087,582,127,144,1,-1,-1,-1
92,272,848,579,177,142,1,-1,-1,-1
93,271,1087,580,126,142,1,-1,-1,-1
93,272,861,580,169,134,1,-1,-1,-1
94,271,1087,578,125,139,1,-1,-1,-1
94,272,887,580,164,130,1,-1,-1,-1
95,271,1087,577,123,137,1,-1,-1,-1
95,272,899,581,155,123,1,-1,-1,-1
96,271,1087,575,122,135,1,-1,-1,-1
96,272,921,577,152,125,1,-1,-1,-1
97,271,1087,573,121,132,1,-1,-1,-1
97,272,933,577,144,121,1,-1,-1,-1
98,271,1087,571,120,130,1,-1,-1,-1
98,272,950,575,140,119,1,-1,-1,-1
99,271,1087,570,118,128,1,-1,-1,-1
99,272,959,576,133,114,1,-1,-1,-1
100,271,1087,568,117,125,1,-1,-1,-1
100,272,970,574,126,106,1,-1,-1,-1
101,271,1087,566,116,123,1,-1,-1,-1
101,272,979,576,120,101,1,-1,-1,-1
102,271,1087,564,115,121,1,-1,-1,-1
102,272,992,573,116,99,1,-1,-1,-1
103,271,1087,563,113,118,1,-1,-1,-1
103,272,1000,572,107,89,1,-1,-1,-1
104,271,1087,561,112,116,1,-1,-1,-1
104,272,1003,570,107,88,1,-1,-1,-1
105,271,1087,559,111,114,1,-1,-1,-1
105,272,1008,569,105,86,1,-1,-1,-1
106,271,1087,557,110,111,1,-1,-1,-1
106,272,1011,566,104,87,1,-1,-1,-1
107,271,1087,556,108,109,1,-1,-1,-1
107,272,1014,564,104,88,1,-1,-1,-1
108,271,1087,554,107,107,1,-1,-1,-1
108,272,1017,561,102,89,1,-1,-1,-1
108,273,0,386,673,473,1,-1,-1,-1
109,271,1087,552,106,104,1,-1,-1,-1
109,272,1020,559,100,89,1,-1,-1,-1
109,273,138,430,584,408,1,-1,-1,-1
110,271,1087,550,105,102,1,-1,-1,-1
110,273,240,448,582,374,1,-1,-1,-1
111,271,1087,549,104,100,1,-1,-1,-1
111,273,333,462,461,356,1,-1,-1,-1
112,271,1086,547,102,99,1,-1,-1,-1
112,273,438,475,432,328,1,-1,-1,-1
113,271,1086,546,101,98,1,-1,-1,-1
113,273,502,489,372,306,1,-1,-1,-1
114,271,1085,544,100,98,1,-1,-1,-1
114,273,565,475,387,310,1,-1,-1,-1
115,271,1085,543,99,97,1,-1,-1,-1
115,273,603,494,334,273,1,-1,-1,-1
116,271,1085,541,98,96,1,-1,-1,-1
116,273,637,475,339,287,1,-1,-1,-1
117,271,1084,540,96,96,1,-1,-1,-1
117,273,701,505,284,253,1,-1,-1,-1
118,271,1084,538,95,95,1,-1,-1,-1
118,273,732,484,289,264,1,-1,-1,-1
119,271,1084,537,94,95,1,-1,-1,-1
119,273,774,513,251,231,1,-1,-1,-1
120,271,1083,536,93,94,1,-1,-1,-1
120,273,810,492,254,242,1,-1,-1,-1
121,273,844,485,254,242,1,-1,-1,-1
122,273,860,526,208,202,1,-1,-1,-1
123,273,875,529,203,192,1,-1,-1,-1
124,273,901,525,190,195,1,-1,-1,-1
125,273,910,538,188,176,1,-1,-1,-1
126,273,936,523,170,186,1,-1,-1,-1
126,276,873,481,104,84,1,-1,-1,-1
127,273,940,536,174,173,1,-1,-1,-1
128,273,953,536,160,172,1,-1,-1,-1
129,273,963,534,153,168,1,-1,-1,-1
130,273,977,532,152,162,1,-1,-1,-1
131,273,983,531,147,158,1,-1,-1,-1
131,276,848,489,104,85,1,-1,-1,-1
132,273,989,531,145,155,1,-1,-1,-1
132,276,843,490,108,86,1,-1,-1,-1
133,273,996,534,141,149,1,-1,-1,-1
133,276,841,491,108,85,1,-1,-1,-1
134,273,1005,532,127,149,1,-1,-1,-1
134,276,831,491,110,85,1,-1,-1,-1
135,273,1008,536,126,142,1,-1,-1,-1
135,276,823,492,113,86,1,-1,-1,-1
136,273,1011,538,124,136,1,-1,-1,-1
136,276,814,492,117,88,1,-1,-1,-1
137,273,1017,539,124,132,1,-1,-1,-1
137,276,808,491,118,89,1,-1,-1,-1
138,273,1019,541,122,125,1,-1,-1,-1
138,276,798,486,116,94,1,-1,-1,-1
139,273,1023,532,119,125,1,-1,-1,-1
139,276,785,495,128,92,1,-1,-1,-1
140,273,1024,532,118,124,1,-1,-1,-1
140,276,779,490,124,100,1,-1,-1,-1
141,273,1026,531,117,122,1,-1,-1,-1
141,276,758,492,134,98,1,-1,-1,-1
142,273,1028,532,115,118,1,-1,-1,-1
142,276,752,491,132,99,1,-1,-1,-1
143,273,1030,531,113,116,1,-1,-1,-1
143,276,740,491,138,100,1,-1,-1,-1
144,273,1031,531,112,114,1,-1,-1,-1
144,276,717,491,143,100,1,-1,-1,-1
145,273,1033,528,111,114,1,-1,-1,-1
145,276,706,485,146,101,1,-1,-1,-1
146,273,1033,528,111,112,1,-1,-1,-1
146,276,678,482,154,106,1,-1,-1,-1
147,273,1034,526,111,111,1,-1,-1,-1
147,276,664,480,166,106,1,-1,-1,-1
148,273,1034,524,111,111,1,-1,-1,-1
148,276,633,478,175,109,1,-1,-1,-1
149,273,1035,522,110,111,1,-1,-1,-1
149,276,600,472,186,113,1,-1,-1,-1
150,273,1039,529,102,95,1,-1,-1,-1
150,276,567,466,194,117,1,-1,-1,-1
151,273,1039,527,101,96,1,-1,-1,-1
151,276,535,461,195,117,1,-1,-1,-1
152,273,1040,525,99,98,1,-1,-1,-1
152,276,528,458,198,121,1,-1,-1,-1
153,273,1040,523,97,99,1,-1,-1,-1
153,276,457,449,235,127,1,-1,-1,-1
154,273,1044,516,97,92,1,-1,-1,-1
154,276,386,439,272,133,1,-1,-1,-1
155,273,1043,517,98,91,1,-1,-1,-1
155,276,314,430,309,139,1,-1,-1,-1
156,273,1042,516,98,90,1,-1,-1,-1
156,276,295,428,325,138,1,-1,-1,-1
157,276,231,423,335,139,1,-1,-1,-1
158,276,77,412,409,147,1,-1,-1,-1
159,276,19,384,396,151,1,-1,-1,-1
160,276,0,373,350,161,1,-1,-1,-1
167,275,0,718,778,481,1,-1,-1,-1
168,275,146,707,684,448,1,-1,-1,-1
169,275,294,697,591,408,1,-1,-1,-1
170,275,442,687,497,368,1,-1,-1,-1
171,275,590,677,404,328,1,-1,-1,-1
172,275,637,674,379,308,1,-1,-1,-1
173,275,684,671,354,288,1,-1,-1,-1
174,275,731,668,330,268,1,-1,-1,-1
175,275,778,665,305,248,1,-1,-1,-1
176,275,825,662,281,228,1,-1,-1,-1
177,275,872,659,256,208,1,-1,-1,-1
178,275,920,656,232,188,1,-1,-1,-1
179,275,952,648,217,187,1,-1,-1,-1
180,275,971,645,207,177,1,-1,-1,-1
181,275,996,647,185,164,1,-1,-1,-1
182,275,1008,647,178,157,1,-1,-1,-1
183,275,1029,640,170,150,1,-1,-1,-1
184,275,1036,635,164,152,1,-1,-1,-1
185,275,1045,631,157,149,1,-1,-1,-1
186,275,1054,628,150,145,1,-1,-1,-1
187,275,1067,624,150,144,1,-1,-1,-1
188,275,1076,621,133,133,1,-1,-1,-1
189,275,1080,619,129,131,1,-1,-1,-1
190,275,1084,619,128,126,1,-1,-1,-1
191,275,1087,617,127,123,1,-1,-1,-1
192,275,1090,615,127,121,1,-1,-1,-1
192,277,930,513,100,88,1,-1,-1,-1
193,275,1096,612,121,117,1,-1,-1,-1
193,277,925,516,104,90,1,-1,-1,-1
194,275,1098,610,120,114,1,-1,-1,-1
194,277,919,519,108,88,1,-1,-1,-1
195,275,1099,610,119,108,1,-1,-1,-1
195,277,915,520,108,88,1,-1,-1,-1
196,275,1102,604,120,106,1,-1,-1,-1
196,277,911,526,108,89,1,-1,-1,-1
197,275,1103,604,120,104,1,-1,-1,-1
197,277,903,524,114,95,1,-1,-1,-1
198,275,1104,603,118,102,1,-1,-1,-1
198,277,893,526,114,95,1,-1,-1,-1
199,275,1105,602,116,101,1,-1,-1,-1
199,277,887,524,118,97,1,-1,-1,-1
200,275,1106,600,113,96,1,-1,-1,-1
200,277,877,524,122,99,1,-1,-1,-1
201,275,1106,599,111,92,1,-1,-1,-1
201,277,869,520,121,110,1,-1,-1,-1
202,275,1108,598,107,89,1,-1,-1,-1
202,277,854,523,123,109,1,-1,-1,-1
203,275,1109,596,104,87,1,-1,-1,-1
203,277,842,524,128,110,1,-1,-1,-1
204,275,1110,592,101,88,1,-1,-1,-1
204,277,815,524,140,111,1,-1,-1,-1
205,277,803,521,146,116,1,-1,-1,-1
206,277,774,521,158,117,1,-1,-1,-1
207,277,762,519,164,121,1,-1,-1,-1
208,277,730,520,173,122,1,-1,-1,-1
209,277,697,520,182,123,1,-1,-1,-1
210,277,662,517,189,128,1,-1,-1,-1
211,277,612,509,234,137,1,-1,-1,-1
212,277,562,502,279,146,1,-1,-1,-1
213,268,761,487,125,96,1,-1,-1,-1
213,277,509,501,278,149,1,-1,-1,-1
214,268,751,488,129,97,1,-1,-1,-1
214,277,437,495,305,156,1,-1,-1,-1
215,268,739,487,136,98,1,-1,-1,-1
215,277,346,481,336,171,1,-1,-1,-1
216,268,721,489,141,102,1,-1,-1,-1
216,277,255,467,366,186,1,-1,-1,-1
217,268,712,486,144,100,1,-1,-1,-1
217,277,164,453,397,201,1,-1,-1,-1
218,268,699,483,154,103,1,-1,-1,-1
218,277,73,439,428,216,1,-1,-1,-1
219,268,676,480,157,107,1,-1,-1,-1
219,277,0,425,459,232,1,-1,-1,-1
220,268,664,480,165,108,1,-1,-1,-1
221,268,637,478,173,107,1,-1,-1,-1
222,268,624,476,183,109,1,-1,-1,-1
223,268,596,470,190,115,1,-1,-1,-1
224,268,564,466,202,118,1,-1,-1,-1
225,268,556,464,203,121,1,-1,-1,-1
226,268,523,458,212,124,1,-1,-1,-1
227,268,488,456,221,123,1,-1,-1,-1
228,268,460,453,214,123,1,-1,-1,-1
229,268,425,450,225,125,1,-1,-1,-1
230,268,378,452,258,118,1,-1,-1,-1
231,268,313,433,296,136,1,-1,-1,-1
232,268,247,427,314,140,1,-1,-1,-1
233,268,219,419,342,144,1,-1,-1,-1
234,268,163,411,343,148,1,-1,-1,-1
235,268,78,389,370,169,1,-1,-1,-1
236,268,0,368,398,190,1,-1,-1,-1
263,280,902,462,94,93,1,-1,-1,-1
264,280,900,462,95,94,1,-1,-1,-1
265,280,898,462,96,95,1,-1,-1,-1
266,280,895,462,97,96,1,-1,-1,-1
267,280,893,462,98,98,1,-1,-1,-1
268,280,891,462,99,99,1,-1,-1,-1
269,280,888,462,100,100,1,-1,-1,-1
270,280,886,462,101,101,1,-1,-1,-1
271,280,884,462,102,102,1,-1,-1,-1
272,279,955,502,94,94,1,-1,-1,-1
272,280,881,462,103,103,1,-1,-1,-1
273,279,954,503,95,95,1,-1,-1,-1
273,280,879,462,104,104,1,-1,-1,-1
274,279,952,504,96,96,1,-1,-1,-1
274,280,877,462,105,105,1,-1,-1,-1
275,279,951,505,97,97,1,-1,-1,-1
275,280,875,463,107,107,1,-1,-1,-1
276,260,0,607,827,527,1,-1,-1,-1
276,279,950,506,98,99,1,-1,-1,-1
276,280,870,463,108,107,1,-1,-1,-1
277,260,142,616,722,462,1,-1,-1,-1
277,279,945,506,99,100,1,-1,-1,-1
277,280,865,464,109,108,1,-1,-1,-1
278,260,304,626,617,398,1,-1,-1,-1
278,279,940,507,101,101,1,-1,-1,-1
278,280,860,464,111,109,1,-1,-1,-1
279,260,466,636,512,334,1,-1,-1,-1
279,279,936,508,103,102,1,-1,-1,-1
279,280,856,465,112,109,1,-1,-1,-1
280,260,546,627,475,318,1,-1,-1,-1
280,279,931,509,105,104,1,-1,-1,-1
280,280,851,466,113,110,1,-1,-1,-1
281,260,626,618,439,302,1,-1,-1,-1
281,279,926,510,107,105,1,-1,-1,-1
281,280,846,466,115,111,1,-1,-1,-1
282,260,707,609,403,287,1,-1,-1,-1
282,279,922,511,109,106,1,-1,-1,-1
282,280,842,467,116,112,1,-1,-1,-1
283,260,744,608,375,270,1,-1,-1,-1
283,279,917,512,110,108,1,-1,-1,-1
283,280,837,468,117,112,1,-1,-1,-1
284,260,781,608,348,254,1,-1,-1,-1
284,279,913,513,112,109,1,-1,-1,-1
284,280,832,468,119,113,1,-1,-1,-1
285,260,818,608,321,238,1,-1,-1,-1
285,279,908,514,114,110,1,-1,-1,-1
285,280,827,469,120,114,1,-1,-1,-1
286,260,855,608,293,222,1,-1,-1,-1
286,279,903,515,116,112,1,-1,-1,-1
286,280,823,470,121,114,1,-1,-1,-1
287,260,892,608,266,206,1,-1,-1,-1
287,279,899,516,118,113,1,-1,-1,-1
287,280,818,470,123,115,1,-1,-1,-1
288,260,929,608,239,190,1,-1,-1,-1
288,279,894,517,120,114,1,-1,-1,-1
288,280,813,471,124,116,1,-1,-1,-1
289,260,967,608,212,174,1,-1,-1,-1
289,279,890,518,122,116,1,-1,-1,-1
289,280,809,472,126,117,1,-1,-1,-1
290,260,1004,608,184,158,1,-1,-1,-1
290,279,878,516,128,120,1,-1,-1,-1
290,280,796,470,133,120,1,-1,-1,-1
291,260,1015,606,173,159,1,-1,-1,-1
291,279,867,514,135,125,1,-1,-1,-1
291,280,783,468,140,123,1,-1,-1,-1
292,260,1034,600,162,158,1,-1,-1,-1
292,279,855,512,142,130,1,-1,-1,-1
293,260,1042,598,154,154,1,-1,-1,-1
293,279,844,511,149,135,1,-1,-1,-1
294,260,1052,598,146,145,1,-1,-1,-1
294,279,824,511,155,135,1,-1,-1,-1
295,260,1060,598,139,138,1,-1,-1,-1
295,279,805,511,162,135,1,-1,-1,-1
296,260,1069,589,131,137,1,-1,-1,-1
296,279,786,512,169,135,1,-1,-1,-1
297,260,1070,587,130,137,1,-1,-1,-1
297,279,767,512,176,135,1,-1,-1,-1
298,260,1080,589,126,126,1,-1,-1,-1
298,279,747,512,183,135,1,-1,-1,-1
299,260,1081,587,125,123,1,-1,-1,-1
299,279,728,513,190,135,1,-1,-1,-1
300,260,1081,582,123,124,1,-1,-1,-1
300,279,709,513,197,135,1,-1,-1,-1
301,260,1081,579,122,122,1,-1,-1,-1
301,279,690,514,204,136,1,-1,-1,-1
302,260,1081,579,121,116,1,-1,-1,-1
302,279,654,510,217,141,1,-1,-1,-1
303,260,1082,580,119,108,1,-1,-1,-1
303,279,618,506,231,146,1,-1,-1,-1
304,260,1087,572,114,108,1,-1,-1,-1
304,279,582,502,245,152,1,-1,-1,-1
305,260,1087,570,113,106,1,-1,-1,-1
305,279,527,494,266,159,1,-1,-1,-1
306,260,1087,567,111,105,1,-1,-1,-1
306,279,472,487,287,167,1,-1,-1,-1
307,260,1092,569,100,97,1,-1,-1,-1
307,279,417,479,308,174,1,-1,-1,-1
308,260,1092,566,100,95,1,-1,-1,-1
308,279,362,472,330,182,1,-1,-1,-1
309,260,1091,563,101,94,1,-1,-1,-1
309,279,271,457,369,196,1,-1,-1,-1
310,260,1091,561,101,94,1,-1,-1,-1
310,279,180,442,408,211,1,-1,-1,-1
311,279,89,427,447,225,1,-1,-1,-1
311,283,831,493,109,83,1,-1,-1,-1
312,279,0,413,487,240,1,-1,-1,-1
312,283,824,499,113,82,1,-1,-1,-1
313,280,96,357,365,207,1,-1,-1,-1
313,283,815,497,116,86,1,-1,-1,-1
314,280,32,344,386,217,1,-1,-1,-1
314,283,808,495,119,91,1,-1,-1,-1
315,283,796,496,121,89,1,-1,-1,-1
316,283,785,494,132,93,1,-1,-1,-1
317,283,779,495,129,94,1,-1,-1,-1
318,283,757,492,133,98,1,-1,-1,-1
319,283,753,491,128,100,1,-1,-1,-1
320,283,742,490,131,101,1,-1,-1,-1
321,283,722,490,135,101,1,-1,-1,-1
322,283,709,488,143,96,1,-1,-1,-1
323,283,684,486,149,98,1,-1,-1,-1
324,283,672,483,154,102,1,-1,-1,-1
325,283,642,482,166,101,1,-1,-1,-1
326,283,629,479,176,104,1,-1,-1,-1
327,283,601,474,178,111,1,-1,-1,-1
328,283,568,467,192,117,1,-1,-1,-1
329,283,542,463,182,116,1,-1,-1,-1
330,283,505,459,196,117,1,-1,-1,-1
331,283,455,453,217,122,1,-1,-1,-1
332,283,405,447,238,127,1,-1,-1,-1
333,283,355,440,259,132,1,-1,-1,-1
334,283,305,434,280,137,1,-1,-1,-1
335,278,0,533,552,317,1,-1,-1,-1
335,283,256,427,301,142,1,-1,-1,-1
336,278,97,545,503,296,1,-1,-1,-1
336,283,237,422,314,146,1,-1,-1,-1
337,278,210,558,454,275,1,-1,-1,-1
337,283,172,412,325,148,1,-1,-1,-1
338,278,302,565,413,250,1,-1,-1,-1
338,283,20,388,391,146,1,-1,-1,-1
338,284,855,484,104,85,1,-1,-1,-1
339,278,394,571,371,226,1,-1,-1,-1
339,283,0,380,361,155,1,-1,-1,-1
339,284,849,485,107,86,1,-1,-1,-1
340,278,486,577,330,201,1,-1,-1,-1
340,284,844,484,111,90,1,-1,-1,-1
341,278,557,580,307,189,1,-1,-1,-1
341,284,841,483,110,91,1,-1,-1,-1
342,278,621,582,287,180,1,-1,-1,-1
342,284,832,484,111,90,1,-1,-1,-1
343,278,644,584,272,175,1,-1,-1,-1
343,284,825,486,115,91,1,-1,-1,-1
344,278,709,590,239,161,1,-1,-1,-1
344,284,817,486,118,92,1,-1,-1,-1
345,278,726,591,241,157,1,-1,-1,-1
345,284,810,485,120,93,1,-1,-1,-1
346,278,773,590,224,157,1,-1,-1,-1
346,284,808,483,117,95,1,-1,-1,-1
347,278,813,588,192,151,1,-1,-1,-1
347,284,798,482,116,96,1,-1,-1,-1
348,278,846,584,176,147,1,-1,-1,-1
348,284,791,484,119,97,1,-1,-1,-1
349,278,855,585,174,142,1,-1,-1,-1
349,284,783,480,123,104,1,-1,-1,-1
350,278,880,583,170,138,1,-1,-1,-1
350,284,775,480,126,105,1,-1,-1,-1
351,278,894,584,160,133,1,-1,-1,-1
351,284,759,481,129,105,1,-1,-1,-1
352,278,914,583,155,127,1,-1,-1,-1
352,284,750,482,131,105,1,-1,-1,-1
353,278,926,583,148,124,1,-1,-1,-1
353,284,737,478,140,109,1,-1,-1,-1
354,278,937,583,144,119,1,-1,-1,-1
354,284,716,475,149,111,1,-1,-1,-1
355,278,953,580,135,120,1,-1,-1,-1
355,284,703,470,157,117,1,-1,-1,-1
356,278,964,581,127,115,1,-1,-1,-1
356,284,679,469,160,118,1,-1,-1,-1
357,278,975,580,122,111,1,-1,-1,-1
357,284,669,465,164,122,1,-1,-1,-1
358,278,981,584,119,101,1,-1,-1,-1
358,284,641,463,170,123,1,-1,-1,-1
359,278,988,584,122,98,1,-1,-1,-1
359,284,631,458,174,127,1,-1,-1,-1
360,278,994,579,120,98,1,-1,-1,-1
360,284,601,454,179,132,1,-1,-1,-1
361,278,999,578,117,97,1,-1,-1,-1
361,284,569,450,186,134,1,-1,-1,-1
362,278,1003,576,115,98,1,-1,-1,-1
362,284,540,447,186,135,1,-1,-1,-1
363,278,1011,576,106,89,1,-1,-1,-1
363,284,495,439,207,142,1,-1,-1,-1
364,278,1015,574,104,88,1,-1,-1,-1
364,284,450,430,228,150,1,-1,-1,-1
365,278,1018,573,102,86,1,-1,-1,-1
365,284,406,421,248,158,1,-1,-1,-1
366,278,1019,570,102,86,1,-1,-1,-1
366,284,376,415,280,163,1,-1,-1,-1
367,278,1021,567,104,87,1,-1,-1,-1
367,284,324,412,274,159,1,-1,-1,-1
368,278,1022,564,104,87,1,-1,-1,-1
368,284,256,406,293,162,1,-1,-1,-1
369,278,1023,562,102,87,1,-1,-1,-1
369,284,184,385,316,169,1,-1,-1,-1
370,284,113,375,331,172,1,-1,-1,-1
371,284,53,361,328,186,1,-1,-1,-1
372,284,0,346,325,199,1,-1,-1,-1
389,281,16,545,582,293,1,-1,-1,-1
390,281,178,553,504,279,1,-1,-1,-1
391,281,294,561,456,249,1,-1,-1,-1
392,281,409,568,408,219,1,-1,-1,-1
393,281,524,576,359,189,1,-1,-1,-1
394,281,546,576,332,187,1,-1,-1,-1
395,281,631,581,282,171,1,-1,-1,-1
396,281,698,583,254,164,1,-1,-1,-1
397,281,721,573,239,166,1,-1,-1,-1
398,281,777,571,221,167,1,-1,-1,-1
398,287,936,512,104,85,1,-1,-1,-1
399,281,809,583,201,144,1,-1,-1,-1
399,287,934,513,107,86,1,-1,-1,-1
400,281,842,580,192,141,1,-1,-1,-1
400,287,931,512,100,90,1,-1,-1,-1
401,281,877,579,173,135,1,-1,-1,-1
401,287,926,514,107,93,1,-1,-1,-1
402,281,887,578,170,134,1,-1,-1,-1
402,287,921,517,109,92,1,-1,-1,-1
403,281,910,580,165,126,1,-1,-1,-1
403,287,914,519,112,91,1,-1,-1,-1
404,281,924,581,154,121,1,-1,-1,-1
404,287,907,519,114,93,1,-1,-1,-1
405,281,948,580,144,119,1,-1,-1,-1
405,287,905,527,113,88,1,-1,-1,-1
406,281,960,579,134,115,1,-1,-1,-1
406,287,903,526,110,91,1,-1,-1,-1
407,281,972,577,129,113,1,-1,-1,-1
407,287,887,525,119,94,1,-1,-1,-1
408,281,987,570,125,112,1,-1,-1,-1
408,287,880,525,123,96,1,-1,-1,-1
409,281,992,572,123,109,1,-1,-1,-1
409,287,873,524,120,97,1,-1,-1,-1
410,281,997,575,123,100,1,-1,-1,-1
410,287,869,525,119,97,1,-1,-1,-1
411,281,1002,573,120,100,1,-1,-1,-1
411,287,849,522,123,105,1,-1,-1,-1
412,281,1009,570,117,100,1,-1,-1,-1
412,287,836,521,130,109,1,-1,-1,-1
413,281,1015,565,113,102,1,-1,-1,-1
413,287,815,522,137,109,1,-1,-1,-1
414,281,1019,566,109,96,1,-1,-1,-1
414,287,801,522,147,111,1,-1,-1,-1
415,281,1022,564,105,93,1,-1,-1,-1
415,287,774,522,157,112,1,-1,-1,-1
416,281,1025,558,109,96,1,-1,-1,-1
416,287,763,521,161,114,1,-1,-1,-1
417,281,1028,555,105,97,1,-1,-1,-1
417,287,732,519,167,117,1,-1,-1,-1
418,281,1031,554,101,95,1,-1,-1,-1
418,287,699,516,180,119,1,-1,-1,-1
419,281,1033,555,99,93,1,-1,-1,-1
419,287,693,516,180,120,1,-1,-1,-1
420,287,625,512,203,125,1,-1,-1,-1
421,287,619,510,207,127,1,-1,-1,-1
422,287,561,504,234,132,1,-1,-1,-1
423,287,504,497,260,137,1,-1,-1,-1
424,287,446,490,287,142,1,-1,-1,-1
425,287,371,483,319,149,1,-1,-1,-1
426,287,352,476,330,153,1,-1,-1,-1
427,287,212,470,387,160,1,-1,-1,-1
428,287,135,453,408,175,1,-1,-1,-1
428,288,844,491,107,84,1,-1,-1,-1
429,287,58,436,428,189,1,-1,-1,-1
429,288,842,492,106,83,1,-1,-1,-1
430,287,0,420,449,204,1,-1,-1,-1
431,288,827,490,110,86,1,-1,-1,-1
432,288,817,489,117,89,1,-1,-1,-1
433,288,810,489,117,90,1,-1,-1,-1
434,288,800,488,116,90,1,-1,-1,-1
435,288,790,488,126,93,1,-1,-1,-1
436,288,783,489,128,92,1,-1,-1,-1
437,288,777,486,126,97,1,-1,-1,-1
438,288,758,484,130,99,1,-1,-1,-1
439,288,751,487,129,97,1,-1,-1,-1
440,288,739,487,137,98,1,-1,-1,-1
441,288,719,486,141,97,1,-1,-1,-1
442,288,708,485,146,99,1,-1,-1,-1
443,288,682,482,151,103,1,-1,-1,-1
444,288,670,479,157,106,1,-1,-1,-1
445,288,640,476,167,108,1,-1,-1,-1
446,288,608,470,179,110,1,-1,-1,-1
447,288,598,466,183,115,1,-1,-1,-1
448,288,564,461,193,120,1,-1,-1,-1
449,288,536,458,190,121,1,-1,-1,-1
450,288,466,456,212,118,1,-1,-1,-1
451,288,434,451,213,122,1,-1,-1,-1
452,288,376,439,255,132,1,-1,-1,-1
453,288,318,427,297,141,1,-1,-1,-1
454,288,237,424,340,142,1,-1,-1,-1
455,288,235,419,326,143,1,-1,-1,-1
456,288,75,412,416,146,1,-1,-1,-1
457,288,28,383,378,154,1,-1,-1,-1
458,288,0,359,395,198,1,-1,-1,-1
483,285,1,467,646,373,1,-1,-1,-1
484,285,97,481,592,350,1,-1,-1,-1
485,285,194,496,539,328,1,-1,-1,-1
486,285,291,511,486,305,1,-1,-1,-1
487,285,388,526,433,283,1,-1,-1,-1
488,285,485,541,380,260,1,-1,-1,-1
489,285,533,543,361,224,1,-1,-1,-1
490,285,601,546,331,217,1,-1,-1,-1
491,285,626,534,334,222,1,-1,-1,-1
492,285,682,552,294,204,1,-1,-1,-1
493,285,706,556,280,194,1,-1,-1,-1
494,285,745,544,282,199,1,-1,-1,-1
495,285,782,562,244,177,1,-1,-1,-1
496,285,813,555,242,180,1,-1,-1,-1
497,285,834,557,226,176,1,-1,-1,-1
498,285,854,556,217,172,1,-1,-1,-1
499,285,872,562,201,156,1,-1,-1,-1
500,285,894,558,195,158,1,-1,-1,-1
501,285,906,557,186,157,1,-1,-1,-1
502,285,921,559,173,153,1,-1,-1,-1
503,285,934,561,172,146,1,-1,-1,-1
504,285,943,565,166,138,1,-1,-1,-1
505,285,958,555,153,139,1,-1,-1,-1
506,285,966,557,146,134,1,-1,-1,-1
507,282,21,540,520,285,1,-1,-1,-1
507,285,972,558,142,130,1,-1,-1,-1
508,282,26,547,572,273,1,-1,-1,-1
508,285,982,558,139,127,1,-1,-1,-1
509,282,202,553,458,263,1,-1,-1,-1
509,285,987,558,134,125,1,-1,-1,-1
510,282,265,556,455,262,1,-1,-1,-1
510,285,993,557,129,123,1,-1,-1,-1
511,282,328,560,451,260,1,-1,-1,-1
511,285,997,558,127,121,1,-1,-1,-1
512,282,482,565,333,206,1,-1,-1,-1
512,285,1001,558,124,118,1,-1,-1,-1
513,282,539,569,334,194,1,-1,-1,-1
513,285,1005,560,120,113,1,-1,-1,-1
514,282,608,576,305,181,1,-1,-1,-1
514,285,1009,560,119,111,1,-1,-1,-1
515,282,641,568,269,176,1,-1,-1,-1
515,285,1012,558,117,108,1,-1,-1,-1
516,282,705,574,238,165,1,-1,-1,-1
516,285,1015,556,114,103,1,-1,-1,-1
517,282,724,577,234,160,1,-1,-1,-1
517,285,1017,555,112,99,1,-1,-1,-1
518,282,770,572,227,165,1,-1,-1,-1
518,285,1020,553,110,98,1,-1,-1,-1
519,282,807,582,202,146,1,-1,-1,-1
519,285,1020,546,109,102,1,-1,-1,-1
520,282,813,584,205,138,1,-1,-1,-1
520,285,1020,545,109,102,1,-1,-1,-1
521,282,847,580,185,139,1,-1,-1,-1
521,285,1022,545,113,99,1,-1,-1,-1
522,282,878,580,173,132,1,-1,-1,-1
522,285,1021,543,116,96,1,-1,-1,-1
523,282,891,579,164,130,1,-1,-1,-1
523,285,1021,541,116,96,1,-1,-1,-1
524,282,913,577,158,126,1,-1,-1,-1
524,285,1022,540,115,95,1,-1,-1,-1
525,282,925,577,149,124,1,-1,-1,-1
525,285,1024,539,110,93,1,-1,-1,-1
526,282,938,577,141,119,1,-1,-1,-1
527,282,951,574,137,118,1,-1,-1,-1
528,282,961,571,129,113,1,-1,-1,-1
529,282,970,571,127,110,1,-1,-1,-1
530,282,978,571,124,107,1,-1,-1,-1
531,282,983,573,118,100,1,-1,-1,-1
531,286,0,781,789,418,1,-1,-1,-1
532,282,991,560,120,105,1,-1,-1,-1
532,286,176,783,686,392,1,-1,-1,-1
533,286,373,786,583,345,1,-1,-1,-1
534,286,430,775,524,322,1,-1,-1,-1
535,286,583,753,420,280,1,-1,-1,-1
536,286,629,745,399,270,1,-1,-1,-1
537,286,726,734,327,252,1,-1,-1,-1
538,286,782,717,324,238,1,-1,-1,-1
539,286,812,712,294,229,1,-1,-1,-1
540,286,860,709,287,198,1,-1,-1,-1
541,262,846,490,107,83,1,-1,-1,-1
541,286,887,708,266,176,1,-1,-1,-1
542,262,841,491,110,84,1,-1,-1,-1
542,286,926,706,261,169,1,-1,-1,-1
543,262,834,488,110,83,1,-1,-1,-1
543,286,957,687,222,181,1,-1,-1,-1
544,262,828,489,115,85,1,-1,-1,-1
544,286,976,681,215,178,1,-1,-1,-1
545,262,822,490,118,87,1,-1,-1,-1
545,286,994,682,202,159,1,-1,-1,-1
546,262,816,490,119,87,1,-1,-1,-1
546,286,1021,677,183,160,1,-1,-1,-1
547,262,809,490,124,88,1,-1,-1,-1
547,286,1033,666,167,152,1,-1,-1,-1
548,262,805,489,124,90,1,-1,-1,-1
548,286,1044,659,159,151,1,-1,-1,-1
549,262,805,487,120,92,1,-1,-1,-1
549,286,1054,657,152,143,1,-1,-1,-1
550,262,787,486,135,96,1,-1,-1,-1
550,286,1063,646,141,145,1,-1,-1,-1
551,262,784,486,131,95,1,-1,-1,-1
551,286,1077,648,136,132,1,-1,-1,-1
552,262,782,485,124,97,1,-1,-1,-1
552,286,1082,645,134,129,1,-1,-1,-1
553,262,775,486,126,97,1,-1,-1,-1
553,286,1087,641,132,127,1,-1,-1,-1
554,262,761,486,130,97,1,-1,-1,-1
554,286,1093,637,127,125,1,-1,-1,-1
555,262,754,486,131,97,1,-1,-1,-1
555,286,1098,636,123,123,1,-1,-1,-1
556,262,745,486,133,97,1,-1,-1,-1
556,286,1099,629,124,116,1,-1,-1,-1
557,262,736,485,138,99,1,-1,-1,-1
557,286,1101,627,123,114,1,-1,-1,-1
558,262,720,484,145,100,1,-1,-1,-1
558,286,1102,624,121,111,1,-1,-1,-1
559,262,709,482,151,103,1,-1,-1,-1
559,286,1103,620,119,110,1,-1,-1,-1
560,262,696,479,160,106,1,-1,-1,-1
560,286,1104,616,116,106,1,-1,-1,-1
561,262,678,476,160,109,1,-1,-1,-1
561,286,1105,614,115,103,1,-1,-1,-1
562,262,667,474,165,111,1,-1,-1,-1
562,286,1106,607,114,103,1,-1,-1,-1
563,262,644,472,173,112,1,-1,-1,-1
563,286,1105,605,114,102,1,-1,-1,-1
564,262,634,468,176,115,1,-1,-1,-1
564,286,1104,601,112,103,1,-1,-1,-1
565,262,607,466,184,117,1,-1,-1,-1
565,286,1106,601,107,93,1,-1,-1,-1
566,262,596,462,189,122,1,-1,-1,-1
566,286,1105,599,106,91,1,-1,-1,-1
567,262,566,461,199,122,1,-1,-1,-1
567,286,1106,596,105,89,1,-1,-1,-1
568,262,559,458,198,124,1,-1,-1,-1
568,286,1107,593,102,89,1,-1,-1,-1
569,262,526,455,211,125,1,-1,-1,-1
569,286,1107,591,99,89,1,-1,-1,-1
570,262,492,453,223,125,1,-1,-1,-1
571,262,486,452,223,125,1,-1,-1,-1
572,262,455,450,222,126,1,-1,-1,-1
573,262,394,433,269,142,1,-1,-1,-1
574,262,362,429,300,141,1,-1,-1,-1
575,262,321,430,284,138,1,-1,-1,-1
576,262,286,424,323,141,1,-1,-1,-1
577,262,241,417,312,145,1,-1,-1,-1
578,262,174,408,339,152,1,-1,-1,-1
579,262,106,394,350,152,1,-1,-1,-1
580,262,48,378,376,173,1,-1,-1,-1
581,262,0,363,402,195,1,-1,-1,-1
616,308,852,497,104,86,1,-1,-1,-1
617,308,846,496,108,88,1,-1,-1,-1
618,308,840,496,111,89,1,-1,-1,-1
619,308,833,499,111,84,1,-1,-1,-1
620,308,825,497,120,88,1,-1,-1,-1
621,308,819,495,121,91,1,-1,-1,-1
622,308,812,494,123,95,1,-1,-1,-1
623,308,808,494,118,95,1,-1,-1,-1
624,308,798,494,120,97,1,-1,-1,-1
625,308,787,483,132,112,1,-1,-1,-1
