87,260,975,728,440,351,1,-1,-1,-1
88,260,989,707,410,371,1,-1,-1,-1
89,260,1004,687,381,383,1,-1,-1,-1
90,260,1005,680,380,356,1,-1,-1,-1
91,260,999,627,406,402,1,-1,-1,-1
92,260,1009,639,370,336,1,-1,-1,-1
93,260,1011,616,364,348,1,-1,-1,-1
94,260,1015,600,354,350,1,-1,-1,-1
95,260,1017,598,351,339,1,-1,-1,-1
96,260,1019,578,345,326,1,-1,-1,-1
97,260,1023,563,339,320,1,-1,-1,-1
98,260,1027,548,330,318,1,-1,-1,-1
99,260,1032,542,320,310,1,-1,-1,-1
100,260,1033,515,318,309,1,-1,-1,-1
101,260,1036,500,308,309,1,-1,-1,-1
102,260,1041,485,298,307,1,-1,-1,-1
103,260,1045,478,290,299,1,-1,-1,-1
104,260,1044,464,299,280,1,-1,-1,-1
105,260,1049,456,288,277,1,-1,-1,-1
106,260,1053,448,278,272,1,-1,-1,-1
107,260,1056,438,270,265,1,-1,-1,-1
108,260,1058,431,265,257,1,-1,-1,-1
109,260,1061,426,257,248,1,-1,-1,-1
110,260,1060,398,262,259,1,-1,-1,-1
111,260,1061,389,256,257,1,-1,-1,-1
112,260,1063,381,251,253,1,-1,-1,-1
113,260,1066,371,244,249,1,-1,-1,-1
114,260,1069,364,238,243,1,-1,-1,-1
115,260,1072,360,235,234,1,-1,-1,-1
116,260,1071,337,239,237,1,-1,-1,-1
117,260,1070,331,237,235,1,-1,-1,-1
118,260,1070,322,234,233,1,-1,-1,-1
119,260,1071,313,233,230,1,-1,-1,-1
120,260,1072,308,230,224,1,-1,-1,-1
121,260,1072,304,231,217,1,-1,-1,-1
122,260,1066,299,221,210,1,-1,-1,-1
123,260,1073,286,224,187,1,-1,-1,-1
124,260,1072,275,226,204,1,-1,-1,-1
125,260,1075,268,219,209,1,-1,-1,-1
126,260,1077,268,203,197,1,-1,-1,-1
127,260,1080,256,196,170,1,-1,-1,-1
127,289,1025,20,116,97,1,-1,-1,-1
128,260,1080,247,197,182,1,-1,-1,-1
128,289,1024,20,116,97,1,-1,-1,-1
129,260,1080,237,207,197,1,-1,-1,-1
129,289,1023,21,116,97,1,-1,-1,-1
130,260,1081,232,205,200,1,-1,-1,-1
130,289,1023,21,116,97,1,-1,-1,-1
131,260,1081,232,196,192,1,-1,-1,-1
131,289,1022,22,116,97,1,-1,-1,-1
132,260,1086,223,198,168,1,-1,-1,-1
132,289,1022,23,117,97,1,-1,-1,-1
133,260,1085,217,184,180,1,-1,-1,-1
133,289,1021,23,117,98,1,-1,-1,-1
134,260,1086,210,182,186,1,-1,-1,-1
134,289,1021,24,117,98,1,-1,-1,-1
135,260,1086,208,183,183,1,-1,-1,-1
135,289,1020,25,117,98,1,-1,-1,-1
136,260,1087,204,183,180,1,-1,-1,-1
136,289,1020,25,118,98,1,-1,-1,-1
137,260,1088,200,182,179,1,-1,-1,-1
137,289,1019,26,118,98,1,-1,-1,-1
138,260,1088,200,181,172,1,-1,-1,-1
138,289,1019,27,118,99,1,-1,-1,-1
139,260,1088,189,178,164,1,-1,-1,-1
139,289,1018,27,118,99,1,-1,-1,-1
140,260,1088,183,179,170,1,-1,-1,-1
140,289,1018,28,119,99,1,-1,-1,-1
141,260,1090,177,177,177,1,-1,-1,-1
141,289,1017,29,119,99,1,-1,-1,-1
142,260,1091,174,175,174,1,-1,-1,-1
142,289,1016,29,119,99,1,-1,-1,-1
143,260,1093,172,172,169,1,-1,-1,-1
143,289,1016,30,119,100,1,-1,-1,-1
144,260,1093,169,171,166,1,-1,-1,-1
144,289,1015,31,119,100,1,-1,-1,-1
145,260,1094,169,169,160,1,-1,-1,-1
145,289,1015,31,120,100,1,-1,-1,-1
146,260,1093,164,170,144,1,-1,-1,-1
146,289,1014,32,120,100,1,-1,-1,-1
147,260,1093,159,172,149,1,-1,-1,-1
147,289,1014,33,120,100,1,-1,-1,-1
148,260,1092,154,173,154,1,-1,-1,-1
148,289,1013,33,120,101,1,-1,-1,-1
149,260,1092,150,173,155,1,-1,-1,-1
149,289,1013,34,121,101,1,-1,-1,-1
150,260,1093,147,171,154,1,-1,-1,-1
150,289,1012,35,121,101,1,-1,-1,-1
151,260,1094,143,169,153,1,-1,-1,-1
151,289,1012,35,121,101,1,-1,-1,-1
152,260,1096,139,165,154,1,-1,-1,-1
152,289,1011,36,121,101,1,-1,-1,-1
153,260,1097,136,162,152,1,-1,-1,-1
153,289,1011,37,122,102,1,-1,-1,-1
154,260,1099,132,157,142,1,-1,-1,-1
154,289,1009,37,122,102,1,-1,-1,-1
155,260,1097,129,161,144,1,-1,-1,-1
155,289,1008,37,123,103,1,-1,-1,-1
156,260,1098,127,160,147,1,-1,-1,-1
156,289,1006,38,123,104,1,-1,-1,-1
157,260,1099,125,159,148,1,-1,-1,-1
157,289,1005,38,124,105,1,-1,-1,-1
158,260,1100,123,156,147,1,-1,-1,-1
158,289,1004,38,124,105,1,-1,-1,-1
159,260,1100,120,157,144,1,-1,-1,-1
159,289,1002,39,125,106,1,-1,-1,-1
160,260,1101,117,156,140,1,-1,-1,-1
160,289,1001,39,125,107,1,-1,-1,-1
161,260,1102,114,153,138,1,-1,-1,-1
161,289,1000,39,126,108,1,-1,-1,-1
162,260,1104,110,148,139,1,-1,-1,-1
162,289,998,40,126,108,1,-1,-1,-1
163,260,1105,106,146,139,1,-1,-1,-1
163,289,997,40,127,109,1,-1,-1,-1
164,260,1107,104,143,140,1,-1,-1,-1
164,289,996,40,127,110,1,-1,-1,-1
165,260,1105,96,145,137,1,-1,-1,-1
165,289,994,41,128,111,1,-1,-1,-1
166,260,1105,94,145,141,1,-1,-1,-1
166,289,993,41,128,112,1,-1,-1,-1
167,260,1106,91,144,141,1,-1,-1,-1
167,289,992,41,129,112,1,-1,-1,-1
168,260,1105,91,145,139,1,-1,-1,-1
168,289,990,42,129,113,1,-1,-1,-1
169,260,1106,92,143,133,1,-1,-1,-1
169,289,989,42,130,114,1,-1,-1,-1
170,260,1106,92,144,129,1,-1,-1,-1
170,289,987,43,130,115,1,-1,-1,-1
171,260,1107,89,142,127,1,-1,-1,-1
171,289,986,43,131,115,1,-1,-1,-1
172,260,1108,86,141,126,1,-1,-1,-1
172,289,985,43,131,116,1,-1,-1,-1
173,260,1109,84,139,126,1,-1,-1,-1
173,289,983,44,132,117,1,-1,-1,-1
174,260,1109,84,136,122,1,-1,-1,-1
174,289,982,44,132,118,1,-1,-1,-1
175,260,1110,83,134,120,1,-1,-1,-1
175,289,981,44,133,119,1,-1,-1,-1
176,260,1111,82,134,119,1,-1,-1,-1
176,289,979,45,133,119,1,-1,-1,-1
177,260,1111,81,134,119,1,-1,-1,-1
177,289,978,45,134,120,1,-1,-1,-1
178,260,1112,80,132,119,1,-1,-1,-1
178,289,977,45,134,121,1,-1,-1,-1
179,260,1113,79,130,117,1,-1,-1,-1
179,289,975,46,135,122,1,-1,-1,-1
180,260,1113,80,130,115,1,-1,-1,-1
180,289,974,46,135,122,1,-1,-1,-1
181,260,1113,80,131,113,1,-1,-1,-1
181,289,973,46,136,123,1,-1,-1,-1
182,260,1117,91,136,99,1,-1,-1,-1
182,289,971,47,136,124,1,-1,-1,-1
183,289,970,47,137,125,1,-1,-1,-1
184,260,1119,67,130,117,1,-1,-1,-1
184,289,969,48,138,126,1,-1,-1,-1
185,260,1115,92,138,92,1,-1,-1,-1
185,289,968,49,138,126,1,-1,-1,-1
186,260,1130,74,115,92,1,-1,-1,-1
186,289,967,50,139,126,1,-1,-1,-1
187,260,1119,65,130,110,1,-1,-1,-1
187,289,966,52,139,127,1,-1,-1,-1
188,260,1120,64,129,109,1,-1,-1,-1
188,289,965,53,140,127,1,-1,-1,-1
189,260,1121,63,128,108,1,-1,-1,-1
189,289,964,54,141,127,1,-1,-1,-1
190,260,1122,62,127,107,1,-1,-1,-1
190,289,963,56,141,128,1,-1,-1,-1
191,260,1123,61,126,106,1,-1,-1,-1
191,289,962,57,142,128,1,-1,-1,-1
192,260,1124,59,124,105,1,-1,-1,-1
192,289,961,59,143,128,1,-1,-1,-1
193,260,1125,58,123,104,1,-1,-1,-1
193,261,1049,841,379,237,1,-1,-1,-1
193,289,960,60,143,129,1,-1,-1,-1
194,260,1125,57,122,103,1,-1,-1,-1
194,261,1054,823,366,255,1,-1,-1,-1
194,289,959,61,144,129,1,-1,-1,-1
195,260,1126,56,121,102,1,-1,-1,-1
195,261,1059,802,355,276,1,-1,-1,-1
195,289,958,63,145,129,1,-1,-1,-1
196,260,1127,54,120,101,1,-1,-1,-1
196,261,1063,784,348,284,1,-1,-1,-1
196,289,957,64,145,130,1,-1,-1,-1
197,260,1128,53,119,100,1,-1,-1,-1
197,261,1058,760,352,270,1,-1,-1,-1
197,289,956,66,146,130,1,-1,-1,-1
198,260,1129,52,118,99,1,-1,-1,-1
198,261,1063,752,342,261,1,-1,-1,-1
198,289,955,67,146,130,1,-1,-1,-1
199,260,1130,51,116,98,1,-1,-1,-1
199,261,1066,735,334,260,1,-1,-1,-1
199,289,954,68,147,131,1,-1,-1,-1
200,260,1131,50,115,97,1,-1,-1,-1
200,261,1069,721,330,261,1,-1,-1,-1
200,289,953,70,148,131,1,-1,-1,-1
201,260,1132,48,114,96,1,-1,-1,-1
201,261,1066,699,334,247,1,-1,-1,-1
201,289,952,71,148,131,1,-1,-1,-1
202,260,1133,47,113,95,1,-1,-1,-1
202,261,1073,691,319,239,1,-1,-1,-1
202,289,951,72,149,132,1,-1,-1,-1
203,260,1134,46,112,94,1,-1,-1,-1
203,261,1078,680,310,234,1,-1,-1,-1
203,289,950,74,150,132,1,-1,-1,-1
204,260,1135,45,111,93,1,-1,-1,-1
204,261,1077,665,309,235,1,-1,-1,-1
204,289,949,75,150,132,1,-1,-1,-1
205,260,1136,44,110,92,1,-1,-1,-1
205,261,1080,655,304,235,1,-1,-1,-1
205,289,948,77,151,133,1,-1,-1,-1
206,260,1136,42,108,91,1,-1,-1,-1
206,261,1082,633,301,234,1,-1,-1,-1
206,289,948,78,152,133,1,-1,-1,-1
207,260,1137,41,107,90,1,-1,-1,-1
207,261,1088,626,290,227,1,-1,-1,-1
207,289,947,79,152,133,1,-1,-1,-1
208,260,1138,40,106,89,1,-1,-1,-1
208,261,1089,615,285,224,1,-1,-1,-1
208,289,946,81,153,134,1,-1,-1,-1
209,260,1136,38,111,95,1,-1,-1,-1
209,261,1087,603,284,221,1,-1,-1,-1
209,289,945,82,153,134,1,-1,-1,-1
210,260,1137,39,109,91,1,-1,-1,-1
210,261,1087,594,282,216,1,-1,-1,-1
210,289,944,84,154,134,1,-1,-1,-1
211,260,1139,39,108,89,1,-1,-1,-1
211,261,1081,566,281,225,1,-1,-1,-1
211,289,943,85,155,135,1,-1,-1,-1
212,260,1138,35,109,91,1,-1,-1,-1
212,261,1087,559,271,222,1,-1,-1,-1
212,289,942,86,155,135,1,-1,-1,-1
213,260,1138,30,110,92,1,-1,-1,-1
213,261,1089,549,266,219,1,-1,-1,-1
213,289,941,88,156,135,1,-1,-1,-1
214,260,1137,28,111,95,1,-1,-1,-1
214,261,1091,540,264,215,1,-1,-1,-1
214,289,940,89,157,136,1,-1,-1,-1
215,260,1138,27,111,96,1,-1,-1,-1
215,261,1090,530,263,212,1,-1,-1,-1
215,289,939,90,157,136,1,-1,-1,-1
216,260,1139,28,111,97,1,-1,-1,-1
216,261,1093,523,258,207,1,-1,-1,-1
216,289,938,92,158,136,1,-1,-1,-1
217,260,1140,31,110,94,1,-1,-1,-1
217,261,1091,498,261,216,1,-1,-1,-1
217,289,937,93,159,137,1,-1,-1,-1
218,260,1139,32,110,95,1,-1,-1,-1
218,261,1096,493,252,212,1,-1,-1,-1
218,289,936,95,159,137,1,-1,-1,-1
219,260,1139,30,110,95,1,-1,-1,-1
219,261,1098,484,249,210,1,-1,-1,-1
219,289,935,96,160,137,1,-1,-1,-1
220,260,1138,29,111,97,1,-1,-1,-1
220,261,1098,474,248,209,1,-1,-1,-1
220,289,934,97,160,138,1,-1,-1,-1
221,260,1138,29,110,96,1,-1,-1,-1
221,261,1097,466,251,206,1,-1,-1,-1
221,289,933,99,161,138,1,-1,-1,-1
222,260,1138,31,110,97,1,-1,-1,-1
222,261,1105,462,236,193,1,-1,-1,-1
222,289,932,100,162,138,1,-1,-1,-1
223,260,1139,31,110,96,1,-1,-1,-1
223,261,1106,455,232,193,1,-1,-1,-1
223,289,931,102,162,139,1,-1,-1,-1
224,260,1141,32,107,94,1,-1,-1,-1
224,261,1108,454,228,183,1,-1,-1,-1
224,289,930,103,163,139,1,-1,-1,-1
225,260,1142,32,105,92,1,-1,-1,-1
225,261,1109,435,225,189,1,-1,-1,-1
225,289,929,104,164,139,1,-1,-1,-1
226,260,1142,32,105,92,1,-1,-1,-1
226,261,1107,430,217,185,1,-1,-1,-1
226,289,928,106,164,140,1,-1,-1,-1
227,260,1143,30,106,93,1,-1,-1,-1
227,261,1109,423,213,182,1,-1,-1,-1
227,289,927,107,165,140,1,-1,-1,-1
228,260,1142,28,108,95,1,-1,-1,-1
228,261,1110,422,210,173,1,-1,-1,-1
228,263,1041,766,376,312,1,-1,-1,-1
228,289,927,109,166,141,1,-1,-1,-1
229,260,1141,26,111,97,1,-1,-1,-1
229,261,1112,399,204,186,1,-1,-1,-1
229,263,1039,753,375,325,1,-1,-1,-1
229,289,925,111,167,141,1,-1,-1,-1
230,260,1141,24,111,97,1,-1,-1,-1
230,261,1113,393,199,182,1,-1,-1,-1
230,263,1038,729,365,323,1,-1,-1,-1
230,289,923,113,168,142,1,-1,-1,-1
231,260,1142,23,110,96,1,-1,-1,-1
231,261,1113,388,198,175,1,-1,-1,-1
231,263,1041,713,355,315,1,-1,-1,-1
231,289,921,116,169,143,1,-1,-1,-1
232,260,1144,26,107,91,1,-1,-1,-1
232,261,1111,388,202,165,1,-1,-1,-1
232,263,1044,695,350,312,1,-1,-1,-1
232,289,919,118,170,143,1,-1,-1,-1
233,260,1146,29,105,88,1,-1,-1,-1
233,261,1113,368,197,173,1,-1,-1,-1
233,263,1036,674,359,306,1,-1,-1,-1
233,289,917,121,171,144,1,-1,-1,-1
234,260,1146,29,106,89,1,-1,-1,-1
234,261,1114,362,194,171,1,-1,-1,-1
234,263,1041,668,347,296,1,-1,-1,-1
234,289,915,123,172,145,1,-1,-1,-1
235,260,1144,24,107,94,1,-1,-1,-1
235,261,1112,357,194,166,1,-1,-1,-1
235,263,1043,655,337,287,1,-1,-1,-1
235,289,913,125,173,145,1,-1,-1,-1
236,260,1141,19,108,100,1,-1,-1,-1
236,261,1111,354,195,162,1,-1,-1,-1
236,263,1045,639,331,285,1,-1,-1,-1
236,289,912,128,175,146,1,-1,-1,-1
237,260,1142,19,105,100,1,-1,-1,-1
237,261,1112,338,192,170,1,-1,-1,-1
237,263,1046,629,327,285,1,-1,-1,-1
237,289,910,130,176,147,1,-1,-1,-1
238,260,1143,23,103,96,1,-1,-1,-1
238,261,1113,331,190,171,1,-1,-1,-1
238,263,1044,611,325,277,1,-1,-1,-1
238,289,908,133,177,147,1,-1,-1,-1
239,260,1145,26,101,93,1,-1,-1,-1
239,261,1113,327,188,166,1,-1,-1,-1
239,263,1048,602,315,270,1,-1,-1,-1
239,269,981,94,134,108,1,-1,-1,-1
239,289,906,135,178,148,1,-1,-1,-1
240,260,1146,27,100,91,1,-1,-1,-1
240,261,1113,322,187,161,1,-1,-1,-1
240,263,1049,589,307,267,1,-1,-1,-1
240,269,980,95,137,107,1,-1,-1,-1
240,289,904,137,179,149,1,-1,-1,-1
241,261,1113,320,188,156,1,-1,-1,-1
241,263,1049,576,308,266,1,-1,-1,-1
241,269,978,98,137,104,1,-1,-1,-1
241,289,902,140,180,149,1,-1,-1,-1
242,261,1116,306,182,161,1,-1,-1,-1
242,263,1050,566,305,265,1,-1,-1,-1
242,269,976,99,138,106,1,-1,-1,-1
242,289,900,142,181,150,1,-1,-1,-1
243,261,1115,299,184,164,1,-1,-1,-1
243,263,1050,549,302,258,1,-1,-1,-1
243,269,974,100,139,107,1,-1,-1,-1
243,289,899,145,183,151,1,-1,-1,-1
244,261,1113,294,185,161,1,-1,-1,-1
244,263,1057,542,288,250,1,-1,-1,-1
244,269,972,101,140,109,1,-1,-1,-1
244,289,897,147,184,151,1,-1,-1,-1
245,261,1113,289,184,156,1,-1,-1,-1
245,263,1059,528,279,246,1,-1,-1,-1
245,269,972,106,139,106,1,-1,-1,-1
245,289,895,149,185,152,1,-1,-1,-1
246,260,1146,28,101,90,1,-1,-1,-1
246,261,1113,287,181,152,1,-1,-1,-1
246,263,1059,513,277,247,1,-1,-1,-1
246,269,970,104,140,109,1,-1,-1,-1
246,289,893,152,186,153,1,-1,-1,-1
247,260,1146,27,102,91,1,-1,-1,-1
247,261,1115,286,177,147,1,-1,-1,-1
247,263,1059,502,273,247,1,-1,-1,-1
247,269,969,105,139,111,1,-1,-1,-1
247,289,891,154,187,153,1,-1,-1,-1
248,261,1115,271,177,153,1,-1,-1,-1
248,263,1061,481,270,252,1,-1,-1,-1
248,269,967,106,140,112,1,-1,-1,-1
248,289,889,157,188,154,1,-1,-1,-1
249,261,1112,265,180,154,1,-1,-1,-1
249,263,1063,478,266,243,1,-1,-1,-1
249,269,968,107,141,113,1,-1,-1,-1
249,289,887,159,189,155,1,-1,-1,-1
250,261,1111,260,180,152,1,-1,-1,-1
250,263,1064,470,263,235,1,-1,-1,-1
250,269,964,106,142,119,1,-1,-1,-1
250,289,886,162,191,156,1,-1,-1,-1
251,261,1112,255,177,150,1,-1,-1,-1
251,263,1065,460,259,234,1,-1,-1,-1
251,269,962,106,145,120,1,-1,-1,-1
251,289,883,165,191,157,1,-1,-1,-1
252,261,1115,253,173,147,1,-1,-1,-1
252,263,1067,452,253,232,1,-1,-1,-1
252,269,963,107,144,124,1,-1,-1,-1
252,289,881,169,192,158,1,-1,-1,-1
253,261,1117,251,169,144,1,-1,-1,-1
253,263,1069,444,244,229,1,-1,-1,-1
253,269,958,112,143,114,1,-1,-1,-1
253,289,879,173,193,159,1,-1,-1,-1
254,261,1118,243,166,142,1,-1,-1,-1
254,263,1071,439,239,223,1,-1,-1,-1
254,269,960,112,140,118,1,-1,-1,-1
254,289,877,176,194,160,1,-1,-1,-1
255,261,1117,239,166,145,1,-1,-1,-1
255,263,1072,414,237,233,1,-1,-1,-1
255,269,959,113,139,121,1,-1,-1,-1
255,289,875,180,195,161,1,-1,-1,-1
256,261,1115,234,169,144,1,-1,-1,-1
256,263,1072,408,237,227,1,-1,-1,-1
256,269,958,114,139,124,1,-1,-1,-1
256,289,873,184,196,163,1,-1,-1,-1
257,261,1114,229,169,142,1,-1,-1,-1
257,263,1072,400,235,222,1,-1,-1,-1
257,269,959,113,138,128,1,-1,-1,-1
257,289,870,187,196,164,1,-1,-1,-1
258,261,1114,226,166,139,1,-1,-1,-1
258,263,1072,389,234,222,1,-1,-1,-1
258,269,954,117,141,127,1,-1,-1,-1
258,289,868,191,197,165,1,-1,-1,-1
259,261,1116,223,161,138,1,-1,-1,-1
259,263,1073,380,231,222,1,-1,-1,-1
259,269,953,122,140,122,1,-1,-1,-1
259,289,866,195,198,166,1,-1,-1,-1
260,261,1118,220,157,139,1,-1,-1,-1
260,263,1074,373,231,220,1,-1,-1,-1
260,269,953,122,142,127,1,-1,-1,-1
260,289,864,198,199,167,1,-1,-1,-1
261,261,1118,216,155,140,1,-1,-1,-1
261,263,1075,368,231,214,1,-1,-1,-1
261,269,950,125,144,125,1,-1,-1,-1
261,289,862,202,200,169,1,-1,-1,-1
262,261,1116,211,157,133,1,-1,-1,-1
262,263,1077,345,228,222,1,-1,-1,-1
262,269,947,128,145,127,1,-1,-1,-1
262,289,860,206,201,170,1,-1,-1,-1
263,261,1115,209,158,134,1,-1,-1,-1
263,263,1074,350,226,200,1,-1,-1,-1
263,269,945,129,149,128,1,-1,-1,-1
263,289,857,209,201,171,1,-1,-1,-1
264,261,1116,204,157,133,1,-1,-1,-1
264,263,1077,341,221,202,1,-1,-1,-1
264,269,942,129,153,134,1,-1,-1,-1
264,289,855,213,202,172,1,-1,-1,-1
265,261,1118,199,154,133,1,-1,-1,-1
265,263,1081,334,214,203,1,-1,-1,-1
265,269,944,130,151,137,1,-1,-1,-1
265,289,853,217,203,173,1,-1,-1,-1
266,261,1119,193,151,134,1,-1,-1,-1
266,263,1084,329,206,187,1,-1,-1,-1
266,269,943,133,152,137,1,-1,-1,-1
266,289,851,220,204,175,1,-1,-1,-1
267,261,1119,191,148,132,1,-1,-1,-1
267,263,1084,320,203,196,1,-1,-1,-1
267,269,941,138,152,129,1,-1,-1,-1
267,289,849,224,205,176,1,-1,-1,-1
268,261,1120,189,144,132,1,-1,-1,-1
268,263,1083,313,204,197,1,-1,-1,-1
268,269,937,139,155,130,1,-1,-1,-1
268,289,847,228,206,177,1,-1,-1,-1
269,261,1121,186,142,131,1,-1,-1,-1
269,263,1085,306,202,194,1,-1,-1,-1
269,269,933,139,160,137,1,-1,-1,-1
269,289,844,231,206,178,1,-1,-1,-1
270,261,1123,183,143,132,1,-1,-1,-1
270,263,1086,304,200,188,1,-1,-1,-1
270,269,936,142,158,135,1,-1,-1,-1
270,289,842,235,207,179,1,-1,-1,-1
271,261,1122,180,147,123,1,-1,-1,-1
271,263,1088,295,197,180,1,-1,-1,-1
271,269,933,142,158,143,1,-1,-1,-1
271,289,840,239,208,181,1,-1,-1,-1
272,261,1122,179,150,122,1,-1,-1,-1
272,263,1087,287,196,186,1,-1,-1,-1
272,269,933,150,156,133,1,-1,-1,-1
272,289,838,242,209,182,1,-1,-1,-1
273,261,1121,177,150,123,1,-1,-1,-1
273,263,1088,280,194,186,1,-1,-1,-1
273,269,931,146,157,140,1,-1,-1,-1
273,289,836,246,210,183,1,-1,-1,-1
274,261,1122,173,148,124,1,-1,-1,-1
274,263,1088,273,192,186,1,-1,-1,-1
274,269,930,150,155,141,1,-1,-1,-1
274,289,834,250,211,184,1,-1,-1,-1
275,261,1123,170,146,125,1,-1,-1,-1
275,263,1089,269,190,183,1,-1,-1,-1
275,269,929,152,156,144,1,-1,-1,-1
275,289,831,253,211,185,1,-1,-1,-1
276,261,1125,166,145,126,1,-1,-1,-1
276,263,1093,263,185,173,1,-1,-1,-1
276,269,927,155,159,142,1,-1,-1,-1
276,289,829,257,212,187,1,-1,-1,-1
277,261,1126,162,145,127,1,-1,-1,-1
277,263,1092,257,187,178,1,-1,-1,-1
277,269,924,164,162,137,1,-1,-1,-1
277,289,827,261,213,188,1,-1,-1,-1
278,261,1126,157,143,131,1,-1,-1,-1
278,263,1092,252,186,177,1,-1,-1,-1
278,269,922,159,164,146,1,-1,-1,-1
278,289,825,264,214,189,1,-1,-1,-1
279,261,1126,154,141,131,1,-1,-1,-1
279,263,1085,253,185,166,1,-1,-1,-1
279,269,921,168,161,140,1,-1,-1,-1
279,289,823,268,215,190,1,-1,-1,-1
280,261,1128,151,141,131,1,-1,-1,-1
280,263,1086,249,184,162,1,-1,-1,-1
280,269,918,166,164,145,1,-1,-1,-1
280,289,821,272,216,191,1,-1,-1,-1
281,261,1129,151,142,126,1,-1,-1,-1
281,263,1087,244,182,161,1,-1,-1,-1
281,269,917,168,163,146,1,-1,-1,-1
281,289,819,276,217,193,1,-1,-1,-1
282,261,1130,151,141,124,1,-1,-1,-1
282,263,1093,239,184,165,1,-1,-1,-1
282,269,916,181,164,139,1,-1,-1,-1
282,289,815,281,218,194,1,-1,-1,-1
283,261,1129,142,143,123,1,-1,-1,-1
283,263,1098,231,174,161,1,-1,-1,-1
283,269,918,168,167,150,1,-1,-1,-1
283,289,812,287,219,195,1,-1,-1,-1
284,261,1143,152,111,86,1,-1,-1,-1
284,263,1098,227,174,160,1,-1,-1,-1
284,269,911,173,171,153,1,-1,-1,-1
284,289,808,293,221,197,1,-1,-1,-1
285,261,1127,139,144,122,1,-1,-1,-1
285,263,1098,222,173,160,1,-1,-1,-1
285,269,909,175,171,151,1,-1,-1,-1
285,289,805,299,222,198,1,-1,-1,-1
286,261,1131,142,136,113,1,-1,-1,-1
286,263,1098,216,173,160,1,-1,-1,-1
286,269,906,178,172,150,1,-1,-1,-1
286,289,802,304,224,200,1,-1,-1,-1
287,261,1132,138,134,113,1,-1,-1,-1
287,263,1099,211,171,160,1,-1,-1,-1
287,269,906,183,170,151,1,-1,-1,-1
287,289,798,310,225,201,1,-1,-1,-1
288,261,1132,135,134,114,1,-1,-1,-1
288,263,1099,209,171,159,1,-1,-1,-1
288,269,905,185,174,155,1,-1,-1,-1
288,289,795,316,227,203,1,-1,-1,-1
289,261,1132,133,134,112,1,-1,-1,-1
289,263,1100,206,171,159,1,-1,-1,-1
289,269,906,188,171,155,1,-1,-1,-1
289,289,791,322,228,204,1,-1,-1,-1
290,261,1131,129,135,111,1,-1,-1,-1
290,263,1104,201,164,151,1,-1,-1,-1
290,269,903,192,173,154,1,-1,-1,-1
290,289,788,327,230,206,1,-1,-1,-1
291,261,1132,135,136,93,1,-1,-1,-1
291,263,1104,199,165,152,1,-1,-1,-1
291,269,897,193,173,157,1,-1,-1,-1
291,289,785,333,231,207,1,-1,-1,-1
292,261,1132,133,135,93,1,-1,-1,-1
292,263,1104,197,165,152,1,-1,-1,-1
292,269,898,191,173,161,1,-1,-1,-1
292,289,781,339,233,209,1,-1,-1,-1
293,261,1133,131,136,95,1,-1,-1,-1
293,263,1104,194,164,151,1,-1,-1,-1
293,269,898,195,174,162,1,-1,-1,-1
293,289,778,345,234,210,1,-1,-1,-1
294,261,1132,129,136,96,1,-1,-1,-1
294,263,1104,191,163,149,1,-1,-1,-1
294,269,895,197,176,168,1,-1,-1,-1
294,289,775,350,236,212,1,-1,-1,-1
295,261,1131,129,137,96,1,-1,-1,-1
295,263,1103,187,163,147,1,-1,-1,-1
295,269,888,203,177,168,1,-1,-1,-1
295,289,771,356,237,213,1,-1,-1,-1
296,261,1137,115,120,92,1,-1,-1,-1
296,263,1105,182,160,146,1,-1,-1,-1
296,269,887,207,176,169,1,-1,-1,-1
296,289,768,362,239,215,1,-1,-1,-1
297,261,1138,114,119,91,1,-1,-1,-1
297,263,1107,178,158,146,1,-1,-1,-1
297,269,890,210,175,175,1,-1,-1,-1
297,289,764,368,240,216,1,-1,-1,-1
298,261,1137,113,119,90,1,-1,-1,-1
298,263,1109,175,154,146,1,-1,-1,-1
298,269,889,216,175,173,1,-1,-1,-1
298,289,761,373,242,218,1,-1,-1,-1
299,261,1139,112,116,88,1,-1,-1,-1
299,263,1113,173,149,134,1,-1,-1,-1
299,269,885,217,177,174,1,-1,-1,-1
299,289,758,379,243,219,1,-1,-1,-1
300,261,1140,111,116,86,1,-1,-1,-1
300,263,1112,170,150,135,1,-1,-1,-1
300,269,885,227,178,169,1,-1,-1,-1
300,289,754,385,245,221,1,-1,-1,-1
301,261,1141,110,115,84,1,-1,-1,-1
301,263,1111,166,150,134,1,-1,-1,-1
301,269,887,228,172,169,1,-1,-1,-1
301,289,751,391,246,222,1,-1,-1,-1
302,261,1140,109,116,83,1,-1,-1,-1
302,263,1109,163,152,133,1,-1,-1,-1
302,269,886,229,172,171,1,-1,-1,-1
302,289,748,397,248,224,1,-1,-1,-1
303,261,1142,109,114,82,1,-1,-1,-1
303,263,1109,161,153,133,1,-1,-1,-1
303,269,884,235,174,171,1,-1,-1,-1
303,289,741,403,253,228,1,-1,-1,-1
304,263,1108,159,154,132,1,-1,-1,-1
304,269,880,238,176,176,1,-1,-1,-1
304,289,734,409,258,233,1,-1,-1,-1
305,263,1109,154,152,135,1,-1,-1,-1
305,269,880,242,175,177,1,-1,-1,-1
305,289,727,416,263,237,1,-1,-1,-1
306,263,1109,151,152,137,1,-1,-1,-1
306,269,877,244,174,180,1,-1,-1,-1
306,289,720,422,268,242,1,-1,-1,-1
307,263,1109,147,149,138,1,-1,-1,-1
307,269,876,248,177,178,1,-1,-1,-1
307,289,713,428,273,246,1,-1,-1,-1
308,263,1111,146,146,137,1,-1,-1,-1
308,269,874,248,179,182,1,-1,-1,-1
308,289,707,435,279,251,1,-1,-1,-1
309,263,1114,143,141,137,1,-1,-1,-1
309,269,870,254,185,179,1,-1,-1,-1
309,289,700,441,284,255,1,-1,-1,-1
310,263,1115,144,139,133,1,-1,-1,-1
310,269,870,260,187,180,1,-1,-1,-1
310,289,693,447,289,260,1,-1,-1,-1
311,263,1113,137,146,127,1,-1,-1,-1
311,269,867,266,185,180,1,-1,-1,-1
311,289,686,454,294,264,1,-1,-1,-1
312,263,1113,136,146,126,1,-1,-1,-1
312,269,864,270,187,184,1,-1,-1,-1
312,289,679,460,299,269,1,-1,-1,-1
313,263,1112,132,146,128,1,-1,-1,-1
313,269,858,273,193,189,1,-1,-1,-1
313,289,673,467,305,274,1,-1,-1,-1
314,263,1114,129,143,129,1,-1,-1,-1
314,269,856,281,194,186,1,-1,-1,-1
314,289,663,477,310,277,1,-1,-1,-1
315,263,1115,126,141,128,1,-1,-1,-1
315,269,856,286,194,186,1,-1,-1,-1
315,289,653,487,315,281,1,-1,-1,-1
316,263,1114,121,140,130,1,-1,-1,-1
316,269,852,291,196,187,1,-1,-1,-1
316,289,643,497,320,284,1,-1,-1,-1
317,263,1114,118,140,131,1,-1,-1,-1
317,269,844,294,204,193,1,-1,-1,-1
317,289,634,508,325,288,1,-1,-1,-1
318,263,1113,115,140,131,1,-1,-1,-1
318,269,836,299,208,193,1,-1,-1,-1
318,289,624,518,330,291,1,-1,-1,-1
319,263,1113,114,140,129,1,-1,-1,-1
319,269,834,305,206,194,1,-1,-1,-1
319,289,614,528,335,295,1,-1,-1,-1
320,263,1113,113,140,128,1,-1,-1,-1
320,269,828,315,211,192,1,-1,-1,-1
320,289,604,538,340,298,1,-1,-1,-1
321,263,1114,113,140,125,1,-1,-1,-1
321,269,823,320,213,192,1,-1,-1,-1
321,289,595,549,345,302,1,-1,-1,-1
322,263,1117,97,137,129,1,-1,-1,-1
322,269,816,325,213,192,1,-1,-1,-1
322,289,585,559,350,305,1,-1,-1,-1
323,263,1117,99,136,125,1,-1,-1,-1
323,269,811,325,215,200,1,-1,-1,-1
323,289,575,569,355,309,1,-1,-1,-1
324,263,1117,100,136,123,1,-1,-1,-1
324,269,807,331,218,204,1,-1,-1,-1
324,289,565,579,360,312,1,-1,-1,-1
325,263,1117,103,136,119,1,-1,-1,-1
325,269,797,339,224,201,1,-1,-1,-1
325,289,556,590,365,316,1,-1,-1,-1
326,263,1117,102,136,118,1,-1,-1,-1
326,269,795,345,223,201,1,-1,-1,-1
326,289,546,600,370,320,1,-1,-1,-1
327,263,1116,99,136,118,1,-1,-1,-1
327,269,792,353,222,201,1,-1,-1,-1
327,289,536,610,375,323,1,-1,-1,-1
328,263,1116,95,135,116,1,-1,-1,-1
328,269,794,358,219,208,1,-1,-1,-1
328,289,527,621,380,327,1,-1,-1,-1
329,263,1117,92,134,117,1,-1,-1,-1
329,269,786,362,225,216,1,-1,-1,-1
329,289,517,631,385,330,1,-1,-1,-1
330,263,1118,92,132,114,1,-1,-1,-1
330,269,782,369,229,212,1,-1,-1,-1
330,289,507,641,390,334,1,-1,-1,-1
331,263,1118,91,132,116,1,-1,-1,-1
331,264,1019,804,385,274,1,-1,-1,-1
331,269,778,374,231,217,1,-1,-1,-1
331,289,497,651,395,337,1,-1,-1,-1
332,263,1117,91,133,114,1,-1,-1,-1
332,264,1027,785,372,293,1,-1,-1,-1
332,269,769,388,235,215,1,-1,-1,-1
332,289,488,662,400,341,1,-1,-1,-1
332,291,1052,22,103,96,1,-1,-1,-1
333,263,1117,90,134,114,1,-1,-1,-1
333,264,1023,757,379,284,1,-1,-1,-1
333,269,761,392,234,218,1,-1,-1,-1
333,289,478,672,405,344,1,-1,-1,-1
333,291,1051,22,102,95,1,-1,-1,-1
334,263,1117,89,133,115,1,-1,-1,-1
334,264,1030,745,369,285,1,-1,-1,-1
334,269,760,398,235,218,1,-1,-1,-1
334,289,468,682,410,348,1,-1,-1,-1
334,291,1050,23,102,94,1,-1,-1,-1
335,264,1035,731,359,276,1,-1,-1,-1
335,269,757,408,235,219,1,-1,-1,-1
335,289,458,692,415,351,1,-1,-1,-1
335,291,1049,24,102,94,1,-1,-1,-1
336,264,1039,718,354,270,1,-1,-1,-1
336,269,750,420,236,211,1,-1,-1,-1
336,289,449,703,420,355,1,-1,-1,-1
336,291,1049,25,102,93,1,-1,-1,-1
337,264,1038,694,356,262,1,-1,-1,-1
337,269,746,422,240,222,1,-1,-1,-1
337,289,439,713,425,358,1,-1,-1,-1
337,291,1048,26,102,93,1,-1,-1,-1
338,264,1043,685,347,256,1,-1,-1,-1
338,269,736,428,253,224,1,-1,-1,-1
338,289,429,723,430,355,1,-1,-1,-1
338,291,1047,27,102,92,1,-1,-1,-1
339,264,1048,673,339,250,1,-1,-1,-1
339,269,727,430,256,229,1,-1,-1,-1
339,289,420,734,436,345,1,-1,-1,-1
339,291,1046,28,101,91,1,-1,-1,-1
340,264,1050,659,337,247,1,-1,-1,-1
340,269,720,443,259,227,1,-1,-1,-1
340,291,1046,29,101,91,1,-1,-1,-1
341,264,1052,651,334,242,1,-1,-1,-1
341,269,718,449,259,230,1,-1,-1,-1
341,291,1045,30,101,90,1,-1,-1,-1
342,264,1058,631,325,240,1,-1,-1,-1
342,269,711,450,263,241,1,-1,-1,-1
343,264,1064,623,315,235,1,-1,-1,-1
343,269,702,460,270,236,1,-1,-1,-1
344,264,1066,611,309,230,1,-1,-1,-1
344,269,692,462,279,246,1,-1,-1,-1
345,264,1067,598,305,227,1,-1,-1,-1
345,269,692,469,275,248,1,-1,-1,-1
346,264,1069,589,302,223,1,-1,-1,-1
346,269,687,478,277,251,1,-1,-1,-1
347,264,1071,565,299,227,1,-1,-1,-1
347,269,676,493,291,249,1,-1,-1,-1
348,264,1076,557,289,223,1,-1,-1,-1
348,269,673,498,288,255,1,-1,-1,-1
349,264,1079,547,280,217,1,-1,-1,-1
349,269,673,505,282,256,1,-1,-1,-1
350,264,1077,536,276,214,1,-1,-1,-1
350,269,670,516,289,260,1,-1,-1,-1
351,264,1076,526,273,212,1,-1,-1,-1
351,269,669,527,287,260,1,-1,-1,-1
352,264,1076,519,269,211,1,-1,-1,-1
352,269,666,533,292,263,1,-1,-1,-1
353,264,1074,495,273,221,1,-1,-1,-1
353,269,660,551,298,262,1,-1,-1,-1
354,264,1076,489,267,215,1,-1,-1,-1
354,269,657,552,292,273,1,-1,-1,-1
355,264,1076,479,263,210,1,-1,-1,-1
355,265,1037,822,369,256,1,-1,-1,-1
355,269,650,561,298,273,1,-1,-1,-1
356,264,1075,469,261,207,1,-1,-1,-1
356,265,1045,805,354,273,1,-1,-1,-1
356,269,640,573,314,280,1,-1,-1,-1
357,264,1076,460,256,207,1,-1,-1,-1
357,265,1051,788,347,279,1,-1,-1,-1
357,269,637,582,310,279,1,-1,-1,-1
358,264,1079,465,250,179,1,-1,-1,-1
358,265,1048,764,354,266,1,-1,-1,-1
358,269,630,591,315,286,1,-1,-1,-1
359,264,1079,459,247,176,1,-1,-1,-1
359,265,1056,754,346,260,1,-1,-1,-1
359,269,620,606,317,281,1,-1,-1,-1
360,264,1072,443,252,173,1,-1,-1,-1
360,265,1058,740,340,255,1,-1,-1,-1
360,269,613,613,317,287,1,-1,-1,-1
361,264,1073,435,245,174,1,-1,-1,-1
361,265,1057,725,339,255,1,-1,-1,-1
361,269,606,630,328,293,1,-1,-1,-1
362,264,1077,428,239,171,1,-1,-1,-1
362,265,1059,717,336,251,1,-1,-1,-1
362,269,602,631,329,302,1,-1,-1,-1
363,264,1071,396,253,205,1,-1,-1,-1
363,265,1063,695,329,242,1,-1,-1,-1
363,269,596,645,334,299,1,-1,-1,-1
364,264,1082,402,226,172,1,-1,-1,-1
364,265,1070,682,318,239,1,-1,-1,-1
364,269,581,649,348,303,1,-1,-1,-1
365,264,1084,393,219,173,1,-1,-1,-1
365,265,1071,666,313,243,1,-1,-1,-1
365,269,580,660,344,319,1,-1,-1,-1
366,264,1085,390,216,166,1,-1,-1,-1
366,265,1070,653,311,245,1,-1,-1,-1
366,269,571,666,352,328,1,-1,-1,-1
367,264,1084,372,214,166,1,-1,-1,-1
367,265,1068,648,312,240,1,-1,-1,-1
367,269,569,683,339,327,1,-1,-1,-1
368,264,1087,367,208,164,1,-1,-1,-1
368,265,1073,633,303,232,1,-1,-1,-1
368,269,551,696,355,337,1,-1,-1,-1
369,264,1087,359,208,165,1,-1,-1,-1
369,265,1075,625,296,224,1,-1,-1,-1
369,269,537,703,353,353,1,-1,-1,-1
369,291,1025,59,107,86,1,-1,-1,-1
370,264,1087,354,208,163,1,-1,-1,-1
370,265,1076,612,292,224,1,-1,-1,-1
370,269,523,720,374,347,1,-1,-1,-1
370,291,1024,58,108,86,1,-1,-1,-1
371,264,1086,335,207,169,1,-1,-1,-1
371,265,1077,598,287,223,1,-1,-1,-1
371,269,518,727,374,352,1,-1,-1,-1
372,264,1088,329,203,167,1,-1,-1,-1
372,265,1077,588,280,222,1,-1,-1,-1
372,269,509,741,377,339,1,-1,-1,-1
373,264,1088,324,203,162,1,-1,-1,-1
373,265,1076,565,274,227,1,-1,-1,-1
373,269,505,763,376,317,1,-1,-1,-1
374,264,1088,322,204,156,1,-1,-1,-1
374,265,1076,561,272,219,1,-1,-1,-1
374,269,493,777,386,303,1,-1,-1,-1
374,291,1019,62,112,85,1,-1,-1,-1
375,264,1090,322,201,149,1,-1,-1,-1
375,265,1072,553,275,213,1,-1,-1,-1
375,291,1019,62,112,87,1,-1,-1,-1
376,264,1093,304,193,156,1,-1,-1,-1
376,265,1071,543,273,210,1,-1,-1,-1
376,291,1019,62,113,89,1,-1,-1,-1
377,264,1093,299,194,153,1,-1,-1,-1
377,265,1072,533,268,210,1,-1,-1,-1
377,291,1018,64,117,87,1,-1,-1,-1
378,264,1092,293,196,150,1,-1,-1,-1
378,265,1076,525,257,209,1,-1,-1,-1
379,264,1093,290,196,148,1,-1,-1,-1
379,265,1079,519,251,206,1,-1,-1,-1
380,264,1095,288,194,145,1,-1,-1,-1
380,265,1078,489,252,223,1,-1,-1,-1
380,291,1010,67,109,86,1,-1,-1,-1
381,264,1099,270,187,152,1,-1,-1,-1
381,265,1075,484,253,215,1,-1,-1,-1
381,291,1010,68,108,86,1,-1,-1,-1
382,264,1100,265,187,149,1,-1,-1,-1
382,265,1073,475,254,210,1,-1,-1,-1
383,264,1100,261,188,146,1,-1,-1,-1
383,265,1074,472,245,179,1,-1,-1,-1
383,291,1007,69,109,87,1,-1,-1,-1
384,264,1101,257,189,143,1,-1,-1,-1
384,265,1072,465,245,185,1,-1,-1,-1
384,291,1006,67,110,90,1,-1,-1,-1
385,264,1103,255,188,141,1,-1,-1,-1
385,265,1074,459,241,183,1,-1,-1,-1
385,291,1005,67,111,91,1,-1,-1,-1
386,264,1107,255,185,136,1,-1,-1,-1
386,265,1075,457,237,177,1,-1,-1,-1
386,291,1005,70,110,91,1,-1,-1,-1
387,264,1112,241,176,140,1,-1,-1,-1
387,265,1074,436,232,179,1,-1,-1,-1
387,291,1002,72,111,89,1,-1,-1,-1
388,264,1111,237,177,140,1,-1,-1,-1
388,265,1074,427,228,180,1,-1,-1,-1
388,291,999,74,113,88,1,-1,-1,-1
389,264,1111,232,178,138,1,-1,-1,-1
389,265,1075,422,226,178,1,-1,-1,-1
389,291,996,75,114,89,1,-1,-1,-1
390,264,1111,228,176,134,1,-1,-1,-1
390,265,1080,407,215,173,1,-1,-1,-1
390,291,995,75,116,91,1,-1,-1,-1
391,264,1112,224,173,134,1,-1,-1,-1
391,265,1082,399,212,176,1,-1,-1,-1
391,291,994,75,116,92,1,-1,-1,-1
392,264,1114,220,168,135,1,-1,-1,-1
392,265,1083,390,209,179,1,-1,-1,-1
392,291,993,75,117,94,1,-1,-1,-1
393,264,1114,214,165,127,1,-1,-1,-1
393,265,1082,386,210,176,1,-1,-1,-1
393,291,991,75,119,96,1,-1,-1,-1
394,264,1113,211,165,129,1,-1,-1,-1
394,265,1084,373,205,170,1,-1,-1,-1
394,291,988,76,122,97,1,-1,-1,-1
395,264,1110,208,167,129,1,-1,-1,-1
395,265,1084,365,202,174,1,-1,-1,-1
395,291,985,77,125,99,1,-1,-1,-1
396,264,1109,204,166,127,1,-1,-1,-1
396,265,1085,359,200,173,1,-1,-1,-1
396,291,983,78,127,100,1,-1,-1,-1
397,264,1109,198,164,128,1,-1,-1,-1
397,265,1085,354,198,170,1,-1,-1,-1
397,291,982,78,128,100,1,-1,-1,-1
398,264,1110,192,160,129,1,-1,-1,-1
398,265,1086,352,197,165,1,-1,-1,-1
398,291,982,78,128,99,1,-1,-1,-1
399,264,1111,188,156,130,1,-1,-1,-1
399,265,1089,337,192,163,1,-1,-1,-1
399,291,982,79,126,98,1,-1,-1,-1
400,264,1111,186,154,127,1,-1,-1,-1
400,265,1090,330,191,164,1,-1,-1,-1
400,291,976,90,134,96,1,-1,-1,-1
401,264,1112,185,151,124,1,-1,-1,-1
401,265,1090,326,191,159,1,-1,-1,-1
401,291,973,91,139,96,1,-1,-1,-1
402,264,1113,183,150,115,1,-1,-1,-1
402,265,1090,321,191,156,1,-1,-1,-1
402,291,972,92,140,97,1,-1,-1,-1
403,264,1114,181,151,116,1,-1,-1,-1
403,265,1088,319,193,155,1,-1,-1,-1
403,291,969,91,144,99,1,-1,-1,-1
404,264,1114,179,150,116,1,-1,-1,-1
404,265,1092,306,185,154,1,-1,-1,-1
404,291,968,92,145,100,1,-1,-1,-1
405,264,1115,175,148,117,1,-1,-1,-1
405,265,1092,300,185,155,1,-1,-1,-1
405,291,966,93,147,101,1,-1,-1,-1
406,264,1118,170,146,119,1,-1,-1,-1
406,265,1093,295,184,153,1,-1,-1,-1
406,291,965,93,147,102,1,-1,-1,-1
407,264,1121,164,144,121,1,-1,-1,-1
407,265,1093,292,182,150,1,-1,-1,-1
407,291,965,94,147,104,1,-1,-1,-1
408,264,1122,159,144,124,1,-1,-1,-1
408,265,1093,289,182,147,1,-1,-1,-1
408,291,964,94,147,104,1,-1,-1,-1
409,264,1123,154,144,127,1,-1,-1,-1
409,265,1095,288,178,144,1,-1,-1,-1
409,291,964,95,146,105,1,-1,-1,-1
410,264,1125,150,143,130,1,-1,-1,-1
410,265,1090,275,179,143,1,-1,-1,-1
410,291,965,96,144,105,1,-1,-1,-1
411,264,1127,147,143,130,1,-1,-1,-1
411,265,1097,269,174,145,1,-1,-1,-1
411,291,965,97,143,106,1,-1,-1,-1
411,292,1032,39,108,85,1,-1,-1,-1
412,264,1127,144,148,119,1,-1,-1,-1
412,265,1097,264,173,143,1,-1,-1,-1
412,291,967,100,139,106,1,-1,-1,-1
413,264,1128,143,149,118,1,-1,-1,-1
413,265,1098,261,171,140,1,-1,-1,-1
413,291,965,102,131,102,1,-1,-1,-1
414,264,1128,140,149,120,1,-1,-1,-1
414,265,1099,258,169,138,1,-1,-1,-1
414,291,962,104,137,103,1,-1,-1,-1
415,264,1128,136,149,121,1,-1,-1,-1
415,265,1100,257,168,136,1,-1,-1,-1
415,291,958,105,143,103,1,-1,-1,-1
416,264,1129,133,147,121,1,-1,-1,-1
416,265,1101,244,165,133,1,-1,-1,-1
416,291,966,106,130,106,1,-1,-1,-1
417,264,1131,130,147,121,1,-1,-1,-1
417,265,1101,241,166,134,1,-1,-1,-1
417,291,965,110,131,104,1,-1,-1,-1
418,264,1133,128,147,122,1,-1,-1,-1
418,265,1092,234,173,139,1,-1,-1,-1
418,291,965,113,130,103,1,-1,-1,-1
419,264,1133,126,147,123,1,-1,-1,-1
419,265,1093,230,172,136,1,-1,-1,-1
419,291,963,114,130,104,1,-1,-1,-1
420,264,1133,124,147,122,1,-1,-1,-1
420,265,1095,228,168,134,1,-1,-1,-1
420,291,962,115,131,106,1,-1,-1,-1
421,264,1133,122,138,117,1,-1,-1,-1
421,265,1098,225,162,133,1,-1,-1,-1
421,291,961,115,130,107,1,-1,-1,-1
422,264,1134,119,137,115,1,-1,-1,-1
422,265,1100,223,158,133,1,-1,-1,-1
422,291,961,115,131,108,1,-1,-1,-1
423,264,1135,117,136,114,1,-1,-1,-1
423,265,1101,221,156,132,1,-1,-1,-1
423,291,956,115,134,116,1,-1,-1,-1
424,264,1135,117,135,112,1,-1,-1,-1
424,265,1101,220,156,130,1,-1,-1,-1
424,291,953,115,135,118,1,-1,-1,-1
425,264,1136,113,134,109,1,-1,-1,-1
425,265,1098,209,163,131,1,-1,-1,-1
425,291,952,116,135,121,1,-1,-1,-1
426,264,1135,112,134,110,1,-1,-1,-1
426,265,1105,204,157,131,1,-1,-1,-1
426,291,951,117,135,123,1,-1,-1,-1
426,292,1029,45,107,89,1,-1,-1,-1
427,264,1133,111,134,109,1,-1,-1,-1
427,265,1107,197,154,132,1,-1,-1,-1
427,291,950,119,135,124,1,-1,-1,-1
427,292,1028,43,105,89,1,-1,-1,-1
428,264,1133,109,134,108,1,-1,-1,-1
428,265,1110,192,150,132,1,-1,-1,-1
428,291,950,121,134,125,1,-1,-1,-1
428,292,1018,62,117,82,1,-1,-1,-1
429,264,1132,107,134,107,1,-1,-1,-1
429,265,1112,188,146,133,1,-1,-1,-1
429,291,948,124,134,124,1,-1,-1,-1
429,292,1018,64,116,81,1,-1,-1,-1
430,264,1131,105,134,100,1,-1,-1,-1
430,265,1114,188,144,131,1,-1,-1,-1
430,291,947,126,136,123,1,-1,-1,-1
431,264,1130,103,133,100,1,-1,-1,-1
431,265,1117,186,141,129,1,-1,-1,-1
431,291,945,130,137,122,1,-1,-1,-1
432,264,1129,101,134,100,1,-1,-1,-1
432,265,1118,185,140,129,1,-1,-1,-1
432,291,943,136,138,120,1,-1,-1,-1
432,292,1020,61,110,86,1,-1,-1,-1
433,264,1129,99,133,100,1,-1,-1,-1
433,265,1119,180,148,121,1,-1,-1,-1
433,291,942,140,138,120,1,-1,-1,-1
433,292,1009,63,110,87,1,-1,-1,-1
434,264,1129,98,133,100,1,-1,-1,-1
434,265,1122,179,148,121,1,-1,-1,-1
434,291,940,142,138,121,1,-1,-1,-1
434,292,1007,62,114,88,1,-1,-1,-1
435,264,1129,96,133,100,1,-1,-1,-1
435,265,1124,176,148,121,1,-1,-1,-1
435,291,940,142,137,124,1,-1,-1,-1
435,292,1007,63,115,88,1,-1,-1,-1
436,264,1129,95,132,100,1,-1,-1,-1
436,265,1126,174,146,121,1,-1,-1,-1
436,291,937,142,138,125,1,-1,-1,-1
436,292,1006,66,114,87,1,-1,-1,-1
437,264,1129,94,132,100,1,-1,-1,-1
437,265,1128,169,145,121,1,-1,-1,-1
437,291,937,149,138,123,1,-1,-1,-1
437,292,1006,66,115,89,1,-1,-1,-1
438,264,1129,92,131,100,1,-1,-1,-1
438,265,1132,166,142,120,1,-1,-1,-1
438,291,935,150,141,124,1,-1,-1,-1
438,292,1005,65,116,92,1,-1,-1,-1
439,264,1129,91,131,100,1,-1,-1,-1
439,265,1132,161,141,122,1,-1,-1,-1
439,291,934,150,142,127,1,-1,-1,-1
439,292,1006,64,113,94,1,-1,-1,-1
440,264,1129,89,130,100,1,-1,-1,-1
440,265,1133,157,141,123,1,-1,-1,-1
440,291,938,148,136,136,1,-1,-1,-1
440,292,1005,67,114,91,1,-1,-1,-1
441,264,1129,88,130,100,1,-1,-1,-1
441,265,1133,154,142,125,1,-1,-1,-1
441,291,937,152,137,134,1,-1,-1,-1
441,292,1003,69,116,88,1,-1,-1,-1
442,264,1128,86,129,100,1,-1,-1,-1
442,265,1134,155,138,117,1,-1,-1,-1
442,291,935,156,138,132,1,-1,-1,-1
442,292,1000,72,119,86,1,-1,-1,-1
443,264,1128,85,129,100,1,-1,-1,-1
443,265,1135,154,137,115,1,-1,-1,-1
443,291,934,160,140,131,1,-1,-1,-1
443,292,999,75,121,84,1,-1,-1,-1
444,264,1128,84,128,100,1,-1,-1,-1
444,265,1136,154,136,112,1,-1,-1,-1
444,291,932,164,142,131,1,-1,-1,-1
444,292,999,77,120,84,1,-1,-1,-1
445,264,1128,82,128,100,1,-1,-1,-1
445,265,1140,144,139,114,1,-1,-1,-1
445,291,930,168,144,131,1,-1,-1,-1
445,292,999,79,122,83,1,-1,-1,-1
446,264,1128,81,127,100,1,-1,-1,-1
446,265,1140,143,138,114,1,-1,-1,-1
446,291,928,171,144,132,1,-1,-1,-1
446,292,998,79,121,85,1,-1,-1,-1
447,264,1128,79,127,100,1,-1,-1,-1
447,265,1136,144,134,107,1,-1,-1,-1
447,291,927,172,146,134,1,-1,-1,-1
447,292,998,79,120,87,1,-1,-1,-1
448,264,1128,78,126,100,1,-1,-1,-1
448,265,1134,142,135,106,1,-1,-1,-1
448,291,927,173,146,135,1,-1,-1,-1
448,292,996,79,121,91,1,-1,-1,-1
449,264,1128,76,126,100,1,-1,-1,-1
449,265,1131,141,139,107,1,-1,-1,-1
449,291,923,180,152,135,1,-1,-1,-1
449,292,995,79,124,93,1,-1,-1,-1
450,264,1128,75,125,100,1,-1,-1,-1
450,265,1130,139,142,105,1,-1,-1,-1
450,291,922,182,154,136,1,-1,-1,-1
450,292,994,81,126,94,1,-1,-1,-1
451,264,1128,74,125,100,1,-1,-1,-1
451,265,1129,137,142,103,1,-1,-1,-1
451,291,919,185,150,136,1,-1,-1,-1
451,292,994,83,124,92,1,-1,-1,-1
452,264,1128,72,124,100,1,-1,-1,-1
452,265,1130,134,140,101,1,-1,-1,-1
452,291,918,189,150,135,1,-1,-1,-1
452,292,993,84,122,90,1,-1,-1,-1
453,264,1128,71,124,100,1,-1,-1,-1
453,265,1129,132,138,100,1,-1,-1,-1
453,291,918,192,151,136,1,-1,-1,-1
453,292,989,89,131,94,1,-1,-1,-1
454,264,1128,69,123,100,1,-1,-1,-1
454,265,1128,129,139,101,1,-1,-1,-1
454,291,915,195,154,137,1,-1,-1,-1
454,292,986,91,135,93,1,-1,-1,-1
455,264,1128,68,123,100,1,-1,-1,-1
455,265,1127,127,141,101,1,-1,-1,-1
455,291,914,198,156,140,1,-1,-1,-1
455,292,985,93,135,93,1,-1,-1,-1
456,264,1128,66,123,100,1,-1,-1,-1
456,265,1126,127,141,100,1,-1,-1,-1
456,291,913,201,155,142,1,-1,-1,-1
456,292,982,96,138,92,1,-1,-1,-1
457,264,1128,65,122,100,1,-1,-1,-1
457,265,1125,127,141,98,1,-1,-1,-1
457,291,912,204,153,145,1,-1,-1,-1
457,292,981,96,140,93,1,-1,-1,-1
458,264,1128,64,122,100,1,-1,-1,-1
458,265,1125,127,139,96,1,-1,-1,-1
458,291,910,206,153,144,1,-1,-1,-1
458,292,978,97,142,94,1,-1,-1,-1
459,265,1130,111,128,103,1,-1,-1,-1
459,291,904,212,160,146,1,-1,-1,-1
459,292,978,99,140,94,1,-1,-1,-1
460,265,1129,111,130,103,1,-1,-1,-1
460,291,901,214,163,145,1,-1,-1,-1
460,292,978,100,139,95,1,-1,-1,-1
461,265,1128,108,130,105,1,-1,-1,-1
461,291,898,218,166,144,1,-1,-1,-1
461,292,977,102,138,95,1,-1,-1,-1
462,265,1128,108,130,103,1,-1,-1,-1
462,291,897,222,167,145,1,-1,-1,-1
462,292,977,104,139,95,1,-1,-1,-1
463,265,1127,105,132,104,1,-1,-1,-1
463,291,895,225,167,149,1,-1,-1,-1
463,292,975,107,140,95,1,-1,-1,-1
464,265,1128,103,130,103,1,-1,-1,-1
464,291,895,228,166,153,1,-1,-1,-1
464,292,973,110,142,97,1,-1,-1,-1
465,265,1128,101,129,102,1,-1,-1,-1
465,291,895,232,164,154,1,-1,-1,-1
465,292,972,111,142,100,1,-1,-1,-1
466,265,1128,99,127,101,1,-1,-1,-1
466,291,895,238,161,151,1,-1,-1,-1
466,292,969,110,144,103,1,-1,-1,-1
467,265,1129,98,126,100,1,-1,-1,-1
467,291,889,250,167,144,1,-1,-1,-1
467,292,970,110,142,106,1,-1,-1,-1
468,265,1129,96,125,99,1,-1,-1,-1
468,291,885,252,170,144,1,-1,-1,-1
468,292,969,113,137,103,1,-1,-1,-1
469,265,1130,94,123,98,1,-1,-1,-1
469,291,881,256,172,144,1,-1,-1,-1
469,292,969,114,136,105,1,-1,-1,-1
470,265,1130,92,122,97,1,-1,-1,-1
470,291,879,259,173,149,1,-1,-1,-1
470,292,969,114,136,107,1,-1,-1,-1
471,265,1130,90,120,96,1,-1,-1,-1
471,291,878,262,173,156,1,-1,-1,-1
471,292,969,114,137,107,1,-1,-1,-1
472,265,1131,89,119,95,1,-1,-1,-1
472,291,876,265,174,161,1,-1,-1,-1
472,292,967,120,139,106,1,-1,-1,-1
473,265,1131,87,117,95,1,-1,-1,-1
473,291,869,269,175,165,1,-1,-1,-1
473,292,968,116,134,116,1,-1,-1,-1
474,265,1132,85,116,94,1,-1,-1,-1
474,291,864,279,183,160,1,-1,-1,-1
474,292,961,118,138,115,1,-1,-1,-1
475,265,1132,83,114,93,1,-1,-1,-1
475,291,862,281,183,162,1,-1,-1,-1
475,292,960,120,138,117,1,-1,-1,-1
476,265,1132,81,113,92,1,-1,-1,-1
476,291,860,286,183,163,1,-1,-1,-1
476,292,958,121,138,120,1,-1,-1,-1
477,265,1133,80,111,91,1,-1,-1,-1
477,291,856,292,184,165,1,-1,-1,-1
477,292,959,122,140,125,1,-1,-1,-1
478,265,1133,78,110,90,1,-1,-1,-1
478,291,853,296,185,171,1,-1,-1,-1
478,292,959,125,139,125,1,-1,-1,-1
479,265,1133,76,110,91,1,-1,-1,-1
479,291,851,299,186,174,1,-1,-1,-1
479,292,957,128,139,124,1,-1,-1,-1
480,265,1132,74,110,91,1,-1,-1,-1
480,291,845,316,190,161,1,-1,-1,-1
480,292,956,133,139,122,1,-1,-1,-1
481,265,1132,73,111,92,1,-1,-1,-1
481,291,842,318,190,164,1,-1,-1,-1
481,292,954,137,140,122,1,-1,-1,-1
482,265,1131,71,111,93,1,-1,-1,-1
482,291,839,321,191,170,1,-1,-1,-1
482,292,952,141,139,122,1,-1,-1,-1
483,265,1131,69,111,93,1,-1,-1,-1
483,291,835,324,192,177,1,-1,-1,-1
483,292,949,141,141,124,1,-1,-1,-1
484,265,1130,67,112,94,1,-1,-1,-1
484,291,832,326,194,184,1,-1,-1,-1
484,292,945,141,144,125,1,-1,-1,-1
485,265,1130,66,112,95,1,-1,-1,-1
485,291,825,330,190,187,1,-1,-1,-1
485,292,943,147,143,130,1,-1,-1,-1
486,265,1129,64,112,96,1,-1,-1,-1
486,291,825,343,200,184,1,-1,-1,-1
486,292,941,149,143,131,1,-1,-1,-1
487,265,1129,62,113,96,1,-1,-1,-1
487,291,821,347,193,186,1,-1,-1,-1
487,292,940,151,142,130,1,-1,-1,-1
488,265,1128,61,113,97,1,-1,-1,-1
488,291,817,355,195,187,1,-1,-1,-1
488,292,939,157,141,126,1,-1,-1,-1
489,265,1128,59,113,98,1,-1,-1,-1
489,291,812,359,200,194,1,-1,-1,-1
489,292,937,162,141,122,1,-1,-1,-1
490,265,1127,57,114,99,1,-1,-1,-1
490,291,808,367,203,188,1,-1,-1,-1
490,292,934,167,143,122,1,-1,-1,-1
491,265,1127,55,114,99,1,-1,-1,-1
491,291,803,382,207,183,1,-1,-1,-1
491,292,930,171,145,123,1,-1,-1,-1
492,265,1126,54,114,100,1,-1,-1,-1
492,291,797,387,208,187,1,-1,-1,-1
492,292,926,174,149,124,1,-1,-1,-1
493,265,1126,52,115,101,1,-1,-1,-1
493,291,790,393,213,192,1,-1,-1,-1
493,292,924,177,150,125,1,-1,-1,-1
494,265,1125,50,115,102,1,-1,-1,-1
494,291,784,398,220,192,1,-1,-1,-1
494,292,923,178,152,125,1,-1,-1,-1
495,265,1125,49,115,102,1,-1,-1,-1
495,291,778,397,227,209,1,-1,-1,-1
495,292,915,183,157,132,1,-1,-1,-1
496,265,1124,47,116,103,1,-1,-1,-1
496,291,765,412,233,200,1,-1,-1,-1
496,292,912,186,161,133,1,-1,-1,-1
497,265,1124,45,116,104,1,-1,-1,-1
497,291,762,420,234,201,1,-1,-1,-1
497,292,909,191,165,131,1,-1,-1,-1
498,265,1124,44,117,105,1,-1,-1,-1
498,291,758,427,238,202,1,-1,-1,-1
498,292,905,196,169,131,1,-1,-1,-1
499,265,1125,43,116,103,1,-1,-1,-1
499,291,752,430,242,205,1,-1,-1,-1
499,292,903,200,171,133,1,-1,-1,-1
500,265,1127,43,115,102,1,-1,-1,-1
500,291,754,446,236,205,1,-1,-1,-1
500,292,901,204,170,136,1,-1,-1,-1
501,265,1129,42,114,101,1,-1,-1,-1
501,291,747,453,240,208,1,-1,-1,-1
501,292,899,207,167,138,1,-1,-1,-1
502,265,1131,42,113,100,1,-1,-1,-1
502,291,739,460,244,212,1,-1,-1,-1
502,292,897,218,165,137,1,-1,-1,-1
503,265,1133,42,112,98,1,-1,-1,-1
503,291,729,467,249,217,1,-1,-1,-1
503,292,896,218,166,138,1,-1,-1,-1
504,265,1135,41,111,97,1,-1,-1,-1
504,291,721,472,251,222,1,-1,-1,-1
504,292,893,222,168,138,1,-1,-1,-1
505,265,1136,41,110,96,1,-1,-1,-1
505,291,715,480,251,226,1,-1,-1,-1
505,292,889,226,169,139,1,-1,-1,-1
506,265,1138,41,109,95,1,-1,-1,-1
506,291,711,487,249,230,1,-1,-1,-1
506,292,883,231,172,142,1,-1,-1,-1
507,265,1140,40,108,93,1,-1,-1,-1
507,291,706,511,246,217,1,-1,-1,-1
507,292,880,235,172,145,1,-1,-1,-1
508,265,1142,40,107,92,1,-1,-1,-1
508,291,700,517,246,219,1,-1,-1,-1
508,292,879,239,171,146,1,-1,-1,-1
509,265,1144,40,106,91,1,-1,-1,-1
509,291,694,525,250,223,1,-1,-1,-1
509,292,875,251,175,144,1,-1,-1,-1
510,265,1146,39,105,90,1,-1,-1,-1
510,291,690,534,255,226,1,-1,-1,-1
510,292,874,252,177,148,1,-1,-1,-1
511,265,1148,39,104,89,1,-1,-1,-1
511,291,687,543,260,229,1,-1,-1,-1
511,292,862,258,187,151,1,-1,-1,-1
512,291,674,551,267,234,1,-1,-1,-1
512,292,859,265,189,154,1,-1,-1,-1
513,265,1147,37,105,90,1,-1,-1,-1
513,291,671,556,270,240,1,-1,-1,-1
513,292,855,271,189,157,1,-1,-1,-1
514,265,1147,38,104,88,1,-1,-1,-1
514,291,671,572,266,244,1,-1,-1,-1
514,292,850,284,194,152,1,-1,-1,-1
515,291,667,578,269,248,1,-1,-1,-1
515,292,848,287,193,154,1,-1,-1,-1
516,291,659,587,275,251,1,-1,-1,-1
516,292,846,293,193,157,1,-1,-1,-1
517,291,650,599,286,251,1,-1,-1,-1
517,292,841,298,194,163,1,-1,-1,-1
518,291,641,612,295,250,1,-1,-1,-1
518,292,837,304,193,164,1,-1,-1,-1
519,291,629,621,308,254,1,-1,-1,-1
519,292,829,313,200,172,1,-1,-1,-1
520,291,618,625,317,261,1,-1,-1,-1
520,292,828,318,199,175,1,-1,-1,-1
521,291,612,641,317,266,1,-1,-1,-1
521,292,821,325,198,179,1,-1,-1,-1
522,291,607,652,317,265,1,-1,-1,-1
522,292,817,331,200,182,1,-1,-1,-1
523,291,601,668,318,263,1,-1,-1,-1
523,292,813,345,206,181,1,-1,-1,-1
524,291,591,676,324,273,1,-1,-1,-1
524,292,809,351,206,181,1,-1,-1,-1
525,291,569,684,329,277,1,-1,-1,-1
525,292,801,361,214,180,1,-1,-1,-1
526,291,576,703,336,289,1,-1,-1,-1
526,292,793,369,221,177,1,-1,-1,-1
527,291,571,713,323,290,1,-1,-1,-1
527,292,785,380,227,188,1,-1,-1,-1
528,291,560,726,332,295,1,-1,-1,-1
528,292,778,388,233,189,1,-1,-1,-1
529,291,545,735,344,307,1,-1,-1,-1
529,292,776,396,230,204,1,-1,-1,-1
530,291,530,744,355,310,1,-1,-1,-1
530,292,763,412,236,193,1,-1,-1,-1
530,293,1021,57,108,85,1,-1,-1,-1
531,291,519,766,358,312,1,-1,-1,-1
531,292,758,422,240,194,1,-1,-1,-1
531,293,1021,58,109,84,1,-1,-1,-1
532,291,504,782,372,296,1,-1,-1,-1
532,292,752,428,247,198,1,-1,-1,-1
532,293,1020,59,111,84,1,-1,-1,-1
533,292,751,445,244,201,1,-1,-1,-1
533,293,1019,59,113,85,1,-1,-1,-1
534,292,746,451,245,204,1,-1,-1,-1
534,293,1018,59,113,84,1,-1,-1,-1
535,292,738,461,249,207,1,-1,-1,-1
535,293,1017,57,113,87,1,-1,-1,-1
536,292,728,471,254,213,1,-1,-1,-1
536,293,1018,58,112,87,1,-1,-1,-1
537,292,719,481,260,218,1,-1,-1,-1
537,293,1017,59,113,88,1,-1,-1,-1
538,292,710,489,266,223,1,-1,-1,-1
538,293,1016,59,115,89,1,-1,-1,-1
539,292,707,515,265,213,1,-1,-1,-1
539,293,1014,58,118,90,1,-1,-1,-1
540,292,698,523,266,217,1,-1,-1,-1
540,293,1013,60,110,87,1,-1,-1,-1
541,292,689,535,270,218,1,-1,-1,-1
541,293,1012,62,110,86,1,-1,-1,-1
542,292,679,547,281,222,1,-1,-1,-1
542,293,1012,63,108,85,1,-1,-1,-1
543,292,675,555,287,228,1,-1,-1,-1
544,292,662,559,289,238,1,-1,-1,-1
544,293,1013,64,109,85,1,-1,-1,-1
545,292,663,583,286,235,1,-1,-1,-1
545,293,1011,64,110,86,1,-1,-1,-1
546,292,661,595,286,237,1,-1,-1,-1
546,293,1009,66,111,86,1,-1,-1,-1
547,292,653,612,294,237,1,-1,-1,-1
547,293,1010,68,108,85,1,-1,-1,-1
548,292,641,624,308,242,1,-1,-1,-1
549,292,623,641,324,254,1,-1,-1,-1
550,292,612,649,333,256,1,-1,-1,-1
551,292,602,663,335,259,1,-1,-1,-1
551,293,1009,72,110,87,1,-1,-1,-1
552,292,589,677,341,268,1,-1,-1,-1
552,293,1008,73,111,88,1,-1,-1,-1
553,292,578,686,346,277,1,-1,-1,-1
553,293,1008,74,112,89,1,-1,-1,-1
554,292,563,710,367,284,1,-1,-1,-1
554,293,1008,76,112,87,1,-1,-1,-1
555,292,546,728,361,284,1,-1,-1,-1
555,293,1007,76,113,88,1,-1,-1,-1
556,292,530,741,373,297,1,-1,-1,-1
556,293,1005,78,113,87,1,-1,-1,-1
557,292,513,769,375,301,1,-1,-1,-1
557,293,1002,79,115,88,1,-1,-1,-1
558,292,494,781,389,297,1,-1,-1,-1
558,293,1000,82,118,87,1,-1,-1,-1
559,292,476,802,406,276,1,-1,-1,-1
559,293,1000,81,119,89,1,-1,-1,-1
560,293,999,81,120,90,1,-1,-1,-1
561,293,998,82,120,91,1,-1,-1,-1
562,293,996,83,120,92,1,-1,-1,-1
563,293,996,83,119,92,1,-1,-1,-1
564,293,995,89,126,95,1,-1,-1,-1
565,293,994,91,126,94,1,-1,-1,-1
566,293,992,91,127,95,1,-1,-1,-1
567,293,992,93,126,94,1,-1,-1,-1
568,293,990,93,128,95,1,-1,-1,-1
569,293,989,94,128,96,1,-1,-1,-1
570,293,988,95,129,96,1,-1,-1,-1
571,293,989,96,129,97,1,-1,-1,-1
572,293,987,98,129,97,1,-1,-1,-1
573,293,986,99,130,98,1,-1,-1,-1
574,293,987,100,130,98,1,-1,-1,-1
575,293,987,101,130,99,1,-1,-1,-1
576,293,988,102,129,100,1,-1,-1,-1
577,293,987,103,129,101,1,-1,-1,-1
578,293,986,104,131,103,1,-1,-1,-1
579,293,985,106,132,105,1,-1,-1,-1
580,293,984,108,133,106,1,-1,-1,-1
581,293,987,110,130,106,1,-1,-1,-1
582,293,986,112,129,106,1,-1,-1,-1
583,293,986,112,129,108,1,-1,-1,-1
584,293,984,113,129,108,1,-1,-1,-1
585,293,984,113,129,110,1,-1,-1,-1
586,293,983,113,129,111,1,-1,-1,-1
587,293,980,117,133,113,1,-1,-1,-1
588,293,979,117,134,115,1,-1,-1,-1
589,293,977,119,135,115,1,-1,-1,-1
590,293,976,121,135,117,1,-1,-1,-1
591,293,976,123,135,117,1,-1,-1,-1
592,293,976,125,135,117,1,-1,-1,-1
593,293,975,128,136,116,1,-1,-1,-1
594,293,972,130,137,116,1,-1,-1,-1
595,293,970,134,138,113,1,-1,-1,-1
596,293,969,138,139,111,1,-1,-1,-1
597,293,972,140,137,114,1,-1,-1,-1
598,293,969,144,139,113,1,-1,-1,-1
599,293,967,145,141,115,1,-1,-1,-1
600,293,965,145,143,118,1,-1,-1,-1
601,293,965,151,141,118,1,-1,-1,-1
602,293,961,150,141,123,1,-1,-1,-1
603,293,960,150,141,125,1,-1,-1,-1
604,293,960,152,140,126,1,-1,-1,-1
605,293,959,155,140,125,1,-1,-1,-1
606,293,958,158,140,125,1,-1,-1,-1
607,293,957,161,140,124,1,-1,-1,-1
608,293,955,164,142,125,1,-1,-1,-1
609,293,953,169,143,125,1,-1,-1,-1
610,293,950,173,145,124,1,-1,-1,-1
611,293,947,176,148,125,1,-1,-1,-1
612,293,944,177,151,127,1,-1,-1,-1
613,293,944,182,151,131,1,-1,-1,-1
614,293,941,183,153,133,1,-1,-1,-1
615,293,940,184,152,135,1,-1,-1,-1
616,293,937,187,152,134,1,-1,-1,-1
617,293,935,190,153,134,1,-1,-1,-1
618,293,933,194,157,135,1,-1,-1,-1
619,293,931,198,158,136,1,-1,-1,-1
620,293,929,202,158,137,1,-1,-1,-1
621,293,925,206,159,136,1,-1,-1,-1
622,293,923,209,161,134,1,-1,-1,-1
623,293,919,218,165,134,1,-1,-1,-1
624,293,916,220,168,135,1,-1,-1,-1
625,293,914,223,170,136,1,-1,-1,-1
626,293,909,227,168,136,1,-1,-1,-1
627,293,907,230,171,138,1,-1,-1,-1
628,293,905,233,173,142,1,-1,-1,-1
629,293,904,235,173,147,1,-1,-1,-1
630,293,903,237,173,147,1,-1,-1,-1
631,293,901,241,172,143,1,-1,-1,-1
632,293,897,258,172,135,1,-1,-1,-1
633,293,895,261,174,137,1,-1,-1,-1
634,293,893,262,174,143,1,-1,-1,-1
635,293,890,264,175,149,1,-1,-1,-1
636,293,887,266,176,156,1,-1,-1,-1
637,293,882,269,180,159,1,-1,-1,-1
638,293,877,286,184,148,1,-1,-1,-1
639,293,873,288,188,149,1,-1,-1,-1
640,293,871,292,189,150,1,-1,-1,-1
641,293,869,296,189,154,1,-1,-1,-1
642,293,868,298,190,160,1,-1,-1,-1
643,293,862,302,189,165,1,-1,-1,-1
644,293,860,322,191,152,1,-1,-1,-1
645,293,858,322,192,158,1,-1,-1,-1
646,293,855,326,193,162,1,-1,-1,-1
647,293,850,330,197,166,1,-1,-1,-1
648,293,846,333,200,172,1,-1,-1,-1
649,293,842,355,201,158,1,-1,-1,-1
650,293,835,354,204,166,1,-1,-1,-1
651,293,832,359,205,170,1,-1,-1,-1
652,293,828,363,208,176,1,-1,-1,-1
653,293,825,368,210,179,1,-1,-1,-1
654,293,820,382,212,177,1,-1,-1,-1
655,293,818,386,204,180,1,-1,-1,-1
656,293,816,393,205,184,1,-1,-1,-1
657,293,809,399,213,188,1,-1,-1,-1
658,293,803,418,222,176,1,-1,-1,-1
659,293,798,420,223,181,1,-1,-1,-1
660,293,793,430,226,178,1,-1,-1,-1
661,293,786,438,230,178,1,-1,-1,-1
662,293,777,453,241,180,1,-1,-1,-1
663,293,772,454,243,189,1,-1,-1,-1
664,293,769,460,245,192,1,-1,-1,-1
665,293,770,469,239,199,1,-1,-1,-1
666,293,762,475,238,201,1,-1,-1,-1
667,293,759,483,243,203,1,-1,-1,-1
668,293,755,491,247,207,1,-1,-1,-1
669,293,751,497,251,210,1,-1,-1,-1
670,293,752,518,251,201,1,-1,-1,-1
671,293,748,523,255,203,1,-1,-1,-1
672,293,743,532,258,205,1,-1,-1,-1
673,293,738,541,262,209,1,-1,-1,-1
674,293,734,551,266,217,1,-1,-1,-1
675,293,730,558,266,225,1,-1,-1,-1
676,293,722,563,272,230,1,-1,-1,-1
677,293,717,583,277,224,1,-1,-1,-1
678,293,710,593,281,227,1,-1,-1,-1
679,293,704,604,287,231,1,-1,-1,-1
680,293,698,617,292,232,1,-1,-1,-1
681,293,692,627,296,234,1,-1,-1,-1
682,293,685,632,303,241,1,-1,-1,-1
683,293,677,651,308,242,1,-1,-1,-1
684,293,675,661,304,244,1,-1,-1,-1
685,293,671,678,303,240,1,-1,-1,-1
686,293,650,693,315,241,1,-1,-1,-1
687,293,639,698,333,252,1,-1,-1,-1
688,293,629,716,342,260,1,-1,-1,-1
689,293,624,723,340,268,1,-1,-1,-1
690,293,615,738,342,271,1,-1,-1,-1
691,293,605,749,350,277,1,-1,-1,-1
692,293,593,776,349,283,1,-1,-1,-1
693,293,581,781,359,293,1,-1,-1,-1
694,293,568,797,370,281,1,-1,-1,-1
