3,1,1458.00,325.73,254.17,176.61,1,-1,-1,-1
3,2,1566.16,244.34,135.28,112.08,1,-1,-1,-1
3,3,1335.17,110.38,291.29,161.75,1,-1,-1,-1
3,4,1743.93,114.63,97.23,47.47,1,-1,-1,-1
3,5,1692.69,239.21,111.98,107.41,1,-1,-1,-1
4,1,1458.27,325.87,253.70,176.27,1,-1,-1,-1
4,2,1565.37,243.07,135.93,112.51,1,-1,-1,-1
4,3,1328.46,111.92,282.67,156.44,1,-1,-1,-1
4,4,1743.57,114.66,97.66,47.69,1,-1,-1,-1
4,5,1692.67,239.21,112.10,107.54,1,-1,-1,-1
5,1,1458.44,325.62,253.79,176.36,1,-1,-1,-1
5,2,1564.55,243.05,135.40,112.00,1,-1,-1,-1
5,3,1298.79,108.84,292.54,161.56,1,-1,-1,-1
5,4,1743.55,114.68,97.73,47.73,1,-1,-1,-1
5,5,1692.66,239.14,112.22,107.67,1,-1,-1,-1
6,1,1458.15,325.47,253.79,176.34,1,-1,-1,-1
6,2,1564.17,242.90,135.46,111.92,1,-1,-1,-1
6,3,1272.42,108.57,291.86,161.40,1,-1,-1,-1
6,4,1743.45,114.66,97.75,47.75,1,-1,-1,-1
6,5,1692.63,239.11,112.23,107.71,1,-1,-1,-1
7,1,1457.83,325.30,253.98,176.52,1,-1,-1,-1
7,2,1563.19,242.64,136.31,112.34,1,-1,-1,-1
7,3,1252.02,108.73,286.01,158.09,1,-1,-1,-1
7,4,1743.49,114.64,97.67,47.71,1,-1,-1,-1
7,5,1692.55,239.08,112.23,107.72,1,-1,-1,-1
8,1,1457.85,324.97,253.96,176.57,1,-1,-1,-1
8,2,1563.88,243.16,136.09,111.90,1,-1,-1,-1
8,3,1239.18,106.71,284.62,156.79,1,-1,-1,-1
8,4,1743.65,114.69,97.56,47.67,1,-1,-1,-1
8,5,1692.55,239.09,112.21,107.73,1,-1,-1,-1
9,1,1457.35,324.60,254.10,176.83,1,-1,-1,-1
9,2,1564.06,244.20,135.60,111.18,1,-1,-1,-1
9,3,1222.51,107.56,281.27,154.23,1,-1,-1,-1
9,4,1744.01,114.72,97.55,47.71,1,-1,-1,-1
9,5,1692.53,239.13,112.18,107.72,1,-1,-1,-1
10,1,1457.08,324.35,254.38,177.23,1,-1,-1,-1
10,2,1563.81,244.42,136.23,111.42,1,-1,-1,-1
10,3,1204.66,106.24,282.60,154.66,1,-1,-1,-1
10,4,1744.16,114.73,97.48,47.72,1,-1,-1,-1
10,5,1692.57,239.16,112.12,107.68,1,-1,-1,-1
11,1,1456.90,324.34,254.24,177.26,1,-1,-1,-1
11,2,1564.12,244.74,135.81,110.88,1,-1,-1,-1
11,3,1187.22,105.90,277.48,150.37,1,-1,-1,-1
11,4,1744.16,114.68,97.51,47.79,1,-1,-1,-1
11,5,1692.62,239.18,111.98,107.56,1,-1,-1,-1
12,1,1456.84,324.77,253.25,176.63,1,-1,-1,-1
12,2,1564.21,244.74,135.35,110.45,1,-1,-1,-1
12,3,1165.58,107.77,276.16,148.41,1,-1,-1,-1
12,4,1744.20,114.63,97.44,47.82,1,-1,-1,-1
12,5,1692.74,239.27,111.84,107.41,1,-1,-1,-1
13,1,1456.48,325.02,252.78,176.32,1,-1,-1,-1
13,2,1564.57,245.02,135.24,110.29,1,-1,-1,-1
13,3,1146.95,108.37,275.66,146.74,1,-1,-1,-1
13,4,1744.11,114.62,97.25,47.76,1,-1,-1,-1
13,5,1692.84,239.30,111.68,107.26,1,-1,-1,-1
14,1,1456.18,324.91,252.84,176.36,1,-1,-1,-1
14,2,1565.77,245.87,134.13,109.37,1,-1,-1,-1
14,3,1124.22,106.99,277.05,146.32,1,-1,-1,-1
14,4,1744.10,114.58,97.28,47.81,1,-1,-1,-1
14,5,1692.89,239.30,111.68,107.24,1,-1,-1,-1
15,1,1456.29,324.74,252.68,176.22,1,-1,-1,-1
15,2,1566.54,246.19,133.68,109.04,1,-1,-1,-1
15,3,1103.53,107.74,279.47,146.10,1,-1,-1,-1
15,4,1744.22,114.63,97.12,47.76,1,-1,-1,-1
15,5,1692.87,239.29,111.69,107.24,1,-1,-1,-1
16,1,1456.27,324.91,252.25,175.88,1,-1,-1,-1
16,2,1566.82,246.38,133.56,108.92,1,-1,-1,-1
16,3,1083.88,106.88,279.72,144.62,1,-1,-1,-1
16,4,1744.29,114.69,96.94,47.69,1,-1,-1,-1
16,5,1692.80,239.20,111.86,107.42,1,-1,-1,-1
17,1,1456.30,325.02,252.40,175.99,1,-1,-1,-1
17,2,1566.66,246.78,133.56,109.00,1,-1,-1,-1
17,3,1055.60,104.57,286.24,146.93,1,-1,-1,-1
17,4,1744.26,114.72,96.85,47.66,1,-1,-1,-1
17,5,1692.81,239.21,111.97,107.55,1,-1,-1,-1
18,1,1456.12,324.92,252.40,176.02,1,-1,-1,-1
18,2,1566.70,246.95,133.32,108.87,1,-1,-1,-1
18,3,1036.35,105.00,285.44,145.15,1,-1,-1,-1
18,4,1744.35,114.72,96.82,47.67,1,-1,-1,-1
18,5,1692.74,239.17,112.16,107.80,1,-1,-1,-1
19,1,1456.55,325.36,251.72,175.48,1,-1,-1,-1
19,2,1566.91,246.82,132.96,108.60,1,-1,-1,-1
19,3,1021.31,105.37,278.46,139.63,1,-1,-1,-1
19,4,1744.34,114.71,96.77,47.67,1,-1,-1,-1
19,5,1692.87,239.18,111.92,107.59,1,-1,-1,-1
20,1,1456.71,325.69,251.61,175.28,1,-1,-1,-1
20,2,1566.98,246.77,133.02,108.71,1,-1,-1,-1
20,3,998.05,106.08,274.65,135.57,1,-1,-1,-1
20,4,1744.38,114.69,96.78,47.70,1,-1,-1,-1
20,5,1692.91,239.18,111.82,107.51,1,-1,-1,-1
21,1,1456.77,325.28,252.35,175.81,1,-1,-1,-1
21,2,1567.15,246.03,133.80,109.36,1,-1,-1,-1
21,3,969.83,105.79,279.82,136.36,1,-1,-1,-1
21,4,1743.99,114.68,96.70,47.67,1,-1,-1,-1
21,5,1692.73,238.83,112.54,108.24,1,-1,-1,-1
22,1,1455.88,325.08,252.77,176.15,1,-1,-1,-1
22,2,1566.96,245.71,134.12,109.69,1,-1,-1,-1
22,3,944.15,102.94,284.99,136.90,1,-1,-1,-1
22,4,1743.73,114.70,96.73,47.69,1,-1,-1,-1
22,5,1692.69,238.72,112.74,108.47,1,-1,-1,-1
23,1,1455.00,324.83,253.07,176.39,1,-1,-1,-1
23,2,1566.72,245.72,134.31,109.85,1,-1,-1,-1
23,3,920.04,105.45,285.10,135.21,1,-1,-1,-1
23,4,1743.70,114.71,96.72,47.68,1,-1,-1,-1
23,5,1692.68,238.68,112.75,108.50,1,-1,-1,-1
24,1,1454.00,324.62,253.28,176.56,1,-1,-1,-1
24,2,1566.18,245.92,134.33,109.86,1,-1,-1,-1
24,3,903.78,106.58,282.78,133.19,1,-1,-1,-1
24,4,1743.62,114.71,96.72,47.67,1,-1,-1,-1
24,5,1692.64,238.64,112.80,108.58,1,-1,-1,-1
25,1,1454.58,324.32,255.58,178.33,1,-1,-1,-1
25,2,1565.71,246.27,134.36,109.74,1,-1,-1,-1
25,3,876.10,105.22,288.25,133.98,1,-1,-1,-1
25,4,1743.20,114.68,96.70,47.61,1,-1,-1,-1
25,5,1696.72,241.18,108.81,104.40,1,-1,-1,-1
26,1,1457.10,325.83,253.98,177.41,1,-1,-1,-1
26,2,1565.95,246.99,133.84,109.16,1,-1,-1,-1
26,3,855.35,107.25,281.83,128.97,1,-1,-1,-1
26,4,1743.03,114.63,96.79,47.62,1,-1,-1,-1
26,5,1698.20,242.21,107.40,102.74,1,-1,-1,-1
27,1,1458.66,327.11,252.18,176.15,1,-1,-1,-1
27,2,1566.75,247.19,132.79,107.92,1,-1,-1,-1
27,3,830.49,106.81,284.43,128.87,1,-1,-1,-1
27,4,1742.98,114.65,96.82,47.61,1,-1,-1,-1
27,5,1694.45,240.02,111.37,106.60,1,-1,-1,-1
28,1,1455.78,328.06,254.01,177.50,1,-1,-1,-1
28,2,1568.54,247.61,132.28,107.00,1,-1,-1,-1
28,3,807.39,105.91,291.32,131.76,1,-1,-1,-1
28,4,1742.96,114.67,96.80,47.56,1,-1,-1,-1
28,5,1693.15,239.25,112.73,107.97,1,-1,-1,-1
29,1,1454.61,327.59,249.52,174.28,1,-1,-1,-1
29,2,1568.58,246.73,132.54,106.78,1,-1,-1,-1
29,3,791.94,107.49,287.86,130.27,1,-1,-1,-1
29,4,1742.90,114.66,96.87,47.57,1,-1,-1,-1
29,5,1696.72,241.40,109.06,104.18,1,-1,-1,-1
30,1,1450.71,321.31,241.62,169.14,1,-1,-1,-1
30,2,1567.71,245.43,132.72,106.36,1,-1,-1,-1
30,3,773.21,105.89,294.85,134.98,1,-1,-1,-1
30,4,1742.83,114.65,96.95,47.58,1,-1,-1,-1
30,5,1698.06,242.25,107.64,102.57,1,-1,-1,-1
31,1,1486.96,323.24,195.36,131.68,1,-1,-1,-1
31,2,1567.65,245.62,133.73,106.94,1,-1,-1,-1
31,3,767.22,107.86,279.74,128.81,1,-1,-1,-1
31,4,1743.31,114.61,97.21,47.67,1,-1,-1,-1
31,5,1698.06,242.75,108.01,102.76,1,-1,-1,-1
32,1,1515.19,316.15,156.72,100.69,1,-1,-1,-1
32,2,1568.65,244.14,134.44,107.49,1,-1,-1,-1
32,3,762.49,107.57,269.57,125.33,1,-1,-1,-1
32,4,1743.52,114.62,97.33,47.68,1,-1,-1,-1
32,5,1697.94,242.92,108.29,102.91,1,-1,-1,-1
32,7,1392.64,354.24,444.28,324.63,1,-1,-1,-1
33,1,1523.70,314.93,143.01,91.88,1,-1,-1,-1
33,2,1568.12,243.19,134.70,108.03,1,-1,-1,-1
33,3,753.01,107.82,253.53,120.61,1,-1,-1,-1
33,4,1743.59,114.59,97.48,47.73,1,-1,-1,-1
33,5,1697.77,242.87,108.60,103.11,1,-1,-1,-1
33,7,1364.06,347.23,422.28,309.43,1,-1,-1,-1
34,2,1563.39,239.95,134.99,108.06,1,-1,-1,-1
34,3,742.52,106.66,249.02,122.34,1,-1,-1,-1
34,4,1743.62,114.59,97.55,47.74,1,-1,-1,-1
34,5,1697.72,242.82,108.72,103.12,1,-1,-1,-1
34,7,1343.44,349.36,402.00,295.40,1,-1,-1,-1
35,2,1564.87,242.14,133.98,107.25,1,-1,-1,-1
35,3,743.50,106.82,236.37,121.67,1,-1,-1,-1
35,4,1743.68,114.59,97.60,47.75,1,-1,-1,-1
35,5,1697.61,242.75,108.87,103.17,1,-1,-1,-1
35,7,1312.29,354.39,380.08,280.18,1,-1,-1,-1
36,2,1567.63,245.65,131.98,105.47,1,-1,-1,-1
36,3,747.36,104.04,223.15,119.89,1,-1,-1,-1
36,4,1743.71,114.59,97.63,47.75,1,-1,-1,-1
36,5,1697.57,242.69,108.98,103.22,1,-1,-1,-1
36,7,1292.84,355.22,358.22,265.18,1,-1,-1,-1
36,8,1375.56,331.50,464.17,162.61,1,-1,-1,-1
37,2,1569.16,248.01,131.50,104.87,1,-1,-1,-1
37,3,733.85,103.70,220.87,118.66,1,-1,-1,-1
37,4,1743.60,114.57,97.81,47.84,1,-1,-1,-1
37,5,1697.38,242.44,109.34,103.57,1,-1,-1,-1
37,7,1268.72,352.87,337.17,248.95,1,-1,-1,-1
37,8,1359.00,331.18,482.23,172.39,1,-1,-1,-1
38,2,1569.49,248.87,132.89,105.86,1,-1,-1,-1
38,4,1743.52,114.55,97.81,47.82,1,-1,-1,-1
38,5,1697.34,242.41,109.43,103.65,1,-1,-1,-1
38,7,1247.21,351.85,322.46,238.31,1,-1,-1,-1
38,8,1358.57,331.71,476.50,174.39,1,-1,-1,-1
39,2,1569.54,249.04,133.01,105.93,1,-1,-1,-1
39,4,1743.51,114.55,97.80,47.81,1,-1,-1,-1
39,5,1697.32,242.36,109.54,103.76,1,-1,-1,-1
39,7,1222.09,347.60,312.90,230.64,1,-1,-1,-1
39,8,1363.65,333.97,460.40,173.03,1,-1,-1,-1
40,2,1570.01,248.07,132.57,105.79,1,-1,-1,-1
40,4,1743.40,114.52,97.84,47.82,1,-1,-1,-1
40,5,1697.32,242.32,109.62,103.84,1,-1,-1,-1
40,7,1195.46,342.81,308.00,227.38,1,-1,-1,-1
40,8,1362.65,333.44,452.94,175.39,1,-1,-1,-1
41,2,1569.22,248.32,131.49,104.97,1,-1,-1,-1
41,4,1743.95,114.53,97.89,47.96,1,-1,-1,-1
41,5,1697.70,243.09,108.40,102.49,1,-1,-1,-1
41,7,1172.75,335.97,305.36,226.39,1,-1,-1,-1
41,8,1359.24,329.14,452.22,180.41,1,-1,-1,-1
42,2,1568.02,247.86,131.47,104.94,1,-1,-1,-1
42,4,1744.15,114.50,97.85,48.06,1,-1,-1,-1
42,5,1697.82,243.43,107.95,101.88,1,-1,-1,-1
42,7,1155.25,331.02,294.96,219.31,1,-1,-1,-1
42,8,1363.81,328.17,439.15,180.58,1,-1,-1,-1
43,2,1566.87,246.74,132.67,105.94,1,-1,-1,-1
43,4,1744.34,114.46,97.84,48.19,1,-1,-1,-1
43,5,1697.81,243.62,107.81,101.57,1,-1,-1,-1
43,7,1135.13,324.23,286.51,213.45,1,-1,-1,-1
43,8,1369.95,327.95,425.35,180.33,1,-1,-1,-1
44,2,1566.48,246.38,133.97,107.13,1,-1,-1,-1
44,4,1744.45,114.46,97.62,48.18,1,-1,-1,-1
44,5,1697.73,243.65,107.92,101.54,1,-1,-1,-1
44,7,1115.23,318.98,281.96,211.18,1,-1,-1,-1
44,8,1376.06,327.18,411.71,179.92,1,-1,-1,-1
45,2,1566.12,246.92,134.20,107.40,1,-1,-1,-1
45,4,1744.61,114.54,97.33,48.13,1,-1,-1,-1
45,5,1697.64,243.60,108.12,101.61,1,-1,-1,-1
45,7,1098.19,313.45,274.51,206.76,1,-1,-1,-1
45,8,1381.73,326.38,400.18,180.31,1,-1,-1,-1
46,2,1566.11,247.18,134.30,107.51,1,-1,-1,-1
46,4,1744.85,114.53,97.13,48.12,1,-1,-1,-1
46,5,1697.55,243.56,108.26,101.65,1,-1,-1,-1
46,7,1084.57,306.71,269.76,204.64,1,-1,-1,-1
46,8,1387.39,325.65,389.40,180.82,1,-1,-1,-1
47,2,1565.93,247.05,134.41,107.73,1,-1,-1,-1
47,4,1744.88,114.54,96.90,48.06,1,-1,-1,-1
47,5,1697.50,243.55,108.41,101.69,1,-1,-1,-1
47,7,1071.75,304.73,260.67,198.66,1,-1,-1,-1
47,8,1393.29,325.38,377.86,180.64,1,-1,-1,-1
48,2,1566.16,246.87,134.70,108.05,1,-1,-1,-1
48,4,1744.92,114.57,96.83,48.09,1,-1,-1,-1
48,5,1697.51,243.55,108.42,101.59,1,-1,-1,-1
48,7,1058.91,302.25,254.86,195.31,1,-1,-1,-1
48,8,1402.09,326.54,363.44,178.59,1,-1,-1,-1
49,2,1566.47,246.67,135.08,108.39,1,-1,-1,-1
49,4,1745.08,114.48,96.77,48.15,1,-1,-1,-1
49,5,1697.36,243.42,108.53,101.56,1,-1,-1,-1
49,7,1051.15,297.21,250.38,192.89,1,-1,-1,-1
49,8,1409.46,327.21,350.91,176.98,1,-1,-1,-1
50,2,1566.59,246.62,135.44,108.72,1,-1,-1,-1
50,4,1745.25,114.45,96.55,48.12,1,-1,-1,-1
50,5,1697.26,243.28,108.70,101.62,1,-1,-1,-1
50,7,1047.66,292.26,243.76,188.42,1,-1,-1,-1
50,8,1415.44,327.83,340.87,176.23,1,-1,-1,-1
51,2,1567.08,246.95,134.49,108.05,1,-1,-1,-1
51,4,1744.42,114.42,96.65,48.13,1,-1,-1,-1
51,5,1697.13,243.10,109.04,101.89,1,-1,-1,-1
51,7,1040.67,285.26,241.60,188.28,1,-1,-1,-1
51,8,1420.90,327.19,333.32,176.50,1,-1,-1,-1
52,2,1567.09,247.40,133.79,107.52,1,-1,-1,-1
52,4,1744.10,114.43,96.73,48.13,1,-1,-1,-1
52,5,1697.05,243.02,109.23,102.03,1,-1,-1,-1
52,7,1040.83,281.40,235.87,185.38,1,-1,-1,-1
52,8,1423.67,326.86,326.92,176.93,1,-1,-1,-1
53,2,1567.38,247.64,133.12,106.97,1,-1,-1,-1
53,4,1744.00,114.42,96.83,48.16,1,-1,-1,-1
53,5,1697.07,243.06,109.09,101.85,1,-1,-1,-1
53,7,1040.58,277.30,226.66,180.32,1,-1,-1,-1
53,8,1426.28,326.75,320.80,177.21,1,-1,-1,-1
54,2,1567.31,247.58,132.90,106.76,1,-1,-1,-1
54,4,1743.95,114.43,96.88,48.16,1,-1,-1,-1
54,5,1697.09,243.07,109.04,101.76,1,-1,-1,-1
54,7,1046.16,274.70,216.12,173.93,1,-1,-1,-1
54,8,1429.43,327.17,314.57,177.07,1,-1,-1,-1
55,2,1567.17,247.54,132.57,106.51,1,-1,-1,-1
55,4,1743.97,114.46,96.87,48.14,1,-1,-1,-1
55,5,1697.07,243.12,109.08,101.79,1,-1,-1,-1
55,7,1053.89,273.48,205.08,166.29,1,-1,-1,-1
55,8,1432.89,327.71,307.18,175.84,1,-1,-1,-1
56,2,1567.55,247.64,132.25,106.26,1,-1,-1,-1
56,4,1743.96,114.47,96.90,48.14,1,-1,-1,-1
56,5,1697.09,243.19,108.93,101.61,1,-1,-1,-1
56,7,1053.10,272.32,196.98,160.35,1,-1,-1,-1
56,8,1435.78,327.95,301.50,175.31,1,-1,-1,-1
57,2,1567.70,247.83,132.14,106.19,1,-1,-1,-1
57,4,1743.87,114.46,96.87,48.08,1,-1,-1,-1
57,5,1697.10,243.21,108.89,101.53,1,-1,-1,-1
57,7,1056.88,270.73,192.65,157.46,1,-1,-1,-1
57,8,1437.71,327.81,296.84,175.11,1,-1,-1,-1
58,2,1567.27,247.62,132.57,106.54,1,-1,-1,-1
58,4,1743.78,114.47,96.87,48.04,1,-1,-1,-1
58,5,1697.12,243.20,108.91,101.54,1,-1,-1,-1
58,7,1064.53,269.33,189.52,154.13,1,-1,-1,-1
58,8,1439.40,327.73,292.66,174.98,1,-1,-1,-1
59,2,1567.21,247.47,132.90,106.78,1,-1,-1,-1
59,4,1743.79,114.52,96.65,47.86,1,-1,-1,-1
59,5,1697.16,243.22,108.82,101.42,1,-1,-1,-1
59,7,1073.93,267.70,185.86,150.53,1,-1,-1,-1
59,8,1440.59,327.40,289.35,175.17,1,-1,-1,-1
60,2,1567.18,247.46,133.39,107.23,1,-1,-1,-1
60,4,1743.88,114.56,96.65,47.81,1,-1,-1,-1
60,5,1697.12,243.20,108.77,101.35,1,-1,-1,-1
60,7,1078.46,259.68,190.08,154.39,1,-1,-1,-1
60,8,1441.70,327.37,285.97,175.16,1,-1,-1,-1
61,2,1565.39,248.49,133.42,106.61,1,-1,-1,-1
61,4,1743.89,114.47,96.86,47.89,1,-1,-1,-1
61,5,1697.04,243.01,108.93,101.47,1,-1,-1,-1
61,7,1088.91,255.31,190.68,154.88,1,-1,-1,-1
61,8,1442.01,327.06,283.74,175.67,1,-1,-1,-1
62,2,1564.29,248.47,134.90,107.34,1,-1,-1,-1
62,4,1743.92,114.47,97.02,47.97,1,-1,-1,-1
62,5,1697.03,242.83,108.93,101.47,1,-1,-1,-1
62,7,1102.63,251.59,188.08,152.51,1,-1,-1,-1
62,8,1442.55,326.81,281.53,176.10,1,-1,-1,-1
63,2,1565.19,247.10,135.76,108.44,1,-1,-1,-1
63,4,1743.85,114.45,97.14,48.04,1,-1,-1,-1
63,5,1697.00,242.74,108.99,101.54,1,-1,-1,-1
63,7,1118.04,251.12,181.89,146.18,1,-1,-1,-1
63,8,1443.54,327.00,278.91,176.08,1,-1,-1,-1
64,2,1563.85,248.18,136.40,108.36,1,-1,-1,-1
64,4,1743.83,114.43,97.16,48.05,1,-1,-1,-1
64,5,1696.91,242.50,109.25,101.84,1,-1,-1,-1
64,7,1135.75,250.00,180.12,143.68,1,-1,-1,-1
64,8,1444.92,327.11,276.25,175.85,1,-1,-1,-1
65,2,1564.96,246.35,137.00,109.42,1,-1,-1,-1
65,4,1743.81,114.43,97.35,48.18,1,-1,-1,-1
65,5,1696.92,242.46,109.26,101.89,1,-1,-1,-1
65,7,1150.27,248.49,178.57,141.64,1,-1,-1,-1
65,8,1445.64,327.01,274.32,175.97,1,-1,-1,-1
66,2,1565.66,245.32,137.11,110.16,1,-1,-1,-1
66,4,1743.76,114.44,97.43,48.24,1,-1,-1,-1
66,5,1696.93,242.37,109.32,101.97,1,-1,-1,-1
66,7,1164.13,244.42,180.97,143.35,1,-1,-1,-1
66,8,1446.72,327.24,272.24,175.83,1,-1,-1,-1
67,2,1564.23,244.44,137.32,110.96,1,-1,-1,-1
67,4,1743.80,114.45,97.38,48.23,1,-1,-1,-1
67,5,1696.98,242.48,109.25,101.92,1,-1,-1,-1
67,7,1186.92,241.69,180.98,141.82,1,-1,-1,-1
67,8,1447.48,327.28,270.81,175.99,1,-1,-1,-1
68,2,1563.56,244.39,136.71,110.94,1,-1,-1,-1
68,4,1743.82,114.45,97.34,48.22,1,-1,-1,-1
68,5,1696.98,242.52,109.28,101.98,1,-1,-1,-1
68,7,1202.79,239.48,182.23,141.50,1,-1,-1,-1
68,8,1448.23,327.17,269.92,176.39,1,-1,-1,-1
69,2,1562.03,244.42,136.02,110.59,1,-1,-1,-1
69,4,1743.87,114.47,97.27,48.19,1,-1,-1,-1
69,5,1697.02,242.65,109.14,101.87,1,-1,-1,-1
69,7,1220.14,236.61,180.84,139.83,1,-1,-1,-1
69,8,1448.87,327.39,268.31,176.20,1,-1,-1,-1
70,2,1561.53,244.34,136.13,110.80,1,-1,-1,-1
70,4,1743.89,114.48,97.24,48.19,1,-1,-1,-1
70,5,1696.97,242.64,109.08,101.91,1,-1,-1,-1
70,7,1239.76,235.01,179.42,137.50,1,-1,-1,-1
70,8,1449.75,327.68,266.37,175.68,1,-1,-1,-1
71,2,1561.14,245.36,135.81,110.34,1,-1,-1,-1
71,4,1744.45,114.48,97.11,48.17,1,-1,-1,-1
71,5,1693.47,240.50,112.86,105.67,1,-1,-1,-1
71,7,1260.24,235.50,176.04,132.73,1,-1,-1,-1
71,8,1448.30,327.38,262.41,174.30,1,-1,-1,-1
72,2,1560.40,246.17,135.81,109.96,1,-1,-1,-1
72,4,1744.64,114.48,97.04,48.18,1,-1,-1,-1
72,5,1692.23,239.69,114.11,107.06,1,-1,-1,-1
72,7,1275.72,234.66,174.88,131.13,1,-1,-1,-1
72,8,1447.78,327.05,260.28,174.05,1,-1,-1,-1
73,2,1560.65,246.46,136.45,109.99,1,-1,-1,-1
73,4,1744.69,114.52,96.69,48.02,1,-1,-1,-1
73,5,1691.82,239.31,114.54,107.67,1,-1,-1,-1
73,7,1295.04,233.68,174.79,130.30,1,-1,-1,-1
73,8,1447.96,326.78,258.96,174.29,1,-1,-1,-1
74,2,1561.41,246.28,136.96,109.63,1,-1,-1,-1
74,4,1744.58,114.50,96.58,47.98,1,-1,-1,-1
74,5,1691.83,239.27,114.31,107.64,1,-1,-1,-1
74,7,1308.90,231.04,175.74,129.70,1,-1,-1,-1
74,8,1450.10,325.68,261.14,176.44,1,-1,-1,-1
75,2,1562.04,247.20,136.43,108.29,1,-1,-1,-1
75,4,1744.67,114.44,96.54,47.97,1,-1,-1,-1
75,5,1691.91,239.29,114.16,107.67,1,-1,-1,-1
75,7,1326.76,231.23,172.53,126.45,1,-1,-1,-1
75,8,1451.35,324.91,261.79,177.57,1,-1,-1,-1
76,2,1562.00,247.93,136.73,107.64,1,-1,-1,-1
76,4,1744.66,114.45,96.44,47.93,1,-1,-1,-1
76,5,1691.92,239.26,114.11,107.82,1,-1,-1,-1
76,7,1342.45,232.37,166.51,121.86,1,-1,-1,-1
76,8,1453.16,325.06,261.22,177.56,1,-1,-1,-1
77,2,1556.67,244.83,141.12,111.23,1,-1,-1,-1
77,4,1744.70,114.46,96.40,47.91,1,-1,-1,-1
77,5,1692.02,239.23,113.87,107.75,1,-1,-1,-1
77,7,1357.59,234.61,156.88,115.68,1,-1,-1,-1
77,8,1453.27,325.28,260.52,177.29,1,-1,-1,-1
78,2,1555.48,243.11,143.00,112.38,1,-1,-1,-1
78,4,1744.66,114.47,96.42,47.93,1,-1,-1,-1
78,5,1692.09,239.22,113.66,107.71,1,-1,-1,-1
78,7,1373.67,233.81,155.83,114.56,1,-1,-1,-1
78,8,1453.83,325.47,260.18,177.17,1,-1,-1,-1
79,2,1530.27,240.90,151.16,114.59,1,-1,-1,-1
79,4,1744.68,114.49,96.38,47.91,1,-1,-1,-1
79,5,1692.03,239.15,113.64,107.88,1,-1,-1,-1
79,7,1390.14,233.02,153.54,113.20,1,-1,-1,-1
79,8,1453.34,324.37,260.94,177.95,1,-1,-1,-1
80,2,1526.52,239.08,156.54,116.09,1,-1,-1,-1
80,4,1744.67,114.48,96.40,47.92,1,-1,-1,-1
80,5,1692.06,239.12,113.48,107.88,1,-1,-1,-1
80,7,1403.96,233.56,147.91,109.92,1,-1,-1,-1
80,8,1453.45,324.88,259.81,177.40,1,-1,-1,-1
81,2,1513.73,238.48,162.06,115.63,1,-1,-1,-1
81,4,1744.70,114.48,96.39,47.92,1,-1,-1,-1
81,5,1692.11,239.12,113.32,107.86,1,-1,-1,-1
81,7,1412.92,228.64,147.34,111.63,1,-1,-1,-1
81,8,1453.56,324.98,258.96,177.18,1,-1,-1,-1
82,2,1495.86,237.22,169.73,115.55,1,-1,-1,-1
82,4,1744.67,114.47,96.39,47.93,1,-1,-1,-1
82,5,1692.18,239.12,113.17,107.85,1,-1,-1,-1
82,7,1422.13,224.25,142.65,110.72,1,-1,-1,-1
82,8,1453.84,325.50,257.54,176.55,1,-1,-1,-1
83,2,1501.01,236.92,173.50,116.10,1,-1,-1,-1
83,4,1744.67,114.46,96.39,47.93,1,-1,-1,-1
83,5,1692.29,239.18,112.98,107.77,1,-1,-1,-1
83,7,1443.23,221.37,140.22,109.95,1,-1,-1,-1
83,8,1454.23,325.33,257.08,176.51,1,-1,-1,-1
83,13,809.82,173.87,71.27,60.68,1,-1,-1,-1
84,2,1504.64,235.58,177.31,117.30,1,-1,-1,-1
84,4,1744.68,114.45,96.38,47.93,1,-1,-1,-1
84,5,1692.30,239.16,112.93,107.83,1,-1,-1,-1
84,7,1458.74,222.68,131.61,104.68,1,-1,-1,-1
84,8,1454.96,325.73,256.14,175.99,1,-1,-1,-1
84,13,819.53,172.42,77.26,64.69,1,-1,-1,-1
85,2,1511.26,236.73,176.09,115.92,1,-1,-1,-1
85,4,1744.82,114.49,96.30,47.89,1,-1,-1,-1
85,5,1692.39,239.14,112.95,107.92,1,-1,-1,-1
85,7,1472.88,221.24,128.89,102.51,1,-1,-1,-1
85,8,1455.38,325.80,256.00,175.93,1,-1,-1,-1
85,13,835.37,171.79,85.53,68.64,1,-1,-1,-1
86,2,1515.01,236.68,176.08,115.73,1,-1,-1,-1
86,4,1744.85,114.50,96.30,47.89,1,-1,-1,-1
86,5,1692.42,239.12,112.93,107.97,1,-1,-1,-1
86,8,1455.76,325.78,255.83,175.81,1,-1,-1,-1
86,13,854.09,173.33,90.69,69.54,1,-1,-1,-1
87,2,1522.42,238.15,173.68,114.47,1,-1,-1,-1
87,4,1744.85,114.51,96.28,47.89,1,-1,-1,-1
87,5,1692.46,239.13,112.87,107.99,1,-1,-1,-1
87,8,1455.67,327.27,251.62,173.18,1,-1,-1,-1
87,13,894.95,170.82,96.39,70.21,1,-1,-1,-1
88,2,1538.84,239.72,170.93,115.79,1,-1,-1,-1
88,4,1744.88,114.54,96.23,47.86,1,-1,-1,-1
88,5,1692.44,239.13,112.85,108.02,1,-1,-1,-1
88,8,1456.04,327.99,249.18,171.60,1,-1,-1,-1
88,13,938.95,170.27,98.50,68.82,1,-1,-1,-1
89,2,1544.91,239.32,168.39,117.20,1,-1,-1,-1
89,4,1744.87,114.49,96.28,47.89,1,-1,-1,-1
89,5,1692.45,239.16,112.75,107.97,1,-1,-1,-1
89,8,1455.80,327.63,249.48,172.05,1,-1,-1,-1
89,13,967.95,171.00,102.67,67.62,1,-1,-1,-1
90,2,1550.02,240.88,163.09,116.12,1,-1,-1,-1
90,4,1744.86,114.47,96.28,47.89,1,-1,-1,-1
90,5,1692.50,239.17,112.66,107.95,1,-1,-1,-1
90,8,1455.37,327.07,250.27,172.90,1,-1,-1,-1
90,13,999.05,171.01,106.81,66.26,1,-1,-1,-1
91,2,1551.60,239.56,161.51,117.75,1,-1,-1,-1
91,4,1744.80,114.47,96.30,47.93,1,-1,-1,-1
91,5,1691.64,238.77,113.55,109.00,1,-1,-1,-1
91,8,1454.20,325.23,254.79,176.16,1,-1,-1,-1
91,13,1038.10,170.43,111.72,64.68,1,-1,-1,-1
92,2,1550.18,234.42,163.08,121.78,1,-1,-1,-1
92,4,1744.79,114.47,96.25,47.94,1,-1,-1,-1
92,5,1691.36,238.56,113.86,109.46,1,-1,-1,-1
92,8,1454.10,324.21,257.13,178.09,1,-1,-1,-1
92,13,1074.18,170.27,120.57,65.88,1,-1,-1,-1
93,2,1551.54,233.09,161.13,123.19,1,-1,-1,-1
93,4,1744.81,114.46,96.23,47.97,1,-1,-1,-1
93,5,1691.39,238.52,113.79,109.55,1,-1,-1,-1
93,8,1454.00,323.96,257.33,178.43,1,-1,-1,-1
93,13,1110.53,172.37,127.71,66.09,1,-1,-1,-1
94,2,1553.92,233.03,157.54,123.08,1,-1,-1,-1
94,4,1744.81,114.43,96.21,48.00,1,-1,-1,-1
94,5,1691.40,238.46,113.73,109.62,1,-1,-1,-1
94,8,1454.29,324.03,256.96,178.36,1,-1,-1,-1
94,13,1153.78,173.93,132.22,65.12,1,-1,-1,-1
95,2,1553.04,231.28,156.31,124.69,1,-1,-1,-1
95,4,1744.80,114.41,96.17,48.00,1,-1,-1,-1
95,5,1691.37,238.41,113.69,109.71,1,-1,-1,-1
95,8,1454.32,324.00,257.10,178.60,1,-1,-1,-1
95,13,1189.81,169.45,137.25,65.59,1,-1,-1,-1
96,2,1553.83,230.66,154.04,124.95,1,-1,-1,-1
96,4,1744.86,114.42,96.13,48.02,1,-1,-1,-1
96,5,1691.27,238.27,113.76,109.91,1,-1,-1,-1
96,8,1455.19,323.92,257.05,178.77,1,-1,-1,-1
96,13,1232.88,167.88,144.37,66.61,1,-1,-1,-1
97,2,1552.40,228.25,153.77,127.04,1,-1,-1,-1
97,4,1745.12,114.41,96.01,48.02,1,-1,-1,-1
97,5,1691.24,238.05,113.91,110.24,1,-1,-1,-1
97,8,1455.01,324.33,256.41,178.40,1,-1,-1,-1
97,13,1275.28,170.22,148.33,65.80,1,-1,-1,-1
98,2,1554.70,229.95,149.86,125.58,1,-1,-1,-1
98,4,1745.27,114.41,95.85,47.98,1,-1,-1,-1
98,5,1691.45,238.13,113.66,110.15,1,-1,-1,-1
98,8,1455.32,324.61,256.23,178.23,1,-1,-1,-1
98,13,1323.82,172.47,150.76,64.60,1,-1,-1,-1
99,2,1559.75,232.99,145.74,123.81,1,-1,-1,-1
99,4,1745.35,114.42,95.74,47.97,1,-1,-1,-1
99,5,1691.63,238.19,113.32,109.98,1,-1,-1,-1
99,8,1455.59,324.68,256.03,178.07,1,-1,-1,-1
99,13,1361.51,168.76,156.81,66.49,1,-1,-1,-1
100,2,1560.67,234.07,143.39,123.15,1,-1,-1,-1
100,4,1745.42,114.42,95.62,47.95,1,-1,-1,-1
100,5,1691.67,238.26,113.12,109.93,1,-1,-1,-1
100,8,1455.31,324.32,256.39,178.31,1,-1,-1,-1
100,13,1397.91,168.25,153.34,65.30,1,-1,-1,-1
101,2,1560.62,231.97,144.70,125.55,1,-1,-1,-1
101,4,1745.47,114.43,95.49,47.92,1,-1,-1,-1
101,5,1691.78,238.41,112.82,109.77,1,-1,-1,-1
101,8,1454.41,323.46,257.22,178.87,1,-1,-1,-1
101,13,1449.56,168.68,148.16,63.69,1,-1,-1,-1
102,2,1563.11,234.16,142.53,124.17,1,-1,-1,-1
102,4,1745.55,114.38,95.26,47.80,1,-1,-1,-1
102,5,1691.81,238.29,112.71,109.81,1,-1,-1,-1
102,8,1454.58,323.90,256.26,178.00,1,-1,-1,-1
102,13,1487.42,168.15,148.67,63.91,1,-1,-1,-1
103,2,1564.45,233.97,140.81,123.48,1,-1,-1,-1
103,4,1744.29,114.36,96.35,48.36,1,-1,-1,-1
103,5,1691.34,237.94,113.17,110.34,1,-1,-1,-1
103,8,1454.64,323.76,256.09,177.74,1,-1,-1,-1
103,16,1575.96,151.97,157.22,80.66,1,-1,-1,-1
104,2,1565.30,234.35,139.19,122.77,1,-1,-1,-1
104,4,1744.70,114.73,96.97,48.89,1,-1,-1,-1
104,5,1692.22,238.11,112.96,109.96,1,-1,-1,-1
104,8,1455.74,324.52,255.15,176.85,1,-1,-1,-1
104,16,1578.87,144.78,171.11,87.79,1,-1,-1,-1
105,2,1566.21,236.87,135.51,119.36,1,-1,-1,-1
105,4,1745.88,114.04,97.00,49.05,1,-1,-1,-1
105,5,1696.32,233.73,116.37,111.64,1,-1,-1,-1
105,8,1455.77,323.80,256.63,177.86,1,-1,-1,-1
105,17,1667.54,163.26,133.96,69.17,1,-1,-1,-1
106,2,1566.58,237.36,134.51,118.12,1,-1,-1,-1
106,4,1744.31,113.40,101.59,51.86,1,-1,-1,-1
106,5,1698.04,235.31,117.45,111.18,1,-1,-1,-1
106,8,1456.04,323.80,256.55,177.86,1,-1,-1,-1
106,17,1701.46,171.98,140.24,71.85,1,-1,-1,-1
107,2,1568.58,241.47,131.16,114.43,1,-1,-1,-1
107,4,1743.87,114.08,100.02,51.20,1,-1,-1,-1
107,5,1703.03,237.79,118.03,109.88,1,-1,-1,-1
107,8,1456.21,324.09,256.24,177.62,1,-1,-1,-1
107,17,1737.34,170.27,132.27,67.42,1,-1,-1,-1
108,2,1565.43,242.98,131.95,113.91,1,-1,-1,-1
108,4,1744.91,114.35,95.90,48.97,1,-1,-1,-1
108,5,1694.91,238.18,117.22,109.56,1,-1,-1,-1
108,8,1455.39,324.23,256.04,177.44,1,-1,-1,-1
108,17,1765.44,173.65,128.19,65.34,1,-1,-1,-1
109,2,1564.18,243.16,133.23,114.07,1,-1,-1,-1
109,4,1745.78,114.30,94.34,48.05,1,-1,-1,-1
109,5,1691.92,238.30,116.88,109.70,1,-1,-1,-1
109,8,1455.16,324.38,256.31,177.70,1,-1,-1,-1
109,18,808.26,178.81,85.53,62.67,1,-1,-1,-1
110,2,1561.63,241.11,135.09,114.69,1,-1,-1,-1
110,4,1746.04,114.44,93.81,47.62,1,-1,-1,-1
110,5,1691.23,239.07,115.29,108.25,1,-1,-1,-1
110,8,1455.32,324.33,256.73,178.16,1,-1,-1,-1
110,18,816.56,178.30,86.95,63.24,1,-1,-1,-1
111,2,1560.69,240.12,136.59,115.38,1,-1,-1,-1
111,4,1746.03,114.49,93.81,47.47,1,-1,-1,-1
111,5,1691.03,239.34,114.58,107.64,1,-1,-1,-1
111,8,1454.94,324.37,256.82,178.33,1,-1,-1,-1
111,18,834.89,179.99,90.05,64.38,1,-1,-1,-1
111,19,1430.57,185.18,93.14,84.86,1,-1,-1,-1
112,2,1562.33,241.39,135.55,114.10,1,-1,-1,-1
112,4,1745.95,114.53,93.87,47.36,1,-1,-1,-1
112,5,1690.91,239.39,114.34,107.50,1,-1,-1,-1
112,8,1450.69,326.53,252.03,175.19,1,-1,-1,-1
112,18,858.38,179.44,103.00,72.64,1,-1,-1,-1
112,19,1420.55,183.78,95.49,85.50,1,-1,-1,-1
113,2,1563.91,242.83,134.31,112.70,1,-1,-1,-1
113,4,1745.91,114.59,93.99,47.28,1,-1,-1,-1
113,5,1690.95,239.43,114.24,107.46,1,-1,-1,-1
113,8,1452.62,326.83,250.98,174.78,1,-1,-1,-1
113,18,879.64,178.45,111.73,77.74,1,-1,-1,-1
113,19,1399.38,183.28,95.63,83.35,1,-1,-1,-1
114,2,1563.45,243.01,134.15,111.87,1,-1,-1,-1
114,4,1745.82,114.62,94.17,47.25,1,-1,-1,-1
114,5,1690.97,239.42,114.20,107.46,1,-1,-1,-1
114,8,1455.38,325.94,252.78,176.01,1,-1,-1,-1
114,18,883.95,175.72,128.84,88.38,1,-1,-1,-1
114,19,1377.99,178.05,103.36,88.51,1,-1,-1,-1
115,2,1558.86,241.24,136.20,113.36,1,-1,-1,-1
115,4,1745.74,114.63,94.43,47.27,1,-1,-1,-1
115,5,1690.97,239.41,114.19,107.50,1,-1,-1,-1
115,8,1452.20,329.05,247.64,172.07,1,-1,-1,-1
115,18,902.66,176.41,137.06,93.05,1,-1,-1,-1
115,19,1354.40,177.52,104.98,87.78,1,-1,-1,-1
116,2,1560.61,241.80,136.11,112.96,1,-1,-1,-1
116,4,1745.61,114.61,94.61,47.26,1,-1,-1,-1
116,5,1690.98,239.40,114.16,107.52,1,-1,-1,-1
116,8,1455.64,326.94,251.60,174.79,1,-1,-1,-1
116,18,928.50,176.05,140.30,94.52,1,-1,-1,-1
116,19,1330.83,175.75,107.54,87.36,1,-1,-1,-1
117,2,1561.18,242.08,136.61,113.25,1,-1,-1,-1
117,4,1745.60,114.57,94.60,47.16,1,-1,-1,-1
117,5,1691.08,239.50,113.99,107.36,1,-1,-1,-1
117,8,1456.84,326.04,253.20,175.94,1,-1,-1,-1
117,18,954.49,177.77,142.71,96.04,1,-1,-1,-1
117,19,1312.52,177.27,108.55,85.52,1,-1,-1,-1
118,2,1562.66,243.05,135.80,112.71,1,-1,-1,-1
118,4,1745.54,114.57,94.72,47.13,1,-1,-1,-1
118,5,1691.04,239.58,113.97,107.34,1,-1,-1,-1
118,8,1457.47,325.92,253.00,175.83,1,-1,-1,-1
118,18,973.65,180.82,143.92,95.92,1,-1,-1,-1
118,19,1289.05,176.28,111.84,85.63,1,-1,-1,-1
119,2,1563.74,244.47,134.50,111.68,1,-1,-1,-1
119,4,1745.45,114.59,94.82,47.10,1,-1,-1,-1
119,5,1691.04,239.62,113.86,107.22,1,-1,-1,-1
119,8,1458.25,325.76,253.17,176.00,1,-1,-1,-1
119,18,989.14,179.59,150.20,98.99,1,-1,-1,-1
119,19,1260.35,174.52,112.21,82.88,1,-1,-1,-1
120,2,1564.76,245.92,133.62,111.06,1,-1,-1,-1
120,4,1745.27,114.58,94.92,47.05,1,-1,-1,-1
120,5,1691.11,239.69,113.75,107.09,1,-1,-1,-1
120,8,1458.01,325.62,253.30,176.11,1,-1,-1,-1
120,18,1006.18,179.78,154.36,100.77,1,-1,-1,-1
120,19,1235.59,175.31,113.88,81.69,1,-1,-1,-1
121,2,1562.46,246.53,134.02,110.54,1,-1,-1,-1
121,4,1745.20,114.55,95.28,47.20,1,-1,-1,-1
121,5,1691.46,239.88,113.51,106.78,1,-1,-1,-1
121,8,1456.23,325.55,254.10,176.68,1,-1,-1,-1
121,18,1028.42,181.57,154.35,99.42,1,-1,-1,-1
121,19,1210.50,173.83,118.11,82.68,1,-1,-1,-1
122,2,1564.61,246.45,133.27,110.02,1,-1,-1,-1
122,4,1745.11,114.50,95.46,47.25,1,-1,-1,-1
122,5,1691.55,240.00,113.47,106.67,1,-1,-1,-1
122,8,1455.55,325.54,254.01,176.52,1,-1,-1,-1
122,18,1046.02,183.22,154.46,98.57,1,-1,-1,-1
122,19,1192.12,172.83,117.98,81.46,1,-1,-1,-1
123,2,1565.90,246.42,132.84,109.95,1,-1,-1,-1
123,4,1745.09,114.51,95.48,47.23,1,-1,-1,-1
123,5,1691.57,240.01,113.54,106.72,1,-1,-1,-1
123,8,1455.63,325.33,254.51,176.79,1,-1,-1,-1
123,18,1058.56,182.61,156.98,99.66,1,-1,-1,-1
123,19,1175.21,170.00,116.27,80.61,1,-1,-1,-1
124,2,1563.78,246.25,133.76,110.15,1,-1,-1,-1
124,4,1745.13,114.52,95.55,47.25,1,-1,-1,-1
124,5,1691.56,240.07,113.40,106.59,1,-1,-1,-1
124,8,1455.57,325.31,254.45,176.70,1,-1,-1,-1
124,18,1074.20,178.90,160.81,101.64,1,-1,-1,-1
124,19,1153.02,171.33,112.54,77.61,1,-1,-1,-1
125,2,1566.03,246.16,132.73,109.58,1,-1,-1,-1
125,4,1745.14,114.52,95.60,47.25,1,-1,-1,-1
125,5,1691.58,240.08,113.37,106.56,1,-1,-1,-1
125,8,1455.35,325.44,254.37,176.67,1,-1,-1,-1
125,18,1083.31,176.16,172.88,109.73,1,-1,-1,-1
125,19,1133.78,170.46,111.40,76.82,1,-1,-1,-1
126,2,1567.05,246.01,132.22,109.36,1,-1,-1,-1
126,4,1745.19,114.48,95.61,47.24,1,-1,-1,-1
126,5,1691.59,240.05,113.47,106.64,1,-1,-1,-1
126,8,1455.02,325.51,254.43,176.70,1,-1,-1,-1
126,18,1089.51,172.90,177.64,112.74,1,-1,-1,-1
127,2,1567.19,245.49,132.45,109.82,1,-1,-1,-1
127,4,1745.23,114.42,95.59,47.24,1,-1,-1,-1
127,5,1691.56,240.01,113.50,106.64,1,-1,-1,-1
127,8,1455.15,325.75,254.32,176.53,1,-1,-1,-1
127,18,1113.52,178.32,169.18,107.81,1,-1,-1,-1
128,2,1566.63,245.01,133.20,110.71,1,-1,-1,-1
128,4,1745.56,114.51,94.87,46.87,1,-1,-1,-1
128,5,1691.46,239.82,113.78,106.88,1,-1,-1,-1
128,8,1455.03,325.72,254.59,176.75,1,-1,-1,-1
128,18,1127.27,179.66,171.04,109.76,1,-1,-1,-1
129,2,1566.89,244.66,133.75,111.47,1,-1,-1,-1
129,4,1741.54,115.02,106.76,53.67,1,-1,-1,-1
129,5,1691.43,239.62,114.05,107.06,1,-1,-1,-1
129,8,1456.06,325.85,254.46,176.72,1,-1,-1,-1
129,18,1140.37,180.97,173.31,112.03,1,-1,-1,-1
129,21,991.73,164.98,138.32,76.58,1,-1,-1,-1
130,2,1566.55,243.91,134.82,112.55,1,-1,-1,-1
130,4,1752.60,114.07,84.21,41.68,1,-1,-1,-1
130,5,1691.36,239.25,114.50,107.42,1,-1,-1,-1
130,8,1456.99,326.28,253.87,176.34,1,-1,-1,-1
130,18,1155.31,182.12,171.58,112.21,1,-1,-1,-1
130,21,967.41,163.88,137.39,75.91,1,-1,-1,-1
131,2,1566.40,243.18,135.67,113.56,1,-1,-1,-1
131,4,1753.30,114.03,83.17,41.17,1,-1,-1,-1
131,5,1691.46,239.57,114.22,107.14,1,-1,-1,-1
131,8,1456.58,326.70,253.40,175.93,1,-1,-1,-1
131,18,1166.36,180.65,169.69,112.32,1,-1,-1,-1
131,21,945.27,162.77,137.40,76.11,1,-1,-1,-1
131,22,1731.20,121.57,119.28,93.09,1,-1,-1,-1
132,2,1566.43,246.14,133.79,111.02,1,-1,-1,-1
132,5,1691.21,239.45,114.42,107.44,1,-1,-1,-1
132,8,1455.83,326.05,253.77,176.26,1,-1,-1,-1
132,18,1187.55,182.74,154.03,102.48,1,-1,-1,-1
132,21,926.98,162.34,131.31,73.41,1,-1,-1,-1
132,22,1711.38,121.29,125.45,95.77,1,-1,-1,-1
133,2,1566.09,246.78,134.78,111.02,1,-1,-1,-1
133,5,1691.28,239.24,114.52,107.55,1,-1,-1,-1
133,8,1456.15,325.89,253.47,176.16,1,-1,-1,-1
133,18,1186.06,183.22,166.04,112.14,1,-1,-1,-1
133,21,908.61,161.52,130.66,73.05,1,-1,-1,-1
133,22,1682.51,118.65,134.78,99.16,1,-1,-1,-1
134,2,1566.52,242.68,139.49,115.10,1,-1,-1,-1
134,5,1691.43,239.29,114.34,107.42,1,-1,-1,-1
134,8,1457.08,326.12,252.96,175.92,1,-1,-1,-1
134,18,1190.42,183.69,168.26,115.24,1,-1,-1,-1
134,22,1651.38,116.19,141.29,99.05,1,-1,-1,-1
134,23,870.00,158.92,118.61,77.04,1,-1,-1,-1
135,2,1564.60,243.87,138.74,113.82,1,-1,-1,-1
135,5,1691.25,239.25,114.52,107.71,1,-1,-1,-1
135,8,1456.92,325.94,253.49,176.36,1,-1,-1,-1
135,18,1196.04,182.64,168.24,117.60,1,-1,-1,-1
135,22,1614.89,117.87,144.77,97.00,1,-1,-1,-1
135,23,842.07,162.19,112.69,73.07,1,-1,-1,-1
136,2,1564.28,244.38,138.53,113.13,1,-1,-1,-1
136,4,1746.99,113.32,98.48,49.50,1,-1,-1,-1
136,5,1691.05,239.16,114.55,107.86,1,-1,-1,-1
136,8,1456.10,325.58,254.26,176.98,1,-1,-1,-1
136,18,1200.37,183.61,164.73,117.17,1,-1,-1,-1
136,22,1588.14,123.43,137.99,90.43,1,-1,-1,-1
136,23,821.37,162.54,107.12,69.06,1,-1,-1,-1
137,2,1563.63,245.25,138.39,112.50,1,-1,-1,-1
137,4,1746.57,113.59,97.83,49.46,1,-1,-1,-1
137,5,1691.05,239.17,114.50,107.91,1,-1,-1,-1
137,8,1455.87,325.74,254.76,177.34,1,-1,-1,-1
137,18,1202.40,184.09,163.98,118.54,1,-1,-1,-1
137,22,1531.04,125.88,140.69,89.48,1,-1,-1,-1
137,23,805.09,159.20,108.10,69.93,1,-1,-1,-1
138,2,1563.03,244.53,139.56,113.09,1,-1,-1,-1
138,4,1745.74,114.29,95.27,47.88,1,-1,-1,-1
138,5,1691.20,239.23,114.34,107.87,1,-1,-1,-1
138,8,1454.88,325.45,255.86,178.17,1,-1,-1,-1
138,18,1202.99,184.42,162.30,119.26,1,-1,-1,-1
138,22,1492.09,124.62,144.70,87.84,1,-1,-1,-1
138,23,791.74,158.55,104.16,68.06,1,-1,-1,-1
139,2,1562.88,245.27,139.19,112.41,1,-1,-1,-1
139,4,1745.48,114.67,94.40,47.19,1,-1,-1,-1
139,5,1691.25,239.21,114.35,108.00,1,-1,-1,-1
139,8,1455.72,326.65,254.86,177.32,1,-1,-1,-1
139,18,1206.32,188.29,157.33,117.46,1,-1,-1,-1
139,22,1460.99,123.73,156.81,89.39,1,-1,-1,-1
139,23,780.39,154.28,105.99,71.05,1,-1,-1,-1
140,2,1563.54,245.22,138.05,111.22,1,-1,-1,-1
140,4,1745.31,114.76,94.35,46.96,1,-1,-1,-1
140,5,1691.38,239.27,114.19,107.95,1,-1,-1,-1
140,8,1455.74,325.66,255.19,177.53,1,-1,-1,-1
140,18,1208.86,191.20,151.52,114.39,1,-1,-1,-1
140,22,1397.72,124.48,151.93,85.41,1,-1,-1,-1
140,23,772.44,155.17,97.70,68.17,1,-1,-1,-1
141,2,1562.99,246.19,138.03,110.60,1,-1,-1,-1
141,4,1745.01,114.73,94.65,46.95,1,-1,-1,-1
141,5,1691.47,239.31,114.06,107.91,1,-1,-1,-1
141,8,1455.79,325.14,255.77,178.08,1,-1,-1,-1
141,18,1206.48,191.70,152.79,116.99,1,-1,-1,-1
141,22,1346.79,124.03,156.42,86.84,1,-1,-1,-1
141,23,758.07,155.25,94.47,65.91,1,-1,-1,-1
142,2,1563.84,244.47,139.74,112.28,1,-1,-1,-1
142,4,1744.91,114.82,94.79,46.87,1,-1,-1,-1
142,5,1691.59,239.34,113.79,107.76,1,-1,-1,-1
142,8,1455.82,325.18,255.76,178.13,1,-1,-1,-1
142,18,1203.15,194.04,153.57,118.94,1,-1,-1,-1
142,22,1321.61,124.96,157.40,84.99,1,-1,-1,-1
143,2,1564.69,244.31,139.60,112.29,1,-1,-1,-1
143,4,1744.90,114.84,95.00,46.86,1,-1,-1,-1
143,5,1691.64,239.33,113.72,107.79,1,-1,-1,-1
143,8,1455.81,325.22,254.96,177.57,1,-1,-1,-1
143,18,1199.06,195.59,154.69,120.90,1,-1,-1,-1
143,22,1288.51,123.97,160.99,83.75,1,-1,-1,-1
144,2,1564.76,243.52,139.84,112.85,1,-1,-1,-1
144,4,1744.92,114.83,95.28,46.93,1,-1,-1,-1
144,5,1691.73,239.34,113.51,107.68,1,-1,-1,-1
144,8,1456.24,325.43,254.19,177.05,1,-1,-1,-1
144,18,1195.70,194.91,157.34,124.16,1,-1,-1,-1
144,22,1266.76,125.28,163.96,81.21,1,-1,-1,-1
145,2,1565.42,243.47,138.85,112.57,1,-1,-1,-1
145,4,1744.81,114.77,95.57,47.02,1,-1,-1,-1
145,5,1691.79,239.39,113.34,107.61,1,-1,-1,-1
145,8,1455.60,325.49,253.98,176.97,1,-1,-1,-1
145,18,1188.77,194.69,155.12,122.62,1,-1,-1,-1
145,22,1228.47,124.50,172.30,82.98,1,-1,-1,-1
146,2,1566.35,243.86,137.50,111.95,1,-1,-1,-1
146,4,1744.48,114.66,95.71,47.00,1,-1,-1,-1
146,5,1691.72,239.30,113.45,107.84,1,-1,-1,-1
146,8,1455.56,325.65,253.81,176.94,1,-1,-1,-1
146,18,1176.69,194.45,161.58,128.19,1,-1,-1,-1
146,22,1192.26,127.93,174.29,81.53,1,-1,-1,-1
147,2,1567.61,244.06,136.73,111.83,1,-1,-1,-1
147,4,1744.29,114.69,95.87,47.01,1,-1,-1,-1
147,5,1691.71,239.25,113.45,107.97,1,-1,-1,-1
147,8,1456.20,326.12,253.05,176.39,1,-1,-1,-1
147,18,1166.63,196.00,163.76,130.25,1,-1,-1,-1
147,22,1150.51,129.31,173.49,79.40,1,-1,-1,-1
148,2,1568.28,244.34,136.05,111.63,1,-1,-1,-1
148,4,1744.21,114.74,95.93,46.97,1,-1,-1,-1
148,5,1691.70,239.24,113.41,108.05,1,-1,-1,-1
148,8,1456.46,326.18,252.84,176.29,1,-1,-1,-1
148,18,1159.49,195.94,166.34,132.72,1,-1,-1,-1
148,22,1104.98,129.41,180.21,81.58,1,-1,-1,-1
149,2,1568.88,244.02,135.40,111.45,1,-1,-1,-1
149,4,1744.16,114.75,96.02,46.95,1,-1,-1,-1
149,5,1691.73,239.21,113.34,108.10,1,-1,-1,-1
149,8,1456.68,326.03,253.37,176.72,1,-1,-1,-1
149,18,1148.96,194.97,169.46,136.15,1,-1,-1,-1
149,22,1072.70,129.88,181.54,81.73,1,-1,-1,-1
150,2,1569.57,243.90,134.17,110.85,1,-1,-1,-1
150,4,1744.20,114.74,96.04,46.90,1,-1,-1,-1
150,5,1691.76,239.19,113.32,108.18,1,-1,-1,-1
150,8,1456.07,325.95,253.71,177.04,1,-1,-1,-1
150,18,1140.09,195.24,170.69,136.30,1,-1,-1,-1
150,22,1036.60,130.85,191.62,86.37,1,-1,-1,-1
151,2,1569.22,243.97,133.06,110.19,1,-1,-1,-1
151,4,1744.13,114.72,96.10,46.87,1,-1,-1,-1
151,5,1691.80,239.19,113.27,108.22,1,-1,-1,-1
151,8,1455.54,325.90,253.41,176.76,1,-1,-1,-1
151,18,1125.55,195.09,172.26,137.68,1,-1,-1,-1
151,22,1010.58,131.66,191.83,86.03,1,-1,-1,-1
152,2,1567.90,244.85,132.54,109.72,1,-1,-1,-1
152,4,1743.39,114.27,96.89,47.23,1,-1,-1,-1
152,5,1692.29,239.03,113.10,108.04,1,-1,-1,-1
152,8,1455.49,326.07,253.51,176.75,1,-1,-1,-1
152,18,1105.91,194.78,175.87,142.19,1,-1,-1,-1
152,22,978.61,132.69,194.43,86.71,1,-1,-1,-1
153,2,1567.86,245.52,131.99,109.13,1,-1,-1,-1
153,4,1743.10,114.10,97.23,47.37,1,-1,-1,-1
153,5,1692.55,239.08,112.94,107.88,1,-1,-1,-1
153,8,1455.76,326.24,253.54,176.67,1,-1,-1,-1
153,18,1095.93,197.71,177.59,144.14,1,-1,-1,-1
153,22,956.94,134.41,189.76,83.29,1,-1,-1,-1
154,2,1567.11,246.17,131.83,108.71,1,-1,-1,-1
154,4,1742.93,114.04,97.37,47.41,1,-1,-1,-1
154,5,1692.60,238.99,112.97,107.89,1,-1,-1,-1
154,8,1456.10,326.48,253.22,176.37,1,-1,-1,-1
154,18,1088.74,198.57,177.85,144.26,1,-1,-1,-1
154,22,935.67,136.87,185.41,80.98,1,-1,-1,-1
155,2,1566.43,246.60,131.85,108.51,1,-1,-1,-1
155,4,1742.84,114.03,97.46,47.42,1,-1,-1,-1
155,5,1692.59,238.87,113.05,107.96,1,-1,-1,-1
155,8,1456.68,326.52,253.05,176.21,1,-1,-1,-1
155,18,1077.14,199.59,180.02,146.51,1,-1,-1,-1
155,22,907.62,133.86,193.24,84.45,1,-1,-1,-1
156,2,1565.72,246.87,132.20,108.64,1,-1,-1,-1
156,4,1742.81,114.04,97.52,47.43,1,-1,-1,-1
156,5,1692.63,238.85,112.97,107.87,1,-1,-1,-1
156,8,1456.98,326.44,253.25,176.33,1,-1,-1,-1
156,18,1068.64,204.54,176.76,142.62,1,-1,-1,-1
156,22,871.74,130.43,200.22,88.05,1,-1,-1,-1
157,2,1565.01,247.22,132.38,108.69,1,-1,-1,-1
157,4,1742.66,113.97,97.82,47.57,1,-1,-1,-1
157,5,1692.66,238.82,112.88,107.70,1,-1,-1,-1
157,8,1457.17,326.69,253.09,176.12,1,-1,-1,-1
157,18,1050.30,205.71,181.34,146.29,1,-1,-1,-1
157,22,845.16,130.26,196.22,86.51,1,-1,-1,-1
158,2,1564.30,247.71,132.39,108.57,1,-1,-1,-1
158,4,1742.58,113.98,97.88,47.59,1,-1,-1,-1
158,5,1692.57,238.80,113.02,107.79,1,-1,-1,-1
158,8,1456.91,326.70,253.08,176.02,1,-1,-1,-1
158,18,1037.08,207.60,182.13,147.18,1,-1,-1,-1
158,22,823.29,129.17,193.25,85.25,1,-1,-1,-1
159,2,1563.39,248.13,132.41,108.46,1,-1,-1,-1
159,4,1742.53,113.98,97.78,47.51,1,-1,-1,-1
159,5,1692.54,238.87,113.09,107.81,1,-1,-1,-1
159,8,1456.75,326.58,253.21,176.03,1,-1,-1,-1
159,18,1023.94,210.51,182.38,146.89,1,-1,-1,-1
159,22,782.67,132.63,180.56,82.10,1,-1,-1,-1
160,2,1562.15,248.00,132.47,107.55,1,-1,-1,-1
160,4,1742.52,113.97,97.78,47.50,1,-1,-1,-1
160,5,1692.48,238.80,113.15,107.83,1,-1,-1,-1
160,8,1457.68,326.69,253.09,175.90,1,-1,-1,-1
160,18,1009.68,213.82,184.40,147.80,1,-1,-1,-1
160,22,770.41,135.99,166.60,78.08,1,-1,-1,-1
161,2,1563.02,248.09,133.44,108.44,1,-1,-1,-1
161,4,1742.52,113.97,97.79,47.48,1,-1,-1,-1
161,5,1692.44,238.75,113.29,107.95,1,-1,-1,-1
161,8,1457.91,326.41,253.85,176.47,1,-1,-1,-1
161,18,992.60,213.70,189.88,151.39,1,-1,-1,-1
161,22,763.29,138.14,156.68,75.62,1,-1,-1,-1
162,2,1563.77,248.37,133.25,108.21,1,-1,-1,-1
162,4,1742.48,113.99,97.78,47.45,1,-1,-1,-1
162,5,1692.42,238.76,113.32,107.96,1,-1,-1,-1
162,8,1458.34,326.37,254.13,176.71,1,-1,-1,-1
162,18,974.70,214.40,193.08,154.19,1,-1,-1,-1
162,22,768.02,141.62,140.73,69.83,1,-1,-1,-1
163,2,1564.19,248.63,133.17,108.03,1,-1,-1,-1
163,4,1742.44,114.05,97.91,47.50,1,-1,-1,-1
163,5,1692.28,238.61,113.59,108.23,1,-1,-1,-1
163,8,1458.41,326.27,254.19,176.84,1,-1,-1,-1
163,18,959.05,215.54,196.65,156.18,1,-1,-1,-1
163,22,783.51,154.61,102.91,51.88,1,-1,-1,-1
164,2,1564.18,248.69,133.57,108.25,1,-1,-1,-1
164,4,1742.51,114.07,97.86,47.45,1,-1,-1,-1
164,5,1692.24,238.48,113.83,108.46,1,-1,-1,-1
164,8,1458.03,326.36,253.74,176.51,1,-1,-1,-1
164,18,944.41,215.60,205.30,162.16,1,-1,-1,-1
164,22,782.85,157.04,86.74,45.32,1,-1,-1,-1
165,2,1564.40,248.79,133.40,108.01,1,-1,-1,-1
165,4,1742.54,114.05,97.92,47.48,1,-1,-1,-1
165,5,1692.17,238.38,113.92,108.56,1,-1,-1,-1
165,8,1457.53,326.50,253.77,176.46,1,-1,-1,-1
165,18,930.24,216.86,210.91,166.01,1,-1,-1,-1
165,22,767.26,159.73,78.68,41.11,1,-1,-1,-1
166,2,1564.63,248.73,133.45,107.96,1,-1,-1,-1
166,4,1742.55,114.03,97.97,47.51,1,-1,-1,-1
166,5,1692.31,238.32,114.00,108.60,1,-1,-1,-1
166,8,1456.59,326.42,254.05,176.53,1,-1,-1,-1
166,18,913.58,216.60,216.43,170.00,1,-1,-1,-1
167,2,1564.51,248.67,133.70,108.11,1,-1,-1,-1
167,4,1742.62,114.04,97.98,47.52,1,-1,-1,-1
167,5,1692.15,238.41,113.99,108.62,1,-1,-1,-1
167,8,1456.46,326.43,253.99,176.32,1,-1,-1,-1
167,18,898.62,217.85,219.32,171.96,1,-1,-1,-1
168,2,1564.36,248.64,133.85,108.17,1,-1,-1,-1
168,4,1742.73,114.06,97.92,47.50,1,-1,-1,-1
168,5,1692.24,238.37,114.04,108.65,1,-1,-1,-1
168,8,1456.34,326.26,254.23,176.33,1,-1,-1,-1
168,18,884.62,220.92,221.65,175.32,1,-1,-1,-1
168,29,1129.79,281.42,50.60,34.93,1,-1,-1,-1
169,2,1563.52,248.99,134.59,108.61,1,-1,-1,-1
169,4,1742.57,114.06,97.28,47.15,1,-1,-1,-1
169,5,1692.07,238.12,114.45,109.03,1,-1,-1,-1
169,8,1456.39,325.90,255.06,176.87,1,-1,-1,-1
169,18,877.09,221.02,229.50,181.72,1,-1,-1,-1
169,29,1129.39,282.27,48.70,33.62,1,-1,-1,-1
170,2,1563.47,248.02,135.06,108.79,1,-1,-1,-1
170,4,1744.98,113.79,98.07,47.66,1,-1,-1,-1
170,5,1692.23,238.02,114.51,109.03,1,-1,-1,-1
170,8,1455.76,325.49,251.12,174.30,1,-1,-1,-1
170,18,864.88,222.72,225.95,179.32,1,-1,-1,-1
171,2,1562.06,247.69,135.99,108.52,1,-1,-1,-1
171,4,1751.97,112.71,90.04,43.60,1,-1,-1,-1
171,5,1692.37,238.35,114.18,108.65,1,-1,-1,-1
171,8,1456.17,325.26,249.69,173.43,1,-1,-1,-1
171,18,855.07,224.18,229.60,182.15,1,-1,-1,-1
172,2,1561.77,247.16,136.40,107.95,1,-1,-1,-1
172,4,1753.83,112.42,84.93,40.85,1,-1,-1,-1
172,5,1692.55,239.31,113.43,107.63,1,-1,-1,-1
172,8,1456.64,324.81,249.51,173.55,1,-1,-1,-1
172,18,843.31,225.89,234.38,186.69,1,-1,-1,-1
172,30,1693.42,155.08,129.30,59.10,1,-1,-1,-1
173,2,1563.10,247.28,139.07,110.39,1,-1,-1,-1
173,4,1754.65,114.34,93.33,45.98,1,-1,-1,-1
173,5,1692.11,239.27,113.78,107.81,1,-1,-1,-1
173,8,1456.96,324.78,249.46,173.78,1,-1,-1,-1
173,18,833.67,227.52,236.04,189.64,1,-1,-1,-1
173,30,1651.38,151.96,134.89,61.57,1,-1,-1,-1
174,2,1561.05,245.99,139.41,110.04,1,-1,-1,-1
174,4,1748.69,114.31,96.03,47.54,1,-1,-1,-1
174,5,1692.14,239.48,113.78,107.68,1,-1,-1,-1
174,8,1456.38,324.34,249.85,174.33,1,-1,-1,-1
174,18,823.08,229.15,237.90,193.38,1,-1,-1,-1
174,30,1600.15,143.33,153.04,70.38,1,-1,-1,-1
175,2,1560.39,245.88,139.79,109.71,1,-1,-1,-1
175,4,1746.38,114.25,95.98,47.52,1,-1,-1,-1
175,5,1692.25,239.79,113.62,107.37,1,-1,-1,-1
175,8,1456.25,324.28,249.74,174.48,1,-1,-1,-1
175,18,811.97,230.40,240.78,196.74,1,-1,-1,-1
175,30,1555.38,144.28,146.39,67.98,1,-1,-1,-1
176,2,1561.45,244.43,143.55,113.34,1,-1,-1,-1
176,4,1745.70,114.27,95.68,47.34,1,-1,-1,-1
176,5,1692.29,239.92,113.48,107.07,1,-1,-1,-1
176,8,1456.35,325.56,248.99,174.14,1,-1,-1,-1
176,18,807.00,231.75,245.07,201.39,1,-1,-1,-1
176,30,1494.25,148.65,141.52,64.50,1,-1,-1,-1
177,2,1563.45,245.17,141.08,111.83,1,-1,-1,-1
177,4,1745.32,114.20,95.91,47.45,1,-1,-1,-1
177,5,1692.24,240.02,113.47,106.89,1,-1,-1,-1
177,8,1457.64,325.18,252.63,176.62,1,-1,-1,-1
177,18,802.61,236.27,246.67,203.61,1,-1,-1,-1
177,30,1426.48,148.09,138.40,63.15,1,-1,-1,-1
178,2,1564.50,244.86,139.21,111.03,1,-1,-1,-1
178,4,1745.21,114.16,95.99,47.48,1,-1,-1,-1
178,5,1692.14,240.05,113.62,106.90,1,-1,-1,-1
178,8,1457.97,324.89,254.48,177.84,1,-1,-1,-1
178,18,795.81,237.26,250.20,207.35,1,-1,-1,-1
178,30,1379.50,145.73,149.57,66.50,1,-1,-1,-1
179,2,1564.33,244.64,138.16,110.58,1,-1,-1,-1
179,4,1745.04,114.16,96.06,47.50,1,-1,-1,-1
179,5,1692.08,240.06,113.65,106.80,1,-1,-1,-1
179,8,1458.62,325.07,254.21,177.53,1,-1,-1,-1
179,18,790.93,242.59,252.78,210.21,1,-1,-1,-1
179,30,1333.10,146.76,151.29,66.26,1,-1,-1,-1
180,2,1564.29,245.13,137.11,110.08,1,-1,-1,-1
180,4,1745.01,114.15,95.85,47.38,1,-1,-1,-1
180,5,1691.99,240.08,113.76,106.80,1,-1,-1,-1
180,8,1457.83,325.19,253.80,177.19,1,-1,-1,-1
180,18,782.31,248.01,256.48,214.32,1,-1,-1,-1
180,30,1291.79,147.47,153.82,65.71,1,-1,-1,-1
181,2,1565.28,246.14,135.52,109.14,1,-1,-1,-1
181,4,1745.16,114.07,96.07,47.52,1,-1,-1,-1
181,5,1692.05,240.25,113.67,106.56,1,-1,-1,-1
181,8,1457.09,325.15,253.98,177.32,1,-1,-1,-1
181,18,778.38,253.94,257.73,216.41,1,-1,-1,-1
181,30,1247.13,148.27,155.49,65.21,1,-1,-1,-1
182,2,1566.60,247.27,134.90,108.83,1,-1,-1,-1
182,4,1745.21,114.19,96.51,47.78,1,-1,-1,-1
182,5,1692.49,240.23,112.96,105.74,1,-1,-1,-1
182,8,1456.73,325.50,253.47,176.79,1,-1,-1,-1
182,18,772.03,258.16,260.14,220.46,1,-1,-1,-1
182,30,1204.48,147.95,157.52,65.20,1,-1,-1,-1
183,2,1566.82,248.25,134.62,108.66,1,-1,-1,-1
183,4,1745.27,114.22,96.60,47.84,1,-1,-1,-1
183,5,1692.55,240.14,112.82,105.48,1,-1,-1,-1
183,8,1457.44,325.27,254.80,177.80,1,-1,-1,-1
183,18,764.00,261.72,265.61,228.21,1,-1,-1,-1
183,30,1160.28,149.60,158.94,64.80,1,-1,-1,-1
184,2,1567.20,249.10,134.17,108.25,1,-1,-1,-1
184,4,1745.27,114.25,96.64,47.87,1,-1,-1,-1
184,5,1692.59,240.10,112.85,105.37,1,-1,-1,-1
184,8,1458.87,326.03,252.87,176.54,1,-1,-1,-1
184,18,760.97,265.20,269.22,233.97,1,-1,-1,-1
184,30,1119.78,150.85,159.60,64.48,1,-1,-1,-1
184,31,1719.17,420.98,142.15,343.68,1,-1,-1,-1
185,2,1568.38,248.89,133.97,107.92,1,-1,-1,-1
185,4,1745.04,114.30,96.43,47.71,1,-1,-1,-1
185,5,1692.58,240.09,112.96,105.37,1,-1,-1,-1
185,8,1459.96,326.77,251.61,175.94,1,-1,-1,-1
185,18,759.67,268.59,273.62,239.97,1,-1,-1,-1
185,30,1081.24,153.05,161.49,64.42,1,-1,-1,-1
185,31,1698.40,418.46,144.41,336.19,1,-1,-1,-1
186,2,1569.69,249.58,132.43,106.30,1,-1,-1,-1
186,4,1744.93,114.37,96.36,47.62,1,-1,-1,-1
186,5,1692.44,240.04,113.15,105.46,1,-1,-1,-1
186,8,1460.09,327.82,253.47,177.06,1,-1,-1,-1
186,18,756.28,269.98,274.23,242.25,1,-1,-1,-1
186,30,1041.03,155.63,157.81,62.39,1,-1,-1,-1
186,31,1682.25,422.31,140.72,305.32,1,-1,-1,-1
187,2,1570.04,249.12,133.20,106.59,1,-1,-1,-1
187,4,1744.87,114.43,96.37,47.58,1,-1,-1,-1
187,5,1692.33,239.98,113.28,105.53,1,-1,-1,-1
187,8,1460.73,328.90,254.30,176.71,1,-1,-1,-1
187,18,759.06,275.82,280.56,249.55,1,-1,-1,-1
187,30,1003.89,157.88,155.27,61.01,1,-1,-1,-1
187,31,1661.82,419.65,145.33,288.66,1,-1,-1,-1
188,2,1569.13,246.84,134.70,107.58,1,-1,-1,-1
188,4,1744.84,114.37,96.50,47.62,1,-1,-1,-1
188,5,1692.34,240.07,113.11,105.32,1,-1,-1,-1
188,8,1456.94,328.66,252.31,174.96,1,-1,-1,-1
188,18,758.69,278.89,277.73,248.85,1,-1,-1,-1
188,30,967.18,159.19,153.98,59.97,1,-1,-1,-1
188,31,1649.84,419.63,136.99,272.11,1,-1,-1,-1
189,2,1566.59,243.45,136.19,108.81,1,-1,-1,-1
189,4,1744.83,114.33,96.66,47.71,1,-1,-1,-1
189,5,1692.38,240.15,113.05,105.20,1,-1,-1,-1
189,8,1441.81,330.08,245.79,170.80,1,-1,-1,-1
189,18,766.19,285.58,281.26,253.08,1,-1,-1,-1
189,30,937.82,159.93,147.97,57.35,1,-1,-1,-1
190,2,1565.43,241.31,136.88,109.40,1,-1,-1,-1
190,4,1744.84,114.33,96.61,47.68,1,-1,-1,-1
190,5,1692.36,240.16,113.10,105.18,1,-1,-1,-1
190,8,1459.25,322.01,230.76,159.66,1,-1,-1,-1
190,18,765.39,290.81,289.19,261.72,1,-1,-1,-1
190,30,915.60,160.10,141.88,55.88,1,-1,-1,-1
191,2,1565.43,239.92,137.03,109.52,1,-1,-1,-1
191,4,1744.85,114.35,96.68,47.72,1,-1,-1,-1
191,5,1692.43,240.20,112.98,104.98,1,-1,-1,-1
191,8,1491.14,325.17,187.71,122.62,1,-1,-1,-1
191,18,768.36,292.29,284.46,256.80,1,-1,-1,-1
191,30,911.79,164.86,119.51,48.55,1,-1,-1,-1
191,32,1436.55,370.97,393.15,282.83,1,-1,-1,-1
192,2,1565.48,238.11,137.93,110.55,1,-1,-1,-1
192,4,1744.86,114.28,96.49,47.64,1,-1,-1,-1
192,5,1692.13,240.36,113.69,105.60,1,-1,-1,-1
192,8,1517.27,320.22,152.94,92.50,1,-1,-1,-1
192,18,766.91,291.41,292.43,264.26,1,-1,-1,-1
192,30,897.47,170.84,100.16,42.10,1,-1,-1,-1
192,32,1404.01,356.80,393.07,283.54,1,-1,-1,-1
193,2,1564.93,238.35,139.03,111.85,1,-1,-1,-1
193,4,1744.66,114.19,96.35,47.55,1,-1,-1,-1
193,5,1691.74,240.30,114.26,106.13,1,-1,-1,-1
193,8,1518.08,319.85,141.21,79.72,1,-1,-1,-1
193,18,770.32,294.09,300.95,272.08,1,-1,-1,-1
193,30,866.55,172.75,94.76,39.83,1,-1,-1,-1
193,32,1373.24,353.98,382.24,276.23,1,-1,-1,-1
193,34,790.07,163.64,169.52,55.70,1,-1,-1,-1
194,2,1561.90,236.81,137.62,110.54,1,-1,-1,-1
194,4,1744.56,114.16,96.31,47.52,1,-1,-1,-1
194,5,1691.51,240.24,114.62,106.48,1,-1,-1,-1
194,8,1527.75,319.09,122.68,69.26,1,-1,-1,-1
194,18,777.59,297.74,310.30,281.79,1,-1,-1,-1
194,32,1346.28,349.17,370.13,267.70,1,-1,-1,-1
194,34,778.98,161.10,161.45,53.68,1,-1,-1,-1
195,2,1560.99,238.98,136.31,109.38,1,-1,-1,-1
195,4,1744.52,114.15,96.30,47.51,1,-1,-1,-1
195,5,1691.43,240.17,114.79,106.65,1,-1,-1,-1
195,18,779.63,306.62,314.77,285.46,1,-1,-1,-1
195,32,1318.67,346.12,358.53,259.85,1,-1,-1,-1
195,34,774.59,162.91,147.75,50.08,1,-1,-1,-1
196,2,1561.59,241.58,136.64,109.55,1,-1,-1,-1
196,4,1744.49,114.15,96.29,47.48,1,-1,-1,-1
196,5,1691.27,240.11,114.89,106.74,1,-1,-1,-1
196,18,787.13,312.26,322.32,292.43,1,-1,-1,-1
196,32,1299.99,344.55,343.59,248.84,1,-1,-1,-1
196,34,760.67,163.55,143.32,50.07,1,-1,-1,-1
197,2,1566.57,252.10,133.59,106.18,1,-1,-1,-1
197,4,1744.51,114.18,96.32,47.47,1,-1,-1,-1
197,5,1691.26,240.11,114.89,106.75,1,-1,-1,-1
197,18,793.76,314.46,333.23,302.12,1,-1,-1,-1
197,32,1281.07,337.11,342.03,249.03,1,-1,-1,-1
197,34,758.82,170.98,114.13,41.33,1,-1,-1,-1
197,36,1541.24,332.21,160.97,173.90,1,-1,-1,-1
198,2,1568.29,250.22,133.70,106.32,1,-1,-1,-1
198,4,1744.52,114.20,96.35,47.48,1,-1,-1,-1
198,5,1691.14,240.08,115.12,107.00,1,-1,-1,-1
198,18,809.06,323.42,337.07,304.60,1,-1,-1,-1
198,32,1252.51,337.34,332.25,241.95,1,-1,-1,-1
198,34,746.72,171.33,111.31,40.31,1,-1,-1,-1
198,36,1525.69,333.28,158.19,168.72,1,-1,-1,-1
199,2,1567.87,248.31,135.05,107.73,1,-1,-1,-1
199,4,1744.52,114.19,96.35,47.46,1,-1,-1,-1
199,5,1690.89,239.93,115.44,107.36,1,-1,-1,-1
199,18,814.23,325.07,350.68,317.17,1,-1,-1,-1
199,32,1235.71,335.88,317.25,231.20,1,-1,-1,-1
199,36,1515.01,333.21,158.62,166.28,1,-1,-1,-1
200,2,1566.90,247.30,135.23,108.30,1,-1,-1,-1
200,4,1744.53,114.19,96.35,47.45,1,-1,-1,-1
200,5,1690.81,239.84,115.53,107.51,1,-1,-1,-1
200,18,819.87,331.35,358.58,321.43,1,-1,-1,-1
200,32,1216.69,329.63,312.71,228.55,1,-1,-1,-1
200,36,1509.41,333.65,162.45,167.81,1,-1,-1,-1
201,2,1566.41,246.55,134.99,108.64,1,-1,-1,-1
201,4,1744.40,114.20,96.53,47.52,1,-1,-1,-1
201,5,1690.90,239.86,115.39,107.43,1,-1,-1,-1
201,18,828.31,334.28,368.64,327.08,1,-1,-1,-1
201,32,1191.83,321.41,309.59,226.93,1,-1,-1,-1
201,36,1500.41,331.13,169.82,171.73,1,-1,-1,-1
202,2,1565.20,248.14,134.77,107.66,1,-1,-1,-1
202,4,1743.63,114.29,96.98,47.71,1,-1,-1,-1
202,5,1691.69,240.40,114.23,106.14,1,-1,-1,-1
202,18,842.14,342.54,378.87,333.07,1,-1,-1,-1
202,32,1177.27,316.41,301.29,222.18,1,-1,-1,-1
202,36,1490.58,325.62,180.46,177.89,1,-1,-1,-1
203,2,1563.86,248.27,135.00,107.12,1,-1,-1,-1
203,4,1743.28,114.30,97.20,47.81,1,-1,-1,-1
203,5,1691.91,240.55,113.95,105.72,1,-1,-1,-1
203,18,855.09,346.92,394.58,341.60,1,-1,-1,-1
203,32,1171.64,313.11,288.51,215.15,1,-1,-1,-1
203,36,1484.18,323.72,188.20,180.84,1,-1,-1,-1
204,2,1562.38,247.72,135.32,106.78,1,-1,-1,-1
204,4,1743.15,114.30,97.31,47.85,1,-1,-1,-1
204,5,1691.91,240.59,114.03,105.65,1,-1,-1,-1
204,18,859.07,347.23,421.90,361.60,1,-1,-1,-1
204,32,1170.34,320.06,260.50,195.47,1,-1,-1,-1
204,36,1481.20,322.70,194.76,182.46,1,-1,-1,-1
205,2,1561.82,247.96,135.15,105.98,1,-1,-1,-1
205,4,1743.05,114.23,97.21,47.78,1,-1,-1,-1
205,5,1692.02,240.60,113.81,105.28,1,-1,-1,-1
205,18,880.46,345.59,444.77,377.43,1,-1,-1,-1
205,32,1151.65,311.40,255.93,192.85,1,-1,-1,-1
205,36,1478.49,321.89,200.61,183.90,1,-1,-1,-1
206,2,1563.26,248.09,136.09,106.93,1,-1,-1,-1
206,4,1743.02,114.19,97.17,47.75,1,-1,-1,-1
206,5,1691.96,240.55,113.89,105.20,1,-1,-1,-1
206,18,892.57,337.92,480.78,408.31,1,-1,-1,-1
206,32,1133.68,307.52,247.11,186.21,1,-1,-1,-1
206,36,1478.76,322.46,203.57,182.49,1,-1,-1,-1
207,2,1564.14,248.18,136.32,107.22,1,-1,-1,-1
207,4,1743.07,114.19,97.26,47.80,1,-1,-1,-1
207,5,1691.79,240.46,114.16,105.34,1,-1,-1,-1
207,18,915.91,340.57,494.51,418.86,1,-1,-1,-1
207,36,1480.23,323.52,205.99,181.07,1,-1,-1,-1
207,37,804.30,188.03,100.47,58.10,1,-1,-1,-1
208,2,1564.70,248.76,135.72,106.77,1,-1,-1,-1
208,4,1743.12,114.19,97.27,47.82,1,-1,-1,-1
208,5,1691.69,240.48,114.31,105.35,1,-1,-1,-1
208,18,940.98,338.27,518.78,439.80,1,-1,-1,-1
208,36,1481.13,324.20,209.12,181.01,1,-1,-1,-1
208,37,820.49,189.25,107.42,62.23,1,-1,-1,-1
209,2,1565.04,248.15,136.40,107.41,1,-1,-1,-1
209,4,1743.11,114.19,97.25,47.82,1,-1,-1,-1
209,5,1691.57,240.44,114.57,105.48,1,-1,-1,-1
209,18,970.46,343.38,539.54,456.63,1,-1,-1,-1
209,36,1481.72,324.50,212.63,181.39,1,-1,-1,-1
209,37,842.62,191.21,113.53,64.93,1,-1,-1,-1
209,38,1113.27,295.65,207.54,92.82,1,-1,-1,-1
210,2,1565.14,248.09,136.61,107.63,1,-1,-1,-1
210,4,1743.12,114.19,97.26,47.83,1,-1,-1,-1
210,5,1691.38,240.36,114.95,105.78,1,-1,-1,-1
210,18,1005.54,349.90,561.31,471.87,1,-1,-1,-1
210,36,1480.45,326.35,216.41,181.77,1,-1,-1,-1
210,37,853.66,187.26,130.06,73.37,1,-1,-1,-1
210,38,1092.53,292.08,239.15,107.65,1,-1,-1,-1
211,2,1564.74,248.40,136.50,107.58,1,-1,-1,-1
211,4,1743.17,114.17,97.15,47.80,1,-1,-1,-1
211,5,1691.27,240.32,115.11,105.87,1,-1,-1,-1
211,18,1037.39,367.18,575.77,481.58,1,-1,-1,-1
211,36,1479.71,327.31,218.57,181.26,1,-1,-1,-1
211,37,869.46,186.91,134.95,75.10,1,-1,-1,-1
211,38,1032.57,279.98,336.38,154.38,1,-1,-1,-1
212,2,1564.85,247.12,137.44,108.57,1,-1,-1,-1
212,4,1742.94,114.20,97.92,48.22,1,-1,-1,-1
212,5,1691.49,240.67,115.04,105.69,1,-1,-1,-1
212,18,1059.95,392.15,591.36,488.97,1,-1,-1,-1
212,32,1067.28,274.51,245.95,188.43,1,-1,-1,-1
212,36,1477.95,327.84,218.91,179.02,1,-1,-1,-1
212,37,892.09,187.91,146.11,82.07,1,-1,-1,-1
212,38,1007.73,275.26,373.09,171.23,1,-1,-1,-1
213,2,1564.38,247.25,136.75,108.15,1,-1,-1,-1
213,4,1742.87,114.19,98.19,48.40,1,-1,-1,-1
213,5,1691.53,240.79,115.12,105.67,1,-1,-1,-1
213,18,1084.59,409.74,618.66,506.60,1,-1,-1,-1
213,32,1068.08,272.79,234.52,182.66,1,-1,-1,-1
213,36,1476.84,326.69,224.34,181.48,1,-1,-1,-1
213,37,916.65,189.48,152.95,87.04,1,-1,-1,-1
214,2,1563.79,245.89,137.97,109.68,1,-1,-1,-1
214,4,1742.89,114.19,98.24,48.46,1,-1,-1,-1
214,5,1691.52,240.82,115.20,105.66,1,-1,-1,-1
214,18,1129.54,421.29,642.66,521.54,1,-1,-1,-1
214,32,1070.70,269.43,226.68,179.78,1,-1,-1,-1
214,36,1478.46,320.31,214.68,170.60,1,-1,-1,-1
214,37,930.90,189.42,155.17,88.32,1,-1,-1,-1
215,2,1563.85,246.30,138.44,109.97,1,-1,-1,-1
215,4,1742.88,114.19,98.18,48.47,1,-1,-1,-1
215,5,1691.59,240.89,115.08,105.46,1,-1,-1,-1
215,18,1179.75,428.14,683.95,552.32,1,-1,-1,-1
215,32,1078.07,267.13,214.41,172.75,1,-1,-1,-1
215,36,1491.43,323.67,187.92,142.71,1,-1,-1,-1
215,37,942.84,191.33,154.82,87.63,1,-1,-1,-1
216,2,1563.26,247.08,138.65,110.01,1,-1,-1,-1
216,4,1742.90,114.22,98.06,48.40,1,-1,-1,-1
216,5,1694.90,242.93,112.05,102.29,1,-1,-1,-1
216,18,1202.02,435.23,700.87,565.98,1,-1,-1,-1
216,32,1086.92,268.47,201.00,164.01,1,-1,-1,-1
216,36,1494.82,324.44,181.85,132.91,1,-1,-1,-1
216,37,966.36,192.33,155.32,87.91,1,-1,-1,-1
217,2,1564.65,245.33,137.33,109.22,1,-1,-1,-1
217,4,1743.02,114.16,98.25,48.57,1,-1,-1,-1
217,5,1696.01,243.46,111.27,101.20,1,-1,-1,-1
217,18,1208.11,452.76,730.94,593.81,1,-1,-1,-1
217,32,1093.09,268.35,191.48,157.55,1,-1,-1,-1
217,36,1485.02,322.55,194.95,139.89,1,-1,-1,-1
217,37,986.08,192.17,157.71,89.22,1,-1,-1,-1
218,2,1562.68,246.70,137.84,109.04,1,-1,-1,-1
218,4,1743.25,114.27,98.16,48.61,1,-1,-1,-1
218,5,1696.17,243.39,111.54,101.15,1,-1,-1,-1
218,18,1225.73,471.24,728.88,600.58,1,-1,-1,-1
218,32,1096.10,264.00,191.75,158.97,1,-1,-1,-1
218,36,1468.60,323.61,224.61,160.15,1,-1,-1,-1
218,37,1005.82,192.31,159.54,90.47,1,-1,-1,-1
219,2,1562.04,247.04,137.31,108.03,1,-1,-1,-1
219,4,1743.61,114.27,98.09,48.66,1,-1,-1,-1
219,5,1696.03,243.58,111.67,100.99,1,-1,-1,-1
219,18,1387.97,483.63,471.42,293.51,1,-1,-1,-1
219,32,1103.42,263.99,188.27,156.25,1,-1,-1,-1
219,36,1459.13,322.90,242.54,173.41,1,-1,-1,-1
219,37,1023.26,194.14,154.93,87.67,1,-1,-1,-1
220,2,1563.17,247.12,137.99,109.04,1,-1,-1,-1
220,4,1743.68,114.32,97.90,48.62,1,-1,-1,-1
220,5,1695.97,243.85,111.76,100.81,1,-1,-1,-1
220,18,1427.76,492.74,450.34,280.38,1,-1,-1,-1
220,32,1112.73,258.35,187.62,155.66,1,-1,-1,-1
220,36,1454.18,322.05,250.55,179.65,1,-1,-1,-1
220,37,1039.95,192.56,156.98,89.22,1,-1,-1,-1
221,2,1563.90,246.31,139.54,110.74,1,-1,-1,-1
221,4,1743.71,114.29,97.84,48.64,1,-1,-1,-1
221,5,1695.79,244.03,111.91,100.70,1,-1,-1,-1
221,32,1121.32,253.93,186.88,155.26,1,-1,-1,-1
221,36,1453.67,322.42,251.24,180.52,1,-1,-1,-1
221,37,1059.39,192.88,157.28,89.94,1,-1,-1,-1
222,2,1562.15,247.24,139.09,109.83,1,-1,-1,-1
222,4,1743.75,114.28,97.23,48.39,1,-1,-1,-1
222,5,1692.02,241.86,115.33,103.96,1,-1,-1,-1
222,32,1132.75,252.16,184.82,152.71,1,-1,-1,-1
222,36,1456.01,323.76,251.64,180.61,1,-1,-1,-1
222,37,1083.82,193.55,148.16,84.68,1,-1,-1,-1
223,2,1562.01,247.31,139.81,109.96,1,-1,-1,-1
223,4,1743.88,114.28,96.91,48.29,1,-1,-1,-1
223,5,1690.64,241.05,116.59,105.29,1,-1,-1,-1
223,32,1142.99,249.37,183.72,150.97,1,-1,-1,-1
223,36,1456.25,323.57,253.14,181.65,1,-1,-1,-1
223,37,1105.57,194.84,138.03,78.59,1,-1,-1,-1
224,2,1562.21,246.87,140.85,110.33,1,-1,-1,-1
224,4,1743.89,114.31,96.86,48.32,1,-1,-1,-1
224,5,1690.11,240.76,116.98,105.82,1,-1,-1,-1
224,32,1154.38,246.72,181.91,148.75,1,-1,-1,-1
224,36,1456.63,324.19,251.80,180.44,1,-1,-1,-1
224,37,1118.87,194.14,142.14,81.18,1,-1,-1,-1
225,2,1563.35,244.74,141.29,111.20,1,-1,-1,-1
225,4,1743.90,114.32,96.87,48.38,1,-1,-1,-1
225,5,1690.06,240.72,116.67,105.68,1,-1,-1,-1
225,32,1169.90,246.18,178.76,144.58,1,-1,-1,-1
225,36,1456.97,325.40,250.51,179.07,1,-1,-1,-1
225,37,1137.94,193.65,135.61,76.34,1,-1,-1,-1
226,2,1562.38,243.95,140.99,111.46,1,-1,-1,-1
226,4,1743.93,114.30,96.76,48.38,1,-1,-1,-1
226,5,1690.09,240.81,116.41,105.59,1,-1,-1,-1
226,32,1184.57,241.53,181.82,145.75,1,-1,-1,-1
226,36,1456.86,325.69,251.00,179.16,1,-1,-1,-1
226,37,1152.56,195.14,132.67,74.45,1,-1,-1,-1
227,2,1561.25,243.70,139.93,111.10,1,-1,-1,-1
227,4,1743.97,114.29,96.62,48.36,1,-1,-1,-1
227,5,1690.22,240.81,116.23,105.55,1,-1,-1,-1
227,32,1199.84,239.78,181.80,144.48,1,-1,-1,-1
227,36,1456.93,325.51,251.52,179.33,1,-1,-1,-1
227,37,1156.01,195.84,144.40,81.99,1,-1,-1,-1
228,2,1560.25,243.42,139.78,111.18,1,-1,-1,-1
228,4,1744.18,114.27,96.38,48.26,1,-1,-1,-1
228,5,1690.27,240.79,116.02,105.44,1,-1,-1,-1
228,32,1221.80,240.96,177.36,138.80,1,-1,-1,-1
228,36,1457.73,326.15,250.96,178.72,1,-1,-1,-1
228,37,1155.10,190.72,162.29,93.90,1,-1,-1,-1
229,2,1558.72,243.16,140.24,111.70,1,-1,-1,-1
229,4,1744.25,114.23,96.26,48.23,1,-1,-1,-1
229,5,1690.75,241.07,115.13,104.55,1,-1,-1,-1
229,32,1241.50,238.96,173.79,134.10,1,-1,-1,-1
229,36,1458.49,326.52,250.04,177.87,1,-1,-1,-1
229,37,1159.54,190.10,167.78,99.05,1,-1,-1,-1
230,2,1558.43,244.20,139.80,111.28,1,-1,-1,-1
230,4,1744.33,114.23,96.19,48.24,1,-1,-1,-1
230,5,1690.77,241.20,114.91,104.31,1,-1,-1,-1
230,32,1255.68,241.11,175.44,133.53,1,-1,-1,-1
230,36,1458.53,326.79,249.79,177.36,1,-1,-1,-1
230,37,1171.73,192.39,162.41,97.44,1,-1,-1,-1
231,2,1557.88,244.54,140.19,111.43,1,-1,-1,-1
231,4,1744.34,114.22,96.09,48.23,1,-1,-1,-1
231,5,1690.79,241.24,114.84,104.18,1,-1,-1,-1
231,32,1270.10,236.44,180.50,136.60,1,-1,-1,-1
231,36,1458.27,326.81,250.09,177.35,1,-1,-1,-1
231,37,1183.64,190.86,168.87,103.30,1,-1,-1,-1
232,2,1557.56,244.06,142.25,112.88,1,-1,-1,-1
232,4,1743.84,114.44,96.31,48.36,1,-1,-1,-1
232,5,1694.19,243.98,112.27,101.60,1,-1,-1,-1
232,32,1290.17,233.06,176.28,132.31,1,-1,-1,-1
232,36,1455.15,326.09,248.82,177.03,1,-1,-1,-1
232,37,1185.21,189.85,167.57,105.13,1,-1,-1,-1
233,2,1557.09,243.71,143.02,112.92,1,-1,-1,-1
233,4,1743.77,114.49,96.33,48.42,1,-1,-1,-1
233,5,1695.29,244.81,111.62,100.80,1,-1,-1,-1
233,32,1306.54,231.04,180.82,133.71,1,-1,-1,-1
233,36,1456.79,326.46,246.02,175.29,1,-1,-1,-1
233,37,1193.34,194.84,158.21,101.19,1,-1,-1,-1
234,2,1557.89,244.10,142.02,111.43,1,-1,-1,-1
234,4,1743.78,114.50,96.31,48.45,1,-1,-1,-1
234,5,1695.64,245.20,111.40,100.43,1,-1,-1,-1
234,32,1327.00,230.74,178.96,130.74,1,-1,-1,-1
234,36,1457.91,326.49,247.05,175.85,1,-1,-1,-1
234,37,1203.11,194.70,157.13,102.62,1,-1,-1,-1
235,2,1557.90,244.08,143.06,111.78,1,-1,-1,-1
235,4,1743.80,114.53,96.22,48.43,1,-1,-1,-1
235,5,1695.73,245.40,111.36,100.24,1,-1,-1,-1
235,32,1339.89,231.89,173.50,126.74,1,-1,-1,-1
235,36,1458.10,326.01,248.97,176.92,1,-1,-1,-1
235,37,1209.84,196.47,156.07,103.49,1,-1,-1,-1
236,2,1555.96,242.12,145.10,113.20,1,-1,-1,-1
236,4,1743.63,114.57,96.12,48.38,1,-1,-1,-1
236,5,1695.54,245.12,111.79,100.54,1,-1,-1,-1
236,32,1354.48,230.65,170.33,124.74,1,-1,-1,-1
236,36,1458.13,326.67,248.40,176.05,1,-1,-1,-1
236,37,1218.33,198.20,154.85,104.02,1,-1,-1,-1
237,2,1553.18,240.89,145.62,113.43,1,-1,-1,-1
237,4,1743.55,114.55,96.12,48.39,1,-1,-1,-1
237,5,1695.45,244.91,112.03,100.71,1,-1,-1,-1
237,32,1375.22,231.98,165.31,120.96,1,-1,-1,-1
237,36,1457.95,326.27,250.10,176.82,1,-1,-1,-1
237,37,1222.27,199.65,155.23,105.95,1,-1,-1,-1
238,2,1531.84,238.55,151.90,116.29,1,-1,-1,-1
238,4,1743.71,114.51,96.12,48.42,1,-1,-1,-1
238,5,1695.24,244.68,112.40,101.03,1,-1,-1,-1
238,32,1395.55,230.95,163.57,118.81,1,-1,-1,-1
238,36,1457.37,326.16,250.70,176.75,1,-1,-1,-1
238,37,1223.10,200.59,153.69,106.86,1,-1,-1,-1
239,2,1528.33,236.11,156.12,118.87,1,-1,-1,-1
239,4,1743.77,114.48,96.18,48.49,1,-1,-1,-1
239,5,1695.23,244.72,112.42,100.99,1,-1,-1,-1
239,32,1408.72,229.21,159.78,116.84,1,-1,-1,-1
239,36,1457.74,327.09,250.59,176.46,1,-1,-1,-1
239,37,1222.07,201.28,152.39,108.17,1,-1,-1,-1
240,2,1518.83,236.94,159.71,118.11,1,-1,-1,-1
240,4,1743.79,114.47,96.19,48.52,1,-1,-1,-1
240,5,1695.26,244.92,112.25,100.79,1,-1,-1,-1
240,32,1436.36,232.24,158.03,112.86,1,-1,-1,-1
240,36,1458.34,327.65,250.54,176.21,1,-1,-1,-1
240,37,1220.15,204.03,151.76,109.39,1,-1,-1,-1
241,2,1547.70,238.32,135.47,99.66,1,-1,-1,-1
241,4,1743.61,114.50,96.20,48.53,1,-1,-1,-1
241,5,1695.49,245.01,111.73,100.26,1,-1,-1,-1
241,32,1456.90,230.96,163.13,111.73,1,-1,-1,-1
241,36,1457.86,327.02,251.10,176.56,1,-1,-1,-1
241,37,1220.67,208.05,151.38,110.54,1,-1,-1,-1
242,2,1547.85,237.90,133.58,98.27,1,-1,-1,-1
242,4,1742.70,114.22,96.19,48.35,1,-1,-1,-1
242,5,1695.45,245.26,111.67,100.13,1,-1,-1,-1
242,32,1485.95,234.20,173.87,115.39,1,-1,-1,-1
242,36,1456.96,326.29,251.90,177.20,1,-1,-1,-1
242,37,1218.54,211.70,150.08,110.17,1,-1,-1,-1
243,4,1742.28,114.09,96.27,48.22,1,-1,-1,-1
243,5,1695.30,245.32,111.73,100.10,1,-1,-1,-1
243,32,1502.11,234.37,180.12,117.68,1,-1,-1,-1
243,36,1456.71,326.18,252.22,177.43,1,-1,-1,-1
243,37,1214.53,212.55,150.12,110.98,1,-1,-1,-1
244,4,1742.06,114.07,96.48,48.17,1,-1,-1,-1
244,5,1695.32,245.36,111.72,100.00,1,-1,-1,-1
244,32,1510.08,234.93,182.97,118.49,1,-1,-1,-1
244,36,1456.42,326.10,252.58,177.57,1,-1,-1,-1
244,37,1205.64,210.62,153.10,113.96,1,-1,-1,-1
245,4,1741.95,114.08,96.62,48.09,1,-1,-1,-1
245,5,1695.28,245.40,111.78,99.98,1,-1,-1,-1
245,32,1511.03,234.39,185.21,119.03,1,-1,-1,-1
245,36,1456.50,326.50,252.09,176.94,1,-1,-1,-1
245,37,1196.49,209.79,154.95,115.61,1,-1,-1,-1
246,4,1741.81,114.10,96.77,48.02,1,-1,-1,-1
246,5,1695.24,245.45,111.84,99.96,1,-1,-1,-1
246,32,1511.23,235.87,185.17,118.37,1,-1,-1,-1
246,36,1456.68,326.89,251.28,176.04,1,-1,-1,-1
246,37,1182.06,210.48,156.81,117.16,1,-1,-1,-1
247,2,1553.41,241.92,152.69,114.15,1,-1,-1,-1
247,4,1741.68,114.11,96.99,48.00,1,-1,-1,-1
247,5,1695.11,245.47,111.93,99.97,1,-1,-1,-1
247,32,1526.04,235.88,184.08,117.67,1,-1,-1,-1
247,36,1457.13,326.81,251.28,175.75,1,-1,-1,-1
247,37,1169.80,212.44,159.76,119.40,1,-1,-1,-1
248,2,1553.48,239.69,153.75,117.84,1,-1,-1,-1
248,4,1741.57,114.08,97.26,48.03,1,-1,-1,-1
248,5,1694.96,245.36,112.16,100.14,1,-1,-1,-1
248,36,1457.06,325.76,253.09,176.97,1,-1,-1,-1
248,37,1158.56,214.95,160.98,120.32,1,-1,-1,-1
249,2,1555.22,236.17,154.16,121.30,1,-1,-1,-1
249,4,1741.42,114.05,97.50,48.05,1,-1,-1,-1
249,5,1691.65,242.91,115.17,103.04,1,-1,-1,-1
249,36,1456.39,325.45,253.70,177.33,1,-1,-1,-1
249,37,1147.46,215.86,162.00,120.78,1,-1,-1,-1
250,2,1557.86,235.82,150.48,121.02,1,-1,-1,-1
250,4,1741.26,114.01,97.75,48.08,1,-1,-1,-1
250,5,1690.45,241.96,116.13,104.11,1,-1,-1,-1
250,36,1455.95,325.20,253.86,177.47,1,-1,-1,-1
250,37,1133.05,217.11,163.49,121.21,1,-1,-1,-1
251,2,1558.77,234.41,148.19,121.45,1,-1,-1,-1
251,4,1741.07,114.01,97.86,48.05,1,-1,-1,-1
251,5,1690.00,241.48,116.67,104.82,1,-1,-1,-1
251,36,1455.59,325.03,254.20,177.79,1,-1,-1,-1
251,37,1115.82,218.00,166.23,122.43,1,-1,-1,-1
252,2,1559.37,234.97,145.28,120.98,1,-1,-1,-1
252,4,1740.97,114.01,98.00,48.05,1,-1,-1,-1
252,5,1689.84,241.25,116.91,105.24,1,-1,-1,-1
252,36,1455.83,324.98,254.09,177.80,1,-1,-1,-1
252,37,1098.44,220.28,168.21,123.65,1,-1,-1,-1
253,2,1557.98,231.80,145.41,123.09,1,-1,-1,-1
253,4,1740.84,113.98,98.11,48.03,1,-1,-1,-1
253,5,1689.69,240.98,117.04,105.60,1,-1,-1,-1
253,36,1455.77,324.79,254.53,178.27,1,-1,-1,-1
253,37,1085.71,221.10,171.23,124.48,1,-1,-1,-1
254,2,1556.23,228.60,145.75,125.57,1,-1,-1,-1
254,4,1740.92,113.98,98.09,47.97,1,-1,-1,-1
254,5,1689.62,240.85,117.04,105.81,1,-1,-1,-1
254,36,1456.11,325.09,254.37,178.24,1,-1,-1,-1
254,37,1072.04,222.77,173.57,124.78,1,-1,-1,-1
255,2,1557.43,229.47,142.62,124.61,1,-1,-1,-1
255,4,1740.95,113.99,98.09,47.92,1,-1,-1,-1
255,5,1689.57,240.90,116.78,105.74,1,-1,-1,-1
255,36,1456.11,325.08,254.53,178.43,1,-1,-1,-1
255,37,1050.42,222.35,180.02,128.98,1,-1,-1,-1
256,2,1558.42,229.31,141.51,125.02,1,-1,-1,-1
256,4,1740.90,113.98,98.16,47.91,1,-1,-1,-1
256,5,1689.66,240.93,116.55,105.64,1,-1,-1,-1
256,36,1456.26,325.12,254.20,178.29,1,-1,-1,-1
256,37,1034.34,223.46,183.53,131.23,1,-1,-1,-1
257,2,1560.08,230.97,138.25,122.74,1,-1,-1,-1
257,4,1740.76,114.02,98.64,48.11,1,-1,-1,-1
257,5,1689.55,240.94,116.56,105.75,1,-1,-1,-1
257,36,1456.40,325.40,253.60,177.95,1,-1,-1,-1
257,37,1020.50,224.18,185.72,132.42,1,-1,-1,-1
257,45,1571.66,206.81,104.12,77.23,1,-1,-1,-1
258,2,1562.47,232.25,136.44,121.77,1,-1,-1,-1
258,4,1740.73,114.04,98.81,48.16,1,-1,-1,-1
258,5,1689.63,240.92,116.42,105.78,1,-1,-1,-1
258,36,1456.81,325.53,253.32,177.81,1,-1,-1,-1
258,37,1002.58,225.68,190.76,135.01,1,-1,-1,-1
258,45,1572.56,205.96,104.58,77.26,1,-1,-1,-1
259,2,1564.09,232.65,134.33,120.72,1,-1,-1,-1
259,4,1740.62,114.08,98.97,48.21,1,-1,-1,-1
259,5,1689.71,240.79,116.55,106.07,1,-1,-1,-1
259,36,1455.89,326.04,250.50,176.25,1,-1,-1,-1
259,37,982.07,225.79,197.14,139.05,1,-1,-1,-1
259,45,1577.77,202.61,95.09,69.34,1,-1,-1,-1
260,2,1565.78,235.28,131.64,118.66,1,-1,-1,-1
260,4,1740.57,114.10,99.08,48.24,1,-1,-1,-1
260,5,1690.11,240.91,115.84,105.55,1,-1,-1,-1
260,36,1455.38,325.67,249.72,176.02,1,-1,-1,-1
260,37,967.14,226.69,204.82,143.60,1,-1,-1,-1
260,45,1580.76,201.15,91.33,66.60,1,-1,-1,-1
261,2,1564.48,242.83,128.86,115.24,1,-1,-1,-1
261,4,1740.47,114.07,99.15,48.24,1,-1,-1,-1
261,5,1690.31,240.97,115.50,105.38,1,-1,-1,-1
261,36,1455.64,325.47,248.96,175.73,1,-1,-1,-1
261,37,954.99,229.39,207.94,144.89,1,-1,-1,-1
262,2,1565.13,239.28,129.75,116.68,1,-1,-1,-1
262,4,1742.41,114.35,98.65,48.15,1,-1,-1,-1
262,5,1690.86,241.08,114.99,104.95,1,-1,-1,-1
262,36,1456.25,325.24,248.42,175.50,1,-1,-1,-1
262,37,937.60,233.52,207.78,144.28,1,-1,-1,-1
263,2,1564.32,236.31,130.98,118.47,1,-1,-1,-1
263,4,1743.16,114.46,98.39,48.16,1,-1,-1,-1
263,5,1694.32,243.44,112.26,102.22,1,-1,-1,-1
263,36,1456.39,325.18,248.08,175.32,1,-1,-1,-1
263,37,915.78,235.51,212.55,147.21,1,-1,-1,-1
264,2,1563.87,233.97,131.17,119.54,1,-1,-1,-1
264,4,1743.54,114.51,98.12,48.16,1,-1,-1,-1
264,5,1695.56,244.34,111.37,101.19,1,-1,-1,-1
264,36,1456.89,325.31,247.44,174.89,1,-1,-1,-1
264,37,899.21,235.61,214.38,149.14,1,-1,-1,-1
265,2,1563.36,243.55,127.80,115.29,1,-1,-1,-1
265,4,1743.66,114.40,98.18,48.33,1,-1,-1,-1
265,5,1696.00,244.58,111.12,100.75,1,-1,-1,-1
265,36,1457.65,325.51,246.96,174.53,1,-1,-1,-1
265,37,883.23,234.95,219.93,154.37,1,-1,-1,-1
266,2,1563.98,246.47,127.24,113.59,1,-1,-1,-1
266,4,1743.88,114.32,97.84,48.28,1,-1,-1,-1
266,5,1696.15,244.77,111.09,100.56,1,-1,-1,-1
266,36,1457.41,325.44,247.34,174.76,1,-1,-1,-1
266,37,869.65,236.34,220.05,155.34,1,-1,-1,-1
267,2,1565.63,246.66,127.35,112.62,1,-1,-1,-1
267,4,1744.05,114.27,97.57,48.26,1,-1,-1,-1
267,5,1696.27,245.15,110.82,100.15,1,-1,-1,-1
267,36,1457.16,325.55,247.51,174.86,1,-1,-1,-1
267,37,852.25,236.87,224.32,159.56,1,-1,-1,-1
268,2,1565.00,242.39,131.16,115.88,1,-1,-1,-1
268,4,1744.22,114.24,97.26,48.19,1,-1,-1,-1
268,5,1696.29,245.18,110.85,100.00,1,-1,-1,-1
268,36,1458.04,323.93,251.04,177.21,1,-1,-1,-1
268,37,837.68,238.33,226.54,162.82,1,-1,-1,-1
269,2,1564.68,242.73,132.09,115.84,1,-1,-1,-1
269,4,1744.29,114.23,97.09,48.19,1,-1,-1,-1
269,5,1696.24,245.17,110.99,99.96,1,-1,-1,-1
269,36,1456.61,324.77,249.92,176.63,1,-1,-1,-1
269,37,825.83,239.02,231.37,167.46,1,-1,-1,-1
270,2,1562.94,243.12,132.89,115.04,1,-1,-1,-1
270,4,1744.36,114.23,96.94,48.18,1,-1,-1,-1
270,5,1696.14,245.10,111.21,100.02,1,-1,-1,-1
270,36,1455.48,324.78,250.02,177.06,1,-1,-1,-1
270,37,812.71,241.24,235.33,172.04,1,-1,-1,-1
271,2,1559.18,241.04,134.62,114.84,1,-1,-1,-1
271,4,1744.19,114.20,96.68,48.07,1,-1,-1,-1
271,5,1696.03,245.08,111.41,100.07,1,-1,-1,-1
271,36,1456.34,323.70,252.23,178.55,1,-1,-1,-1
271,37,799.26,241.96,238.76,176.21,1,-1,-1,-1
271,47,1424.31,182.68,145.45,85.69,1,-1,-1,-1
272,2,1558.15,239.89,135.74,114.44,1,-1,-1,-1
272,4,1744.18,114.13,96.67,48.10,1,-1,-1,-1
272,5,1695.90,245.02,111.61,100.14,1,-1,-1,-1
272,36,1456.86,323.42,253.03,178.97,1,-1,-1,-1
272,37,791.47,245.44,238.43,175.97,1,-1,-1,-1
272,47,1411.65,183.03,143.92,85.59,1,-1,-1,-1
273,2,1558.62,239.22,136.50,114.12,1,-1,-1,-1
273,4,1744.25,114.11,96.54,48.05,1,-1,-1,-1
273,5,1695.79,244.88,111.85,100.28,1,-1,-1,-1
273,36,1456.39,323.37,253.65,179.28,1,-1,-1,-1
273,37,779.70,250.21,238.33,177.25,1,-1,-1,-1
273,47,1400.26,177.71,150.93,90.73,1,-1,-1,-1
274,2,1558.15,238.44,138.16,115.22,1,-1,-1,-1
274,4,1744.25,114.00,96.68,48.17,1,-1,-1,-1
274,5,1695.76,244.85,112.00,100.33,1,-1,-1,-1
274,36,1456.45,323.11,254.23,179.67,1,-1,-1,-1
274,37,769.64,254.15,239.86,179.35,1,-1,-1,-1
274,47,1391.72,176.59,151.01,90.89,1,-1,-1,-1
275,2,1560.59,240.56,137.32,114.25,1,-1,-1,-1
275,4,1744.28,113.96,96.62,48.19,1,-1,-1,-1
275,5,1695.77,244.89,111.98,100.24,1,-1,-1,-1
275,36,1456.37,324.59,250.83,177.48,1,-1,-1,-1
275,37,758.46,256.95,245.99,185.42,1,-1,-1,-1
275,47,1376.59,175.62,151.13,91.05,1,-1,-1,-1
276,2,1558.42,239.56,137.44,114.08,1,-1,-1,-1
276,4,1744.26,113.96,96.55,48.18,1,-1,-1,-1
276,5,1695.69,244.82,112.15,100.34,1,-1,-1,-1
276,36,1456.81,326.03,248.24,175.88,1,-1,-1,-1
276,37,743.63,254.45,254.33,194.69,1,-1,-1,-1
276,47,1360.96,175.78,149.17,89.99,1,-1,-1,-1
277,2,1556.44,239.86,137.82,114.10,1,-1,-1,-1
277,4,1744.32,114.11,96.29,48.07,1,-1,-1,-1
277,5,1695.72,244.82,112.13,100.25,1,-1,-1,-1
277,36,1458.50,324.55,250.34,177.20,1,-1,-1,-1
277,37,731.69,256.46,257.65,201.34,1,-1,-1,-1
277,47,1339.69,175.78,147.09,89.13,1,-1,-1,-1
278,2,1558.19,241.20,137.29,113.21,1,-1,-1,-1
278,4,1744.36,114.17,96.17,48.03,1,-1,-1,-1
278,5,1695.73,244.75,112.17,100.20,1,-1,-1,-1
278,36,1459.13,324.11,251.14,177.61,1,-1,-1,-1
278,37,723.54,260.91,254.33,202.11,1,-1,-1,-1
278,47,1321.48,174.70,146.88,89.11,1,-1,-1,-1
279,2,1559.01,241.27,137.75,113.37,1,-1,-1,-1
279,4,1744.38,114.20,96.11,48.01,1,-1,-1,-1
279,5,1695.74,244.73,112.16,100.12,1,-1,-1,-1
279,36,1459.72,324.00,251.68,177.90,1,-1,-1,-1
279,37,718.48,265.93,251.66,202.84,1,-1,-1,-1
279,47,1302.04,173.19,144.49,87.49,1,-1,-1,-1
280,2,1559.98,241.31,137.87,113.44,1,-1,-1,-1
280,4,1744.39,114.20,96.08,48.01,1,-1,-1,-1
280,5,1695.72,244.72,112.21,100.09,1,-1,-1,-1
280,36,1460.08,323.99,251.67,177.84,1,-1,-1,-1
280,37,714.35,270.65,249.34,203.03,1,-1,-1,-1
280,47,1282.96,174.67,139.82,83.94,1,-1,-1,-1
281,2,1561.47,241.80,137.10,112.90,1,-1,-1,-1
281,4,1744.40,114.20,96.06,48.01,1,-1,-1,-1
281,5,1695.73,244.62,112.32,100.14,1,-1,-1,-1
281,36,1459.91,324.23,251.46,177.65,1,-1,-1,-1
281,37,715.38,277.39,250.67,206.35,1,-1,-1,-1
281,47,1261.69,173.26,143.06,85.71,1,-1,-1,-1
