4,1,644.629,1336.861,1269.893,545.048,1,-1,-1,-1
5,1,619.539,1338.349,1324.672,527.835,1,-1,-1,-1
6,1,1614.398,1309.128,913.034,574.724,1,-1,-1,-1
7,1,1635.709,1288.767,889.264,605.827,1,-1,-1,-1
8,1,1898.216,1317.491,650.377,526.809,1,-1,-1,-1
79,2,50.212,1332.433,860.043,564.700,1,-1,-1,-1
80,2,79.742,1342.849,1197.111,550.825,1,-1,-1,-1
81,2,148.460,1353.687,1111.920,535.445,1,-1,-1,-1
83,3,1330.485,1332.392,1063.635,558.925,1,-1,-1,-1
84,3,1606.882,1306.527,927.611,566.225,1,-1,-1,-1
85,3,1640.936,1282.921,862.594,609.969,1,-1,-1,-1
86,3,1879.739,1303.218,668.170,537.054,1,-1,-1,-1
132,4,59.894,1284.341,847.692,618.761,1,-1,-1,-1
133,4,100.982,1294.191,1151.001,601.056,1,-1,-1,-1
134,4,125.729,1299.847,1145.065,579.313,1,-1,-1,-1
135,4,374.206,1213.563,1453.978,695.134,1,-1,-1,-1
236,5,1957.374,707.097,595.459,540.024,1,-1,-1,-1
237,5,1922.701,707.154,627.425,573.784,1,-1,-1,-1
238,5,1592.727,713.327,959.845,594.301,1,-1,-1,-1
239,5,1561.814,745.003,985.646,526.614,1,-1,-1,-1
240,5,1351.198,834.624,1016.606,497.957,1,-1,-1,-1
240,6,26.606,1309.292,566.414,568.939,1,-1,-1,-1
241,6,43.647,1342.312,867.011,544.321,1,-1,-1,-1
242,7,344.982,829.441,1112.999,535.925,1,-1,-1,-1
242,6,54.963,1361.574,901.960,515.452,1,-1,-1,-1
243,6,316.308,1355.941,1187.114,523.744,1,-1,-1,-1
243,7,57.832,833.872,938.348,533.935,1,-1,-1,-1
244,6,305.757,1348.772,1222.035,522.200,1,-1,-1,-1
244,7,8.417,810.436,965.830,581.730,1,-1,-1,-1
244,8,1316.334,1345.766,1081.114,506.705,1,-1,-1,-1
245,7,38.440,830.406,864.860,565.823,1,-1,-1,-1
245,8,1422.787,1325.515,911.213,534.791,1,-1,-1,-1
246,8,1385.194,1298.400,1008.099,555.922,1,-1,-1,-1
246,7,18.613,861.344,566.021,524.057,1,-1,-1,-1
247,8,1652.313,1281.721,856.296,592.196,1,-1,-1,-1
248,8,1916.574,1308.059,622.153,530.549,1,-1,-1,-1
334,9,1964.998,733.636,589.936,503.668,1,-1,-1,-1
335,9,1927.186,775.134,625.181,472.911,1,-1,-1,-1
336,9,1639.434,856.942,872.330,447.316,1,-1,-1,-1
337,9,1546.890,871.492,993.738,425.388,1,-1,-1,-1
338,9,1292.149,888.149,1161.075,412.613,1,-1,-1,-1
339,9,736.003,889.102,1106.394,407.395,1,-1,-1,-1
340,9,650.559,885.295,1251.615,432.951,1,-1,-1,-1
341,9,193.325,884.954,1007.535,437.773,1,-1,-1,-1
342,9,82.446,885.687,801.267,443.581,1,-1,-1,-1
343,9,8.070,898.964,608.861,443.114,1,-1,-1,-1
344,9,13.245,895.741,581.225,468.246,1,-1,-1,-1
345,9,15.011,766.254,412.638,694.692,1,-1,-1,-1
370,10,2259.355,662.867,296.885,706.992,1,-1,-1,-1
371,10,1962.977,737.400,584.665,522.221,1,-1,-1,-1
372,10,1923.690,754.914,634.050,493.771,1,-1,-1,-1
373,10,1683.794,773.440,790.358,472.765,1,-1,-1,-1
374,10,1540.790,771.706,1000.084,453.956,1,-1,-1,-1
374,11,1087.995,877.395,841.604,450.274,1,-1,-1,-1
375,11,1049.404,862.555,897.949,451.540,1,-1,-1,-1
376,11,890.437,874.444,1201.617,455.272,1,-1,-1,-1
377,12,185.609,876.173,961.797,468.477,1,-1,-1,-1
378,12,101.544,872.012,851.001,479.498,1,-1,-1,-1
379,12,13.874,856.561,953.271,515.319,1,-1,-1,-1
380,12,10.192,876.373,606.026,502.579,1,-1,-1,-1
381,12,13.710,873.071,557.128,511.488,1,-1,-1,-1
472,13,1963.161,730.828,590.012,502.671,1,-1,-1,-1
473,13,1938.752,764.412,606.393,489.903,1,-1,-1,-1
474,13,1620.986,847.791,903.497,472.030,1,-1,-1,-1
475,13,1539.941,865.395,1009.607,433.695,1,-1,-1,-1
476,13,1299.456,879.203,1103.971,423.323,1,-1,-1,-1
477,13,804.828,887.376,984.047,419.282,1,-1,-1,-1
478,13,386.689,897.192,1003.520,430.923,1,-1,-1,-1
479,13,205.567,899.433,977.750,435.289,1,-1,-1,-1
480,13,49.048,903.153,907.069,428.828,1,-1,-1,-1
481,13,0.000,903.015,964.064,446.938,1,-1,-1,-1
482,13,7.541,920.280,597.704,437.583,1,-1,-1,-1
483,13,6.488,914.380,556.386,464.638,1,-1,-1,-1
494,14,2127.058,694.616,426.425,640.104,1,-1,-1,-1
495,14,1958.656,774.943,586.678,475.180,1,-1,-1,-1
496,14,1682.532,858.848,821.898,474.151,1,-1,-1,-1
497,14,1650.473,863.096,844.440,431.710,1,-1,-1,-1
498,14,1191.418,893.011,982.317,389.923,1,-1,-1,-1
499,14,1088.344,894.709,1145.032,395.546,1,-1,-1,-1
500,14,582.595,890.060,1035.879,409.837,1,-1,-1,-1
501,14,484.808,887.936,1183.776,426.677,1,-1,-1,-1
502,14,90.026,893.518,857.103,432.525,1,-1,-1,-1
503,14,0.000,899.005,981.465,438.978,1,-1,-1,-1
504,14,1.337,899.804,623.002,444.676,1,-1,-1,-1
505,14,0.000,888.397,588.953,477.630,1,-1,-1,-1
