334,1,2155.68,825.91,757.05,430.77,1,-1,-1,-1
335,1,1909.75,832.55,774.58,434.42,1,-1,-1,-1
336,1,1663.81,839.18,792.12,438.06,1,-1,-1,-1
337,1,1417.87,845.82,809.65,441.71,1,-1,-1,-1
338,1,1171.94,852.45,827.19,445.35,1,-1,-1,-1
339,1,926.00,859.09,844.73,449.00,1,-1,-1,-1
340,1,680.06,865.73,862.26,452.65,1,-1,-1,-1
341,1,434.13,872.36,879.80,456.29,1,-1,-1,-1
342,1,188.19,879.00,897.34,459.94,1,-1,-1,-1
343,1,-57.75,885.64,914.87,463.58,1,-1,-1,-1
344,1,-303.68,892.27,932.41,467.23,1,-1,-1,-1
