1,1,1112.01,172.21,37.51,29.70,1,-1,-1,-1
2,1,1112.00,172.20,37.52,29.70,1,-1,-1,-1
3,1,1111.99,172.19,37.53,29.70,1,-1,-1,-1
4,1,1111.97,172.18,37.53,29.71,1,-1,-1,-1
5,1,1111.96,172.17,37.54,29.71,1,-1,-1,-1
6,1,1111.95,172.16,37.54,29.71,1,-1,-1,-1
7,1,1111.93,172.15,37.55,29.71,1,-1,-1,-1
8,1,1111.92,172.13,37.56,29.71,1,-1,-1,-1
9,1,1111.91,172.12,37.56,29.71,1,-1,-1,-1
10,1,1111.89,172.11,37.57,29.71,1,-1,-1,-1
11,1,1111.88,172.10,37.57,29.71,1,-1,-1,-1
12,1,1111.86,172.09,37.58,29.71,1,-1,-1,-1
13,1,1111.85,172.08,37.59,29.71,1,-1,-1,-1
14,1,1111.84,172.07,37.59,29.71,1,-1,-1,-1
15,1,1111.82,172.06,37.60,29.71,1,-1,-1,-1
16,1,1111.81,172.05,37.60,29.71,1,-1,-1,-1
17,1,1111.80,172.04,37.61,29.71,1,-1,-1,-1
18,1,1111.78,172.03,37.62,29.71,1,-1,-1,-1
19,1,1111.77,172.01,37.62,29.72,1,-1,-1,-1
20,1,1111.76,172.00,37.63,29.72,1,-1,-1,-1
21,1,1111.74,171.99,37.63,29.72,1,-1,-1,-1
22,1,1111.73,171.98,37.64,29.72,1,-1,-1,-1
23,1,1111.72,171.97,37.65,29.72,1,-1,-1,-1
24,1,1111.70,171.96,37.65,29.72,1,-1,-1,-1
25,1,1111.69,171.95,37.66,29.72,1,-1,-1,-1
26,1,1111.68,171.94,37.66,29.72,1,-1,-1,-1
27,1,1111.66,171.93,37.67,29.72,1,-1,-1,-1
28,1,1111.65,171.92,37.68,29.72,1,-1,-1,-1
29,1,1111.64,171.91,37.68,29.72,1,-1,-1,-1
30,1,1111.62,171.89,37.69,29.72,1,-1,-1,-1
31,1,1111.61,171.88,37.69,29.72,1,-1,-1,-1
32,1,1111.59,171.87,37.70,29.72,1,-1,-1,-1
32,2,797.09,830.16,355.43,253.69,1,-1,-1,-1
33,1,1111.58,171.86,37.71,29.72,1,-1,-1,-1
33,2,807.14,799.95,344.36,250.39,1,-1,-1,-1
34,1,1111.57,171.85,37.71,29.73,1,-1,-1,-1
34,2,817.00,770.72,333.43,246.80,1,-1,-1,-1
35,1,1111.55,171.84,37.72,29.73,1,-1,-1,-1
35,2,826.66,742.55,322.66,242.89,1,-1,-1,-1
36,1,1111.54,171.83,37.72,29.73,1,-1,-1,-1
36,2,836.09,715.50,312.08,238.67,1,-1,-1,-1
37,1,1111.53,171.82,37.73,29.73,1,-1,-1,-1
37,2,845.27,689.62,301.73,234.12,1,-1,-1,-1
38,1,1111.51,171.81,37.74,29.73,1,-1,-1,-1
38,2,854.17,664.96,291.62,229.28,1,-1,-1,-1
39,1,1111.50,171.80,37.74,29.73,1,-1,-1,-1
39,2,862.78,641.55,281.77,224.19,1,-1,-1,-1
40,1,1111.49,171.79,37.75,29.73,1,-1,-1,-1
40,2,871.07,619.38,272.22,218.88,1,-1,-1,-1
41,1,1111.47,171.77,37.75,29.73,1,-1,-1,-1
41,2,879.03,598.47,262.98,213.42,1,-1,-1,-1
42,1,1111.46,171.76,37.76,29.73,1,-1,-1,-1
42,2,886.64,578.79,254.08,207.88,1,-1,-1,-1
43,1,1111.45,171.75,37.77,29.73,1,-1,-1,-1
43,2,893.89,560.31,245.52,202.31,1,-1,-1,-1
44,1,1111.43,171.74,37.77,29.73,1,-1,-1,-1
44,2,900.79,542.97,237.33,196.77,1,-1,-1,-1
45,1,1111.42,171.73,37.78,29.73,1,-1,-1,-1
45,2,907.31,526.73,229.52,191.32,1,-1,-1,-1
46,1,1111.41,171.72,37.78,29.73,1,-1,-1,-1
46,2,913.46,511.52,222.08,185.97,1,-1,-1,-1
47,1,1111.39,171.71,37.79,29.73,1,-1,-1,-1
47,2,919.25,497.30,215.03,180.77,1,-1,-1,-1
48,1,1111.38,171.70,37.80,29.73,1,-1,-1,-1
48,2,924.67,483.99,208.36,175.73,1,-1,-1,-1
49,1,1111.36,171.69,37.80,29.74,1,-1,-1,-1
49,2,929.75,471.55,202.07,170.85,1,-1,-1,-1
50,1,1111.35,171.68,37.81,29.74,1,-1,-1,-1
50,2,934.49,459.91,196.14,166.13,1,-1,-1,-1
51,1,1111.34,171.67,37.81,29.74,1,-1,-1,-1
51,2,938.92,449.02,190.58,161.56,1,-1,-1,-1
52,1,1111.32,171.65,37.82,29.74,1,-1,-1,-1
52,2,943.03,438.83,185.36,157.16,1,-1,-1,-1
53,1,1111.31,171.64,37.83,29.74,1,-1,-1,-1
53,2,946.87,429.28,180.48,152.90,1,-1,-1,-1
54,1,1111.30,171.63,37.83,29.74,1,-1,-1,-1
54,2,950.43,420.31,175.90,148.79,1,-1,-1,-1
55,1,1111.28,171.62,37.84,29.74,1,-1,-1,-1
55,2,953.76,411.90,171.62,144.81,1,-1,-1,-1
56,1,1111.27,171.61,37.84,29.74,1,-1,-1,-1
56,2,956.87,403.98,167.61,140.96,1,-1,-1,-1
57,1,1111.26,171.60,37.85,29.74,1,-1,-1,-1
57,2,959.78,396.52,163.85,137.22,1,-1,-1,-1
58,1,1111.24,171.59,37.86,29.74,1,-1,-1,-1
58,2,962.51,389.48,160.31,133.59,1,-1,-1,-1
59,1,1111.23,171.58,37.86,29.74,1,-1,-1,-1
59,2,965.09,382.80,156.98,130.06,1,-1,-1,-1
60,1,1111.22,171.57,37.87,29.74,1,-1,-1,-1
60,2,967.54,376.44,153.84,126.63,1,-1,-1,-1
61,1,1111.20,171.56,37.87,29.74,1,-1,-1,-1
61,2,969.87,370.34,150.85,123.29,1,-1,-1,-1
62,1,1111.19,171.55,37.88,29.74,1,-1,-1,-1
62,2,972.10,364.48,148.01,120.06,1,-1,-1,-1
63,1,1111.18,171.53,37.89,29.74,1,-1,-1,-1
63,2,974.24,358.80,145.30,116.93,1,-1,-1,-1
64,1,1111.16,171.52,37.89,29.75,1,-1,-1,-1
64,2,976.30,353.28,142.69,113.92,1,-1,-1,-1
65,1,1111.15,171.51,37.90,29.75,1,-1,-1,-1
65,2,978.30,347.87,140.17,111.04,1,-1,-1,-1
66,1,1111.14,171.50,37.90,29.75,1,-1,-1,-1
66,2,980.25,342.57,137.74,108.29,1,-1,-1,-1
67,1,1111.12,171.49,37.91,29.75,1,-1,-1,-1
67,2,982.14,337.33,135.39,105.69,1,-1,-1,-1
68,1,1111.11,171.48,37.92,29.75,1,-1,-1,-1
68,2,983.97,332.13,133.10,103.28,1,-1,-1,-1
69,1,1111.09,171.47,37.92,29.75,1,-1,-1,-1
69,2,985.76,326.95,130.87,101.06,1,-1,-1,-1
70,1,1111.08,171.46,37.93,29.75,1,-1,-1,-1
70,2,987.50,321.76,128.70,99.08,1,-1,-1,-1
71,1,1111.07,171.45,37.93,29.75,1,-1,-1,-1
71,2,989.18,316.54,126.59,97.34,1,-1,-1,-1
72,1,1111.05,171.44,37.94,29.75,1,-1,-1,-1
72,2,990.81,311.27,124.53,95.86,1,-1,-1,-1
73,1,1111.04,171.43,37.95,29.75,1,-1,-1,-1
73,2,992.37,305.95,122.53,94.66,1,-1,-1,-1
74,1,1111.03,171.41,37.95,29.75,1,-1,-1,-1
74,2,993.88,300.60,120.59,93.70,1,-1,-1,-1
75,1,1111.01,171.40,37.96,29.75,1,-1,-1,-1
75,2,995.31,295.23,118.72,92.98,1,-1,-1,-1
76,1,1111.00,171.39,37.96,29.75,1,-1,-1,-1
76,2,996.67,289.88,116.90,92.44,1,-1,-1,-1
77,1,1110.99,171.38,37.97,29.75,1,-1,-1,-1
77,2,997.95,284.58,115.15,92.06,1,-1,-1,-1
78,1,1110.97,171.37,37.98,29.75,1,-1,-1,-1
78,2,999.15,279.38,113.47,91.78,1,-1,-1,-1
79,1,1110.96,171.36,37.98,29.76,1,-1,-1,-1
79,2,1000.26,274.31,111.86,91.53,1,-1,-1,-1
80,1,1110.95,171.35,37.99,29.76,1,-1,-1,-1
80,2,1001.28,269.42,110.32,91.27,1,-1,-1,-1
81,1,1110.93,171.34,37.99,29.76,1,-1,-1,-1
81,2,1002.22,264.75,108.85,90.93,1,-1,-1,-1
82,1,1110.92,171.33,38.00,29.76,1,-1,-1,-1
82,2,1003.07,260.34,107.46,90.46,1,-1,-1,-1
83,1,1110.91,171.32,38.01,29.76,1,-1,-1,-1
83,2,1003.83,256.20,106.14,89.83,1,-1,-1,-1
84,1,1110.89,171.31,38.01,29.76,1,-1,-1,-1
84,2,1004.50,252.37,104.90,88.98,1,-1,-1,-1
85,1,1110.88,171.29,38.02,29.76,1,-1,-1,-1
85,2,1005.09,248.86,103.72,87.90,1,-1,-1,-1
86,1,1110.86,171.28,38.02,29.76,1,-1,-1,-1
86,2,1005.61,245.65,102.60,86.56,1,-1,-1,-1
87,1,1110.85,171.27,38.03,29.76,1,-1,-1,-1
87,2,1006.05,242.76,101.55,84.98,1,-1,-1,-1
88,1,1110.84,171.26,38.04,29.76,1,-1,-1,-1
88,2,1006.44,240.14,100.55,83.15,1,-1,-1,-1
89,1,1110.82,171.25,38.04,29.76,1,-1,-1,-1
89,2,1006.77,237.78,99.59,81.12,1,-1,-1,-1
90,1,1110.81,171.24,38.05,29.76,1,-1,-1,-1
90,2,1007.06,235.65,98.68,78.93,1,-1,-1,-1
91,1,1110.80,171.23,38.05,29.76,1,-1,-1,-1
91,2,1007.31,233.70,97.79,76.61,1,-1,-1,-1
92,1,1110.78,171.22,38.06,29.76,1,-1,-1,-1
92,2,1007.54,231.88,96.93,74.23,1,-1,-1,-1
93,1,1110.77,171.21,38.07,29.76,1,-1,-1,-1
93,2,1007.75,230.17,96.09,71.84,1,-1,-1,-1
94,1,1110.76,171.20,38.07,29.77,1,-1,-1,-1
94,2,1007.94,228.51,95.26,69.49,1,-1,-1,-1
95,1,1110.74,171.19,38.08,29.77,1,-1,-1,-1
95,2,1008.14,226.88,94.44,67.24,1,-1,-1,-1
96,1,1110.73,171.17,38.08,29.77,1,-1,-1,-1
96,2,1008.33,225.22,93.61,65.11,1,-1,-1,-1
97,1,1110.72,171.16,38.09,29.77,1,-1,-1,-1
97,2,1008.54,223.51,92.77,63.16,1,-1,-1,-1
98,1,1110.70,171.15,38.10,29.77,1,-1,-1,-1
98,2,1008.76,221.72,91.92,61.42,1,-1,-1,-1
99,1,1110.69,171.14,38.10,29.77,1,-1,-1,-1
99,2,1009.00,219.83,91.05,59.90,1,-1,-1,-1
100,1,1110.68,171.13,38.11,29.77,1,-1,-1,-1
100,2,1009.25,217.82,90.17,58.61,1,-1,-1,-1
101,1,1110.66,171.12,38.11,29.77,1,-1,-1,-1
101,2,1009.53,215.70,89.26,57.55,1,-1,-1,-1
102,1,1110.65,171.11,38.12,29.77,1,-1,-1,-1
102,2,1009.84,213.47,88.33,56.73,1,-1,-1,-1
103,1,1110.64,171.10,38.13,29.77,1,-1,-1,-1
103,2,1010.16,211.14,87.38,56.11,1,-1,-1,-1
104,1,1110.62,171.09,38.13,29.77,1,-1,-1,-1
104,2,1010.52,208.74,86.41,55.70,1,-1,-1,-1
105,1,1110.61,171.08,38.14,29.77,1,-1,-1,-1
105,2,1010.89,206.28,85.42,55.45,1,-1,-1,-1
106,1,1110.59,171.07,38.14,29.77,1,-1,-1,-1
106,2,1011.29,203.80,84.41,55.34,1,-1,-1,-1
106,5,1075.62,178.69,32.63,29.79,1,-1,-1,-1
107,1,1110.58,171.05,38.15,29.77,1,-1,-1,-1
107,2,1011.71,201.31,83.38,55.34,1,-1,-1,-1
107,5,1075.53,178.31,32.67,29.94,1,-1,-1,-1
108,1,1110.57,171.04,38.16,29.77,1,-1,-1,-1
108,2,1012.14,198.86,82.34,55.42,1,-1,-1,-1
108,3,791.87,830.25,367.89,256.36,1,-1,-1,-1
108,5,1075.43,177.90,32.70,30.10,1,-1,-1,-1
109,1,1110.55,171.03,38.16,29.78,1,-1,-1,-1
109,2,1012.60,196.46,81.29,55.54,1,-1,-1,-1
109,3,801.18,796.18,357.16,255.58,1,-1,-1,-1
109,5,1075.33,177.45,32.73,30.27,1,-1,-1,-1
110,1,1110.54,171.02,38.17,29.78,1,-1,-1,-1
110,2,1013.06,194.13,80.24,55.67,1,-1,-1,-1
110,3,810.37,763.50,346.52,254.01,1,-1,-1,-1
110,5,1075.23,176.97,32.77,30.43,1,-1,-1,-1
111,1,1110.53,171.01,38.17,29.78,1,-1,-1,-1
111,2,1013.54,191.89,79.18,55.77,1,-1,-1,-1
111,3,819.41,732.29,336.01,251.61,1,-1,-1,-1
111,5,1075.13,176.47,32.80,30.59,1,-1,-1,-1
112,1,1110.51,171.00,38.18,29.78,1,-1,-1,-1
112,2,1014.03,189.77,78.13,55.81,1,-1,-1,-1
112,3,828.28,702.64,325.64,248.35,1,-1,-1,-1
112,5,1075.04,175.93,32.84,30.76,1,-1,-1,-1
113,1,1110.50,170.99,38.19,29.78,1,-1,-1,-1
113,2,1014.53,187.77,77.09,55.76,1,-1,-1,-1
113,3,836.96,674.63,315.44,244.26,1,-1,-1,-1
113,4,930.71,173.19,41.00,24.99,1,-1,-1,-1
113,5,1074.94,175.38,32.87,30.91,1,-1,-1,-1
114,1,1110.49,170.98,38.19,29.78,1,-1,-1,-1
114,2,1015.02,185.90,76.06,55.59,1,-1,-1,-1
114,3,845.42,648.29,305.43,239.36,1,-1,-1,-1
114,4,929.26,172.92,42.88,26.08,1,-1,-1,-1
114,5,1074.84,174.80,32.90,31.05,1,-1,-1,-1
115,1,1110.47,170.97,38.20,29.78,1,-1,-1,-1
115,2,1015.51,184.16,75.05,55.30,1,-1,-1,-1
115,3,853.65,623.63,295.63,233.74,1,-1,-1,-1
115,4,927.89,172.43,44.66,27.21,1,-1,-1,-1
115,5,1074.74,174.22,32.94,31.19,1,-1,-1,-1
116,1,1110.46,170.96,38.20,29.78,1,-1,-1,-1
116,2,1016.00,182.54,74.06,54.87,1,-1,-1,-1
116,3,861.63,600.63,286.07,227.51,1,-1,-1,-1
116,4,926.59,171.74,46.32,28.37,1,-1,-1,-1
116,5,1074.64,173.62,32.97,31.31,1,-1,-1,-1
117,1,1110.45,170.95,38.21,29.78,1,-1,-1,-1
117,2,1016.48,181.03,73.10,54.31,1,-1,-1,-1
117,3,869.34,579.23,276.75,220.79,1,-1,-1,-1
117,4,925.35,170.87,47.84,29.57,1,-1,-1,-1
117,5,1074.54,173.02,33.00,31.42,1,-1,-1,-1
118,1,1110.43,170.93,38.22,29.78,1,-1,-1,-1
118,2,1016.95,179.63,72.18,53.63,1,-1,-1,-1
118,3,876.76,559.35,267.71,213.74,1,-1,-1,-1
118,4,924.15,169.83,49.23,30.78,1,-1,-1,-1
118,5,1074.45,172.41,33.04,31.52,1,-1,-1,-1
119,1,1110.42,170.92,38.22,29.78,1,-1,-1,-1
119,2,1017.41,178.30,71.30,52.85,1,-1,-1,-1
119,3,883.87,540.92,258.96,206.49,1,-1,-1,-1
119,4,922.99,168.65,50.48,32.00,1,-1,-1,-1
119,5,1074.35,171.80,33.07,31.60,1,-1,-1,-1
120,1,1110.41,170.91,38.23,29.78,1,-1,-1,-1
120,2,1017.85,177.04,70.45,52.01,1,-1,-1,-1
120,3,890.68,523.83,250.51,199.18,1,-1,-1,-1
120,4,921.85,167.35,51.57,33.22,1,-1,-1,-1
120,5,1074.25,171.20,33.11,31.66,1,-1,-1,-1
121,1,1110.39,170.90,38.23,29.78,1,-1,-1,-1
121,2,1018.28,175.82,69.65,51.13,1,-1,-1,-1
121,3,897.16,507.97,242.37,191.95,1,-1,-1,-1
121,4,920.71,165.95,52.53,34.45,1,-1,-1,-1
121,5,1074.15,170.59,33.14,31.71,1,-1,-1,-1
122,1,1110.38,170.89,38.24,29.78,1,-1,-1,-1
122,2,1018.70,174.62,68.88,50.25,1,-1,-1,-1
122,3,903.32,493.24,234.55,184.88,1,-1,-1,-1
122,4,919.58,164.45,53.36,35.66,1,-1,-1,-1
122,5,1074.05,169.99,33.17,31.74,1,-1,-1,-1
123,1,1110.36,170.88,38.25,29.78,1,-1,-1,-1
123,2,1019.11,173.44,68.16,49.39,1,-1,-1,-1
123,3,909.14,479.51,227.05,178.08,1,-1,-1,-1
123,4,918.44,162.88,54.09,36.86,1,-1,-1,-1
123,5,1073.96,169.40,33.21,31.76,1,-1,-1,-1
124,1,1110.35,170.87,38.25,29.79,1,-1,-1,-1
124,2,1019.51,172.24,67.47,48.58,1,-1,-1,-1
124,3,914.65,466.68,219.87,171.63,1,-1,-1,-1
124,4,917.27,161.25,54.74,38.03,1,-1,-1,-1
124,5,1073.86,168.82,33.24,31.77,1,-1,-1,-1
125,1,1110.34,170.86,38.26,29.79,1,-1,-1,-1
125,2,1019.90,171.04,66.80,47.83,1,-1,-1,-1
125,3,919.82,454.63,213.02,165.56,1,-1,-1,-1
125,4,916.07,159.56,55.34,39.18,1,-1,-1,-1
125,5,1073.76,168.25,33.27,31.76,1,-1,-1,-1
126,1,1110.32,170.85,38.26,29.79,1,-1,-1,-1
126,2,1020.29,169.83,66.17,47.17,1,-1,-1,-1
126,3,924.69,443.25,206.48,159.94,1,-1,-1,-1
126,4,914.82,157.83,55.93,40.30,1,-1,-1,-1
126,5,1073.66,167.68,33.31,31.73,1,-1,-1,-1
127,1,1110.31,170.84,38.27,29.79,1,-1,-1,-1
127,2,1020.69,168.60,65.55,46.59,1,-1,-1,-1
127,3,929.24,432.46,200.26,154.78,1,-1,-1,-1
127,4,913.53,156.08,56.52,41.38,1,-1,-1,-1
127,5,1073.56,167.14,33.34,31.70,1,-1,-1,-1
128,1,1110.30,170.83,38.28,29.79,1,-1,-1,-1
128,2,1021.08,167.37,64.95,46.09,1,-1,-1,-1
128,3,933.50,422.18,194.35,150.07,1,-1,-1,-1
128,4,912.19,154.31,57.14,42.42,1,-1,-1,-1
128,5,1073.47,166.60,33.38,31.65,1,-1,-1,-1
129,1,1110.28,170.81,38.28,29.79,1,-1,-1,-1
129,2,1021.49,166.15,64.36,45.66,1,-1,-1,-1
129,3,937.47,412.34,188.73,145.80,1,-1,-1,-1
129,4,910.82,152.54,57.81,43.42,1,-1,-1,-1
129,5,1073.37,166.08,33.41,31.60,1,-1,-1,-1
130,1,1110.27,170.80,38.29,29.79,1,-1,-1,-1
130,2,1021.90,164.94,63.78,45.30,1,-1,-1,-1
130,3,941.16,402.91,183.40,141.92,1,-1,-1,-1
130,4,909.41,150.77,58.53,44.39,1,-1,-1,-1
130,5,1073.27,165.58,33.44,31.53,1,-1,-1,-1
131,1,1110.26,170.79,38.29,29.79,1,-1,-1,-1
131,2,1022.32,163.75,63.20,44.99,1,-1,-1,-1
131,3,944.60,393.86,178.34,138.38,1,-1,-1,-1
131,4,907.99,149.04,59.32,45.32,1,-1,-1,-1
131,5,1073.17,165.10,33.48,31.45,1,-1,-1,-1
132,1,1110.24,170.78,38.30,29.79,1,-1,-1,-1
132,2,1022.75,162.60,62.62,44.71,1,-1,-1,-1
132,3,947.79,385.18,173.55,135.11,1,-1,-1,-1
132,4,906.57,147.35,60.15,46.24,1,-1,-1,-1
132,5,1073.07,164.64,33.51,31.37,1,-1,-1,-1
133,1,1110.23,170.77,38.31,29.79,1,-1,-1,-1
133,2,1023.19,161.51,62.03,44.45,1,-1,-1,-1
133,3,950.75,376.88,169.01,132.04,1,-1,-1,-1
133,4,905.15,145.73,61.04,47.17,1,-1,-1,-1
133,5,1072.98,164.20,33.54,31.27,1,-1,-1,-1
134,1,1110.22,170.76,38.31,29.79,1,-1,-1,-1
134,2,1023.64,160.48,61.45,44.19,1,-1,-1,-1
134,3,953.49,368.97,164.72,129.10,1,-1,-1,-1
134,4,903.76,144.19,61.96,48.11,1,-1,-1,-1
134,5,1072.88,163.80,33.58,31.17,1,-1,-1,-1
135,1,1110.20,170.75,38.32,29.79,1,-1,-1,-1
135,2,1024.09,159.53,60.86,43.93,1,-1,-1,-1
135,3,956.02,361.46,160.64,126.21,1,-1,-1,-1
135,4,902.39,142.75,62.91,49.09,1,-1,-1,-1
135,5,1072.78,163.42,33.61,31.06,1,-1,-1,-1
136,1,1110.19,170.74,38.32,29.79,1,-1,-1,-1
136,2,1024.55,158.66,60.26,43.64,1,-1,-1,-1
136,3,958.38,354.36,156.78,123.33,1,-1,-1,-1
136,4,901.05,141.41,63.87,50.14,1,-1,-1,-1
136,5,1072.68,163.08,33.65,30.95,1,-1,-1,-1
137,1,1110.18,170.73,38.33,29.79,1,-1,-1,-1
137,2,1025.01,157.90,59.67,43.32,1,-1,-1,-1
137,3,960.56,347.66,153.12,120.41,1,-1,-1,-1
137,4,899.73,140.18,64.83,51.28,1,-1,-1,-1
137,5,1072.58,162.77,33.68,30.82,1,-1,-1,-1
138,1,1110.16,170.72,38.34,29.79,1,-1,-1,-1
138,2,1025.48,157.25,59.07,42.97,1,-1,-1,-1
138,3,962.60,341.33,149.64,117.46,1,-1,-1,-1
138,4,898.42,139.07,65.78,52.53,1,-1,-1,-1
138,5,1072.49,162.50,33.71,30.69,1,-1,-1,-1
139,1,1110.15,170.71,38.34,29.80,1,-1,-1,-1
139,2,1025.94,156.70,58.46,42.58,1,-1,-1,-1
139,3,964.50,335.36,146.33,114.46,1,-1,-1,-1
139,4,897.10,138.07,66.73,53.91,1,-1,-1,-1
139,5,1072.39,162.27,33.75,30.56,1,-1,-1,-1
140,1,1110.14,170.69,38.35,29.80,1,-1,-1,-1
140,2,1026.40,156.28,57.85,42.15,1,-1,-1,-1
140,3,966.28,329.69,143.17,111.44,1,-1,-1,-1
140,4,895.78,137.19,67.66,55.44,1,-1,-1,-1
140,5,1072.29,162.08,33.78,30.42,1,-1,-1,-1
141,1,1110.12,170.68,38.35,29.80,1,-1,-1,-1
141,2,1026.86,155.97,57.23,41.69,1,-1,-1,-1
141,3,967.95,324.28,140.16,108.44,1,-1,-1,-1
141,4,894.42,136.44,68.58,57.09,1,-1,-1,-1
141,5,1072.19,161.93,33.81,30.28,1,-1,-1,-1
142,1,1110.11,170.67,38.36,29.80,1,-1,-1,-1
142,2,1027.32,155.77,56.60,41.21,1,-1,-1,-1
142,3,969.54,319.08,137.28,105.50,1,-1,-1,-1
142,4,893.03,135.82,69.50,58.87,1,-1,-1,-1
142,5,1072.09,161.83,33.85,30.13,1,-1,-1,-1
143,1,1110.09,170.66,38.37,29.80,1,-1,-1,-1
143,2,1027.78,155.68,55.97,40.70,1,-1,-1,-1
143,3,971.04,314.02,134.53,102.67,1,-1,-1,-1
143,4,891.59,135.35,70.43,60.76,1,-1,-1,-1
143,5,1071.99,161.77,33.88,29.98,1,-1,-1,-1
144,1,1110.08,170.65,38.37,29.80,1,-1,-1,-1
144,2,1028.24,155.69,55.32,40.18,1,-1,-1,-1
144,3,972.48,309.05,131.89,100.02,1,-1,-1,-1
144,4,890.10,135.02,71.38,62.73,1,-1,-1,-1
144,5,1071.90,161.75,33.92,29.82,1,-1,-1,-1
145,1,1110.07,170.64,38.38,29.80,1,-1,-1,-1
145,2,1028.69,155.79,54.67,39.66,1,-1,-1,-1
145,3,973.86,304.14,129.36,97.58,1,-1,-1,-1
145,4,888.54,134.84,72.36,64.76,1,-1,-1,-1
145,5,1071.80,161.78,33.95,29.67,1,-1,-1,-1
146,1,1110.05,170.63,38.38,29.80,1,-1,-1,-1
146,2,1029.15,155.97,54.01,39.12,1,-1,-1,-1
146,3,975.18,299.26,126.93,95.39,1,-1,-1,-1
146,4,886.92,134.80,73.37,66.81,1,-1,-1,-1
146,5,1071.70,161.85,33.98,29.51,1,-1,-1,-1
147,1,1110.04,170.62,38.39,29.80,1,-1,-1,-1
147,2,1029.60,156.23,53.34,38.58,1,-1,-1,-1
147,3,976.46,294.39,124.59,93.47,1,-1,-1,-1
147,4,885.24,134.89,74.44,68.87,1,-1,-1,-1
147,5,1071.60,161.96,34.02,29.35,1,-1,-1,-1
148,1,1110.03,170.61,38.40,29.80,1,-1,-1,-1
148,2,1030.06,156.55,52.66,38.04,1,-1,-1,-1
148,3,977.70,289.52,122.36,91.82,1,-1,-1,-1
148,4,883.52,135.11,75.56,70.88,1,-1,-1,-1
148,5,1071.50,162.11,34.05,29.19,1,-1,-1,-1
149,1,1110.01,170.60,38.40,29.80,1,-1,-1,-1
149,2,1030.50,156.94,51.97,37.49,1,-1,-1,-1
149,3,978.91,284.67,120.21,90.44,1,-1,-1,-1
149,4,881.76,135.47,76.72,72.80,1,-1,-1,-1
149,5,1071.41,162.30,34.08,29.03,1,-1,-1,-1
150,1,1110.00,170.59,38.41,29.80,1,-1,-1,-1
150,2,1030.94,157.39,51.27,36.94,1,-1,-1,-1
150,3,980.09,279.84,118.15,89.32,1,-1,-1,-1
150,4,879.96,136.00,77.92,74.58,1,-1,-1,-1
150,5,1071.31,162.52,34.12,28.87,1,-1,-1,-1
151,1,1109.99,170.57,38.41,29.80,1,-1,-1,-1
151,2,1031.37,157.89,50.57,36.38,1,-1,-1,-1
151,3,981.23,275.06,116.18,88.42,1,-1,-1,-1
151,4,878.13,136.73,79.14,76.15,1,-1,-1,-1
151,5,1071.21,162.77,34.15,28.71,1,-1,-1,-1
152,1,1109.97,170.56,38.42,29.80,1,-1,-1,-1
152,2,1031.79,158.44,49.88,35.82,1,-1,-1,-1
152,3,982.35,270.34,114.30,87.72,1,-1,-1,-1
152,4,876.28,137.70,80.38,77.49,1,-1,-1,-1
152,5,1071.11,163.05,34.19,28.55,1,-1,-1,-1
153,1,1109.96,170.55,38.43,29.80,1,-1,-1,-1
153,2,1032.19,159.04,49.18,35.27,1,-1,-1,-1
153,3,983.44,265.71,112.50,87.15,1,-1,-1,-1
153,4,874.41,138.92,81.61,78.55,1,-1,-1,-1
153,5,1071.01,163.36,34.22,28.40,1,-1,-1,-1
154,1,1109.95,170.54,38.43,29.81,1,-1,-1,-1
154,2,1032.58,159.67,48.49,34.71,1,-1,-1,-1
154,3,984.50,261.20,110.79,86.68,1,-1,-1,-1
154,4,872.53,140.40,82.82,79.35,1,-1,-1,-1
154,5,1070.92,163.69,34.25,28.24,1,-1,-1,-1
155,1,1109.93,170.53,38.44,29.81,1,-1,-1,-1
155,2,1032.94,160.35,47.82,34.16,1,-1,-1,-1
155,3,985.53,256.84,109.17,86.25,1,-1,-1,-1
155,4,870.64,142.11,84.01,79.92,1,-1,-1,-1
155,5,1070.82,164.05,34.29,28.09,1,-1,-1,-1
156,1,1109.92,170.52,38.44,29.81,1,-1,-1,-1
156,2,1033.27,161.07,47.15,33.62,1,-1,-1,-1
156,3,986.54,252.64,107.63,85.81,1,-1,-1,-1
156,4,868.73,144.02,85.16,80.29,1,-1,-1,-1
156,5,1070.72,164.42,34.32,27.95,1,-1,-1,-1
157,1,1109.91,170.51,38.45,29.81,1,-1,-1,-1
157,2,1033.57,161.83,46.51,33.08,1,-1,-1,-1
157,3,987.53,248.63,106.17,85.30,1,-1,-1,-1
157,4,866.82,146.07,86.29,80.55,1,-1,-1,-1
157,5,1070.62,164.80,34.35,27.80,1,-1,-1,-1
158,1,1109.89,170.50,38.46,29.81,1,-1,-1,-1
158,2,1033.84,162.63,45.89,32.55,1,-1,-1,-1
158,3,988.48,244.80,104.79,84.70,1,-1,-1,-1
158,4,864.89,148.20,87.39,80.75,1,-1,-1,-1
158,5,1070.52,165.20,34.39,27.67,1,-1,-1,-1
159,1,1109.88,170.49,38.46,29.81,1,-1,-1,-1
159,2,1034.08,163.49,45.30,32.04,1,-1,-1,-1
159,3,989.41,241.17,103.50,83.99,1,-1,-1,-1
159,4,862.96,150.36,88.45,80.96,1,-1,-1,-1
159,5,1070.43,165.61,34.42,27.54,1,-1,-1,-1
160,1,1109.87,170.48,38.47,29.81,1,-1,-1,-1
160,2,1034.28,164.40,44.74,31.53,1,-1,-1,-1
160,3,990.32,237.71,102.27,83.15,1,-1,-1,-1
160,4,861.02,152.49,89.50,81.25,1,-1,-1,-1
160,5,1070.33,166.02,34.45,27.42,1,-1,-1,-1
160,6,752.06,839.61,404.76,257.95,1,-1,-1,-1
161,1,1109.85,170.47,38.48,29.81,1,-1,-1,-1
161,2,1034.44,165.36,44.22,31.04,1,-1,-1,-1
161,3,991.20,234.43,101.12,82.19,1,-1,-1,-1
161,4,859.07,154.57,90.54,81.63,1,-1,-1,-1
161,5,1070.23,166.44,34.49,27.31,1,-1,-1,-1
161,6,765.25,803.74,390.34,264.54,1,-1,-1,-1
162,1,1109.84,170.45,38.48,29.81,1,-1,-1,-1
162,2,1034.56,166.39,43.73,30.55,1,-1,-1,-1
162,3,992.06,231.31,100.04,81.11,1,-1,-1,-1
162,4,857.09,156.58,91.57,82.15,1,-1,-1,-1
162,5,1070.13,166.87,34.52,27.22,1,-1,-1,-1
162,6,778.11,769.36,376.18,267.73,1,-1,-1,-1
163,1,1109.82,170.44,38.49,29.81,1,-1,-1,-1
163,2,1034.64,167.48,43.28,30.08,1,-1,-1,-1
163,3,992.90,228.34,99.02,79.91,1,-1,-1,-1
163,4,855.09,158.51,92.61,82.80,1,-1,-1,-1
163,5,1070.03,167.29,34.56,27.13,1,-1,-1,-1
163,6,790.59,736.56,362.31,267.49,1,-1,-1,-1
164,1,1109.81,170.43,38.49,29.81,1,-1,-1,-1
164,2,1034.68,168.62,42.88,29.63,1,-1,-1,-1
164,3,993.72,225.52,98.05,78.61,1,-1,-1,-1
164,4,853.05,160.40,93.65,83.56,1,-1,-1,-1
164,5,1069.94,167.71,34.59,27.06,1,-1,-1,-1
164,6,802.67,705.41,348.78,264.06,1,-1,-1,-1
165,1,1109.80,170.42,38.50,29.81,1,-1,-1,-1
165,2,1034.67,169.83,42.52,29.19,1,-1,-1,-1
165,3,994.52,222.84,97.13,77.20,1,-1,-1,-1
165,4,850.97,162.28,94.71,84.42,1,-1,-1,-1
165,5,1069.84,168.13,34.62,27.00,1,-1,-1,-1
165,6,814.29,676.00,335.64,257.90,1,-1,-1,-1
166,1,1109.78,170.41,38.51,29.81,1,-1,-1,-1
166,2,1034.62,171.08,42.20,28.77,1,-1,-1,-1
166,3,995.32,220.30,96.25,75.68,1,-1,-1,-1
166,4,848.86,164.18,95.79,85.33,1,-1,-1,-1
166,5,1069.74,168.54,34.66,26.95,1,-1,-1,-1
166,6,825.45,648.34,322.91,249.66,1,-1,-1,-1
167,1,1109.77,170.40,38.51,29.81,1,-1,-1,-1
167,2,1034.53,172.38,41.94,28.37,1,-1,-1,-1
167,3,996.10,217.91,95.40,74.06,1,-1,-1,-1
167,4,846.71,166.15,96.87,86.24,1,-1,-1,-1
167,5,1069.64,168.94,34.69,26.91,1,-1,-1,-1
167,6,836.11,622.46,310.64,240.13,1,-1,-1,-1
168,1,1109.76,170.39,38.52,29.81,1,-1,-1,-1
168,2,1034.39,173.72,41.71,27.99,1,-1,-1,-1
168,3,996.87,215.65,94.59,72.36,1,-1,-1,-1
168,4,844.52,168.24,97.95,87.12,1,-1,-1,-1
168,5,1069.54,169.32,34.72,26.88,1,-1,-1,-1
168,6,846.25,598.33,298.85,230.02,1,-1,-1,-1
169,1,1109.74,170.38,38.52,29.82,1,-1,-1,-1
169,2,1034.21,175.08,41.54,27.64,1,-1,-1,-1
169,3,997.64,213.49,93.79,70.60,1,-1,-1,-1
169,4,842.30,170.50,99.03,87.91,1,-1,-1,-1
169,5,1069.44,169.69,34.76,26.86,1,-1,-1,-1
169,6,855.86,575.90,287.58,220.00,1,-1,-1,-1
170,1,1109.73,170.37,38.53,29.82,1,-1,-1,-1
170,2,1033.98,176.45,41.41,27.32,1,-1,-1,-1
170,3,998.40,211.43,93.02,68.83,1,-1,-1,-1
170,4,840.03,172.96,100.10,88.56,1,-1,-1,-1
170,5,1069.35,170.04,34.79,26.85,1,-1,-1,-1
170,6,864.93,555.10,276.85,210.52,1,-1,-1,-1
171,1,1109.72,170.36,38.54,29.82,1,-1,-1,-1
171,2,1033.71,177.81,41.32,27.03,1,-1,-1,-1
171,3,999.15,209.42,92.26,67.10,1,-1,-1,-1
171,4,837.71,175.68,101.18,89.03,1,-1,-1,-1
171,5,1069.25,170.36,34.83,26.83,1,-1,-1,-1
171,6,873.47,535.84,266.65,201.84,1,-1,-1,-1
172,1,1109.70,170.35,38.54,29.82,1,-1,-1,-1
172,2,1033.40,179.14,41.28,26.77,1,-1,-1,-1
172,3,999.89,207.43,91.51,65.45,1,-1,-1,-1
172,4,835.32,178.69,102.28,89.30,1,-1,-1,-1
172,5,1069.15,170.65,34.86,26.82,1,-1,-1,-1
172,6,881.47,518.00,257.01,194.06,1,-1,-1,-1
173,1,1109.69,170.33,38.55,29.82,1,-1,-1,-1
173,2,1033.05,180.43,41.27,26.56,1,-1,-1,-1
173,3,1000.63,205.44,90.78,63.95,1,-1,-1,-1
173,4,832.84,181.99,103.41,89.34,1,-1,-1,-1
173,5,1069.05,170.91,34.89,26.80,1,-1,-1,-1
173,6,888.95,501.48,247.92,187.14,1,-1,-1,-1
174,1,1109.68,170.32,38.55,29.82,1,-1,-1,-1
174,2,1032.65,181.65,41.29,26.39,1,-1,-1,-1
174,3,1001.35,203.42,90.06,62.65,1,-1,-1,-1
174,4,830.26,185.60,104.60,89.17,1,-1,-1,-1
174,5,1068.95,171.13,34.93,26.78,1,-1,-1,-1
174,6,895.92,486.16,239.38,181.00,1,-1,-1,-1
175,1,1109.66,170.31,38.56,29.82,1,-1,-1,-1
175,2,1032.23,182.78,41.33,26.27,1,-1,-1,-1
175,3,1002.06,201.35,89.34,61.58,1,-1,-1,-1
175,4,827.54,189.48,105.87,88.82,1,-1,-1,-1
175,5,1068.86,171.32,34.96,26.76,1,-1,-1,-1
175,6,902.41,471.91,231.36,175.52,1,-1,-1,-1
176,1,1109.65,170.30,38.57,29.82,1,-1,-1,-1
176,2,1031.77,183.80,41.40,26.20,1,-1,-1,-1
176,3,1002.76,199.22,88.64,60.76,1,-1,-1,-1
176,4,824.69,193.60,107.27,88.32,1,-1,-1,-1
176,6,908.44,458.63,223.87,170.56,1,-1,-1,-1
177,1,1109.64,170.29,38.57,29.82,1,-1,-1,-1
177,2,1031.29,184.69,41.47,26.20,1,-1,-1,-1
177,3,1003.43,197.04,87.94,60.20,1,-1,-1,-1
177,4,821.66,197.89,108.81,87.76,1,-1,-1,-1
177,6,914.04,446.20,216.86,166.00,1,-1,-1,-1
177,7,1073.43,179.99,31.88,28.96,1,-1,-1,-1
178,1,1109.62,170.28,38.58,29.82,1,-1,-1,-1
178,2,1030.79,185.44,41.55,26.25,1,-1,-1,-1
178,3,1004.09,194.82,87.26,59.87,1,-1,-1,-1
178,4,818.46,202.28,110.52,87.24,1,-1,-1,-1
178,6,919.24,434.52,210.32,161.70,1,-1,-1,-1
178,7,1074.15,179.04,31.64,29.11,1,-1,-1,-1
179,1,1109.61,170.27,38.58,29.82,1,-1,-1,-1
179,2,1030.29,186.05,41.62,26.37,1,-1,-1,-1
179,3,1004.72,192.58,86.59,59.73,1,-1,-1,-1
179,4,815.07,206.67,112.43,86.88,1,-1,-1,-1
179,6,924.06,423.51,204.22,157.56,1,-1,-1,-1
179,7,1074.88,178.08,31.40,29.27,1,-1,-1,-1
180,1,1109.59,170.26,38.59,29.82,1,-1,-1,-1
180,2,1029.78,186.49,41.67,26.55,1,-1,-1,-1
180,3,1005.34,190.34,85.94,59.72,1,-1,-1,-1
180,4,811.48,210.96,114.55,86.79,1,-1,-1,-1
180,6,928.55,413.07,198.52,153.51,1,-1,-1,-1
180,7,1075.61,177.12,31.15,29.42,1,-1,-1,-1
181,1,1109.58,170.25,38.60,29.82,1,-1,-1,-1
181,3,1005.92,188.14,85.30,59.79,1,-1,-1,-1
181,4,807.70,215.10,116.89,87.08,1,-1,-1,-1
181,6,932.73,403.14,193.19,149.51,1,-1,-1,-1
181,7,1076.33,176.16,30.91,29.58,1,-1,-1,-1
181,8,928.06,181.03,30.30,22.50,1,-1,-1,-1
182,1,1109.57,170.24,38.60,29.82,1,-1,-1,-1
182,3,1006.48,186.00,84.68,59.86,1,-1,-1,-1
182,4,803.73,219.01,119.41,87.84,1,-1,-1,-1
182,6,936.63,393.65,188.20,145.53,1,-1,-1,-1
182,7,1077.06,175.21,30.67,29.74,1,-1,-1,-1
182,8,926.56,180.21,31.90,23.33,1,-1,-1,-1
183,1,1109.55,170.23,38.61,29.82,1,-1,-1,-1
183,3,1007.00,183.95,84.09,59.87,1,-1,-1,-1
183,4,799.60,222.69,122.11,89.13,1,-1,-1,-1
183,6,940.29,384.55,183.51,141.58,1,-1,-1,-1
183,7,1077.79,174.25,30.43,29.89,1,-1,-1,-1
183,8,925.11,179.34,33.44,24.15,1,-1,-1,-1
184,1,1109.54,170.22,38.61,29.83,1,-1,-1,-1
184,3,1007.50,182.01,83.52,59.76,1,-1,-1,-1
184,4,795.31,226.14,124.94,90.96,1,-1,-1,-1
184,6,943.73,375.80,179.09,137.68,1,-1,-1,-1
184,7,1078.51,173.29,30.18,30.05,1,-1,-1,-1
184,8,923.70,178.41,34.93,24.97,1,-1,-1,-1
185,1,1109.53,170.20,38.62,29.83,1,-1,-1,-1
185,3,1007.95,180.18,82.97,59.50,1,-1,-1,-1
185,4,790.89,229.39,127.88,93.33,1,-1,-1,-1
185,6,946.96,367.38,174.90,133.84,1,-1,-1,-1
185,7,1079.24,172.33,29.94,30.20,1,-1,-1,-1
185,8,922.35,177.43,36.35,25.78,1,-1,-1,-1
186,1,1109.51,170.19,38.63,29.83,1,-1,-1,-1
186,3,1008.37,178.46,82.46,59.05,1,-1,-1,-1
186,4,786.36,232.46,130.87,96.21,1,-1,-1,-1
186,6,950.03,359.28,170.89,130.09,1,-1,-1,-1
186,7,1079.96,171.38,29.70,30.36,1,-1,-1,-1
186,8,921.04,176.42,37.70,26.58,1,-1,-1,-1
187,1,1109.50,170.18,38.63,29.83,1,-1,-1,-1
187,3,1008.75,176.83,81.99,58.43,1,-1,-1,-1
187,4,781.73,235.39,133.88,99.57,1,-1,-1,-1
187,6,952.94,351.50,167.04,126.43,1,-1,-1,-1
187,7,1080.69,170.42,29.46,30.51,1,-1,-1,-1
187,8,919.76,175.37,38.99,27.37,1,-1,-1,-1
188,1,1109.49,170.17,38.64,29.83,1,-1,-1,-1
188,3,1009.08,175.29,81.56,57.65,1,-1,-1,-1
188,4,777.00,238.23,136.88,103.33,1,-1,-1,-1
188,6,955.71,344.02,163.33,122.88,1,-1,-1,-1
188,7,1081.42,169.46,29.21,30.67,1,-1,-1,-1
188,8,918.53,174.29,40.20,28.14,1,-1,-1,-1
189,1,1109.47,170.16,38.64,29.83,1,-1,-1,-1
189,3,1009.37,173.80,81.17,56.74,1,-1,-1,-1
189,4,772.17,241.05,139.83,107.43,1,-1,-1,-1
189,6,958.36,336.86,159.71,119.43,1,-1,-1,-1
189,7,1082.14,168.50,28.97,30.83,1,-1,-1,-1
189,8,917.33,173.19,41.34,28.90,1,-1,-1,-1
190,1,1109.46,170.15,38.65,29.83,1,-1,-1,-1
190,3,1009.61,172.35,80.82,55.75,1,-1,-1,-1
190,4,767.24,243.91,142.72,111.79,1,-1,-1,-1
190,6,960.90,330.01,156.17,116.07,1,-1,-1,-1
190,7,1082.87,167.55,28.73,30.98,1,-1,-1,-1
190,8,916.16,172.08,42.39,29.63,1,-1,-1,-1
191,1,1109.45,170.14,38.66,29.83,1,-1,-1,-1
191,3,1009.81,170.90,80.51,54.73,1,-1,-1,-1
191,4,762.18,246.90,145.55,116.30,1,-1,-1,-1
191,6,963.34,323.46,152.68,112.81,1,-1,-1,-1
191,7,1083.60,166.59,28.49,31.14,1,-1,-1,-1
191,8,915.02,170.96,43.37,30.33,1,-1,-1,-1
192,1,1109.43,170.13,38.66,29.83,1,-1,-1,-1
192,3,1009.97,169.44,80.24,53.73,1,-1,-1,-1
192,4,756.98,250.11,148.31,120.88,1,-1,-1,-1
192,6,965.69,317.20,149.25,109.65,1,-1,-1,-1
192,7,1084.32,165.63,28.24,31.29,1,-1,-1,-1
192,8,913.90,169.84,44.26,31.01,1,-1,-1,-1
193,1,1109.42,170.12,38.67,29.83,1,-1,-1,-1
193,3,1010.10,167.96,80.01,52.78,1,-1,-1,-1
193,4,751.60,253.63,151.04,125.42,1,-1,-1,-1
193,6,967.94,311.22,145.85,106.61,1,-1,-1,-1
193,8,912.81,168.72,45.07,31.65,1,-1,-1,-1
194,1,1109.41,170.11,38.67,29.83,1,-1,-1,-1
194,3,1010.20,166.47,79.81,51.90,1,-1,-1,-1
194,4,746.02,257.52,153.76,129.85,1,-1,-1,-1
194,6,970.11,305.48,142.49,103.71,1,-1,-1,-1
194,8,911.74,167.62,45.81,32.25,1,-1,-1,-1
195,1,1109.39,170.10,38.68,29.83,1,-1,-1,-1
195,3,1010.28,164.97,79.62,51.11,1,-1,-1,-1
195,4,740.21,261.84,156.51,134.11,1,-1,-1,-1
195,6,972.19,299.98,139.17,100.99,1,-1,-1,-1
195,8,910.68,166.53,46.46,32.83,1,-1,-1,-1
196,1,1109.38,170.08,38.69,29.83,1,-1,-1,-1
196,3,1010.35,163.48,79.46,50.42,1,-1,-1,-1
196,4,734.15,266.62,159.32,138.14,1,-1,-1,-1
196,6,974.18,294.67,135.89,98.49,1,-1,-1,-1
196,8,909.64,165.47,47.05,33.37,1,-1,-1,-1
197,1,1109.37,170.07,38.69,29.83,1,-1,-1,-1
197,3,1010.42,162.01,79.29,49.81,1,-1,-1,-1
197,4,727.82,271.89,162.23,141.92,1,-1,-1,-1
197,6,976.08,289.54,132.67,96.23,1,-1,-1,-1
197,8,908.60,164.44,47.56,33.88,1,-1,-1,-1
198,1,1109.35,170.06,38.70,29.83,1,-1,-1,-1
198,3,1010.49,160.59,79.13,49.29,1,-1,-1,-1
198,4,721.20,277.64,165.26,145.46,1,-1,-1,-1
198,6,977.88,284.57,129.52,94.25,1,-1,-1,-1
198,8,907.57,163.44,48.01,34.37,1,-1,-1,-1
199,1,1109.34,170.05,38.70,29.84,1,-1,-1,-1
199,3,1010.57,159.22,78.94,48.83,1,-1,-1,-1
199,4,714.30,283.87,168.43,148.78,1,-1,-1,-1
199,6,979.58,279.72,126.45,92.52,1,-1,-1,-1
199,8,906.53,162.48,48.41,34.84,1,-1,-1,-1
200,1,1109.32,170.04,38.71,29.84,1,-1,-1,-1
200,3,1010.67,157.94,78.74,48.42,1,-1,-1,-1
200,4,707.11,290.54,171.77,151.93,1,-1,-1,-1
200,6,981.18,274.98,123.49,91.04,1,-1,-1,-1
200,8,905.49,161.56,48.76,35.29,1,-1,-1,-1
201,1,1109.31,170.03,38.72,29.84,1,-1,-1,-1
201,3,1010.80,156.76,78.52,48.03,1,-1,-1,-1
201,4,699.61,297.63,175.29,154.97,1,-1,-1,-1
201,6,982.67,270.34,120.64,89.80,1,-1,-1,-1
201,8,904.44,160.68,49.07,35.73,1,-1,-1,-1
202,1,1109.30,170.02,38.72,29.84,1,-1,-1,-1
202,3,1010.96,155.69,78.26,47.64,1,-1,-1,-1
202,4,691.81,305.09,179.00,157.98,1,-1,-1,-1
202,6,984.05,265.79,117.94,88.77,1,-1,-1,-1
202,8,903.37,159.86,49.35,36.17,1,-1,-1,-1
203,1,1109.28,170.01,38.73,29.84,1,-1,-1,-1
203,3,1011.15,154.74,77.96,47.25,1,-1,-1,-1
203,4,683.69,312.87,182.95,161.08,1,-1,-1,-1
203,6,985.32,261.33,115.39,87.89,1,-1,-1,-1
203,8,902.28,159.08,49.62,36.61,1,-1,-1,-1
204,1,1109.27,170.00,38.73,29.84,1,-1,-1,-1
204,3,1011.36,153.91,77.64,46.83,1,-1,-1,-1
204,4,675.21,320.91,187.15,164.36,1,-1,-1,-1
204,6,986.47,256.98,113.01,87.11,1,-1,-1,-1
204,8,901.17,158.35,49.87,37.07,1,-1,-1,-1
205,1,1109.26,169.99,38.74,29.84,1,-1,-1,-1
205,3,1011.61,153.21,77.28,46.39,1,-1,-1,-1
205,4,666.34,329.16,191.64,167.94,1,-1,-1,-1
205,6,987.52,252.73,110.80,86.34,1,-1,-1,-1
205,8,900.03,157.67,50.13,37.55,1,-1,-1,-1
206,1,1109.24,169.98,38.75,29.84,1,-1,-1,-1
206,3,1011.89,152.65,76.88,45.91,1,-1,-1,-1
206,4,657.03,337.58,196.46,171.95,1,-1,-1,-1
206,6,988.47,248.59,108.79,85.51,1,-1,-1,-1
206,8,898.86,157.04,50.40,38.07,1,-1,-1,-1
207,1,1109.23,169.96,38.75,29.84,1,-1,-1,-1
207,3,1012.18,152.21,76.45,45.40,1,-1,-1,-1
207,4,647.21,346.16,201.66,176.48,1,-1,-1,-1
207,6,989.32,244.58,106.96,84.58,1,-1,-1,-1
207,8,897.65,156.47,50.70,38.62,1,-1,-1,-1
208,1,1109.22,169.95,38.76,29.84,1,-1,-1,-1
208,3,1012.50,151.90,76.00,44.87,1,-1,-1,-1
208,4,636.78,354.89,207.27,181.62,1,-1,-1,-1
208,6,990.08,240.68,105.32,83.53,1,-1,-1,-1
208,8,896.40,155.95,51.04,39.22,1,-1,-1,-1
209,1,1109.20,169.94,38.76,29.84,1,-1,-1,-1
209,3,1012.83,151.72,75.53,44.32,1,-1,-1,-1
209,4,625.66,363.80,213.33,187.43,1,-1,-1,-1
209,6,990.77,236.91,103.87,82.39,1,-1,-1,-1
209,8,895.11,155.48,51.42,39.86,1,-1,-1,-1
210,1,1109.19,169.93,38.77,29.84,1,-1,-1,-1
210,3,1013.17,151.65,75.03,43.76,1,-1,-1,-1
210,4,613.74,372.93,219.89,193.97,1,-1,-1,-1
210,6,991.40,233.26,102.59,81.20,1,-1,-1,-1
210,8,893.77,155.07,51.86,40.56,1,-1,-1,-1
211,1,1109.18,169.92,38.78,29.84,1,-1,-1,-1
211,3,1013.51,151.70,74.53,43.21,1,-1,-1,-1
211,4,600.92,382.34,226.96,201.25,1,-1,-1,-1
211,6,991.97,229.73,101.47,80.00,1,-1,-1,-1
211,8,892.39,154.71,52.36,41.31,1,-1,-1,-1
212,1,1109.16,169.91,38.78,29.84,1,-1,-1,-1
212,3,1013.86,151.87,74.00,42.67,1,-1,-1,-1
212,4,587.10,392.14,234.57,209.28,1,-1,-1,-1
212,6,992.51,226.31,100.51,78.82,1,-1,-1,-1
212,8,890.96,154.41,52.93,42.10,1,-1,-1,-1
213,1,1109.15,169.90,38.79,29.84,1,-1,-1,-1
213,3,1014.20,152.14,73.47,42.16,1,-1,-1,-1
213,4,572.18,402.42,242.72,218.04,1,-1,-1,-1
213,6,993.03,223.00,99.67,77.67,1,-1,-1,-1
213,8,889.49,154.18,53.58,42.95,1,-1,-1,-1
214,1,1109.14,169.89,38.79,29.85,1,-1,-1,-1
214,3,1014.54,152.53,72.93,41.70,1,-1,-1,-1
214,4,556.09,413.30,251.41,227.49,1,-1,-1,-1
214,6,993.53,219.80,98.95,76.53,1,-1,-1,-1
214,8,887.97,154.00,54.30,43.84,1,-1,-1,-1
215,1,1109.12,169.88,38.80,29.85,1,-1,-1,-1
215,3,1014.87,153.02,72.38,41.30,1,-1,-1,-1
215,4,538.73,424.93,260.66,237.58,1,-1,-1,-1
215,6,994.02,216.71,98.32,75.40,1,-1,-1,-1
215,8,886.41,153.89,55.10,44.77,1,-1,-1,-1
216,1,1109.11,169.87,38.81,29.85,1,-1,-1,-1
216,3,1015.19,153.63,71.81,40.97,1,-1,-1,-1
216,4,520.03,437.46,270.46,248.22,1,-1,-1,-1
216,6,994.53,213.73,97.76,74.23,1,-1,-1,-1
216,8,884.81,153.85,55.97,45.73,1,-1,-1,-1
217,1,1109.09,169.86,38.81,29.85,1,-1,-1,-1
217,3,1015.51,154.34,71.24,40.72,1,-1,-1,-1
217,4,499.92,451.07,280.82,259.31,1,-1,-1,-1
217,6,995.04,210.86,97.26,73.02,1,-1,-1,-1
217,8,883.17,153.88,56.92,46.71,1,-1,-1,-1
218,1,1109.08,169.84,38.82,29.85,1,-1,-1,-1
218,3,1015.82,155.17,70.65,40.56,1,-1,-1,-1
218,4,478.35,465.92,291.78,270.71,1,-1,-1,-1
218,6,995.57,208.10,96.80,71.76,1,-1,-1,-1
218,8,881.50,153.98,57.92,47.71,1,-1,-1,-1
219,1,1109.07,169.83,38.82,29.85,1,-1,-1,-1
219,3,1016.14,156.11,70.03,40.50,1,-1,-1,-1
219,4,455.25,482.19,303.36,282.29,1,-1,-1,-1
219,6,996.12,205.45,96.37,70.45,1,-1,-1,-1
219,8,879.80,154.16,58.99,48.73,1,-1,-1,-1
220,1,1109.05,169.82,38.83,29.85,1,-1,-1,-1
220,3,1016.46,157.16,69.40,40.54,1,-1,-1,-1
220,4,430.58,500.02,315.61,293.88,1,-1,-1,-1
220,6,996.69,202.91,95.94,69.11,1,-1,-1,-1
220,8,878.08,154.41,60.10,49.75,1,-1,-1,-1
221,1,1109.04,169.81,38.84,29.85,1,-1,-1,-1
221,3,1016.79,158.31,68.74,40.68,1,-1,-1,-1
221,4,404.31,519.56,328.60,305.34,1,-1,-1,-1
221,6,997.28,200.50,95.51,67.77,1,-1,-1,-1
221,8,876.35,154.75,61.25,50.76,1,-1,-1,-1
222,1,1109.03,169.80,38.84,29.85,1,-1,-1,-1
222,3,1017.13,159.56,68.04,40.90,1,-1,-1,-1
222,4,376.41,540.89,342.40,316.50,1,-1,-1,-1
222,6,997.90,198.20,95.05,66.46,1,-1,-1,-1
222,8,874.61,155.17,62.42,51.77,1,-1,-1,-1
223,1,1109.01,169.79,38.85,29.85,1,-1,-1,-1
223,3,1017.49,160.89,67.30,41.20,1,-1,-1,-1
223,4,346.87,564.08,357.07,327.22,1,-1,-1,-1
223,6,998.54,196.02,94.55,65.23,1,-1,-1,-1
223,8,872.87,155.67,63.60,52.77,1,-1,-1,-1
224,1,1109.00,169.78,38.85,29.85,1,-1,-1,-1
224,3,1017.88,162.29,66.52,41.58,1,-1,-1,-1
224,4,315.71,589.13,372.67,337.41,1,-1,-1,-1
224,6,999.21,193.95,94.00,64.10,1,-1,-1,-1
224,8,871.14,156.26,64.79,53.75,1,-1,-1,-1
224,10,1079.73,166.00,31.91,31.95,1,-1,-1,-1
225,1,1108.99,169.77,38.86,29.85,1,-1,-1,-1
225,3,1018.29,163.73,65.69,42.04,1,-1,-1,-1
225,4,282.97,616.02,389.24,346.96,1,-1,-1,-1
225,6,999.90,191.98,93.38,63.11,1,-1,-1,-1
225,8,869.43,156.94,65.96,54.70,1,-1,-1,-1
225,10,1079.61,166.01,31.95,31.85,1,-1,-1,-1
226,1,1108.97,169.76,38.87,29.85,1,-1,-1,-1
226,3,1018.74,165.19,64.81,42.57,1,-1,-1,-1
226,4,248.68,644.65,406.84,355.87,1,-1,-1,-1
226,6,1000.62,190.09,92.69,62.27,1,-1,-1,-1
226,8,867.73,157.70,67.12,55.63,1,-1,-1,-1
226,10,1079.50,166.02,31.97,31.75,1,-1,-1,-1
227,1,1108.96,169.75,38.87,29.85,1,-1,-1,-1
227,4,212.93,674.87,425.46,364.17,1,-1,-1,-1
227,6,1001.36,188.27,91.90,61.57,1,-1,-1,-1
227,8,866.05,158.55,68.24,56.53,1,-1,-1,-1
227,10,1079.40,166.03,31.99,31.65,1,-1,-1,-1
228,1,1108.95,169.74,38.88,29.85,1,-1,-1,-1
228,4,175.79,706.52,445.12,371.93,1,-1,-1,-1
228,6,1002.12,186.51,91.04,60.98,1,-1,-1,-1
228,8,864.39,159.49,69.33,57.40,1,-1,-1,-1
228,10,1079.32,166.04,31.99,31.54,1,-1,-1,-1
229,1,1108.93,169.72,38.88,29.86,1,-1,-1,-1
229,6,1002.89,184.79,90.09,60.45,1,-1,-1,-1
229,8,862.76,160.52,70.38,58.23,1,-1,-1,-1
229,10,1079.24,166.05,31.98,31.42,1,-1,-1,-1
230,1,1108.92,169.71,38.89,29.86,1,-1,-1,-1
230,6,1003.66,183.11,89.06,59.88,1,-1,-1,-1
230,8,861.14,161.65,71.39,59.02,1,-1,-1,-1
230,10,1079.18,166.06,31.96,31.30,1,-1,-1,-1
231,1,1108.91,169.70,38.90,29.86,1,-1,-1,-1
231,6,1004.43,181.47,87.96,59.23,1,-1,-1,-1
231,8,859.54,162.86,72.35,59.77,1,-1,-1,-1
231,10,1079.13,166.07,31.93,31.17,1,-1,-1,-1
232,1,1108.89,169.69,38.90,29.86,1,-1,-1,-1
232,6,1005.19,179.85,86.82,58.42,1,-1,-1,-1
232,8,857.96,164.17,73.28,60.49,1,-1,-1,-1
232,10,1079.09,166.08,31.89,31.04,1,-1,-1,-1
233,1,1108.88,169.68,38.91,29.86,1,-1,-1,-1
233,6,1005.92,178.26,85.64,57.43,1,-1,-1,-1
233,8,856.39,165.56,74.17,61.16,1,-1,-1,-1
233,10,1079.05,166.08,31.85,30.90,1,-1,-1,-1
234,1,1108.87,169.67,38.91,29.86,1,-1,-1,-1
234,6,1006.63,176.71,84.44,56.26,1,-1,-1,-1
234,8,854.82,167.05,75.03,61.78,1,-1,-1,-1
234,10,1079.02,166.09,31.79,30.75,1,-1,-1,-1
235,1,1108.85,169.66,38.92,29.86,1,-1,-1,-1
235,6,1007.30,175.19,83.23,54.96,1,-1,-1,-1
235,8,853.24,168.62,75.86,62.36,1,-1,-1,-1
235,10,1079.00,166.10,31.73,30.60,1,-1,-1,-1
236,1,1108.84,169.65,38.93,29.86,1,-1,-1,-1
236,6,1007.93,173.70,82.05,53.59,1,-1,-1,-1
236,8,851.67,170.28,76.68,62.90,1,-1,-1,-1
236,10,1078.98,166.11,31.67,30.45,1,-1,-1,-1
237,1,1108.82,169.64,38.93,29.86,1,-1,-1,-1
237,6,1008.51,172.25,80.90,52.22,1,-1,-1,-1
237,8,850.08,172.02,77.49,63.39,1,-1,-1,-1
237,9,931.70,177.75,27.76,25.81,1,-1,-1,-1
237,10,1078.96,166.12,31.61,30.29,1,-1,-1,-1
238,1,1108.81,169.63,38.94,29.86,1,-1,-1,-1
238,6,1009.05,170.82,79.78,50.92,1,-1,-1,-1
238,8,848.48,173.84,78.29,63.84,1,-1,-1,-1
238,9,929.52,177.41,29.75,26.26,1,-1,-1,-1
238,10,1078.95,166.13,31.54,30.13,1,-1,-1,-1
239,1,1108.80,169.62,38.94,29.86,1,-1,-1,-1
239,6,1009.55,169.41,78.71,49.75,1,-1,-1,-1
239,8,846.86,175.72,79.10,64.25,1,-1,-1,-1
239,9,927.33,176.96,31.79,26.72,1,-1,-1,-1
239,10,1078.93,166.14,31.48,29.97,1,-1,-1,-1
240,1,1108.78,169.60,38.95,29.86,1,-1,-1,-1
240,6,1010.00,168.03,77.70,48.75,1,-1,-1,-1
240,8,845.23,177.67,79.92,64.62,1,-1,-1,-1
240,9,925.14,176.41,33.89,27.18,1,-1,-1,-1
240,10,1078.91,166.15,31.41,29.81,1,-1,-1,-1
241,1,1108.77,169.59,38.96,29.86,1,-1,-1,-1
241,6,1010.42,166.66,76.73,47.93,1,-1,-1,-1
241,8,843.58,179.68,80.75,64.96,1,-1,-1,-1
241,9,922.95,175.74,36.03,27.67,1,-1,-1,-1
241,10,1078.89,166.16,31.35,29.65,1,-1,-1,-1
242,1,1108.76,169.58,38.96,29.86,1,-1,-1,-1
242,6,1010.81,165.32,75.81,47.29,1,-1,-1,-1
242,8,841.93,181.73,81.59,65.28,1,-1,-1,-1
242,9,920.77,174.96,38.19,28.17,1,-1,-1,-1
242,10,1078.87,166.17,31.29,29.49,1,-1,-1,-1
243,1,1108.74,169.57,38.97,29.86,1,-1,-1,-1
243,6,1011.18,164.01,74.94,46.81,1,-1,-1,-1
243,8,840.26,183.82,82.44,65.58,1,-1,-1,-1
243,9,918.63,174.06,40.35,28.70,1,-1,-1,-1
243,10,1078.84,166.17,31.24,29.34,1,-1,-1,-1
244,1,1108.73,169.56,38.97,29.87,1,-1,-1,-1
244,6,1011.53,162.74,74.11,46.43,1,-1,-1,-1
244,8,838.58,185.93,83.31,65.88,1,-1,-1,-1
244,9,916.54,173.05,42.49,29.25,1,-1,-1,-1
244,10,1078.81,166.18,31.19,29.18,1,-1,-1,-1
245,1,1108.72,169.55,38.98,29.87,1,-1,-1,-1
245,6,1011.87,161.53,73.31,46.12,1,-1,-1,-1
245,8,836.90,188.07,84.18,66.19,1,-1,-1,-1
245,9,914.52,171.94,44.58,29.84,1,-1,-1,-1
245,10,1078.77,166.19,31.14,29.03,1,-1,-1,-1
246,1,1108.70,169.54,38.99,29.87,1,-1,-1,-1
246,6,1012.21,160.38,72.54,45.81,1,-1,-1,-1
246,8,835.22,190.20,85.06,66.52,1,-1,-1,-1
246,9,912.59,170.72,46.60,30.45,1,-1,-1,-1
246,10,1078.73,166.20,31.11,28.88,1,-1,-1,-1
247,1,1108.69,169.53,38.99,29.87,1,-1,-1,-1
247,6,1012.54,159.32,71.79,45.47,1,-1,-1,-1
247,8,833.53,192.34,85.95,66.90,1,-1,-1,-1
247,9,910.76,169.40,48.52,31.11,1,-1,-1,-1
247,10,1078.68,166.21,31.07,28.74,1,-1,-1,-1
248,1,1108.68,169.52,39.00,29.87,1,-1,-1,-1
248,6,1012.87,158.34,71.06,45.06,1,-1,-1,-1
248,8,831.85,194.46,86.83,67.33,1,-1,-1,-1
248,9,909.07,167.99,50.31,31.80,1,-1,-1,-1
248,10,1078.62,166.22,31.05,28.60,1,-1,-1,-1
249,1,1108.66,169.51,39.00,29.87,1,-1,-1,-1
249,6,1013.20,157.48,70.35,44.59,1,-1,-1,-1
249,8,830.17,196.56,87.72,67.83,1,-1,-1,-1
249,9,907.51,166.50,51.96,32.54,1,-1,-1,-1
249,10,1078.56,166.23,31.03,28.46,1,-1,-1,-1
250,1,1108.65,169.50,39.01,29.87,1,-1,-1,-1
250,6,1013.54,156.72,69.64,44.06,1,-1,-1,-1
250,8,828.48,198.64,88.59,68.40,1,-1,-1,-1
250,9,906.09,164.93,53.45,33.32,1,-1,-1,-1
250,10,1078.50,166.24,31.01,28.33,1,-1,-1,-1
251,1,1108.64,169.48,39.02,29.87,1,-1,-1,-1
251,6,1013.87,156.09,68.96,43.48,1,-1,-1,-1
251,8,826.80,200.69,89.46,69.05,1,-1,-1,-1
251,9,904.81,163.30,54.79,34.16,1,-1,-1,-1
251,10,1078.43,166.25,30.99,28.20,1,-1,-1,-1
252,1,1108.62,169.47,39.02,29.87,1,-1,-1,-1
252,6,1014.20,155.57,68.29,42.89,1,-1,-1,-1
252,8,825.10,202.72,90.32,69.78,1,-1,-1,-1
252,9,903.67,161.62,55.95,35.06,1,-1,-1,-1
252,10,1078.36,166.26,30.98,28.07,1,-1,-1,-1
253,1,1108.61,169.46,39.03,29.87,1,-1,-1,-1
253,6,1014.53,155.18,67.63,42.31,1,-1,-1,-1
253,8,823.40,204.74,91.17,70.61,1,-1,-1,-1
253,9,902.65,159.90,56.97,36.02,1,-1,-1,-1
253,10,1078.28,166.26,30.97,27.95,1,-1,-1,-1
254,1,1108.59,169.45,39.03,29.87,1,-1,-1,-1
254,6,1014.85,154.91,66.99,41.75,1,-1,-1,-1
254,8,821.67,206.74,92.01,71.51,1,-1,-1,-1
254,9,901.75,158.15,57.84,37.05,1,-1,-1,-1
254,10,1078.21,166.27,30.97,27.83,1,-1,-1,-1
255,1,1108.58,169.44,39.04,29.87,1,-1,-1,-1
255,6,1015.17,154.76,66.38,41.21,1,-1,-1,-1
255,8,819.93,208.74,92.83,72.49,1,-1,-1,-1
255,9,900.93,156.39,58.58,38.14,1,-1,-1,-1
255,10,1078.12,166.28,30.97,27.72,1,-1,-1,-1
256,1,1108.57,169.43,39.05,29.87,1,-1,-1,-1
256,6,1015.48,154.72,65.78,40.70,1,-1,-1,-1
256,8,818.15,210.75,93.66,73.54,1,-1,-1,-1
256,9,900.18,154.63,59.21,39.30,1,-1,-1,-1
256,10,1078.03,166.29,30.98,27.60,1,-1,-1,-1
257,1,1108.55,169.42,39.05,29.87,1,-1,-1,-1
257,6,1015.79,154.78,65.20,40.20,1,-1,-1,-1
257,8,816.33,212.77,94.47,74.66,1,-1,-1,-1
257,9,899.47,152.89,59.75,40.52,1,-1,-1,-1
257,10,1077.93,166.30,31.00,27.50,1,-1,-1,-1
258,1,1108.54,169.41,39.06,29.88,1,-1,-1,-1
258,6,1016.10,154.96,64.64,39.71,1,-1,-1,-1
258,8,814.46,214.84,95.29,75.84,1,-1,-1,-1
258,9,898.79,151.18,60.23,41.80,1,-1,-1,-1
258,10,1077.83,166.31,31.02,27.39,1,-1,-1,-1
259,1,1108.53,169.40,39.06,29.88,1,-1,-1,-1
259,6,1016.41,155.22,64.09,39.21,1,-1,-1,-1
259,8,812.53,216.94,96.12,77.06,1,-1,-1,-1
259,9,898.10,149.53,60.66,43.14,1,-1,-1,-1
259,10,1077.71,166.32,31.05,27.29,1,-1,-1,-1
260,1,1108.51,169.39,39.07,29.88,1,-1,-1,-1
260,6,1016.73,155.59,63.54,38.70,1,-1,-1,-1
260,8,810.53,219.11,96.96,78.33,1,-1,-1,-1
260,9,897.38,147.96,61.08,44.53,1,-1,-1,-1
260,10,1077.59,166.33,31.09,27.20,1,-1,-1,-1
261,1,1108.50,169.38,39.08,29.88,1,-1,-1,-1
261,6,1017.07,156.03,62.98,38.17,1,-1,-1,-1
261,8,808.45,221.34,97.83,79.63,1,-1,-1,-1
261,9,896.63,146.48,61.50,45.96,1,-1,-1,-1
261,10,1077.45,166.34,31.15,27.10,1,-1,-1,-1
262,1,1108.49,169.36,39.08,29.88,1,-1,-1,-1
262,6,1017.44,156.56,62.42,37.63,1,-1,-1,-1
262,8,806.27,223.65,98.72,80.97,1,-1,-1,-1
262,9,895.80,145.12,61.94,47.43,1,-1,-1,-1
262,10,1077.31,166.35,31.21,27.01,1,-1,-1,-1
263,1,1108.47,169.35,39.09,29.88,1,-1,-1,-1
263,6,1017.83,157.16,61.84,37.08,1,-1,-1,-1
263,8,803.99,226.05,99.65,82.32,1,-1,-1,-1
263,9,894.90,143.89,62.42,48.91,1,-1,-1,-1
263,10,1077.15,166.35,31.28,26.93,1,-1,-1,-1
264,1,1108.46,169.34,39.09,29.88,1,-1,-1,-1
264,6,1018.25,157.83,61.23,36.51,1,-1,-1,-1
264,8,801.59,228.54,100.64,83.70,1,-1,-1,-1
264,9,893.90,142.81,62.96,50.40,1,-1,-1,-1
264,10,1076.99,166.36,31.37,26.85,1,-1,-1,-1
265,1,1108.45,169.33,39.10,29.88,1,-1,-1,-1
265,6,1018.70,158.56,60.59,35.92,1,-1,-1,-1
265,8,799.07,231.14,101.67,85.09,1,-1,-1,-1
265,9,892.80,141.90,63.56,51.89,1,-1,-1,-1
265,10,1076.81,166.37,31.46,26.77,1,-1,-1,-1
266,1,1108.43,169.32,39.11,29.88,1,-1,-1,-1
266,6,1019.20,159.36,59.91,35.32,1,-1,-1,-1
266,8,796.41,233.85,102.77,86.48,1,-1,-1,-1
266,9,891.59,141.16,64.24,53.38,1,-1,-1,-1
266,10,1076.63,166.38,31.57,26.69,1,-1,-1,-1
267,1,1108.42,169.31,39.11,29.88,1,-1,-1,-1
267,6,1019.74,160.21,59.19,34.69,1,-1,-1,-1
267,8,793.62,236.67,103.94,87.89,1,-1,-1,-1
267,9,890.27,140.60,64.99,54.85,1,-1,-1,-1
267,10,1076.43,166.39,31.68,26.62,1,-1,-1,-1
268,1,1108.41,169.30,39.12,29.88,1,-1,-1,-1
268,6,1020.32,161.11,58.42,34.05,1,-1,-1,-1
268,8,790.68,239.62,105.18,89.29,1,-1,-1,-1
268,9,888.85,140.22,65.82,56.30,1,-1,-1,-1
268,10,1076.23,166.40,31.80,26.55,1,-1,-1,-1
269,1,1108.39,169.29,39.12,29.88,1,-1,-1,-1
269,6,1020.95,162.05,57.59,33.40,1,-1,-1,-1
269,8,787.59,242.70,106.50,90.70,1,-1,-1,-1
269,9,887.32,140.03,66.73,57.72,1,-1,-1,-1
269,10,1076.02,166.41,31.93,26.49,1,-1,-1,-1
269,11,757.84,862.77,378.26,223.50,1,-1,-1,-1
270,1,1108.38,169.28,39.13,29.88,1,-1,-1,-1
270,6,1021.62,163.02,56.72,32.75,1,-1,-1,-1
270,8,784.35,245.90,107.89,92.11,1,-1,-1,-1
270,9,885.70,140.02,67.71,59.12,1,-1,-1,-1
270,10,1075.80,166.42,32.06,26.42,1,-1,-1,-1
270,11,768.11,828.50,366.74,241.61,1,-1,-1,-1
271,1,1108.37,169.27,39.14,29.88,1,-1,-1,-1
271,6,1022.35,164.02,55.78,32.10,1,-1,-1,-1
271,8,780.96,249.23,109.36,93.54,1,-1,-1,-1
271,9,884.00,140.18,68.76,60.49,1,-1,-1,-1
271,10,1075.58,166.43,32.20,26.36,1,-1,-1,-1
271,11,778.54,795.12,355.05,253.40,1,-1,-1,-1
272,1,1108.35,169.26,39.14,29.88,1,-1,-1,-1
272,6,1023.12,165.02,54.79,31.47,1,-1,-1,-1
272,8,777.40,252.69,110.91,94.97,1,-1,-1,-1
272,9,882.21,140.51,69.86,61.84,1,-1,-1,-1
272,10,1075.37,166.43,32.33,26.29,1,-1,-1,-1
272,11,789.01,762.90,343.32,258.03,1,-1,-1,-1
273,1,1108.34,169.24,39.15,29.89,1,-1,-1,-1
273,6,1023.94,166.02,53.73,30.84,1,-1,-1,-1
273,8,773.69,256.27,112.54,96.43,1,-1,-1,-1
273,9,880.37,140.98,71.00,63.15,1,-1,-1,-1
273,10,1075.15,166.44,32.47,26.23,1,-1,-1,-1
273,11,799.40,732.10,331.68,256.38,1,-1,-1,-1
274,1,1108.32,169.23,39.15,29.89,1,-1,-1,-1
274,6,1024.80,166.99,52.61,30.23,1,-1,-1,-1
274,8,769.82,259.97,114.24,97.92,1,-1,-1,-1
274,9,878.47,141.60,72.18,64.44,1,-1,-1,-1
274,10,1074.94,166.45,32.60,26.16,1,-1,-1,-1
274,11,809.57,702.91,320.25,250.53,1,-1,-1,-1
275,1,1108.31,169.22,39.16,29.89,1,-1,-1,-1
275,6,1025.72,167.95,51.42,29.62,1,-1,-1,-1
275,8,765.79,263.79,116.02,99.45,1,-1,-1,-1
275,9,876.53,142.33,73.38,65.70,1,-1,-1,-1
275,10,1074.73,166.46,32.72,26.09,1,-1,-1,-1
275,11,819.42,675.44,309.15,242.80,1,-1,-1,-1
276,1,1108.30,169.21,39.17,29.89,1,-1,-1,-1
276,6,1026.68,168.86,50.17,29.02,1,-1,-1,-1
276,8,761.60,267.72,117.88,101.03,1,-1,-1,-1
276,9,874.56,143.18,74.58,66.95,1,-1,-1,-1
276,10,1074.53,166.47,32.84,26.02,1,-1,-1,-1
276,11,828.85,649.70,298.46,234.61,1,-1,-1,-1
277,1,1108.28,169.20,39.17,29.89,1,-1,-1,-1
277,6,1027.70,169.73,48.83,28.43,1,-1,-1,-1
277,8,757.24,271.76,119.81,102.68,1,-1,-1,-1
277,9,872.57,144.13,75.78,68.17,1,-1,-1,-1
277,10,1074.34,166.48,32.95,25.94,1,-1,-1,-1
277,11,837.81,625.62,288.25,226.55,1,-1,-1,-1
278,1,1108.27,169.19,39.18,29.89,1,-1,-1,-1
278,6,1028.76,170.56,47.42,27.84,1,-1,-1,-1
278,8,752.71,275.90,121.82,104.39,1,-1,-1,-1
278,9,870.58,145.15,76.95,69.38,1,-1,-1,-1
278,10,1074.16,166.49,33.05,25.86,1,-1,-1,-1
278,11,846.23,603.09,278.57,218.78,1,-1,-1,-1
279,1,1108.26,169.18,39.18,29.89,1,-1,-1,-1
279,6,1029.88,171.33,45.93,27.26,1,-1,-1,-1
279,8,748.01,280.15,123.90,106.19,1,-1,-1,-1
279,9,868.59,146.25,78.08,70.58,1,-1,-1,-1
279,10,1073.99,166.50,33.14,25.78,1,-1,-1,-1
279,11,854.10,581.94,269.44,211.21,1,-1,-1,-1
280,1,1108.24,169.17,39.19,29.89,1,-1,-1,-1
280,6,1031.06,172.05,44.34,26.70,1,-1,-1,-1
280,8,743.14,284.50,126.04,108.07,1,-1,-1,-1
280,9,866.63,147.41,79.16,71.77,1,-1,-1,-1
280,10,1073.83,166.51,33.21,25.70,1,-1,-1,-1
280,11,861.40,562.02,260.88,203.91,1,-1,-1,-1
281,1,1108.23,169.16,39.20,29.89,1,-1,-1,-1
281,6,1032.29,172.71,42.66,26.19,1,-1,-1,-1
281,8,738.09,288.96,128.25,110.04,1,-1,-1,-1
281,9,864.68,148.62,80.18,72.94,1,-1,-1,-1
281,10,1073.69,166.52,33.27,25.61,1,-1,-1,-1
281,11,868.15,543.16,252.88,197.26,1,-1,-1,-1
282,1,1108.22,169.15,39.20,29.89,1,-1,-1,-1
282,6,1033.59,173.29,40.88,25.71,1,-1,-1,-1
282,8,732.85,293.53,130.53,112.11,1,-1,-1,-1
282,9,862.75,149.88,81.15,74.11,1,-1,-1,-1
282,10,1073.56,166.52,33.32,25.51,1,-1,-1,-1
282,11,874.36,525.27,245.41,191.64,1,-1,-1,-1
283,1,1108.20,169.14,39.21,29.89,1,-1,-1,-1
283,6,1034.94,173.78,39.00,25.29,1,-1,-1,-1
283,8,727.42,298.23,132.87,114.28,1,-1,-1,-1
283,9,860.84,151.18,82.05,75.25,1,-1,-1,-1
283,10,1073.44,166.53,33.35,25.42,1,-1,-1,-1
283,11,880.11,508.30,238.41,187.11,1,-1,-1,-1
284,1,1108.19,169.12,39.21,29.89,1,-1,-1,-1
284,6,1036.37,174.17,37.01,24.91,1,-1,-1,-1
284,8,721.79,303.05,135.29,116.56,1,-1,-1,-1
284,9,858.94,152.53,82.91,76.38,1,-1,-1,-1
284,10,1073.34,166.54,33.37,25.32,1,-1,-1,-1
284,11,885.46,492.22,231.80,183.55,1,-1,-1,-1
285,1,1108.18,169.11,39.22,29.89,1,-1,-1,-1
285,6,1037.86,174.45,34.92,24.55,1,-1,-1,-1
285,8,715.95,308.02,137.77,118.93,1,-1,-1,-1
285,9,857.02,153.93,83.72,77.48,1,-1,-1,-1
285,10,1073.26,166.55,33.37,25.21,1,-1,-1,-1
285,11,890.52,477.07,225.49,180.72,1,-1,-1,-1
286,1,1108.16,169.10,39.23,29.89,1,-1,-1,-1
286,6,1039.42,174.60,32.72,24.19,1,-1,-1,-1
286,8,709.89,313.14,140.33,121.41,1,-1,-1,-1
286,9,855.08,155.37,84.52,78.56,1,-1,-1,-1
286,10,1073.18,166.56,33.37,25.10,1,-1,-1,-1
286,11,895.39,462.89,219.36,178.28,1,-1,-1,-1
287,1,1108.15,169.09,39.23,29.89,1,-1,-1,-1
287,6,1041.06,174.62,30.40,23.78,1,-1,-1,-1
287,8,703.60,318.43,142.98,123.98,1,-1,-1,-1
287,9,853.10,156.86,85.32,79.60,1,-1,-1,-1
287,10,1073.11,166.57,33.35,24.99,1,-1,-1,-1
287,11,900.18,449.72,213.31,175.76,1,-1,-1,-1
288,1,1108.14,169.08,39.24,29.90,1,-1,-1,-1
288,6,1042.78,174.48,27.98,23.28,1,-1,-1,-1
288,8,697.06,323.91,145.72,126.65,1,-1,-1,-1
288,9,851.06,158.41,86.12,80.62,1,-1,-1,-1
288,10,1073.05,166.58,33.33,24.88,1,-1,-1,-1
288,11,904.98,437.61,207.26,172.53,1,-1,-1,-1
289,1,1108.12,169.07,39.24,29.90,1,-1,-1,-1
289,6,1044.58,174.18,25.45,22.65,1,-1,-1,-1
289,8,690.27,329.60,148.57,129.41,1,-1,-1,-1
289,9,848.96,160.02,86.95,81.61,1,-1,-1,-1
289,10,1072.99,166.59,33.31,24.76,1,-1,-1,-1
289,11,909.84,426.52,201.15,168.01,1,-1,-1,-1
290,1,1108.11,169.06,39.25,29.90,1,-1,-1,-1
290,8,683.20,335.51,151.53,132.26,1,-1,-1,-1
290,9,846.78,161.70,87.81,82.56,1,-1,-1,-1
290,10,1072.94,166.60,33.28,24.64,1,-1,-1,-1
290,11,914.76,416.37,194.97,161.98,1,-1,-1,-1
291,1,1108.09,169.05,39.26,29.90,1,-1,-1,-1
291,8,675.84,341.68,154.62,135.18,1,-1,-1,-1
291,9,844.52,163.45,88.71,83.49,1,-1,-1,-1
291,10,1072.88,166.61,33.26,24.52,1,-1,-1,-1
291,11,919.73,407.01,188.75,154.90,1,-1,-1,-1
292,1,1108.08,169.04,39.26,29.90,1,-1,-1,-1
292,8,668.18,348.11,157.85,138.17,1,-1,-1,-1
292,9,842.18,165.28,89.65,84.39,1,-1,-1,-1
292,11,924.65,398.28,182.56,147.72,1,-1,-1,-1
293,1,1108.07,169.03,39.27,29.90,1,-1,-1,-1
293,8,660.21,354.83,161.23,141.23,1,-1,-1,-1
293,9,839.77,167.20,90.62,85.26,1,-1,-1,-1
293,11,929.46,390.00,176.50,141.46,1,-1,-1,-1
294,1,1108.05,169.02,39.27,29.90,1,-1,-1,-1
294,8,651.92,361.87,164.78,144.35,1,-1,-1,-1
294,9,837.29,169.22,91.62,86.10,1,-1,-1,-1
294,11,934.05,382.03,170.65,136.78,1,-1,-1,-1
295,1,1108.04,169.00,39.28,29.90,1,-1,-1,-1
295,8,643.29,369.23,168.51,147.51,1,-1,-1,-1
295,9,834.77,171.34,92.64,86.90,1,-1,-1,-1
295,11,938.37,374.28,165.08,133.67,1,-1,-1,-1
296,1,1108.03,168.99,39.29,29.90,1,-1,-1,-1
296,8,634.32,376.95,172.42,150.73,1,-1,-1,-1
296,9,832.21,173.58,93.67,87.67,1,-1,-1,-1
296,11,942.37,366.68,159.83,131.69,1,-1,-1,-1
297,1,1108.01,168.98,39.29,29.90,1,-1,-1,-1
297,8,625.01,385.03,176.54,153.99,1,-1,-1,-1
297,9,829.64,175.92,94.68,88.41,1,-1,-1,-1
297,11,946.02,359.22,154.92,130.28,1,-1,-1,-1
298,1,1108.00,168.97,39.30,29.90,1,-1,-1,-1
298,8,615.34,393.49,180.86,157.29,1,-1,-1,-1
298,9,827.08,178.36,95.67,89.12,1,-1,-1,-1
298,11,949.31,351.94,150.37,128.94,1,-1,-1,-1
299,1,1107.99,168.96,39.30,29.90,1,-1,-1,-1
299,8,605.33,402.33,185.40,160.63,1,-1,-1,-1
299,9,824.53,180.91,96.63,89.79,1,-1,-1,-1
299,11,952.27,344.86,146.16,127.35,1,-1,-1,-1
300,1,1107.97,168.95,39.31,29.90,1,-1,-1,-1
300,8,594.97,411.57,190.17,164.00,1,-1,-1,-1
300,9,822.03,183.55,97.53,90.43,1,-1,-1,-1
300,11,954.91,338.03,142.27,125.35,1,-1,-1,-1
301,1,1107.96,168.94,39.32,29.90,1,-1,-1,-1
301,8,584.26,421.20,195.18,167.41,1,-1,-1,-1
301,9,819.58,186.27,98.38,91.05,1,-1,-1,-1
301,11,957.27,331.47,138.65,122.95,1,-1,-1,-1
302,1,1107.95,168.93,39.32,29.90,1,-1,-1,-1
302,8,573.21,431.23,200.43,170.86,1,-1,-1,-1
302,9,817.20,189.05,99.17,91.66,1,-1,-1,-1
302,11,959.40,325.20,135.26,120.24,1,-1,-1,-1
303,1,1107.93,168.92,39.33,29.91,1,-1,-1,-1
303,8,561.82,441.63,205.92,174.36,1,-1,-1,-1
303,9,814.89,191.88,99.90,92.25,1,-1,-1,-1
303,11,961.37,319.22,132.03,117.34,1,-1,-1,-1
304,1,1107.92,168.91,39.33,29.91,1,-1,-1,-1
304,8,550.11,452.40,211.66,177.91,1,-1,-1,-1
304,9,812.65,194.73,100.56,92.83,1,-1,-1,-1
304,11,963.24,313.52,128.91,114.44,1,-1,-1,-1
305,1,1107.91,168.90,39.34,29.91,1,-1,-1,-1
305,8,538.08,463.53,217.65,181.52,1,-1,-1,-1
305,9,810.50,197.59,101.16,93.42,1,-1,-1,-1
305,11,965.08,308.03,125.81,111.75,1,-1,-1,-1
306,1,1107.89,168.88,39.35,29.91,1,-1,-1,-1
306,8,525.76,474.98,223.88,185.19,1,-1,-1,-1
306,9,808.42,200.44,101.72,94.01,1,-1,-1,-1
306,11,966.96,302.70,122.68,109.43,1,-1,-1,-1
307,1,1107.88,168.87,39.35,29.91,1,-1,-1,-1
307,8,513.16,486.74,230.34,188.94,1,-1,-1,-1
307,9,806.43,203.25,102.23,94.60,1,-1,-1,-1
307,11,968.93,297.42,119.45,107.46,1,-1,-1,-1
308,1,1107.87,168.86,39.36,29.91,1,-1,-1,-1
308,8,500.30,498.79,237.04,192.77,1,-1,-1,-1
308,9,804.50,206.02,102.70,95.21,1,-1,-1,-1
308,11,971.07,292.11,116.05,105.65,1,-1,-1,-1
309,1,1107.85,168.85,39.36,29.91,1,-1,-1,-1
309,8,487.19,511.09,243.95,196.69,1,-1,-1,-1
309,9,802.65,208.73,103.15,95.84,1,-1,-1,-1
309,11,973.43,286.69,112.44,103.60,1,-1,-1,-1
310,1,1107.84,168.84,39.37,29.91,1,-1,-1,-1
310,8,473.85,523.63,251.07,200.70,1,-1,-1,-1
310,9,800.86,211.37,103.57,96.48,1,-1,-1,-1
310,11,976.07,281.07,108.55,100.86,1,-1,-1,-1
