1,1,1119.120,170.777,42.250,24.968,1,-1,-1,-1
2,1,1117.647,169.398,41.143,24.686,1,-1,-1,-1
3,1,1116.364,169.610,45.921,25.910,1,-1,-1,-1
4,1,1121.865,170.980,41.546,24.395,1,-1,-1,-1
5,1,1121.267,170.306,41.141,25.477,1,-1,-1,-1
6,1,1117.839,169.741,46.380,25.809,1,-1,-1,-1
7,1,1117.383,169.639,41.930,24.982,1,-1,-1,-1
8,1,1117.893,169.543,40.812,24.537,1,-1,-1,-1
9,1,1118.713,169.596,41.301,25.466,1,-1,-1,-1
10,1,1121.644,170.894,43.078,24.651,1,-1,-1,-1
11,1,1120.804,170.853,42.028,24.688,1,-1,-1,-1
12,1,1117.308,169.084,42.277,25.687,1,-1,-1,-1
13,1,1117.141,170.021,42.409,24.859,1,-1,-1,-1
14,1,1121.076,171.255,42.612,24.290,1,-1,-1,-1
15,1,1121.151,171.029,42.908,24.739,1,-1,-1,-1
16,1,1118.614,170.908,42.855,24.531,1,-1,-1,-1
17,1,1116.076,168.985,43.690,25.775,1,-1,-1,-1
18,1,1116.871,169.781,43.371,25.025,1,-1,-1,-1
19,1,1120.988,170.881,43.108,24.543,1,-1,-1,-1
20,1,1121.867,171.079,41.404,24.471,1,-1,-1,-1
21,1,1117.748,169.564,42.338,25.065,1,-1,-1,-1
22,1,1116.458,169.969,42.663,24.630,1,-1,-1,-1
23,1,1118.329,169.712,41.498,25.280,1,-1,-1,-1
24,1,1121.716,171.172,41.490,24.500,1,-1,-1,-1
25,1,1121.045,170.843,42.279,24.830,1,-1,-1,-1
26,1,1116.523,169.472,44.940,25.503,1,-1,-1,-1
27,1,1116.140,169.306,45.107,25.443,1,-1,-1,-1
28,1,1117.310,169.758,46.209,25.790,1,-1,-1,-1
28,2,1081.701,180.499,28.014,13.909,1,-1,-1,-1
28,3,781.110,1020.292,343.940,55.922,1,-1,-1,-1
29,3,751.386,963.743,426.323,111.802,1,-1,-1,-1
29,1,1120.984,170.245,41.117,25.312,1,-1,-1,-1
29,2,1082.940,180.296,29.171,14.021,1,-1,-1,-1
30,2,1083.454,180.704,29.905,13.426,1,-1,-1,-1
30,3,765.382,920.450,415.521,154.114,1,-1,-1,-1
30,1,1121.526,171.827,41.644,23.803,1,-1,-1,-1
31,3,789.910,875.976,380.469,200.032,1,-1,-1,-1
31,1,1119.641,170.694,41.774,25.062,1,-1,-1,-1
31,2,1083.454,180.704,29.905,13.426,1,-1,-1,-1
32,3,798.360,832.956,360.315,241.373,1,-1,-1,-1
32,1,1118.796,170.089,40.748,24.978,1,-1,-1,-1
32,2,1082.126,180.262,26.755,12.298,1,-1,-1,-1
33,3,806.278,798.705,353.639,268.307,1,-1,-1,-1
33,1,1117.192,169.582,41.108,24.685,1,-1,-1,-1
33,2,1079.616,180.318,26.160,12.304,1,-1,-1,-1
34,2,1083.548,181.761,23.701,11.481,1,-1,-1,-1
34,1,1117.826,168.945,41.345,25.572,1,-1,-1,-1
34,3,817.959,760.007,328.623,291.498,1,-1,-1,-1
35,2,1083.279,181.434,25.134,12.624,1,-1,-1,-1
35,1,1119.222,171.170,41.430,24.024,1,-1,-1,-1
35,3,828.089,732.411,322.130,279.985,1,-1,-1,-1
36,2,1086.415,181.774,23.279,11.657,1,-1,-1,-1
36,1,1121.479,170.803,40.539,24.685,1,-1,-1,-1
36,3,845.725,704.840,301.597,268.018,1,-1,-1,-1
37,1,1122.548,170.820,40.987,24.495,1,-1,-1,-1
37,3,849.133,674.813,296.807,261.582,1,-1,-1,-1
37,2,1087.396,181.668,22.901,11.756,1,-1,-1,-1
38,1,1119.859,171.804,40.446,23.658,1,-1,-1,-1
38,3,852.977,655.992,296.398,241.828,1,-1,-1,-1
38,2,1086.915,182.596,21.380,12.040,1,-1,-1,-1
39,2,1081.550,179.966,26.105,12.281,1,-1,-1,-1
39,1,1118.053,170.325,41.070,24.543,1,-1,-1,-1
39,3,866.656,629.231,271.431,241.283,1,-1,-1,-1
40,2,1090.404,180.289,25.683,12.312,1,-1,-1,-1
40,3,872.090,609.965,265.309,227.307,1,-1,-1,-1
40,1,1117.270,168.627,41.333,25.872,1,-1,-1,-1
41,2,1084.535,181.800,23.626,10.470,1,-1,-1,-1
41,3,876.274,587.978,260.851,223.171,1,-1,-1,-1
41,1,1117.342,169.147,41.551,26.093,1,-1,-1,-1
42,1,1120.346,171.023,39.963,24.478,1,-1,-1,-1
42,3,890.326,569.099,250.320,216.133,1,-1,-1,-1
42,2,1091.273,180.871,23.833,11.100,1,-1,-1,-1
43,2,1083.200,180.676,29.593,13.765,1,-1,-1,-1
43,1,1121.156,171.013,42.007,24.706,1,-1,-1,-1
43,3,895.988,562.125,247.112,200.332,1,-1,-1,-1
44,2,1082.804,180.671,29.221,13.803,1,-1,-1,-1
44,1,1120.944,170.947,42.253,24.806,1,-1,-1,-1
44,3,894.583,539.734,242.497,197.020,1,-1,-1,-1
45,3,905.894,525.890,225.861,191.388,1,-1,-1,-1
45,1,1120.812,169.481,40.582,25.454,1,-1,-1,-1
45,2,1086.209,181.540,29.195,13.477,1,-1,-1,-1
46,1,1116.192,169.699,44.255,25.702,1,-1,-1,-1
46,3,906.583,510.384,223.511,186.785,1,-1,-1,-1
46,2,1087.853,182.109,29.195,13.477,1,-1,-1,-1
47,1,1116.883,169.305,41.375,24.588,1,-1,-1,-1
47,3,914.893,497.837,216.100,180.437,1,-1,-1,-1
47,2,1083.766,181.718,24.383,10.397,1,-1,-1,-1
48,2,1080.979,180.044,28.741,12.368,1,-1,-1,-1
48,3,919.293,483.356,215.238,175.527,1,-1,-1,-1
48,1,1117.595,169.798,43.689,25.173,1,-1,-1,-1
49,3,925.376,470.784,205.866,171.417,1,-1,-1,-1
49,2,1082.624,180.446,28.266,13.632,1,-1,-1,-1
49,1,1119.299,171.029,41.235,24.483,1,-1,-1,-1
50,3,931.139,458.300,202.040,170.516,1,-1,-1,-1
50,2,1083.807,180.625,28.288,13.441,1,-1,-1,-1
50,1,1121.757,170.572,40.840,24.776,1,-1,-1,-1
51,3,932.718,446.654,196.163,166.660,1,-1,-1,-1
51,2,1082.726,180.646,28.306,13.680,1,-1,-1,-1
51,1,1119.970,170.253,42.432,25.257,1,-1,-1,-1
52,3,934.467,438.938,198.565,159.393,1,-1,-1,-1
52,2,1083.278,180.540,26.521,11.878,1,-1,-1,-1
52,1,1119.063,169.762,40.869,25.089,1,-1,-1,-1
53,1,1117.096,169.512,41.453,24.659,1,-1,-1,-1
53,3,937.835,426.771,189.166,155.603,1,-1,-1,-1
53,2,1079.902,180.105,29.343,12.263,1,-1,-1,-1
54,1,1116.489,169.411,41.411,24.814,1,-1,-1,-1
54,2,1081.766,181.499,25.851,11.732,1,-1,-1,-1
54,3,938.742,417.564,190.948,153.882,1,-1,-1,-1
55,3,947.026,407.501,177.378,150.289,1,-1,-1,-1
55,2,1083.671,181.698,25.686,11.623,1,-1,-1,-1
55,1,1117.496,169.332,44.970,25.575,1,-1,-1,-1
56,1,1120.092,170.936,41.318,24.524,1,-1,-1,-1
56,3,950.818,402.876,178.643,144.151,1,-1,-1,-1
56,2,1085.430,181.241,24.353,11.996,1,-1,-1,-1
57,3,956.488,394.794,172.100,144.502,1,-1,-1,-1
57,1,1121.385,170.498,41.661,25.188,1,-1,-1,-1
57,2,1083.423,180.549,29.706,13.755,1,-1,-1,-1
58,2,1083.651,181.229,29.247,13.205,1,-1,-1,-1
58,3,961.275,387.809,164.084,137.117,1,-1,-1,-1
58,1,1119.794,170.691,43.562,24.727,1,-1,-1,-1
59,3,962.098,375.625,158.483,137.286,1,-1,-1,-1
59,2,1083.272,180.891,23.663,11.805,1,-1,-1,-1
59,1,1114.790,169.813,47.006,25.501,1,-1,-1,-1
60,3,962.689,370.310,156.468,133.301,1,-1,-1,-1
60,2,1084.069,180.750,24.125,12.149,1,-1,-1,-1
60,1,1116.577,169.642,42.263,24.691,1,-1,-1,-1
61,2,1082.762,180.584,23.743,11.790,1,-1,-1,-1
61,3,965.382,363.988,157.689,128.673,1,-1,-1,-1
61,1,1117.154,169.818,41.535,24.907,1,-1,-1,-1
62,1,1118.983,170.749,40.677,24.470,1,-1,-1,-1
62,3,972.043,355.960,146.949,129.304,1,-1,-1,-1
62,2,1084.741,182.512,23.866,11.759,1,-1,-1,-1
63,1,1121.627,170.325,40.249,25.445,1,-1,-1,-1
63,2,1084.166,181.137,23.981,11.767,1,-1,-1,-1
63,3,971.743,348.760,151.287,126.506,1,-1,-1,-1
64,1,1121.517,170.874,39.821,24.953,1,-1,-1,-1
64,3,978.402,344.348,140.174,122.053,1,-1,-1,-1
64,2,1084.091,182.509,26.252,11.511,1,-1,-1,-1
65,1,1120.271,169.922,41.508,25.976,1,-1,-1,-1
65,3,978.357,334.642,141.618,123.123,1,-1,-1,-1
65,2,1082.181,180.258,29.031,13.967,1,-1,-1,-1
66,1,1117.379,170.012,41.829,25.556,1,-1,-1,-1
66,3,979.160,328.289,137.276,119.187,1,-1,-1,-1
66,2,1083.883,181.788,24.135,11.818,1,-1,-1,-1
67,3,979.951,324.540,134.647,117.244,1,-1,-1,-1
67,1,1116.874,169.156,41.635,26.259,1,-1,-1,-1
67,2,1082.683,180.154,26.710,13.387,1,-1,-1,-1
68,1,1117.713,169.784,42.112,25.262,1,-1,-1,-1
68,3,979.184,320.967,139.674,113.328,1,-1,-1,-1
68,2,1084.504,181.505,23.730,11.817,1,-1,-1,-1
69,3,986.327,316.525,135.277,110.946,1,-1,-1,-1
69,1,1119.624,170.806,42.279,25.165,1,-1,-1,-1
69,2,1086.642,182.756,22.546,11.775,1,-1,-1,-1
70,1,1120.819,172.065,40.241,23.576,1,-1,-1,-1
70,3,991.159,309.870,126.915,111.542,1,-1,-1,-1
70,2,1085.110,181.227,25.832,12.371,1,-1,-1,-1
71,1,1120.995,170.882,41.863,24.473,1,-1,-1,-1
71,3,991.869,306.903,126.032,107.691,1,-1,-1,-1
71,2,1084.543,180.846,26.184,12.516,1,-1,-1,-1
72,1,1118.367,170.977,41.190,24.632,1,-1,-1,-1
72,2,1085.200,182.405,23.246,11.869,1,-1,-1,-1
72,3,988.727,299.378,126.502,103.746,1,-1,-1,-1
73,3,991.063,293.236,123.433,105.375,1,-1,-1,-1
73,1,1116.455,168.557,42.914,26.760,1,-1,-1,-1
73,2,1081.491,180.599,26.100,12.698,1,-1,-1,-1
74,1,1114.234,169.441,46.182,25.751,1,-1,-1,-1
74,2,1082.489,181.352,25.696,10.509,1,-1,-1,-1
74,3,992.634,289.048,117.544,104.077,1,-1,-1,-1
75,1,1116.630,169.850,43.303,25.682,1,-1,-1,-1
75,3,993.895,286.338,123.351,101.644,1,-1,-1,-1
75,2,1081.075,180.849,26.998,12.830,1,-1,-1,-1
76,2,1080.992,180.984,26.887,12.273,1,-1,-1,-1
76,3,996.074,278.494,117.550,101.299,1,-1,-1,-1
76,1,1117.844,169.806,44.054,26.064,1,-1,-1,-1
77,2,1082.933,180.401,29.706,14.329,1,-1,-1,-1
77,1,1118.886,170.711,43.119,24.779,1,-1,-1,-1
77,3,997.387,277.480,119.025,99.541,1,-1,-1,-1
78,2,1082.030,181.241,29.449,13.638,1,-1,-1,-1
78,3,998.680,272.058,114.740,96.483,1,-1,-1,-1
78,1,1118.354,170.005,44.041,25.770,1,-1,-1,-1
79,2,1083.288,181.479,25.022,11.881,1,-1,-1,-1
79,3,997.660,270.859,114.954,93.830,1,-1,-1,-1
79,1,1117.289,169.740,42.558,25.654,1,-1,-1,-1
80,3,996.281,264.206,112.391,93.481,1,-1,-1,-1
80,1,1117.078,169.766,42.004,25.102,1,-1,-1,-1
80,2,1083.444,181.278,25.398,12.402,1,-1,-1,-1
81,3,1000.107,258.288,110.399,94.377,1,-1,-1,-1
81,1,1116.774,169.422,42.570,25.005,1,-1,-1,-1
81,2,1083.098,181.146,24.917,11.966,1,-1,-1,-1
82,3,1000.353,256.663,111.034,91.690,1,-1,-1,-1
82,1,1117.865,170.121,42.184,25.456,1,-1,-1,-1
82,2,1083.050,181.096,25.866,12.741,1,-1,-1,-1
83,1,1117.803,170.175,43.551,25.140,1,-1,-1,-1
83,2,1085.846,182.219,23.709,11.856,1,-1,-1,-1
83,3,1004.289,251.874,105.689,91.185,1,-1,-1,-1
84,2,1085.513,182.099,24.274,12.054,1,-1,-1,-1
84,1,1120.350,169.790,41.640,25.543,1,-1,-1,-1
84,3,1004.510,248.833,106.530,89.762,1,-1,-1,-1
85,2,1083.483,181.507,26.115,12.753,1,-1,-1,-1
85,1,1119.582,170.889,40.082,24.571,1,-1,-1,-1
85,3,1004.558,247.004,105.496,87.237,1,-1,-1,-1
86,1,1118.019,169.326,41.443,24.843,1,-1,-1,-1
86,2,1080.801,180.610,27.728,12.610,1,-1,-1,-1
86,3,1004.706,241.249,102.691,86.450,1,-1,-1,-1
87,1,1114.957,169.297,44.853,25.665,1,-1,-1,-1
87,2,1081.424,180.975,26.164,12.533,1,-1,-1,-1
87,3,1001.948,238.613,104.456,85.781,1,-1,-1,-1
88,1,1116.605,169.079,43.185,25.963,1,-1,-1,-1
88,2,1083.177,181.526,25.473,10.414,1,-1,-1,-1
88,3,1003.931,238.113,100.623,81.061,1,-1,-1,-1
89,1,1120.204,169.922,40.675,25.687,1,-1,-1,-1
89,2,1082.484,180.491,26.776,12.843,1,-1,-1,-1
89,3,1006.668,233.662,97.768,82.559,1,-1,-1,-1
90,3,1009.899,231.603,94.423,80.203,1,-1,-1,-1
90,2,1082.333,180.656,26.663,12.250,1,-1,-1,-1
90,1,1120.552,170.547,41.281,25.312,1,-1,-1,-1
91,2,1081.968,180.066,29.247,14.599,1,-1,-1,-1
91,1,1121.208,170.779,41.208,24.970,1,-1,-1,-1
91,3,1011.499,228.340,97.352,80.612,1,-1,-1,-1
92,1,1118.597,170.354,41.396,25.364,1,-1,-1,-1
92,2,1081.495,179.878,28.691,14.509,1,-1,-1,-1
92,3,1010.512,224.931,93.869,76.729,1,-1,-1,-1
93,1,1114.090,169.487,46.671,26.047,1,-1,-1,-1
93,3,1008.309,221.826,92.782,76.189,1,-1,-1,-1
93,2,1081.399,179.776,26.032,13.254,1,-1,-1,-1
94,1,1115.862,169.205,45.829,25.714,1,-1,-1,-1
94,3,1010.388,218.369,88.831,78.605,1,-1,-1,-1
94,2,1080.580,179.363,27.646,12.923,1,-1,-1,-1
95,1,1116.585,170.371,42.827,24.957,1,-1,-1,-1
95,2,1080.236,179.797,27.522,13.278,1,-1,-1,-1
95,3,1007.835,216.714,90.560,75.302,1,-1,-1,-1
96,3,1011.859,212.929,86.408,76.360,1,-1,-1,-1
96,2,1083.744,180.791,25.404,12.707,1,-1,-1,-1
96,1,1118.707,170.302,42.419,25.410,1,-1,-1,-1
97,3,1013.879,210.965,87.413,75.062,1,-1,-1,-1
97,2,1081.198,179.501,29.179,14.064,1,-1,-1,-1
97,1,1119.750,171.415,41.303,24.475,1,-1,-1,-1
98,3,1013.367,206.649,85.996,75.912,1,-1,-1,-1
98,2,1084.755,182.132,24.310,12.178,1,-1,-1,-1
98,1,1119.425,169.846,42.429,26.195,1,-1,-1,-1
99,3,1010.970,205.130,88.808,72.696,1,-1,-1,-1
99,1,1117.351,169.559,44.396,25.326,1,-1,-1,-1
99,2,1076.521,180.929,31.769,13.293,1,-1,-1,-1
100,1,1116.366,169.760,44.253,25.368,1,-1,-1,-1
100,2,1068.287,179.727,39.229,14.409,1,-1,-1,-1
100,3,1011.233,202.915,84.550,71.568,1,-1,-1,-1
101,1,1117.237,169.744,43.260,25.161,1,-1,-1,-1
101,2,1060.053,178.524,46.688,15.524,1,-1,-1,-1
101,3,1012.906,201.517,82.922,70.857,1,-1,-1,-1
102,1,1119.158,170.546,39.589,24.331,1,-1,-1,-1
102,2,1051.819,177.321,54.148,16.640,1,-1,-1,-1
102,3,1014.084,199.519,81.675,69.740,1,-1,-1,-1
103,3,1016.000,197.967,80.393,69.943,1,-1,-1,-1
103,2,1081.801,181.361,25.900,13.246,1,-1,-1,-1
103,1,1118.814,170.413,40.784,25.396,1,-1,-1,-1
104,2,1080.739,182.218,26.380,12.530,1,-1,-1,-1
104,1,1119.034,170.528,41.346,25.143,1,-1,-1,-1
104,3,1016.527,195.343,80.325,69.421,1,-1,-1,-1
105,2,1084.094,183.075,24.089,11.639,1,-1,-1,-1
105,4,760.924,993.040,416.702,82.134,1,-1,-1,-1
105,3,1014.731,195.050,79.752,67.728,1,-1,-1,-1
105,1,1118.786,169.841,40.391,25.827,1,-1,-1,-1
106,3,1014.234,193.575,78.526,65.184,1,-1,-1,-1
106,4,746.243,939.567,437.627,131.248,1,-1,-1,-1
106,1,1118.140,169.805,42.277,25.583,1,-1,-1,-1
106,2,1081.101,180.941,23.306,11.949,1,-1,-1,-1
107,3,1014.917,188.349,77.134,66.286,1,-1,-1,-1
107,4,772.966,889.113,399.990,185.163,1,-1,-1,-1
107,1,1117.329,169.759,42.946,25.358,1,-1,-1,-1
107,5,941.907,183.861,39.733,10.760,1,-1,-1,-1
107,2,1080.671,181.197,23.670,11.592,1,-1,-1,-1
108,2,1080.854,180.797,24.059,12.106,1,-1,-1,-1
108,5,940.253,183.739,41.102,11.301,1,-1,-1,-1
108,3,1014.254,187.265,79.144,65.271,1,-1,-1,-1
108,4,785.484,843.415,381.990,232.063,1,-1,-1,-1
108,1,1116.685,169.982,43.895,25.962,1,-1,-1,-1
109,4,792.441,800.526,369.786,277.109,1,-1,-1,-1
109,2,1081.036,180.398,24.449,12.620,1,-1,-1,-1
109,3,1017.597,184.115,75.948,66.595,1,-1,-1,-1
109,1,1118.237,171.142,41.708,24.414,1,-1,-1,-1
109,5,939.578,182.908,43.008,12.418,1,-1,-1,-1
110,4,808.579,762.441,347.659,286.735,1,-1,-1,-1
110,3,1018.315,181.090,75.825,68.488,1,-1,-1,-1
110,5,938.999,182.725,45.428,13.660,1,-1,-1,-1
110,2,1081.219,179.998,24.838,13.134,1,-1,-1,-1
110,1,1117.444,170.276,45.273,25.784,1,-1,-1,-1
111,5,936.426,180.414,48.830,15.376,1,-1,-1,-1
111,3,1018.380,181.625,74.429,65.432,1,-1,-1,-1
111,4,823.046,737.675,329.003,269.032,1,-1,-1,-1
111,1,1117.628,170.297,42.975,25.571,1,-1,-1,-1
112,5,934.902,179.411,47.436,15.407,1,-1,-1,-1
112,3,1018.321,179.217,73.350,63.671,1,-1,-1,-1
112,4,831.411,701.335,315.977,260.234,1,-1,-1,-1
112,1,1118.522,170.090,41.453,25.249,1,-1,-1,-1
113,3,1016.539,178.688,73.732,61.194,1,-1,-1,-1
113,5,930.856,179.165,51.207,14.629,1,-1,-1,-1
113,2,1081.766,178.799,26.006,14.677,1,-1,-1,-1
113,1,1116.224,169.835,43.485,25.778,1,-1,-1,-1
113,4,836.022,667.764,309.445,260.586,1,-1,-1,-1
114,2,1081.948,178.399,26.396,15.191,1,-1,-1,-1
114,1,1116.052,169.808,43.952,25.567,1,-1,-1,-1
114,5,929.551,177.046,55.247,16.077,1,-1,-1,-1
114,3,1018.445,176.907,70.713,60.145,1,-1,-1,-1
114,4,849.495,645.869,293.266,240.678,1,-1,-1,-1
115,2,1082.131,177.999,26.785,15.705,1,-1,-1,-1
115,1,1118.815,170.792,40.620,24.579,1,-1,-1,-1
115,4,855.491,626.309,288.931,228.258,1,-1,-1,-1
115,3,1018.430,174.645,72.565,62.442,1,-1,-1,-1
115,5,929.171,175.461,53.968,18.450,1,-1,-1,-1
116,2,1082.313,177.600,27.175,16.219,1,-1,-1,-1
116,1,1119.108,170.589,42.499,25.235,1,-1,-1,-1
116,4,865.561,592.797,276.737,226.963,1,-1,-1,-1
116,5,928.895,174.887,54.287,21.488,1,-1,-1,-1
116,3,1019.493,174.969,69.661,59.180,1,-1,-1,-1
117,5,927.708,173.978,58.389,21.974,1,-1,-1,-1
117,4,871.668,580.146,269.894,213.674,1,-1,-1,-1
117,1,1119.018,170.189,40.984,25.524,1,-1,-1,-1
117,3,1021.034,172.974,68.171,58.934,1,-1,-1,-1
117,2,1082.496,177.200,27.564,16.733,1,-1,-1,-1
118,4,880.445,560.328,253.209,206.004,1,-1,-1,-1
118,2,1083.813,178.706,26.536,16.601,1,-1,-1,-1
118,1,1119.346,170.332,42.328,25.594,1,-1,-1,-1
118,3,1022.135,171.108,67.566,59.838,1,-1,-1,-1
118,5,926.725,171.396,54.840,24.503,1,-1,-1,-1
119,2,1085.778,179.068,24.128,15.790,1,-1,-1,-1
119,1,1118.468,169.517,41.225,26.174,1,-1,-1,-1
119,4,884.024,542.159,248.982,197.984,1,-1,-1,-1
119,5,922.342,169.062,57.029,26.810,1,-1,-1,-1
119,3,1022.038,169.300,64.758,58.782,1,-1,-1,-1
120,4,890.636,524.989,240.627,193.479,1,-1,-1,-1
120,5,919.730,168.282,58.936,27.171,1,-1,-1,-1
120,2,1085.971,177.420,24.234,16.317,1,-1,-1,-1
120,3,1019.883,166.296,66.579,59.877,1,-1,-1,-1
120,1,1117.054,169.300,43.718,25.402,1,-1,-1,-1
121,2,1084.912,178.199,24.209,16.766,1,-1,-1,-1
121,3,1020.885,169.648,64.399,55.059,1,-1,-1,-1
121,5,918.717,166.272,59.127,30.598,1,-1,-1,-1
121,1,1117.930,169.220,41.025,25.840,1,-1,-1,-1
121,4,897.039,509.706,231.065,185.810,1,-1,-1,-1
122,2,1085.367,177.607,26.783,17.890,1,-1,-1,-1
122,3,1021.696,162.782,65.560,60.406,1,-1,-1,-1
122,5,917.910,165.047,59.522,30.468,1,-1,-1,-1
122,1,1118.528,169.803,42.693,25.957,1,-1,-1,-1
122,4,901.327,497.938,229.765,177.270,1,-1,-1,-1
123,3,1022.867,164.484,64.704,56.876,1,-1,-1,-1
123,2,1085.338,177.205,26.949,18.401,1,-1,-1,-1
123,4,910.376,480.372,221.033,172.923,1,-1,-1,-1
123,5,919.448,164.476,57.597,30.756,1,-1,-1,-1
123,1,1119.098,170.182,42.791,25.269,1,-1,-1,-1
124,4,915.766,468.217,213.651,163.630,1,-1,-1,-1
124,2,1085.250,174.852,28.109,20.400,1,-1,-1,-1
124,5,916.618,162.457,58.419,32.851,1,-1,-1,-1
124,3,1023.198,161.363,64.244,57.370,1,-1,-1,-1
124,1,1118.727,170.051,41.445,25.456,1,-1,-1,-1
125,4,914.118,455.944,217.473,165.077,1,-1,-1,-1
125,2,1086.402,175.014,26.633,19.011,1,-1,-1,-1
125,5,914.294,160.133,59.972,35.103,1,-1,-1,-1
125,3,1023.060,159.069,64.088,56.261,1,-1,-1,-1
125,1,1118.260,169.948,43.380,25.357,1,-1,-1,-1
126,3,1023.343,157.902,63.668,55.800,1,-1,-1,-1
126,1,1118.344,170.742,40.756,24.777,1,-1,-1,-1
126,5,911.971,157.810,61.525,37.355,1,-1,-1,-1
126,2,1084.215,176.557,25.813,17.671,1,-1,-1,-1
126,4,919.443,443.170,208.837,159.753,1,-1,-1,-1
127,3,1023.627,156.735,63.249,55.340,1,-1,-1,-1
127,2,1083.422,174.055,26.796,18.871,1,-1,-1,-1
127,4,925.983,431.185,197.466,153.372,1,-1,-1,-1
127,5,909.647,155.486,63.078,39.607,1,-1,-1,-1
127,1,1117.808,170.523,41.393,24.839,1,-1,-1,-1
128,3,1023.910,155.568,62.829,54.879,1,-1,-1,-1
128,2,1081.922,169.142,29.786,24.097,1,-1,-1,-1
128,4,929.654,415.760,194.218,155.044,1,-1,-1,-1
128,5,910.750,153.552,62.604,41.087,1,-1,-1,-1
128,1,1118.343,170.448,40.798,24.957,1,-1,-1,-1
129,1,1118.404,170.348,41.002,25.151,1,-1,-1,-1
129,2,1083.880,174.585,26.778,19.260,1,-1,-1,-1
129,4,930.710,412.420,194.414,146.144,1,-1,-1,-1
129,5,911.854,151.619,62.131,42.567,1,-1,-1,-1
129,3,1024.194,154.400,62.409,54.419,1,-1,-1,-1
130,1,1118.006,170.464,42.763,24.997,1,-1,-1,-1
130,2,1086.770,170.481,27.533,23.793,1,-1,-1,-1
130,4,936.683,404.183,190.390,142.503,1,-1,-1,-1
130,5,912.082,150.339,62.018,43.733,1,-1,-1,-1
130,3,1024.477,153.233,61.989,53.958,1,-1,-1,-1
131,1,1118.278,170.474,42.459,24.950,1,-1,-1,-1
131,2,1089.358,171.851,27.431,22.453,1,-1,-1,-1
131,4,940.300,392.285,182.930,140.666,1,-1,-1,-1
131,5,908.468,148.633,63.288,43.835,1,-1,-1,-1
131,3,1024.760,152.066,61.570,53.498,1,-1,-1,-1
132,2,1091.710,172.029,27.431,22.453,1,-1,-1,-1
132,3,1025.044,150.899,61.150,53.037,1,-1,-1,-1
132,4,943.632,385.524,174.890,135.897,1,-1,-1,-1
132,1,1119.486,169.216,41.329,26.177,1,-1,-1,-1
132,5,909.317,145.562,59.603,45.234,1,-1,-1,-1
133,2,1081.629,165.525,29.551,27.266,1,-1,-1,-1
133,4,945.234,376.635,172.299,130.580,1,-1,-1,-1
133,3,1025.597,151.816,61.010,51.718,1,-1,-1,-1
133,1,1118.061,169.641,40.694,25.144,1,-1,-1,-1
133,5,904.588,141.831,68.160,51.093,1,-1,-1,-1
134,2,1083.484,168.391,26.826,25.047,1,-1,-1,-1
134,1,1116.920,169.726,43.385,25.535,1,-1,-1,-1
134,5,902.914,141.016,70.053,52.208,1,-1,-1,-1
134,6,1024.086,150.725,60.985,50.865,1,-1,-1,-1
134,4,949.699,364.670,166.991,130.443,1,-1,-1,-1
135,2,1082.545,164.416,30.593,28.852,1,-1,-1,-1
135,5,901.590,140.107,70.010,53.103,1,-1,-1,-1
135,4,948.080,361.959,165.555,126.344,1,-1,-1,-1
135,1,1119.360,170.259,39.855,25.072,1,-1,-1,-1
135,6,1025.035,152.258,61.823,48.163,1,-1,-1,-1
136,6,1025.699,151.826,61.592,47.849,1,-1,-1,-1
136,4,953.228,353.448,160.187,124.053,1,-1,-1,-1
136,5,900.266,139.198,69.966,53.999,1,-1,-1,-1
136,2,1083.659,163.366,30.499,31.165,1,-1,-1,-1
136,1,1119.627,169.576,41.667,25.623,1,-1,-1,-1
137,4,960.563,345.947,150.262,119.064,1,-1,-1,-1
137,1,1119.454,169.802,42.400,25.532,1,-1,-1,-1
137,6,1026.413,148.388,60.658,50.663,1,-1,-1,-1
137,2,1083.736,164.769,30.169,30.492,1,-1,-1,-1
137,5,898.942,138.289,69.923,54.894,1,-1,-1,-1
138,1,1116.532,169.594,46.076,25.908,1,-1,-1,-1
138,5,898.041,137.300,70.062,55.683,1,-1,-1,-1
138,2,1083.907,168.382,29.790,25.815,1,-1,-1,-1
138,4,956.612,339.003,155.732,118.826,1,-1,-1,-1
138,7,1027.354,150.452,59.241,46.893,1,-1,-1,-1
139,1,1117.699,169.594,43.967,25.758,1,-1,-1,-1
139,2,1082.292,165.501,30.141,28.660,1,-1,-1,-1
139,7,1025.219,153.486,60.217,43.329,1,-1,-1,-1
139,4,961.665,330.713,150.251,116.898,1,-1,-1,-1
139,5,897.140,136.311,70.201,56.472,1,-1,-1,-1
140,4,960.949,325.260,147.651,116.284,1,-1,-1,-1
140,2,1081.014,165.080,30.223,28.841,1,-1,-1,-1
140,7,1025.391,152.908,59.066,43.010,1,-1,-1,-1
140,5,896.240,135.323,70.340,57.262,1,-1,-1,-1
140,1,1117.210,169.245,43.884,25.516,1,-1,-1,-1
141,5,895.339,134.334,70.479,58.051,1,-1,-1,-1
141,4,963.743,320.633,142.109,112.082,1,-1,-1,-1
141,2,1080.812,164.859,30.316,29.099,1,-1,-1,-1
141,7,1026.337,152.686,58.132,42.487,1,-1,-1,-1
141,1,1117.059,169.399,44.122,25.471,1,-1,-1,-1
142,1,1117.413,169.568,44.217,25.785,1,-1,-1,-1
142,5,894.438,133.345,70.618,58.840,1,-1,-1,-1
142,2,1080.847,162.916,31.621,30.978,1,-1,-1,-1
142,7,1026.427,149.167,56.654,46.344,1,-1,-1,-1
142,4,967.053,316.076,139.356,109.299,1,-1,-1,-1
143,2,1080.887,163.434,31.832,30.002,1,-1,-1,-1
143,5,893.357,132.628,71.128,62.979,1,-1,-1,-1
143,7,1028.774,153.122,56.481,41.355,1,-1,-1,-1
143,4,970.273,312.225,136.822,105.851,1,-1,-1,-1
143,1,1116.619,169.860,45.051,25.502,1,-1,-1,-1
144,2,1083.539,172.967,28.845,20.790,1,-1,-1,-1
144,7,1030.081,152.305,54.484,41.858,1,-1,-1,-1
144,4,971.088,302.942,134.440,105.160,1,-1,-1,-1
144,1,1118.846,170.901,40.864,24.704,1,-1,-1,-1
144,5,891.563,132.525,71.835,64.518,1,-1,-1,-1
145,7,1028.897,149.337,54.302,43.591,1,-1,-1,-1
145,2,1081.916,165.481,31.717,28.046,1,-1,-1,-1
145,5,889.127,132.817,72.596,64.585,1,-1,-1,-1
145,1,1116.329,169.506,45.177,25.943,1,-1,-1,-1
145,4,971.773,297.334,132.237,106.405,1,-1,-1,-1
146,5,886.690,133.108,73.357,64.651,1,-1,-1,-1
146,1,1117.196,169.284,43.372,25.648,1,-1,-1,-1
146,7,1028.109,152.782,53.476,39.641,1,-1,-1,-1
146,2,1080.729,165.210,32.156,28.224,1,-1,-1,-1
146,4,971.468,291.804,133.637,101.107,1,-1,-1,-1
147,2,1080.265,169.769,30.699,23.712,1,-1,-1,-1
147,1,1116.420,169.630,43.815,25.563,1,-1,-1,-1
147,5,884.254,133.400,74.118,64.718,1,-1,-1,-1
147,4,974.604,286.728,129.184,101.409,1,-1,-1,-1
147,7,1026.898,149.458,54.364,43.686,1,-1,-1,-1
148,7,1028.618,152.010,52.771,41.659,1,-1,-1,-1
148,1,1116.749,169.348,44.958,25.571,1,-1,-1,-1
148,4,974.319,281.468,128.518,101.200,1,-1,-1,-1
148,5,883.057,134.535,75.677,66.402,1,-1,-1,-1
148,2,1080.309,168.296,31.711,25.191,1,-1,-1,-1
149,2,1081.204,170.547,30.707,23.516,1,-1,-1,-1
149,4,978.622,277.159,122.285,98.849,1,-1,-1,-1
149,1,1116.566,170.201,45.057,25.121,1,-1,-1,-1
149,5,881.860,135.669,77.237,68.086,1,-1,-1,-1
149,7,1030.621,151.836,51.625,41.867,1,-1,-1,-1
150,1,1116.399,170.174,46.210,25.345,1,-1,-1,-1
150,2,1081.080,168.488,32.824,25.509,1,-1,-1,-1
150,5,880.663,136.804,78.796,69.770,1,-1,-1,-1
150,7,1028.856,151.624,53.667,41.739,1,-1,-1,-1
150,4,974.795,274.675,126.749,95.420,1,-1,-1,-1
151,4,977.913,271.003,123.209,91.818,1,-1,-1,-1
151,7,1028.448,152.530,53.929,40.712,1,-1,-1,-1
151,5,878.657,136.226,81.277,73.589,1,-1,-1,-1
151,2,1079.635,166.734,32.591,26.961,1,-1,-1,-1
151,1,1115.791,169.687,46.006,25.724,1,-1,-1,-1
152,2,1080.437,169.234,30.373,24.124,1,-1,-1,-1
152,7,1027.607,153.929,54.119,39.332,1,-1,-1,-1
152,5,875.650,136.874,80.875,74.624,1,-1,-1,-1
152,1,1116.625,169.647,44.507,25.419,1,-1,-1,-1
152,4,977.909,264.948,122.731,91.489,1,-1,-1,-1
153,1,1116.858,169.329,44.226,25.510,1,-1,-1,-1
153,4,981.440,261.199,115.146,89.204,1,-1,-1,-1
153,7,1028.914,154.908,52.255,37.891,1,-1,-1,-1
153,5,872.643,137.521,80.473,75.660,1,-1,-1,-1
153,2,1078.676,167.091,31.865,25.493,1,-1,-1,-1
154,1,1116.821,169.388,44.051,25.510,1,-1,-1,-1
154,7,1027.812,154.969,54.741,38.135,1,-1,-1,-1
154,2,1078.917,172.608,30.581,19.130,1,-1,-1,-1
154,4,980.028,256.932,115.607,90.015,1,-1,-1,-1
154,5,873.886,139.211,79.583,76.382,1,-1,-1,-1
155,4,979.367,252.242,118.411,87.849,1,-1,-1,-1
155,1,1117.011,169.705,43.792,25.307,1,-1,-1,-1
155,5,875.129,140.902,78.692,77.103,1,-1,-1,-1
155,2,1076.626,168.878,34.156,24.720,1,-1,-1,-1
155,7,1028.529,159.067,52.363,33.832,1,-1,-1,-1
156,1,1116.421,169.498,45.073,25.729,1,-1,-1,-1
156,4,986.076,249.822,110.759,85.266,1,-1,-1,-1
156,5,873.086,142.969,80.286,77.552,1,-1,-1,-1
156,2,1079.041,173.047,31.827,19.170,1,-1,-1,-1
156,7,1029.523,159.014,52.952,33.933,1,-1,-1,-1
157,8,731.540,1007.534,403.946,66.792,1,-1,-1,-1
157,1,1115.804,170.208,44.926,25.494,1,-1,-1,-1
157,7,1030.280,160.658,51.134,32.914,1,-1,-1,-1
157,2,1077.024,168.885,33.862,24.904,1,-1,-1,-1
157,5,871.042,145.037,81.880,78.002,1,-1,-1,-1
157,4,985.938,246.423,111.125,87.922,1,-1,-1,-1
158,2,1078.118,174.888,31.671,17.129,1,-1,-1,-1
158,7,1029.303,160.557,51.465,32.828,1,-1,-1,-1
158,5,868.999,147.104,83.474,78.451,1,-1,-1,-1
158,1,1115.333,169.578,45.416,25.734,1,-1,-1,-1
158,8,719.771,947.595,447.679,125.836,1,-1,-1,-1
158,4,985.827,241.000,109.610,84.351,1,-1,-1,-1
159,2,1076.743,174.797,31.590,16.944,1,-1,-1,-1
159,5,867.045,149.048,83.391,79.219,1,-1,-1,-1
159,1,1115.417,169.597,45.234,25.300,1,-1,-1,-1
159,7,1028.326,160.457,51.796,32.742,1,-1,-1,-1
159,4,988.834,237.252,104.616,85.010,1,-1,-1,-1
159,8,733.947,892.907,422.102,179.247,1,-1,-1,-1
160,8,756.949,849.565,395.037,225.886,1,-1,-1,-1
160,2,1075.974,175.861,31.105,15.822,1,-1,-1,-1
160,4,986.221,235.387,108.118,82.556,1,-1,-1,-1
160,1,1115.017,169.655,45.126,25.122,1,-1,-1,-1
160,5,864.836,151.234,82.829,79.952,1,-1,-1,-1
160,7,1027.349,160.356,52.127,32.656,1,-1,-1,-1
161,9,847.767,174.396,16.075,18.361,1,-1,-1,-1
161,2,1076.708,176.127,31.195,15.645,1,-1,-1,-1
161,4,991.147,231.108,103.079,82.247,1,-1,-1,-1
161,1,1117.001,169.517,43.810,25.353,1,-1,-1,-1
161,7,1027.663,162.733,50.353,29.930,1,-1,-1,-1
161,8,759.669,808.143,393.758,268.500,1,-1,-1,-1
161,5,862.906,152.631,85.091,81.063,1,-1,-1,-1
162,2,1075.392,175.514,34.498,18.071,1,-1,-1,-1
162,9,846.786,176.682,15.532,16.371,1,-1,-1,-1
162,4,991.649,229.105,102.260,80.777,1,-1,-1,-1
162,5,860.975,154.027,87.354,82.175,1,-1,-1,-1
162,7,1029.248,163.932,48.062,29.383,1,-1,-1,-1
162,1,1117.016,169.773,44.236,25.345,1,-1,-1,-1
162,8,773.717,767.373,376.176,300.971,1,-1,-1,-1
163,7,1029.783,167.084,46.941,27.120,1,-1,-1,-1
163,9,845.854,177.102,15.385,17.362,1,-1,-1,-1
163,5,859.045,155.424,89.616,83.286,1,-1,-1,-1
163,1,1119.106,170.103,42.970,25.467,1,-1,-1,-1
163,8,795.361,738.288,350.957,288.053,1,-1,-1,-1
163,4,993.867,227.117,100.766,78.607,1,-1,-1,-1
163,2,1075.891,177.481,33.726,16.522,1,-1,-1,-1
164,1,1119.631,169.394,40.867,26.323,1,-1,-1,-1
164,7,1034.620,168.106,43.123,25.380,1,-1,-1,-1
164,2,1077.406,177.970,32.056,15.891,1,-1,-1,-1
164,9,844.751,177.673,15.371,16.806,1,-1,-1,-1
164,4,995.428,223.576,98.065,76.155,1,-1,-1,-1
164,5,856.274,156.338,90.687,85.815,1,-1,-1,-1
164,8,806.636,700.431,341.709,268.277,1,-1,-1,-1
165,9,839.603,178.235,16.426,17.897,1,-1,-1,-1
165,4,994.931,219.336,96.431,77.798,1,-1,-1,-1
165,5,853.502,157.252,91.759,88.343,1,-1,-1,-1
165,7,1032.339,168.494,41.848,24.871,1,-1,-1,-1
165,2,1076.272,177.311,32.653,16.121,1,-1,-1,-1
165,1,1119.030,169.318,40.396,25.870,1,-1,-1,-1
165,8,816.451,668.665,326.487,260.232,1,-1,-1,-1
166,8,827.135,644.235,308.942,242.386,1,-1,-1,-1
166,1,1118.353,169.628,42.070,25.198,1,-1,-1,-1
166,9,835.983,179.042,17.813,16.584,1,-1,-1,-1
166,2,1075.376,176.431,33.233,16.691,1,-1,-1,-1
166,5,850.731,158.166,92.830,90.872,1,-1,-1,-1
166,7,1033.196,169.719,43.662,23.444,1,-1,-1,-1
166,4,995.765,215.855,94.515,76.225,1,-1,-1,-1
167,4,996.897,213.230,92.198,75.356,1,-1,-1,-1
167,9,835.087,180.813,16.964,17.934,1,-1,-1,-1
167,5,849.687,162.166,93.283,89.109,1,-1,-1,-1
167,7,1033.614,171.220,41.457,22.241,1,-1,-1,-1
167,8,837.097,618.584,300.539,232.413,1,-1,-1,-1
167,2,1075.949,178.212,32.010,15.377,1,-1,-1,-1
167,1,1116.890,169.290,41.435,25.820,1,-1,-1,-1
168,8,847.118,595.136,283.701,224.942,1,-1,-1,-1
168,9,834.578,185.987,15.641,15.655,1,-1,-1,-1
168,7,1034.580,172.887,41.231,21.279,1,-1,-1,-1
168,5,847.144,164.451,95.319,91.105,1,-1,-1,-1
168,2,1076.664,178.856,31.505,15.041,1,-1,-1,-1
168,1,1118.305,171.095,40.880,24.314,1,-1,-1,-1
168,4,999.152,208.996,91.837,76.734,1,-1,-1,-1
169,4,1001.327,208.672,89.848,73.059,1,-1,-1,-1
169,8,853.583,575.630,280.723,219.288,1,-1,-1,-1
169,2,1077.933,178.352,31.138,15.465,1,-1,-1,-1
169,9,833.644,189.587,15.522,15.607,1,-1,-1,-1
169,5,843.988,165.323,97.755,95.930,1,-1,-1,-1
169,1,1117.127,169.872,44.313,25.748,1,-1,-1,-1
169,7,1036.313,173.740,39.100,20.790,1,-1,-1,-1
170,7,1036.778,174.716,38.566,20.126,1,-1,-1,-1
170,5,841.845,170.774,100.736,93.025,1,-1,-1,-1
170,4,999.916,207.195,90.620,71.805,1,-1,-1,-1
170,8,867.904,555.972,260.637,206.755,1,-1,-1,-1
170,2,1078.545,179.119,29.672,15.055,1,-1,-1,-1
170,1,1118.885,169.940,42.978,25.732,1,-1,-1,-1
171,5,835.040,174.484,106.830,92.322,1,-1,-1,-1
171,8,871.989,535.033,260.500,198.557,1,-1,-1,-1
171,7,1036.409,175.571,38.851,19.648,1,-1,-1,-1
171,1,1116.473,169.898,44.882,25.756,1,-1,-1,-1
171,2,1077.866,179.136,30.279,14.826,1,-1,-1,-1
171,4,1003.136,204.050,87.608,71.268,1,-1,-1,-1
172,1,1117.062,169.555,43.865,25.239,1,-1,-1,-1
172,5,831.192,175.714,109.393,91.385,1,-1,-1,-1
172,2,1078.004,178.977,29.762,14.172,1,-1,-1,-1
172,7,1036.870,175.628,37.181,19.982,1,-1,-1,-1
172,4,1000.394,200.808,88.365,71.089,1,-1,-1,-1
172,8,875.050,519.656,250.286,191.169,1,-1,-1,-1
173,8,883.691,503.503,243.894,186.322,1,-1,-1,-1
173,1,1117.616,169.711,42.480,25.469,1,-1,-1,-1
173,7,1036.033,176.859,36.058,17.744,1,-1,-1,-1
173,4,1000.772,200.092,87.972,70.250,1,-1,-1,-1
173,5,829.422,176.774,108.025,97.020,1,-1,-1,-1
173,2,1078.274,178.312,29.506,14.943,1,-1,-1,-1
174,2,1078.104,178.238,30.639,15.202,1,-1,-1,-1
174,5,829.130,179.350,107.070,99.091,1,-1,-1,-1
174,7,1037.815,177.058,36.036,17.993,1,-1,-1,-1
174,4,1002.009,196.056,87.236,70.051,1,-1,-1,-1
174,1,1118.036,170.299,41.345,24.538,1,-1,-1,-1
174,8,891.654,490.257,230.542,173.861,1,-1,-1,-1
175,2,1081.527,179.007,27.927,15.105,1,-1,-1,-1
175,4,1002.779,195.266,86.547,68.495,1,-1,-1,-1
175,5,828.839,181.925,106.114,101.163,1,-1,-1,-1
175,1,1118.820,170.014,40.459,24.892,1,-1,-1,-1
175,7,1038.955,178.090,36.261,18.427,1,-1,-1,-1
175,8,899.960,472.144,223.242,174.442,1,-1,-1,-1
176,8,904.393,458.255,220.403,170.749,1,-1,-1,-1
176,5,825.561,183.580,109.122,101.081,1,-1,-1,-1
176,2,1078.544,178.779,30.587,15.517,1,-1,-1,-1
176,1,1119.084,170.671,42.001,24.677,1,-1,-1,-1
176,4,1004.982,194.972,84.568,66.745,1,-1,-1,-1
177,1,1115.199,170.075,46.997,25.500,1,-1,-1,-1
177,5,818.127,189.125,116.471,98.965,1,-1,-1,-1
177,8,913.226,447.425,211.481,163.346,1,-1,-1,-1
177,4,1008.256,189.392,82.565,68.157,1,-1,-1,-1
177,2,1078.692,178.999,30.247,15.678,1,-1,-1,-1
178,5,814.091,192.237,116.399,100.747,1,-1,-1,-1
178,1,1117.727,170.238,45.085,25.279,1,-1,-1,-1
178,8,913.891,430.643,211.588,159.847,1,-1,-1,-1
178,4,1006.330,188.100,82.229,67.109,1,-1,-1,-1
178,2,1078.841,179.219,29.906,15.838,1,-1,-1,-1
179,2,1078.989,179.439,29.566,15.999,1,-1,-1,-1
179,8,917.385,423.248,208.853,154.198,1,-1,-1,-1
179,5,810.829,195.155,117.564,102.700,1,-1,-1,-1
179,4,1007.305,186.162,81.233,64.693,1,-1,-1,-1
179,1,1117.979,170.619,41.272,24.178,1,-1,-1,-1
180,2,1079.138,179.659,29.226,16.159,1,-1,-1,-1
180,5,807.566,198.073,118.730,104.652,1,-1,-1,-1
180,4,1007.707,183.107,79.150,65.966,1,-1,-1,-1
180,1,1116.916,170.012,44.170,24.939,1,-1,-1,-1
180,8,922.137,413.691,202.248,146.054,1,-1,-1,-1
181,2,1079.286,179.879,28.886,16.320,1,-1,-1,-1
181,10,925.910,184.639,34.975,11.413,1,-1,-1,-1
181,8,924.762,402.077,196.047,147.032,1,-1,-1,-1
181,1,1117.904,169.681,41.813,25.115,1,-1,-1,-1
181,4,1009.571,184.622,77.749,62.057,1,-1,-1,-1
181,5,804.304,200.991,119.895,106.605,1,-1,-1,-1
182,10,925.116,184.504,36.391,11.980,1,-1,-1,-1
182,1,1119.032,169.381,42.468,25.408,1,-1,-1,-1
182,8,931.390,393.240,188.314,139.911,1,-1,-1,-1
182,2,1079.435,180.099,28.545,16.480,1,-1,-1,-1
182,4,1012.528,180.573,75.066,63.325,1,-1,-1,-1
182,5,806.389,201.728,116.239,109.070,1,-1,-1,-1
183,10,925.251,183.432,35.866,12.601,1,-1,-1,-1
183,8,937.334,387.029,184.658,134.823,1,-1,-1,-1
183,1,1116.514,170.366,46.331,25.501,1,-1,-1,-1
183,4,1012.849,178.972,73.657,62.366,1,-1,-1,-1
183,5,800.327,201.819,123.816,119.688,1,-1,-1,-1
183,2,1079.583,180.319,28.205,16.641,1,-1,-1,-1
184,1,1118.412,169.797,42.682,25.307,1,-1,-1,-1
184,10,922.529,182.747,41.601,13.949,1,-1,-1,-1
184,5,794.925,207.697,126.843,120.156,1,-1,-1,-1
184,4,1013.192,177.593,73.671,60.732,1,-1,-1,-1
184,8,941.826,375.756,180.461,134.210,1,-1,-1,-1
184,2,1079.652,178.384,28.515,17.989,1,-1,-1,-1
185,10,920.836,180.966,41.606,14.526,1,-1,-1,-1
185,5,792.762,213.783,127.118,119.295,1,-1,-1,-1
185,1,1119.245,169.578,40.523,25.089,1,-1,-1,-1
185,4,1012.546,175.114,73.136,62.325,1,-1,-1,-1
185,2,1080.205,178.545,27.701,16.693,1,-1,-1,-1
185,8,946.349,368.911,173.069,126.944,1,-1,-1,-1
186,1,1116.107,170.004,44.798,25.088,1,-1,-1,-1
186,5,785.555,214.326,132.475,120.798,1,-1,-1,-1
186,10,919.145,180.849,42.576,14.435,1,-1,-1,-1
186,2,1079.370,177.236,29.906,16.182,1,-1,-1,-1
186,8,951.748,359.667,166.151,126.354,1,-1,-1,-1
186,4,1011.556,174.726,74.765,58.217,1,-1,-1,-1
187,2,1078.145,177.299,29.595,16.633,1,-1,-1,-1
187,10,916.897,179.074,46.125,14.506,1,-1,-1,-1
187,8,951.687,349.269,166.182,126.476,1,-1,-1,-1
187,4,1012.438,174.108,73.060,56.061,1,-1,-1,-1
187,5,781.209,222.600,138.718,118.916,1,-1,-1,-1
187,1,1115.342,169.827,45.486,24.988,1,-1,-1,-1
188,2,1078.225,176.861,29.828,17.335,1,-1,-1,-1
188,10,915.808,177.512,46.604,15.824,1,-1,-1,-1
188,1,1114.634,169.988,46.433,25.126,1,-1,-1,-1
188,4,1014.512,172.345,72.225,56.373,1,-1,-1,-1
188,8,956.308,344.396,161.960,120.862,1,-1,-1,-1
188,5,777.507,226.579,134.582,122.295,1,-1,-1,-1
189,4,1015.346,171.423,73.286,55.680,1,-1,-1,-1
189,1,1117.243,170.109,45.806,25.429,1,-1,-1,-1
189,2,1081.740,177.897,28.643,17.230,1,-1,-1,-1
189,8,955.852,336.845,162.661,120.494,1,-1,-1,-1
189,5,785.323,233.807,134.837,121.153,1,-1,-1,-1
189,10,916.148,177.479,49.411,17.586,1,-1,-1,-1
190,2,1084.402,178.463,26.940,16.070,1,-1,-1,-1
190,4,1016.672,170.413,71.379,54.773,1,-1,-1,-1
190,10,917.031,175.929,47.028,20.320,1,-1,-1,-1
190,1,1117.908,170.462,43.183,24.743,1,-1,-1,-1
190,5,788.629,240.120,134.837,121.153,1,-1,-1,-1
190,8,963.771,328.427,153.286,116.261,1,-1,-1,-1
191,5,779.894,244.801,139.151,124.326,1,-1,-1,-1
191,2,1082.255,177.561,28.772,17.201,1,-1,-1,-1
191,8,961.754,324.525,156.940,112.774,1,-1,-1,-1
191,4,1016.358,167.787,71.407,54.295,1,-1,-1,-1
191,1,1118.552,169.870,42.824,25.408,1,-1,-1,-1
191,10,915.870,174.850,46.477,21.843,1,-1,-1,-1
192,2,1084.289,176.536,26.866,16.792,1,-1,-1,-1
192,8,964.922,316.099,152.075,108.727,1,-1,-1,-1
192,1,1114.885,169.717,46.495,25.465,1,-1,-1,-1
192,5,771.160,249.483,143.464,127.499,1,-1,-1,-1
192,4,1016.424,165.946,69.936,53.948,1,-1,-1,-1
192,10,914.343,172.977,47.924,23.415,1,-1,-1,-1
193,2,1082.011,176.102,26.690,16.070,1,-1,-1,-1
193,1,1114.834,169.896,46.004,25.097,1,-1,-1,-1
193,8,967.703,308.675,146.070,109.602,1,-1,-1,-1
193,10,911.230,170.490,48.233,25.311,1,-1,-1,-1
193,4,1016.292,162.120,70.180,55.749,1,-1,-1,-1
193,5,762.425,254.164,147.777,130.672,1,-1,-1,-1
194,2,1081.949,176.393,27.102,16.212,1,-1,-1,-1
194,1,1114.798,169.858,45.656,25.082,1,-1,-1,-1
194,4,1015.756,161.404,69.728,53.932,1,-1,-1,-1
194,5,753.691,258.845,152.091,133.845,1,-1,-1,-1
194,10,911.377,169.559,47.988,25.748,1,-1,-1,-1
194,8,972.066,304.050,139.866,105.193,1,-1,-1,-1
195,5,744.956,263.526,156.405,137.018,1,-1,-1,-1
195,4,1017.423,161.252,67.073,53.050,1,-1,-1,-1
195,10,911.598,168.662,48.236,26.386,1,-1,-1,-1
195,13,872.629,269.678,22.150,35.389,1,-1,-1,-1
195,2,1083.302,174.908,27.859,19.112,1,-1,-1,-1
195,8,974.245,297.087,140.207,105.150,1,-1,-1,-1
195,1,1115.934,169.925,45.883,25.192,1,-1,-1,-1
196,8,974.219,291.462,139.333,102.821,1,-1,-1,-1
196,1,1118.620,170.056,42.572,25.435,1,-1,-1,-1
196,5,736.221,268.208,160.718,140.192,1,-1,-1,-1
196,4,1017.755,158.684,69.319,52.587,1,-1,-1,-1
196,2,1083.612,177.396,27.356,17.078,1,-1,-1,-1
196,13,868.643,275.854,23.410,37.791,1,-1,-1,-1
196,10,910.458,168.056,48.628,26.870,1,-1,-1,-1
197,1,1115.275,170.282,47.466,25.201,1,-1,-1,-1
197,5,727.487,272.889,165.031,143.365,1,-1,-1,-1
197,4,1018.262,158.448,67.821,52.157,1,-1,-1,-1
197,8,977.971,287.994,135.381,98.029,1,-1,-1,-1
197,13,866.002,280.795,21.763,38.194,1,-1,-1,-1
197,2,1084.318,176.229,27.176,18.171,1,-1,-1,-1
197,10,908.342,166.212,48.744,29.862,1,-1,-1,-1
198,5,718.752,277.570,169.345,146.538,1,-1,-1,-1
198,4,1017.565,158.540,69.166,49.624,1,-1,-1,-1
198,1,1116.870,169.653,44.223,25.857,1,-1,-1,-1
198,2,1083.187,174.270,27.891,19.904,1,-1,-1,-1
198,8,977.627,281.008,133.921,98.979,1,-1,-1,-1
198,10,906.913,164.407,49.430,31.538,1,-1,-1,-1
199,5,710.018,282.252,173.659,149.711,1,-1,-1,-1
199,1,1114.967,169.639,47.081,25.729,1,-1,-1,-1
199,4,1017.441,157.149,67.564,48.661,1,-1,-1,-1
199,8,978.200,276.114,130.182,96.936,1,-1,-1,-1
199,2,1080.042,166.184,31.214,27.156,1,-1,-1,-1
199,10,906.007,161.954,48.343,33.519,1,-1,-1,-1
200,5,701.283,286.933,177.972,152.884,1,-1,-1,-1
200,4,1017.209,153.915,67.294,49.967,1,-1,-1,-1
200,8,978.372,273.044,129.334,93.459,1,-1,-1,-1
200,10,905.189,159.809,49.445,33.539,1,-1,-1,-1
200,2,1083.138,172.532,26.455,20.051,1,-1,-1,-1
200,1,1116.192,169.164,44.293,25.739,1,-1,-1,-1
201,10,903.293,158.464,50.734,35.576,1,-1,-1,-1
201,2,1080.812,167.570,29.658,26.550,1,-1,-1,-1
201,1,1115.316,169.350,44.681,26.106,1,-1,-1,-1
201,4,1017.441,153.484,67.379,49.314,1,-1,-1,-1
201,5,698.948,288.688,183.969,160.539,1,-1,-1,-1
201,8,978.531,268.017,128.021,92.448,1,-1,-1,-1
202,4,1019.416,153.296,65.067,48.260,1,-1,-1,-1
202,10,903.383,157.239,50.501,37.092,1,-1,-1,-1
202,2,1081.339,164.532,32.663,30.130,1,-1,-1,-1
202,1,1114.811,169.864,48.015,25.515,1,-1,-1,-1
202,8,980.379,265.304,125.803,88.412,1,-1,-1,-1
202,5,692.171,299.026,186.076,158.858,1,-1,-1,-1
203,2,1082.014,164.635,31.894,30.522,1,-1,-1,-1
203,10,899.964,158.144,54.287,36.446,1,-1,-1,-1
203,8,982.618,259.105,121.751,89.867,1,-1,-1,-1
203,4,1019.710,153.044,65.403,47.791,1,-1,-1,-1
203,5,684.748,301.242,186.246,173.326,1,-1,-1,-1
203,1,1114.348,170.124,48.287,25.478,1,-1,-1,-1
204,2,1084.080,173.714,28.362,21.371,1,-1,-1,-1
204,5,677.615,312.026,194.919,170.440,1,-1,-1,-1
204,4,1019.202,150.436,66.322,48.110,1,-1,-1,-1
204,1,1115.079,170.335,48.099,25.397,1,-1,-1,-1
204,10,902.172,156.158,50.877,38.388,1,-1,-1,-1
204,8,987.522,252.286,115.402,91.439,1,-1,-1,-1
205,5,668.699,316.248,196.827,182.825,1,-1,-1,-1
205,4,1020.361,150.329,63.558,47.090,1,-1,-1,-1
205,8,987.237,249.702,116.409,87.560,1,-1,-1,-1
205,2,1082.245,165.631,31.756,28.831,1,-1,-1,-1
205,1,1116.135,169.372,46.993,26.061,1,-1,-1,-1
205,10,899.485,155.102,51.744,39.237,1,-1,-1,-1
206,4,1019.844,149.687,62.263,46.534,1,-1,-1,-1
206,1,1117.146,169.181,42.105,25.868,1,-1,-1,-1
206,5,656.395,326.188,206.284,185.350,1,-1,-1,-1
206,8,984.440,247.041,116.751,84.767,1,-1,-1,-1
206,10,897.660,154.904,54.088,39.008,1,-1,-1,-1
206,2,1080.678,173.312,29.083,19.749,1,-1,-1,-1
207,4,1019.043,150.082,62.379,45.388,1,-1,-1,-1
207,8,982.800,242.574,114.848,83.533,1,-1,-1,-1
207,1,1116.810,169.033,42.570,26.245,1,-1,-1,-1
207,2,1079.269,172.627,30.398,20.445,1,-1,-1,-1
207,5,644.091,336.127,215.740,187.876,1,-1,-1,-1
207,10,894.236,153.180,55.674,39.677,1,-1,-1,-1
208,10,893.863,150.980,54.538,43.114,1,-1,-1,-1
208,2,1079.312,173.225,31.249,19.325,1,-1,-1,-1
208,4,1019.818,150.446,61.504,44.206,1,-1,-1,-1
208,5,633.323,343.762,221.999,194.105,1,-1,-1,-1
208,8,989.273,237.923,107.901,82.542,1,-1,-1,-1
208,1,1115.077,169.322,46.550,25.628,1,-1,-1,-1
209,10,893.515,150.744,55.014,44.204,1,-1,-1,-1
209,5,622.554,351.397,228.258,200.334,1,-1,-1,-1
209,8,988.256,235.785,109.643,81.439,1,-1,-1,-1
209,4,1021.245,151.598,60.604,42.825,1,-1,-1,-1
209,2,1079.694,170.401,32.774,24.050,1,-1,-1,-1
209,1,1116.240,170.133,45.695,25.343,1,-1,-1,-1
210,2,1080.637,174.440,31.936,19.237,1,-1,-1,-1
210,8,990.719,232.439,107.070,80.008,1,-1,-1,-1
210,5,612.281,361.572,230.347,205.740,1,-1,-1,-1
210,10,892.445,150.174,56.793,45.288,1,-1,-1,-1
210,1,1114.121,170.000,48.567,25.672,1,-1,-1,-1
210,4,1021.769,150.260,61.787,43.953,1,-1,-1,-1
211,8,990.035,228.287,107.693,79.023,1,-1,-1,-1
211,10,891.247,149.849,56.345,45.191,1,-1,-1,-1
211,1,1114.544,170.140,48.188,25.511,1,-1,-1,-1
211,2,1079.943,174.333,32.312,19.755,1,-1,-1,-1
211,4,1021.358,150.795,61.284,43.269,1,-1,-1,-1
211,5,596.416,372.871,239.509,211.157,1,-1,-1,-1
212,4,1021.702,151.028,59.429,41.615,1,-1,-1,-1
212,5,580.550,384.169,248.670,216.573,1,-1,-1,-1
212,2,1078.709,176.521,31.735,17.668,1,-1,-1,-1
212,1,1115.280,169.672,46.617,25.990,1,-1,-1,-1
212,8,987.384,227.456,109.815,76.722,1,-1,-1,-1
212,10,889.018,149.664,57.589,45.074,1,-1,-1,-1
213,8,993.148,221.651,100.847,73.850,1,-1,-1,-1
213,4,1020.942,151.104,59.522,40.646,1,-1,-1,-1
213,10,887.512,148.579,57.009,45.906,1,-1,-1,-1
213,2,1079.391,176.118,30.565,16.391,1,-1,-1,-1
213,1,1114.670,169.641,46.414,25.245,1,-1,-1,-1
213,5,564.685,395.468,257.832,221.990,1,-1,-1,-1
214,2,1079.335,177.941,29.148,15.219,1,-1,-1,-1
214,4,1020.689,151.700,58.741,40.505,1,-1,-1,-1
214,1,1116.628,168.998,42.622,26.545,1,-1,-1,-1
214,5,549.255,408.200,264.967,235.148,1,-1,-1,-1
214,10,884.591,148.794,58.595,47.279,1,-1,-1,-1
214,8,990.664,218.321,103.294,76.047,1,-1,-1,-1
215,1,1115.988,169.373,45.044,25.834,1,-1,-1,-1
215,8,993.208,214.965,99.855,74.760,1,-1,-1,-1
215,5,533.825,420.932,272.103,248.307,1,-1,-1,-1
215,2,1078.962,177.744,30.423,15.461,1,-1,-1,-1
215,4,1021.687,152.307,57.560,40.242,1,-1,-1,-1
215,10,883.031,149.045,62.203,47.591,1,-1,-1,-1
216,8,996.385,212.853,96.106,72.785,1,-1,-1,-1
216,4,1022.567,153.060,57.126,40.094,1,-1,-1,-1
216,2,1079.021,177.140,31.303,16.829,1,-1,-1,-1
216,10,882.000,149.164,62.219,48.221,1,-1,-1,-1
216,1,1117.988,169.669,42.573,25.641,1,-1,-1,-1
216,5,515.842,433.248,283.368,253.958,1,-1,-1,-1
217,5,497.859,445.564,294.634,259.609,1,-1,-1,-1
217,2,1079.003,171.836,34.177,22.722,1,-1,-1,-1
217,1,1116.222,170.383,46.279,25.043,1,-1,-1,-1
217,10,880.970,149.284,62.236,48.850,1,-1,-1,-1
217,4,1023.447,153.812,56.691,39.946,1,-1,-1,-1
217,8,997.954,210.216,92.699,72.397,1,-1,-1,-1
218,10,879.939,149.403,62.252,49.480,1,-1,-1,-1
218,5,477.594,462.581,302.205,272.999,1,-1,-1,-1
218,1,1115.825,169.774,46.365,25.391,1,-1,-1,-1
218,8,997.148,206.562,94.856,71.406,1,-1,-1,-1
218,4,1024.327,154.565,56.257,39.798,1,-1,-1,-1
218,2,1079.380,171.987,33.309,21.990,1,-1,-1,-1
219,4,1024.074,156.113,54.663,38.350,1,-1,-1,-1
219,5,458.028,475.767,311.846,283.069,1,-1,-1,-1
219,10,876.887,149.149,63.286,50.945,1,-1,-1,-1
219,2,1078.939,176.116,31.504,17.681,1,-1,-1,-1
219,1,1118.279,170.141,41.419,25.270,1,-1,-1,-1
219,8,997.312,203.317,94.552,70.109,1,-1,-1,-1
220,10,874.158,150.298,64.011,50.026,1,-1,-1,-1
220,2,1078.389,177.098,31.323,16.444,1,-1,-1,-1
220,1,1115.701,169.304,44.971,25.807,1,-1,-1,-1
220,8,998.826,199.295,91.342,72.160,1,-1,-1,-1
220,5,436.517,492.785,316.255,291.444,1,-1,-1,-1
220,4,1023.284,156.446,54.243,38.170,1,-1,-1,-1
221,5,417.419,506.533,332.053,317.425,1,-1,-1,-1
221,10,875.576,150.134,62.057,52.302,1,-1,-1,-1
221,8,998.527,196.543,93.493,70.679,1,-1,-1,-1
221,4,1024.047,157.688,52.843,35.983,1,-1,-1,-1
221,1,1118.168,169.745,40.875,25.438,1,-1,-1,-1
221,2,1078.225,176.208,31.927,17.337,1,-1,-1,-1
222,4,1023.969,158.785,54.364,35.199,1,-1,-1,-1
222,1,1118.207,170.128,41.444,25.182,1,-1,-1,-1
222,8,1000.914,195.285,89.430,70.152,1,-1,-1,-1
222,2,1077.969,176.192,31.465,18.116,1,-1,-1,-1
222,5,377.694,529.648,351.982,328.813,1,-1,-1,-1
222,10,873.908,151.109,63.775,52.597,1,-1,-1,-1
223,4,1023.892,159.882,55.886,34.415,1,-1,-1,-1
223,8,1003.209,196.432,88.293,64.452,1,-1,-1,-1
223,5,337.969,552.763,371.910,340.202,1,-1,-1,-1
223,10,873.617,151.716,64.169,53.844,1,-1,-1,-1
223,1,1117.550,169.778,45.772,25.652,1,-1,-1,-1
223,2,1079.913,177.914,29.237,15.567,1,-1,-1,-1
224,1,1119.021,170.599,40.880,24.834,1,-1,-1,-1
224,2,1079.359,177.052,30.921,17.582,1,-1,-1,-1
224,5,301.561,577.391,398.247,356.454,1,-1,-1,-1
224,8,1003.695,196.041,87.547,60.719,1,-1,-1,-1
224,4,1023.814,160.979,57.407,33.631,1,-1,-1,-1
224,10,870.169,153.571,65.161,53.784,1,-1,-1,-1
225,1,1114.842,170.062,47.297,25.599,1,-1,-1,-1
225,10,869.009,154.397,64.141,54.470,1,-1,-1,-1
225,8,1005.633,189.410,84.958,64.006,1,-1,-1,-1
225,2,1079.480,178.015,30.763,16.758,1,-1,-1,-1
225,4,1023.734,162.554,55.402,28.439,1,-1,-1,-1
225,5,265.154,602.018,424.585,372.706,1,-1,-1,-1
226,8,1007.021,185.833,83.712,64.171,1,-1,-1,-1
226,10,868.473,155.603,64.592,54.578,1,-1,-1,-1
226,2,1078.418,177.110,30.464,17.540,1,-1,-1,-1
226,1,1118.703,170.374,40.918,25.056,1,-1,-1,-1
226,5,233.511,630.934,440.146,396.088,1,-1,-1,-1
227,1,1117.693,171.167,41.100,24.372,1,-1,-1,-1
227,2,1079.047,178.012,29.026,15.310,1,-1,-1,-1
227,5,194.687,661.520,455.841,401.795,1,-1,-1,-1
227,10,866.475,156.105,63.695,55.378,1,-1,-1,-1
227,8,1005.700,183.998,84.604,62.546,1,-1,-1,-1
228,2,1080.182,179.232,29.296,16.326,1,-1,-1,-1
228,1,1119.773,169.428,40.534,25.899,1,-1,-1,-1
228,10,865.582,157.751,65.545,54.950,1,-1,-1,-1
228,14,138.698,700.612,497.698,379.117,1,-1,-1,-1
228,8,1008.698,180.888,79.954,62.991,1,-1,-1,-1
229,8,1010.117,174.900,79.731,67.155,1,-1,-1,-1
229,10,864.210,160.266,68.814,54.389,1,-1,-1,-1
229,2,1081.238,178.688,28.447,18.255,1,-1,-1,-1
229,5,96.258,739.830,514.016,333.447,1,-1,-1,-1
229,1,1119.747,169.633,40.581,25.773,1,-1,-1,-1
230,8,1012.340,176.038,77.863,64.429,1,-1,-1,-1
230,10,862.324,161.719,70.047,55.305,1,-1,-1,-1
230,2,1080.268,178.443,29.213,18.498,1,-1,-1,-1
230,1,1119.054,170.031,41.644,25.651,1,-1,-1,-1
230,5,45.543,779.561,544.244,297.192,1,-1,-1,-1
231,1,1119.387,169.654,41.164,26.048,1,-1,-1,-1
231,5,11.694,827.213,554.548,241.965,1,-1,-1,-1
231,10,861.243,161.639,70.354,59.059,1,-1,-1,-1
231,8,1010.708,173.792,79.509,65.053,1,-1,-1,-1
231,2,1080.814,178.114,30.149,17.350,1,-1,-1,-1
232,2,1082.217,178.246,28.304,16.339,1,-1,-1,-1
232,10,859.337,163.253,71.424,58.201,1,-1,-1,-1
232,8,1010.578,173.775,78.068,61.969,1,-1,-1,-1
232,1,1116.179,170.208,45.462,25.464,1,-1,-1,-1
232,5,0.000,879.896,504.471,196.581,1,-1,-1,-1
233,2,1082.781,177.964,27.592,15.850,1,-1,-1,-1
233,10,860.015,164.802,67.499,57.072,1,-1,-1,-1
233,8,1011.479,173.003,76.828,59.025,1,-1,-1,-1
233,5,0.000,952.874,419.466,119.512,1,-1,-1,-1
233,1,1115.789,169.755,45.671,25.568,1,-1,-1,-1
234,2,1082.300,176.098,28.387,17.582,1,-1,-1,-1
234,5,4.602,995.174,434.737,81.378,1,-1,-1,-1
234,10,857.319,166.469,70.333,59.405,1,-1,-1,-1
234,1,1118.112,169.833,42.781,25.593,1,-1,-1,-1
234,8,1011.954,169.862,75.887,58.271,1,-1,-1,-1
235,2,1084.899,178.143,25.394,16.076,1,-1,-1,-1
235,15,967.064,169.386,25.450,21.935,1,-1,-1,-1
235,10,854.804,167.410,72.824,60.717,1,-1,-1,-1
235,1,1119.404,169.774,40.735,25.680,1,-1,-1,-1
235,8,1012.188,169.629,75.977,56.091,1,-1,-1,-1
236,10,853.580,168.024,73.002,62.617,1,-1,-1,-1
236,1,1120.046,169.758,39.997,25.723,1,-1,-1,-1
236,8,1015.309,167.253,72.280,57.493,1,-1,-1,-1
236,2,1086.067,178.069,25.338,16.696,1,-1,-1,-1
236,15,966.956,170.005,25.388,21.444,1,-1,-1,-1
236,16,924.286,183.775,42.848,13.428,1,-1,-1,-1
237,16,923.226,182.207,43.688,15.224,1,-1,-1,-1
237,10,852.039,170.149,72.624,61.979,1,-1,-1,-1
237,2,1086.825,177.331,25.362,17.939,1,-1,-1,-1
237,1,1119.326,169.924,42.083,25.579,1,-1,-1,-1
237,8,1015.472,164.076,72.108,57.491,1,-1,-1,-1
237,15,967.214,169.005,24.665,22.733,1,-1,-1,-1
238,1,1119.121,169.898,41.443,25.881,1,-1,-1,-1
238,2,1085.416,177.582,26.108,17.539,1,-1,-1,-1
238,8,1014.885,163.313,70.723,56.392,1,-1,-1,-1
238,10,849.109,171.345,74.364,62.033,1,-1,-1,-1
238,16,920.136,181.984,45.082,14.769,1,-1,-1,-1
239,1,1117.798,170.886,42.209,24.336,1,-1,-1,-1
239,10,846.752,173.319,75.856,64.276,1,-1,-1,-1
239,8,1012.848,162.445,73.758,54.581,1,-1,-1,-1
239,2,1083.679,177.164,26.472,16.486,1,-1,-1,-1
239,16,919.834,180.418,44.795,17.812,1,-1,-1,-1
240,2,1084.055,177.639,25.774,15.967,1,-1,-1,-1
240,1,1117.979,170.957,41.011,24.422,1,-1,-1,-1
240,16,918.074,179.401,46.232,18.215,1,-1,-1,-1
240,10,845.390,175.628,76.402,61.348,1,-1,-1,-1
240,8,1012.310,162.989,72.578,50.903,1,-1,-1,-1
241,16,916.522,177.734,48.450,15.471,1,-1,-1,-1
241,1,1118.224,170.083,41.536,25.144,1,-1,-1,-1
241,2,1084.475,175.884,26.461,17.635,1,-1,-1,-1
241,8,1013.168,159.348,71.733,53.073,1,-1,-1,-1
241,10,844.958,178.239,76.222,59.892,1,-1,-1,-1
242,8,1013.922,157.749,70.594,53.136,1,-1,-1,-1
242,16,915.817,177.330,48.539,20.325,1,-1,-1,-1
242,10,843.367,179.421,76.220,63.091,1,-1,-1,-1
242,2,1083.475,174.433,28.238,19.509,1,-1,-1,-1
242,1,1118.551,170.589,40.891,24.937,1,-1,-1,-1
243,8,1014.677,156.149,69.454,53.198,1,-1,-1,-1
243,16,915.256,176.332,49.133,21.506,1,-1,-1,-1
243,10,840.252,181.440,80.489,63.661,1,-1,-1,-1
243,1,1119.862,169.890,40.948,26.206,1,-1,-1,-1
243,2,1084.805,176.304,26.767,17.947,1,-1,-1,-1
244,8,1015.453,153.957,68.878,53.228,1,-1,-1,-1
244,1,1118.344,170.440,42.427,25.145,1,-1,-1,-1
244,10,840.564,180.604,79.847,67.485,1,-1,-1,-1
244,2,1085.454,175.217,26.975,19.247,1,-1,-1,-1
244,16,914.956,175.187,49.548,24.978,1,-1,-1,-1
245,17,965.971,170.951,24.168,20.044,1,-1,-1,-1
245,8,1015.347,153.538,67.824,51.425,1,-1,-1,-1
245,1,1117.648,170.370,42.757,25.489,1,-1,-1,-1
245,10,837.917,183.345,81.031,67.080,1,-1,-1,-1
245,2,1084.110,175.547,26.368,18.908,1,-1,-1,-1
245,16,914.767,173.230,50.762,24.534,1,-1,-1,-1
246,8,1014.718,151.771,68.069,51.244,1,-1,-1,-1
246,1,1115.249,169.710,46.318,25.703,1,-1,-1,-1
246,2,1081.508,170.684,28.635,23.057,1,-1,-1,-1
246,17,965.370,169.575,26.924,21.166,1,-1,-1,-1
246,10,836.746,186.081,80.300,66.515,1,-1,-1,-1
246,16,914.874,170.877,48.646,26.465,1,-1,-1,-1
247,8,1014.089,150.004,68.314,51.063,1,-1,-1,-1
247,17,964.867,172.003,24.585,19.186,1,-1,-1,-1
247,2,1081.950,171.105,28.209,22.536,1,-1,-1,-1
247,10,834.520,186.875,81.574,68.632,1,-1,-1,-1
247,1,1117.275,169.858,42.348,24.956,1,-1,-1,-1
247,16,913.697,168.777,48.737,27.998,1,-1,-1,-1
248,1,1116.173,169.676,45.630,25.511,1,-1,-1,-1
248,10,831.707,189.632,83.996,70.468,1,-1,-1,-1
248,2,1079.394,165.050,33.058,28.877,1,-1,-1,-1
248,8,1013.339,150.218,67.915,49.207,1,-1,-1,-1
248,16,913.392,169.232,47.628,27.347,1,-1,-1,-1
248,17,964.466,171.616,24.758,17.935,1,-1,-1,-1
249,8,1014.831,149.765,67.378,48.040,1,-1,-1,-1
249,1,1118.299,169.469,42.588,25.537,1,-1,-1,-1
249,17,963.885,170.096,25.889,21.615,1,-1,-1,-1
249,16,912.534,166.847,50.184,28.758,1,-1,-1,-1
249,10,832.593,192.733,84.085,67.792,1,-1,-1,-1
249,2,1080.537,169.265,30.787,25.053,1,-1,-1,-1
250,17,963.605,172.157,24.156,19.477,1,-1,-1,-1
250,8,1016.225,150.243,65.044,46.926,1,-1,-1,-1
250,16,912.498,165.429,51.124,30.608,1,-1,-1,-1
250,10,830.390,194.374,85.786,70.417,1,-1,-1,-1
250,2,1080.011,171.913,30.718,22.846,1,-1,-1,-1
250,1,1115.977,169.975,46.751,25.679,1,-1,-1,-1
251,1,1115.999,170.027,46.486,25.636,1,-1,-1,-1
251,16,911.116,162.648,52.264,31.839,1,-1,-1,-1
251,2,1079.816,175.731,30.513,18.465,1,-1,-1,-1
251,10,829.748,196.966,85.560,69.598,1,-1,-1,-1
251,17,965.479,169.584,21.682,21.616,1,-1,-1,-1
251,8,1017.620,150.721,62.709,45.812,1,-1,-1,-1
252,16,908.800,160.937,54.156,33.128,1,-1,-1,-1
252,1,1116.446,169.479,46.153,25.737,1,-1,-1,-1
252,2,1078.612,169.104,32.846,25.045,1,-1,-1,-1
252,10,831.144,199.993,82.800,69.052,1,-1,-1,-1
252,8,1017.095,150.452,62.761,45.145,1,-1,-1,-1
253,8,1014.852,150.601,64.498,44.164,1,-1,-1,-1
253,2,1077.074,170.460,32.932,23.381,1,-1,-1,-1
253,10,824.497,200.517,88.573,72.165,1,-1,-1,-1
253,1,1115.648,169.524,45.621,25.533,1,-1,-1,-1
253,16,908.488,159.645,54.959,34.525,1,-1,-1,-1
254,16,907.741,157.567,54.741,37.023,1,-1,-1,-1
254,8,1016.117,149.232,61.897,43.972,1,-1,-1,-1
254,10,822.441,200.584,90.115,75.962,1,-1,-1,-1
254,2,1077.436,176.995,30.793,14.748,1,-1,-1,-1
254,1,1117.107,169.322,42.291,25.216,1,-1,-1,-1
255,16,907.022,155.717,54.182,38.774,1,-1,-1,-1
255,8,1016.395,149.362,61.652,43.961,1,-1,-1,-1
255,10,822.350,202.444,90.543,77.580,1,-1,-1,-1
255,2,1077.157,176.676,31.286,15.497,1,-1,-1,-1
255,1,1117.806,170.152,41.958,24.678,1,-1,-1,-1
256,16,906.303,153.868,53.623,40.526,1,-1,-1,-1
256,10,820.331,205.798,90.459,75.559,1,-1,-1,-1
256,1,1114.551,170.174,48.487,25.156,1,-1,-1,-1
256,2,1077.595,177.650,32.048,15.367,1,-1,-1,-1
256,8,1016.672,149.492,61.406,43.951,1,-1,-1,-1
257,2,1077.438,177.406,31.949,15.574,1,-1,-1,-1
257,10,819.085,207.492,92.549,77.732,1,-1,-1,-1
257,16,904.673,152.348,56.753,42.581,1,-1,-1,-1
257,8,1016.950,149.623,61.160,43.940,1,-1,-1,-1
257,1,1117.385,170.042,43.270,25.233,1,-1,-1,-1
258,2,1077.281,177.163,31.849,15.781,1,-1,-1,-1
258,10,816.343,210.638,94.731,79.100,1,-1,-1,-1
258,8,1017.228,149.753,60.915,43.929,1,-1,-1,-1
258,16,903.044,150.829,59.882,44.636,1,-1,-1,-1
258,1,1114.913,170.248,47.673,25.085,1,-1,-1,-1
259,10,814.315,213.909,95.188,78.269,1,-1,-1,-1
259,8,1016.325,150.035,61.026,43.175,1,-1,-1,-1
259,16,901.924,149.709,58.440,44.502,1,-1,-1,-1
259,1,1117.236,170.028,42.975,25.235,1,-1,-1,-1
259,2,1077.124,176.919,31.750,15.988,1,-1,-1,-1
260,8,1015.895,151.565,61.085,41.518,1,-1,-1,-1
260,10,811.887,216.020,97.200,79.052,1,-1,-1,-1
260,1,1115.504,169.493,45.653,25.325,1,-1,-1,-1
260,2,1076.055,177.216,31.859,15.210,1,-1,-1,-1
260,16,900.605,148.177,57.009,45.888,1,-1,-1,-1
261,16,898.501,147.289,58.987,46.284,1,-1,-1,-1
261,10,811.724,218.396,95.252,77.611,1,-1,-1,-1
261,8,1015.464,153.096,61.144,39.860,1,-1,-1,-1
261,1,1115.457,169.441,45.521,25.360,1,-1,-1,-1
261,2,1078.403,176.433,30.236,16.523,1,-1,-1,-1
262,1,1117.638,169.677,42.476,25.072,1,-1,-1,-1
262,2,1077.713,177.152,30.943,15.344,1,-1,-1,-1
262,8,1018.981,153.557,59.003,40.037,1,-1,-1,-1
262,10,808.838,220.672,97.994,81.249,1,-1,-1,-1
262,16,899.665,146.332,56.651,46.661,1,-1,-1,-1
263,1,1117.194,170.453,43.266,24.803,1,-1,-1,-1
263,2,1077.018,174.803,33.717,19.068,1,-1,-1,-1
263,8,1018.941,153.801,58.420,39.155,1,-1,-1,-1
263,10,806.397,225.448,99.810,81.727,1,-1,-1,-1
263,16,896.406,145.409,60.329,49.115,1,-1,-1,-1
264,10,802.553,227.635,101.425,80.498,1,-1,-1,-1
264,2,1078.243,177.873,31.103,15.693,1,-1,-1,-1
264,8,1020.126,155.358,57.222,38.256,1,-1,-1,-1
264,1,1114.866,170.052,48.105,25.523,1,-1,-1,-1
264,16,896.911,144.217,59.655,49.435,1,-1,-1,-1
265,2,1077.881,175.372,31.921,18.929,1,-1,-1,-1
265,10,799.000,229.643,102.523,83.636,1,-1,-1,-1
265,16,896.559,142.247,58.812,50.874,1,-1,-1,-1
265,1,1115.304,169.860,46.034,25.588,1,-1,-1,-1
265,8,1019.394,157.110,56.569,36.746,1,-1,-1,-1
266,18,758.299,1028.192,326.336,48.102,1,-1,-1,-1
266,8,1020.653,158.582,55.410,34.887,1,-1,-1,-1
266,1,1116.881,169.930,42.641,25.058,1,-1,-1,-1
266,2,1077.647,171.846,33.467,21.310,1,-1,-1,-1
266,16,894.522,141.323,60.224,51.626,1,-1,-1,-1
266,10,793.917,233.656,106.334,82.600,1,-1,-1,-1
267,2,1078.025,171.744,32.904,20.944,1,-1,-1,-1
267,16,892.106,140.553,60.999,52.504,1,-1,-1,-1
267,18,708.466,974.859,432.230,98.673,1,-1,-1,-1
267,1,1116.618,169.633,42.803,25.066,1,-1,-1,-1
267,10,792.814,235.835,102.925,84.510,1,-1,-1,-1
267,8,1020.817,158.361,55.010,34.566,1,-1,-1,-1
268,16,892.260,139.348,60.899,54.060,1,-1,-1,-1
268,1,1116.408,169.480,43.008,25.645,1,-1,-1,-1
268,10,788.233,238.859,105.425,88.436,1,-1,-1,-1
268,18,737.548,923.158,396.616,150.508,1,-1,-1,-1
268,2,1077.904,174.160,32.309,18.806,1,-1,-1,-1
268,8,1020.217,159.647,56.207,33.521,1,-1,-1,-1
269,10,786.301,243.759,109.098,87.115,1,-1,-1,-1
269,1,1117.895,169.883,41.565,25.357,1,-1,-1,-1
269,8,1021.458,160.428,54.338,32.728,1,-1,-1,-1
269,18,753.240,876.085,385.147,201.553,1,-1,-1,-1
269,16,889.636,139.504,65.873,56.712,1,-1,-1,-1
269,2,1077.783,176.575,31.715,16.668,1,-1,-1,-1
270,18,684.764,796.441,350.134,183.230,1,-1,-1,-1
270,2,1077.662,178.991,31.120,14.530,1,-1,-1,-1
270,10,785.153,244.963,107.912,93.645,1,-1,-1,-1
270,16,888.301,138.867,66.190,57.757,1,-1,-1,-1
270,1,1117.174,170.198,42.961,24.791,1,-1,-1,-1
270,8,1020.487,160.592,55.186,31.537,1,-1,-1,-1
271,1,1118.189,170.141,44.374,25.536,1,-1,-1,-1
271,16,887.011,139.413,64.326,57.136,1,-1,-1,-1
271,10,777.391,249.665,112.922,90.999,1,-1,-1,-1
271,8,1021.406,162.166,55.199,30.339,1,-1,-1,-1
271,18,780.482,797.287,347.375,279.019,1,-1,-1,-1
271,2,1078.863,179.392,29.863,14.203,1,-1,-1,-1
272,8,1021.562,165.136,54.895,28.763,1,-1,-1,-1
272,10,775.589,251.604,112.070,94.097,1,-1,-1,-1
272,18,799.054,758.144,320.791,287.754,1,-1,-1,-1
272,1,1118.979,169.748,40.732,25.288,1,-1,-1,-1
272,2,1078.649,179.209,29.548,14.153,1,-1,-1,-1
272,16,885.526,138.697,65.194,58.768,1,-1,-1,-1
273,8,1021.363,166.978,56.497,26.223,1,-1,-1,-1
273,2,1078.031,179.210,30.301,13.567,1,-1,-1,-1
273,10,769.902,255.021,118.179,95.329,1,-1,-1,-1
273,16,880.891,140.337,68.967,59.242,1,-1,-1,-1
273,1,1118.492,170.074,40.200,24.796,1,-1,-1,-1
273,18,801.184,729.472,317.221,272.522,1,-1,-1,-1
274,10,766.573,258.615,117.282,95.255,1,-1,-1,-1
274,18,814.241,697.516,303.773,258.849,1,-1,-1,-1
274,2,1077.253,179.175,30.525,13.837,1,-1,-1,-1
274,1,1118.217,170.211,40.018,24.348,1,-1,-1,-1
274,8,1021.427,168.776,52.527,25.130,1,-1,-1,-1
274,16,880.034,139.290,68.556,61.262,1,-1,-1,-1
275,18,818.295,665.725,295.283,254.333,1,-1,-1,-1
275,1,1118.985,170.073,39.601,24.593,1,-1,-1,-1
275,2,1077.826,179.503,30.359,13.441,1,-1,-1,-1
275,8,1020.163,167.698,55.146,26.112,1,-1,-1,-1
275,10,762.784,262.804,120.130,98.494,1,-1,-1,-1
275,16,879.306,140.303,67.904,62.114,1,-1,-1,-1
276,10,759.235,267.698,124.038,97.135,1,-1,-1,-1
276,2,1079.081,180.039,29.126,13.536,1,-1,-1,-1
276,1,1118.594,169.965,40.127,25.143,1,-1,-1,-1
276,16,878.578,141.316,67.251,62.966,1,-1,-1,-1
276,18,838.634,641.209,276.585,244.254,1,-1,-1,-1
276,8,1023.376,170.598,54.712,23.889,1,-1,-1,-1
277,8,1023.287,171.772,57.086,24.345,1,-1,-1,-1
277,1,1120.173,171.430,39.267,24.268,1,-1,-1,-1
277,2,1079.237,179.895,29.323,13.968,1,-1,-1,-1
277,10,756.311,273.631,123.901,100.820,1,-1,-1,-1
277,18,842.539,619.533,268.754,234.390,1,-1,-1,-1
277,16,877.850,142.329,66.599,63.818,1,-1,-1,-1
278,2,1079.495,180.289,28.602,13.499,1,-1,-1,-1
278,16,875.444,141.834,69.138,69.988,1,-1,-1,-1
278,8,1023.882,173.079,58.413,22.874,1,-1,-1,-1
278,18,845.036,597.351,270.525,226.898,1,-1,-1,-1
278,1,1120.320,171.248,39.150,24.311,1,-1,-1,-1
278,10,753.712,275.757,123.327,102.641,1,-1,-1,-1
279,10,745.817,279.759,125.192,102.889,1,-1,-1,-1
279,8,1023.420,173.845,52.125,21.075,1,-1,-1,-1
279,18,856.836,573.432,257.560,220.743,1,-1,-1,-1
279,16,873.156,143.246,70.204,68.307,1,-1,-1,-1
279,2,1078.111,179.566,30.106,14.193,1,-1,-1,-1
279,1,1118.823,170.038,39.744,25.194,1,-1,-1,-1
280,2,1077.805,179.808,30.022,13.048,1,-1,-1,-1
280,8,1024.127,175.170,51.236,18.166,1,-1,-1,-1
280,18,859.526,557.487,250.791,213.108,1,-1,-1,-1
280,1,1119.178,169.804,38.956,24.730,1,-1,-1,-1
280,10,742.694,283.801,124.408,106.230,1,-1,-1,-1
280,16,870.867,144.659,71.271,66.625,1,-1,-1,-1
281,1,1117.044,169.828,41.253,24.512,1,-1,-1,-1
281,2,1077.013,179.313,29.865,13.201,1,-1,-1,-1
281,10,737.097,289.402,130.025,108.045,1,-1,-1,-1
281,16,868.153,146.920,72.751,69.033,1,-1,-1,-1
281,18,873.782,538.797,233.802,202.232,1,-1,-1,-1
281,8,1024.680,175.681,47.146,17.703,1,-1,-1,-1
282,1,1115.047,169.664,45.698,25.167,1,-1,-1,-1
282,16,866.771,148.917,74.012,69.490,1,-1,-1,-1
282,10,731.378,293.816,134.254,109.130,1,-1,-1,-1
282,2,1081.104,180.684,25.794,12.446,1,-1,-1,-1
282,18,879.143,525.377,227.380,193.695,1,-1,-1,-1
282,8,1023.546,176.424,51.013,16.872,1,-1,-1,-1
283,10,725.331,298.220,137.905,111.384,1,-1,-1,-1
283,8,1025.220,178.561,50.163,15.095,1,-1,-1,-1
283,18,880.952,508.281,229.500,190.704,1,-1,-1,-1
283,2,1076.460,179.446,31.678,13.216,1,-1,-1,-1
283,16,865.390,150.915,75.272,69.946,1,-1,-1,-1
283,1,1117.018,169.407,45.839,25.876,1,-1,-1,-1
284,2,1077.909,179.698,30.681,13.114,1,-1,-1,-1
284,10,716.265,302.756,147.868,113.928,1,-1,-1,-1
284,1,1116.858,169.590,45.412,25.740,1,-1,-1,-1
284,16,863.099,152.599,77.985,70.422,1,-1,-1,-1
284,18,886.309,494.599,221.375,182.992,1,-1,-1,-1
284,8,1026.102,179.266,51.145,14.884,1,-1,-1,-1
285,2,1077.038,179.456,31.316,13.218,1,-1,-1,-1
285,16,860.807,154.284,80.698,70.898,1,-1,-1,-1
285,8,1027.509,179.696,50.358,14.691,1,-1,-1,-1
285,1,1117.354,169.529,45.608,25.678,1,-1,-1,-1
285,18,895.310,479.135,213.959,177.951,1,-1,-1,-1
285,10,714.179,306.379,144.638,114.807,1,-1,-1,-1
286,8,1029.719,180.559,45.159,14.533,1,-1,-1,-1
286,18,898.291,465.521,210.749,169.122,1,-1,-1,-1
286,16,858.016,156.087,80.969,70.892,1,-1,-1,-1
286,2,1075.718,179.423,32.583,13.231,1,-1,-1,-1
286,10,708.822,313.508,145.074,119.123,1,-1,-1,-1
286,1,1117.455,169.765,42.028,25.014,1,-1,-1,-1
287,1,1114.065,169.472,46.021,25.431,1,-1,-1,-1
287,8,1029.787,181.169,44.533,15.032,1,-1,-1,-1
287,16,855.226,157.889,81.241,70.886,1,-1,-1,-1
287,2,1076.556,179.539,31.398,12.926,1,-1,-1,-1
287,10,700.433,318.239,146.320,116.952,1,-1,-1,-1
287,18,899.354,455.254,208.830,165.918,1,-1,-1,-1
288,8,1030.734,181.559,44.981,13.684,1,-1,-1,-1
288,1,1114.403,169.471,46.262,25.275,1,-1,-1,-1
288,18,908.845,439.532,199.163,164.536,1,-1,-1,-1
288,16,854.327,158.600,81.302,74.238,1,-1,-1,-1
288,2,1071.863,179.085,36.054,13.456,1,-1,-1,-1
288,10,696.943,329.871,145.779,113.400,1,-1,-1,-1
289,1,1116.958,169.994,44.429,25.231,1,-1,-1,-1
289,2,1067.170,178.630,40.710,13.986,1,-1,-1,-1
289,10,689.397,329.972,154.615,126.315,1,-1,-1,-1
289,8,1032.904,182.073,43.934,13.104,1,-1,-1,-1
289,18,911.635,431.971,194.893,157.403,1,-1,-1,-1
289,16,853.428,159.311,81.363,77.590,1,-1,-1,-1
290,10,680.574,335.675,158.986,125.724,1,-1,-1,-1
290,16,849.962,159.298,84.627,78.188,1,-1,-1,-1
290,2,1062.477,178.176,45.366,14.516,1,-1,-1,-1
290,18,916.067,418.674,191.545,154.168,1,-1,-1,-1
290,1,1117.776,169.548,42.775,25.336,1,-1,-1,-1
290,8,1035.073,182.587,42.887,12.525,1,-1,-1,-1
291,1,1118.845,170.120,41.447,25.012,1,-1,-1,-1
291,18,920.364,410.936,181.890,149.061,1,-1,-1,-1
291,10,673.967,342.764,161.403,128.795,1,-1,-1,-1
291,8,1037.679,176.983,68.708,16.301,1,-1,-1,-1
291,16,849.331,163.520,81.927,77.893,1,-1,-1,-1
292,16,845.246,167.034,85.832,76.484,1,-1,-1,-1
292,1,1119.061,170.053,40.698,24.985,1,-1,-1,-1
292,8,1041.066,176.993,65.794,16.191,1,-1,-1,-1
292,10,667.694,347.256,162.822,129.958,1,-1,-1,-1
292,18,922.794,402.987,178.040,144.875,1,-1,-1,-1
293,10,665.556,354.274,154.170,133.013,1,-1,-1,-1
293,16,843.203,166.542,86.625,79.954,1,-1,-1,-1
293,18,924.511,391.087,178.248,142.216,1,-1,-1,-1
293,1,1118.922,170.361,40.742,24.676,1,-1,-1,-1
293,8,1041.864,176.208,66.335,17.002,1,-1,-1,-1
294,18,934.096,385.455,166.249,136.481,1,-1,-1,-1
294,1,1117.588,170.483,41.664,24.566,1,-1,-1,-1
294,16,843.053,168.026,87.883,80.444,1,-1,-1,-1
294,2,1043.705,176.359,63.991,16.636,1,-1,-1,-1
294,10,646.702,363.449,174.724,137.163,1,-1,-1,-1
295,16,838.173,170.395,90.369,81.178,1,-1,-1,-1
295,1,1117.640,170.454,41.799,24.625,1,-1,-1,-1
295,2,1045.214,178.239,61.131,15.459,1,-1,-1,-1
295,10,643.243,368.143,174.979,137.470,1,-1,-1,-1
295,18,936.119,376.074,163.747,134.095,1,-1,-1,-1
296,18,940.429,367.333,159.156,132.342,1,-1,-1,-1
296,1,1118.456,170.482,42.332,24.589,1,-1,-1,-1
296,16,835.009,173.062,93.506,82.438,1,-1,-1,-1
296,2,1046.248,178.165,61.514,15.516,1,-1,-1,-1
296,10,633.526,374.860,180.489,145.857,1,-1,-1,-1
297,18,942.523,361.333,156.744,129.881,1,-1,-1,-1
297,10,623.236,383.502,184.466,146.638,1,-1,-1,-1
297,2,1080.874,179.871,29.545,13.629,1,-1,-1,-1
297,16,833.364,176.915,93.900,82.362,1,-1,-1,-1
297,1,1118.859,171.059,41.540,24.280,1,-1,-1,-1
298,16,831.172,178.068,96.367,85.078,1,-1,-1,-1
298,2,1083.627,180.044,24.993,12.059,1,-1,-1,-1
298,1,1113.690,169.814,49.601,25.542,1,-1,-1,-1
298,18,944.855,353.186,154.894,127.915,1,-1,-1,-1
298,10,617.662,389.943,189.184,153.101,1,-1,-1,-1
299,1,1118.245,170.666,42.387,24.615,1,-1,-1,-1
299,16,828.231,181.120,94.360,85.330,1,-1,-1,-1
299,18,946.296,344.863,151.984,126.008,1,-1,-1,-1
299,2,1083.235,180.313,25.377,12.091,1,-1,-1,-1
299,10,602.733,401.249,200.068,152.533,1,-1,-1,-1
300,10,592.571,407.174,201.234,160.148,1,-1,-1,-1
300,1,1117.718,170.864,41.675,24.030,1,-1,-1,-1
300,2,1082.842,180.583,25.761,12.123,1,-1,-1,-1
300,18,949.759,337.779,147.081,121.767,1,-1,-1,-1
300,16,825.538,180.925,95.159,88.560,1,-1,-1,-1
301,10,589.079,415.591,194.303,161.722,1,-1,-1,-1
301,2,1082.450,180.852,26.145,12.155,1,-1,-1,-1
301,1,1118.028,169.745,41.473,25.126,1,-1,-1,-1
301,18,950.318,329.313,145.149,122.903,1,-1,-1,-1
301,16,822.414,185.128,97.529,86.047,1,-1,-1,-1
302,18,952.693,325.990,144.558,119.533,1,-1,-1,-1
302,2,1084.102,181.511,24.470,11.747,1,-1,-1,-1
302,10,571.548,428.635,208.254,163.849,1,-1,-1,-1
302,1,1117.574,169.880,42.667,25.273,1,-1,-1,-1
302,16,817.096,186.776,104.362,89.259,1,-1,-1,-1
303,10,562.615,435.973,213.887,170.443,1,-1,-1,-1
303,1,1118.299,170.288,42.897,25.173,1,-1,-1,-1
303,18,954.926,318.690,141.567,117.056,1,-1,-1,-1
303,16,814.883,187.666,104.793,92.364,1,-1,-1,-1
304,18,960.017,316.372,136.452,109.273,1,-1,-1,-1
304,16,812.032,190.274,105.368,93.884,1,-1,-1,-1
304,10,551.853,449.694,219.662,174.275,1,-1,-1,-1
304,1,1118.239,170.111,42.519,25.447,1,-1,-1,-1
305,18,963.365,308.379,132.025,109.985,1,-1,-1,-1
305,19,1084.175,181.631,24.305,12.061,1,-1,-1,-1
305,16,809.181,192.883,105.944,95.405,1,-1,-1,-1
305,10,536.038,456.164,224.030,180.363,1,-1,-1,-1
305,1,1118.447,170.275,41.889,25.361,1,-1,-1,-1
306,19,1083.648,181.245,24.905,12.145,1,-1,-1,-1
306,1,1118.220,169.420,42.527,25.775,1,-1,-1,-1
306,16,806.330,195.491,106.519,96.925,1,-1,-1,-1
306,10,526.165,471.480,229.660,183.862,1,-1,-1,-1
306,18,964.969,301.288,130.153,108.796,1,-1,-1,-1
307,1,1117.488,169.644,42.581,25.658,1,-1,-1,-1
307,18,966.318,295.538,128.427,107.442,1,-1,-1,-1
307,10,507.675,479.973,237.062,191.978,1,-1,-1,-1
307,16,803.472,199.770,106.892,96.241,1,-1,-1,-1
307,19,1082.570,180.925,25.579,12.467,1,-1,-1,-1
308,1,1117.414,169.734,42.587,25.518,1,-1,-1,-1
308,18,967.177,292.992,127.574,105.243,1,-1,-1,-1
308,16,800.989,200.283,108.750,100.531,1,-1,-1,-1
308,10,497.382,495.203,241.550,196.330,1,-1,-1,-1
308,19,1082.507,180.873,25.646,12.487,1,-1,-1,-1
309,16,798.254,201.352,110.635,102.523,1,-1,-1,-1
309,19,1083.378,181.024,25.079,12.296,1,-1,-1,-1
309,10,488.275,505.233,238.357,202.612,1,-1,-1,-1
309,1,1117.888,169.461,42.852,25.937,1,-1,-1,-1
309,18,969.719,285.288,126.774,103.281,1,-1,-1,-1
310,16,792.247,205.297,114.818,105.135,1,-1,-1,-1
310,1,1117.880,169.835,42.585,25.700,1,-1,-1,-1
310,18,971.585,279.830,124.142,103.552,1,-1,-1,-1
310,10,464.430,521.161,251.952,205.375,1,-1,-1,-1
310,19,1079.686,179.617,31.485,14.120,1,-1,-1,-1
