33,1,824.58,784.66,316.20,291.19,1,-1,-1,-1
34,1,831.69,757.81,308.25,280.56,1,-1,-1,-1
35,1,838.72,731.73,300.33,270.40,1,-1,-1,-1
36,1,845.67,706.48,292.46,260.71,1,-1,-1,-1
37,1,852.52,682.13,284.64,251.51,1,-1,-1,-1
38,1,859.27,658.72,276.90,242.82,1,-1,-1,-1
39,1,865.91,636.30,269.25,234.65,1,-1,-1,-1
40,1,872.42,614.90,261.69,226.99,1,-1,-1,-1
41,1,878.80,594.55,254.24,219.85,1,-1,-1,-1
42,1,885.04,575.24,246.91,213.21,1,-1,-1,-1
43,1,891.14,556.98,239.71,207.06,1,-1,-1,-1
44,1,897.08,539.75,232.66,201.35,1,-1,-1,-1
45,1,902.86,523.52,225.77,196.04,1,-1,-1,-1
46,1,908.47,508.26,219.04,191.09,1,-1,-1,-1
47,1,913.91,493.91,212.50,186.45,1,-1,-1,-1
48,1,919.17,480.45,206.15,182.05,1,-1,-1,-1
49,1,924.25,467.80,200.00,177.86,1,-1,-1,-1
50,1,929.14,455.93,194.06,173.83,1,-1,-1,-1
51,1,933.84,444.77,188.34,169.91,1,-1,-1,-1
52,1,938.36,434.28,182.85,166.08,1,-1,-1,-1
53,1,942.68,424.40,177.59,162.30,1,-1,-1,-1
54,1,946.81,415.09,172.56,158.56,1,-1,-1,-1
55,1,950.75,406.29,167.76,154.84,1,-1,-1,-1
56,1,954.50,397.96,163.20,151.14,1,-1,-1,-1
57,1,958.06,390.06,158.88,147.46,1,-1,-1,-1
58,1,961.44,382.55,154.78,143.82,1,-1,-1,-1
59,1,964.63,375.39,150.92,140.20,1,-1,-1,-1
60,1,967.65,368.56,147.28,136.64,1,-1,-1,-1
61,1,970.49,362.03,143.86,133.14,1,-1,-1,-1
62,1,973.17,355.76,140.66,129.71,1,-1,-1,-1
63,1,975.68,349.74,137.65,126.37,1,-1,-1,-1
64,1,978.05,343.95,134.84,123.13,1,-1,-1,-1
65,1,980.26,338.34,132.21,120.01,1,-1,-1,-1
66,1,982.33,332.91,129.75,117.03,1,-1,-1,-1
67,1,984.27,327.63,127.46,114.20,1,-1,-1,-1
68,1,986.09,322.46,125.32,111.54,1,-1,-1,-1
69,1,987.78,317.38,123.32,109.06,1,-1,-1,-1
70,1,989.37,312.37,121.44,106.78,1,-1,-1,-1
71,1,990.84,307.40,119.69,104.71,1,-1,-1,-1
72,1,992.22,302.46,118.05,102.85,1,-1,-1,-1
73,1,993.51,297.56,116.50,101.18,1,-1,-1,-1
74,1,994.71,292.69,115.05,99.69,1,-1,-1,-1
75,1,995.83,287.86,113.67,98.37,1,-1,-1,-1
76,1,996.88,283.07,112.36,97.18,1,-1,-1,-1
77,1,997.87,278.34,111.11,96.11,1,-1,-1,-1
78,1,998.79,273.68,109.91,95.13,1,-1,-1,-1
79,1,999.66,269.10,108.75,94.21,1,-1,-1,-1
80,1,1000.48,264.61,107.63,93.33,1,-1,-1,-1
81,1,1001.25,260.23,106.53,92.46,1,-1,-1,-1
82,1,1001.99,256.00,105.46,91.58,1,-1,-1,-1
83,1,1002.69,251.91,104.41,90.67,1,-1,-1,-1
84,1,1003.36,248.00,103.37,89.70,1,-1,-1,-1
85,1,1004.00,244.27,102.33,88.67,1,-1,-1,-1
86,1,1004.61,240.74,101.30,87.56,1,-1,-1,-1
87,1,1005.21,237.41,100.28,86.38,1,-1,-1,-1
88,1,1005.78,234.29,99.25,85.11,1,-1,-1,-1
89,1,1006.34,231.37,98.22,83.76,1,-1,-1,-1
90,1,1006.88,228.65,97.18,82.32,1,-1,-1,-1
91,1,1007.42,226.14,96.15,80.80,1,-1,-1,-1
92,1,1007.94,223.82,95.10,79.21,1,-1,-1,-1
93,1,1008.45,221.67,94.06,77.54,1,-1,-1,-1
94,1,1008.95,219.69,93.01,75.82,1,-1,-1,-1
95,1,1009.44,217.86,91.96,74.06,1,-1,-1,-1
96,1,1009.93,216.15,90.91,72.28,1,-1,-1,-1
97,1,1010.41,214.52,89.86,70.51,1,-1,-1,-1
98,1,1010.89,212.96,88.82,68.78,1,-1,-1,-1
99,1,1011.36,211.41,87.78,67.15,1,-1,-1,-1
100,1,1011.83,209.83,86.75,65.63,1,-1,-1,-1
101,1,1012.29,208.20,85.73,64.28,1,-1,-1,-1
102,1,1012.76,206.47,84.72,63.12,1,-1,-1,-1
103,1,1013.21,204.61,83.73,62.18,1,-1,-1,-1
104,1,1013.67,202.62,82.75,61.47,1,-1,-1,-1
105,1,1014.12,200.50,81.80,60.97,1,-1,-1,-1
106,1,1014.57,198.25,80.87,60.67,1,-1,-1,-1
107,1,1015.01,195.91,79.96,60.54,1,-1,-1,-1
108,1,1015.45,193.49,79.08,60.54,1,-1,-1,-1
109,1,1015.88,191.05,78.23,60.62,1,-1,-1,-1
109,2,811.69,788.81,337.31,291.29,1,-1,-1,-1
110,1,1016.31,188.60,77.42,60.73,1,-1,-1,-1
110,2,819.43,758.63,327.88,279.95,1,-1,-1,-1
111,1,1016.74,186.20,76.63,60.84,1,-1,-1,-1
111,2,827.10,729.46,318.52,269.02,1,-1,-1,-1
112,1,1017.15,183.86,75.87,60.90,1,-1,-1,-1
112,2,834.67,701.38,309.24,258.53,1,-1,-1,-1
113,1,1017.57,181.62,75.15,60.87,1,-1,-1,-1
113,2,842.13,674.49,300.07,248.52,1,-1,-1,-1
114,1,1017.97,179.51,74.46,60.73,1,-1,-1,-1
114,2,849.46,648.84,291.03,239.02,1,-1,-1,-1
115,1,1018.37,177.53,73.81,60.45,1,-1,-1,-1
115,2,856.64,624.49,282.14,230.09,1,-1,-1,-1
116,1,1018.75,175.69,73.19,60.02,1,-1,-1,-1
116,2,863.65,601.49,273.43,221.75,1,-1,-1,-1
116,3,925.79,173.32,56.53,25.82,1,-1,-1,-1
117,1,1019.13,173.98,72.61,59.46,1,-1,-1,-1
117,2,870.48,579.85,264.91,213.98,1,-1,-1,-1
117,3,924.29,172.15,56.90,26.42,1,-1,-1,-1
118,1,1019.50,172.41,72.08,58.78,1,-1,-1,-1
118,2,877.12,559.56,256.59,206.76,1,-1,-1,-1
118,3,922.99,170.83,57.19,26.83,1,-1,-1,-1
119,1,1019.86,170.96,71.58,57.98,1,-1,-1,-1
119,2,883.56,540.60,248.49,200.06,1,-1,-1,-1
119,3,921.84,169.36,57.41,27.29,1,-1,-1,-1
120,1,1020.21,169.61,71.13,57.09,1,-1,-1,-1
120,2,889.79,522.92,240.63,193.82,1,-1,-1,-1
120,3,920.79,167.77,57.62,28.01,1,-1,-1,-1
121,1,1020.55,168.35,70.72,56.14,1,-1,-1,-1
121,2,895.80,506.46,233.01,187.97,1,-1,-1,-1
121,3,919.80,166.07,57.84,29.07,1,-1,-1,-1
122,1,1020.88,167.16,70.35,55.15,1,-1,-1,-1
122,2,901.58,491.14,225.65,182.45,1,-1,-1,-1
122,3,918.80,164.28,58.13,30.43,1,-1,-1,-1
123,1,1021.20,166.02,70.02,54.14,1,-1,-1,-1
123,2,907.12,476.89,218.54,177.22,1,-1,-1,-1
123,3,917.74,162.42,58.54,32.00,1,-1,-1,-1
124,1,1021.50,164.92,69.74,53.15,1,-1,-1,-1
124,2,912.43,463.61,211.71,172.22,1,-1,-1,-1
124,3,916.59,160.50,59.08,33.69,1,-1,-1,-1
125,1,1021.80,163.84,69.49,52.20,1,-1,-1,-1
125,2,917.50,451.22,205.15,167.41,1,-1,-1,-1
125,3,915.30,158.53,59.79,35.40,1,-1,-1,-1
126,1,1022.08,162.75,69.29,51.33,1,-1,-1,-1
126,2,922.32,439.64,198.88,162.76,1,-1,-1,-1
126,3,913.89,156.55,60.66,37.12,1,-1,-1,-1
127,1,1022.36,161.65,69.11,50.56,1,-1,-1,-1
127,2,926.90,428.77,192.88,158.25,1,-1,-1,-1
127,3,912.36,154.55,61.67,38.85,1,-1,-1,-1
128,1,1022.62,160.52,68.97,49.90,1,-1,-1,-1
128,2,931.25,418.53,187.16,153.85,1,-1,-1,-1
128,3,910.75,152.56,62.79,40.60,1,-1,-1,-1
129,1,1022.87,159.36,68.85,49.36,1,-1,-1,-1
129,2,935.35,408.85,181.72,149.56,1,-1,-1,-1
129,3,909.08,150.59,63.97,42.37,1,-1,-1,-1
129,4,1110.26,167.19,43.04,26.26,1,-1,-1,-1
130,1,1023.12,158.18,68.76,48.93,1,-1,-1,-1
130,2,939.23,399.66,176.56,145.39,1,-1,-1,-1
130,3,907.40,148.65,65.16,44.14,1,-1,-1,-1
130,4,1110.24,167.14,43.03,26.26,1,-1,-1,-1
131,1,1023.35,157.00,68.69,48.61,1,-1,-1,-1
131,2,942.87,390.89,171.67,141.34,1,-1,-1,-1
131,3,905.75,146.74,66.34,45.85,1,-1,-1,-1
131,4,1110.22,167.10,43.03,26.26,1,-1,-1,-1
132,1,1023.58,155.82,68.64,48.38,1,-1,-1,-1
132,2,946.29,382.49,167.05,137.43,1,-1,-1,-1
132,3,904.16,144.87,67.46,47.43,1,-1,-1,-1
132,4,1110.20,167.05,43.03,26.27,1,-1,-1,-1
133,1,1023.80,154.66,68.60,48.20,1,-1,-1,-1
133,2,949.49,374.43,162.71,133.69,1,-1,-1,-1
133,3,902.64,143.05,68.50,48.87,1,-1,-1,-1
133,4,1110.18,167.01,43.02,26.27,1,-1,-1,-1
134,1,1024.02,153.57,68.57,48.05,1,-1,-1,-1
134,2,952.47,366.65,158.63,130.12,1,-1,-1,-1
134,3,901.21,141.30,69.44,50.25,1,-1,-1,-1
134,4,1110.16,166.97,43.02,26.27,1,-1,-1,-1
135,1,1024.23,152.55,68.54,47.90,1,-1,-1,-1
135,2,955.23,359.14,154.81,126.74,1,-1,-1,-1
135,3,899.84,139.61,70.30,51.69,1,-1,-1,-1
135,4,1110.14,166.92,43.02,26.27,1,-1,-1,-1
136,1,1024.43,151.63,68.51,47.74,1,-1,-1,-1
136,2,957.79,351.87,151.25,123.58,1,-1,-1,-1
136,3,898.52,138.02,71.10,53.32,1,-1,-1,-1
136,4,1110.12,166.88,43.01,26.28,1,-1,-1,-1
137,1,1024.63,150.84,68.49,47.54,1,-1,-1,-1
137,2,960.15,344.82,147.94,120.63,1,-1,-1,-1
137,3,897.21,136.53,71.86,55.13,1,-1,-1,-1
137,4,1110.10,166.83,43.01,26.28,1,-1,-1,-1
138,1,1024.83,150.18,68.46,47.28,1,-1,-1,-1
138,2,962.31,337.98,144.87,117.91,1,-1,-1,-1
138,3,895.89,135.16,72.61,57.04,1,-1,-1,-1
138,4,1110.08,166.79,43.01,26.28,1,-1,-1,-1
139,1,1025.02,149.67,68.42,46.97,1,-1,-1,-1
139,2,964.28,331.34,142.05,115.41,1,-1,-1,-1
139,3,894.52,133.93,73.36,58.92,1,-1,-1,-1
139,4,1110.06,166.74,43.00,26.28,1,-1,-1,-1
140,1,1025.21,149.31,68.37,46.60,1,-1,-1,-1
140,2,966.07,324.90,139.45,113.15,1,-1,-1,-1
140,3,893.10,132.86,74.13,60.63,1,-1,-1,-1
140,4,1110.04,166.70,43.00,26.29,1,-1,-1,-1
140,5,1068.88,159.66,45.52,32.86,1,-1,-1,-1
141,1,1025.39,149.12,68.31,46.16,1,-1,-1,-1
141,2,967.69,318.63,137.06,111.13,1,-1,-1,-1
141,3,891.61,131.98,74.90,62.10,1,-1,-1,-1
141,4,1110.02,166.65,43.00,26.29,1,-1,-1,-1
141,5,1068.65,159.87,45.76,32.68,1,-1,-1,-1
142,1,1025.58,149.09,68.23,45.67,1,-1,-1,-1
142,2,969.15,312.55,134.88,109.33,1,-1,-1,-1
142,3,890.07,131.29,75.69,63.29,1,-1,-1,-1
142,4,1110.00,166.61,42.99,26.29,1,-1,-1,-1
142,5,1068.42,160.08,46.01,32.51,1,-1,-1,-1
143,1,1025.76,149.21,68.14,45.13,1,-1,-1,-1
143,2,970.46,306.64,132.89,107.76,1,-1,-1,-1
143,3,888.47,130.81,76.48,64.25,1,-1,-1,-1
143,4,1109.98,166.56,42.99,26.29,1,-1,-1,-1
143,5,1068.19,160.29,46.26,32.34,1,-1,-1,-1
144,1,1025.94,149.48,68.03,44.55,1,-1,-1,-1
144,2,971.65,300.89,131.06,106.40,1,-1,-1,-1
144,3,886.83,130.57,77.28,65.05,1,-1,-1,-1
144,4,1109.96,166.52,42.99,26.30,1,-1,-1,-1
144,5,1067.96,160.50,46.51,32.17,1,-1,-1,-1
145,1,1026.11,149.89,67.90,43.94,1,-1,-1,-1
145,2,972.72,295.29,129.39,105.20,1,-1,-1,-1
145,3,885.16,130.56,78.06,65.80,1,-1,-1,-1
145,4,1109.94,166.47,42.98,26.30,1,-1,-1,-1
145,5,1067.73,160.71,46.75,32.00,1,-1,-1,-1
146,1,1026.29,150.43,67.74,43.29,1,-1,-1,-1
146,2,973.69,289.85,127.84,104.15,1,-1,-1,-1
146,3,883.51,130.81,78.79,66.60,1,-1,-1,-1
146,4,1109.92,166.43,42.98,26.30,1,-1,-1,-1
146,5,1067.50,160.92,47.00,31.83,1,-1,-1,-1
147,1,1026.47,151.09,67.55,42.61,1,-1,-1,-1
147,2,974.59,284.56,126.41,103.19,1,-1,-1,-1
147,3,881.90,131.30,79.47,67.50,1,-1,-1,-1
147,4,1109.90,166.38,42.97,26.30,1,-1,-1,-1
147,5,1067.27,161.13,47.25,31.66,1,-1,-1,-1
148,1,1026.66,151.85,67.34,41.90,1,-1,-1,-1
148,2,975.42,279.42,125.07,102.28,1,-1,-1,-1
148,3,880.35,132.04,80.05,68.53,1,-1,-1,-1
148,4,1109.88,166.34,42.97,26.31,1,-1,-1,-1
148,5,1067.04,161.33,47.49,31.49,1,-1,-1,-1
149,1,1026.85,152.71,67.10,41.16,1,-1,-1,-1
149,2,976.21,274.43,123.80,101.36,1,-1,-1,-1
149,3,878.89,133.01,80.55,69.61,1,-1,-1,-1
149,4,1109.86,166.29,42.97,26.31,1,-1,-1,-1
149,5,1066.81,161.54,47.74,31.32,1,-1,-1,-1
150,1,1027.04,153.64,66.82,40.38,1,-1,-1,-1
150,2,976.96,269.61,122.58,100.41,1,-1,-1,-1
150,3,877.50,134.20,80.94,70.66,1,-1,-1,-1
150,4,1109.84,166.25,42.96,26.31,1,-1,-1,-1
150,5,1066.58,161.75,47.99,31.15,1,-1,-1,-1
151,1,1027.24,154.64,66.50,39.57,1,-1,-1,-1
151,2,977.71,264.94,121.39,99.39,1,-1,-1,-1
151,3,876.17,135.57,81.27,71.56,1,-1,-1,-1
151,5,1066.35,161.96,48.24,30.98,1,-1,-1,-1
152,1,1027.46,155.70,66.15,38.71,1,-1,-1,-1
152,2,978.45,260.45,120.22,98.28,1,-1,-1,-1
152,3,874.89,137.11,81.54,72.28,1,-1,-1,-1
152,5,1066.12,162.17,48.48,30.81,1,-1,-1,-1
153,1,1027.68,156.80,65.76,37.82,1,-1,-1,-1
153,2,979.21,256.14,119.06,97.06,1,-1,-1,-1
153,3,873.62,138.77,81.79,72.85,1,-1,-1,-1
154,1,1027.92,157.93,65.32,36.87,1,-1,-1,-1
154,2,979.99,252.02,117.89,95.73,1,-1,-1,-1
154,3,872.34,140.52,82.04,73.36,1,-1,-1,-1
155,1,1028.18,159.06,64.83,35.89,1,-1,-1,-1
155,2,980.80,248.11,116.70,94.29,1,-1,-1,-1
155,3,871.03,142.31,82.33,73.95,1,-1,-1,-1
156,1,1028.46,160.18,64.30,34.87,1,-1,-1,-1
156,2,981.65,244.40,115.49,92.74,1,-1,-1,-1
156,3,869.67,144.13,82.68,74.71,1,-1,-1,-1
157,1,1028.76,161.28,63.72,33.82,1,-1,-1,-1
157,2,982.54,240.92,114.25,91.10,1,-1,-1,-1
157,3,868.22,145.94,83.14,75.66,1,-1,-1,-1
157,6,704.44,987.34,457.02,87.19,1,-1,-1,-1
158,1,1029.09,162.34,63.08,32.72,1,-1,-1,-1
158,2,983.47,237.66,112.97,89.37,1,-1,-1,-1
158,3,866.66,147.72,83.72,76.73,1,-1,-1,-1
158,6,719.74,938.78,439.34,142.10,1,-1,-1,-1
159,1,1029.44,163.35,62.40,31.60,1,-1,-1,-1
159,2,984.45,234.62,111.67,87.57,1,-1,-1,-1
159,3,864.98,149.46,84.46,77.88,1,-1,-1,-1
159,6,734.87,892.64,421.78,190.34,1,-1,-1,-1
160,1,1029.82,164.30,61.66,30.44,1,-1,-1,-1
160,2,985.47,231.80,110.34,85.72,1,-1,-1,-1
160,3,863.14,151.16,85.40,79.09,1,-1,-1,-1
160,6,749.74,849.04,404.43,229.94,1,-1,-1,-1
161,1,1030.23,165.17,60.87,29.25,1,-1,-1,-1
161,2,986.53,229.18,108.98,83.83,1,-1,-1,-1
161,3,861.15,152.82,86.53,80.38,1,-1,-1,-1
161,6,764.25,808.09,387.40,258.88,1,-1,-1,-1
162,1,1030.68,165.96,60.03,28.03,1,-1,-1,-1
162,2,987.62,226.74,107.59,81.92,1,-1,-1,-1
162,3,858.99,154.47,87.89,81.81,1,-1,-1,-1
162,6,778.32,769.84,370.80,275.79,1,-1,-1,-1
163,2,988.74,224.46,106.19,80.01,1,-1,-1,-1
163,3,856.68,156.12,89.44,83.39,1,-1,-1,-1
163,6,791.84,734.27,354.74,280.81,1,-1,-1,-1
164,2,989.88,222.31,104.78,78.11,1,-1,-1,-1
164,3,854.21,157.80,91.18,85.10,1,-1,-1,-1
164,6,804.72,701.35,339.34,275.97,1,-1,-1,-1
165,2,991.04,220.25,103.36,76.25,1,-1,-1,-1
165,3,851.63,159.55,93.05,86.87,1,-1,-1,-1
165,6,816.88,670.95,324.70,264.57,1,-1,-1,-1
166,2,992.21,218.27,101.95,74.46,1,-1,-1,-1
166,3,848.99,161.40,95.00,88.62,1,-1,-1,-1
166,6,828.27,642.94,310.87,250.17,1,-1,-1,-1
167,2,993.39,216.31,100.54,72.74,1,-1,-1,-1
167,3,846.34,163.36,96.95,90.30,1,-1,-1,-1
167,6,838.86,617.14,297.92,235.76,1,-1,-1,-1
168,2,994.56,214.34,99.15,71.13,1,-1,-1,-1
168,3,843.75,165.45,98.82,91.82,1,-1,-1,-1
168,6,848.63,593.38,285.85,223.31,1,-1,-1,-1
169,2,995.72,212.35,97.78,69.65,1,-1,-1,-1
169,3,841.25,167.69,100.55,93.13,1,-1,-1,-1
169,6,857.62,571.46,274.67,213.55,1,-1,-1,-1
170,2,996.86,210.29,96.44,68.32,1,-1,-1,-1
170,3,838.86,170.07,102.10,94.23,1,-1,-1,-1
170,6,865.88,551.21,264.32,206.22,1,-1,-1,-1
171,2,997.99,208.15,95.13,67.14,1,-1,-1,-1
171,3,836.55,172.59,103.47,95.17,1,-1,-1,-1
171,6,873.45,532.43,254.75,200.52,1,-1,-1,-1
172,2,999.09,205.91,93.85,66.13,1,-1,-1,-1
172,3,834.30,175.21,104.67,96.08,1,-1,-1,-1
172,6,880.43,514.97,245.89,195.59,1,-1,-1,-1
173,2,1000.17,203.58,92.61,65.30,1,-1,-1,-1
173,3,832.03,177.93,105.76,97.03,1,-1,-1,-1
173,6,886.90,498.69,237.66,190.77,1,-1,-1,-1
174,2,1001.21,201.14,91.41,64.65,1,-1,-1,-1
174,3,829.70,180.72,106.78,98.08,1,-1,-1,-1
174,6,892.95,483.47,229.96,185.78,1,-1,-1,-1
175,2,1002.23,198.62,90.25,64.16,1,-1,-1,-1
175,3,827.27,183.55,107.74,99.26,1,-1,-1,-1
175,6,898.64,469.20,222.72,180.62,1,-1,-1,-1
176,2,1003.21,196.04,89.13,63.82,1,-1,-1,-1
176,3,824.70,186.40,108.69,100.59,1,-1,-1,-1
176,6,904.06,455.80,215.87,175.40,1,-1,-1,-1
177,2,1004.16,193.42,88.05,63.60,1,-1,-1,-1
177,3,821.98,189.25,109.64,102.06,1,-1,-1,-1
177,6,909.24,443.21,209.34,170.22,1,-1,-1,-1
178,2,1005.08,190.79,87.01,63.47,1,-1,-1,-1
178,3,819.12,192.09,110.59,103.67,1,-1,-1,-1
178,6,914.25,431.36,203.09,165.11,1,-1,-1,-1
179,2,1005.97,188.17,86.01,63.40,1,-1,-1,-1
179,3,816.13,194.93,111.54,105.41,1,-1,-1,-1
179,6,919.09,420.20,197.09,160.08,1,-1,-1,-1
180,2,1006.83,185.60,85.06,63.37,1,-1,-1,-1
180,3,813.01,197.76,112.51,107.27,1,-1,-1,-1
180,6,923.80,409.67,191.30,155.15,1,-1,-1,-1
181,2,1007.66,183.10,84.14,63.32,1,-1,-1,-1
181,3,809.77,200.61,113.49,109.23,1,-1,-1,-1
181,6,928.39,399.72,185.72,150.40,1,-1,-1,-1
182,2,1008.45,180.70,83.27,63.24,1,-1,-1,-1
182,3,806.40,203.49,114.54,111.24,1,-1,-1,-1
182,6,932.83,390.27,180.34,145.91,1,-1,-1,-1
183,2,1009.21,178.42,82.44,63.08,1,-1,-1,-1
183,3,802.87,206.43,115.67,113.23,1,-1,-1,-1
183,6,937.14,381.28,175.17,141.70,1,-1,-1,-1
184,2,1009.93,176.26,81.66,62.82,1,-1,-1,-1
184,3,799.14,209.46,116.97,115.16,1,-1,-1,-1
184,6,941.28,372.68,170.21,137.71,1,-1,-1,-1
185,2,1010.61,174.26,80.93,62.45,1,-1,-1,-1
185,3,795.19,212.60,118.47,117.06,1,-1,-1,-1
185,6,945.23,364.43,165.50,133.93,1,-1,-1,-1
186,2,1011.25,172.40,80.26,61.96,1,-1,-1,-1
186,3,790.95,215.87,120.23,118.95,1,-1,-1,-1
186,6,948.97,356.47,161.03,130.35,1,-1,-1,-1
187,2,1011.84,170.68,79.64,61.34,1,-1,-1,-1
187,3,786.41,219.28,122.32,120.93,1,-1,-1,-1
187,6,952.49,348.79,156.83,126.99,1,-1,-1,-1
188,2,1012.39,169.10,79.08,60.63,1,-1,-1,-1
188,3,781.52,222.86,124.76,123.12,1,-1,-1,-1
188,6,955.77,341.37,152.91,123.76,1,-1,-1,-1
189,2,1012.88,167.65,78.58,59.83,1,-1,-1,-1
189,3,776.28,226.60,127.57,125.60,1,-1,-1,-1
189,6,958.81,334.19,149.26,120.60,1,-1,-1,-1
190,2,1013.32,166.28,78.15,58.97,1,-1,-1,-1
190,3,770.69,230.51,130.75,128.35,1,-1,-1,-1
190,6,961.60,327.24,145.89,117.49,1,-1,-1,-1
191,2,1013.70,165.00,77.78,58.09,1,-1,-1,-1
191,3,764.80,234.61,134.25,131.24,1,-1,-1,-1
191,6,964.15,320.53,142.80,114.47,1,-1,-1,-1
191,7,917.17,173.78,50.87,22.80,1,-1,-1,-1
192,2,1014.02,163.75,77.48,57.21,1,-1,-1,-1
192,3,758.65,238.88,138.01,134.07,1,-1,-1,-1
192,6,966.48,314.04,139.96,111.60,1,-1,-1,-1
192,7,915.64,172.15,51.40,24.20,1,-1,-1,-1
192,8,1110.01,168.42,40.08,24.40,1,-1,-1,-1
193,2,1014.30,162.53,77.24,56.36,1,-1,-1,-1
193,3,752.30,243.35,141.97,136.80,1,-1,-1,-1
193,6,968.58,307.76,137.38,108.92,1,-1,-1,-1
193,7,914.16,170.52,51.89,25.59,1,-1,-1,-1
193,8,1109.76,168.20,40.67,24.67,1,-1,-1,-1
194,2,1014.52,161.32,77.07,55.57,1,-1,-1,-1
194,3,745.81,248.03,146.03,139.49,1,-1,-1,-1
194,6,970.47,301.69,135.03,106.53,1,-1,-1,-1
194,7,912.73,168.90,52.35,26.97,1,-1,-1,-1
194,8,1109.52,167.98,41.25,24.94,1,-1,-1,-1
195,2,1014.69,160.09,76.94,54.85,1,-1,-1,-1
195,3,739.23,252.94,150.12,142.27,1,-1,-1,-1
195,6,972.17,295.81,132.91,104.49,1,-1,-1,-1
195,7,911.34,167.29,52.79,28.32,1,-1,-1,-1
195,8,1109.28,167.76,41.84,25.22,1,-1,-1,-1
196,2,1014.82,158.83,76.87,54.24,1,-1,-1,-1
196,3,732.60,258.09,154.18,145.22,1,-1,-1,-1
196,6,973.69,290.10,130.99,102.84,1,-1,-1,-1
196,7,909.98,165.70,53.20,29.66,1,-1,-1,-1
196,8,1109.04,167.54,42.42,25.49,1,-1,-1,-1
197,2,1014.90,157.56,76.84,53.72,1,-1,-1,-1
197,3,725.97,263.51,158.15,148.36,1,-1,-1,-1
197,6,975.03,284.55,129.27,101.57,1,-1,-1,-1
197,7,908.66,164.13,53.60,30.98,1,-1,-1,-1
197,8,1108.79,167.32,43.01,25.77,1,-1,-1,-1
198,2,1014.96,156.26,76.84,53.29,1,-1,-1,-1
198,3,719.31,269.22,162.00,151.78,1,-1,-1,-1
198,6,976.21,279.14,127.72,100.68,1,-1,-1,-1
198,7,907.36,162.59,53.97,32.27,1,-1,-1,-1
198,8,1108.55,167.10,43.59,26.04,1,-1,-1,-1
199,2,1014.98,154.96,76.88,52.95,1,-1,-1,-1
199,3,712.60,275.21,165.76,155.61,1,-1,-1,-1
199,6,977.24,273.87,126.34,100.09,1,-1,-1,-1
199,7,906.09,161.08,54.33,33.55,1,-1,-1,-1
199,8,1108.31,166.88,44.18,26.31,1,-1,-1,-1
200,2,1014.99,153.67,76.92,52.67,1,-1,-1,-1
200,3,705.73,281.51,169.50,159.91,1,-1,-1,-1
200,6,978.14,268.75,125.09,99.69,1,-1,-1,-1
200,7,904.83,159.61,54.67,34.80,1,-1,-1,-1
200,8,1108.07,166.66,44.76,26.59,1,-1,-1,-1
201,2,1014.98,152.41,76.98,52.42,1,-1,-1,-1
201,3,698.57,288.10,173.34,164.59,1,-1,-1,-1
201,6,978.94,263.77,123.95,99.23,1,-1,-1,-1
201,7,903.60,158.20,54.99,36.03,1,-1,-1,-1
201,8,1107.82,166.45,45.35,26.86,1,-1,-1,-1
202,2,1014.97,151.21,77.04,52.19,1,-1,-1,-1
202,3,690.99,294.99,177.40,169.44,1,-1,-1,-1
202,6,979.64,258.97,122.89,98.45,1,-1,-1,-1
202,7,902.38,156.83,55.30,37.23,1,-1,-1,-1
202,8,1107.58,166.23,45.93,27.13,1,-1,-1,-1
203,2,1014.97,150.10,77.08,51.95,1,-1,-1,-1
203,3,682.83,302.18,181.83,174.20,1,-1,-1,-1
203,6,980.28,254.35,121.90,97.20,1,-1,-1,-1
203,7,901.18,155.53,55.60,38.40,1,-1,-1,-1
203,8,1107.34,166.01,46.52,27.41,1,-1,-1,-1
204,2,1014.97,149.08,77.10,51.69,1,-1,-1,-1
204,3,674.01,309.65,186.69,178.76,1,-1,-1,-1
204,6,980.87,249.93,120.94,95.52,1,-1,-1,-1
204,7,899.99,154.30,55.88,39.55,1,-1,-1,-1
204,8,1107.10,165.79,47.10,27.68,1,-1,-1,-1
205,2,1014.99,148.20,77.09,51.40,1,-1,-1,-1
205,3,664.48,317.40,192.03,183.16,1,-1,-1,-1
205,6,981.44,245.72,119.98,93.62,1,-1,-1,-1
205,7,898.80,153.14,56.15,40.66,1,-1,-1,-1
205,8,1106.85,165.57,47.69,27.95,1,-1,-1,-1
206,2,1015.03,147.45,77.04,51.07,1,-1,-1,-1
206,3,654.24,325.44,197.83,187.63,1,-1,-1,-1
206,6,982.01,241.72,119.00,91.72,1,-1,-1,-1
206,7,897.62,152.07,56.42,41.74,1,-1,-1,-1
206,8,1106.61,165.35,48.27,28.23,1,-1,-1,-1
207,2,1015.10,146.86,76.95,50.69,1,-1,-1,-1
207,3,643.34,333.78,204.02,192.48,1,-1,-1,-1
207,6,982.60,237.92,117.98,89.98,1,-1,-1,-1
207,7,896.44,151.08,56.67,42.78,1,-1,-1,-1
207,8,1106.37,165.13,48.86,28.50,1,-1,-1,-1
208,2,1015.20,146.44,76.80,50.26,1,-1,-1,-1
208,3,631.87,342.42,210.49,197.95,1,-1,-1,-1
208,6,983.24,234.32,116.89,88.44,1,-1,-1,-1
208,7,895.26,150.19,56.93,43.79,1,-1,-1,-1
208,8,1106.13,164.91,49.44,28.77,1,-1,-1,-1
209,2,1015.34,146.20,76.60,49.78,1,-1,-1,-1
209,3,619.93,351.41,217.10,204.09,1,-1,-1,-1
209,6,983.93,230.89,115.73,87.07,1,-1,-1,-1
209,7,894.07,149.40,57.18,44.77,1,-1,-1,-1
209,8,1105.88,164.70,50.03,29.05,1,-1,-1,-1
210,2,1015.51,146.14,76.34,49.25,1,-1,-1,-1
210,3,607.65,360.78,223.71,210.75,1,-1,-1,-1
210,6,984.70,227.61,114.47,85.77,1,-1,-1,-1
210,7,892.87,148.71,57.44,45.72,1,-1,-1,-1
211,2,1015.73,146.27,76.01,48.66,1,-1,-1,-1
211,3,595.10,370.62,230.18,217.69,1,-1,-1,-1
211,6,985.56,224.45,113.12,84.44,1,-1,-1,-1
211,7,891.66,148.13,57.70,46.64,1,-1,-1,-1
212,2,1015.98,146.59,75.62,48.01,1,-1,-1,-1
212,3,582.26,380.99,236.50,224.70,1,-1,-1,-1
212,6,986.51,221.39,111.65,82.99,1,-1,-1,-1
212,7,890.42,147.67,57.98,47.52,1,-1,-1,-1
213,2,1016.29,147.09,75.16,47.31,1,-1,-1,-1
213,3,569.03,392.00,242.70,231.67,1,-1,-1,-1
213,6,987.57,218.40,110.08,81.47,1,-1,-1,-1
213,7,889.16,147.32,58.28,48.37,1,-1,-1,-1
214,2,1016.64,147.78,74.62,46.54,1,-1,-1,-1
214,3,555.21,403.76,248.92,238.67,1,-1,-1,-1
214,6,988.72,215.44,108.39,79.96,1,-1,-1,-1
214,7,887.86,147.09,58.60,49.20,1,-1,-1,-1
215,2,1017.03,148.65,74.01,45.71,1,-1,-1,-1
215,3,540.54,416.38,255.39,245.88,1,-1,-1,-1
215,6,989.98,212.51,106.61,78.58,1,-1,-1,-1
215,7,886.52,146.98,58.95,49.99,1,-1,-1,-1
216,2,1017.48,149.69,73.32,44.82,1,-1,-1,-1
216,3,524.66,429.97,262.38,253.50,1,-1,-1,-1
216,6,991.34,209.56,104.73,77.39,1,-1,-1,-1
216,7,885.14,146.99,59.34,50.76,1,-1,-1,-1
217,2,1017.98,150.88,72.55,43.87,1,-1,-1,-1
217,3,507.21,444.67,270.24,261.75,1,-1,-1,-1
217,6,992.78,206.59,102.77,76.39,1,-1,-1,-1
217,7,883.70,147.12,59.77,51.50,1,-1,-1,-1
218,2,1018.53,152.20,71.70,42.86,1,-1,-1,-1
218,3,487.81,460.59,279.33,271.00,1,-1,-1,-1
218,6,994.28,203.59,100.75,75.56,1,-1,-1,-1
218,7,882.21,147.37,60.25,52.21,1,-1,-1,-1
219,2,1019.14,153.65,70.77,41.79,1,-1,-1,-1
219,3,466.08,477.83,290.02,281.78,1,-1,-1,-1
219,6,995.83,200.56,98.70,74.83,1,-1,-1,-1
219,7,880.67,147.73,60.78,52.90,1,-1,-1,-1
220,2,1019.81,155.19,69.76,40.67,1,-1,-1,-1
220,3,441.71,496.49,302.63,294.60,1,-1,-1,-1
220,6,997.40,197.54,96.64,74.15,1,-1,-1,-1
220,7,879.07,148.21,61.37,53.56,1,-1,-1,-1
221,2,1020.53,156.81,68.66,39.48,1,-1,-1,-1
221,3,414.42,516.64,317.50,309.60,1,-1,-1,-1
221,6,998.97,194.54,94.60,73.48,1,-1,-1,-1
221,7,877.41,148.80,62.01,54.20,1,-1,-1,-1
222,2,1021.32,158.48,67.48,38.24,1,-1,-1,-1
222,3,384.01,538.36,334.89,326.35,1,-1,-1,-1
222,6,1000.49,191.63,92.62,72.79,1,-1,-1,-1
222,7,875.71,149.49,62.70,54.82,1,-1,-1,-1
223,2,1022.17,160.19,66.21,36.93,1,-1,-1,-1
223,3,350.34,561.69,355.02,343.68,1,-1,-1,-1
223,6,1001.95,188.85,90.73,72.08,1,-1,-1,-1
223,7,873.96,150.29,63.44,55.41,1,-1,-1,-1
224,3,313.36,586.67,378.02,359.76,1,-1,-1,-1
224,6,1003.31,186.25,88.95,71.30,1,-1,-1,-1
224,7,872.18,151.18,64.23,55.98,1,-1,-1,-1
225,3,273.07,613.31,403.99,372.24,1,-1,-1,-1
225,6,1004.56,183.87,87.33,70.44,1,-1,-1,-1
225,7,870.38,152.17,65.06,56.54,1,-1,-1,-1
226,3,229.56,641.59,432.95,378.63,1,-1,-1,-1
226,6,1005.66,181.75,85.86,69.55,1,-1,-1,-1
226,7,868.55,153.25,65.92,57.07,1,-1,-1,-1
227,3,182.97,671.50,464.85,376.78,1,-1,-1,-1
227,6,1006.61,179.90,84.57,68.62,1,-1,-1,-1
227,7,866.73,154.41,66.80,57.58,1,-1,-1,-1
228,3,133.48,702.96,499.59,365.59,1,-1,-1,-1
228,6,1007.42,178.31,83.45,67.62,1,-1,-1,-1
228,7,864.90,155.65,67.70,58.08,1,-1,-1,-1
229,3,81.34,735.91,536.99,345.32,1,-1,-1,-1
229,6,1008.09,176.94,82.50,66.45,1,-1,-1,-1
229,7,863.10,156.97,68.62,58.55,1,-1,-1,-1
230,3,26.81,770.24,576.83,317.23,1,-1,-1,-1
230,6,1008.63,175.76,81.71,65.01,1,-1,-1,-1
230,7,861.31,158.36,69.54,59.01,1,-1,-1,-1
231,6,1009.06,174.70,81.05,63.26,1,-1,-1,-1
231,7,859.54,159.82,70.47,59.45,1,-1,-1,-1
232,6,1009.41,173.70,80.50,61.28,1,-1,-1,-1
232,7,857.80,161.34,71.40,59.88,1,-1,-1,-1
233,6,1009.69,172.72,80.04,59.22,1,-1,-1,-1
233,7,856.10,162.92,72.33,60.29,1,-1,-1,-1
234,6,1009.92,171.72,79.66,57.29,1,-1,-1,-1
234,7,854.42,164.55,73.27,60.69,1,-1,-1,-1
235,6,1010.11,170.66,79.34,55.61,1,-1,-1,-1
235,7,852.78,166.23,74.20,61.08,1,-1,-1,-1
236,6,1010.27,169.53,79.08,54.23,1,-1,-1,-1
236,7,851.17,167.96,75.14,61.46,1,-1,-1,-1
237,6,1010.40,168.30,78.86,53.06,1,-1,-1,-1
237,7,849.60,169.72,76.07,61.83,1,-1,-1,-1
237,9,927.05,178.67,45.76,29.46,1,-1,-1,-1
238,6,1010.50,166.98,78.69,52.00,1,-1,-1,-1
238,7,848.06,171.52,76.99,62.21,1,-1,-1,-1
238,9,925.46,177.93,46.65,29.53,1,-1,-1,-1
239,6,1010.59,165.55,78.55,51.03,1,-1,-1,-1
239,7,846.55,173.36,77.91,62.58,1,-1,-1,-1
239,9,923.91,177.11,47.54,29.65,1,-1,-1,-1
240,6,1010.65,164.01,78.45,50.15,1,-1,-1,-1
240,7,845.08,175.21,78.81,62.97,1,-1,-1,-1
240,9,922.40,176.20,48.44,29.80,1,-1,-1,-1
241,6,1010.70,162.39,78.37,49.43,1,-1,-1,-1
241,7,843.64,177.10,79.71,63.37,1,-1,-1,-1
241,9,920.92,175.19,49.34,30.01,1,-1,-1,-1
242,6,1010.73,160.69,78.30,48.94,1,-1,-1,-1
242,7,842.24,179.00,80.59,63.79,1,-1,-1,-1
242,9,919.48,174.09,50.23,30.28,1,-1,-1,-1
243,6,1010.75,158.96,78.25,48.69,1,-1,-1,-1
243,7,840.86,180.91,81.45,64.25,1,-1,-1,-1
243,9,918.08,172.91,51.13,30.60,1,-1,-1,-1
244,6,1010.76,157.23,78.20,48.69,1,-1,-1,-1
244,7,839.50,182.83,82.30,64.74,1,-1,-1,-1
244,9,916.71,171.64,52.01,30.99,1,-1,-1,-1
244,11,1107.04,166.34,45.83,27.04,1,-1,-1,-1
245,6,1010.76,155.55,78.15,48.88,1,-1,-1,-1
245,7,838.16,184.77,83.14,65.27,1,-1,-1,-1
245,9,915.37,170.28,52.89,31.46,1,-1,-1,-1
245,11,1107.05,166.42,45.83,26.95,1,-1,-1,-1
246,6,1010.75,153.95,78.09,49.13,1,-1,-1,-1
246,7,836.82,186.71,83.97,65.85,1,-1,-1,-1
246,9,914.07,168.85,53.75,31.99,1,-1,-1,-1
246,11,1107.06,166.51,45.82,26.87,1,-1,-1,-1
247,6,1010.75,152.50,78.01,49.32,1,-1,-1,-1
247,7,835.48,188.66,84.80,66.49,1,-1,-1,-1
247,9,912.80,167.35,54.60,32.61,1,-1,-1,-1
247,11,1107.06,166.59,45.82,26.78,1,-1,-1,-1
248,6,1010.75,151.21,77.89,49.37,1,-1,-1,-1
248,7,834.13,190.61,85.64,67.19,1,-1,-1,-1
248,9,911.56,165.79,55.42,33.32,1,-1,-1,-1
248,10,1072.90,161.32,46.66,32.16,1,-1,-1,-1
248,11,1107.07,166.68,45.82,26.70,1,-1,-1,-1
249,6,1010.76,150.13,77.74,49.22,1,-1,-1,-1
249,7,832.74,192.56,86.48,67.96,1,-1,-1,-1
249,9,910.35,164.17,56.22,34.11,1,-1,-1,-1
249,10,1072.90,161.65,46.55,31.83,1,-1,-1,-1
249,11,1107.08,166.76,45.81,26.61,1,-1,-1,-1
250,6,1010.78,149.27,77.55,48.85,1,-1,-1,-1
250,7,831.32,194.52,87.34,68.79,1,-1,-1,-1
250,9,909.16,162.50,56.99,34.98,1,-1,-1,-1
250,10,1072.91,161.97,46.44,31.50,1,-1,-1,-1
250,11,1107.08,166.85,45.81,26.53,1,-1,-1,-1
251,6,1010.82,148.65,77.31,48.27,1,-1,-1,-1
251,7,829.85,196.49,88.23,69.69,1,-1,-1,-1
251,9,907.99,160.79,57.73,35.95,1,-1,-1,-1
251,10,1072.91,162.30,46.32,31.16,1,-1,-1,-1
251,11,1107.09,166.93,45.81,26.44,1,-1,-1,-1
252,6,1010.87,148.26,77.02,47.54,1,-1,-1,-1
252,7,828.31,198.46,89.14,70.66,1,-1,-1,-1
252,9,906.85,159.06,58.44,37.01,1,-1,-1,-1
252,10,1072.92,162.62,46.21,30.83,1,-1,-1,-1
252,11,1107.10,167.02,45.80,26.36,1,-1,-1,-1
253,6,1010.93,148.10,76.69,46.72,1,-1,-1,-1
253,7,826.70,200.45,90.08,71.69,1,-1,-1,-1
253,9,905.72,157.31,59.11,38.15,1,-1,-1,-1
253,10,1072.92,162.95,46.10,30.50,1,-1,-1,-1
253,11,1107.10,167.10,45.80,26.28,1,-1,-1,-1
254,6,1011.01,148.14,76.31,45.87,1,-1,-1,-1
254,7,825.01,202.46,91.06,72.79,1,-1,-1,-1
254,9,904.60,155.55,59.74,39.38,1,-1,-1,-1
254,10,1072.93,163.27,45.99,30.16,1,-1,-1,-1
254,11,1107.11,167.18,45.80,26.19,1,-1,-1,-1
255,6,1011.10,148.36,75.89,45.03,1,-1,-1,-1
255,7,823.22,204.50,92.09,73.95,1,-1,-1,-1
255,9,903.49,153.79,60.34,40.67,1,-1,-1,-1
255,10,1072.93,163.60,45.88,29.83,1,-1,-1,-1
255,11,1107.12,167.27,45.80,26.11,1,-1,-1,-1
256,6,1011.21,148.76,75.42,44.22,1,-1,-1,-1
256,7,821.32,206.56,93.16,75.17,1,-1,-1,-1
256,9,902.38,152.06,60.90,42.04,1,-1,-1,-1
256,10,1072.94,163.92,45.77,29.50,1,-1,-1,-1
256,11,1107.12,167.35,45.79,26.02,1,-1,-1,-1
257,6,1011.32,149.30,74.91,43.46,1,-1,-1,-1
257,7,819.32,208.65,94.27,76.43,1,-1,-1,-1
257,9,901.28,150.34,61.43,43.47,1,-1,-1,-1
257,10,1072.94,164.25,45.66,29.17,1,-1,-1,-1
257,11,1107.13,167.44,45.79,25.94,1,-1,-1,-1
258,6,1011.45,149.96,74.35,42.76,1,-1,-1,-1
258,7,817.20,210.79,95.42,77.73,1,-1,-1,-1
258,9,900.18,148.67,61.92,44.96,1,-1,-1,-1
258,10,1072.95,164.57,45.55,28.83,1,-1,-1,-1
258,11,1107.14,167.52,45.79,25.85,1,-1,-1,-1
259,6,1011.59,150.73,73.74,42.10,1,-1,-1,-1
259,7,814.97,212.97,96.62,79.08,1,-1,-1,-1
259,9,899.08,147.06,62.38,46.48,1,-1,-1,-1
259,10,1072.95,164.90,45.44,28.50,1,-1,-1,-1
259,11,1107.14,167.61,45.78,25.77,1,-1,-1,-1
260,6,1011.75,151.59,73.09,41.45,1,-1,-1,-1
260,7,812.62,215.21,97.86,80.45,1,-1,-1,-1
260,9,897.97,145.51,62.82,48.04,1,-1,-1,-1
260,10,1072.96,165.22,45.32,28.17,1,-1,-1,-1
260,11,1107.15,167.69,45.78,25.68,1,-1,-1,-1
261,6,1011.91,152.52,72.38,40.77,1,-1,-1,-1
261,7,810.14,217.51,99.13,81.86,1,-1,-1,-1
261,9,896.86,144.04,63.24,49.61,1,-1,-1,-1
261,10,1072.96,165.55,45.21,27.83,1,-1,-1,-1
261,11,1107.16,167.78,45.78,25.60,1,-1,-1,-1
262,6,1012.07,153.51,71.62,40.04,1,-1,-1,-1
262,7,807.54,219.88,100.43,83.28,1,-1,-1,-1
262,9,895.74,142.66,63.64,51.19,1,-1,-1,-1
262,10,1072.97,165.87,45.10,27.50,1,-1,-1,-1
262,11,1107.16,167.86,45.77,25.51,1,-1,-1,-1
263,6,1012.24,154.55,70.81,39.21,1,-1,-1,-1
263,7,804.83,222.31,101.76,84.72,1,-1,-1,-1
263,9,894.60,141.40,64.04,52.75,1,-1,-1,-1
263,10,1072.97,166.20,44.99,27.17,1,-1,-1,-1
263,11,1107.17,167.95,45.77,25.43,1,-1,-1,-1
264,6,1012.41,155.64,69.96,38.26,1,-1,-1,-1
264,7,801.99,224.83,103.10,86.16,1,-1,-1,-1
264,9,893.45,140.26,64.45,54.30,1,-1,-1,-1
264,10,1072.98,166.52,44.88,26.83,1,-1,-1,-1
264,11,1107.18,168.03,45.77,25.34,1,-1,-1,-1
265,6,1012.58,156.77,69.05,37.19,1,-1,-1,-1
265,7,799.03,227.43,104.47,87.62,1,-1,-1,-1
265,9,892.27,139.25,64.86,55.81,1,-1,-1,-1
265,10,1072.98,166.85,44.77,26.50,1,-1,-1,-1
265,11,1107.18,168.11,45.77,25.26,1,-1,-1,-1
266,6,1012.75,157.95,68.09,36.03,1,-1,-1,-1
266,7,795.97,230.12,105.84,89.08,1,-1,-1,-1
266,9,891.08,138.40,65.30,57.28,1,-1,-1,-1
266,10,1072.99,167.17,44.66,26.17,1,-1,-1,-1
266,11,1107.19,168.20,45.76,25.17,1,-1,-1,-1
267,6,1012.92,159.17,67.08,34.84,1,-1,-1,-1
267,7,792.79,232.91,107.21,90.54,1,-1,-1,-1
267,9,889.85,137.70,65.75,58.69,1,-1,-1,-1
267,10,1072.99,167.50,44.55,25.84,1,-1,-1,-1
267,11,1107.20,168.28,45.76,25.09,1,-1,-1,-1
268,6,1013.10,160.44,66.01,33.68,1,-1,-1,-1
268,7,789.51,235.80,108.59,92.00,1,-1,-1,-1
268,9,888.59,137.17,66.24,60.02,1,-1,-1,-1
268,10,1073.00,167.82,44.44,25.50,1,-1,-1,-1
268,11,1107.20,168.37,45.76,25.00,1,-1,-1,-1
269,6,1013.30,161.75,64.88,32.57,1,-1,-1,-1
269,7,786.12,238.79,109.96,93.45,1,-1,-1,-1
269,9,887.30,136.81,66.76,61.29,1,-1,-1,-1
269,10,1073.01,168.15,44.32,25.17,1,-1,-1,-1
270,6,1013.53,163.08,63.68,31.53,1,-1,-1,-1
270,7,782.63,241.90,111.32,94.91,1,-1,-1,-1
270,9,885.97,136.63,67.32,62.47,1,-1,-1,-1
270,10,1073.01,168.47,44.21,24.84,1,-1,-1,-1
271,6,1013.81,164.42,62.40,30.49,1,-1,-1,-1
271,7,779.05,245.12,112.68,96.36,1,-1,-1,-1
271,9,884.60,136.64,67.92,63.58,1,-1,-1,-1
271,10,1073.02,168.79,44.10,24.50,1,-1,-1,-1
272,6,1014.14,165.75,61.02,29.42,1,-1,-1,-1
272,7,775.36,248.46,114.02,97.81,1,-1,-1,-1
272,9,883.19,136.82,68.56,64.61,1,-1,-1,-1
272,10,1073.02,169.12,43.99,24.17,1,-1,-1,-1
272,12,799.74,752.00,316.73,299.62,1,-1,-1,-1
273,6,1014.55,167.03,59.55,28.19,1,-1,-1,-1
273,7,771.58,251.93,115.37,99.25,1,-1,-1,-1
273,9,881.73,137.17,69.24,65.56,1,-1,-1,-1
273,10,1073.03,169.44,43.88,23.84,1,-1,-1,-1
273,12,808.01,723.52,307.44,285.11,1,-1,-1,-1
274,6,1015.04,168.26,57.97,26.61,1,-1,-1,-1
274,7,767.70,255.53,116.71,100.70,1,-1,-1,-1
274,9,880.22,137.69,69.96,66.44,1,-1,-1,-1
274,12,816.33,695.77,298.09,271.06,1,-1,-1,-1
275,6,1015.63,169.40,56.26,24.45,1,-1,-1,-1
275,7,763.71,259.27,118.07,102.15,1,-1,-1,-1
275,9,878.67,138.37,70.72,67.25,1,-1,-1,-1
275,12,824.63,669.01,288.77,257.66,1,-1,-1,-1
276,7,759.61,263.15,119.43,103.61,1,-1,-1,-1
276,9,877.06,139.20,71.53,68.02,1,-1,-1,-1
276,12,832.83,643.51,279.56,245.13,1,-1,-1,-1
277,7,755.39,267.17,120.82,105.08,1,-1,-1,-1
277,9,875.40,140.16,72.37,68.75,1,-1,-1,-1
277,12,840.85,619.44,270.51,233.68,1,-1,-1,-1
278,7,751.05,271.35,122.23,106.57,1,-1,-1,-1
278,9,873.68,141.25,73.26,69.44,1,-1,-1,-1
278,12,848.67,596.91,261.67,223.44,1,-1,-1,-1
279,7,746.58,275.69,123.69,108.08,1,-1,-1,-1
279,9,871.91,142.44,74.18,70.12,1,-1,-1,-1
279,12,856.24,575.95,253.07,214.45,1,-1,-1,-1
280,7,741.96,280.19,125.20,109.63,1,-1,-1,-1
280,9,870.07,143.72,75.13,70.79,1,-1,-1,-1
280,12,863.57,556.53,244.72,206.60,1,-1,-1,-1
281,7,737.19,284.85,126.77,111.23,1,-1,-1,-1
281,9,868.18,145.09,76.12,71.46,1,-1,-1,-1
281,12,870.66,538.56,236.61,199.72,1,-1,-1,-1
282,7,732.25,289.69,128.42,112.87,1,-1,-1,-1
282,9,866.22,146.54,77.15,72.15,1,-1,-1,-1
282,12,877.51,521.89,228.74,193.63,1,-1,-1,-1
283,7,727.14,294.70,130.14,114.58,1,-1,-1,-1
283,9,864.21,148.04,78.21,72.85,1,-1,-1,-1
283,12,884.13,506.35,221.10,188.13,1,-1,-1,-1
284,7,721.84,299.90,131.97,116.36,1,-1,-1,-1
284,9,862.13,149.60,79.31,73.59,1,-1,-1,-1
284,12,890.51,491.77,213.69,183.10,1,-1,-1,-1
285,7,716.34,305.28,133.90,118.23,1,-1,-1,-1
285,9,859.99,151.21,80.44,74.35,1,-1,-1,-1
285,12,896.64,478.00,206.54,178.43,1,-1,-1,-1
286,7,710.63,310.84,135.95,120.19,1,-1,-1,-1
286,9,857.79,152.87,81.60,75.16,1,-1,-1,-1
286,12,902.50,464.93,199.66,174.07,1,-1,-1,-1
287,7,704.68,316.60,138.12,122.25,1,-1,-1,-1
287,9,855.53,154.57,82.80,75.99,1,-1,-1,-1
287,12,908.04,452.50,193.10,169.98,1,-1,-1,-1
288,7,698.51,322.56,140.42,124.42,1,-1,-1,-1
288,9,853.22,156.31,84.02,76.87,1,-1,-1,-1
288,12,913.25,440.69,186.87,166.11,1,-1,-1,-1
289,7,692.08,328.73,142.87,126.72,1,-1,-1,-1
289,9,850.86,158.10,85.27,77.78,1,-1,-1,-1
289,12,918.08,429.46,181.02,162.44,1,-1,-1,-1
290,7,685.40,335.10,145.47,129.15,1,-1,-1,-1
290,9,848.44,159.93,86.55,78.73,1,-1,-1,-1
290,12,922.52,418.81,175.55,158.91,1,-1,-1,-1
291,7,678.45,341.68,148.22,131.71,1,-1,-1,-1
291,9,845.98,161.80,87.85,79.72,1,-1,-1,-1
291,12,926.59,408.70,170.47,155.45,1,-1,-1,-1
292,7,671.21,348.48,151.15,134.42,1,-1,-1,-1
292,9,843.48,163.72,89.17,80.74,1,-1,-1,-1
292,12,930.28,399.07,165.74,152.01,1,-1,-1,-1
293,7,663.67,355.51,154.26,137.29,1,-1,-1,-1
293,9,840.94,165.68,90.51,81.79,1,-1,-1,-1
293,12,933.66,389.88,161.35,148.54,1,-1,-1,-1
294,7,655.80,362.77,157.58,140.31,1,-1,-1,-1
294,9,838.37,167.68,91.86,82.88,1,-1,-1,-1
294,12,936.76,381.08,157.23,145.00,1,-1,-1,-1
295,7,647.59,370.26,161.12,143.49,1,-1,-1,-1
295,9,835.77,169.72,93.23,84.00,1,-1,-1,-1
295,12,939.64,372.63,153.33,141.39,1,-1,-1,-1
296,7,639.01,377.99,164.91,146.83,1,-1,-1,-1
296,9,833.15,171.80,94.61,85.16,1,-1,-1,-1
296,12,942.35,364.49,149.59,137.73,1,-1,-1,-1
297,7,630.03,385.96,168.97,150.34,1,-1,-1,-1
297,9,830.50,173.91,96.01,86.35,1,-1,-1,-1
297,12,944.94,356.65,145.98,134.07,1,-1,-1,-1
298,7,620.63,394.17,173.34,154.02,1,-1,-1,-1
298,9,827.84,176.04,97.41,87.58,1,-1,-1,-1
298,12,947.44,349.10,142.46,130.47,1,-1,-1,-1
299,7,610.79,402.63,178.03,157.86,1,-1,-1,-1
299,9,825.17,178.18,98.83,88.86,1,-1,-1,-1
299,12,949.87,341.86,139.01,127.01,1,-1,-1,-1
300,7,600.47,411.32,183.07,161.87,1,-1,-1,-1
300,9,822.49,180.33,100.27,90.18,1,-1,-1,-1
300,12,952.25,334.92,135.60,123.76,1,-1,-1,-1
301,7,589.67,420.26,188.49,166.05,1,-1,-1,-1
301,9,819.81,182.48,101.71,91.55,1,-1,-1,-1
301,12,954.60,328.28,132.23,120.79,1,-1,-1,-1
302,7,578.38,429.42,194.28,170.41,1,-1,-1,-1
302,9,817.13,184.61,103.17,92.96,1,-1,-1,-1
302,12,956.93,321.93,128.88,118.13,1,-1,-1,-1
303,7,566.60,438.80,200.48,174.93,1,-1,-1,-1
303,9,814.46,186.72,104.64,94.42,1,-1,-1,-1
303,12,959.24,315.82,125.55,115.80,1,-1,-1,-1
304,7,554.32,448.40,207.07,179.62,1,-1,-1,-1
304,9,811.80,188.80,106.11,95.94,1,-1,-1,-1
304,12,961.56,309.92,122.21,113.75,1,-1,-1,-1
305,7,541.56,458.20,214.06,184.49,1,-1,-1,-1
305,9,809.16,190.84,107.59,97.50,1,-1,-1,-1
305,12,963.90,304.17,118.84,111.95,1,-1,-1,-1
306,7,528.33,468.20,221.45,189.52,1,-1,-1,-1
306,9,806.55,192.83,109.08,99.11,1,-1,-1,-1
306,12,966.29,298.53,115.43,110.35,1,-1,-1,-1
307,7,514.65,478.37,229.21,194.70,1,-1,-1,-1
307,9,803.96,194.76,110.57,100.76,1,-1,-1,-1
307,12,968.76,292.89,111.94,108.94,1,-1,-1,-1
308,7,500.56,488.71,237.33,200.05,1,-1,-1,-1
308,9,801.42,196.63,112.06,102.46,1,-1,-1,-1
308,12,971.33,287.16,108.35,107.68,1,-1,-1,-1
309,7,486.07,499.21,245.79,205.55,1,-1,-1,-1
309,9,798.91,198.44,113.54,104.20,1,-1,-1,-1
309,12,974.03,281.25,104.62,106.52,1,-1,-1,-1
310,7,471.23,509.85,254.56,211.19,1,-1,-1,-1
310,9,796.44,200.17,115.02,105.99,1,-1,-1,-1
310,12,976.89,275.08,100.74,105.41,1,-1,-1,-1
