1,1,1104.669,163.278,39.377,38.406,1,-1,-1,-1
2,1,1114.256,173.040,36.672,30.289,1,-1,-1,-1
3,1,1114.815,174.236,34.538,28.372,1,-1,-1,-1
4,1,1115.385,175.727,33.186,27.393,1,-1,-1,-1
5,1,1115.291,175.906,32.907,27.605,1,-1,-1,-1
6,1,1114.341,174.536,35.762,28.984,1,-1,-1,-1
7,1,1114.003,173.132,36.985,29.879,1,-1,-1,-1
8,1,1113.029,172.860,38.855,29.949,1,-1,-1,-1
9,1,1113.960,174.026,36.407,29.114,1,-1,-1,-1
10,1,1113.944,175.329,36.260,28.714,1,-1,-1,-1
11,1,1114.756,175.155,34.669,28.294,1,-1,-1,-1
12,1,1114.194,174.120,36.312,29.232,1,-1,-1,-1
13,1,1113.705,174.029,35.580,28.759,1,-1,-1,-1
14,1,1114.142,175.097,34.028,28.193,1,-1,-1,-1
15,1,1113.833,175.944,33.792,27.985,1,-1,-1,-1
16,1,1113.954,174.883,35.289,28.975,1,-1,-1,-1
17,1,1113.260,173.974,38.118,29.971,1,-1,-1,-1
18,1,1114.181,174.029,36.500,29.281,1,-1,-1,-1
19,1,1114.668,175.504,34.974,28.075,1,-1,-1,-1
20,1,1114.584,175.172,34.902,28.114,1,-1,-1,-1
21,1,1114.422,174.113,36.013,28.841,1,-1,-1,-1
22,1,1112.678,172.486,40.135,30.450,1,-1,-1,-1
23,1,1114.646,174.173,36.505,28.950,1,-1,-1,-1
24,1,1114.641,175.835,36.248,28.089,1,-1,-1,-1
25,1,1115.779,176.465,33.995,27.990,1,-1,-1,-1
26,1,1114.856,175.367,35.836,29.750,1,-1,-1,-1
27,1,1113.393,173.511,39.401,31.414,1,-1,-1,-1
28,1,1113.469,173.998,39.825,30.668,1,-1,-1,-1
29,1,1113.649,175.089,39.076,29.312,1,-1,-1,-1
30,1,1115.038,176.230,36.695,29.322,1,-1,-1,-1
31,1,1113.422,174.942,38.775,30.548,1,-1,-1,-1
32,1,1112.247,173.209,39.900,31.799,1,-1,-1,-1
32,2,787.051,843.112,379.104,227.829,1,-1,-1,-1
33,2,803.109,805.001,348.960,267.031,1,-1,-1,-1
33,1,1111.635,172.254,40.098,31.405,1,-1,-1,-1
34,2,821.752,768.392,330.287,227.899,1,-1,-1,-1
34,1,1111.272,171.722,40.535,31.509,1,-1,-1,-1
35,2,828.429,736.975,323.711,267.910,1,-1,-1,-1
35,1,1112.052,173.111,39.425,31.068,1,-1,-1,-1
36,2,838.998,726.793,314.367,247.137,1,-1,-1,-1
36,1,1112.833,173.827,37.997,30.370,1,-1,-1,-1
37,1,1113.282,174.761,36.094,30.415,1,-1,-1,-1
37,2,845.597,681.455,306.830,244.695,1,-1,-1,-1
38,2,854.020,663.556,294.238,240.207,1,-1,-1,-1
38,1,1112.824,173.640,37.808,30.624,1,-1,-1,-1
39,2,863.516,633.433,280.532,216.188,1,-1,-1,-1
39,1,1112.359,173.237,38.872,31.134,1,-1,-1,-1
40,2,872.072,615.984,270.712,220.731,1,-1,-1,-1
40,1,1113.550,173.337,38.559,30.302,1,-1,-1,-1
41,2,880.997,599.542,261.035,215.373,1,-1,-1,-1
41,1,1113.138,173.245,38.830,30.775,1,-1,-1,-1
42,2,890.404,574.119,254.256,198.301,1,-1,-1,-1
42,1,1113.785,173.872,38.209,30.768,1,-1,-1,-1
43,2,900.143,563.672,242.955,194.846,1,-1,-1,-1
43,1,1114.566,174.522,36.888,30.786,1,-1,-1,-1
44,2,907.992,547.119,232.108,189.539,1,-1,-1,-1
44,1,1114.200,173.704,37.739,30.425,1,-1,-1,-1
45,2,913.795,535.739,223.246,181.579,1,-1,-1,-1
45,1,1114.375,173.103,37.294,30.830,1,-1,-1,-1
46,1,1114.568,172.451,36.985,30.748,1,-1,-1,-1
46,2,912.095,508.390,225.930,184.822,1,-1,-1,-1
47,2,918.626,500.663,216.765,177.704,1,-1,-1,-1
47,1,1115.175,173.307,35.844,30.885,1,-1,-1,-1
48,1,1113.130,172.210,38.275,31.404,1,-1,-1,-1
48,2,925.551,486.031,206.898,177.012,1,-1,-1,-1
49,2,933.179,473.263,195.180,173.569,1,-1,-1,-1
49,1,1112.101,172.612,39.295,31.394,1,-1,-1,-1
50,1,1111.927,172.652,39.349,31.388,1,-1,-1,-1
50,2,937.075,465.124,187.486,169.178,1,-1,-1,-1
51,2,941.447,440.266,197.176,174.940,1,-1,-1,-1
51,1,1111.999,172.730,39.533,31.169,1,-1,-1,-1
52,2,949.218,441.222,177.237,158.275,1,-1,-1,-1
52,1,1111.345,171.670,40.245,31.014,1,-1,-1,-1
53,2,941.565,444.832,178.906,141.003,1,-1,-1,-1
53,1,1111.374,171.495,39.330,30.240,1,-1,-1,-1
54,2,950.831,416.950,174.762,146.080,1,-1,-1,-1
54,1,1110.882,171.691,40.058,30.221,1,-1,-1,-1
55,1,1110.695,172.240,40.725,30.872,1,-1,-1,-1
55,2,953.790,412.048,170.041,146.701,1,-1,-1,-1
56,1,1111.555,173.240,40.232,30.858,1,-1,-1,-1
56,2,957.512,406.634,163.741,145.546,1,-1,-1,-1
57,2,964.317,390.954,158.075,126.654,1,-1,-1,-1
57,1,1112.247,173.383,38.612,30.594,1,-1,-1,-1
58,2,963.985,382.955,156.558,141.186,1,-1,-1,-1
58,1,1111.888,173.051,39.373,30.392,1,-1,-1,-1
59,1,1111.702,172.057,39.765,30.756,1,-1,-1,-1
59,2,964.311,381.093,154.934,136.121,1,-1,-1,-1
60,2,964.629,379.945,153.314,126.104,1,-1,-1,-1
60,1,1111.794,171.869,40.233,30.259,1,-1,-1,-1
61,2,966.309,377.088,152.541,120.923,1,-1,-1,-1
61,1,1111.614,171.326,40.640,30.674,1,-1,-1,-1
62,2,970.423,378.716,150.590,111.956,1,-1,-1,-1
62,1,1111.967,172.357,39.675,30.391,1,-1,-1,-1
63,2,975.521,354.064,146.347,125.876,1,-1,-1,-1
63,1,1113.492,173.468,37.049,30.348,1,-1,-1,-1
64,2,977.022,352.389,144.428,115.901,1,-1,-1,-1
64,1,1115.283,173.358,34.889,30.194,1,-1,-1,-1
65,1,1113.797,171.997,37.237,30.855,1,-1,-1,-1
65,2,978.162,347.714,141.542,111.092,1,-1,-1,-1
66,2,980.001,347.521,138.450,102.694,1,-1,-1,-1
66,1,1113.009,170.916,37.956,30.501,1,-1,-1,-1
67,2,981.295,326.884,138.659,115.814,1,-1,-1,-1
67,1,1111.395,170.889,40.007,30.652,1,-1,-1,-1
68,2,982.507,324.421,136.647,115.170,1,-1,-1,-1
68,1,1112.727,171.002,38.563,30.628,1,-1,-1,-1
69,2,984.982,327.050,134.896,103.467,1,-1,-1,-1
69,1,1113.182,171.260,38.183,30.841,1,-1,-1,-1
70,2,989.490,328.095,130.547,91.681,1,-1,-1,-1
70,1,1114.734,172.230,35.226,29.505,1,-1,-1,-1
71,2,993.126,324.222,125.497,88.224,1,-1,-1,-1
71,1,1113.644,171.215,37.189,29.932,1,-1,-1,-1
72,2,994.843,319.325,120.633,89.181,1,-1,-1,-1
72,1,1112.812,170.952,38.804,30.299,1,-1,-1,-1
73,1,1111.820,169.996,39.853,30.383,1,-1,-1,-1
73,2,994.431,315.456,118.466,90.396,1,-1,-1,-1
74,1,1111.481,170.572,39.984,29.986,1,-1,-1,-1
74,2,991.820,297.678,124.083,94.936,1,-1,-1,-1
75,1,1112.053,170.323,39.830,30.112,1,-1,-1,-1
75,2,994.596,295.723,121.438,90.338,1,-1,-1,-1
76,1,1112.902,171.239,39.435,30.662,1,-1,-1,-1
76,2,997.515,291.681,118.749,88.596,1,-1,-1,-1
77,1,1114.155,171.775,37.007,30.061,1,-1,-1,-1
77,2,1000.450,284.909,115.259,90.531,1,-1,-1,-1
78,1,1112.372,171.373,39.521,30.788,1,-1,-1,-1
78,2,1000.987,280.433,113.161,93.263,1,-1,-1,-1
79,1,1111.444,170.300,40.860,30.754,1,-1,-1,-1
79,2,1001.523,276.943,109.958,94.413,1,-1,-1,-1
80,1,1110.579,169.849,42.354,31.086,1,-1,-1,-1
80,2,1002.205,266.745,112.708,91.180,1,-1,-1,-1
81,1,1110.460,170.044,42.444,31.027,1,-1,-1,-1
81,2,1003.064,263.978,111.684,92.603,1,-1,-1,-1
82,1,1110.671,171.238,41.562,31.491,1,-1,-1,-1
82,2,1005.807,261.122,108.815,89.143,1,-1,-1,-1
83,2,1008.974,256.352,104.238,89.178,1,-1,-1,-1
83,1,1111.898,172.542,40.279,31.797,1,-1,-1,-1
84,1,1113.000,172.573,38.838,32.118,1,-1,-1,-1
84,2,1009.899,252.588,101.755,87.510,1,-1,-1,-1
85,1,1112.351,172.233,40.472,32.595,1,-1,-1,-1
85,2,1008.553,246.703,101.076,92.197,1,-1,-1,-1
86,1,1111.734,171.237,41.110,32.429,1,-1,-1,-1
86,2,1005.329,243.406,102.492,93.449,1,-1,-1,-1
87,2,1004.972,240.156,102.721,94.826,1,-1,-1,-1
87,1,1112.079,171.888,40.388,31.596,1,-1,-1,-1
88,2,1005.479,239.572,101.985,92.093,1,-1,-1,-1
88,1,1111.750,171.076,40.483,31.530,1,-1,-1,-1
89,2,1008.258,239.287,96.959,78.505,1,-1,-1,-1
89,1,1111.515,171.826,39.779,31.457,1,-1,-1,-1
90,2,1009.009,239.554,96.557,75.874,1,-1,-1,-1
90,1,1111.688,172.258,38.348,31.041,1,-1,-1,-1
91,2,1009.101,237.937,96.105,72.080,1,-1,-1,-1
91,1,1112.284,172.073,37.786,29.952,1,-1,-1,-1
92,2,1008.442,233.864,95.354,71.055,1,-1,-1,-1
92,1,1112.060,171.980,39.044,29.566,1,-1,-1,-1
93,1,1111.920,171.606,40.601,29.821,1,-1,-1,-1
93,2,1007.678,230.302,94.679,69.625,1,-1,-1,-1
94,2,1007.060,226.417,94.120,70.876,1,-1,-1,-1
94,1,1111.825,172.700,40.877,29.903,1,-1,-1,-1
95,2,1007.199,222.725,94.681,72.033,1,-1,-1,-1
95,1,1110.527,171.896,42.649,30.370,1,-1,-1,-1
96,2,1008.951,230.759,93.836,57.634,1,-1,-1,-1
96,1,1110.291,172.404,41.920,29.762,1,-1,-1,-1
97,1,1109.371,172.089,42.171,30.066,1,-1,-1,-1
97,2,1010.337,227.861,92.999,57.638,1,-1,-1,-1
98,1,1110.079,172.952,41.647,30.038,1,-1,-1,-1
98,2,1010.571,224.577,92.329,58.907,1,-1,-1,-1
99,1,1110.437,172.743,41.555,29.689,1,-1,-1,-1
99,2,1009.053,222.414,93.333,58.486,1,-1,-1,-1
100,2,1008.107,220.375,93.731,59.387,1,-1,-1,-1
100,1,1112.256,173.360,39.975,29.152,1,-1,-1,-1
101,2,1008.623,219.591,92.587,58.971,1,-1,-1,-1
101,1,1112.814,173.688,39.349,28.836,1,-1,-1,-1
102,2,1010.071,218.177,90.312,59.734,1,-1,-1,-1
102,1,1112.115,173.462,40.690,29.239,1,-1,-1,-1
103,1,1112.223,173.893,40.245,29.131,1,-1,-1,-1
103,2,1012.706,209.347,83.477,56.199,1,-1,-1,-1
104,1,1111.230,173.387,40.706,28.903,1,-1,-1,-1
104,2,1012.759,208.683,85.439,54.814,1,-1,-1,-1
105,1,1110.798,174.026,39.323,28.398,1,-1,-1,-1
105,2,1012.735,206.050,85.185,55.383,1,-1,-1,-1
106,1,1110.429,174.074,38.618,27.480,1,-1,-1,-1
106,3,1069.788,184.398,34.950,26.961,1,-1,-1,-1
106,2,1012.420,205.237,84.488,54.362,1,-1,-1,-1
107,3,1072.807,183.939,31.669,27.027,1,-1,-1,-1
107,2,1012.428,201.344,83.029,55.259,1,-1,-1,-1
107,1,1111.016,174.658,37.404,26.977,1,-1,-1,-1
108,2,1013.492,200.852,81.513,53.777,1,-1,-1,-1
108,3,1071.786,183.031,33.409,27.782,1,-1,-1,-1
108,1,1110.898,174.523,37.843,27.108,1,-1,-1,-1
108,4,781.665,843.152,389.761,232.458,1,-1,-1,-1
109,1,1110.069,174.359,38.085,28.211,1,-1,-1,-1
109,3,1074.481,180.608,33.166,29.786,1,-1,-1,-1
109,2,1014.075,196.387,80.990,54.571,1,-1,-1,-1
109,4,800.936,802.404,358.026,272.710,1,-1,-1,-1
109,5,962.893,174.416,35.626,25.404,1,-1,-1,-1
110,1,1110.863,173.626,36.101,28.989,1,-1,-1,-1
110,4,816.443,765.425,339.342,236.303,1,-1,-1,-1
110,3,1073.401,177.309,36.566,32.512,1,-1,-1,-1
110,2,1014.745,195.189,80.563,54.162,1,-1,-1,-1
110,5,959.356,174.985,37.951,25.719,1,-1,-1,-1
111,4,820.719,730.886,334.158,277.156,1,-1,-1,-1
111,3,1074.882,175.678,35.836,33.182,1,-1,-1,-1
111,5,957.123,174.277,40.514,26.801,1,-1,-1,-1
111,2,1013.679,192.069,82.051,54.727,1,-1,-1,-1
111,1,1110.345,173.283,36.533,29.788,1,-1,-1,-1
112,5,954.702,173.518,41.242,26.775,1,-1,-1,-1
112,2,1013.125,190.511,82.254,54.774,1,-1,-1,-1
112,3,1074.644,176.053,34.611,32.219,1,-1,-1,-1
112,1,1110.124,172.951,37.201,29.362,1,-1,-1,-1
112,4,829.860,694.294,323.296,237.883,1,-1,-1,-1
113,2,1013.284,187.603,80.985,56.456,1,-1,-1,-1
113,6,931.328,174.528,38.974,25.092,1,-1,-1,-1
113,1,1108.770,173.249,39.063,29.148,1,-1,-1,-1
113,3,1074.996,176.506,32.607,30.606,1,-1,-1,-1
113,4,834.421,667.054,316.522,261.289,1,-1,-1,-1
114,1,1108.919,173.361,38.567,28.677,1,-1,-1,-1
114,2,1014.980,185.903,77.836,57.152,1,-1,-1,-1
114,6,928.963,173.866,41.707,25.961,1,-1,-1,-1
114,4,843.219,650.412,307.610,252.611,1,-1,-1,-1
115,6,928.903,173.445,42.011,26.754,1,-1,-1,-1
115,1,1108.350,172.683,37.120,29.883,1,-1,-1,-1
115,2,1015.863,182.358,76.482,60.745,1,-1,-1,-1
115,4,853.163,614.571,298.466,239.771,1,-1,-1,-1
116,2,1017.784,181.585,73.424,60.548,1,-1,-1,-1
116,1,1109.185,172.206,35.388,29.721,1,-1,-1,-1
116,6,928.642,172.789,44.819,28.191,1,-1,-1,-1
116,4,865.838,599.398,284.384,226.624,1,-1,-1,-1
117,4,873.559,590.514,274.770,214.303,1,-1,-1,-1
117,1,1077.597,171.333,34.123,34.490,1,-1,-1,-1
117,7,1110.362,171.888,33.388,29.912,1,-1,-1,-1
117,6,927.831,171.610,49.454,29.777,1,-1,-1,-1
117,2,1019.334,180.635,71.374,60.890,1,-1,-1,-1
118,2,1019.878,181.472,68.732,58.398,1,-1,-1,-1
118,4,883.432,558.493,263.059,206.426,1,-1,-1,-1
118,1,1079.394,172.489,32.535,32.719,1,-1,-1,-1
118,7,1110.187,172.609,35.741,29.684,1,-1,-1,-1
118,6,925.958,170.326,51.192,31.831,1,-1,-1,-1
119,7,1109.106,172.662,37.738,30.214,1,-1,-1,-1
119,4,888.773,542.671,255.462,197.531,1,-1,-1,-1
119,1,1081.683,172.592,29.679,32.230,1,-1,-1,-1
119,2,1021.765,178.954,63.631,49.832,1,-1,-1,-1
119,6,923.609,169.660,52.745,31.825,1,-1,-1,-1
120,4,891.235,528.988,252.684,192.520,1,-1,-1,-1
120,6,920.674,168.080,54.794,32.891,1,-1,-1,-1
120,1,1076.275,173.246,29.915,32.267,1,-1,-1,-1
120,2,1019.830,178.733,65.585,49.728,1,-1,-1,-1
120,7,1107.581,173.018,41.087,30.647,1,-1,-1,-1
121,6,919.398,166.924,55.560,32.985,1,-1,-1,-1
121,1,1072.173,173.630,29.915,32.267,1,-1,-1,-1
121,2,1019.886,178.374,65.428,48.879,1,-1,-1,-1
121,7,1108.493,172.841,40.792,30.148,1,-1,-1,-1
121,4,895.969,503.883,248.174,193.198,1,-1,-1,-1
122,2,1020.674,177.218,64.338,47.681,1,-1,-1,-1
122,4,905.995,493.634,234.975,186.384,1,-1,-1,-1
122,1,1068.071,174.015,29.915,32.267,1,-1,-1,-1
122,7,1109.174,173.306,38.945,29.899,1,-1,-1,-1
122,6,919.480,165.042,55.115,35.487,1,-1,-1,-1
123,2,1021.480,177.246,63.832,45.883,1,-1,-1,-1
123,4,915.638,480.889,221.129,178.971,1,-1,-1,-1
123,7,1110.327,173.382,36.361,29.349,1,-1,-1,-1
123,6,919.784,163.541,54.006,37.402,1,-1,-1,-1
123,1,1079.649,171.349,31.405,31.853,1,-1,-1,-1
124,7,1110.994,172.668,34.803,29.047,1,-1,-1,-1
124,4,923.242,469.539,210.276,171.921,1,-1,-1,-1
124,2,1021.357,174.001,64.741,46.264,1,-1,-1,-1
124,6,919.906,162.237,53.435,37.815,1,-1,-1,-1
124,1,1078.261,169.887,32.040,32.381,1,-1,-1,-1
125,1,1074.742,169.238,31.956,32.300,1,-1,-1,-1
125,4,917.940,449.662,214.753,165.275,1,-1,-1,-1
125,7,1110.550,172.322,36.698,29.356,1,-1,-1,-1
125,2,1020.574,172.549,65.831,45.629,1,-1,-1,-1
125,6,917.837,160.723,54.427,38.595,1,-1,-1,-1
126,6,916.666,158.966,55.225,39.037,1,-1,-1,-1
126,4,924.753,444.275,204.031,162.470,1,-1,-1,-1
126,2,1019.603,170.936,67.228,45.357,1,-1,-1,-1
126,7,1109.977,171.489,38.922,29.244,1,-1,-1,-1
126,1,1073.212,168.273,31.956,32.300,1,-1,-1,-1
127,4,924.699,445.627,207.152,139.512,1,-1,-1,-1
127,2,1019.489,169.882,67.458,44.860,1,-1,-1,-1
127,7,1108.810,171.885,40.902,29.328,1,-1,-1,-1
127,1,1071.681,167.309,31.956,32.300,1,-1,-1,-1
127,6,915.323,157.438,55.983,40.702,1,-1,-1,-1
128,2,1019.590,168.587,67.826,45.006,1,-1,-1,-1
128,1,1070.151,166.344,31.956,32.300,1,-1,-1,-1
128,6,914.303,154.604,56.648,43.506,1,-1,-1,-1
128,4,934.836,420.932,187.410,157.612,1,-1,-1,-1
128,7,1109.240,171.763,40.418,28.796,1,-1,-1,-1
129,6,913.764,153.041,55.876,45.930,1,-1,-1,-1
129,4,932.020,416.480,195.554,139.195,1,-1,-1,-1
129,1,1078.836,167.344,25.826,29.440,1,-1,-1,-1
129,2,1020.968,166.064,66.625,46.092,1,-1,-1,-1
129,7,1111.699,171.211,36.520,28.204,1,-1,-1,-1
130,4,946.785,402.633,180.682,146.757,1,-1,-1,-1
130,2,1022.790,166.055,64.556,45.658,1,-1,-1,-1
130,7,1113.799,170.712,33.476,27.475,1,-1,-1,-1
130,1,1077.921,167.330,26.587,29.359,1,-1,-1,-1
130,6,911.915,152.885,56.467,44.648,1,-1,-1,-1
131,4,941.612,406.058,180.350,132.152,1,-1,-1,-1
131,1,1077.136,166.816,26.298,29.238,1,-1,-1,-1
131,2,1023.911,164.251,63.478,45.959,1,-1,-1,-1
131,6,909.130,151.585,57.490,45.938,1,-1,-1,-1
131,7,1114.149,170.169,33.180,27.001,1,-1,-1,-1
132,1,1077.068,166.023,26.960,29.591,1,-1,-1,-1
132,4,952.422,384.687,171.260,133.197,1,-1,-1,-1
132,6,905.836,150.057,59.453,47.479,1,-1,-1,-1
132,7,1112.896,170.840,35.286,27.190,1,-1,-1,-1
132,2,1023.136,162.893,64.313,46.055,1,-1,-1,-1
133,6,903.664,144.483,61.101,46.711,1,-1,-1,-1
133,1,1077.000,165.229,27.622,29.944,1,-1,-1,-1
133,4,953.318,374.582,167.718,136.763,1,-1,-1,-1
133,7,1111.485,170.992,37.390,27.300,1,-1,-1,-1
133,2,1021.387,161.830,66.399,45.233,1,-1,-1,-1
134,2,1022.115,162.656,65.934,43.762,1,-1,-1,-1
134,4,954.367,369.252,165.916,134.726,1,-1,-1,-1
134,7,1110.765,171.186,38.247,27.592,1,-1,-1,-1
134,1,1076.932,164.436,28.284,30.297,1,-1,-1,-1
134,6,902.256,143.429,62.842,48.497,1,-1,-1,-1
135,2,1025.445,161.792,61.299,43.503,1,-1,-1,-1
135,6,901.257,142.462,65.310,50.298,1,-1,-1,-1
135,4,959.429,358.356,159.838,124.076,1,-1,-1,-1
135,7,1110.809,170.628,37.019,27.391,1,-1,-1,-1
135,1,1076.865,163.643,28.945,30.650,1,-1,-1,-1
136,4,961.842,350.235,154.328,128.596,1,-1,-1,-1
136,7,1111.194,169.882,34.892,27.507,1,-1,-1,-1
136,2,1028.428,160.069,57.120,45.236,1,-1,-1,-1
136,1,1076.797,162.849,29.607,31.003,1,-1,-1,-1
136,6,901.754,142.673,65.127,50.094,1,-1,-1,-1
137,2,1029.557,157.089,54.952,46.714,1,-1,-1,-1
137,6,902.162,141.655,64.322,50.556,1,-1,-1,-1
137,7,1112.222,168.564,32.667,28.047,1,-1,-1,-1
137,4,962.240,344.874,152.478,125.479,1,-1,-1,-1
137,1,1076.729,162.056,30.269,31.356,1,-1,-1,-1
138,2,1028.749,156.123,56.236,45.353,1,-1,-1,-1
138,6,900.413,140.789,65.956,51.435,1,-1,-1,-1
138,7,1110.811,168.216,35.381,28.824,1,-1,-1,-1
138,1,1076.633,161.458,31.669,31.633,1,-1,-1,-1
138,4,962.452,340.894,152.094,120.820,1,-1,-1,-1
139,6,898.208,140.015,67.923,52.335,1,-1,-1,-1
139,7,1109.361,168.285,38.840,29.423,1,-1,-1,-1
139,1,1075.183,161.182,33.554,31.562,1,-1,-1,-1
139,4,963.378,340.469,150.065,114.408,1,-1,-1,-1
139,2,1027.739,156.273,58.300,42.738,1,-1,-1,-1
140,6,895.718,139.564,70.341,53.642,1,-1,-1,-1
140,7,1107.756,168.768,41.826,29.098,1,-1,-1,-1
140,4,967.125,326.782,143.606,112.393,1,-1,-1,-1
140,1,1074.824,161.262,33.823,31.191,1,-1,-1,-1
140,2,1028.166,153.609,58.163,43.903,1,-1,-1,-1
141,6,895.463,138.101,69.253,55.525,1,-1,-1,-1
141,4,967.552,321.561,141.468,113.937,1,-1,-1,-1
141,7,1108.116,168.391,41.545,28.968,1,-1,-1,-1
141,1,1074.466,161.341,34.091,30.821,1,-1,-1,-1
141,2,1027.122,157.283,59.512,40.236,1,-1,-1,-1
142,2,1028.573,156.757,56.859,40.537,1,-1,-1,-1
142,6,894.847,135.717,70.205,58.873,1,-1,-1,-1
142,4,967.859,319.235,141.072,106.057,1,-1,-1,-1
142,1,1074.107,161.421,34.360,30.450,1,-1,-1,-1
142,7,1109.240,167.888,39.031,29.002,1,-1,-1,-1
143,2,1029.763,156.624,55.648,40.085,1,-1,-1,-1
143,4,969.962,317.967,138.392,99.069,1,-1,-1,-1
143,6,893.793,134.162,71.298,61.710,1,-1,-1,-1
143,7,1109.974,167.575,37.729,28.915,1,-1,-1,-1
143,1,1072.874,161.419,35.176,30.125,1,-1,-1,-1
144,2,1030.109,157.000,55.034,38.661,1,-1,-1,-1
144,4,972.544,316.564,134.321,93.834,1,-1,-1,-1
144,6,891.867,133.466,73.717,63.338,1,-1,-1,-1
144,1,1072.767,161.648,35.562,29.654,1,-1,-1,-1
144,7,1109.987,167.659,37.393,28.958,1,-1,-1,-1
145,7,1108.845,167.973,39.274,28.621,1,-1,-1,-1
145,6,890.719,132.564,74.279,65.757,1,-1,-1,-1
145,2,1030.245,155.711,55.127,39.273,1,-1,-1,-1
145,4,974.605,314.286,129.294,92.259,1,-1,-1,-1
146,6,891.016,132.778,73.478,65.859,1,-1,-1,-1
146,7,1108.821,168.444,40.252,28.300,1,-1,-1,-1
146,2,1028.494,157.574,53.752,37.527,1,-1,-1,-1
146,4,975.566,296.420,126.309,96.890,1,-1,-1,-1
147,6,886.032,145.207,63.462,60.614,1,-1,-1,-1
147,2,1028.295,157.766,52.851,38.152,1,-1,-1,-1
147,8,1108.378,168.858,40.781,27.985,1,-1,-1,-1
147,4,975.717,292.819,124.743,94.954,1,-1,-1,-1
147,7,1078.306,163.190,30.875,27.855,1,-1,-1,-1
148,4,978.057,290.080,120.791,90.054,1,-1,-1,-1
148,8,1109.166,168.741,39.770,27.649,1,-1,-1,-1
148,6,882.272,141.515,73.006,68.360,1,-1,-1,-1
148,2,1029.293,158.204,53.285,37.676,1,-1,-1,-1
148,7,1076.037,163.185,32.302,27.963,1,-1,-1,-1
149,8,1110.971,168.431,36.331,27.740,1,-1,-1,-1
149,4,980.361,286.135,117.539,88.513,1,-1,-1,-1
149,6,880.221,138.544,77.248,75.034,1,-1,-1,-1
149,2,1031.054,157.628,52.412,38.734,1,-1,-1,-1
149,7,1073.846,162.128,34.525,29.642,1,-1,-1,-1
150,4,982.736,282.419,114.395,88.220,1,-1,-1,-1
150,6,878.604,137.923,81.105,78.240,1,-1,-1,-1
150,7,1070.809,161.583,36.436,30.149,1,-1,-1,-1
150,2,1032.699,157.395,51.683,38.700,1,-1,-1,-1
150,8,1113.182,167.965,33.494,27.542,1,-1,-1,-1
151,6,881.498,134.307,77.798,80.408,1,-1,-1,-1
151,7,1070.627,161.934,35.917,29.749,1,-1,-1,-1
151,4,983.221,279.517,113.730,87.927,1,-1,-1,-1
151,2,1033.121,157.879,50.779,38.071,1,-1,-1,-1
151,8,1113.142,168.554,34.234,27.589,1,-1,-1,-1
152,6,878.760,134.714,80.807,81.376,1,-1,-1,-1
152,7,1071.196,162.884,35.147,28.606,1,-1,-1,-1
152,2,1032.552,159.203,50.993,35.827,1,-1,-1,-1
152,8,1111.539,169.223,36.687,27.460,1,-1,-1,-1
152,4,983.769,269.743,113.138,83.517,1,-1,-1,-1
153,4,982.841,266.093,114.011,85.306,1,-1,-1,-1
153,6,875.194,136.088,84.446,82.248,1,-1,-1,-1
153,8,1109.945,170.317,38.688,27.569,1,-1,-1,-1
153,2,1031.681,160.767,50.596,34.094,1,-1,-1,-1
153,7,1073.107,164.698,33.186,27.198,1,-1,-1,-1
154,8,1110.381,170.716,38.400,27.638,1,-1,-1,-1
154,4,983.141,261.059,113.776,86.307,1,-1,-1,-1
154,2,1032.509,161.355,49.554,33.743,1,-1,-1,-1
154,6,872.915,138.078,85.353,82.335,1,-1,-1,-1
154,7,1071.552,165.365,34.942,27.825,1,-1,-1,-1
155,7,1068.713,165.987,37.634,28.489,1,-1,-1,-1
155,8,1111.223,170.587,37.532,27.721,1,-1,-1,-1
155,6,872.127,141.253,85.195,81.626,1,-1,-1,-1
155,2,1034.076,162.330,48.634,33.705,1,-1,-1,-1
155,4,984.780,256.257,110.894,87.288,1,-1,-1,-1
156,9,668.234,965.931,501.628,109.187,1,-1,-1,-1
156,8,1111.656,170.379,36.973,27.746,1,-1,-1,-1
156,4,988.018,251.873,106.218,88.678,1,-1,-1,-1
156,6,870.103,145.496,85.779,78.527,1,-1,-1,-1
156,2,1035.918,163.394,47.657,33.778,1,-1,-1,-1
156,7,1066.314,166.657,37.405,28.348,1,-1,-1,-1
157,6,868.643,148.182,85.276,78.724,1,-1,-1,-1
157,8,1111.448,170.119,37.613,28.319,1,-1,-1,-1
157,2,1035.686,163.712,47.763,33.763,1,-1,-1,-1
157,9,697.307,963.307,461.610,113.234,1,-1,-1,-1
157,4,990.634,248.179,101.644,89.853,1,-1,-1,-1
158,9,708.296,952.273,466.319,125.371,1,-1,-1,-1
158,2,1035.119,164.239,47.762,32.815,1,-1,-1,-1
158,8,1111.011,170.288,38.655,28.735,1,-1,-1,-1
158,4,992.125,244.329,99.175,90.923,1,-1,-1,-1
158,10,1068.510,166.883,35.820,27.984,1,-1,-1,-1
158,6,864.955,151.399,87.413,77.201,1,-1,-1,-1
159,8,1111.498,170.587,38.706,28.998,1,-1,-1,-1
159,4,992.714,241.723,96.442,89.119,1,-1,-1,-1
159,10,1069.351,166.660,34.776,27.760,1,-1,-1,-1
159,2,1034.730,163.618,46.746,32.137,1,-1,-1,-1
159,9,708.296,952.273,466.319,125.371,1,-1,-1,-1
159,6,862.397,153.150,89.213,79.239,1,-1,-1,-1
160,10,1070.829,167.156,33.049,26.492,1,-1,-1,-1
160,8,1112.012,170.890,37.864,29.053,1,-1,-1,-1
160,2,1034.815,164.024,44.790,31.162,1,-1,-1,-1
160,6,859.891,156.080,91.410,79.248,1,-1,-1,-1
160,9,740.075,848.751,425.663,221.879,1,-1,-1,-1
160,4,991.416,236.557,99.286,82.796,1,-1,-1,-1
161,4,992.760,235.835,97.634,81.147,1,-1,-1,-1
161,2,1035.626,165.419,42.934,30.399,1,-1,-1,-1
161,9,756.525,809.626,394.806,263.028,1,-1,-1,-1
161,8,1111.522,171.247,38.300,29.542,1,-1,-1,-1
161,10,1070.235,167.685,33.426,26.205,1,-1,-1,-1
161,6,858.867,158.012,92.331,81.274,1,-1,-1,-1
162,8,1111.064,171.182,37.785,30.050,1,-1,-1,-1
162,9,780.737,783.006,379.131,282.412,1,-1,-1,-1
162,4,994.128,238.332,97.575,73.521,1,-1,-1,-1
162,10,1071.384,167.497,33.876,27.477,1,-1,-1,-1
162,2,1035.544,166.690,42.223,31.088,1,-1,-1,-1
162,6,859.487,159.385,90.799,82.418,1,-1,-1,-1
163,9,799.174,733.323,351.713,280.236,1,-1,-1,-1
163,10,1034.600,167.523,42.810,31.304,1,-1,-1,-1
163,6,858.874,160.247,90.876,83.158,1,-1,-1,-1
163,8,1111.384,171.122,36.283,30.254,1,-1,-1,-1
163,4,995.112,234.339,96.868,72.775,1,-1,-1,-1
163,11,1072.881,166.683,33.678,28.550,1,-1,-1,-1
164,2,1035.443,170.076,40.500,30.507,1,-1,-1,-1
164,11,1072.228,167.346,32.771,27.679,1,-1,-1,-1
164,9,802.293,684.258,369.512,308.335,1,-1,-1,-1
164,4,994.976,228.740,97.087,73.832,1,-1,-1,-1
164,8,1111.972,171.472,35.880,29.877,1,-1,-1,-1
164,6,857.298,160.509,90.013,84.363,1,-1,-1,-1
165,11,1070.585,168.568,31.859,25.011,1,-1,-1,-1
165,4,994.479,222.442,97.934,77.291,1,-1,-1,-1
165,8,1112.211,171.774,36.683,29.286,1,-1,-1,-1
165,6,853.944,162.152,92.030,82.814,1,-1,-1,-1
165,2,1034.742,170.962,41.738,28.922,1,-1,-1,-1
165,9,820.824,671.825,327.682,253.104,1,-1,-1,-1
166,2,1034.861,173.191,40.146,27.346,1,-1,-1,-1
166,4,994.682,217.945,97.996,79.618,1,-1,-1,-1
166,8,1112.072,171.988,37.858,28.598,1,-1,-1,-1
166,9,833.779,655.735,309.523,244.882,1,-1,-1,-1
166,6,851.076,162.929,92.385,82.310,1,-1,-1,-1
166,11,1069.533,169.939,31.978,23.344,1,-1,-1,-1
167,9,837.499,616.596,308.892,234.692,1,-1,-1,-1
167,2,1034.995,174.149,39.173,26.633,1,-1,-1,-1
167,6,844.910,169.142,98.284,87.097,1,-1,-1,-1
167,4,995.860,214.872,97.255,80.272,1,-1,-1,-1
167,11,1071.140,170.088,32.253,23.944,1,-1,-1,-1
167,8,1112.333,171.893,37.359,28.552,1,-1,-1,-1
168,6,842.918,170.752,99.668,87.618,1,-1,-1,-1
168,2,1034.173,173.698,39.813,27.830,1,-1,-1,-1
168,9,846.709,598.164,298.303,229.847,1,-1,-1,-1
168,11,1071.447,168.783,34.508,26.449,1,-1,-1,-1
168,4,996.789,213.474,96.828,78.197,1,-1,-1,-1
168,8,1113.610,171.345,34.709,28.347,1,-1,-1,-1
169,9,857.519,568.957,288.520,207.106,1,-1,-1,-1
169,4,997.874,213.044,95.692,74.017,1,-1,-1,-1
169,8,1114.513,171.967,33.511,28.549,1,-1,-1,-1
169,2,1034.488,174.168,40.378,27.511,1,-1,-1,-1
169,6,840.999,171.854,101.807,88.650,1,-1,-1,-1
169,11,1069.752,168.943,36.938,27.694,1,-1,-1,-1
170,2,1034.346,175.084,41.105,27.877,1,-1,-1,-1
170,6,839.639,174.468,103.205,87.962,1,-1,-1,-1
170,9,871.077,557.027,270.954,202.727,1,-1,-1,-1
170,11,1067.652,169.106,38.855,28.358,1,-1,-1,-1
170,4,998.537,213.192,95.071,70.393,1,-1,-1,-1
170,8,1115.372,171.416,32.224,28.345,1,-1,-1,-1
171,4,996.377,213.637,101.315,69.473,1,-1,-1,-1
171,11,1067.418,171.498,38.195,28.185,1,-1,-1,-1
171,2,1036.455,179.236,38.131,26.490,1,-1,-1,-1
171,9,878.202,537.682,260.220,200.787,1,-1,-1,-1
171,6,838.973,175.708,103.316,88.625,1,-1,-1,-1
171,8,1113.738,172.197,34.878,29.288,1,-1,-1,-1
172,8,1113.212,172.087,35.733,29.105,1,-1,-1,-1
172,2,1036.356,180.493,39.316,27.677,1,-1,-1,-1
172,6,837.675,176.037,102.907,92.039,1,-1,-1,-1
172,9,881.679,526.650,255.902,195.580,1,-1,-1,-1
172,4,1004.978,204.601,87.674,69.741,1,-1,-1,-1
172,11,1068.127,173.363,35.605,28.161,1,-1,-1,-1
173,9,887.792,499.928,250.928,190.699,1,-1,-1,-1
173,2,1035.944,181.027,41.236,27.986,1,-1,-1,-1
173,4,1002.060,207.415,92.307,60.081,1,-1,-1,-1
173,6,831.988,184.069,103.651,86.765,1,-1,-1,-1
173,8,1112.124,172.783,37.123,29.369,1,-1,-1,-1
173,11,1067.796,174.777,36.182,28.283,1,-1,-1,-1
174,6,830.438,186.679,105.150,88.735,1,-1,-1,-1
174,4,1000.620,206.956,94.930,56.960,1,-1,-1,-1
174,8,1112.455,173.164,37.326,28.910,1,-1,-1,-1
174,2,1036.946,183.217,40.961,27.170,1,-1,-1,-1
174,9,897.996,487.506,237.903,181.990,1,-1,-1,-1
174,11,1067.705,176.953,35.329,27.958,1,-1,-1,-1
175,6,829.105,188.296,106.650,91.524,1,-1,-1,-1
175,4,1002.232,206.215,92.777,55.413,1,-1,-1,-1
175,2,1036.777,185.202,40.548,26.213,1,-1,-1,-1
175,8,1112.965,173.300,36.206,28.664,1,-1,-1,-1
175,9,907.600,474.179,226.550,173.314,1,-1,-1,-1
175,11,1068.893,178.590,35.942,28.235,1,-1,-1,-1
176,2,1035.229,187.564,41.286,24.964,1,-1,-1,-1
176,8,1114.055,173.369,34.176,27.891,1,-1,-1,-1
176,6,825.632,189.758,109.761,93.570,1,-1,-1,-1
176,9,914.101,467.266,217.572,164.249,1,-1,-1,-1
176,4,1004.321,203.180,89.584,55.823,1,-1,-1,-1
176,11,1074.636,180.457,35.894,28.173,1,-1,-1,-1
177,6,822.322,191.267,112.017,92.656,1,-1,-1,-1
177,9,911.421,445.424,219.502,168.160,1,-1,-1,-1
177,11,1072.760,181.934,32.574,26.676,1,-1,-1,-1
177,8,1113.735,173.365,33.865,27.185,1,-1,-1,-1
177,4,1006.703,200.099,85.990,55.711,1,-1,-1,-1
178,4,1007.200,195.454,85.083,58.414,1,-1,-1,-1
178,8,1112.246,173.270,35.862,28.000,1,-1,-1,-1
178,11,1075.741,181.121,29.778,27.558,1,-1,-1,-1
178,6,821.878,204.645,105.857,91.767,1,-1,-1,-1
178,9,917.427,433.945,212.545,166.894,1,-1,-1,-1
179,8,1111.244,173.464,37.504,28.044,1,-1,-1,-1
179,11,1076.397,181.665,27.841,26.870,1,-1,-1,-1
179,4,1007.452,193.664,83.151,57.501,1,-1,-1,-1
179,6,818.356,210.025,107.218,87.360,1,-1,-1,-1
179,9,922.612,421.727,205.212,160.598,1,-1,-1,-1
180,9,928.338,411.253,196.831,154.813,1,-1,-1,-1
180,4,1006.329,191.308,84.539,58.426,1,-1,-1,-1
180,8,1111.320,173.219,37.735,28.911,1,-1,-1,-1
180,6,814.138,217.999,110.080,82.065,1,-1,-1,-1
180,11,1077.424,180.509,27.178,27.902,1,-1,-1,-1
181,6,811.341,223.602,112.550,80.847,1,-1,-1,-1
181,9,932.778,407.470,188.965,145.995,1,-1,-1,-1
181,8,1111.378,172.712,36.888,28.978,1,-1,-1,-1
181,12,927.349,180.817,30.712,25.381,1,-1,-1,-1
181,4,1005.222,188.730,87.334,58.951,1,-1,-1,-1
181,11,1077.006,177.775,29.891,29.353,1,-1,-1,-1
182,4,1005.289,185.642,90.187,60.626,1,-1,-1,-1
182,11,1078.376,174.144,32.821,31.819,1,-1,-1,-1
182,8,1110.959,172.654,35.880,29.652,1,-1,-1,-1
182,12,927.175,181.174,29.203,24.142,1,-1,-1,-1
182,6,806.201,224.493,117.352,83.882,1,-1,-1,-1
182,9,937.160,402.684,184.839,142.798,1,-1,-1,-1
183,8,1110.740,172.138,34.246,29.452,1,-1,-1,-1
183,9,939.508,386.834,180.143,134.718,1,-1,-1,-1
183,11,1078.459,170.271,36.409,34.429,1,-1,-1,-1
183,12,927.274,181.303,30.117,22.890,1,-1,-1,-1
183,4,1005.814,182.812,90.828,62.716,1,-1,-1,-1
183,6,801.104,223.267,121.630,86.175,1,-1,-1,-1
184,12,926.115,180.759,31.470,22.716,1,-1,-1,-1
184,8,1110.037,172.583,35.677,29.347,1,-1,-1,-1
184,4,1007.380,180.915,87.897,63.900,1,-1,-1,-1
184,6,795.236,222.828,126.748,86.202,1,-1,-1,-1
184,11,1079.918,171.309,34.222,33.012,1,-1,-1,-1
184,9,945.240,378.523,171.873,137.201,1,-1,-1,-1
185,12,925.826,179.974,32.544,22.679,1,-1,-1,-1
185,9,947.889,369.053,177.123,138.217,1,-1,-1,-1
185,6,790.616,222.025,130.712,89.638,1,-1,-1,-1
185,4,1007.507,178.222,85.900,66.383,1,-1,-1,-1
185,8,1108.946,172.326,37.649,29.712,1,-1,-1,-1
186,8,1107.689,172.110,39.751,29.663,1,-1,-1,-1
186,9,949.542,358.519,177.151,121.877,1,-1,-1,-1
186,12,922.475,178.446,35.998,24.631,1,-1,-1,-1
186,11,1081.593,172.272,29.169,30.374,1,-1,-1,-1
186,6,788.970,234.307,127.281,104.388,1,-1,-1,-1
186,4,1007.600,177.026,84.889,66.943,1,-1,-1,-1
187,8,1106.887,171.887,40.437,30.053,1,-1,-1,-1
187,11,1081.945,171.432,28.700,30.645,1,-1,-1,-1
187,9,952.880,349.149,169.749,130.569,1,-1,-1,-1
187,12,919.959,176.477,39.311,26.168,1,-1,-1,-1
187,6,778.929,241.086,131.804,99.493,1,-1,-1,-1
187,4,1008.154,176.346,82.274,67.390,1,-1,-1,-1
188,9,956.014,343.622,164.412,126.312,1,-1,-1,-1
188,12,917.511,174.329,44.318,28.054,1,-1,-1,-1
188,11,1082.294,170.667,29.522,30.318,1,-1,-1,-1
188,8,1107.104,171.833,40.406,30.018,1,-1,-1,-1
188,6,773.874,242.292,138.747,104.042,1,-1,-1,-1
188,4,1013.972,176.619,75.488,55.049,1,-1,-1,-1
189,9,958.037,339.256,162.954,121.364,1,-1,-1,-1
189,12,917.524,174.271,45.296,28.335,1,-1,-1,-1
189,11,1082.840,169.893,29.728,30.576,1,-1,-1,-1
189,8,1107.834,172.493,39.134,30.410,1,-1,-1,-1
189,6,770.020,245.858,144.639,105.592,1,-1,-1,-1
189,4,1014.251,176.496,75.185,54.760,1,-1,-1,-1
190,6,767.036,245.990,147.818,111.036,1,-1,-1,-1
190,8,1108.873,172.365,37.130,30.459,1,-1,-1,-1
190,4,1013.763,175.352,75.561,53.464,1,-1,-1,-1
190,9,962.303,327.730,159.007,114.465,1,-1,-1,-1
190,11,1083.825,169.044,29.192,30.218,1,-1,-1,-1
190,12,917.226,173.889,46.098,29.500,1,-1,-1,-1
191,6,763.844,246.772,149.410,115.929,1,-1,-1,-1
191,4,1013.769,174.649,75.407,50.949,1,-1,-1,-1
191,8,1108.336,172.145,38.120,30.899,1,-1,-1,-1
191,11,1084.325,168.820,27.399,29.619,1,-1,-1,-1
191,9,965.096,321.637,154.422,116.460,1,-1,-1,-1
191,12,916.161,172.551,46.102,31.148,1,-1,-1,-1
192,8,1108.359,171.726,40.123,31.126,1,-1,-1,-1
192,12,914.565,170.344,46.238,33.009,1,-1,-1,-1
192,9,965.699,316.112,152.755,113.482,1,-1,-1,-1
192,11,1085.125,168.666,25.099,29.343,1,-1,-1,-1
192,6,758.579,248.257,152.322,120.712,1,-1,-1,-1
192,13,967.386,165.720,34.403,24.859,1,-1,-1,-1
192,4,1012.763,172.631,76.389,50.580,1,-1,-1,-1
193,11,1085.869,167.717,25.317,29.437,1,-1,-1,-1
193,9,966.667,311.583,149.649,108.983,1,-1,-1,-1
193,12,913.734,168.825,45.964,33.874,1,-1,-1,-1
193,13,967.212,164.687,34.460,25.400,1,-1,-1,-1
193,8,1107.868,171.511,42.237,31.009,1,-1,-1,-1
193,6,753.814,248.998,153.264,122.271,1,-1,-1,-1
193,4,1012.764,170.601,76.549,49.018,1,-1,-1,-1
194,8,1107.511,171.100,42.891,30.738,1,-1,-1,-1
194,9,969.132,310.649,145.577,102.681,1,-1,-1,-1
194,12,912.909,167.662,46.400,34.452,1,-1,-1,-1
194,6,745.598,260.064,152.781,133.330,1,-1,-1,-1
194,4,1012.165,167.886,76.578,49.922,1,-1,-1,-1
194,11,1086.309,166.963,25.317,29.437,1,-1,-1,-1
194,13,968.153,163.996,33.474,25.604,1,-1,-1,-1
195,4,1011.764,165.375,77.156,49.735,1,-1,-1,-1
195,11,1085.204,167.336,24.746,28.098,1,-1,-1,-1
195,12,912.166,166.820,45.859,34.100,1,-1,-1,-1
195,9,973.051,298.406,141.777,98.407,1,-1,-1,-1
195,8,1107.086,171.050,41.970,30.385,1,-1,-1,-1
195,6,742.892,262.909,151.568,136.881,1,-1,-1,-1
196,4,1011.367,163.755,77.429,50.020,1,-1,-1,-1
196,11,1086.104,166.344,25.513,29.212,1,-1,-1,-1
196,8,1108.026,171.117,39.668,30.333,1,-1,-1,-1
196,9,975.434,293.976,138.960,98.581,1,-1,-1,-1
196,6,739.781,266.577,154.584,139.781,1,-1,-1,-1
196,12,910.773,166.314,47.165,33.882,1,-1,-1,-1
197,9,977.385,289.727,135.653,97.162,1,-1,-1,-1
197,12,909.377,165.844,47.410,34.215,1,-1,-1,-1
197,6,731.964,271.820,153.882,146.097,1,-1,-1,-1
197,8,1109.507,170.778,38.305,30.198,1,-1,-1,-1
197,4,1010.695,162.251,79.074,49.885,1,-1,-1,-1
198,6,723.726,276.263,164.100,143.391,1,-1,-1,-1
198,12,907.812,165.020,48.894,34.704,1,-1,-1,-1
198,4,1010.328,160.638,79.932,49.187,1,-1,-1,-1
198,9,980.016,286.974,129.750,92.979,1,-1,-1,-1
198,8,1109.077,170.668,39.849,30.485,1,-1,-1,-1
199,4,1009.322,159.527,81.674,48.921,1,-1,-1,-1
199,12,906.063,163.289,49.486,35.891,1,-1,-1,-1
199,6,715.441,288.627,168.551,147.567,1,-1,-1,-1
199,9,982.374,282.765,123.257,91.800,1,-1,-1,-1
199,8,1108.080,169.963,41.084,29.975,1,-1,-1,-1
200,9,982.997,279.724,119.743,90.578,1,-1,-1,-1
200,8,1107.406,170.025,41.910,29.888,1,-1,-1,-1
200,6,706.651,291.029,174.645,153.633,1,-1,-1,-1
200,12,904.522,161.886,51.133,36.256,1,-1,-1,-1
200,4,1008.599,158.518,82.725,47.901,1,-1,-1,-1
201,9,983.065,270.842,121.126,84.393,1,-1,-1,-1
201,6,700.523,295.102,179.242,156.779,1,-1,-1,-1
201,4,1008.642,157.439,82.523,48.329,1,-1,-1,-1
201,8,1107.782,169.591,40.893,30.073,1,-1,-1,-1
201,12,904.355,160.473,51.324,37.479,1,-1,-1,-1
202,12,904.355,160.196,51.402,38.073,1,-1,-1,-1
202,8,1108.496,169.668,39.707,30.748,1,-1,-1,-1
202,6,695.238,300.804,181.945,157.582,1,-1,-1,-1
202,9,983.869,267.707,119.712,86.119,1,-1,-1,-1
202,4,1009.193,156.220,82.615,49.084,1,-1,-1,-1
203,9,987.220,263.242,114.977,87.578,1,-1,-1,-1
203,12,904.821,160.059,50.771,37.949,1,-1,-1,-1
203,6,682.405,317.751,183.722,164.224,1,-1,-1,-1
203,8,1109.179,169.295,37.922,30.497,1,-1,-1,-1
203,4,1010.290,155.236,82.217,49.517,1,-1,-1,-1
204,12,903.156,158.991,52.150,38.224,1,-1,-1,-1
204,9,990.198,258.196,110.614,86.980,1,-1,-1,-1
204,6,671.626,322.738,186.389,166.460,1,-1,-1,-1
204,4,1011.222,154.733,81.386,48.827,1,-1,-1,-1
204,8,1109.258,168.935,37.988,30.268,1,-1,-1,-1
205,12,902.056,158.500,52.788,37.386,1,-1,-1,-1
205,9,992.480,252.868,104.960,87.084,1,-1,-1,-1
205,6,660.756,331.234,194.091,167.704,1,-1,-1,-1
205,4,1011.942,154.307,79.266,46.606,1,-1,-1,-1
205,8,1107.437,169.276,40.852,30.423,1,-1,-1,-1
206,8,1106.123,169.592,42.820,30.645,1,-1,-1,-1
206,4,1012.582,153.673,76.477,45.308,1,-1,-1,-1
206,12,900.612,157.687,54.049,37.627,1,-1,-1,-1
206,9,992.612,246.766,102.317,89.183,1,-1,-1,-1
206,6,653.081,340.444,196.833,169.600,1,-1,-1,-1
207,9,991.843,241.702,100.729,92.126,1,-1,-1,-1
207,6,645.053,349.825,203.043,173.236,1,-1,-1,-1
207,12,901.087,157.380,53.252,37.299,1,-1,-1,-1
207,8,1105.414,169.737,43.385,30.754,1,-1,-1,-1
207,4,1013.020,153.358,74.592,44.108,1,-1,-1,-1
208,12,894.840,158.890,47.177,33.334,1,-1,-1,-1
208,9,991.495,240.284,100.512,90.054,1,-1,-1,-1
208,6,641.830,355.453,202.736,179.540,1,-1,-1,-1
208,4,1013.065,153.044,73.917,44.635,1,-1,-1,-1
208,8,1107.026,168.715,42.064,30.823,1,-1,-1,-1
209,6,627.087,364.975,210.408,181.494,1,-1,-1,-1
209,12,894.783,157.932,47.224,35.128,1,-1,-1,-1
209,9,989.968,238.014,105.206,77.796,1,-1,-1,-1
209,4,1014.842,153.067,72.431,44.014,1,-1,-1,-1
209,8,1108.396,168.113,39.466,30.806,1,-1,-1,-1
210,8,1110.109,167.433,36.742,30.426,1,-1,-1,-1
210,4,1016.034,153.028,71.656,44.026,1,-1,-1,-1
210,6,618.735,376.277,214.653,196.048,1,-1,-1,-1
210,9,991.262,237.212,102.042,76.032,1,-1,-1,-1
210,12,894.439,156.969,47.987,37.440,1,-1,-1,-1
211,8,1109.440,167.414,37.013,30.588,1,-1,-1,-1
211,4,1016.784,152.922,71.636,43.506,1,-1,-1,-1
211,6,604.239,381.503,224.331,207.137,1,-1,-1,-1
211,9,993.048,233.844,98.329,75.686,1,-1,-1,-1
211,12,893.465,155.830,49.294,40.706,1,-1,-1,-1
212,4,1016.105,152.675,72.742,44.076,1,-1,-1,-1
212,8,1108.101,167.757,39.461,31.051,1,-1,-1,-1
212,12,891.938,155.179,51.232,42.005,1,-1,-1,-1
212,9,994.431,227.754,95.747,77.303,1,-1,-1,-1
212,6,588.614,392.646,233.685,212.383,1,-1,-1,-1
213,4,1015.112,153.004,73.818,43.381,1,-1,-1,-1
213,9,995.402,220.932,94.171,80.868,1,-1,-1,-1
213,12,890.400,154.937,52.338,43.024,1,-1,-1,-1
213,6,572.313,405.035,241.340,218.053,1,-1,-1,-1
213,8,1107.564,168.487,42.377,31.401,1,-1,-1,-1
214,12,889.888,154.938,52.144,43.552,1,-1,-1,-1
214,9,991.515,220.103,103.664,76.210,1,-1,-1,-1
214,6,559.469,412.467,247.448,225.790,1,-1,-1,-1
214,8,1107.485,169.234,42.920,31.168,1,-1,-1,-1
214,4,1015.939,153.635,72.922,42.168,1,-1,-1,-1
215,6,544.312,431.690,261.082,237.019,1,-1,-1,-1
215,9,991.954,217.131,102.513,76.785,1,-1,-1,-1
215,4,1016.792,154.628,72.067,40.283,1,-1,-1,-1
215,8,1108.427,169.333,41.313,30.862,1,-1,-1,-1
215,12,889.379,155.030,52.365,44.702,1,-1,-1,-1
216,8,1109.187,168.829,37.791,30.760,1,-1,-1,-1
216,9,992.839,215.296,101.461,74.576,1,-1,-1,-1
216,12,888.875,154.864,52.646,46.101,1,-1,-1,-1
216,6,515.151,441.608,278.078,243.464,1,-1,-1,-1
216,4,1017.911,155.045,71.347,40.116,1,-1,-1,-1
217,9,993.179,214.213,101.235,71.549,1,-1,-1,-1
217,8,1110.298,168.009,34.910,30.359,1,-1,-1,-1
217,6,499.411,452.395,287.419,257.745,1,-1,-1,-1
217,4,1018.004,155.444,71.275,40.734,1,-1,-1,-1
217,12,887.593,154.778,53.095,47.079,1,-1,-1,-1
218,4,1018.217,156.128,70.506,39.771,1,-1,-1,-1
218,9,993.771,213.736,99.428,68.463,1,-1,-1,-1
218,12,885.563,154.529,54.603,48.854,1,-1,-1,-1
218,6,479.056,465.042,300.897,263.992,1,-1,-1,-1
218,8,1109.439,168.093,37.031,30.534,1,-1,-1,-1
219,4,1017.904,156.981,69.989,38.413,1,-1,-1,-1
219,6,455.511,482.721,311.885,288.529,1,-1,-1,-1
219,9,1002.061,204.118,88.451,72.146,1,-1,-1,-1
219,12,882.264,154.402,56.902,50.174,1,-1,-1,-1
219,8,1108.351,169.072,40.518,30.651,1,-1,-1,-1
220,4,1017.340,158.105,70.446,38.064,1,-1,-1,-1
220,8,1106.778,170.214,43.712,30.835,1,-1,-1,-1
220,12,879.003,154.632,58.849,51.384,1,-1,-1,-1
220,6,426.245,498.854,314.490,292.209,1,-1,-1,-1
220,9,1000.182,203.894,90.460,68.984,1,-1,-1,-1
221,9,999.628,200.686,91.696,68.599,1,-1,-1,-1
221,4,1016.723,158.817,70.733,39.573,1,-1,-1,-1
221,12,876.511,154.859,59.231,52.336,1,-1,-1,-1
221,8,1107.484,170.500,43.085,31.040,1,-1,-1,-1
221,6,409.960,514.350,326.248,297.881,1,-1,-1,-1
222,9,1000.921,196.308,91.559,69.482,1,-1,-1,-1
222,8,1107.869,169.878,40.019,31.032,1,-1,-1,-1
222,4,1017.451,159.255,70.137,42.182,1,-1,-1,-1
222,12,874.924,155.709,60.035,52.800,1,-1,-1,-1
222,6,384.349,555.819,338.158,299.782,1,-1,-1,-1
223,9,1002.881,190.800,90.293,71.651,1,-1,-1,-1
223,6,349.548,558.390,362.479,331.940,1,-1,-1,-1
223,4,1017.942,160.315,68.249,42.963,1,-1,-1,-1
223,12,872.858,156.748,62.677,53.611,1,-1,-1,-1
223,8,1108.735,169.879,37.194,30.662,1,-1,-1,-1
224,8,1108.660,169.610,35.104,30.530,1,-1,-1,-1
224,4,1018.021,162.489,67.684,43.871,1,-1,-1,-1
224,12,870.024,157.549,67.587,54.161,1,-1,-1,-1
224,9,998.051,198.455,100.338,61.052,1,-1,-1,-1
224,6,318.891,569.730,371.701,345.840,1,-1,-1,-1
225,8,1107.762,170.329,37.212,30.884,1,-1,-1,-1
225,12,867.762,158.158,69.901,54.589,1,-1,-1,-1
225,4,1017.526,165.788,66.797,43.440,1,-1,-1,-1
225,9,999.039,194.549,98.865,60.417,1,-1,-1,-1
225,6,283.853,615.210,382.067,366.455,1,-1,-1,-1
226,4,1019.387,168.520,63.945,40.855,1,-1,-1,-1
226,12,864.965,158.660,72.153,55.239,1,-1,-1,-1
226,9,999.113,191.087,97.930,60.683,1,-1,-1,-1
226,6,263.204,639.925,390.556,380.019,1,-1,-1,-1
226,8,1106.978,171.057,38.981,30.827,1,-1,-1,-1
227,8,1106.380,171.335,41.237,30.859,1,-1,-1,-1
227,9,999.585,188.990,97.281,60.257,1,-1,-1,-1
227,6,213.480,684.873,413.801,367.252,1,-1,-1,-1
227,12,863.804,159.671,71.791,55.577,1,-1,-1,-1
228,9,1000.674,188.322,95.908,59.664,1,-1,-1,-1
228,12,862.453,160.694,73.459,57.115,1,-1,-1,-1
228,14,1107.596,170.706,39.094,30.227,1,-1,-1,-1
228,4,1018.825,171.943,64.210,41.695,1,-1,-1,-1
228,8,1076.913,168.387,34.369,32.464,1,-1,-1,-1
228,6,159.355,720.344,466.557,341.049,1,-1,-1,-1
229,14,1108.642,170.063,37.501,30.278,1,-1,-1,-1
229,8,1077.640,168.653,35.671,33.884,1,-1,-1,-1
229,6,142.124,744.324,462.247,334.676,1,-1,-1,-1
229,12,862.426,161.940,73.813,57.522,1,-1,-1,-1
229,9,1000.932,184.965,96.075,59.954,1,-1,-1,-1
230,9,1004.337,186.148,93.123,58.334,1,-1,-1,-1
230,12,861.060,163.148,75.177,58.658,1,-1,-1,-1
230,8,1077.272,168.868,36.197,34.078,1,-1,-1,-1
230,14,1110.794,169.681,33.793,29.582,1,-1,-1,-1
230,6,118.738,786.265,462.647,292.735,1,-1,-1,-1
231,12,859.767,164.169,75.728,58.947,1,-1,-1,-1
231,15,968.139,169.573,36.834,28.713,1,-1,-1,-1
231,9,1005.674,183.493,91.553,59.750,1,-1,-1,-1
231,8,1077.816,170.604,34.968,34.268,1,-1,-1,-1
231,14,1110.592,170.089,35.699,30.295,1,-1,-1,-1
231,6,22.675,815.534,527.353,264.003,1,-1,-1,-1
232,9,1005.420,182.245,89.768,60.046,1,-1,-1,-1
232,15,967.317,170.264,36.980,28.881,1,-1,-1,-1
232,14,1109.835,170.045,38.168,31.331,1,-1,-1,-1
232,8,1079.088,170.006,32.599,33.816,1,-1,-1,-1
232,12,857.907,164.868,76.900,59.876,1,-1,-1,-1
233,15,964.457,171.225,37.288,28.154,1,-1,-1,-1
233,8,1074.412,170.800,32.787,33.806,1,-1,-1,-1
233,9,1005.744,180.297,87.980,61.054,1,-1,-1,-1
233,12,856.061,166.039,78.003,60.741,1,-1,-1,-1
233,14,1108.289,171.083,41.647,31.787,1,-1,-1,-1
234,12,854.953,167.658,78.989,61.320,1,-1,-1,-1
234,9,1010.557,173.758,79.290,58.463,1,-1,-1,-1
234,14,1108.498,171.859,40.677,31.694,1,-1,-1,-1
235,12,854.154,168.983,79.911,61.833,1,-1,-1,-1
235,14,1111.415,171.897,35.765,30.326,1,-1,-1,-1
235,9,1010.983,174.168,79.357,55.814,1,-1,-1,-1
236,14,1113.017,171.399,32.722,29.947,1,-1,-1,-1
236,12,854.541,170.737,78.146,60.158,1,-1,-1,-1
236,9,1011.451,173.793,78.451,54.496,1,-1,-1,-1
237,14,1114.965,170.661,30.633,29.242,1,-1,-1,-1
237,16,933.764,176.709,26.516,27.024,1,-1,-1,-1
237,12,856.872,172.379,72.843,59.089,1,-1,-1,-1
237,9,1013.066,173.169,76.112,51.865,1,-1,-1,-1
238,9,1012.344,171.910,75.457,50.531,1,-1,-1,-1
238,8,1059.676,172.910,32.787,33.806,1,-1,-1,-1
238,12,859.571,173.795,66.824,58.179,1,-1,-1,-1
238,16,931.000,177.729,27.731,26.775,1,-1,-1,-1
238,14,1112.189,171.047,34.876,29.853,1,-1,-1,-1
239,8,1011.334,170.309,75.424,48.886,1,-1,-1,-1
239,12,853.808,177.503,71.657,67.523,1,-1,-1,-1
239,16,928.655,178.328,27.930,27.089,1,-1,-1,-1
239,14,1109.927,171.921,38.537,30.012,1,-1,-1,-1
240,14,1106.732,172.696,43.031,29.766,1,-1,-1,-1
240,16,926.610,177.801,29.135,26.971,1,-1,-1,-1
240,9,1010.866,170.697,75.930,45.897,1,-1,-1,-1
240,12,844.704,177.735,77.064,71.208,1,-1,-1,-1
241,14,1107.863,172.352,41.985,29.493,1,-1,-1,-1
241,9,1010.657,169.641,75.966,45.237,1,-1,-1,-1
241,16,924.461,178.621,32.652,26.121,1,-1,-1,-1
241,12,842.505,177.337,80.371,74.709,1,-1,-1,-1
242,12,841.520,179.142,80.849,73.562,1,-1,-1,-1
242,9,1011.365,167.894,75.461,45.179,1,-1,-1,-1
242,16,921.988,177.329,35.629,26.948,1,-1,-1,-1
242,14,1110.089,171.811,38.469,29.620,1,-1,-1,-1
243,12,841.157,180.946,79.819,73.201,1,-1,-1,-1
243,16,920.978,176.459,37.406,28.004,1,-1,-1,-1
243,9,1011.344,164.748,75.755,46.591,1,-1,-1,-1
243,14,1111.327,171.018,34.882,29.371,1,-1,-1,-1
243,17,1083.118,168.360,24.376,26.560,1,-1,-1,-1
244,12,839.830,186.100,79.058,66.850,1,-1,-1,-1
244,9,1012.227,162.891,73.894,46.919,1,-1,-1,-1
244,14,1111.448,170.890,33.680,29.055,1,-1,-1,-1
244,17,1082.648,166.645,25.418,27.354,1,-1,-1,-1
244,16,918.496,174.674,40.276,29.319,1,-1,-1,-1
245,17,1082.644,166.018,26.229,26.975,1,-1,-1,-1
245,9,1012.433,162.270,72.856,46.617,1,-1,-1,-1
245,12,836.931,189.918,81.402,64.050,1,-1,-1,-1
245,14,1109.911,170.598,35.720,28.617,1,-1,-1,-1
245,16,915.800,173.256,43.847,30.715,1,-1,-1,-1
246,17,1081.913,165.980,26.738,26.885,1,-1,-1,-1
246,9,1011.960,161.488,72.879,46.559,1,-1,-1,-1
246,12,833.894,192.860,84.536,61.815,1,-1,-1,-1
246,16,911.579,171.302,48.959,31.757,1,-1,-1,-1
246,14,1108.740,170.867,38.629,29.022,1,-1,-1,-1
247,16,907.878,170.354,52.969,32.745,1,-1,-1,-1
247,17,1081.587,166.112,26.676,26.421,1,-1,-1,-1
247,9,1011.104,159.895,74.432,46.643,1,-1,-1,-1
247,12,831.833,195.331,86.924,62.596,1,-1,-1,-1
247,14,1107.712,170.767,40.479,29.331,1,-1,-1,-1
248,14,1108.099,170.874,39.330,29.025,1,-1,-1,-1
248,12,830.711,197.427,87.078,63.463,1,-1,-1,-1
248,17,1080.802,165.640,27.769,26.969,1,-1,-1,-1
248,16,905.973,169.275,54.155,32.746,1,-1,-1,-1
248,9,1011.483,158.697,74.910,46.038,1,-1,-1,-1
249,16,904.428,168.203,57.109,33.377,1,-1,-1,-1
249,14,1109.945,170.656,35.897,28.614,1,-1,-1,-1
249,12,829.145,200.172,88.734,64.689,1,-1,-1,-1
249,9,1012.518,157.528,74.075,45.539,1,-1,-1,-1
249,17,1090.250,168.007,27.665,26.570,1,-1,-1,-1
250,16,903.714,166.643,58.992,33.848,1,-1,-1,-1
250,12,828.604,202.687,91.283,66.028,1,-1,-1,-1
250,9,1014.274,157.384,72.236,43.962,1,-1,-1,-1
250,17,1093.291,168.283,29.688,27.140,1,-1,-1,-1
250,14,1110.646,170.534,36.189,28.674,1,-1,-1,-1
251,12,827.343,206.531,91.252,64.487,1,-1,-1,-1
251,9,1015.556,156.792,70.109,43.069,1,-1,-1,-1
251,17,1096.333,168.559,31.711,27.711,1,-1,-1,-1
251,16,904.307,164.391,59.582,33.629,1,-1,-1,-1
252,9,1016.177,156.202,67.928,42.509,1,-1,-1,-1
252,16,903.063,162.375,59.834,34.442,1,-1,-1,-1
252,12,826.343,208.398,90.710,65.188,1,-1,-1,-1
252,17,1099.374,168.836,33.734,28.281,1,-1,-1,-1
253,12,824.712,208.945,90.116,66.532,1,-1,-1,-1
253,16,901.883,160.348,60.124,35.266,1,-1,-1,-1
253,9,1016.880,156.078,65.726,41.543,1,-1,-1,-1
253,14,1080.484,165.559,28.764,26.742,1,-1,-1,-1
253,17,1102.415,169.112,35.757,28.852,1,-1,-1,-1
254,12,824.079,209.351,89.645,67.736,1,-1,-1,-1
254,9,1017.082,156.490,64.640,40.600,1,-1,-1,-1
254,16,900.103,158.854,61.882,37.019,1,-1,-1,-1
254,17,1105.457,169.388,37.780,29.423,1,-1,-1,-1
254,14,1080.820,165.957,28.490,26.332,1,-1,-1,-1
255,14,1081.324,165.557,29.175,27.046,1,-1,-1,-1
255,16,900.924,158.054,60.771,37.522,1,-1,-1,-1
255,17,1108.498,169.664,39.803,29.993,1,-1,-1,-1
255,12,819.627,210.050,94.998,74.353,1,-1,-1,-1
255,9,1017.749,156.703,63.725,39.856,1,-1,-1,-1
256,14,1081.559,164.733,29.843,27.999,1,-1,-1,-1
256,12,817.311,210.037,97.085,76.766,1,-1,-1,-1
256,17,1108.943,169.400,37.242,29.708,1,-1,-1,-1
256,9,1017.890,156.152,64.236,40.389,1,-1,-1,-1
256,16,902.276,157.057,59.673,37.801,1,-1,-1,-1
257,9,1018.302,155.569,63.314,40.719,1,-1,-1,-1
257,12,815.790,210.095,98.044,79.370,1,-1,-1,-1
257,16,902.138,156.299,58.564,38.277,1,-1,-1,-1
257,14,1081.746,164.460,29.953,28.437,1,-1,-1,-1
257,17,1109.095,169.593,36.062,30.188,1,-1,-1,-1
258,12,813.064,211.581,100.054,80.691,1,-1,-1,-1
258,17,1109.246,169.751,36.539,30.166,1,-1,-1,-1
258,16,901.247,154.829,58.632,39.221,1,-1,-1,-1
258,9,1018.315,155.346,62.525,40.720,1,-1,-1,-1
258,14,1081.711,164.891,29.572,27.916,1,-1,-1,-1
259,9,1017.967,155.491,61.923,40.358,1,-1,-1,-1
259,12,810.967,214.001,101.141,80.315,1,-1,-1,-1
259,16,899.237,152.556,60.086,41.947,1,-1,-1,-1
259,17,1109.048,169.974,39.355,30.224,1,-1,-1,-1
259,14,1081.479,165.840,28.861,26.661,1,-1,-1,-1
260,9,1017.143,156.621,62.520,38.813,1,-1,-1,-1
260,14,1080.654,166.434,29.171,25.782,1,-1,-1,-1
260,17,1109.129,170.146,40.747,29.811,1,-1,-1,-1
260,16,897.713,151.431,60.823,43.632,1,-1,-1,-1
260,12,809.284,217.832,101.948,77.976,1,-1,-1,-1
261,17,1109.185,170.000,41.507,29.257,1,-1,-1,-1
261,12,807.721,222.723,102.381,75.745,1,-1,-1,-1
261,9,1016.893,157.942,63.483,37.112,1,-1,-1,-1
261,14,1079.698,166.587,30.159,25.359,1,-1,-1,-1
261,16,898.392,144.723,60.634,46.251,1,-1,-1,-1
262,14,1079.564,165.799,31.301,25.954,1,-1,-1,-1
262,12,810.425,224.880,93.819,81.344,1,-1,-1,-1
262,16,898.368,143.500,61.006,47.651,1,-1,-1,-1
262,9,1017.156,158.835,63.888,35.868,1,-1,-1,-1
262,17,1109.938,169.730,40.167,29.465,1,-1,-1,-1
263,14,1080.686,164.726,31.542,26.784,1,-1,-1,-1
263,12,809.074,229.724,93.626,80.616,1,-1,-1,-1
263,9,1018.161,158.560,63.526,35.807,1,-1,-1,-1
263,16,898.616,142.819,61.003,48.264,1,-1,-1,-1
263,17,1110.534,169.403,38.237,29.498,1,-1,-1,-1
264,14,1082.172,164.084,31.185,27.623,1,-1,-1,-1
264,12,806.851,232.095,94.716,81.926,1,-1,-1,-1
264,9,1018.674,157.691,62.472,37.192,1,-1,-1,-1
264,17,1110.684,169.381,35.915,29.868,1,-1,-1,-1
264,16,897.522,141.627,62.301,50.713,1,-1,-1,-1
265,16,895.850,140.609,63.901,53.346,1,-1,-1,-1
265,14,1081.408,164.680,30.328,26.846,1,-1,-1,-1
265,12,804.481,234.430,96.628,82.097,1,-1,-1,-1
265,17,1109.747,169.685,37.487,29.602,1,-1,-1,-1
265,9,1019.053,158.700,61.916,36.737,1,-1,-1,-1
266,16,894.645,139.118,64.731,56.981,1,-1,-1,-1
266,12,800.909,235.311,101.566,82.856,1,-1,-1,-1
266,14,1079.816,164.964,30.779,26.556,1,-1,-1,-1
266,17,1109.148,169.766,39.052,29.468,1,-1,-1,-1
266,9,1019.809,159.770,60.683,36.197,1,-1,-1,-1
267,16,894.092,138.722,65.027,57.673,1,-1,-1,-1
267,12,793.517,235.757,105.326,86.122,1,-1,-1,-1
267,14,1077.750,165.271,31.424,26.053,1,-1,-1,-1
267,17,1108.635,169.939,40.960,29.342,1,-1,-1,-1
267,9,1021.067,161.534,59.055,34.213,1,-1,-1,-1
268,14,1078.280,164.853,32.525,26.843,1,-1,-1,-1
268,17,1108.800,169.921,40.718,29.446,1,-1,-1,-1
268,16,889.777,140.566,61.600,55.012,1,-1,-1,-1
268,9,1021.141,161.154,58.026,34.920,1,-1,-1,-1
268,12,792.943,236.481,103.580,100.252,1,-1,-1,-1
269,14,1078.841,165.318,33.360,27.064,1,-1,-1,-1
269,17,1109.082,170.012,39.779,29.431,1,-1,-1,-1
269,16,888.215,140.248,63.289,55.153,1,-1,-1,-1
269,18,749.812,867.966,396.259,203.920,1,-1,-1,-1
269,12,790.763,239.980,104.657,98.140,1,-1,-1,-1
269,9,1021.229,162.307,58.377,34.009,1,-1,-1,-1
270,18,765.395,835.205,368.521,242.553,1,-1,-1,-1
270,17,1109.736,169.869,38.956,29.106,1,-1,-1,-1
270,12,786.198,245.198,107.902,94.211,1,-1,-1,-1
270,16,886.629,138.733,65.573,58.728,1,-1,-1,-1
270,9,1021.557,163.466,58.552,33.785,1,-1,-1,-1
270,14,1079.541,165.657,34.126,27.355,1,-1,-1,-1
271,12,781.457,248.923,111.360,93.593,1,-1,-1,-1
271,9,1023.230,165.331,57.144,31.940,1,-1,-1,-1
271,14,1077.521,166.826,34.958,26.759,1,-1,-1,-1
271,18,789.567,796.934,354.853,274.401,1,-1,-1,-1
271,16,885.805,138.045,66.435,60.940,1,-1,-1,-1
271,17,1109.753,169.955,39.512,28.861,1,-1,-1,-1
272,9,1024.718,166.325,53.953,31.477,1,-1,-1,-1
272,14,1076.216,167.743,34.198,26.123,1,-1,-1,-1
272,12,776.299,252.183,114.065,95.871,1,-1,-1,-1
272,17,1109.187,170.301,41.156,28.921,1,-1,-1,-1
272,16,885.069,145.415,63.722,59.096,1,-1,-1,-1
272,18,782.279,759.065,340.177,255.943,1,-1,-1,-1
273,12,772.642,255.437,114.379,99.495,1,-1,-1,-1
273,16,882.679,143.117,67.724,64.269,1,-1,-1,-1
273,18,805.515,731.102,329.209,271.662,1,-1,-1,-1
273,17,1109.317,170.746,41.598,29.253,1,-1,-1,-1
273,14,1074.668,169.429,33.548,24.920,1,-1,-1,-1
273,9,1025.475,167.875,52.200,29.829,1,-1,-1,-1
274,12,768.965,259.364,114.218,100.718,1,-1,-1,-1
274,17,1109.780,171.461,40.614,29.200,1,-1,-1,-1
274,18,812.211,695.774,321.619,237.183,1,-1,-1,-1
274,9,1026.871,169.200,50.642,29.239,1,-1,-1,-1
274,14,1073.217,170.278,34.454,24.862,1,-1,-1,-1
274,16,879.783,141.127,71.233,69.091,1,-1,-1,-1
275,9,1027.631,170.773,50.334,28.295,1,-1,-1,-1
275,18,820.811,672.574,308.776,244.281,1,-1,-1,-1
275,14,1072.543,170.838,34.206,24.485,1,-1,-1,-1
275,16,877.734,141.152,73.233,70.050,1,-1,-1,-1
275,17,1109.591,171.584,41.189,29.221,1,-1,-1,-1
275,12,766.401,263.208,113.259,98.253,1,-1,-1,-1
276,14,1073.314,169.354,34.839,25.818,1,-1,-1,-1
276,12,763.854,274.860,110.057,97.096,1,-1,-1,-1
276,18,832.152,656.636,295.911,235.425,1,-1,-1,-1
276,17,1110.237,171.829,39.696,29.354,1,-1,-1,-1
276,9,1028.490,170.847,48.732,28.458,1,-1,-1,-1
276,16,876.636,142.959,72.982,69.647,1,-1,-1,-1
277,16,875.167,146.802,74.592,66.235,1,-1,-1,-1
277,17,1110.936,171.392,38.593,29.827,1,-1,-1,-1
277,9,1028.380,170.778,47.455,28.595,1,-1,-1,-1
277,18,839.170,620.623,289.746,225.916,1,-1,-1,-1
277,12,760.207,277.169,113.599,97.190,1,-1,-1,-1
277,14,1075.573,167.995,33.904,26.502,1,-1,-1,-1
278,18,846.934,602.094,281.475,220.500,1,-1,-1,-1
278,12,755.628,279.806,119.674,98.340,1,-1,-1,-1
278,14,1075.247,168.112,33.892,26.436,1,-1,-1,-1
278,16,871.898,149.225,76.965,65.552,1,-1,-1,-1
278,9,1029.243,170.288,46.984,29.034,1,-1,-1,-1
278,17,1111.188,171.130,38.584,30.170,1,-1,-1,-1
279,9,1030.568,170.805,47.495,28.672,1,-1,-1,-1
279,12,747.495,281.826,124.914,105.225,1,-1,-1,-1
279,17,1110.677,170.954,40.464,30.404,1,-1,-1,-1
279,16,868.477,149.725,80.127,66.149,1,-1,-1,-1
279,14,1073.542,169.642,33.354,25.371,1,-1,-1,-1
279,18,852.389,590.188,275.999,215.378,1,-1,-1,-1
280,9,1032.312,171.873,47.623,27.741,1,-1,-1,-1
280,14,1070.861,170.815,34.024,24.672,1,-1,-1,-1
280,17,1110.380,170.725,40.615,29.997,1,-1,-1,-1
280,16,865.113,151.036,82.134,66.208,1,-1,-1,-1
280,18,864.839,561.658,256.567,199.765,1,-1,-1,-1
280,12,744.324,284.569,126.846,110.584,1,-1,-1,-1
281,16,863.731,152.684,82.357,66.084,1,-1,-1,-1
281,12,739.296,287.633,129.408,115.708,1,-1,-1,-1
281,17,1111.747,170.377,39.098,29.783,1,-1,-1,-1
281,18,872.199,545.918,246.685,191.720,1,-1,-1,-1
281,14,1070.619,170.605,33.806,24.470,1,-1,-1,-1
281,9,1034.024,172.779,45.007,26.575,1,-1,-1,-1
282,14,1070.137,169.723,34.530,24.465,1,-1,-1,-1
282,16,860.392,149.600,87.471,79.283,1,-1,-1,-1
282,18,876.927,533.951,244.226,184.610,1,-1,-1,-1
282,9,1035.461,173.335,42.306,25.558,1,-1,-1,-1
282,17,1112.000,170.220,38.686,29.194,1,-1,-1,-1
282,12,733.438,291.806,133.153,115.311,1,-1,-1,-1
283,14,1070.475,169.656,34.016,24.271,1,-1,-1,-1
283,16,860.041,151.222,86.810,79.687,1,-1,-1,-1
283,17,1112.526,170.544,38.825,29.347,1,-1,-1,-1
283,9,1036.811,175.250,39.654,23.994,1,-1,-1,-1
283,12,725.631,306.713,135.788,108.489,1,-1,-1,-1
283,18,882.402,504.394,235.936,191.565,1,-1,-1,-1
284,12,719.484,306.630,139.622,113.906,1,-1,-1,-1
284,9,1038.037,176.746,36.744,22.720,1,-1,-1,-1
284,17,1112.811,171.024,37.521,29.078,1,-1,-1,-1
284,14,1070.731,168.525,35.774,25.562,1,-1,-1,-1
284,18,889.089,494.675,229.836,183.047,1,-1,-1,-1
284,16,860.287,153.198,85.546,79.290,1,-1,-1,-1
285,12,712.797,308.728,142.509,117.868,1,-1,-1,-1
285,17,1113.012,171.000,36.422,29.198,1,-1,-1,-1
285,16,859.029,153.991,84.252,80.470,1,-1,-1,-1
285,18,892.056,480.153,224.944,177.858,1,-1,-1,-1
285,14,1072.181,167.741,35.795,26.436,1,-1,-1,-1
285,9,1037.726,177.281,35.524,22.736,1,-1,-1,-1
286,18,897.700,468.831,219.045,171.961,1,-1,-1,-1
286,14,1072.497,166.951,35.661,27.063,1,-1,-1,-1
286,17,1113.434,171.131,36.097,29.879,1,-1,-1,-1
286,9,1039.148,176.463,32.154,23.545,1,-1,-1,-1
286,12,708.382,312.836,145.117,121.793,1,-1,-1,-1
286,16,858.345,155.726,83.031,80.706,1,-1,-1,-1
287,14,1073.371,167.251,34.073,26.794,1,-1,-1,-1
287,16,856.431,157.368,83.142,81.308,1,-1,-1,-1
287,12,699.187,320.170,145.317,123.704,1,-1,-1,-1
287,9,1041.069,174.301,30.425,24.828,1,-1,-1,-1
287,18,896.955,442.645,216.812,180.156,1,-1,-1,-1
287,17,1113.519,171.017,36.848,30.699,1,-1,-1,-1
288,9,1044.265,174.933,27.526,23.991,1,-1,-1,-1
288,12,697.251,324.861,145.282,123.701,1,-1,-1,-1
288,17,1113.901,171.021,36.668,30.911,1,-1,-1,-1
288,18,903.024,434.113,208.333,179.173,1,-1,-1,-1
288,16,854.374,160.392,83.180,81.294,1,-1,-1,-1
288,14,1073.291,168.314,32.380,26.420,1,-1,-1,-1
289,18,905.730,423.696,205.398,175.061,1,-1,-1,-1
289,14,1073.152,168.335,32.487,26.759,1,-1,-1,-1
289,16,852.372,162.786,83.652,81.304,1,-1,-1,-1
289,17,1114.117,171.153,35.820,30.306,1,-1,-1,-1
289,12,690.786,335.447,150.205,127.269,1,-1,-1,-1
289,9,1045.596,175.659,27.449,23.183,1,-1,-1,-1
290,18,908.937,413.153,202.648,170.971,1,-1,-1,-1
290,16,850.236,164.518,84.988,81.657,1,-1,-1,-1
290,12,687.494,337.793,148.913,132.365,1,-1,-1,-1
290,17,1113.237,171.375,36.603,30.445,1,-1,-1,-1
290,14,1074.608,168.406,32.393,26.580,1,-1,-1,-1
291,16,849.144,165.968,85.493,80.558,1,-1,-1,-1
291,12,681.006,342.200,150.489,137.693,1,-1,-1,-1
291,17,1112.514,171.547,38.338,31.257,1,-1,-1,-1
291,14,1077.110,168.359,31.473,26.302,1,-1,-1,-1
291,18,922.946,411.693,181.384,147.502,1,-1,-1,-1
292,18,927.242,404.143,174.720,145.310,1,-1,-1,-1
292,16,844.816,169.311,89.799,81.446,1,-1,-1,-1
292,12,673.000,346.885,155.178,140.206,1,-1,-1,-1
292,17,1111.548,171.430,39.797,31.557,1,-1,-1,-1
293,18,933.705,391.079,166.545,132.509,1,-1,-1,-1
293,12,661.533,362.348,163.196,141.576,1,-1,-1,-1
293,16,843.664,168.735,90.844,83.595,1,-1,-1,-1
293,17,1111.797,172.023,39.458,31.152,1,-1,-1,-1
294,17,1111.843,172.604,39.007,30.812,1,-1,-1,-1
294,16,837.903,168.309,90.721,85.736,1,-1,-1,-1
294,12,655.524,358.154,171.319,155.019,1,-1,-1,-1
294,18,937.808,383.813,162.131,136.139,1,-1,-1,-1
295,16,836.094,169.394,92.303,87.613,1,-1,-1,-1
295,12,645.057,371.509,166.725,145.110,1,-1,-1,-1
295,17,1111.290,172.840,39.472,30.986,1,-1,-1,-1
295,18,941.933,376.752,156.591,133.323,1,-1,-1,-1
296,17,1110.853,172.541,40.140,31.236,1,-1,-1,-1
296,12,635.658,378.482,172.804,146.093,1,-1,-1,-1
296,16,833.165,170.824,94.853,90.152,1,-1,-1,-1
296,18,943.385,373.329,156.084,128.417,1,-1,-1,-1
297,17,1110.617,172.344,40.373,31.144,1,-1,-1,-1
297,12,626.202,384.841,179.852,143.857,1,-1,-1,-1
297,18,945.812,356.602,153.707,133.239,1,-1,-1,-1
297,16,831.736,174.351,95.229,88.619,1,-1,-1,-1
298,17,1110.669,172.157,40.792,31.279,1,-1,-1,-1
298,16,828.372,176.684,96.735,88.824,1,-1,-1,-1
298,12,613.702,393.065,187.684,158.322,1,-1,-1,-1
298,18,950.067,351.016,149.392,132.121,1,-1,-1,-1
299,16,824.138,179.321,98.412,88.842,1,-1,-1,-1
299,18,955.394,343.627,141.681,130.317,1,-1,-1,-1
299,17,1110.674,172.019,40.337,31.026,1,-1,-1,-1
299,12,607.952,401.821,178.019,159.062,1,-1,-1,-1
300,18,956.753,338.794,139.565,124.476,1,-1,-1,-1
300,17,1110.042,171.717,40.938,31.146,1,-1,-1,-1
300,12,591.451,405.682,200.434,173.534,1,-1,-1,-1
300,16,820.093,182.442,101.028,90.920,1,-1,-1,-1
301,16,817.299,185.896,101.996,93.081,1,-1,-1,-1
301,12,584.444,416.713,198.089,174.918,1,-1,-1,-1
301,17,1109.612,171.314,41.523,31.175,1,-1,-1,-1
301,18,958.311,338.000,137.165,117.845,1,-1,-1,-1
302,18,960.895,321.973,134.748,124.332,1,-1,-1,-1
302,17,1108.972,170.794,42.609,31.203,1,-1,-1,-1
302,12,579.154,427.452,194.124,175.456,1,-1,-1,-1
302,16,816.679,189.724,102.029,93.701,1,-1,-1,-1
303,18,962.389,317.276,134.068,121.977,1,-1,-1,-1
303,17,1109.320,170.686,41.095,30.867,1,-1,-1,-1
303,12,575.919,435.452,190.219,178.523,1,-1,-1,-1
303,16,815.271,192.419,101.342,93.090,1,-1,-1,-1
304,18,963.497,313.463,133.347,115.493,1,-1,-1,-1
304,16,814.538,195.269,99.923,91.128,1,-1,-1,-1
304,12,558.260,445.191,198.811,173.751,1,-1,-1,-1
304,17,1109.254,170.571,40.264,30.605,1,-1,-1,-1
305,12,544.438,466.921,212.893,175.455,1,-1,-1,-1
305,18,966.072,310.195,129.641,110.323,1,-1,-1,-1
305,16,810.027,204.806,103.358,88.062,1,-1,-1,-1
305,17,1108.845,170.749,41.300,31.011,1,-1,-1,-1
306,18,968.690,308.334,124.641,106.442,1,-1,-1,-1
306,17,1108.443,170.440,43.449,31.377,1,-1,-1,-1
306,16,806.955,206.172,105.602,89.434,1,-1,-1,-1
306,12,527.338,480.310,225.543,177.178,1,-1,-1,-1
307,17,1108.326,170.266,45.021,31.634,1,-1,-1,-1
307,16,808.104,202.750,96.033,99.175,1,-1,-1,-1
307,18,971.213,296.360,120.274,106.900,1,-1,-1,-1
307,12,511.377,493.977,233.396,181.005,1,-1,-1,-1
308,16,804.613,206.506,98.163,97.290,1,-1,-1,-1
308,17,1108.311,169.902,45.082,31.228,1,-1,-1,-1
308,18,971.696,291.849,120.026,106.749,1,-1,-1,-1
308,12,494.810,501.438,240.180,192.510,1,-1,-1,-1
309,17,1107.737,169.916,44.372,30.809,1,-1,-1,-1
309,18,972.884,287.539,118.655,103.796,1,-1,-1,-1
309,12,478.337,521.589,251.910,202.293,1,-1,-1,-1
309,16,801.533,210.644,101.180,96.707,1,-1,-1,-1
310,18,973.642,284.482,117.466,101.066,1,-1,-1,-1
310,12,471.692,525.984,252.152,204.717,1,-1,-1,-1
310,17,1107.190,170.062,43.469,30.389,1,-1,-1,-1
310,16,799.728,214.662,103.547,95.646,1,-1,-1,-1
