3,1,1117.48,174.16,29.56,28.58,1,-1,-1,-1
4,1,1118.08,175.84,28.33,27.22,1,-1,-1,-1
5,1,1117.80,176.31,28.43,27.13,1,-1,-1,-1
6,1,1117.36,175.36,29.82,28.19,1,-1,-1,-1
7,1,1116.94,174.02,31.20,29.21,1,-1,-1,-1
8,1,1116.54,173.33,32.09,29.64,1,-1,-1,-1
9,1,1116.39,173.85,32.00,29.24,1,-1,-1,-1
10,1,1116.29,174.92,31.91,28.83,1,-1,-1,-1
11,1,1116.34,175.19,31.69,28.40,1,-1,-1,-1
12,1,1116.08,174.57,32.53,28.89,1,-1,-1,-1
13,1,1115.50,174.27,32.64,28.76,1,-1,-1,-1
14,1,1115.22,174.87,32.34,28.33,1,-1,-1,-1
15,1,1114.86,175.65,32.16,28.04,1,-1,-1,-1
16,1,1114.87,175.22,32.99,28.61,1,-1,-1,-1
17,1,1114.84,174.46,34.30,29.48,1,-1,-1,-1
18,1,1115.11,174.20,34.38,29.35,1,-1,-1,-1
19,1,1115.45,175.07,33.59,28.51,1,-1,-1,-1
20,1,1115.43,175.18,33.40,28.21,1,-1,-1,-1
21,1,1115.34,174.51,34.02,28.59,1,-1,-1,-1
22,1,1114.73,173.18,35.81,29.80,1,-1,-1,-1
23,1,1115.17,173.78,35.35,29.28,1,-1,-1,-1
24,1,1115.52,175.13,34.63,28.50,1,-1,-1,-1
25,1,1115.73,176.06,34.19,28.14,1,-1,-1,-1
26,1,1115.11,175.66,35.42,29.18,1,-1,-1,-1
27,1,1114.36,174.30,37.33,30.65,1,-1,-1,-1
28,1,1114.46,174.09,37.66,30.73,1,-1,-1,-1
29,1,1114.81,174.73,36.90,29.86,1,-1,-1,-1
30,1,1115.11,175.73,36.53,29.53,1,-1,-1,-1
31,1,1114.30,175.25,37.47,30.21,1,-1,-1,-1
32,1,1113.08,173.93,38.84,31.29,1,-1,-1,-1
33,1,1112.40,172.81,39.13,31.44,1,-1,-1,-1
34,1,1111.96,172.03,39.40,31.55,1,-1,-1,-1
34,6,787.04,777.40,394.79,239.12,1,-1,-1,-1
35,1,1112.12,172.65,39.15,31.30,1,-1,-1,-1
35,6,776.49,742.08,426.23,260.77,1,-1,-1,-1
36,1,1112.54,173.37,38.45,30.74,1,-1,-1,-1
36,6,790.95,724.44,408.69,252.57,1,-1,-1,-1
37,1,1112.44,174.27,38.02,30.55,1,-1,-1,-1
37,6,801.35,687.50,395.56,247.37,1,-1,-1,-1
38,1,1112.57,173.86,38.07,30.61,1,-1,-1,-1
38,6,810.64,663.21,382.20,242.34,1,-1,-1,-1
39,1,1112.44,173.44,38.54,30.97,1,-1,-1,-1
39,6,829.79,634.90,349.03,223.86,1,-1,-1,-1
40,1,1113.38,173.35,38.10,30.56,1,-1,-1,-1
40,6,838.21,614.06,338.69,220.48,1,-1,-1,-1
41,1,1113.36,173.26,38.34,30.71,1,-1,-1,-1
41,6,848.23,596.41,326.30,215.74,1,-1,-1,-1
42,1,1113.59,173.64,38.38,30.76,1,-1,-1,-1
42,6,865.42,573.72,302.61,202.45,1,-1,-1,-1
43,1,1113.82,174.22,38.27,30.79,1,-1,-1,-1
43,6,877.15,559.66,288.32,195.49,1,-1,-1,-1
44,1,1114.07,173.89,37.98,30.56,1,-1,-1,-1
44,6,886.54,544.24,275.74,189.61,1,-1,-1,-1
45,1,1114.01,173.37,38.11,30.74,1,-1,-1,-1
45,6,895.48,531.91,261.62,182.29,1,-1,-1,-1
46,1,1114.08,172.75,38.02,30.76,1,-1,-1,-1
46,6,897.42,509.56,258.18,182.22,1,-1,-1,-1
47,1,1114.16,173.08,37.91,30.85,1,-1,-1,-1
47,6,903.59,497.12,248.44,177.52,1,-1,-1,-1
48,1,1113.41,172.48,38.35,31.23,1,-1,-1,-1
48,6,908.44,483.56,242.12,175.59,1,-1,-1,-1
49,1,1112.74,172.53,38.58,31.36,1,-1,-1,-1
49,6,914.09,470.74,234.23,172.75,1,-1,-1,-1
50,1,1112.37,172.57,38.71,31.41,1,-1,-1,-1
50,6,919.13,461.33,225.23,168.92,1,-1,-1,-1
51,1,1112.40,172.65,38.65,31.28,1,-1,-1,-1
51,6,925.30,441.75,225.63,171.66,1,-1,-1,-1
52,1,1112.21,171.98,38.64,31.12,1,-1,-1,-1
52,6,934.11,435.85,209.46,161.58,1,-1,-1,-1
53,1,1112.12,171.61,38.10,30.55,1,-1,-1,-1
53,6,939.73,437.20,189.04,146.11,1,-1,-1,-1
54,1,1111.94,171.61,38.04,30.32,1,-1,-1,-1
54,6,944.75,419.00,185.54,144.42,1,-1,-1,-1
55,1,1111.65,171.98,38.67,30.67,1,-1,-1,-1
55,6,947.08,409.86,183.81,144.40,1,-1,-1,-1
56,1,1111.92,172.78,38.95,30.79,1,-1,-1,-1
56,6,949.31,403.43,181.03,143.78,1,-1,-1,-1
57,1,1112.09,173.18,38.78,30.66,1,-1,-1,-1
57,6,960.41,391.00,164.69,130.91,1,-1,-1,-1
58,1,1112.21,173.12,38.64,30.48,1,-1,-1,-1
58,6,957.97,381.67,169.96,136.63,1,-1,-1,-1
59,1,1112.09,172.43,38.93,30.65,1,-1,-1,-1
59,6,959.32,377.36,166.73,135.12,1,-1,-1,-1
60,1,1112.40,172.05,38.77,30.39,1,-1,-1,-1
60,6,963.34,375.58,157.67,127.96,1,-1,-1,-1
61,1,1112.32,171.54,39.14,30.57,1,-1,-1,-1
61,6,967.51,373.58,150.59,121.94,1,-1,-1,-1
62,1,1112.31,172.04,39.06,30.45,1,-1,-1,-1
62,6,974.29,374.44,141.70,113.78,1,-1,-1,-1
63,1,1112.57,172.97,38.78,30.37,1,-1,-1,-1
63,6,973.21,357.95,149.57,120.86,1,-1,-1,-1
64,1,1113.34,173.24,38.27,30.24,1,-1,-1,-1
64,6,977.13,351.33,144.36,116.57,1,-1,-1,-1
65,1,1113.16,172.44,38.59,30.64,1,-1,-1,-1
65,6,980.07,346.18,138.87,111.83,1,-1,-1,-1
66,1,1112.95,171.43,38.44,30.55,1,-1,-1,-1
66,6,984.30,344.59,130.83,104.51,1,-1,-1,-1
67,1,1112.34,171.03,38.66,30.62,1,-1,-1,-1
67,6,981.37,330.08,138.65,111.22,1,-1,-1,-1
68,1,1112.55,170.96,38.66,30.63,1,-1,-1,-1
68,6,981.02,323.57,140.27,113.03,1,-1,-1,-1
69,1,1112.75,171.11,38.77,30.77,1,-1,-1,-1
69,6,986.24,323.22,132.23,106.04,1,-1,-1,-1
70,1,1113.51,171.81,37.54,29.94,1,-1,-1,-1
70,6,994.04,324.34,120.58,95.42,1,-1,-1,-1
71,1,1113.53,171.40,37.47,29.91,1,-1,-1,-1
71,6,998.65,322.47,114.22,89.32,1,-1,-1,-1
72,1,1113.32,171.08,37.85,30.15,1,-1,-1,-1
72,6,999.07,318.64,113.25,88.08,1,-1,-1,-1
73,1,1112.83,170.33,38.19,30.29,1,-1,-1,-1
73,6,997.54,314.82,114.14,88.61,1,-1,-1,-1
74,1,1112.55,170.43,38.14,30.09,1,-1,-1,-1
74,6,994.99,301.54,118.68,92.00,1,-1,-1,-1
75,1,1112.68,170.31,38.30,30.09,1,-1,-1,-1
75,6,996.75,295.61,116.85,90.22,1,-1,-1,-1
76,1,1112.94,170.88,38.81,30.46,1,-1,-1,-1
76,6,999.04,290.96,114.98,88.48,1,-1,-1,-1
77,1,1113.39,171.45,38.36,30.20,1,-1,-1,-1
77,6,999.94,284.94,115.74,89.24,1,-1,-1,-1
78,1,1112.86,171.40,38.88,30.58,1,-1,-1,-1
78,6,998.99,279.95,117.81,91.40,1,-1,-1,-1
79,1,1112.43,170.68,39.21,30.71,1,-1,-1,-1
79,6,997.82,275.98,118.78,93.00,1,-1,-1,-1
80,1,1111.95,170.11,39.80,30.97,1,-1,-1,-1
80,6,1000.02,267.97,116.52,91.52,1,-1,-1,-1
81,1,1111.67,170.02,40.12,31.03,1,-1,-1,-1
81,6,1000.66,263.35,116.47,91.94,1,-1,-1,-1
82,1,1111.23,170.78,40.62,31.35,1,-1,-1,-1
82,6,1003.27,259.93,113.40,89.83,1,-1,-1,-1
83,1,1111.37,171.93,40.95,31.68,1,-1,-1,-1
83,6,1005.09,255.72,111.68,89.09,1,-1,-1,-1
84,1,1111.66,172.38,41.12,32.01,1,-1,-1,-1
84,6,1006.44,251.85,109.23,87.74,1,-1,-1,-1
85,1,1111.70,172.33,41.54,32.44,1,-1,-1,-1
85,6,1004.31,246.69,111.28,90.41,1,-1,-1,-1
86,1,1111.58,171.65,41.57,32.49,1,-1,-1,-1
86,6,1001.70,242.76,112.34,92.23,1,-1,-1,-1
87,1,1111.88,171.82,40.88,31.96,1,-1,-1,-1
87,6,1000.36,239.32,113.10,93.85,1,-1,-1,-1
88,1,1111.82,171.34,40.57,31.70,1,-1,-1,-1
88,6,1001.21,237.81,110.83,92.68,1,-1,-1,-1
89,1,1111.47,171.66,40.34,31.56,1,-1,-1,-1
89,6,1006.77,237.26,99.85,83.24,1,-1,-1,-1
90,1,1111.22,172.06,39.79,31.22,1,-1,-1,-1
90,6,1010.17,237.58,93.86,77.80,1,-1,-1,-1
91,1,1111.78,172.09,38.67,30.38,1,-1,-1,-1
91,6,1012.47,236.73,89.36,73.33,1,-1,-1,-1
92,1,1112.36,172.04,38.07,29.80,1,-1,-1,-1
92,6,1012.69,233.76,87.51,71.12,1,-1,-1,-1
93,1,1112.80,171.76,38.26,29.76,1,-1,-1,-1
93,6,1012.29,230.39,86.30,69.45,1,-1,-1,-1
94,1,1112.89,172.39,38.55,29.81,1,-1,-1,-1
94,6,1010.82,226.66,87.31,69.80,1,-1,-1,-1
95,1,1112.32,172.09,39.30,30.14,1,-1,-1,-1
95,6,1009.94,222.94,88.95,70.77,1,-1,-1,-1
96,1,1111.88,172.31,39.24,29.87,1,-1,-1,-1
96,6,1015.56,227.09,79.50,61.52,1,-1,-1,-1
97,1,1110.98,172.18,39.63,29.97,1,-1,-1,-1
97,6,1017.95,226.96,76.83,58.08,1,-1,-1,-1
98,1,1110.91,172.71,39.84,29.99,1,-1,-1,-1
98,6,1017.65,224.67,77.97,57.92,1,-1,-1,-1
99,1,1111.18,172.76,39.75,29.77,1,-1,-1,-1
99,6,1016.55,222.47,78.96,57.64,1,-1,-1,-1
100,1,1112.19,173.19,39.27,29.33,1,-1,-1,-1
100,6,1014.83,220.37,80.94,58.24,1,-1,-1,-1
101,1,1112.86,173.56,38.84,28.96,1,-1,-1,-1
101,6,1014.03,219.16,81.94,58.24,1,-1,-1,-1
102,1,1112.84,173.55,39.16,29.10,1,-1,-1,-1
102,6,1013.44,217.85,83.34,58.82,1,-1,-1,-1
103,1,1112.78,173.82,39.24,29.08,1,-1,-1,-1
103,6,1014.27,211.53,80.72,56.71,1,-1,-1,-1
104,1,1112.29,173.58,39.20,28.93,1,-1,-1,-1
104,6,1015.63,208.81,79.04,55.04,1,-1,-1,-1
105,1,1111.56,173.91,38.75,28.54,1,-1,-1,-1
105,6,1015.58,206.14,79.34,54.87,1,-1,-1,-1
106,1,1111.18,174.06,37.85,27.79,1,-1,-1,-1
106,6,1015.40,204.72,78.87,54.16,1,-1,-1,-1
107,1,1111.24,174.51,37.08,27.17,1,-1,-1,-1
107,6,1014.36,201.67,79.68,54.55,1,-1,-1,-1
108,1,1111.25,174.57,36.99,27.04,1,-1,-1,-1
108,6,1014.79,200.31,78.78,53.74,1,-1,-1,-1
108,11,1070.72,183.22,35.66,27.62,1,-1,-1,-1
108,12,1030.61,186.23,46.19,27.51,1,-1,-1,-1
109,1,1110.31,174.48,37.90,27.74,1,-1,-1,-1
109,6,1014.76,196.91,79.27,54.01,1,-1,-1,-1
109,11,1071.67,181.16,37.66,29.32,1,-1,-1,-1
109,12,1029.72,185.65,46.36,27.63,1,-1,-1,-1
110,1,1109.64,173.96,38.63,28.52,1,-1,-1,-1
110,6,1015.20,194.95,79.16,53.86,1,-1,-1,-1
110,11,1071.26,178.14,40.63,31.81,1,-1,-1,-1
110,12,1028.91,185.16,46.86,27.93,1,-1,-1,-1
110,13,779.32,774.49,410.44,246.83,1,-1,-1,-1
111,1,1108.96,173.53,39.39,29.34,1,-1,-1,-1
111,6,1014.80,192.23,79.83,54.22,1,-1,-1,-1
111,11,1071.70,175.99,41.97,33.13,1,-1,-1,-1
111,13,765.61,736.67,443.96,269.75,1,-1,-1,-1
111,14,958.87,174.45,37.37,26.56,1,-1,-1,-1
112,1,1109.00,173.15,39.23,29.38,1,-1,-1,-1
112,6,1014.27,190.27,80.25,54.40,1,-1,-1,-1
112,11,1071.82,175.49,41.35,32.93,1,-1,-1,-1
112,13,787.77,699.61,406.68,249.07,1,-1,-1,-1
112,14,956.76,173.72,37.87,26.82,1,-1,-1,-1
113,1,1108.80,173.20,39.07,29.25,1,-1,-1,-1
113,6,1013.05,187.70,81.82,55.61,1,-1,-1,-1
113,11,1072.23,175.70,39.42,31.70,1,-1,-1,-1
113,13,785.44,668.38,415.16,257.74,1,-1,-1,-1
113,14,939.08,174.22,36.39,25.66,1,-1,-1,-1
114,1,1108.87,173.30,38.61,28.89,1,-1,-1,-1
114,6,1012.59,185.70,82.58,56.53,1,-1,-1,-1
114,11,1072.50,176.39,37.20,30.22,1,-1,-1,-1
114,13,794.49,647.17,404.20,254.58,1,-1,-1,-1
114,14,931.82,173.93,36.94,25.86,1,-1,-1,-1
115,1,1107.65,172.88,39.23,29.55,1,-1,-1,-1
115,6,1011.28,182.70,85.42,59.25,1,-1,-1,-1
115,11,1072.74,174.69,38.10,31.35,1,-1,-1,-1
115,13,810.06,616.28,382.80,244.49,1,-1,-1,-1
115,14,929.19,173.55,38.05,26.49,1,-1,-1,-1
116,1,1107.40,172.42,39.02,29.69,1,-1,-1,-1
116,6,1011.58,181.12,85.40,60.14,1,-1,-1,-1
116,11,1073.43,173.17,38.82,32.34,1,-1,-1,-1
116,13,828.10,596.07,357.77,231.68,1,-1,-1,-1
116,14,928.45,172.97,40.05,27.69,1,-1,-1,-1
117,1,1107.56,172.03,38.69,29.86,1,-1,-1,-1
117,6,1012.36,179.99,84.77,60.71,1,-1,-1,-1
117,11,1074.12,171.59,40.16,33.94,1,-1,-1,-1
117,13,844.14,584.17,333.35,218.59,1,-1,-1,-1
117,14,928.43,171.98,42.64,29.18,1,-1,-1,-1
118,1,1108.41,172.37,38.32,29.78,1,-1,-1,-1
118,6,1013.64,180.19,81.56,59.29,1,-1,-1,-1
118,11,1075.86,171.76,38.99,33.39,1,-1,-1,-1
118,13,857.71,558.93,314.16,208.64,1,-1,-1,-1
118,14,926.84,170.77,45.75,31.08,1,-1,-1,-1
119,1,1108.47,172.53,38.61,30.09,1,-1,-1,-1
119,6,1017.61,178.70,72.49,53.07,1,-1,-1,-1
119,11,1077.54,171.96,37.63,32.81,1,-1,-1,-1
119,13,868.81,540.23,296.55,199.19,1,-1,-1,-1
119,14,925.17,169.89,47.26,31.80,1,-1,-1,-1
120,1,1108.32,172.83,39.29,30.49,1,-1,-1,-1
120,6,1018.53,178.12,68.89,50.59,1,-1,-1,-1
120,11,1077.99,171.09,38.09,33.22,1,-1,-1,-1
120,13,876.45,525.31,284.02,192.66,1,-1,-1,-1
120,14,922.77,168.53,49.13,32.74,1,-1,-1,-1
121,1,1108.91,172.83,39.25,30.31,1,-1,-1,-1
121,6,1019.24,177.74,66.85,49.18,1,-1,-1,-1
121,13,881.16,503.67,278.70,191.13,1,-1,-1,-1
121,14,921.17,167.28,50.24,33.15,1,-1,-1,-1
122,1,1109.12,173.14,38.96,30.07,1,-1,-1,-1
122,6,1020.20,176.88,65.05,47.88,1,-1,-1,-1
122,13,889.35,489.87,268.24,186.14,1,-1,-1,-1
122,14,919.39,165.59,53.01,34.90,1,-1,-1,-1
123,1,1109.43,173.31,38.21,29.62,1,-1,-1,-1
123,6,1021.66,176.65,62.94,46.23,1,-1,-1,-1
123,11,1077.65,171.00,36.32,32.16,1,-1,-1,-1
123,13,898.55,477.19,255.44,179.51,1,-1,-1,-1
123,14,917.82,164.00,55.62,36.78,1,-1,-1,-1
124,1,1109.70,172.89,37.47,29.24,1,-1,-1,-1
124,6,1022.16,174.42,62.70,45.93,1,-1,-1,-1
124,11,1076.82,170.03,36.06,32.37,1,-1,-1,-1
124,13,907.42,465.82,242.43,172.53,1,-1,-1,-1
124,14,917.11,162.57,56.78,37.76,1,-1,-1,-1
125,1,1110.00,172.51,37.47,29.30,1,-1,-1,-1
125,6,1022.31,172.68,62.36,45.43,1,-1,-1,-1
125,11,1076.95,169.36,36.28,32.57,1,-1,-1,-1
125,13,911.57,448.95,231.28,165.72,1,-1,-1,-1
125,14,915.65,161.06,57.74,38.62,1,-1,-1,-1
126,1,1110.43,171.81,37.55,29.26,1,-1,-1,-1
126,6,1022.11,171.02,62.38,45.10,1,-1,-1,-1
126,13,915.83,440.11,223.52,161.64,1,-1,-1,-1
126,14,914.54,159.37,58.34,39.21,1,-1,-1,-1
127,1,1110.31,171.82,37.91,29.29,1,-1,-1,-1
127,6,1022.08,169.76,62.31,44.68,1,-1,-1,-1
127,13,928.01,438.67,201.34,144.62,1,-1,-1,-1
127,14,912.92,157.76,59.81,40.48,1,-1,-1,-1
128,1,1110.52,171.74,37.78,28.96,1,-1,-1,-1
128,6,1022.02,168.49,62.75,44.66,1,-1,-1,-1
128,13,924.85,421.80,208.52,151.82,1,-1,-1,-1
128,14,910.87,155.35,62.47,42.74,1,-1,-1,-1
129,1,1111.26,171.35,37.07,28.44,1,-1,-1,-1
129,6,1022.00,166.38,63.97,45.40,1,-1,-1,-1
129,11,1076.02,167.28,32.22,29.79,1,-1,-1,-1
129,13,932.63,413.33,194.94,141.64,1,-1,-1,-1
129,14,908.79,153.45,64.95,45.14,1,-1,-1,-1
130,1,1112.35,170.88,35.96,27.76,1,-1,-1,-1
130,6,1022.72,165.65,64.01,45.41,1,-1,-1,-1
130,11,1075.85,167.14,31.19,29.44,1,-1,-1,-1
130,13,937.72,401.61,195.51,143.46,1,-1,-1,-1
130,14,907.81,152.63,64.38,45.25,1,-1,-1,-1
131,1,1113.13,170.34,35.06,27.19,1,-1,-1,-1
131,6,1023.29,164.24,64.20,45.63,1,-1,-1,-1
131,11,1075.39,166.74,30.42,29.26,1,-1,-1,-1
131,13,942.14,400.24,182.99,134.26,1,-1,-1,-1
131,14,905.70,151.52,64.81,46.07,1,-1,-1,-1
132,1,1113.14,170.60,34.98,27.12,1,-1,-1,-1
132,6,1023.20,162.86,64.38,45.79,1,-1,-1,-1
132,11,1075.40,166.70,29.40,28.83,1,-1,-1,-1
132,13,947.77,385.74,178.83,131.90,1,-1,-1,-1
132,14,902.97,150.15,65.92,47.34,1,-1,-1,-1
133,1,1112.75,170.81,35.26,27.17,1,-1,-1,-1
133,6,1022.92,161.70,63.99,45.32,1,-1,-1,-1
133,11,1075.21,166.22,29.20,28.64,1,-1,-1,-1
133,13,947.92,374.20,179.65,133.71,1,-1,-1,-1
133,14,901.50,146.08,65.51,47.32,1,-1,-1,-1
134,1,1112.20,171.02,35.78,27.39,1,-1,-1,-1
134,6,1023.68,161.87,62.77,44.18,1,-1,-1,-1
134,13,949.28,366.88,177.43,133.11,1,-1,-1,-1
134,14,900.00,143.84,66.63,48.42,1,-1,-1,-1
135,1,1111.68,170.73,35.84,27.35,1,-1,-1,-1
135,6,1024.85,161.41,61.89,43.59,1,-1,-1,-1
135,11,1074.39,165.70,29.11,28.63,1,-1,-1,-1
135,13,955.77,357.35,167.23,125.86,1,-1,-1,-1
135,14,898.95,142.40,68.40,49.98,1,-1,-1,-1
136,1,1111.05,170.13,35.81,27.42,1,-1,-1,-1
136,6,1025.36,160.14,62.58,44.55,1,-1,-1,-1
136,11,1074.87,164.64,29.75,29.42,1,-1,-1,-1
136,13,956.30,348.92,166.55,126.50,1,-1,-1,-1
136,14,899.05,142.02,68.69,50.42,1,-1,-1,-1
137,1,1110.69,169.04,35.94,27.80,1,-1,-1,-1
137,6,1025.26,157.73,63.47,45.89,1,-1,-1,-1
137,11,1075.64,162.76,30.87,30.68,1,-1,-1,-1
137,12,1033.23,146.35,43.22,26.88,1,-1,-1,-1
137,13,957.76,342.63,162.99,124.71,1,-1,-1,-1
137,14,899.13,141.28,68.84,50.85,1,-1,-1,-1
138,1,1110.21,168.41,36.62,28.46,1,-1,-1,-1
138,6,1025.84,156.23,62.32,45.51,1,-1,-1,-1
138,11,1076.22,161.68,31.51,31.34,1,-1,-1,-1
138,12,1033.37,144.89,43.15,26.83,1,-1,-1,-1
138,13,960.27,338.11,157.65,121.05,1,-1,-1,-1
138,14,898.33,140.48,69.44,51.56,1,-1,-1,-1
139,1,1109.89,168.22,37.54,29.10,1,-1,-1,-1
139,6,1027.14,155.81,59.73,43.64,1,-1,-1,-1
139,11,1076.04,161.11,31.91,31.54,1,-1,-1,-1
139,13,963.67,336.66,150.51,115.49,1,-1,-1,-1
139,14,896.95,139.71,70.31,52.38,1,-1,-1,-1
140,1,1109.64,168.48,37.99,29.14,1,-1,-1,-1
140,6,1028.32,156.40,57.23,41.52,1,-1,-1,-1
140,11,1075.76,161.44,31.65,30.95,1,-1,-1,-1
140,13,966.16,327.19,146.02,112.25,1,-1,-1,-1
140,14,895.11,139.17,71.67,53.51,1,-1,-1,-1
141,1,1109.65,168.34,38.25,29.06,1,-1,-1,-1
141,6,1028.86,156.68,56.20,40.48,1,-1,-1,-1
141,11,1075.63,161.51,31.59,30.57,1,-1,-1,-1
141,13,966.06,320.60,145.46,112.31,1,-1,-1,-1
141,14,893.33,138.06,73.37,55.14,1,-1,-1,-1
142,1,1109.59,167.96,38.32,29.05,1,-1,-1,-1
142,6,1029.02,156.45,56.05,40.33,1,-1,-1,-1
142,11,1075.42,161.28,31.82,30.50,1,-1,-1,-1
142,13,969.17,316.96,139.07,107.10,1,-1,-1,-1
142,14,891.46,136.13,76.27,57.89,1,-1,-1,-1
143,1,1109.69,167.63,38.19,28.98,1,-1,-1,-1
143,6,1029.67,156.31,55.57,40.00,1,-1,-1,-1
143,11,1074.78,161.21,31.95,30.26,1,-1,-1,-1
143,13,973.42,315.22,131.49,100.54,1,-1,-1,-1
143,14,889.59,134.42,79.10,60.74,1,-1,-1,-1
144,1,1109.64,167.56,38.12,28.98,1,-1,-1,-1
144,6,1030.52,156.54,54.22,38.94,1,-1,-1,-1
144,11,1074.62,161.35,31.95,29.86,1,-1,-1,-1
144,13,977.18,314.03,125.01,94.73,1,-1,-1,-1
144,14,888.02,133.34,81.04,62.87,1,-1,-1,-1
145,1,1109.55,167.75,37.98,28.76,1,-1,-1,-1
145,6,1030.56,156.81,53.11,37.97,1,-1,-1,-1
145,11,1075.48,161.92,31.49,29.11,1,-1,-1,-1
145,13,978.61,312.35,121.84,91.79,1,-1,-1,-1
145,14,886.24,132.38,83.07,65.21,1,-1,-1,-1
146,1,1109.86,168.15,37.87,28.46,1,-1,-1,-1
146,6,1029.70,157.17,52.53,37.47,1,-1,-1,-1
146,11,1077.16,162.61,30.59,28.14,1,-1,-1,-1
146,13,976.71,299.60,124.76,94.15,1,-1,-1,-1
146,14,885.80,132.18,83.28,66.16,1,-1,-1,-1
147,1,1109.88,168.58,37.78,28.14,1,-1,-1,-1
147,6,1028.69,157.45,52.84,37.74,1,-1,-1,-1
147,11,1078.19,162.95,30.36,27.88,1,-1,-1,-1
147,13,976.45,292.88,124.11,93.73,1,-1,-1,-1
147,14,881.84,140.12,78.17,63.11,1,-1,-1,-1
148,1,1110.16,168.67,37.57,27.80,1,-1,-1,-1
148,6,1029.30,157.86,52.61,37.53,1,-1,-1,-1
148,11,1077.39,163.08,30.52,27.86,1,-1,-1,-1
148,13,978.60,288.85,119.84,90.40,1,-1,-1,-1
148,14,878.15,140.91,81.80,66.92,1,-1,-1,-1
149,1,1110.39,168.49,37.37,27.73,1,-1,-1,-1
149,6,1030.01,157.64,53.35,38.19,1,-1,-1,-1
149,11,1075.69,162.42,31.95,28.98,1,-1,-1,-1
149,13,980.47,285.02,117.01,88.25,1,-1,-1,-1
149,14,874.73,139.31,87.38,72.57,1,-1,-1,-1
150,1,1111.24,168.12,36.82,27.58,1,-1,-1,-1
150,6,1031.21,157.41,53.44,38.42,1,-1,-1,-1
150,11,1073.39,161.82,33.08,29.73,1,-1,-1,-1
150,13,981.87,281.36,115.63,87.39,1,-1,-1,-1
150,14,872.79,138.30,91.21,76.77,1,-1,-1,-1
151,1,1111.81,168.38,36.54,27.56,1,-1,-1,-1
151,6,1031.99,157.65,52.80,38.10,1,-1,-1,-1
151,11,1072.29,161.83,33.38,29.76,1,-1,-1,-1
151,13,982.62,278.29,114.84,86.98,1,-1,-1,-1
151,14,872.65,135.62,93.10,79.77,1,-1,-1,-1
152,1,1111.76,168.92,36.45,27.46,1,-1,-1,-1
152,6,1032.88,158.63,50.71,36.50,1,-1,-1,-1
152,11,1072.32,162.47,32.84,29.02,1,-1,-1,-1
152,13,984.77,270.79,111.11,83.94,1,-1,-1,-1
152,14,871.90,134.82,93.80,81.53,1,-1,-1,-1
153,1,1111.20,169.85,36.70,27.51,1,-1,-1,-1
153,6,1033.16,160.06,48.58,34.74,1,-1,-1,-1
153,11,1073.44,163.92,31.69,27.79,1,-1,-1,-1
153,13,984.34,265.81,111.49,84.16,1,-1,-1,-1
153,14,870.47,135.40,94.19,82.71,1,-1,-1,-1
154,1,1111.12,170.46,36.93,27.57,1,-1,-1,-1
154,6,1033.56,160.99,47.60,33.88,1,-1,-1,-1
154,11,1073.06,164.92,31.96,27.76,1,-1,-1,-1
154,13,983.85,260.81,112.52,84.97,1,-1,-1,-1
154,14,868.99,136.92,93.89,83.16,1,-1,-1,-1
155,1,1111.32,170.60,37.08,27.65,1,-1,-1,-1
155,6,1034.44,161.98,47.28,33.56,1,-1,-1,-1
155,11,1071.51,165.70,32.92,28.19,1,-1,-1,-1
155,13,983.53,255.96,113.43,85.99,1,-1,-1,-1
155,14,868.36,139.58,92.83,82.81,1,-1,-1,-1
156,1,1111.51,170.51,37.12,27.70,1,-1,-1,-1
156,6,1035.63,163.04,47.23,33.52,1,-1,-1,-1
156,11,1071.26,165.95,32.82,28.11,1,-1,-1,-1
156,13,983.78,251.44,114.21,87.35,1,-1,-1,-1
156,14,868.18,143.38,90.13,80.60,1,-1,-1,-1
157,1,1111.40,170.30,37.63,28.10,1,-1,-1,-1
157,6,1036.65,164.39,46.83,33.25,1,-1,-1,-1
157,13,984.11,247.50,114.46,88.68,1,-1,-1,-1
157,14,867.09,146.63,88.96,79.80,1,-1,-1,-1
158,1,1111.22,170.33,38.21,28.52,1,-1,-1,-1
158,6,1036.29,164.47,46.35,32.80,1,-1,-1,-1
158,11,1070.01,166.82,33.02,27.98,1,-1,-1,-1
158,13,984.50,243.66,114.35,89.92,1,-1,-1,-1
158,14,865.46,149.96,87.59,78.45,1,-1,-1,-1
158,17,658.96,954.78,559.13,122.64,1,-1,-1,-1
159,1,1111.38,170.53,38.64,28.86,1,-1,-1,-1
159,6,1035.81,164.05,45.62,32.20,1,-1,-1,-1
159,11,1070.04,166.80,33.03,27.80,1,-1,-1,-1
159,13,985.35,240.68,111.85,89.22,1,-1,-1,-1
159,14,863.06,152.35,88.55,79.24,1,-1,-1,-1
159,17,654.46,950.85,579.79,127.17,1,-1,-1,-1
160,1,1111.52,170.80,38.76,29.02,1,-1,-1,-1
160,6,1035.46,164.16,44.47,31.34,1,-1,-1,-1
160,11,1070.92,167.13,32.13,26.90,1,-1,-1,-1
160,13,988.27,236.34,105.86,84.79,1,-1,-1,-1
160,14,861.16,155.15,89.13,79.52,1,-1,-1,-1
161,1,1111.22,171.14,39.16,29.40,1,-1,-1,-1
161,6,1035.63,165.12,43.30,30.53,1,-1,-1,-1
161,11,1071.02,167.59,31.72,26.37,1,-1,-1,-1
161,13,990.48,234.47,102.05,82.02,1,-1,-1,-1
161,14,859.38,157.44,90.82,80.93,1,-1,-1,-1
162,1,1110.49,171.22,39.57,29.87,1,-1,-1,-1
162,6,1035.13,166.32,43.40,30.73,1,-1,-1,-1
162,11,1071.47,167.62,32.61,27.04,1,-1,-1,-1
162,13,995.00,235.65,95.03,75.90,1,-1,-1,-1
162,14,858.36,159.17,92.07,82.18,1,-1,-1,-1
162,18,702.64,789.41,526.52,278.00,1,-1,-1,-1
163,1,1109.99,171.20,39.62,30.18,1,-1,-1,-1
163,6,1034.44,167.30,43.60,30.96,1,-1,-1,-1
163,11,1072.19,167.09,33.69,28.00,1,-1,-1,-1
163,13,997.21,233.59,92.20,73.20,1,-1,-1,-1
163,14,857.46,160.35,92.90,83.12,1,-1,-1,-1
163,18,708.84,745.21,529.83,283.32,1,-1,-1,-1
164,1,1110.31,171.42,39.13,30.04,1,-1,-1,-1
164,6,1034.43,169.34,42.76,30.53,1,-1,-1,-1
164,11,1072.09,167.32,33.39,27.79,1,-1,-1,-1
164,13,997.37,229.16,92.40,73.05,1,-1,-1,-1
164,14,855.59,160.92,93.74,84.23,1,-1,-1,-1
164,18,705.04,695.31,559.52,304.13,1,-1,-1,-1
165,1,1111.11,171.70,38.40,29.60,1,-1,-1,-1
165,6,1035.01,170.68,41.19,29.32,1,-1,-1,-1
165,11,1071.62,168.20,31.36,25.95,1,-1,-1,-1
165,13,995.90,223.43,95.38,75.40,1,-1,-1,-1
165,14,853.90,162.17,93.04,83.62,1,-1,-1,-1
165,18,738.73,669.81,496.49,274.11,1,-1,-1,-1
166,1,1111.95,171.94,37.66,28.96,1,-1,-1,-1
166,6,1035.46,172.65,39.25,27.82,1,-1,-1,-1
166,11,1071.29,169.46,29.52,24.11,1,-1,-1,-1
166,13,994.64,218.47,98.21,77.84,1,-1,-1,-1
166,14,851.69,163.10,92.44,83.01,1,-1,-1,-1
166,18,763.09,651.42,453.50,254.90,1,-1,-1,-1
167,1,1112.30,171.96,37.33,28.69,1,-1,-1,-1
167,6,1035.67,173.98,37.98,26.82,1,-1,-1,-1
167,11,1072.05,170.01,29.51,23.87,1,-1,-1,-1
167,13,994.54,214.72,99.57,79.22,1,-1,-1,-1
167,14,847.00,167.50,95.79,85.91,1,-1,-1,-1
167,18,782.26,618.89,421.33,240.84,1,-1,-1,-1
168,1,1112.59,171.60,36.81,28.46,1,-1,-1,-1
168,6,1034.82,174.10,38.71,27.30,1,-1,-1,-1
168,11,1072.20,169.31,31.69,25.49,1,-1,-1,-1
168,13,995.81,212.53,98.41,78.40,1,-1,-1,-1
168,14,844.18,170.16,97.54,87.31,1,-1,-1,-1
168,18,796.69,596.02,399.59,232.56,1,-1,-1,-1
169,1,1112.93,171.87,36.55,28.50,1,-1,-1,-1
169,6,1035.01,174.44,38.80,27.27,1,-1,-1,-1
169,11,1071.35,169.15,33.66,26.89,1,-1,-1,-1
169,13,998.19,211.59,94.82,75.33,1,-1,-1,-1
169,14,842.14,171.85,99.13,88.50,1,-1,-1,-1
169,18,820.40,568.95,362.45,213.91,1,-1,-1,-1
170,1,1113.42,171.61,36.00,28.39,1,-1,-1,-1
170,6,1035.01,175.14,39.30,27.53,1,-1,-1,-1
170,11,1069.89,169.19,35.20,27.86,1,-1,-1,-1
170,13,1000.57,211.53,90.95,71.76,1,-1,-1,-1
170,14,841.08,174.14,99.55,88.47,1,-1,-1,-1
170,18,836.22,552.64,340.62,204.35,1,-1,-1,-1
171,1,1113.04,172.02,36.53,28.97,1,-1,-1,-1
171,6,1036.09,178.14,38.17,26.72,1,-1,-1,-1
171,11,1068.96,170.75,35.78,28.13,1,-1,-1,-1
171,13,1001.93,211.97,89.81,69.86,1,-1,-1,-1
171,14,840.03,175.77,100.33,88.86,1,-1,-1,-1
171,18,845.51,534.64,327.43,199.99,1,-1,-1,-1
172,1,1112.90,172.10,36.56,29.07,1,-1,-1,-1
172,6,1036.27,180.08,38.88,27.23,1,-1,-1,-1
172,11,1068.29,172.57,35.86,28.21,1,-1,-1,-1
172,13,1003.80,206.12,89.04,69.40,1,-1,-1,-1
172,14,837.56,176.54,102.89,91.21,1,-1,-1,-1
172,18,853.80,521.76,314.15,195.12,1,-1,-1,-1
173,1,1112.46,172.58,36.84,29.28,1,-1,-1,-1
173,6,1036.49,181.10,39.57,27.63,1,-1,-1,-1
173,11,1067.94,174.18,36.02,28.31,1,-1,-1,-1
173,13,1007.41,205.99,82.04,62.77,1,-1,-1,-1
173,14,834.86,182.00,100.57,88.66,1,-1,-1,-1
173,18,862.95,499.80,301.63,190.29,1,-1,-1,-1
174,1,1112.72,173.01,36.65,29.05,1,-1,-1,-1
174,6,1037.44,182.89,39.23,27.25,1,-1,-1,-1
174,11,1067.63,176.20,35.77,28.13,1,-1,-1,-1
174,13,1009.33,205.85,78.02,58.17,1,-1,-1,-1
174,14,832.54,185.78,101.28,88.91,1,-1,-1,-1
174,18,874.46,484.45,285.40,182.82,1,-1,-1,-1
175,1,1112.90,173.26,36.34,28.80,1,-1,-1,-1
175,6,1037.90,184.84,38.39,26.48,1,-1,-1,-1
175,11,1068.39,178.02,35.91,28.24,1,-1,-1,-1
175,13,1010.50,205.41,76.32,55.59,1,-1,-1,-1
175,14,830.27,188.19,103.68,90.82,1,-1,-1,-1
175,18,886.70,470.84,268.39,174.42,1,-1,-1,-1
176,1,1113.39,173.39,35.48,28.20,1,-1,-1,-1
176,6,1037.68,187.10,37.26,25.36,1,-1,-1,-1
176,11,1068.23,178.87,36.06,28.36,1,-1,-1,-1
176,13,1010.68,203.23,76.84,55.08,1,-1,-1,-1
176,14,827.37,189.99,106.28,92.86,1,-1,-1,-1
176,18,897.73,462.26,251.40,165.43,1,-1,-1,-1
177,1,1113.55,173.43,34.56,27.50,1,-1,-1,-1
177,6,1036.22,187.98,37.10,24.79,1,-1,-1,-1
177,11,1071.25,181.43,34.29,27.08,1,-1,-1,-1
177,13,1010.96,200.42,77.37,54.90,1,-1,-1,-1
177,14,825.01,191.58,107.04,93.02,1,-1,-1,-1
177,18,898.90,444.97,248.06,165.34,1,-1,-1,-1
178,1,1112.90,173.38,34.99,27.79,1,-1,-1,-1
178,6,1033.82,187.81,38.41,25.21,1,-1,-1,-1
178,11,1072.89,181.54,34.18,27.40,1,-1,-1,-1
178,13,1009.73,196.33,80.24,56.76,1,-1,-1,-1
178,14,822.31,200.87,106.43,92.47,1,-1,-1,-1
178,18,902.61,431.69,243.58,164.62,1,-1,-1,-1
179,1,1112.43,173.48,35.37,27.93,1,-1,-1,-1
179,6,1032.26,187.26,39.97,25.87,1,-1,-1,-1
179,11,1073.72,181.93,33.17,27.05,1,-1,-1,-1
179,13,1009.16,193.73,80.55,56.86,1,-1,-1,-1
179,14,820.84,207.87,103.46,89.33,1,-1,-1,-1
179,18,908.73,419.33,234.21,160.30,1,-1,-1,-1
180,1,1112.00,173.35,36.28,28.56,1,-1,-1,-1
180,6,1032.00,188.22,39.67,25.68,1,-1,-1,-1
180,11,1074.30,181.28,33.16,27.61,1,-1,-1,-1
180,13,1008.11,191.29,81.73,57.57,1,-1,-1,-1
180,14,819.96,215.72,99.42,84.57,1,-1,-1,-1
180,18,915.40,408.51,223.75,155.00,1,-1,-1,-1
181,1,1111.59,172.97,36.64,28.84,1,-1,-1,-1
181,11,1074.68,179.21,34.03,28.77,1,-1,-1,-1
181,13,1007.49,188.76,82.99,58.21,1,-1,-1,-1
181,14,818.61,222.28,98.03,81.95,1,-1,-1,-1
181,18,922.75,402.80,210.55,147.27,1,-1,-1,-1
182,1,1110.63,172.78,37.17,29.39,1,-1,-1,-1
182,11,1075.85,176.06,35.98,30.81,1,-1,-1,-1
182,13,1007.32,185.86,85.31,59.60,1,-1,-1,-1
182,14,814.63,225.11,100.97,83.07,1,-1,-1,-1
182,18,928.78,398.25,201.98,142.54,1,-1,-1,-1
182,19,818.24,208.10,45.45,39.44,1,-1,-1,-1
183,1,1109.79,172.37,36.98,29.46,1,-1,-1,-1
183,11,1076.61,172.37,38.48,33.25,1,-1,-1,-1
183,13,1006.82,182.99,88.14,61.51,1,-1,-1,-1
183,14,809.83,225.21,104.92,85.01,1,-1,-1,-1
183,18,934.79,386.29,191.02,135.52,1,-1,-1,-1
183,19,814.52,208.99,45.32,39.33,1,-1,-1,-1
183,21,928.17,181.28,28.06,23.13,1,-1,-1,-1
184,1,1109.53,172.50,36.81,29.42,1,-1,-1,-1
184,11,1077.78,171.57,38.15,33.31,1,-1,-1,-1
184,13,1006.32,180.74,89.96,63.01,1,-1,-1,-1
184,14,805.24,224.83,107.78,85.76,1,-1,-1,-1
184,18,937.32,376.93,188.33,135.02,1,-1,-1,-1
184,21,928.11,180.89,27.64,22.67,1,-1,-1,-1
185,1,1109.18,172.38,37.13,29.64,1,-1,-1,-1
185,11,1078.42,171.14,37.38,33.18,1,-1,-1,-1
185,13,1004.73,178.22,92.27,65.22,1,-1,-1,-1
185,14,799.92,224.01,112.69,88.32,1,-1,-1,-1
185,18,941.54,367.59,187.83,135.70,1,-1,-1,-1
185,21,928.18,180.18,27.70,22.54,1,-1,-1,-1
186,1,1108.82,172.20,37.44,29.69,1,-1,-1,-1
186,11,1079.25,171.74,35.00,31.52,1,-1,-1,-1
186,13,1003.91,176.55,93.05,66.42,1,-1,-1,-1
186,14,790.22,231.64,125.68,98.92,1,-1,-1,-1
186,18,951.00,357.56,173.89,125.04,1,-1,-1,-1
186,21,926.03,178.84,29.72,23.94,1,-1,-1,-1
187,1,1108.16,171.98,38.02,29.96,1,-1,-1,-1
187,11,1079.68,171.43,33.94,31.03,1,-1,-1,-1
187,13,1003.29,175.56,92.94,67.17,1,-1,-1,-1
187,14,783.32,238.75,127.31,99.80,1,-1,-1,-1
187,18,950.39,348.13,176.13,127.44,1,-1,-1,-1
187,21,923.91,177.05,32.02,25.48,1,-1,-1,-1
188,1,1108.01,171.86,38.34,30.04,1,-1,-1,-1
188,11,1080.53,170.83,33.14,30.62,1,-1,-1,-1
188,13,1010.01,175.45,82.13,59.41,1,-1,-1,-1
188,14,777.59,242.29,131.99,103.02,1,-1,-1,-1
188,18,952.73,341.38,172.39,125.42,1,-1,-1,-1
188,21,922.17,174.97,34.88,27.30,1,-1,-1,-1
189,1,1107.88,172.26,38.73,30.32,1,-1,-1,-1
189,11,1081.26,170.10,32.83,30.63,1,-1,-1,-1
189,13,1012.93,175.51,77.49,56.08,1,-1,-1,-1
189,14,773.92,245.84,135.69,105.22,1,-1,-1,-1
189,18,956.56,336.47,166.63,121.50,1,-1,-1,-1
189,21,921.53,174.17,36.61,28.17,1,-1,-1,-1
190,1,1107.94,172.32,38.73,30.45,1,-1,-1,-1
190,11,1082.21,169.27,32.27,30.40,1,-1,-1,-1
190,13,1014.25,174.82,74.85,54.06,1,-1,-1,-1
190,14,769.41,247.20,141.68,109.53,1,-1,-1,-1
190,18,962.40,327.32,158.63,115.52,1,-1,-1,-1
190,21,920.72,173.65,38.57,29.25,1,-1,-1,-1
191,1,1107.78,172.20,39.05,30.79,1,-1,-1,-1
191,11,1082.64,168.83,31.36,29.91,1,-1,-1,-1
191,13,1015.62,174.16,71.99,51.65,1,-1,-1,-1
191,14,764.32,248.13,147.78,114.28,1,-1,-1,-1
191,18,963.98,320.32,157.32,114.94,1,-1,-1,-1
191,21,918.96,172.62,40.88,30.71,1,-1,-1,-1
192,1,1108.26,171.89,39.46,31.06,1,-1,-1,-1
192,11,1082.84,168.58,30.42,29.53,1,-1,-1,-1
192,13,1015.70,172.62,71.04,50.57,1,-1,-1,-1
192,14,758.21,249.34,153.71,119.14,1,-1,-1,-1
192,18,965.66,314.41,154.18,112.83,1,-1,-1,-1
192,21,916.50,170.83,43.38,32.45,1,-1,-1,-1
193,1,1108.74,171.62,39.76,31.08,1,-1,-1,-1
193,11,1083.25,168.17,30.39,29.50,1,-1,-1,-1
193,13,1016.24,170.74,69.80,49.16,1,-1,-1,-1
193,14,752.69,250.20,156.95,121.98,1,-1,-1,-1
193,18,967.72,309.60,149.22,109.15,1,-1,-1,-1
193,21,914.58,169.19,45.06,33.66,1,-1,-1,-1
194,1,1108.91,171.26,39.87,30.91,1,-1,-1,-1
194,13,1015.42,168.28,70.56,49.32,1,-1,-1,-1
194,14,741.48,257.51,165.65,130.10,1,-1,-1,-1
194,18,971.30,307.64,142.21,103.65,1,-1,-1,-1
194,21,913.21,167.83,46.18,34.49,1,-1,-1,-1
194,24,967.13,164.14,35.31,25.57,1,-1,-1,-1
195,1,1108.47,171.09,39.74,30.60,1,-1,-1,-1
195,11,1083.49,167.34,28.68,28.30,1,-1,-1,-1
195,13,1014.92,165.76,71.08,49.29,1,-1,-1,-1
195,14,734.46,262.08,170.31,135.44,1,-1,-1,-1
195,18,975.61,298.90,136.33,98.90,1,-1,-1,-1
195,21,912.21,166.79,46.29,34.55,1,-1,-1,-1
195,24,967.13,163.73,35.54,25.73,1,-1,-1,-1
196,1,1108.23,171.07,39.57,30.45,1,-1,-1,-1
196,11,1084.20,166.52,28.84,28.89,1,-1,-1,-1
196,13,1014.25,163.81,71.89,49.51,1,-1,-1,-1
196,14,730.23,266.13,173.18,139.32,1,-1,-1,-1
196,18,977.53,293.10,134.71,97.51,1,-1,-1,-1
196,21,911.39,166.09,46.25,34.40,1,-1,-1,-1
197,1,1108.78,170.84,39.29,30.30,1,-1,-1,-1
197,11,1084.55,166.07,28.77,28.82,1,-1,-1,-1
197,13,1013.93,162.16,72.55,49.53,1,-1,-1,-1
197,14,721.95,270.97,177.35,144.78,1,-1,-1,-1
197,18,978.94,288.43,133.01,96.18,1,-1,-1,-1
197,21,910.11,165.56,46.55,34.53,1,-1,-1,-1
198,1,1109.06,170.69,39.49,30.43,1,-1,-1,-1
198,13,1013.92,160.54,72.67,49.10,1,-1,-1,-1
198,14,717.96,275.59,176.65,145.12,1,-1,-1,-1
198,18,981.03,285.18,128.70,92.99,1,-1,-1,-1
198,21,908.84,164.86,47.20,34.87,1,-1,-1,-1
199,1,1109.04,170.17,39.32,30.14,1,-1,-1,-1
199,13,1013.64,159.27,73.09,48.78,1,-1,-1,-1
199,14,711.38,285.24,178.86,147.80,1,-1,-1,-1
199,18,981.78,281.46,125.84,91.18,1,-1,-1,-1
199,21,906.91,163.50,48.48,35.75,1,-1,-1,-1
200,1,1108.79,170.02,39.38,29.97,1,-1,-1,-1
200,13,1013.54,158.19,72.97,48.01,1,-1,-1,-1
200,14,703.28,290.42,183.65,152.64,1,-1,-1,-1
200,18,981.91,278.31,123.47,89.82,1,-1,-1,-1
200,21,905.51,162.10,49.41,36.31,1,-1,-1,-1
201,1,1108.52,169.68,39.59,30.03,1,-1,-1,-1
201,13,1013.00,157.14,73.86,48.03,1,-1,-1,-1
201,14,696.87,294.92,187.33,156.44,1,-1,-1,-1
201,18,984.93,271.38,117.66,85.24,1,-1,-1,-1
201,21,904.44,160.67,50.78,37.29,1,-1,-1,-1
202,1,1108.26,169.61,40.13,30.50,1,-1,-1,-1
202,13,1012.61,156.00,75.35,48.56,1,-1,-1,-1
202,14,691.87,300.20,188.97,158.35,1,-1,-1,-1
202,18,985.20,267.01,117.30,84.92,1,-1,-1,-1
202,21,903.85,159.98,51.75,38.04,1,-1,-1,-1
203,1,1108.23,169.35,39.94,30.51,1,-1,-1,-1
203,13,1012.70,154.98,76.64,49.06,1,-1,-1,-1
203,14,680.34,313.04,193.66,163.25,1,-1,-1,-1
203,18,985.51,262.61,118.07,85.88,1,-1,-1,-1
203,21,903.85,159.66,51.92,38.22,1,-1,-1,-1
204,1,1108.43,169.01,39.59,30.37,1,-1,-1,-1
204,13,1013.27,154.32,76.73,48.81,1,-1,-1,-1
204,14,669.44,321.08,196.45,166.49,1,-1,-1,-1
204,18,986.68,257.82,117.27,85.91,1,-1,-1,-1
204,21,903.11,158.88,52.25,38.45,1,-1,-1,-1
205,1,1108.10,169.12,39.76,30.41,1,-1,-1,-1
205,13,1014.21,153.85,74.86,47.25,1,-1,-1,-1
205,14,660.38,329.52,198.40,168.45,1,-1,-1,-1
205,18,987.12,252.70,116.19,86.08,1,-1,-1,-1
205,21,902.63,158.30,51.78,37.96,1,-1,-1,-1
206,1,1107.55,169.38,40.23,30.57,1,-1,-1,-1
206,13,1014.62,153.31,73.02,45.81,1,-1,-1,-1
206,14,652.37,338.57,200.32,170.32,1,-1,-1,-1
206,18,986.08,246.94,116.58,87.62,1,-1,-1,-1
206,21,901.76,157.58,51.97,37.91,1,-1,-1,-1
207,1,1106.93,169.57,40.69,30.70,1,-1,-1,-1
207,13,1014.94,152.95,71.33,44.48,1,-1,-1,-1
207,14,644.92,347.95,203.74,173.29,1,-1,-1,-1
207,18,984.03,241.63,117.96,90.19,1,-1,-1,-1
207,21,901.60,157.14,51.82,37.66,1,-1,-1,-1
208,1,1107.29,168.98,40.93,30.80,1,-1,-1,-1
208,13,1014.51,152.66,71.38,44.38,1,-1,-1,-1
208,14,638.08,355.02,208.96,178.40,1,-1,-1,-1
208,18,984.27,238.88,115.84,89.82,1,-1,-1,-1
208,21,897.24,158.00,48.21,34.94,1,-1,-1,-1
209,1,1107.57,168.36,40.82,30.82,1,-1,-1,-1
209,13,1015.33,152.60,70.84,43.95,1,-1,-1,-1
209,14,627.85,363.69,212.44,181.55,1,-1,-1,-1
209,18,989.57,236.57,105.71,81.59,1,-1,-1,-1
209,21,894.83,157.74,48.28,35.08,1,-1,-1,-1
210,1,1108.23,167.68,40.15,30.58,1,-1,-1,-1
210,13,1016.15,152.60,70.70,43.82,1,-1,-1,-1
210,14,615.25,374.14,223.35,192.05,1,-1,-1,-1
210,18,992.09,235.51,100.46,77.27,1,-1,-1,-1
210,21,893.11,157.02,50.14,36.66,1,-1,-1,-1
211,1,1108.14,167.42,39.87,30.59,1,-1,-1,-1
211,13,1017.15,152.56,70.23,43.44,1,-1,-1,-1
211,14,600.84,381.35,234.62,203.07,1,-1,-1,-1
211,18,993.11,233.00,98.26,75.59,1,-1,-1,-1
211,21,891.07,156.02,53.26,39.38,1,-1,-1,-1
212,1,1107.82,167.56,40.18,30.90,1,-1,-1,-1
212,13,1017.07,152.41,70.80,43.71,1,-1,-1,-1
212,14,586.78,391.05,242.26,210.64,1,-1,-1,-1
212,18,992.99,228.10,98.56,76.16,1,-1,-1,-1
212,21,889.56,155.24,55.27,41.24,1,-1,-1,-1
213,1,1108.07,168.10,40.78,31.25,1,-1,-1,-1
213,13,1016.95,152.60,70.57,43.36,1,-1,-1,-1
213,14,571.70,402.56,248.80,217.11,1,-1,-1,-1
213,18,991.89,221.89,101.03,78.82,1,-1,-1,-1
213,21,888.10,154.80,56.61,42.61,1,-1,-1,-1
214,1,1108.31,168.80,40.96,31.22,1,-1,-1,-1
214,13,1017.65,153.11,69.48,42.43,1,-1,-1,-1
214,14,557.33,411.62,256.13,224.44,1,-1,-1,-1
214,18,993.55,219.19,98.95,76.75,1,-1,-1,-1
214,21,887.13,154.65,57.20,43.47,1,-1,-1,-1
215,1,1108.63,169.14,40.76,31.01,1,-1,-1,-1
215,13,1019.00,154.00,67.46,40.84,1,-1,-1,-1
215,14,542.82,427.19,266.52,234.33,1,-1,-1,-1
215,18,993.76,216.41,98.83,76.40,1,-1,-1,-1
215,21,886.27,154.68,57.98,44.52,1,-1,-1,-1
216,1,1108.27,168.94,40.31,30.86,1,-1,-1,-1
216,11,1078.42,162.91,29.81,29.00,1,-1,-1,-1
216,13,1019.95,154.63,66.82,40.16,1,-1,-1,-1
216,14,521.74,439.39,275.54,242.16,1,-1,-1,-1
216,18,994.82,214.31,97.28,74.83,1,-1,-1,-1
216,21,885.39,154.60,58.95,45.81,1,-1,-1,-1
217,1,1108.27,168.32,39.43,30.53,1,-1,-1,-1
217,11,1077.78,162.27,31.26,29.77,1,-1,-1,-1
217,13,1019.88,155.13,67.47,40.35,1,-1,-1,-1
217,14,501.81,450.82,288.65,254.16,1,-1,-1,-1
217,18,996.36,212.98,94.73,72.26,1,-1,-1,-1
217,21,884.24,154.53,59.66,46.91,1,-1,-1,-1
218,1,1108.36,168.14,39.19,30.53,1,-1,-1,-1
218,11,1077.51,162.05,31.34,29.84,1,-1,-1,-1
218,13,1020.13,155.78,66.93,39.80,1,-1,-1,-1
218,14,483.25,463.09,298.43,262.69,1,-1,-1,-1
218,18,997.73,212.35,91.74,69.27,1,-1,-1,-1
218,21,882.51,154.36,60.92,48.46,1,-1,-1,-1
219,1,1108.67,168.73,39.40,30.60,1,-1,-1,-1
219,13,1020.39,156.59,65.60,38.70,1,-1,-1,-1
219,14,456.71,478.91,318.27,281.45,1,-1,-1,-1
219,18,998.94,205.71,93.05,70.76,1,-1,-1,-1
219,21,880.13,154.23,62.12,49.88,1,-1,-1,-1
220,1,1108.56,169.70,39.98,30.75,1,-1,-1,-1
220,13,1020.25,157.65,65.12,38.08,1,-1,-1,-1
220,14,428.20,495.05,327.54,290.99,1,-1,-1,-1
220,18,1000.05,203.29,90.98,69.21,1,-1,-1,-1
220,21,877.43,154.34,63.26,51.18,1,-1,-1,-1
221,1,1108.63,170.26,40.49,30.95,1,-1,-1,-1
221,13,1018.94,158.51,66.80,38.90,1,-1,-1,-1
221,14,408.70,511.03,334.75,298.16,1,-1,-1,-1
221,18,1000.55,200.40,90.09,68.42,1,-1,-1,-1
221,21,874.74,154.54,64.09,52.27,1,-1,-1,-1
222,1,1107.98,170.06,40.52,31.01,1,-1,-1,-1
222,13,1017.41,159.11,70.10,40.94,1,-1,-1,-1
222,14,388.02,543.40,339.17,301.97,1,-1,-1,-1
222,18,1001.14,196.53,90.55,68.77,1,-1,-1,-1
222,21,872.92,155.18,64.49,52.96,1,-1,-1,-1
223,1,1107.66,169.98,39.96,30.79,1,-1,-1,-1
223,13,1016.31,160.02,71.79,42.22,1,-1,-1,-1
223,14,354.86,557.49,362.69,323.77,1,-1,-1,-1
223,18,1001.45,191.55,92.30,70.38,1,-1,-1,-1
223,21,871.52,156.11,65.16,53.72,1,-1,-1,-1
224,1,1107.02,169.76,39.30,30.62,1,-1,-1,-1
224,11,1076.70,166.94,34.89,33.00,1,-1,-1,-1
224,13,1015.48,161.77,72.99,43.31,1,-1,-1,-1
224,14,321.62,569.87,380.30,340.81,1,-1,-1,-1
224,18,1005.18,194.88,85.95,64.00,1,-1,-1,-1
224,21,870.43,156.99,66.09,54.34,1,-1,-1,-1
225,1,1106.77,170.16,39.29,30.79,1,-1,-1,-1
225,11,1077.75,168.38,34.49,32.53,1,-1,-1,-1
225,13,1014.97,164.57,72.61,43.44,1,-1,-1,-1
225,14,283.73,603.07,399.61,360.37,1,-1,-1,-1
225,18,1006.61,193.77,83.80,61.13,1,-1,-1,-1
225,21,869.06,157.74,67.01,54.82,1,-1,-1,-1
226,1,1106.74,170.78,39.29,30.82,1,-1,-1,-1
226,11,1077.62,169.04,33.98,31.96,1,-1,-1,-1
226,13,1016.57,167.43,69.44,41.80,1,-1,-1,-1
226,14,255.06,631.51,414.52,376.45,1,-1,-1,-1
226,18,1006.28,191.10,84.14,60.35,1,-1,-1,-1
226,21,867.09,158.35,68.16,55.40,1,-1,-1,-1
227,1,1106.98,171.20,39.51,30.85,1,-1,-1,-1
227,11,1077.73,168.91,33.93,31.92,1,-1,-1,-1
227,13,1016.51,168.41,69.38,41.76,1,-1,-1,-1
227,14,223.60,670.79,413.35,374.56,1,-1,-1,-1
227,18,1006.04,188.82,84.68,59.84,1,-1,-1,-1
227,21,865.31,159.24,68.99,55.81,1,-1,-1,-1
228,1,1107.45,170.93,39.03,30.44,1,-1,-1,-1
228,11,1077.13,168.69,34.34,32.32,1,-1,-1,-1
228,14,199.00,708.75,402.40,356.51,1,-1,-1,-1
228,18,1006.14,187.65,85.01,59.31,1,-1,-1,-1
228,21,863.65,160.25,70.66,56.94,1,-1,-1,-1
229,1,1107.85,170.40,38.75,30.32,1,-1,-1,-1
229,11,1077.34,168.77,35.45,33.40,1,-1,-1,-1
229,14,177.22,727.68,410.63,363.79,1,-1,-1,-1
229,18,1007.13,186.15,85.15,58.76,1,-1,-1,-1
229,21,862.94,161.43,71.72,57.61,1,-1,-1,-1
230,1,1108.66,169.94,37.72,29.82,1,-1,-1,-1
230,11,1077.27,168.93,36.01,33.93,1,-1,-1,-1
230,18,1008.13,185.41,85.03,58.12,1,-1,-1,-1
230,21,861.77,162.67,73.13,58.58,1,-1,-1,-1
231,1,1109.22,170.04,37.83,30.10,1,-1,-1,-1
231,11,1077.22,170.11,36.19,34.25,1,-1,-1,-1
231,18,1008.07,183.43,86.53,58.88,1,-1,-1,-1
231,21,860.53,163.79,74.00,59.11,1,-1,-1,-1
232,1,1109.32,170.05,38.71,30.90,1,-1,-1,-1
232,11,1077.56,170.17,35.65,34.07,1,-1,-1,-1
232,18,1007.11,181.95,87.42,59.38,1,-1,-1,-1
232,21,858.84,164.67,75.16,59.89,1,-1,-1,-1
233,1,1109.19,170.73,39.64,31.50,1,-1,-1,-1
233,11,1077.50,170.50,35.90,34.31,1,-1,-1,-1
233,18,1005.95,180.18,88.55,60.27,1,-1,-1,-1
233,21,857.00,165.75,76.37,60.72,1,-1,-1,-1
233,26,965.51,171.02,36.36,28.32,1,-1,-1,-1
234,1,1108.99,171.50,39.92,31.66,1,-1,-1,-1
234,18,1007.34,175.26,85.92,58.91,1,-1,-1,-1
234,21,855.65,167.20,77.39,61.39,1,-1,-1,-1
234,26,964.63,171.46,36.10,28.12,1,-1,-1,-1
235,1,1109.91,171.81,38.62,30.82,1,-1,-1,-1
235,18,1009.41,173.77,82.42,56.65,1,-1,-1,-1
235,21,854.70,168.60,78.29,61.96,1,-1,-1,-1
236,1,1110.65,171.60,37.44,30.24,1,-1,-1,-1
236,18,1010.81,173.07,79.86,54.94,1,-1,-1,-1
236,21,854.68,170.25,77.36,61.05,1,-1,-1,-1
237,1,1112.00,171.02,36.05,29.56,1,-1,-1,-1
237,18,1012.83,172.48,76.48,52.57,1,-1,-1,-1
237,21,855.12,171.94,75.78,59.97,1,-1,-1,-1
238,1,1111.78,171.05,36.09,29.71,1,-1,-1,-1
238,18,1013.39,171.50,74.15,50.84,1,-1,-1,-1
238,21,855.79,173.48,73.83,58.93,1,-1,-1,-1
239,1,1111.21,171.65,36.49,29.88,1,-1,-1,-1
239,18,1013.51,170.13,72.06,49.14,1,-1,-1,-1
239,21,850.45,176.48,79.90,64.72,1,-1,-1,-1
239,27,929.79,178.21,26.58,27.02,1,-1,-1,-1
240,1,1110.18,172.38,37.01,29.78,1,-1,-1,-1
240,18,1014.52,169.98,69.07,46.53,1,-1,-1,-1
240,21,843.30,177.72,84.39,69.17,1,-1,-1,-1
240,27,928.04,177.99,26.65,27.00,1,-1,-1,-1
241,1,1110.17,172.42,37.25,29.57,1,-1,-1,-1
241,18,1014.78,169.29,67.94,45.20,1,-1,-1,-1
241,21,839.11,177.92,88.23,73.14,1,-1,-1,-1
241,27,927.42,178.50,26.34,26.36,1,-1,-1,-1
242,1,1110.46,172.07,37.37,29.58,1,-1,-1,-1
242,18,1014.97,167.90,67.97,44.75,1,-1,-1,-1
242,21,837.65,179.11,88.46,73.95,1,-1,-1,-1
242,27,926.11,177.72,27.17,26.74,1,-1,-1,-1
243,1,1110.43,171.41,36.96,29.42,1,-1,-1,-1
243,11,1081.58,168.53,27.49,26.88,1,-1,-1,-1
243,18,1014.25,165.31,69.73,45.60,1,-1,-1,-1
243,21,836.97,180.69,87.75,73.98,1,-1,-1,-1
243,27,925.06,176.85,28.58,27.61,1,-1,-1,-1
244,1,1110.33,171.07,36.35,29.15,1,-1,-1,-1
244,11,1081.67,167.07,27.37,27.15,1,-1,-1,-1
244,18,1013.75,163.18,70.79,46.17,1,-1,-1,-1
244,21,837.99,184.60,82.80,69.83,1,-1,-1,-1
244,27,923.33,175.32,30.45,28.82,1,-1,-1,-1
245,1,1110.07,170.75,35.87,28.76,1,-1,-1,-1
245,11,1082.14,166.29,27.00,26.92,1,-1,-1,-1
245,18,1013.45,162.03,70.99,46.21,1,-1,-1,-1
245,21,838.20,188.61,79.11,66.27,1,-1,-1,-1
245,26,968.19,167.67,30.21,23.37,1,-1,-1,-1
245,27,921.36,173.82,32.67,30.19,1,-1,-1,-1
246,1,1109.88,170.81,36.26,28.89,1,-1,-1,-1
246,11,1081.99,165.99,26.84,26.80,1,-1,-1,-1
246,18,1013.00,161.15,71.13,46.22,1,-1,-1,-1
246,21,837.84,192.01,76.75,63.41,1,-1,-1,-1
246,26,968.33,167.45,29.70,22.97,1,-1,-1,-1
246,27,918.80,171.98,35.02,31.38,1,-1,-1,-1
247,1,1109.48,170.77,36.93,29.15,1,-1,-1,-1
247,11,1081.83,165.98,26.52,26.45,1,-1,-1,-1
247,18,1012.62,159.82,71.51,46.30,1,-1,-1,-1
247,21,836.55,194.86,77.16,62.87,1,-1,-1,-1
247,27,915.96,170.67,37.48,32.47,1,-1,-1,-1
248,1,1109.28,170.82,37.05,29.04,1,-1,-1,-1
248,11,1081.37,165.67,26.86,26.71,1,-1,-1,-1
248,18,1013.05,158.58,71.34,45.95,1,-1,-1,-1
248,21,834.83,197.23,78.50,63.25,1,-1,-1,-1
248,27,913.63,169.49,39.26,32.87,1,-1,-1,-1
249,1,1109.54,170.70,36.59,28.74,1,-1,-1,-1
249,11,1081.41,165.43,26.64,26.49,1,-1,-1,-1
249,18,1013.78,157.40,70.97,45.51,1,-1,-1,-1
249,21,833.00,199.87,80.49,64.21,1,-1,-1,-1
249,27,912.03,168.37,41.33,33.41,1,-1,-1,-1
250,1,1109.55,170.75,36.07,28.54,1,-1,-1,-1
250,18,1015.30,156.92,69.46,44.31,1,-1,-1,-1
250,21,832.04,202.44,82.85,65.45,1,-1,-1,-1
250,27,910.97,166.95,43.39,33.90,1,-1,-1,-1
251,1,1109.19,170.33,36.36,28.95,1,-1,-1,-1
251,11,1081.04,164.37,28.40,27.92,1,-1,-1,-1
251,18,1016.40,156.41,68.10,43.29,1,-1,-1,-1
251,21,831.22,205.87,83.08,64.90,1,-1,-1,-1
251,27,910.83,164.97,44.87,33.93,1,-1,-1,-1
252,1,1108.69,169.88,37.01,29.41,1,-1,-1,-1
252,11,1081.05,164.69,28.34,27.66,1,-1,-1,-1
252,18,1016.76,155.87,67.05,42.56,1,-1,-1,-1
252,21,829.65,208.32,84.08,65.15,1,-1,-1,-1
252,27,909.40,162.92,46.81,34.45,1,-1,-1,-1
253,1,1108.65,169.54,37.67,29.73,1,-1,-1,-1
253,11,1081.05,165.19,27.87,27.04,1,-1,-1,-1
253,18,1017.12,155.64,65.67,41.67,1,-1,-1,-1
253,21,827.19,209.52,85.74,66.12,1,-1,-1,-1
253,27,907.55,160.85,48.87,35.17,1,-1,-1,-1
254,1,1108.99,169.48,37.94,29.69,1,-1,-1,-1
254,11,1081.28,165.65,27.50,26.53,1,-1,-1,-1
254,18,1017.47,155.88,64.26,40.73,1,-1,-1,-1
254,21,825.21,210.16,87.40,67.27,1,-1,-1,-1
254,27,905.24,159.13,51.74,36.56,1,-1,-1,-1
255,1,1109.07,169.56,38.34,29.90,1,-1,-1,-1
255,11,1081.65,165.56,27.93,26.83,1,-1,-1,-1
255,18,1018.08,156.16,63.05,39.91,1,-1,-1,-1
255,21,820.63,210.79,93.43,72.03,1,-1,-1,-1
255,27,904.15,157.98,53.63,37.40,1,-1,-1,-1
256,1,1108.74,169.42,38.12,29.79,1,-1,-1,-1
256,11,1081.82,164.98,28.78,27.57,1,-1,-1,-1
256,18,1018.26,155.92,63.23,40.00,1,-1,-1,-1
256,21,817.21,210.98,97.52,75.36,1,-1,-1,-1
256,27,904.03,156.94,54.84,37.89,1,-1,-1,-1
257,1,1108.23,169.49,38.23,30.07,1,-1,-1,-1
257,11,1081.88,164.59,29.40,28.14,1,-1,-1,-1
257,18,1018.16,155.47,63.57,40.28,1,-1,-1,-1
257,21,814.34,211.03,100.90,78.31,1,-1,-1,-1
257,27,903.31,156.09,55.82,38.37,1,-1,-1,-1
258,1,1108.35,169.63,38.17,30.15,1,-1,-1,-1
258,11,1081.92,164.73,29.31,28.02,1,-1,-1,-1
258,18,1017.91,155.17,63.61,40.41,1,-1,-1,-1
258,21,811.74,211.94,103.07,80.28,1,-1,-1,-1
258,27,902.06,154.85,57.09,39.14,1,-1,-1,-1
259,1,1109.09,169.83,38.36,30.22,1,-1,-1,-1
259,11,1081.93,165.41,28.49,27.14,1,-1,-1,-1
259,18,1017.60,155.19,63.18,40.23,1,-1,-1,-1
259,21,809.96,213.80,103.52,80.77,1,-1,-1,-1
259,27,899.57,152.94,59.96,41.18,1,-1,-1,-1
260,1,1109.93,170.03,38.32,29.97,1,-1,-1,-1
260,11,1081.71,166.08,27.74,26.21,1,-1,-1,-1
260,18,1017.83,155.97,61.64,39.15,1,-1,-1,-1
260,21,809.35,216.95,101.95,79.40,1,-1,-1,-1
260,27,897.22,151.52,62.40,43.02,1,-1,-1,-1
261,1,1110.63,170.00,38.12,29.51,1,-1,-1,-1
261,11,1081.33,166.43,27.41,25.59,1,-1,-1,-1
261,18,1018.74,157.17,59.72,37.62,1,-1,-1,-1
261,21,809.05,221.31,99.82,77.36,1,-1,-1,-1
261,27,895.74,146.72,65.25,45.40,1,-1,-1,-1
262,1,1110.83,169.82,38.28,29.47,1,-1,-1,-1
262,11,1081.16,166.03,27.94,25.77,1,-1,-1,-1
262,18,1019.81,158.24,58.19,36.24,1,-1,-1,-1
262,21,806.21,224.32,102.48,80.23,1,-1,-1,-1
262,27,894.90,144.09,67.13,47.19,1,-1,-1,-1
263,1,1110.68,169.53,38.28,29.48,1,-1,-1,-1
263,11,1081.57,165.16,28.86,26.39,1,-1,-1,-1
263,18,1020.62,158.45,57.93,35.72,1,-1,-1,-1
263,21,804.82,228.54,102.33,80.81,1,-1,-1,-1
263,27,894.71,142.67,67.93,48.27,1,-1,-1,-1
264,1,1109.93,169.41,38.33,29.73,1,-1,-1,-1
264,11,1082.27,164.42,29.82,27.18,1,-1,-1,-1
264,18,1020.12,157.93,59.40,36.50,1,-1,-1,-1
264,21,802.97,231.65,102.79,81.85,1,-1,-1,-1
264,27,893.59,141.40,69.83,50.22,1,-1,-1,-1
265,1,1109.63,169.57,38.16,29.65,1,-1,-1,-1
265,11,1082.01,164.53,29.68,26.97,1,-1,-1,-1
265,18,1020.17,158.42,59.59,36.49,1,-1,-1,-1
265,21,801.49,234.28,102.77,82.33,1,-1,-1,-1
265,27,891.78,140.30,72.22,52.62,1,-1,-1,-1
266,1,1109.63,169.68,38.12,29.53,1,-1,-1,-1
266,11,1081.04,164.77,29.53,26.70,1,-1,-1,-1
266,18,1020.52,159.32,59.18,36.15,1,-1,-1,-1
266,21,799.93,235.78,103.40,82.97,1,-1,-1,-1
266,27,889.47,138.97,75.39,55.84,1,-1,-1,-1
267,1,1109.85,169.84,38.24,29.40,1,-1,-1,-1
267,11,1079.61,165.07,29.30,26.26,1,-1,-1,-1
267,18,1021.90,160.84,57.13,34.72,1,-1,-1,-1
267,21,794.53,236.56,106.14,85.32,1,-1,-1,-1
267,27,888.41,138.23,76.44,57.52,1,-1,-1,-1
268,1,1109.86,169.89,38.50,29.42,1,-1,-1,-1
268,11,1079.42,164.91,29.95,26.63,1,-1,-1,-1
268,18,1021.73,161.14,57.12,34.68,1,-1,-1,-1
268,21,786.82,237.26,116.70,95.35,1,-1,-1,-1
268,27,885.66,139.16,73.91,56.46,1,-1,-1,-1
269,1,1109.72,169.97,38.62,29.42,1,-1,-1,-1
269,11,1079.82,165.16,30.54,26.91,1,-1,-1,-1
269,18,1022.23,162.01,56.35,34.07,1,-1,-1,-1
269,21,784.11,239.71,118.24,97.81,1,-1,-1,-1
269,27,884.30,139.41,72.51,56.05,1,-1,-1,-1
270,1,1109.96,169.91,38.41,29.21,1,-1,-1,-1
270,11,1080.48,165.48,31.18,27.21,1,-1,-1,-1
270,18,1022.71,163.11,56.01,33.72,1,-1,-1,-1
270,21,782.77,243.95,115.74,96.22,1,-1,-1,-1
270,27,882.36,138.56,74.28,58.17,1,-1,-1,-1
271,1,1110.29,169.94,38.24,28.96,1,-1,-1,-1
271,11,1079.76,166.37,31.27,26.93,1,-1,-1,-1
271,18,1024.40,164.75,54.16,32.37,1,-1,-1,-1
271,21,780.60,247.96,114.26,95.09,1,-1,-1,-1
271,27,880.86,137.82,76.02,60.37,1,-1,-1,-1
271,28,706.92,806.65,510.81,266.54,1,-1,-1,-1
272,1,1110.44,170.18,38.46,28.91,1,-1,-1,-1
272,11,1078.50,167.31,31.03,26.40,1,-1,-1,-1
272,18,1025.21,166.01,52.96,31.57,1,-1,-1,-1
272,21,776.53,251.54,115.35,96.08,1,-1,-1,-1
272,27,880.04,142.27,74.55,60.02,1,-1,-1,-1
272,28,706.87,768.43,500.06,263.95,1,-1,-1,-1
273,1,1110.50,170.57,38.99,29.12,1,-1,-1,-1
273,11,1077.11,168.79,30.27,25.40,1,-1,-1,-1
273,18,1026.25,167.49,50.86,30.19,1,-1,-1,-1
273,21,771.59,254.95,118.10,98.77,1,-1,-1,-1
273,27,877.82,142.61,77.33,63.17,1,-1,-1,-1
273,28,712.95,735.32,507.86,272.50,1,-1,-1,-1
274,1,1110.50,171.18,39.19,29.16,1,-1,-1,-1
274,11,1075.80,169.90,30.24,24.99,1,-1,-1,-1
274,18,1027.33,168.91,49.51,29.32,1,-1,-1,-1
274,21,767.09,258.72,119.64,100.56,1,-1,-1,-1
274,27,874.80,141.48,81.30,67.43,1,-1,-1,-1
274,28,741.29,700.30,462.04,251.50,1,-1,-1,-1
275,1,1110.48,171.49,39.42,29.19,1,-1,-1,-1
275,11,1074.82,170.67,30.20,24.59,1,-1,-1,-1
275,18,1028.54,170.45,48.19,28.39,1,-1,-1,-1
275,21,764.49,262.58,118.15,99.60,1,-1,-1,-1
275,27,872.94,141.06,82.94,69.67,1,-1,-1,-1
275,28,752.29,672.76,446.60,247.62,1,-1,-1,-1
276,1,1110.38,171.77,39.56,29.29,1,-1,-1,-1
276,11,1074.58,169.94,31.42,25.34,1,-1,-1,-1
276,18,1028.91,171.02,47.90,28.20,1,-1,-1,-1
276,21,761.54,271.58,116.24,98.40,1,-1,-1,-1
276,27,871.91,142.07,82.69,70.26,1,-1,-1,-1
276,28,767.70,653.21,424.51,240.05,1,-1,-1,-1
277,1,1110.30,171.58,39.87,29.64,1,-1,-1,-1
277,11,1075.41,168.77,32.43,26.08,1,-1,-1,-1
277,18,1028.49,171.14,47.89,28.25,1,-1,-1,-1
277,21,759.23,276.43,115.59,97.96,1,-1,-1,-1
277,27,872.41,144.96,79.97,68.23,1,-1,-1,-1
277,28,784.00,622.71,400.08,230.61,1,-1,-1,-1
278,1,1110.35,171.33,40.16,30.00,1,-1,-1,-1
278,11,1075.52,168.39,32.82,26.31,1,-1,-1,-1
278,18,1028.56,170.83,48.25,28.59,1,-1,-1,-1
278,21,756.81,279.88,116.59,98.51,1,-1,-1,-1
278,27,871.53,147.70,78.44,66.91,1,-1,-1,-1
278,28,797.77,600.23,380.08,223.41,1,-1,-1,-1
279,1,1110.52,171.11,40.53,30.29,1,-1,-1,-1
279,11,1074.64,169.24,32.22,25.70,1,-1,-1,-1
279,18,1029.83,171.03,48.00,28.49,1,-1,-1,-1
279,21,749.77,282.38,122.18,103.20,1,-1,-1,-1
279,27,869.70,149.08,78.51,66.76,1,-1,-1,-1
279,28,809.47,585.22,362.75,217.35,1,-1,-1,-1
280,1,1110.58,170.88,40.36,30.13,1,-1,-1,-1
280,11,1072.92,170.35,31.65,25.00,1,-1,-1,-1
280,18,1031.96,171.79,47.01,27.85,1,-1,-1,-1
280,21,743.91,285.02,127.96,108.41,1,-1,-1,-1
280,27,867.33,150.45,78.85,66.70,1,-1,-1,-1
280,28,826.09,561.42,335.07,204.53,1,-1,-1,-1
281,1,1111.15,170.55,40.01,29.92,1,-1,-1,-1
281,11,1072.07,170.61,31.42,24.61,1,-1,-1,-1
281,18,1033.66,172.66,45.33,26.84,1,-1,-1,-1
281,21,737.66,287.90,133.51,113.68,1,-1,-1,-1
281,27,865.58,152.05,79.10,66.57,1,-1,-1,-1
281,28,839.66,543.26,312.87,194.42,1,-1,-1,-1
282,1,1111.65,170.33,39.35,29.45,1,-1,-1,-1
282,11,1071.58,170.11,31.55,24.46,1,-1,-1,-1
282,18,1034.94,173.33,43.49,25.81,1,-1,-1,-1
282,21,732.91,291.60,135.37,115.45,1,-1,-1,-1
282,27,859.69,150.61,88.70,75.16,1,-1,-1,-1
282,28,851.72,529.70,294.99,186.12,1,-1,-1,-1
283,1,1112.18,170.46,39.21,29.38,1,-1,-1,-1
283,11,1071.48,169.87,31.58,24.29,1,-1,-1,-1
283,18,1036.29,174.85,41.02,24.39,1,-1,-1,-1
283,21,729.12,302.53,131.78,111.67,1,-1,-1,-1
283,27,857.18,151.11,92.05,78.57,1,-1,-1,-1
283,28,854.75,505.44,292.66,188.28,1,-1,-1,-1
284,1,1112.30,170.83,38.81,29.17,1,-1,-1,-1
284,11,1071.59,169.02,32.86,25.09,1,-1,-1,-1
284,18,1037.37,176.39,38.59,23.02,1,-1,-1,-1
284,21,722.88,306.61,134.60,113.64,1,-1,-1,-1
284,27,856.37,152.55,92.61,79.65,1,-1,-1,-1
284,28,864.00,491.01,280.20,183.37,1,-1,-1,-1
285,1,1112.14,170.95,38.58,29.17,1,-1,-1,-1
285,11,1072.21,168.19,34.11,25.96,1,-1,-1,-1
285,18,1037.15,177.27,37.61,22.59,1,-1,-1,-1
285,21,715.66,309.41,138.75,116.91,1,-1,-1,-1
285,27,854.78,153.62,93.02,80.77,1,-1,-1,-1
285,28,871.32,476.93,268.16,178.23,1,-1,-1,-1
286,1,1112.07,171.08,38.86,29.63,1,-1,-1,-1
286,11,1072.36,167.35,35.10,26.70,1,-1,-1,-1
286,18,1036.68,176.99,37.67,23.02,1,-1,-1,-1
286,21,709.53,313.01,143.25,120.66,1,-1,-1,-1
286,27,853.61,155.15,92.69,81.30,1,-1,-1,-1
286,28,879.57,465.06,256.00,172.54,1,-1,-1,-1
287,1,1112.09,171.06,39.47,30.34,1,-1,-1,-1
287,11,1072.65,167.23,35.13,26.81,1,-1,-1,-1
287,18,1036.86,175.41,38.43,24.05,1,-1,-1,-1
287,21,700.79,319.01,146.22,123.29,1,-1,-1,-1
287,27,852.08,156.78,92.38,81.84,1,-1,-1,-1
287,28,878.38,443.72,257.12,176.33,1,-1,-1,-1
288,1,1112.31,171.05,39.66,30.74,1,-1,-1,-1
288,11,1072.41,167.89,34.64,26.60,1,-1,-1,-1
288,18,1038.85,175.23,37.15,23.89,1,-1,-1,-1
288,21,696.32,324.24,147.22,124.25,1,-1,-1,-1
288,27,850.48,159.36,91.73,81.99,1,-1,-1,-1
288,28,881.16,430.93,253.44,177.10,1,-1,-1,-1
289,1,1112.60,171.13,39.03,30.50,1,-1,-1,-1
289,11,1072.19,168.16,34.60,26.74,1,-1,-1,-1
289,18,1041.09,175.63,35.42,23.31,1,-1,-1,-1
289,21,690.81,332.99,150.26,126.86,1,-1,-1,-1
289,27,848.98,161.88,91.04,82.00,1,-1,-1,-1
289,28,885.99,420.00,245.95,174.78,1,-1,-1,-1
290,1,1112.38,171.30,38.80,30.49,1,-1,-1,-1
290,11,1073.16,168.31,34.32,26.67,1,-1,-1,-1
290,18,1041.81,175.97,34.87,22.95,1,-1,-1,-1
290,21,684.71,337.73,154.54,131.10,1,-1,-1,-1
290,27,847.53,163.95,90.70,82.19,1,-1,-1,-1
290,28,891.74,409.67,237.51,171.29,1,-1,-1,-1
291,1,1112.07,171.48,39.34,31.02,1,-1,-1,-1
291,11,1075.08,168.34,33.82,26.46,1,-1,-1,-1
291,21,677.24,342.27,159.33,136.11,1,-1,-1,-1
291,27,846.95,165.66,89.61,81.50,1,-1,-1,-1
291,28,907.42,405.64,211.67,154.28,1,-1,-1,-1
292,1,1111.66,171.47,39.82,31.42,1,-1,-1,-1
292,11,1075.23,168.32,33.89,26.51,1,-1,-1,-1
292,21,670.13,346.89,162.57,139.60,1,-1,-1,-1
292,27,844.99,168.46,89.94,81.77,1,-1,-1,-1
292,28,915.41,400.07,198.81,146.61,1,-1,-1,-1
293,1,1111.73,171.85,39.66,31.30,1,-1,-1,-1
293,21,662.14,358.48,164.94,141.77,1,-1,-1,-1
293,27,843.17,169.10,91.46,83.25,1,-1,-1,-1
293,28,925.85,389.62,182.17,135.26,1,-1,-1,-1
294,1,1111.78,172.38,39.31,31.02,1,-1,-1,-1
294,21,653.31,360.14,175.06,151.19,1,-1,-1,-1
294,27,838.13,169.03,93.26,85.19,1,-1,-1,-1
294,28,929.55,381.61,178.68,134.14,1,-1,-1,-1
295,1,1111.50,172.73,39.33,31.03,1,-1,-1,-1
295,21,645.48,369.15,171.80,148.49,1,-1,-1,-1
295,27,835.03,169.66,95.03,87.12,1,-1,-1,-1
295,28,933.53,374.38,173.82,131.96,1,-1,-1,-1
296,1,1111.21,172.66,39.59,31.19,1,-1,-1,-1
296,21,637.94,377.07,171.42,147.85,1,-1,-1,-1
296,27,832.04,170.80,97.27,89.47,1,-1,-1,-1
296,28,938.01,370.00,167.42,128.03,1,-1,-1,-1
297,1,1111.03,172.50,39.67,31.19,1,-1,-1,-1
297,21,631.68,384.06,170.60,146.06,1,-1,-1,-1
297,27,830.69,173.48,97.03,89.36,1,-1,-1,-1
297,28,938.78,357.44,168.34,130.19,1,-1,-1,-1
298,1,1111.04,172.31,39.88,31.27,1,-1,-1,-1
298,21,618.49,391.92,181.02,154.75,1,-1,-1,-1
298,27,828.46,176.00,97.10,89.39,1,-1,-1,-1
298,28,941.50,349.55,166.48,130.30,1,-1,-1,-1
299,1,1110.99,172.14,39.78,31.14,1,-1,-1,-1
299,21,607.03,400.38,184.57,158.45,1,-1,-1,-1
299,27,825.38,178.65,97.26,89.38,1,-1,-1,-1
299,28,944.90,342.13,162.84,129.28,1,-1,-1,-1
300,1,1110.67,171.88,39.92,31.16,1,-1,-1,-1
300,21,593.87,405.98,196.85,169.12,1,-1,-1,-1
300,27,821.69,181.65,98.90,90.69,1,-1,-1,-1
300,28,949.07,336.58,155.93,125.09,1,-1,-1,-1
301,1,1110.39,171.51,40.10,31.19,1,-1,-1,-1
301,21,583.48,415.01,202.08,174.06,1,-1,-1,-1
301,27,818.10,184.99,100.99,92.58,1,-1,-1,-1
301,28,953.64,334.49,147.62,119.18,1,-1,-1,-1
302,1,1110.12,171.03,40.37,31.21,1,-1,-1,-1
302,21,575.14,425.26,203.70,176.25,1,-1,-1,-1
302,27,816.21,188.71,102.17,93.67,1,-1,-1,-1
302,28,954.02,323.19,148.89,121.65,1,-1,-1,-1
303,1,1109.89,170.78,40.21,31.00,1,-1,-1,-1
303,21,568.27,434.20,205.28,178.95,1,-1,-1,-1
303,27,814.66,191.83,102.13,93.65,1,-1,-1,-1
303,28,956.24,316.27,146.65,121.00,1,-1,-1,-1
304,1,1109.59,170.61,39.93,30.74,1,-1,-1,-1
304,21,558.76,443.74,202.78,176.81,1,-1,-1,-1
304,27,813.89,194.82,100.73,92.32,1,-1,-1,-1
304,28,960.13,311.53,140.58,116.51,1,-1,-1,-1
305,1,1109.34,170.67,40.25,30.92,1,-1,-1,-1
305,21,549.77,461.33,204.04,176.94,1,-1,-1,-1
305,27,812.62,202.16,98.63,89.75,1,-1,-1,-1
305,28,964.09,308.00,134.14,111.45,1,-1,-1,-1
306,1,1109.44,170.49,40.90,31.22,1,-1,-1,-1
306,21,538.14,476.53,207.31,178.01,1,-1,-1,-1
306,27,810.23,205.75,99.23,89.66,1,-1,-1,-1
306,28,967.17,305.83,128.56,107.09,1,-1,-1,-1
307,1,1109.68,170.31,41.61,31.51,1,-1,-1,-1
307,21,524.00,490.97,212.74,180.83,1,-1,-1,-1
307,27,804.20,204.73,105.04,96.06,1,-1,-1,-1
307,28,968.49,297.15,126.46,105.98,1,-1,-1,-1
308,1,1109.84,170.00,41.77,31.35,1,-1,-1,-1
308,21,505.68,501.06,223.98,189.30,1,-1,-1,-1
308,27,801.28,206.74,105.51,97.20,1,-1,-1,-1
308,28,969.38,291.25,125.30,105.58,1,-1,-1,-1
309,1,1109.39,169.90,41.63,31.01,1,-1,-1,-1
309,21,488.02,517.62,236.34,198.75,1,-1,-1,-1
309,27,799.46,210.11,105.18,97.23,1,-1,-1,-1
309,28,971.22,286.48,122.46,103.55,1,-1,-1,-1
310,1,1108.67,169.97,41.34,30.60,1,-1,-1,-1
310,21,476.12,526.63,243.30,203.91,1,-1,-1,-1
310,27,798.75,213.94,104.40,96.51,1,-1,-1,-1
310,28,973.01,282.97,119.33,101.07,1,-1,-1,-1
