35,2,822.79,742.92,331.27,275.79,1,-1,-1,-1
36,2,833.44,711.83,318.66,266.18,1,-1,-1,-1
37,2,847.12,680.92,302.83,253.53,1,-1,-1,-1
38,2,854.33,656.32,289.54,243.21,1,-1,-1,-1
39,2,861.92,631.38,277.56,234.05,1,-1,-1,-1
40,2,870.56,611.88,269.34,227.58,1,-1,-1,-1
41,2,877.83,592.01,260.31,220.07,1,-1,-1,-1
42,2,888.03,574.95,245.53,207.08,1,-1,-1,-1
43,2,892.59,557.12,238.25,200.84,1,-1,-1,-1
44,2,893.61,535.77,237.88,200.43,1,-1,-1,-1
45,2,905.25,522.52,230.12,193.95,1,-1,-1,-1
46,2,908.66,506.93,228.94,194.09,1,-1,-1,-1
47,2,912.93,493.72,217.38,185.25,1,-1,-1,-1
48,2,917.28,480.03,214.02,183.52,1,-1,-1,-1
49,2,923.96,466.75,206.03,177.64,1,-1,-1,-1
50,2,924.51,455.54,199.23,171.81,1,-1,-1,-1
51,2,930.94,446.36,194.15,168.46,1,-1,-1,-1
52,2,932.39,433.16,190.76,167.11,1,-1,-1,-1
53,2,934.97,421.24,188.34,165.70,1,-1,-1,-1
54,2,943.12,414.32,179.38,158.58,1,-1,-1,-1
55,2,949.08,405.82,173.20,153.59,1,-1,-1,-1
56,2,954.02,396.21,170.76,152.76,1,-1,-1,-1
57,2,960.01,390.13,163.86,147.41,1,-1,-1,-1
58,2,962.72,382.98,156.74,141.26,1,-1,-1,-1
59,2,965.80,376.75,151.50,136.97,1,-1,-1,-1
60,2,965.69,367.89,149.57,136.02,1,-1,-1,-1
61,2,967.24,360.44,146.73,133.91,1,-1,-1,-1
62,2,972.81,354.38,140.90,128.49,1,-1,-1,-1
63,2,978.56,349.78,136.64,124.76,1,-1,-1,-1
64,2,980.79,343.93,134.77,122.91,1,-1,-1,-1
65,2,981.33,335.05,134.91,123.49,1,-1,-1,-1
66,2,982.49,328.87,128.72,117.71,1,-1,-1,-1
67,2,982.06,322.11,128.16,117.30,1,-1,-1,-1
68,2,985.00,320.08,123.95,113.19,1,-1,-1,-1
69,2,988.41,314.82,122.70,111.88,1,-1,-1,-1
70,2,997.50,320.66,111.41,99.99,1,-1,-1,-1
71,2,1002.15,321.45,105.74,93.32,1,-1,-1,-1
72,2,997.70,303.96,111.99,98.90,1,-1,-1,-1
73,2,995.04,293.61,114.64,101.42,1,-1,-1,-1
74,2,993.77,286.95,115.53,102.49,1,-1,-1,-1
75,2,995.65,283.89,115.20,102.40,1,-1,-1,-1
76,2,999.93,283.21,110.16,97.51,1,-1,-1,-1
77,2,1003.39,283.77,104.90,91.70,1,-1,-1,-1
78,2,1001.53,273.91,109.64,96.11,1,-1,-1,-1
79,2,1001.49,269.90,108.17,94.76,1,-1,-1,-1
80,2,1003.53,268.93,102.37,89.00,1,-1,-1,-1
81,2,1002.57,260.04,106.38,92.66,1,-1,-1,-1
82,2,1002.03,254.78,106.53,92.93,1,-1,-1,-1
83,2,1003.52,251.81,105.66,92.07,1,-1,-1,-1
84,2,1004.49,246.73,105.50,91.60,1,-1,-1,-1
85,2,1005.78,242.16,104.17,90.72,1,-1,-1,-1
86,2,1005.24,239.84,102.10,88.93,1,-1,-1,-1
87,2,1007.30,239.43,96.18,83.33,1,-1,-1,-1
88,2,1006.84,234.26,97.07,83.86,1,-1,-1,-1
89,2,1009.06,231.74,95.55,82.31,1,-1,-1,-1
90,2,1011.12,231.49,93.31,79.85,1,-1,-1,-1
91,2,1009.98,226.79,96.25,82.30,1,-1,-1,-1
92,2,1010.32,223.77,94.03,80.33,1,-1,-1,-1
93,2,1010.42,221.99,91.45,77.76,1,-1,-1,-1
94,2,1011.22,219.07,90.13,76.61,1,-1,-1,-1
95,2,1011.05,217.75,88.54,75.12,1,-1,-1,-1
96,2,1011.15,213.72,90.12,76.43,1,-1,-1,-1
97,2,1013.74,210.80,88.71,74.96,1,-1,-1,-1
98,2,1015.35,210.10,85.71,72.02,1,-1,-1,-1
99,2,1014.44,209.13,83.80,69.89,1,-1,-1,-1
100,2,1013.88,208.15,81.49,67.33,1,-1,-1,-1
101,2,1014.01,207.09,80.60,65.94,1,-1,-1,-1
102,2,1020.02,213.78,70.42,56.27,1,-1,-1,-1
103,2,1022.83,214.85,67.30,52.73,1,-1,-1,-1
104,2,1025.30,214.93,65.40,50.05,1,-1,-1,-1
105,2,1018.45,203.86,76.20,57.90,1,-1,-1,-1
106,2,1014.48,198.02,80.06,60.90,1,-1,-1,-1
107,2,1011.54,192.63,83.37,63.81,1,-1,-1,-1
108,2,1014.78,193.84,79.27,60.96,1,-1,-1,-1
109,2,1016.66,193.06,77.73,60.31,1,-1,-1,-1
110,2,1020.01,193.44,73.35,57.08,1,-1,-1,-1
111,2,1016.16,185.02,78.82,61.59,1,-1,-1,-1
111,4,809.34,742.28,367.32,275.73,1,-1,-1,-1
112,2,1015.61,181.32,80.47,63.09,1,-1,-1,-1
112,4,808.88,707.29,361.21,272.44,1,-1,-1,-1
113,2,1013.96,178.32,82.52,65.06,1,-1,-1,-1
113,4,820.83,676.65,339.20,257.22,1,-1,-1,-1
114,2,1016.02,176.33,83.25,65.52,1,-1,-1,-1
114,4,840.90,645.23,310.02,236.15,1,-1,-1,-1
115,2,1016.15,174.26,83.22,65.65,1,-1,-1,-1
115,4,856.36,619.65,287.60,219.89,1,-1,-1,-1
116,2,1017.37,174.29,78.38,62.40,1,-1,-1,-1
116,4,860.37,596.93,281.40,216.52,1,-1,-1,-1
117,2,1020.32,175.47,73.21,58.46,1,-1,-1,-1
117,4,866.45,576.79,272.24,210.44,1,-1,-1,-1
118,2,1020.95,175.07,71.01,56.83,1,-1,-1,-1
118,4,873.11,559.49,261.80,202.93,1,-1,-1,-1
118,5,926.63,171.96,51.04,25.62,1,-1,-1,-1
119,2,1022.97,176.08,66.13,52.43,1,-1,-1,-1
119,4,875.23,537.84,259.06,201.58,1,-1,-1,-1
119,5,925.26,170.48,52.02,26.01,1,-1,-1,-1
120,2,1018.93,169.30,72.83,58.35,1,-1,-1,-1
120,4,882.54,522.60,248.05,193.23,1,-1,-1,-1
120,5,923.56,169.07,53.08,26.38,1,-1,-1,-1
121,2,1019.36,168.00,71.15,57.26,1,-1,-1,-1
121,4,885.44,503.98,245.15,191.80,1,-1,-1,-1
121,5,920.86,167.13,56.69,28.17,1,-1,-1,-1
122,2,1019.98,166.17,70.99,57.55,1,-1,-1,-1
122,4,899.24,489.27,235.66,184.87,1,-1,-1,-1
122,5,918.55,165.16,60.67,30.30,1,-1,-1,-1
123,2,1021.14,165.05,69.92,56.84,1,-1,-1,-1
123,4,911.72,477.99,223.77,175.98,1,-1,-1,-1
123,5,916.88,164.05,63.40,31.85,1,-1,-1,-1
124,2,1022.71,164.61,67.63,54.88,1,-1,-1,-1
124,4,914.56,462.71,217.70,171.92,1,-1,-1,-1
124,5,915.03,162.34,66.27,33.62,1,-1,-1,-1
125,2,1023.73,163.67,65.84,53.29,1,-1,-1,-1
125,4,922.36,451.67,207.99,164.35,1,-1,-1,-1
125,5,912.97,159.48,69.25,35.57,1,-1,-1,-1
126,2,1024.08,163.71,63.65,50.93,1,-1,-1,-1
126,4,924.28,439.89,202.16,160.56,1,-1,-1,-1
126,5,909.57,157.81,71.03,37.05,1,-1,-1,-1
127,2,1025.98,164.26,60.20,47.23,1,-1,-1,-1
127,4,924.40,426.10,199.56,159.24,1,-1,-1,-1
127,5,906.51,155.11,73.66,39.05,1,-1,-1,-1
128,2,1028.06,163.78,58.78,45.07,1,-1,-1,-1
128,4,926.24,416.69,194.38,155.74,1,-1,-1,-1
128,5,905.48,152.87,75.22,40.44,1,-1,-1,-1
129,2,1030.16,164.68,57.25,43.02,1,-1,-1,-1
129,4,932.75,408.54,186.22,149.26,1,-1,-1,-1
129,5,903.58,150.92,76.57,41.75,1,-1,-1,-1
130,2,1031.65,164.72,57.37,42.33,1,-1,-1,-1
130,4,936.71,398.87,181.88,146.37,1,-1,-1,-1
130,5,902.25,148.99,78.33,43.40,1,-1,-1,-1
131,2,1028.29,158.73,64.77,47.86,1,-1,-1,-1
131,4,941.18,391.40,174.97,140.74,1,-1,-1,-1
131,5,899.67,147.53,81.04,45.78,1,-1,-1,-1
131,7,1111.76,169.48,41.09,24.85,1,-1,-1,-1
132,2,1026.64,155.82,67.16,49.76,1,-1,-1,-1
132,4,945.56,383.56,166.48,133.46,1,-1,-1,-1
132,5,897.61,146.36,82.38,47.40,1,-1,-1,-1
132,7,1110.62,168.42,43.11,26.07,1,-1,-1,-1
133,2,1025.16,154.00,68.13,50.33,1,-1,-1,-1
133,4,949.67,373.55,163.03,130.77,1,-1,-1,-1
133,5,894.80,144.77,84.76,49.39,1,-1,-1,-1
133,7,1110.54,167.73,43.99,26.61,1,-1,-1,-1
134,2,1025.08,153.62,67.10,49.12,1,-1,-1,-1
134,4,952.44,365.94,159.93,128.92,1,-1,-1,-1
134,5,893.79,142.80,83.87,49.69,1,-1,-1,-1
134,7,1110.73,167.46,44.16,26.74,1,-1,-1,-1
135,2,1024.85,152.57,67.36,49.11,1,-1,-1,-1
135,4,955.00,358.94,155.07,125.05,1,-1,-1,-1
135,5,893.23,141.34,83.04,50.03,1,-1,-1,-1
135,7,1110.72,167.11,44.26,26.84,1,-1,-1,-1
136,2,1024.61,151.04,68.75,49.96,1,-1,-1,-1
136,4,957.83,349.88,150.46,121.28,1,-1,-1,-1
136,5,891.22,138.89,85.45,52.58,1,-1,-1,-1
136,7,1111.51,167.46,43.64,26.44,1,-1,-1,-1
137,2,1025.03,150.22,69.33,50.38,1,-1,-1,-1
137,4,960.15,345.00,148.91,120.53,1,-1,-1,-1
137,5,890.19,137.64,86.97,54.71,1,-1,-1,-1
137,7,1111.53,167.21,43.92,26.61,1,-1,-1,-1
138,2,1027.00,149.87,67.73,49.23,1,-1,-1,-1
138,4,962.66,336.18,149.06,121.62,1,-1,-1,-1
138,5,890.09,136.41,86.99,55.79,1,-1,-1,-1
138,7,1110.86,167.06,44.72,27.10,1,-1,-1,-1
139,2,1027.37,149.16,67.12,48.71,1,-1,-1,-1
139,4,964.77,330.48,142.57,116.62,1,-1,-1,-1
139,5,889.12,135.10,90.72,58.90,1,-1,-1,-1
139,7,1110.78,167.14,44.41,26.99,1,-1,-1,-1
140,2,1027.70,149.10,65.86,47.42,1,-1,-1,-1
140,4,967.88,325.00,135.58,110.72,1,-1,-1,-1
140,5,884.87,133.27,92.15,61.13,1,-1,-1,-1
140,7,1110.21,166.67,44.87,27.32,1,-1,-1,-1
141,2,1027.86,148.75,65.40,46.57,1,-1,-1,-1
141,4,969.66,316.42,134.97,110.61,1,-1,-1,-1
141,5,883.48,132.40,92.07,62.24,1,-1,-1,-1
141,7,1110.31,166.64,44.60,27.20,1,-1,-1,-1
142,2,1028.13,148.47,65.27,46.19,1,-1,-1,-1
142,4,971.80,311.60,132.38,108.48,1,-1,-1,-1
142,5,883.88,132.03,92.22,63.20,1,-1,-1,-1
142,7,1110.59,166.94,43.75,26.73,1,-1,-1,-1
142,8,1069.96,160.49,45.47,33.09,1,-1,-1,-1
143,2,1029.48,149.83,63.72,44.85,1,-1,-1,-1
143,4,974.46,306.67,129.73,106.80,1,-1,-1,-1
143,5,883.38,131.85,91.23,63.60,1,-1,-1,-1
143,7,1110.66,166.98,43.94,26.84,1,-1,-1,-1
143,8,1069.80,161.47,44.36,32.20,1,-1,-1,-1
144,2,1030.59,151.32,62.13,43.40,1,-1,-1,-1
144,4,975.82,300.94,126.07,103.73,1,-1,-1,-1
144,5,881.10,130.95,92.42,65.63,1,-1,-1,-1
144,7,1111.20,167.34,43.20,26.42,1,-1,-1,-1
144,8,1069.20,161.83,44.24,32.03,1,-1,-1,-1
145,2,1030.85,151.27,62.02,43.02,1,-1,-1,-1
145,4,976.73,296.28,122.85,101.19,1,-1,-1,-1
145,5,879.96,130.42,91.60,66.18,1,-1,-1,-1
145,7,1111.18,167.39,43.06,26.39,1,-1,-1,-1
145,8,1069.73,161.51,44.28,32.03,1,-1,-1,-1
146,2,1030.43,151.37,61.84,42.47,1,-1,-1,-1
146,4,977.09,289.44,122.12,100.54,1,-1,-1,-1
146,5,877.46,130.56,91.68,67.19,1,-1,-1,-1
146,7,1111.07,167.29,42.94,26.36,1,-1,-1,-1
146,8,1069.76,161.69,43.97,31.80,1,-1,-1,-1
147,2,1030.73,152.54,60.61,41.13,1,-1,-1,-1
147,4,977.33,284.71,124.10,101.60,1,-1,-1,-1
147,5,875.84,131.02,90.88,67.60,1,-1,-1,-1
147,7,1110.17,166.94,43.77,26.81,1,-1,-1,-1
147,8,1070.88,162.31,43.40,31.22,1,-1,-1,-1
148,2,1031.31,153.33,60.11,40.32,1,-1,-1,-1
148,4,975.49,280.10,127.18,103.84,1,-1,-1,-1
148,5,874.16,131.27,91.57,68.98,1,-1,-1,-1
148,7,1110.62,167.33,42.75,26.12,1,-1,-1,-1
148,8,1071.91,163.09,42.28,30.25,1,-1,-1,-1
149,2,1031.87,154.15,60.75,40.26,1,-1,-1,-1
149,4,976.47,275.65,127.40,103.75,1,-1,-1,-1
149,5,872.54,131.93,91.93,69.97,1,-1,-1,-1
149,7,1111.44,168.26,41.42,25.26,1,-1,-1,-1
149,8,1069.98,163.35,42.92,30.44,1,-1,-1,-1
150,2,1031.42,153.24,62.96,41.64,1,-1,-1,-1
150,4,977.49,269.88,125.72,102.29,1,-1,-1,-1
150,5,872.09,133.21,93.46,72.21,1,-1,-1,-1
150,7,1111.37,168.26,41.79,25.52,1,-1,-1,-1
150,8,1068.06,162.36,45.41,31.96,1,-1,-1,-1
151,2,1031.86,153.51,62.62,41.11,1,-1,-1,-1
151,4,979.01,264.88,122.98,100.12,1,-1,-1,-1
151,5,871.72,134.16,93.85,73.55,1,-1,-1,-1
151,7,1111.41,168.32,41.67,25.45,1,-1,-1,-1
151,8,1066.89,162.23,46.00,32.08,1,-1,-1,-1
152,2,1030.78,154.92,61.72,40.27,1,-1,-1,-1
152,4,980.06,261.91,120.95,98.17,1,-1,-1,-1
152,5,870.64,136.20,92.71,73.66,1,-1,-1,-1
152,7,1111.28,168.22,41.88,25.49,1,-1,-1,-1
152,8,1069.32,163.24,44.64,30.99,1,-1,-1,-1
153,2,1030.18,155.50,62.02,40.22,1,-1,-1,-1
153,4,980.26,256.19,120.23,97.28,1,-1,-1,-1
153,5,869.67,138.56,91.72,73.64,1,-1,-1,-1
153,7,1111.31,168.26,41.78,25.43,1,-1,-1,-1
153,8,1069.37,163.45,44.42,30.84,1,-1,-1,-1
154,2,1032.24,157.96,59.34,37.60,1,-1,-1,-1
154,4,981.78,253.55,116.07,93.60,1,-1,-1,-1
154,5,869.06,140.66,90.99,73.76,1,-1,-1,-1
154,8,1068.68,164.60,42.89,29.44,1,-1,-1,-1
155,2,1033.44,160.83,56.52,34.94,1,-1,-1,-1
155,4,981.75,249.30,116.55,93.80,1,-1,-1,-1
155,5,869.00,143.09,89.59,72.96,1,-1,-1,-1
155,8,1070.65,166.37,40.48,27.46,1,-1,-1,-1
156,2,1034.28,162.41,55.59,33.74,1,-1,-1,-1
156,4,982.78,245.08,115.24,92.35,1,-1,-1,-1
156,5,867.79,144.82,88.91,72.49,1,-1,-1,-1
156,8,1071.62,167.72,39.29,26.25,1,-1,-1,-1
157,2,1033.53,162.85,55.82,33.48,1,-1,-1,-1
157,4,983.18,239.56,114.97,91.99,1,-1,-1,-1
157,5,866.49,147.75,90.65,74.61,1,-1,-1,-1
157,8,1073.25,168.66,38.58,25.42,1,-1,-1,-1
158,2,1034.60,163.64,54.21,31.91,1,-1,-1,-1
158,4,985.03,236.15,112.83,90.27,1,-1,-1,-1
158,5,863.62,149.56,92.01,76.58,1,-1,-1,-1
158,8,1073.87,169.31,37.63,24.79,1,-1,-1,-1
159,2,1033.70,163.77,54.74,31.76,1,-1,-1,-1
159,4,987.73,235.19,107.90,85.73,1,-1,-1,-1
159,5,861.96,151.37,91.69,77.08,1,-1,-1,-1
159,9,434.19,906.98,1015.68,169.02,1,-1,-1,-1
160,2,1033.39,164.40,54.46,31.04,1,-1,-1,-1
160,4,986.87,230.92,107.56,85.39,1,-1,-1,-1
160,5,859.51,152.76,91.99,78.11,1,-1,-1,-1
160,9,320.17,862.78,1256.12,214.72,1,-1,-1,-1
161,2,1035.33,165.94,52.61,29.27,1,-1,-1,-1
161,4,986.30,226.95,108.18,85.70,1,-1,-1,-1
161,5,858.41,154.77,92.27,78.94,1,-1,-1,-1
161,9,226.04,815.99,1456.05,257.62,1,-1,-1,-1
162,2,1036.66,167.39,51.39,28.25,1,-1,-1,-1
162,4,989.61,226.33,104.76,82.49,1,-1,-1,-1
162,5,857.23,156.50,92.63,79.70,1,-1,-1,-1
162,9,152.62,774.68,1616.42,298.25,1,-1,-1,-1
163,2,1037.65,168.30,49.66,27.30,1,-1,-1,-1
163,4,992.33,224.86,102.81,80.76,1,-1,-1,-1
163,5,855.90,157.59,93.59,81.03,1,-1,-1,-1
163,9,178.92,735.70,1585.98,306.59,1,-1,-1,-1
164,4,995.17,223.37,98.50,77.07,1,-1,-1,-1
164,5,852.69,158.38,97.47,85.31,1,-1,-1,-1
164,9,259.87,704.87,1438.81,292.58,1,-1,-1,-1
165,4,994.10,220.35,97.34,76.15,1,-1,-1,-1
165,5,850.53,159.85,98.69,87.34,1,-1,-1,-1
165,9,321.66,674.34,1314.75,281.92,1,-1,-1,-1
166,4,993.40,218.18,96.68,75.62,1,-1,-1,-1
166,5,848.69,160.75,99.64,88.97,1,-1,-1,-1
166,9,398.90,645.94,1168.81,264.89,1,-1,-1,-1
167,4,995.81,217.26,93.65,72.94,1,-1,-1,-1
167,5,844.86,162.75,101.21,90.62,1,-1,-1,-1
167,9,474.52,617.25,1027.35,246.42,1,-1,-1,-1
168,4,997.89,214.71,93.00,71.92,1,-1,-1,-1
168,5,840.01,163.97,104.98,94.23,1,-1,-1,-1
168,9,529.28,591.72,922.97,234.59,1,-1,-1,-1
169,4,1000.45,212.69,91.40,70.33,1,-1,-1,-1
169,5,837.35,165.39,107.49,97.01,1,-1,-1,-1
169,9,580.72,570.09,827.78,222.98,1,-1,-1,-1
170,4,1003.05,212.16,88.30,67.32,1,-1,-1,-1
170,5,835.93,168.34,107.70,97.45,1,-1,-1,-1
170,9,625.10,552.07,749.73,213.95,1,-1,-1,-1
171,4,1003.46,209.44,88.30,67.08,1,-1,-1,-1
171,5,835.99,173.00,105.12,94.93,1,-1,-1,-1
171,9,656.54,530.32,691.51,208.97,1,-1,-1,-1
172,4,1003.02,207.72,86.50,65.16,1,-1,-1,-1
172,5,835.95,177.49,103.61,93.46,1,-1,-1,-1
172,9,685.80,513.43,634.14,202.54,1,-1,-1,-1
173,4,1004.45,207.29,84.47,62.90,1,-1,-1,-1
173,5,833.36,178.37,106.63,96.56,1,-1,-1,-1
173,9,713.74,496.82,582.37,196.65,1,-1,-1,-1
174,4,1007.57,208.66,80.56,59.07,1,-1,-1,-1
174,5,830.81,179.92,109.07,99.19,1,-1,-1,-1
174,9,739.70,481.45,530.91,188.71,1,-1,-1,-1
175,4,1010.01,199.09,86.69,63.19,1,-1,-1,-1
175,5,828.72,184.78,109.55,99.64,1,-1,-1,-1
175,9,767.06,468.25,482.18,180.57,1,-1,-1,-1
176,4,1007.86,194.42,88.60,64.81,1,-1,-1,-1
176,5,826.80,186.12,110.73,100.63,1,-1,-1,-1
176,9,788.34,454.78,446.56,175.67,1,-1,-1,-1
177,4,1006.40,192.79,88.58,64.74,1,-1,-1,-1
177,5,824.22,190.17,111.82,101.64,1,-1,-1,-1
177,9,807.52,440.71,413.89,171.08,1,-1,-1,-1
178,4,1006.61,191.72,86.79,63.43,1,-1,-1,-1
178,5,823.00,198.97,108.32,98.27,1,-1,-1,-1
178,9,819.60,426.09,391.61,169.63,1,-1,-1,-1
179,4,1005.69,190.30,85.76,62.53,1,-1,-1,-1
179,5,814.76,197.61,114.03,103.97,1,-1,-1,-1
179,9,838.36,415.54,364.03,165.15,1,-1,-1,-1
180,4,1004.10,185.94,85.22,61.94,1,-1,-1,-1
180,5,810.69,199.52,115.51,105.63,1,-1,-1,-1
180,9,852.76,405.11,338.38,160.40,1,-1,-1,-1
181,4,1005.89,183.48,84.92,61.91,1,-1,-1,-1
181,5,808.24,201.95,117.75,107.74,1,-1,-1,-1
181,9,868.10,397.17,306.02,150.42,1,-1,-1,-1
182,4,1007.10,180.67,86.88,63.62,1,-1,-1,-1
182,5,804.83,203.81,120.78,111.40,1,-1,-1,-1
182,9,877.04,387.66,288.13,146.67,1,-1,-1,-1
183,4,1007.66,179.03,87.09,63.99,1,-1,-1,-1
183,5,800.88,206.35,122.97,114.11,1,-1,-1,-1
183,9,890.30,380.64,269.64,142.15,1,-1,-1,-1
184,4,1007.88,176.78,87.12,64.32,1,-1,-1,-1
184,5,797.26,209.37,124.07,115.58,1,-1,-1,-1
184,9,905.10,372.94,251.70,137.52,1,-1,-1,-1
185,4,1008.74,174.09,87.32,64.76,1,-1,-1,-1
185,5,793.22,211.36,126.72,118.76,1,-1,-1,-1
185,9,914.09,364.97,234.48,132.19,1,-1,-1,-1
186,4,1008.31,171.79,87.27,65.08,1,-1,-1,-1
186,5,788.40,215.29,128.98,121.79,1,-1,-1,-1
186,9,921.99,357.66,220.55,127.59,1,-1,-1,-1
187,4,1007.22,168.64,85.14,63.84,1,-1,-1,-1
187,5,783.72,218.69,128.58,122.19,1,-1,-1,-1
187,9,930.16,348.35,211.39,125.60,1,-1,-1,-1
188,4,1013.68,168.16,80.09,60.39,1,-1,-1,-1
188,5,779.58,222.09,129.69,124.13,1,-1,-1,-1
188,9,933.48,339.71,204.21,124.76,1,-1,-1,-1
189,4,1015.43,167.63,78.76,59.58,1,-1,-1,-1
189,5,779.36,225.93,129.57,124.60,1,-1,-1,-1
189,9,937.58,332.27,196.48,123.08,1,-1,-1,-1
190,4,1015.61,166.28,78.71,59.91,1,-1,-1,-1
190,5,772.88,229.39,129.72,124.79,1,-1,-1,-1
190,9,945.41,327.09,182.04,116.25,1,-1,-1,-1
191,4,1015.66,165.92,77.37,58.99,1,-1,-1,-1
191,5,764.96,237.27,135.93,131.05,1,-1,-1,-1
191,9,949.84,320.03,174.70,113.87,1,-1,-1,-1
192,4,1015.73,165.28,75.25,57.37,1,-1,-1,-1
192,5,760.20,242.85,138.08,132.87,1,-1,-1,-1
192,9,951.84,312.91,170.11,113.14,1,-1,-1,-1
193,4,1015.72,163.95,73.56,56.13,1,-1,-1,-1
193,5,754.48,247.02,139.59,134.18,1,-1,-1,-1
193,9,953.90,305.81,164.67,111.45,1,-1,-1,-1
193,10,913.11,171.62,51.89,25.24,1,-1,-1,-1
194,4,1016.78,162.94,71.10,53.91,1,-1,-1,-1
194,5,748.63,248.46,142.83,137.53,1,-1,-1,-1
194,9,959.99,300.56,154.09,105.70,1,-1,-1,-1
194,10,912.91,170.28,52.86,25.72,1,-1,-1,-1
194,11,1110.27,169.12,40.12,24.76,1,-1,-1,-1
195,4,1017.55,161.77,70.38,52.88,1,-1,-1,-1
195,5,742.65,251.44,145.64,140.19,1,-1,-1,-1
195,9,961.17,293.98,152.30,105.98,1,-1,-1,-1
195,10,912.59,168.98,54.61,26.64,1,-1,-1,-1
195,11,1110.85,169.08,40.15,24.73,1,-1,-1,-1
196,4,1018.68,160.81,70.15,52.36,1,-1,-1,-1
196,5,734.63,258.60,153.01,147.29,1,-1,-1,-1
196,9,966.49,289.01,146.22,103.05,1,-1,-1,-1
196,10,912.00,168.39,55.42,27.09,1,-1,-1,-1
196,11,1110.88,169.02,40.53,24.95,1,-1,-1,-1
197,4,1019.53,160.62,69.53,51.33,1,-1,-1,-1
197,5,728.65,263.04,156.76,150.15,1,-1,-1,-1
197,9,970.16,286.23,141.03,100.22,1,-1,-1,-1
197,10,909.68,166.15,59.71,29.39,1,-1,-1,-1
197,11,1111.01,168.60,41.46,25.51,1,-1,-1,-1
198,4,1021.55,159.45,68.78,50.46,1,-1,-1,-1
198,5,721.20,268.44,160.61,152.75,1,-1,-1,-1
198,9,974.66,282.37,134.90,96.50,1,-1,-1,-1
198,10,906.31,163.92,63.14,31.37,1,-1,-1,-1
198,11,1111.13,168.74,41.45,25.40,1,-1,-1,-1
199,4,1020.78,157.52,69.80,50.85,1,-1,-1,-1
199,5,713.57,274.85,163.13,154.24,1,-1,-1,-1
199,9,975.19,275.61,132.92,96.21,1,-1,-1,-1
199,10,903.72,162.36,65.23,32.67,1,-1,-1,-1
199,11,1109.85,167.79,43.12,26.37,1,-1,-1,-1
200,4,1018.30,153.91,73.83,53.73,1,-1,-1,-1
200,5,706.57,279.32,167.24,157.63,1,-1,-1,-1
200,9,972.96,269.16,132.74,97.50,1,-1,-1,-1
200,10,900.14,160.60,67.62,34.27,1,-1,-1,-1
200,11,1109.61,167.09,44.04,26.89,1,-1,-1,-1
201,4,1016.88,151.72,75.19,54.47,1,-1,-1,-1
201,5,700.16,287.51,173.56,163.76,1,-1,-1,-1
201,9,974.32,263.22,135.15,99.86,1,-1,-1,-1
201,10,897.05,159.13,69.13,35.74,1,-1,-1,-1
201,11,1109.35,166.96,44.50,27.06,1,-1,-1,-1
202,4,1016.03,150.44,75.93,54.77,1,-1,-1,-1
202,5,694.75,292.52,180.10,170.59,1,-1,-1,-1
202,9,977.46,259.10,132.99,98.63,1,-1,-1,-1
202,10,895.44,158.22,70.15,36.98,1,-1,-1,-1
202,11,1109.37,166.80,45.06,27.27,1,-1,-1,-1
203,4,1016.68,150.64,74.23,53.12,1,-1,-1,-1
203,5,688.13,303.06,182.13,173.04,1,-1,-1,-1
203,9,977.90,254.20,133.05,99.66,1,-1,-1,-1
203,10,893.35,156.94,72.60,39.12,1,-1,-1,-1
203,11,1109.24,166.55,45.97,27.77,1,-1,-1,-1
204,4,1017.10,149.19,74.25,52.80,1,-1,-1,-1
204,5,676.45,309.45,188.01,179.66,1,-1,-1,-1
204,9,980.80,249.69,128.71,96.46,1,-1,-1,-1
204,10,892.11,156.27,73.37,40.49,1,-1,-1,-1
204,11,1108.97,166.50,46.50,28.08,1,-1,-1,-1
205,4,1017.64,148.02,74.04,52.32,1,-1,-1,-1
205,5,662.17,315.58,194.02,186.07,1,-1,-1,-1
205,9,982.30,245.85,124.15,93.04,1,-1,-1,-1
205,10,891.83,154.61,73.15,41.24,1,-1,-1,-1
205,11,1109.03,166.41,46.39,27.90,1,-1,-1,-1
206,4,1017.18,147.64,73.63,51.64,1,-1,-1,-1
206,5,657.38,324.40,195.72,187.31,1,-1,-1,-1
206,9,981.87,240.40,123.44,92.82,1,-1,-1,-1
206,10,889.83,152.21,73.61,42.47,1,-1,-1,-1
206,11,1107.70,166.32,47.29,28.39,1,-1,-1,-1
207,4,1017.20,147.53,72.93,50.75,1,-1,-1,-1
207,5,650.10,333.11,198.52,190.15,1,-1,-1,-1
207,9,981.55,237.27,121.58,91.67,1,-1,-1,-1
207,10,888.01,151.25,73.12,43.14,1,-1,-1,-1
207,11,1107.58,166.13,47.89,28.69,1,-1,-1,-1
208,4,1018.41,147.72,71.56,49.15,1,-1,-1,-1
208,5,648.01,344.96,200.94,191.17,1,-1,-1,-1
208,9,983.77,234.46,117.21,88.32,1,-1,-1,-1
208,10,887.24,150.38,72.65,43.80,1,-1,-1,-1
208,11,1107.51,166.27,47.94,28.63,1,-1,-1,-1
209,4,1019.32,147.49,71.57,48.70,1,-1,-1,-1
209,5,627.40,355.15,207.71,197.11,1,-1,-1,-1
209,9,985.69,231.54,114.20,85.86,1,-1,-1,-1
209,10,886.77,150.07,72.41,44.61,1,-1,-1,-1
209,11,1107.30,166.40,47.83,28.52,1,-1,-1,-1
210,4,1019.40,147.15,72.46,49.01,1,-1,-1,-1
210,5,604.33,363.12,217.94,206.50,1,-1,-1,-1
210,9,986.62,227.31,114.28,85.95,1,-1,-1,-1
210,10,885.91,149.18,72.99,45.92,1,-1,-1,-1
210,11,1107.12,166.26,48.18,28.72,1,-1,-1,-1
211,4,1019.09,147.07,73.25,49.33,1,-1,-1,-1
211,5,591.77,371.32,226.62,215.13,1,-1,-1,-1
211,9,987.46,224.62,113.00,84.87,1,-1,-1,-1
211,10,884.70,148.56,73.15,46.94,1,-1,-1,-1
212,4,1019.81,147.19,72.46,48.47,1,-1,-1,-1
212,5,581.50,381.06,235.82,223.59,1,-1,-1,-1
212,9,987.64,221.85,111.84,84.12,1,-1,-1,-1
212,10,883.73,148.05,72.85,47.52,1,-1,-1,-1
212,11,1108.28,166.76,47.31,28.14,1,-1,-1,-1
213,4,1020.36,147.45,71.32,47.34,1,-1,-1,-1
213,5,567.92,389.34,245.38,233.83,1,-1,-1,-1
213,9,989.13,217.92,108.68,81.73,1,-1,-1,-1
213,10,882.23,146.93,73.68,48.91,1,-1,-1,-1
213,11,1108.22,166.60,47.46,28.11,1,-1,-1,-1
214,4,1020.64,147.88,70.87,46.83,1,-1,-1,-1
214,5,557.21,403.71,249.02,235.98,1,-1,-1,-1
214,9,988.62,214.48,108.27,81.54,1,-1,-1,-1
214,10,881.21,146.06,73.65,49.82,1,-1,-1,-1
214,11,1107.43,166.48,47.87,28.26,1,-1,-1,-1
215,4,1021.05,148.61,70.19,46.09,1,-1,-1,-1
215,5,546.16,418.00,250.98,236.09,1,-1,-1,-1
215,9,990.46,211.54,105.83,79.59,1,-1,-1,-1
215,10,880.81,145.94,73.29,50.48,1,-1,-1,-1
215,11,1107.25,166.39,47.91,28.22,1,-1,-1,-1
216,4,1021.06,149.74,70.01,45.47,1,-1,-1,-1
216,5,527.24,428.02,268.61,254.35,1,-1,-1,-1
216,9,992.55,210.87,102.42,76.72,1,-1,-1,-1
216,10,879.79,145.85,74.18,51.98,1,-1,-1,-1
216,11,1107.16,166.31,48.06,28.31,1,-1,-1,-1
217,4,1021.64,151.24,68.76,44.25,1,-1,-1,-1
217,5,508.41,440.11,279.98,266.91,1,-1,-1,-1
217,9,994.78,209.21,99.84,74.64,1,-1,-1,-1
217,10,879.69,146.92,73.96,52.86,1,-1,-1,-1
218,4,1022.71,153.01,66.44,42.21,1,-1,-1,-1
218,5,487.53,453.03,290.96,278.40,1,-1,-1,-1
218,9,997.06,206.79,97.50,72.69,1,-1,-1,-1
218,10,878.49,146.88,73.68,53.57,1,-1,-1,-1
219,4,1022.90,153.70,65.98,41.71,1,-1,-1,-1
219,5,474.93,475.61,290.74,276.87,1,-1,-1,-1
219,9,996.46,202.34,98.75,73.59,1,-1,-1,-1
219,10,877.62,147.85,72.22,53.55,1,-1,-1,-1
219,11,1109.32,167.57,45.43,26.79,1,-1,-1,-1
220,4,1023.26,155.05,64.46,40.54,1,-1,-1,-1
220,5,450.42,490.22,308.54,293.57,1,-1,-1,-1
220,9,997.75,200.22,96.95,71.98,1,-1,-1,-1
220,10,876.37,148.51,70.56,53.19,1,-1,-1,-1
220,11,1108.62,167.35,45.94,27.01,1,-1,-1,-1
221,4,1022.89,156.46,64.43,40.32,1,-1,-1,-1
221,5,426.90,515.97,312.93,298.18,1,-1,-1,-1
221,9,997.75,196.50,97.08,72.10,1,-1,-1,-1
221,10,875.46,149.63,69.37,53.11,1,-1,-1,-1
221,11,1108.77,167.61,45.35,26.67,1,-1,-1,-1
222,4,1024.20,158.94,62.52,38.83,1,-1,-1,-1
222,5,394.71,532.29,333.67,318.36,1,-1,-1,-1
222,9,1000.92,193.18,95.48,71.29,1,-1,-1,-1
222,10,874.43,150.79,69.39,53.85,1,-1,-1,-1
222,11,1108.83,167.66,45.21,26.59,1,-1,-1,-1
223,4,1025.33,162.04,59.68,36.48,1,-1,-1,-1
223,5,362.41,557.80,348.98,331.88,1,-1,-1,-1
223,9,999.94,189.93,95.44,71.81,1,-1,-1,-1
223,10,873.23,151.93,69.65,54.55,1,-1,-1,-1
224,4,1026.13,163.16,58.00,35.45,1,-1,-1,-1
224,5,324.91,581.16,372.66,354.41,1,-1,-1,-1
224,9,1000.39,186.87,94.54,71.79,1,-1,-1,-1
224,10,871.34,152.56,71.17,56.24,1,-1,-1,-1
225,5,294.73,606.37,382.04,361.08,1,-1,-1,-1
225,9,1004.41,184.40,92.75,71.11,1,-1,-1,-1
225,10,870.82,154.07,69.73,55.44,1,-1,-1,-1
226,5,247.09,630.01,409.61,387.68,1,-1,-1,-1
226,9,1005.23,178.53,93.44,72.72,1,-1,-1,-1
226,10,869.86,155.03,69.07,55.32,1,-1,-1,-1
227,5,205.77,657.26,430.37,406.58,1,-1,-1,-1
227,9,1006.73,175.29,91.70,72.40,1,-1,-1,-1
227,10,863.35,154.30,72.39,58.27,1,-1,-1,-1
228,5,170.23,686.60,426.62,394.51,1,-1,-1,-1
228,9,1004.11,174.53,89.92,71.43,1,-1,-1,-1
228,10,859.84,155.00,73.51,59.36,1,-1,-1,-1
229,5,155.61,731.44,402.75,355.46,1,-1,-1,-1
229,9,1010.81,176.90,84.04,66.69,1,-1,-1,-1
229,10,859.51,157.94,71.95,57.95,1,-1,-1,-1
230,5,134.48,774.01,384.16,314.64,1,-1,-1,-1
230,9,1010.10,177.44,81.25,64.35,1,-1,-1,-1
230,10,859.38,159.57,71.55,57.64,1,-1,-1,-1
231,5,105.91,815.64,355.63,270.96,1,-1,-1,-1
231,9,1011.14,177.11,78.38,61.72,1,-1,-1,-1
231,10,858.69,160.43,71.75,57.96,1,-1,-1,-1
232,5,103.46,869.61,311.26,216.36,1,-1,-1,-1
232,9,1011.71,175.30,78.37,61.30,1,-1,-1,-1
232,10,858.23,162.30,72.50,58.83,1,-1,-1,-1
233,5,119.51,921.97,258.72,162.14,1,-1,-1,-1
233,9,1012.97,178.48,71.50,54.89,1,-1,-1,-1
233,10,857.03,163.84,72.83,59.41,1,-1,-1,-1
234,5,113.82,955.03,227.85,142.79,1,-1,-1,-1
234,9,1010.44,171.66,75.51,57.55,1,-1,-1,-1
234,10,854.89,165.13,74.40,61.17,1,-1,-1,-1
235,9,1013.06,170.66,73.75,55.60,1,-1,-1,-1
235,10,853.28,166.76,75.39,62.45,1,-1,-1,-1
236,9,1015.34,169.53,73.81,55.09,1,-1,-1,-1
236,10,852.35,167.78,75.87,63.26,1,-1,-1,-1
237,9,1016.36,168.30,73.26,54.36,1,-1,-1,-1
237,10,850.40,169.46,76.25,63.97,1,-1,-1,-1
238,9,1016.59,166.76,72.09,53.15,1,-1,-1,-1
238,10,848.80,171.23,77.49,64.58,1,-1,-1,-1
239,9,1014.57,165.70,71.31,52.32,1,-1,-1,-1
239,10,846.56,171.69,79.01,66.34,1,-1,-1,-1
239,20,926.88,177.90,39.81,27.82,1,-1,-1,-1
240,9,1014.61,165.56,68.60,49.68,1,-1,-1,-1
240,10,846.72,175.12,78.05,64.93,1,-1,-1,-1
240,11,1108.62,168.38,43.98,26.04,1,-1,-1,-1
240,20,924.34,177.80,41.67,29.08,1,-1,-1,-1
241,9,1015.80,165.70,65.70,46.75,1,-1,-1,-1
241,10,845.66,177.99,77.38,63.79,1,-1,-1,-1
241,11,1109.80,168.97,42.19,25.06,1,-1,-1,-1
241,20,922.21,177.30,44.98,31.32,1,-1,-1,-1
242,9,1014.95,164.52,66.17,46.39,1,-1,-1,-1
242,10,844.79,180.71,77.29,63.35,1,-1,-1,-1
242,11,1109.91,168.69,42.62,25.36,1,-1,-1,-1
242,20,921.27,176.78,46.92,32.66,1,-1,-1,-1
243,9,1017.98,159.90,69.16,47.84,1,-1,-1,-1
243,10,842.64,182.71,77.71,63.34,1,-1,-1,-1
243,11,1110.01,168.73,42.50,25.28,1,-1,-1,-1
243,20,920.03,175.93,49.41,34.41,1,-1,-1,-1
244,9,1018.45,158.25,70.58,48.00,1,-1,-1,-1
244,10,841.26,184.10,79.07,64.02,1,-1,-1,-1
244,11,1110.24,168.39,43.57,25.94,1,-1,-1,-1
244,20,917.72,173.72,52.17,36.32,1,-1,-1,-1
245,9,1017.87,157.08,70.97,47.83,1,-1,-1,-1
245,10,839.86,186.10,79.39,63.83,1,-1,-1,-1
245,11,1109.92,168.10,43.85,26.07,1,-1,-1,-1
245,20,915.21,172.05,52.58,36.41,1,-1,-1,-1
246,9,1013.49,154.40,74.21,49.94,1,-1,-1,-1
246,10,838.53,188.15,81.62,65.36,1,-1,-1,-1
246,11,1108.96,167.86,44.41,26.34,1,-1,-1,-1
246,20,918.60,170.01,45.16,30.32,1,-1,-1,-1
247,9,1012.46,153.01,74.47,49.91,1,-1,-1,-1
247,10,836.46,189.27,83.04,66.48,1,-1,-1,-1
247,11,1109.03,167.69,44.45,26.31,1,-1,-1,-1
247,20,918.43,168.48,44.61,29.41,1,-1,-1,-1
248,9,1012.52,151.43,74.27,49.67,1,-1,-1,-1
248,10,836.01,191.89,82.60,65.87,1,-1,-1,-1
248,11,1108.96,167.63,44.32,26.21,1,-1,-1,-1
248,20,916.43,167.38,47.15,30.68,1,-1,-1,-1
249,9,1013.93,150.24,74.87,49.53,1,-1,-1,-1
249,10,834.73,194.45,82.67,65.83,1,-1,-1,-1
249,11,1108.92,167.60,44.83,26.39,1,-1,-1,-1
249,20,913.16,165.71,50.53,32.59,1,-1,-1,-1
250,9,1014.52,149.02,75.76,49.63,1,-1,-1,-1
250,10,833.52,196.75,84.49,67.21,1,-1,-1,-1
250,11,1108.89,167.54,44.90,26.44,1,-1,-1,-1
250,20,911.83,164.50,50.92,32.44,1,-1,-1,-1
250,25,1076.03,163.69,41.13,30.06,1,-1,-1,-1
251,9,1015.05,147.78,76.66,49.79,1,-1,-1,-1
251,10,833.64,200.14,84.05,66.18,1,-1,-1,-1
251,11,1107.76,167.05,46.46,27.40,1,-1,-1,-1
251,20,910.74,162.65,52.87,33.45,1,-1,-1,-1
251,25,1074.61,162.88,43.19,31.51,1,-1,-1,-1
252,9,1015.62,147.40,75.97,48.89,1,-1,-1,-1
252,10,832.60,202.64,84.78,66.35,1,-1,-1,-1
252,11,1106.96,166.77,47.40,27.88,1,-1,-1,-1
252,20,909.77,160.63,55.23,34.78,1,-1,-1,-1
252,25,1074.36,162.39,44.15,32.10,1,-1,-1,-1
253,9,1014.56,149.01,71.41,45.69,1,-1,-1,-1
253,10,829.66,202.75,86.96,68.06,1,-1,-1,-1
253,11,1106.05,166.79,47.23,27.77,1,-1,-1,-1
253,20,909.05,158.41,58.49,36.65,1,-1,-1,-1
253,25,1075.85,163.09,43.47,31.46,1,-1,-1,-1
254,9,1013.79,149.65,70.31,44.89,1,-1,-1,-1
254,10,826.55,203.74,90.77,71.49,1,-1,-1,-1
254,11,1106.89,167.11,46.51,27.28,1,-1,-1,-1
254,20,906.04,156.33,61.47,38.64,1,-1,-1,-1
254,25,1077.17,163.84,42.24,30.44,1,-1,-1,-1
254,26,950.37,162.06,48.94,30.19,1,-1,-1,-1
255,9,1013.36,149.74,70.07,44.67,1,-1,-1,-1
255,10,824.52,204.99,93.63,74.10,1,-1,-1,-1
255,11,1107.89,167.64,45.60,26.72,1,-1,-1,-1
255,20,903.83,154.57,64.20,40.55,1,-1,-1,-1
255,25,1076.60,163.92,42.49,30.45,1,-1,-1,-1
255,26,949.73,160.56,51.21,31.73,1,-1,-1,-1
256,9,1013.84,149.81,69.49,44.03,1,-1,-1,-1
256,10,821.69,206.22,96.51,76.61,1,-1,-1,-1
256,11,1107.35,167.83,46.38,27.02,1,-1,-1,-1
256,20,903.65,153.19,65.51,41.59,1,-1,-1,-1
256,25,1074.36,163.77,44.09,31.24,1,-1,-1,-1
256,26,948.74,159.73,52.86,32.91,1,-1,-1,-1
257,9,1014.42,150.01,68.79,43.23,1,-1,-1,-1
257,10,820.21,208.59,97.42,77.45,1,-1,-1,-1
257,11,1107.02,167.63,47.53,27.61,1,-1,-1,-1
257,20,903.00,151.80,66.55,42.61,1,-1,-1,-1
257,25,1073.06,163.62,45.21,31.69,1,-1,-1,-1
257,26,949.54,159.76,52.50,32.83,1,-1,-1,-1
258,9,1014.43,150.51,68.54,42.80,1,-1,-1,-1
258,10,816.93,210.81,98.88,79.02,1,-1,-1,-1
258,11,1107.50,168.30,46.17,26.71,1,-1,-1,-1
258,20,901.11,151.46,67.08,42.91,1,-1,-1,-1
258,25,1073.33,164.57,44.57,30.82,1,-1,-1,-1
258,26,951.43,160.62,50.68,31.78,1,-1,-1,-1
259,9,1014.48,151.43,67.24,41.79,1,-1,-1,-1
259,10,814.19,213.29,99.96,80.15,1,-1,-1,-1
259,11,1107.61,168.53,45.14,26.12,1,-1,-1,-1
259,20,898.96,149.60,69.04,44.35,1,-1,-1,-1
259,25,1073.86,164.99,44.28,30.28,1,-1,-1,-1
259,26,954.23,161.12,49.41,31.06,1,-1,-1,-1
260,9,1012.88,151.10,68.58,42.64,1,-1,-1,-1
260,10,811.73,214.53,100.56,81.15,1,-1,-1,-1
260,11,1108.00,168.46,45.19,26.03,1,-1,-1,-1
260,20,894.64,147.44,71.48,46.42,1,-1,-1,-1
260,25,1076.55,166.23,41.60,28.25,1,-1,-1,-1
260,26,956.23,160.90,47.70,30.21,1,-1,-1,-1
261,9,1013.52,153.50,65.61,40.29,1,-1,-1,-1
261,10,808.82,216.77,102.32,82.83,1,-1,-1,-1
261,11,1108.86,169.13,43.73,25.10,1,-1,-1,-1
261,20,891.41,145.41,73.88,48.62,1,-1,-1,-1
261,25,1077.71,167.60,39.72,26.66,1,-1,-1,-1
261,26,957.29,160.79,47.44,30.04,1,-1,-1,-1
262,9,1013.81,153.74,65.95,40.26,1,-1,-1,-1
262,10,807.63,219.45,103.67,84.26,1,-1,-1,-1
262,11,1109.29,169.23,43.61,24.95,1,-1,-1,-1
262,20,889.60,144.14,75.35,50.13,1,-1,-1,-1
262,25,1074.98,166.20,42.83,28.48,1,-1,-1,-1
263,9,1020.88,156.90,63.32,37.45,1,-1,-1,-1
263,10,805.42,223.46,105.34,86.03,1,-1,-1,-1
263,11,1110.19,170.23,42.23,23.97,1,-1,-1,-1
263,20,888.23,142.87,77.17,52.08,1,-1,-1,-1
263,25,1074.78,168.06,40.70,26.57,1,-1,-1,-1
264,9,1022.47,158.31,64.00,36.72,1,-1,-1,-1
264,10,802.70,225.07,107.47,88.21,1,-1,-1,-1
264,11,1110.37,170.09,42.59,24.08,1,-1,-1,-1
264,20,887.39,141.49,77.97,53.83,1,-1,-1,-1
264,25,1073.36,167.94,41.44,26.69,1,-1,-1,-1
265,9,1017.47,157.25,66.01,37.78,1,-1,-1,-1
265,10,799.95,227.17,107.41,88.50,1,-1,-1,-1
265,11,1109.86,169.69,43.37,24.46,1,-1,-1,-1
265,20,885.56,139.87,79.83,56.33,1,-1,-1,-1
265,25,1072.20,167.05,43.45,27.73,1,-1,-1,-1
266,9,1016.52,157.59,65.01,37.08,1,-1,-1,-1
266,10,796.60,229.68,108.32,89.02,1,-1,-1,-1
266,11,1109.10,169.29,44.12,24.89,1,-1,-1,-1
266,20,885.44,138.47,79.95,57.80,1,-1,-1,-1
266,25,1072.53,166.39,44.44,28.27,1,-1,-1,-1
267,9,1016.17,158.71,63.34,35.97,1,-1,-1,-1
267,10,793.83,233.06,110.59,90.71,1,-1,-1,-1
267,11,1109.25,169.13,44.34,24.96,1,-1,-1,-1
267,20,882.62,136.77,82.09,60.80,1,-1,-1,-1
267,25,1073.72,166.50,43.53,27.59,1,-1,-1,-1
268,9,1016.51,160.24,60.69,34.07,1,-1,-1,-1
268,10,792.26,236.45,110.63,90.42,1,-1,-1,-1
268,11,1109.12,169.15,44.40,24.91,1,-1,-1,-1
268,20,880.71,135.60,83.23,63.18,1,-1,-1,-1
268,25,1074.97,167.02,42.46,26.77,1,-1,-1,-1
269,9,1016.72,161.47,60.64,33.89,1,-1,-1,-1
269,10,788.33,240.53,111.66,91.35,1,-1,-1,-1
269,11,1109.20,169.18,44.29,24.85,1,-1,-1,-1
269,20,880.93,134.94,82.01,63.84,1,-1,-1,-1
269,25,1075.71,168.11,41.45,25.91,1,-1,-1,-1
269,27,584.15,885.20,710.74,190.27,1,-1,-1,-1
270,9,1017.40,163.22,59.04,32.69,1,-1,-1,-1
270,10,783.48,243.91,113.53,92.75,1,-1,-1,-1
270,20,881.31,134.79,80.61,64.31,1,-1,-1,-1
270,25,1076.59,170.25,39.10,24.12,1,-1,-1,-1
270,27,545.78,864.54,788.56,211.10,1,-1,-1,-1
271,9,1018.33,164.48,57.20,31.52,1,-1,-1,-1
271,10,779.02,247.61,115.36,94.35,1,-1,-1,-1
271,20,879.52,134.49,81.38,65.69,1,-1,-1,-1
271,25,1077.56,171.15,37.51,22.98,1,-1,-1,-1
272,9,1018.92,166.41,53.90,29.18,1,-1,-1,-1
272,10,773.85,250.46,119.13,97.89,1,-1,-1,-1
272,20,877.70,134.24,82.31,67.23,1,-1,-1,-1
272,25,1078.77,171.90,36.15,21.90,1,-1,-1,-1
273,9,1018.03,168.64,50.54,26.61,1,-1,-1,-1
273,10,768.70,251.37,122.43,101.13,1,-1,-1,-1
273,20,876.07,135.17,81.35,67.35,1,-1,-1,-1
273,25,1079.78,172.47,35.90,21.48,1,-1,-1,-1
274,9,1018.05,168.97,51.49,26.94,1,-1,-1,-1
274,10,764.42,254.12,123.53,102.83,1,-1,-1,-1
274,20,875.71,136.32,79.53,66.67,1,-1,-1,-1
274,25,1080.47,173.03,34.92,20.89,1,-1,-1,-1
274,28,815.29,699.98,307.98,277.85,1,-1,-1,-1
275,9,1019.21,170.61,49.13,25.37,1,-1,-1,-1
275,10,762.63,259.96,122.77,102.38,1,-1,-1,-1
275,20,875.09,137.16,79.18,67.35,1,-1,-1,-1
275,28,828.37,670.41,292.90,264.36,1,-1,-1,-1
276,9,1021.27,173.01,44.07,22.50,1,-1,-1,-1
276,10,759.54,264.57,123.74,103.92,1,-1,-1,-1
276,20,875.14,140.04,77.34,66.69,1,-1,-1,-1
276,25,1082.29,174.60,33.11,19.47,1,-1,-1,-1
276,28,839.97,641.21,276.34,249.26,1,-1,-1,-1
277,9,1022.25,172.45,45.34,23.02,1,-1,-1,-1
277,10,753.76,268.02,126.99,107.60,1,-1,-1,-1
277,20,873.91,140.12,80.42,69.64,1,-1,-1,-1
277,25,1083.07,175.21,32.06,18.85,1,-1,-1,-1
277,28,853.12,618.88,258.58,232.51,1,-1,-1,-1
278,9,1022.66,173.96,43.07,21.61,1,-1,-1,-1
278,10,748.12,271.53,128.15,109.23,1,-1,-1,-1
278,20,872.75,141.58,80.79,70.19,1,-1,-1,-1
278,25,1081.14,173.88,35.42,20.55,1,-1,-1,-1
278,28,862.04,598.14,244.22,218.47,1,-1,-1,-1
279,9,1022.73,174.87,42.49,20.99,1,-1,-1,-1
279,10,745.26,277.12,126.70,108.14,1,-1,-1,-1
279,20,871.90,143.56,79.90,69.65,1,-1,-1,-1
279,25,1080.66,173.52,36.52,20.92,1,-1,-1,-1
279,28,868.12,575.61,238.02,212.06,1,-1,-1,-1
280,9,1022.38,174.74,41.87,20.37,1,-1,-1,-1
280,10,741.09,281.52,127.80,109.16,1,-1,-1,-1
280,20,870.05,145.21,79.78,69.65,1,-1,-1,-1
280,25,1081.05,173.80,36.10,20.67,1,-1,-1,-1
280,28,872.66,555.23,231.31,205.42,1,-1,-1,-1
281,9,1023.12,175.63,39.86,19.40,1,-1,-1,-1
281,10,735.29,283.01,129.54,111.08,1,-1,-1,-1
281,20,868.61,147.75,79.02,69.14,1,-1,-1,-1
281,28,873.12,534.63,230.86,205.15,1,-1,-1,-1
282,10,732.13,288.61,129.82,111.33,1,-1,-1,-1
282,20,866.90,148.80,80.25,70.59,1,-1,-1,-1
282,28,882.66,521.93,217.54,191.68,1,-1,-1,-1
283,10,728.50,295.23,130.64,112.65,1,-1,-1,-1
283,20,864.67,149.39,82.44,72.84,1,-1,-1,-1
283,28,885.24,504.86,214.16,188.90,1,-1,-1,-1
284,10,719.90,298.80,136.30,118.22,1,-1,-1,-1
284,20,862.39,151.16,82.51,73.37,1,-1,-1,-1
284,28,894.78,494.52,206.03,180.19,1,-1,-1,-1
285,10,714.72,303.77,136.95,119.93,1,-1,-1,-1
285,20,861.20,153.65,82.28,73.30,1,-1,-1,-1
285,28,899.54,479.47,200.50,175.16,1,-1,-1,-1
286,10,713.06,310.79,135.53,119.39,1,-1,-1,-1
286,20,860.35,154.81,82.67,74.08,1,-1,-1,-1
286,28,904.83,467.87,194.26,169.35,1,-1,-1,-1
287,10,711.17,318.31,138.20,121.55,1,-1,-1,-1
287,20,858.78,156.71,83.16,74.77,1,-1,-1,-1
287,28,906.35,450.38,193.23,169.32,1,-1,-1,-1
288,10,705.13,324.48,141.44,124.35,1,-1,-1,-1
288,20,856.08,158.22,83.97,75.59,1,-1,-1,-1
288,28,912.17,437.41,188.20,165.73,1,-1,-1,-1
289,10,692.98,332.59,143.88,126.48,1,-1,-1,-1
289,20,853.04,159.81,85.83,77.21,1,-1,-1,-1
289,28,919.53,426.70,181.20,160.05,1,-1,-1,-1
290,10,684.26,339.65,144.91,127.29,1,-1,-1,-1
290,20,849.76,161.05,88.55,79.97,1,-1,-1,-1
290,28,921.60,416.52,178.78,159.27,1,-1,-1,-1
291,10,678.47,347.09,143.98,125.90,1,-1,-1,-1
291,20,846.81,161.74,89.47,80.80,1,-1,-1,-1
291,28,928.05,406.86,173.82,155.65,1,-1,-1,-1
292,10,672.03,351.61,147.28,127.98,1,-1,-1,-1
292,20,842.90,161.91,91.83,83.14,1,-1,-1,-1
292,28,932.34,398.63,166.84,149.66,1,-1,-1,-1
293,10,664.63,357.71,153.20,132.58,1,-1,-1,-1
293,20,840.92,164.27,92.07,83.04,1,-1,-1,-1
293,28,933.99,389.87,165.66,149.17,1,-1,-1,-1
294,10,652.58,361.97,161.20,139.72,1,-1,-1,-1
294,20,837.24,165.06,94.44,84.93,1,-1,-1,-1
294,28,935.56,379.87,161.73,145.87,1,-1,-1,-1
295,10,645.26,370.34,163.30,141.65,1,-1,-1,-1
295,20,835.87,169.52,93.69,83.95,1,-1,-1,-1
295,28,938.25,371.90,155.71,140.78,1,-1,-1,-1
296,10,634.48,376.07,169.06,146.20,1,-1,-1,-1
296,20,835.05,172.25,94.51,84.56,1,-1,-1,-1
296,28,940.88,364.90,151.97,137.57,1,-1,-1,-1
297,10,630.18,381.95,177.07,154.17,1,-1,-1,-1
297,20,832.47,173.91,95.73,85.79,1,-1,-1,-1
297,28,943.31,358.34,147.83,133.68,1,-1,-1,-1
298,10,622.26,388.48,185.11,162.65,1,-1,-1,-1
298,20,829.96,175.05,97.07,87.21,1,-1,-1,-1
298,28,947.83,349.04,141.94,128.10,1,-1,-1,-1
299,10,614.89,397.59,185.62,163.14,1,-1,-1,-1
299,20,827.97,177.50,96.60,86.90,1,-1,-1,-1
299,28,949.59,339.82,142.97,129.74,1,-1,-1,-1
300,10,605.18,406.71,188.28,165.08,1,-1,-1,-1
300,20,826.10,180.72,96.36,86.50,1,-1,-1,-1
300,28,952.18,332.39,137.49,125.26,1,-1,-1,-1
301,10,595.50,416.45,190.82,167.33,1,-1,-1,-1
301,20,822.78,183.38,99.52,89.26,1,-1,-1,-1
301,28,956.50,327.31,130.08,118.89,1,-1,-1,-1
302,10,584.83,426.12,194.39,170.55,1,-1,-1,-1
302,20,819.27,186.69,102.99,92.61,1,-1,-1,-1
302,28,957.63,322.79,125.00,114.34,1,-1,-1,-1
303,10,572.88,436.32,194.95,171.74,1,-1,-1,-1
303,20,816.16,188.46,105.86,95.74,1,-1,-1,-1
303,28,959.02,316.26,125.63,115.11,1,-1,-1,-1
304,10,567.26,447.74,198.34,174.72,1,-1,-1,-1
304,20,813.84,190.34,105.67,95.44,1,-1,-1,-1
304,28,961.61,309.26,124.61,114.75,1,-1,-1,-1
305,10,550.32,457.56,204.75,179.76,1,-1,-1,-1
305,20,810.42,191.86,107.02,96.77,1,-1,-1,-1
305,28,963.06,302.58,122.61,113.43,1,-1,-1,-1
306,10,535.86,469.97,209.82,184.74,1,-1,-1,-1
306,20,806.70,197.09,108.01,97.37,1,-1,-1,-1
306,28,965.37,297.06,119.24,111.24,1,-1,-1,-1
307,10,524.15,479.94,217.28,190.17,1,-1,-1,-1
307,20,802.75,197.23,111.62,100.71,1,-1,-1,-1
307,28,969.81,293.28,115.24,107.80,1,-1,-1,-1
308,10,509.29,488.63,231.24,202.03,1,-1,-1,-1
308,20,797.20,196.75,115.98,105.17,1,-1,-1,-1
308,28,970.59,288.00,113.47,106.13,1,-1,-1,-1
309,10,490.58,502.22,235.97,204.69,1,-1,-1,-1
309,20,794.82,198.47,117.08,106.72,1,-1,-1,-1
309,28,974.84,282.10,110.34,103.15,1,-1,-1,-1
310,10,468.22,514.52,244.93,211.44,1,-1,-1,-1
310,20,792.81,203.18,115.10,104.79,1,-1,-1,-1
310,28,975.10,276.44,112.83,105.35,1,-1,-1,-1
